0 0.107422 0.442708 0.106445 0.442708 0.103516 0.438802 0.097656 0.438802 0.096680 0.440104 0.081055 0.441406 0.076172 0.444010 0.074219 0.454427 0.071289 0.462240 0.071289 0.467448 0.067383 0.476562 0.065430 0.486979 0.063477 0.490885 0.063477 0.502604 0.065430 0.503906 0.066406 0.506510 0.068359 0.507812 0.080078 0.507812 0.081055 0.509115 0.096680 0.509115 0.097656 0.507812 0.101562 0.507812 0.103516 0.509115 0.105469 0.506510 0.105469 0.501302 0.107422 0.498698 0.109375 0.489583 0.110352 0.488281 0.110352 0.476562 0.112305 0.472656 0.112305 0.464844 0.109375 0.459635 0.110352 0.455729 0.108398 0.451823 0.108398 0.444010
0 0.121094 0.513021 0.118164 0.513021 0.116211 0.515625 0.107422 0.518229 0.102539 0.522135 0.096680 0.524740 0.091797 0.524740 0.083984 0.532552 0.084961 0.540365 0.083984 0.541667 0.083984 0.548177 0.083008 0.549479 0.083008 0.562500 0.083984 0.563802 0.083984 0.569010 0.085938 0.572917 0.085938 0.575521 0.089844 0.582031 0.090820 0.588542 0.092773 0.589844 0.098633 0.589844 0.104492 0.585938 0.108398 0.585938 0.112305 0.583333 0.125977 0.580729 0.133789 0.575521 0.138672 0.574219 0.135742 0.572917 0.133789 0.570312 0.133789 0.566406 0.132812 0.565104 0.134766 0.562500 0.137695 0.561198 0.136719 0.546875 0.138672 0.542969 0.138672 0.537760 0.137695 0.536458 0.133789 0.536458 0.131836 0.532552 0.127930 0.529948 0.125000 0.526042 0.118164 0.524740 0.116211 0.522135 0.118164 0.516927
0 0.208984 0.546875 0.200195 0.539062 0.195312 0.532552 0.193359 0.532552 0.186523 0.528646 0.182617 0.528646 0.177734 0.531250 0.170898 0.531250 0.169922 0.532552 0.167969 0.532552 0.161133 0.540365 0.159180 0.545573 0.159180 0.549479 0.157227 0.553385 0.156250 0.559896 0.154297 0.563802 0.153320 0.571615 0.150391 0.578125 0.150391 0.584635 0.155273 0.591146 0.162109 0.595052 0.163086 0.593750 0.180664 0.593750 0.181641 0.592448 0.193359 0.591146 0.194336 0.589844 0.200195 0.588542 0.205078 0.583333 0.208984 0.572917 0.208984 0.569010 0.210938 0.563802 0.210938 0.557292 0.211914 0.554688 0.209961 0.552083
0 0.247070 0.548177 0.240234 0.548177 0.239258 0.549479 0.237305 0.549479 0.236328 0.550781 0.225586 0.554688 0.222656 0.557292 0.220703 0.557292 0.216797 0.559896 0.214844 0.563802 0.214844 0.566406 0.213867 0.567708 0.213867 0.574219 0.211914 0.578125 0.211914 0.584635 0.210938 0.585938 0.210938 0.588542 0.211914 0.589844 0.211914 0.598958 0.215820 0.609375 0.224609 0.619792 0.226562 0.619792 0.227539 0.621094 0.231445 0.619792 0.245117 0.610677 0.247070 0.608073 0.254883 0.604167 0.256836 0.601562 0.257812 0.601562 0.261719 0.592448 0.261719 0.589844 0.263672 0.585938 0.263672 0.576823 0.262695 0.575521 0.262695 0.571615 0.260742 0.566406 0.256836 0.561198 0.253906 0.554688 0.250977 0.550781
0 0.299805 0.566406 0.291016 0.567708 0.281250 0.574219 0.279297 0.574219 0.276367 0.576823 0.272461 0.578125 0.261719 0.595052 0.258789 0.604167 0.259766 0.613281 0.264648 0.621094 0.267578 0.627604 0.269531 0.627604 0.275391 0.634115 0.277344 0.634115 0.281250 0.636719 0.285156 0.641927 0.291016 0.641927 0.291992 0.640625 0.293945 0.640625 0.301758 0.634115 0.303711 0.634115 0.306641 0.631510 0.308594 0.631510 0.312500 0.628906 0.318359 0.621094 0.320312 0.615885 0.322266 0.593750 0.319336 0.584635 0.318359 0.583333 0.314453 0.583333 0.311523 0.579427 0.308594 0.578125 0.305664 0.574219 0.304688 0.574219
0 0.263672 0.502604 0.260742 0.506510 0.260742 0.509115 0.259766 0.510417 0.258789 0.520833 0.257812 0.522135 0.257812 0.526042 0.256836 0.527344 0.256836 0.531250 0.255859 0.532552 0.255859 0.536458 0.254883 0.537760 0.254883 0.544271 0.253906 0.545573 0.253906 0.550781 0.256836 0.558594 0.258789 0.561198 0.261719 0.561198 0.262695 0.562500 0.269531 0.562500 0.270508 0.563802 0.281250 0.563802 0.282227 0.562500 0.288086 0.562500 0.295898 0.557292 0.299805 0.555990 0.300781 0.554688 0.300781 0.550781 0.302734 0.546875 0.302734 0.540365 0.303711 0.539062 0.303711 0.527344 0.298828 0.522135 0.296875 0.523438 0.292969 0.523438 0.289062 0.526042 0.283203 0.526042 0.279297 0.523438 0.269531 0.510417 0.266602 0.503906 0.264648 0.503906
0 0.208984 0.484375 0.204102 0.492188 0.204102 0.494792 0.198242 0.507812 0.194336 0.513021 0.194336 0.519531 0.195312 0.520833 0.195312 0.524740 0.196289 0.526042 0.197266 0.531250 0.203125 0.539062 0.207031 0.541667 0.239258 0.541667 0.241211 0.540365 0.246094 0.533854 0.246094 0.531250 0.248047 0.527344 0.248047 0.520833 0.249023 0.519531 0.249023 0.516927 0.248047 0.515625 0.248047 0.507812 0.247070 0.506510 0.248047 0.505208 0.248047 0.501302 0.246094 0.497396 0.247070 0.490885 0.246094 0.490885 0.244141 0.488281 0.244141 0.486979 0.240234 0.483073 0.222656 0.483073 0.221680 0.484375 0.215820 0.484375 0.214844 0.483073 0.211914 0.483073 0.210938 0.484375
0 0.149414 0.447917 0.147461 0.449219 0.143555 0.459635 0.143555 0.467448 0.142578 0.468750 0.142578 0.473958 0.141602 0.475260 0.141602 0.484375 0.139648 0.489583 0.140625 0.496094 0.157227 0.511719 0.167969 0.515625 0.171875 0.522135 0.174805 0.522135 0.180664 0.518229 0.186523 0.511719 0.186523 0.509115 0.187500 0.507812 0.187500 0.488281 0.186523 0.486979 0.186523 0.481771 0.187500 0.480469 0.188477 0.460938 0.179688 0.450521 0.172852 0.446615 0.158203 0.446615 0.157227 0.447917
0 0.141602 0.372396 0.137695 0.376302 0.130859 0.388021 0.129883 0.397135 0.128906 0.398438 0.128906 0.406250 0.134766 0.428385 0.144531 0.442708 0.149414 0.445312 0.152344 0.444010 0.158203 0.444010 0.166016 0.438802 0.166992 0.440104 0.171875 0.440104 0.173828 0.438802 0.176758 0.430990 0.184570 0.423177 0.180664 0.419271 0.183594 0.416667 0.184570 0.412760 0.186523 0.410156 0.186523 0.407552 0.182617 0.403646 0.179688 0.397135 0.180664 0.393229 0.178711 0.388021 0.171875 0.377604 0.174805 0.372396 0.176758 0.372396 0.170898 0.369792 0.160156 0.369792 0.159180 0.368490 0.149414 0.368490
0 0.138672 0.371094 0.134766 0.365885 0.133789 0.365885 0.130859 0.368490 0.117188 0.368490 0.116211 0.369792 0.108398 0.369792 0.107422 0.371094 0.103516 0.371094 0.102539 0.372396 0.100586 0.372396 0.095703 0.378906 0.094727 0.381510 0.094727 0.386719 0.091797 0.393229 0.090820 0.399740 0.088867 0.403646 0.088867 0.407552 0.087891 0.408854 0.087891 0.423177 0.090820 0.427083 0.094727 0.427083 0.096680 0.428385 0.101562 0.434896 0.103516 0.434896 0.104492 0.436198 0.108398 0.436198 0.112305 0.433594 0.115234 0.433594 0.116211 0.432292 0.124023 0.429688 0.130859 0.424479 0.130859 0.416667 0.127930 0.408854 0.127930 0.395833 0.128906 0.394531 0.128906 0.390625 0.132812 0.382812 0.133789 0.377604 0.137695 0.372396 0.138672 0.372396
0 0.164062 0.298177 0.160156 0.298177 0.159180 0.299479 0.149414 0.299479 0.148438 0.300781 0.144531 0.300781 0.143555 0.302083 0.136719 0.302083 0.134766 0.303385 0.132812 0.307292 0.131836 0.313802 0.127930 0.324219 0.127930 0.328125 0.126953 0.329427 0.126953 0.337240 0.127930 0.338542 0.127930 0.343750 0.128906 0.345052 0.128906 0.347656 0.132812 0.358073 0.136719 0.363281 0.139648 0.364583 0.141602 0.367188 0.166016 0.365885 0.167969 0.363281 0.168945 0.351562 0.171875 0.345052 0.171875 0.341146 0.172852 0.339844 0.173828 0.332031 0.174805 0.330729 0.174805 0.321615 0.169922 0.313802 0.167969 0.308594 0.168945 0.304688 0.166992 0.303385
0 0.190430 0.248698 0.188477 0.250000 0.181641 0.260417 0.178711 0.261719 0.169922 0.272135 0.166016 0.274740 0.164062 0.279948 0.165039 0.298177 0.170898 0.303385 0.171875 0.313802 0.175781 0.319010 0.177734 0.319010 0.178711 0.320312 0.201172 0.320312 0.202148 0.321615 0.208984 0.321615 0.209961 0.320312 0.211914 0.320312 0.219727 0.309896 0.220703 0.309896 0.220703 0.300781 0.219727 0.299479 0.219727 0.290365 0.218750 0.289062 0.218750 0.286458 0.216797 0.281250 0.213867 0.277344 0.213867 0.273438 0.207031 0.257812 0.202148 0.251302
0 0.203125 0.341146 0.202148 0.346354 0.201172 0.347656 0.200195 0.356771 0.199219 0.358073 0.199219 0.363281 0.198242 0.364583 0.198242 0.381510 0.201172 0.386719 0.203125 0.393229 0.206055 0.397135 0.209961 0.398438 0.210938 0.399740 0.216797 0.399740 0.217773 0.398438 0.229492 0.398438 0.230469 0.397135 0.238281 0.397135 0.245117 0.393229 0.249023 0.384115 0.250977 0.375000 0.250000 0.373698 0.250000 0.368490 0.249023 0.367188 0.249023 0.364583 0.246094 0.355469 0.246094 0.351562 0.244141 0.346354 0.244141 0.341146 0.240234 0.333333 0.231445 0.333333 0.230469 0.334635 0.226562 0.334635 0.225586 0.333333 0.217773 0.333333 0.216797 0.334635 0.208008 0.335938
0 0.224609 0.401042 0.216797 0.402344 0.208984 0.407552 0.205078 0.412760 0.201172 0.415365 0.199219 0.421875 0.197266 0.424479 0.192383 0.425781 0.188477 0.429688 0.188477 0.441406 0.192383 0.453125 0.202148 0.466146 0.204102 0.467448 0.209961 0.468750 0.210938 0.470052 0.214844 0.470052 0.215820 0.471354 0.219727 0.467448 0.227539 0.464844 0.226562 0.463542 0.226562 0.460938 0.228516 0.458333 0.231445 0.457031 0.234375 0.450521 0.236328 0.447917 0.237305 0.447917 0.241211 0.441406 0.241211 0.428385 0.240234 0.427083 0.240234 0.423177 0.239258 0.421875 0.238281 0.416667 0.233398 0.407552 0.232422 0.407552 0.227539 0.402344 0.225586 0.402344
0 0.295898 0.373698 0.290039 0.373698 0.289062 0.375000 0.284180 0.375000 0.283203 0.376302 0.275391 0.377604 0.266602 0.384115 0.263672 0.384115 0.262695 0.386719 0.261719 0.430990 0.263672 0.436198 0.266602 0.440104 0.269531 0.441406 0.273438 0.445312 0.277344 0.445312 0.278320 0.446615 0.287109 0.446615 0.288086 0.445312 0.291016 0.445312 0.291992 0.444010 0.296875 0.442708 0.304688 0.437500 0.306641 0.434896 0.306641 0.432292 0.308594 0.427083 0.309570 0.415365 0.310547 0.414062 0.309570 0.411458 0.309570 0.398438 0.311523 0.394531 0.311523 0.390625 0.310547 0.388021 0.308594 0.386719 0.301758 0.377604
0 0.267578 0.470052 0.268555 0.485677 0.267578 0.486979 0.267578 0.490885 0.265625 0.494792 0.265625 0.501302 0.269531 0.509115 0.279297 0.522135 0.283203 0.524740 0.288086 0.524740 0.300781 0.518229 0.304688 0.518229 0.305664 0.516927 0.313477 0.515625 0.323242 0.506510 0.323242 0.503906 0.325195 0.498698 0.327148 0.480469 0.326172 0.480469 0.322266 0.475260 0.320312 0.470052 0.312500 0.459635 0.308594 0.457031 0.305664 0.457031 0.299805 0.453125 0.286133 0.453125 0.285156 0.454427 0.283203 0.454427 0.280273 0.458333 0.275391 0.459635 0.270508 0.463542 0.269531 0.467448
0 0.354492 0.511719 0.352539 0.510417 0.348633 0.510417 0.345703 0.507812 0.342773 0.510417 0.335938 0.510417 0.326172 0.516927 0.321289 0.518229 0.318359 0.520833 0.315430 0.526042 0.312500 0.527344 0.308594 0.532552 0.307617 0.540365 0.306641 0.541667 0.307617 0.549479 0.311523 0.555990 0.318359 0.576823 0.322266 0.583333 0.324219 0.584635 0.328125 0.584635 0.329102 0.585938 0.332031 0.585938 0.333008 0.584635 0.338867 0.584635 0.339844 0.583333 0.344727 0.583333 0.355469 0.574219 0.358398 0.570312 0.360352 0.565104 0.360352 0.557292 0.361328 0.555990 0.361328 0.542969 0.358398 0.535156 0.357422 0.519531
0 0.386719 0.572917 0.381836 0.570312 0.379883 0.570312 0.378906 0.571615 0.372070 0.571615 0.371094 0.572917 0.368164 0.572917 0.363281 0.576823 0.358398 0.578125 0.353516 0.583333 0.345703 0.588542 0.335938 0.600260 0.334961 0.602865 0.334961 0.618490 0.335938 0.619792 0.336914 0.626302 0.345703 0.639323 0.347656 0.644531 0.353516 0.645833 0.354492 0.647135 0.365234 0.647135 0.373047 0.641927 0.375977 0.638021 0.385742 0.632812 0.390625 0.626302 0.391602 0.623698 0.391602 0.618490 0.392578 0.617188 0.392578 0.602865 0.391602 0.601562 0.392578 0.598958 0.392578 0.589844 0.391602 0.588542 0.391602 0.584635 0.388672 0.578125 0.388672 0.575521
0 0.398438 0.490885 0.387695 0.490885 0.375000 0.501302 0.373047 0.501302 0.370117 0.503906 0.367188 0.510417 0.367188 0.516927 0.365234 0.523438 0.365234 0.529948 0.364258 0.531250 0.364258 0.541667 0.368164 0.553385 0.371094 0.557292 0.371094 0.558594 0.375977 0.563802 0.377930 0.563802 0.387695 0.569010 0.391602 0.567708 0.393555 0.565104 0.395508 0.565104 0.403320 0.559896 0.405273 0.557292 0.408203 0.555990 0.409180 0.553385 0.409180 0.541667 0.410156 0.540365 0.410156 0.529948 0.411133 0.528646 0.411133 0.522135 0.412109 0.520833 0.412109 0.509115 0.408203 0.500000 0.408203 0.497396 0.406250 0.494792 0.404297 0.493490 0.401367 0.493490
0 0.411133 0.562500 0.411133 0.563802 0.403320 0.574219 0.403320 0.575521 0.399414 0.582031 0.399414 0.584635 0.396484 0.593750 0.396484 0.600260 0.397461 0.601562 0.397461 0.605469 0.398438 0.606771 0.399414 0.613281 0.402344 0.618490 0.402344 0.621094 0.407227 0.627604 0.409180 0.627604 0.412109 0.631510 0.414062 0.631510 0.415039 0.632812 0.425781 0.634115 0.432617 0.630208 0.435547 0.626302 0.441406 0.608073 0.444336 0.604167 0.444336 0.601562 0.447266 0.593750 0.447266 0.575521 0.445312 0.570312 0.442383 0.566406 0.434570 0.565104 0.433594 0.563802 0.415039 0.563802 0.414062 0.562500
0 0.485352 0.563802 0.482422 0.563802 0.481445 0.562500 0.479492 0.563802 0.477539 0.569010 0.474609 0.569010 0.473633 0.567708 0.464844 0.567708 0.455078 0.574219 0.450195 0.579427 0.450195 0.582031 0.449219 0.583333 0.449219 0.591146 0.450195 0.592448 0.450195 0.602865 0.449219 0.604167 0.449219 0.609375 0.448242 0.610677 0.449219 0.621094 0.459961 0.632812 0.460938 0.632812 0.466797 0.640625 0.471680 0.640625 0.480469 0.632812 0.485352 0.626302 0.494141 0.618490 0.500000 0.610677 0.500000 0.608073 0.500977 0.606771 0.500000 0.593750 0.499023 0.592448 0.498047 0.584635 0.495117 0.579427 0.494141 0.575521 0.492188 0.574219
0 0.500977 0.584635 0.500977 0.597656 0.501953 0.598958 0.502930 0.608073 0.504883 0.613281 0.504883 0.617188 0.507812 0.626302 0.508789 0.636719 0.510742 0.640625 0.519531 0.645833 0.531250 0.645833 0.532227 0.644531 0.542969 0.641927 0.547852 0.638021 0.547852 0.636719 0.550781 0.632812 0.550781 0.628906 0.551758 0.627604 0.551758 0.615885 0.552734 0.614583 0.552734 0.595052 0.549805 0.589844 0.547852 0.583333 0.542969 0.583333 0.540039 0.580729 0.538086 0.580729 0.537109 0.579427 0.533203 0.579427 0.532227 0.578125 0.516602 0.576823 0.512695 0.579427 0.508789 0.579427 0.507812 0.580729 0.505859 0.580729
0 0.211914 0.157552 0.203125 0.157552 0.195312 0.162760 0.185547 0.177083 0.181641 0.178385 0.179688 0.182292 0.180664 0.200521 0.178711 0.204427 0.178711 0.212240 0.184570 0.226562 0.195312 0.236979 0.204102 0.236979 0.208008 0.234375 0.211914 0.229167 0.214844 0.227865 0.216797 0.225260 0.234375 0.213542 0.235352 0.210938 0.235352 0.195312 0.232422 0.184896 0.228516 0.177083 0.218750 0.170573 0.213867 0.164062
0 0.236328 0.085938 0.226562 0.085938 0.225586 0.087240 0.221680 0.087240 0.215820 0.089844 0.213867 0.092448 0.208984 0.095052 0.204102 0.101562 0.204102 0.109375 0.208008 0.115885 0.208984 0.123698 0.210938 0.128906 0.210938 0.135417 0.211914 0.136719 0.211914 0.144531 0.212891 0.145833 0.213867 0.157552 0.216797 0.164062 0.221680 0.166667 0.224609 0.166667 0.226562 0.167969 0.227539 0.170573 0.231445 0.170573 0.232422 0.167969 0.244141 0.162760 0.250000 0.154948 0.252930 0.147135 0.259766 0.138021 0.259766 0.134115 0.260742 0.132812 0.259766 0.127604 0.257812 0.125000 0.256836 0.115885 0.252930 0.106771 0.252930 0.104167 0.250000 0.101562 0.251953 0.098958 0.254883 0.101562 0.254883 0.096354 0.250000 0.093750 0.246094 0.089844 0.243164 0.089844 0.240234 0.087240 0.237305 0.087240
0 0.252930 0.209635 0.251953 0.210938 0.248047 0.210938 0.239258 0.222656 0.237305 0.226562 0.236328 0.231771 0.231445 0.240885 0.230469 0.248698 0.231445 0.250000 0.231445 0.252604 0.233398 0.255208 0.234375 0.260417 0.236328 0.263021 0.242188 0.278646 0.249023 0.287760 0.253906 0.290365 0.258789 0.290365 0.259766 0.291667 0.260742 0.290365 0.265625 0.290365 0.267578 0.289062 0.275391 0.279948 0.276367 0.279948 0.276367 0.278646 0.282227 0.272135 0.284180 0.265625 0.284180 0.255208 0.281250 0.248698 0.281250 0.246094 0.276367 0.233073 0.272461 0.225260 0.272461 0.221354 0.271484 0.218750 0.263672 0.210938 0.261719 0.210938 0.260742 0.209635
0 0.291992 0.250000 0.288086 0.256510 0.288086 0.268229 0.289062 0.269531 0.289062 0.274740 0.290039 0.276042 0.290039 0.285156 0.291016 0.286458 0.291016 0.294271 0.291992 0.295573 0.292969 0.303385 0.299805 0.312500 0.302734 0.313802 0.306641 0.317708 0.308594 0.317708 0.312500 0.320312 0.319336 0.320312 0.320312 0.321615 0.323242 0.321615 0.324219 0.320312 0.328125 0.320312 0.332031 0.316406 0.335938 0.315104 0.337891 0.311198 0.340820 0.308594 0.340820 0.303385 0.341797 0.302083 0.341797 0.296875 0.342773 0.295573 0.342773 0.290365 0.343750 0.289062 0.342773 0.282552 0.341797 0.281250 0.341797 0.277344 0.337891 0.268229 0.337891 0.263021 0.335938 0.257812 0.328125 0.250000 0.318359 0.244792 0.300781 0.244792 0.299805 0.246094 0.296875 0.246094
0 0.284180 0.153646 0.278320 0.157552 0.276367 0.160156 0.271484 0.162760 0.267578 0.167969 0.266602 0.167969 0.266602 0.169271 0.260742 0.178385 0.260742 0.182292 0.259766 0.183594 0.259766 0.197917 0.260742 0.199219 0.260742 0.203125 0.262695 0.207031 0.269531 0.210938 0.273438 0.216146 0.280273 0.220052 0.283203 0.223958 0.288086 0.226562 0.290039 0.229167 0.293945 0.231771 0.296875 0.231771 0.306641 0.225260 0.312500 0.217448 0.312500 0.216146 0.315430 0.213542 0.319336 0.201823 0.319336 0.191406 0.320312 0.190104 0.319336 0.179688 0.318359 0.178385 0.313477 0.178385 0.307617 0.170573 0.306641 0.170573 0.301758 0.162760 0.298828 0.161458 0.295898 0.157552 0.293945 0.157552 0.289062 0.153646
0 0.304688 0.076823 0.297852 0.083333 0.291992 0.096354 0.291016 0.108073 0.290039 0.109375 0.290039 0.113281 0.288086 0.119792 0.290039 0.130208 0.293945 0.135417 0.294922 0.139323 0.297852 0.143229 0.306641 0.141927 0.313477 0.145833 0.320312 0.145833 0.325195 0.149740 0.330078 0.148438 0.335938 0.141927 0.337891 0.136719 0.343750 0.128906 0.347656 0.115885 0.351562 0.110677 0.351562 0.108073 0.352539 0.106771 0.351562 0.101562 0.349609 0.096354 0.346680 0.092448 0.342773 0.089844 0.340820 0.089844 0.335938 0.085938 0.326172 0.083333 0.317383 0.078125
0 0.279297 0.020833 0.275391 0.022135 0.270508 0.028646 0.265625 0.032552 0.260742 0.039062 0.260742 0.042969 0.252930 0.054688 0.252930 0.065104 0.258789 0.080729 0.258789 0.083333 0.265625 0.093750 0.275391 0.101562 0.282227 0.100260 0.284180 0.097656 0.290039 0.093750 0.302734 0.075521 0.304688 0.075521 0.308594 0.072917 0.312500 0.066406 0.312500 0.055990 0.306641 0.035156 0.302734 0.029948 0.296875 0.029948 0.290039 0.026042 0.286133 0.026042 0.282227 0.022135 0.280273 0.022135
0 0.417969 0.035156 0.415039 0.039062 0.411133 0.048177 0.407227 0.053385 0.402344 0.065104 0.403320 0.070312 0.402344 0.071615 0.401367 0.092448 0.403320 0.098958 0.406250 0.102865 0.411133 0.105469 0.416992 0.111979 0.426758 0.113281 0.427734 0.114583 0.436523 0.113281 0.453125 0.100260 0.457031 0.091146 0.457031 0.074219 0.454102 0.065104 0.455078 0.058594 0.454102 0.057292 0.454102 0.054688 0.450195 0.053385 0.452148 0.058594 0.451172 0.059896 0.447266 0.059896 0.443359 0.053385 0.437500 0.048177 0.430664 0.044271 0.422852 0.036458
0 0.392578 0.106771 0.388672 0.106771 0.383789 0.110677 0.381836 0.110677 0.372070 0.115885 0.371094 0.118490 0.367188 0.122396 0.364258 0.130208 0.359375 0.136719 0.359375 0.154948 0.360352 0.156250 0.362305 0.174479 0.366211 0.183594 0.372070 0.191406 0.376953 0.192708 0.379883 0.195312 0.383789 0.195312 0.389648 0.186198 0.392578 0.184896 0.398438 0.177083 0.399414 0.177083 0.416016 0.153646 0.416016 0.147135 0.415039 0.145833 0.415039 0.141927 0.414062 0.140625 0.412109 0.127604 0.407227 0.121094 0.398438 0.113281 0.396484 0.109375
0 0.406250 0.180990 0.398438 0.187500 0.398438 0.188802 0.395508 0.192708 0.394531 0.196615 0.387695 0.207031 0.387695 0.209635 0.386719 0.210938 0.386719 0.226562 0.390625 0.235677 0.391602 0.235677 0.396484 0.242188 0.397461 0.242188 0.408203 0.253906 0.409180 0.252604 0.414062 0.252604 0.415039 0.251302 0.422852 0.251302 0.425781 0.255208 0.430664 0.255208 0.433594 0.251302 0.434570 0.246094 0.427734 0.230469 0.427734 0.218750 0.428711 0.217448 0.428711 0.191406 0.427734 0.188802 0.420898 0.180990 0.417969 0.180990 0.416992 0.179688 0.409180 0.179688 0.408203 0.180990
0 0.352539 0.191406 0.346680 0.197917 0.345703 0.197917 0.341797 0.203125 0.340820 0.203125 0.335938 0.213542 0.335938 0.217448 0.334961 0.218750 0.334961 0.223958 0.333984 0.225260 0.333984 0.233073 0.334961 0.234375 0.334961 0.239583 0.339844 0.252604 0.339844 0.259115 0.342773 0.263021 0.348633 0.264323 0.349609 0.265625 0.356445 0.265625 0.357422 0.266927 0.361328 0.266927 0.370117 0.259115 0.372070 0.255208 0.377930 0.247396 0.378906 0.247396 0.384766 0.238281 0.385742 0.233073 0.386719 0.231771 0.385742 0.229167 0.385742 0.222656 0.384766 0.221354 0.384766 0.213542 0.380859 0.204427 0.375977 0.201823 0.374023 0.199219 0.364258 0.192708
0 0.377930 0.266927 0.372070 0.266927 0.367188 0.270833 0.364258 0.270833 0.360352 0.274740 0.357422 0.276042 0.347656 0.287760 0.345703 0.294271 0.345703 0.303385 0.346680 0.304688 0.346680 0.309896 0.350586 0.319010 0.350586 0.325521 0.351562 0.326823 0.351562 0.329427 0.353516 0.332031 0.361328 0.335938 0.364258 0.339844 0.372070 0.345052 0.387695 0.339844 0.392578 0.334635 0.394531 0.328125 0.397461 0.324219 0.396484 0.319010 0.392578 0.312500 0.392578 0.302083 0.391602 0.300781 0.391602 0.290365 0.390625 0.289062 0.389648 0.276042 0.388672 0.276042 0.385742 0.272135
0 0.416016 0.252604 0.413086 0.255208 0.407227 0.256510 0.400391 0.265625 0.395508 0.268229 0.391602 0.276042 0.391602 0.287760 0.393555 0.294271 0.393555 0.309896 0.396484 0.316406 0.401367 0.322917 0.413086 0.332031 0.418945 0.339844 0.418945 0.341146 0.423828 0.341146 0.426758 0.337240 0.434570 0.337240 0.435547 0.335938 0.438477 0.335938 0.442383 0.333333 0.451172 0.320312 0.453125 0.312500 0.453125 0.303385 0.455078 0.299479 0.456055 0.294271 0.455078 0.291667 0.453125 0.290365 0.449219 0.283854 0.429688 0.259115 0.426758 0.257812 0.422852 0.252604
0 0.454102 0.162760 0.438477 0.170573 0.432617 0.179688 0.430664 0.186198 0.428711 0.230469 0.436523 0.240885 0.437500 0.244792 0.440430 0.248698 0.442383 0.248698 0.449219 0.255208 0.455078 0.257812 0.458984 0.263021 0.458984 0.265625 0.464844 0.268229 0.473633 0.268229 0.475586 0.266927 0.475586 0.263021 0.480469 0.255208 0.484375 0.251302 0.483398 0.250000 0.483398 0.240885 0.485352 0.233073 0.485352 0.226562 0.487305 0.217448 0.491211 0.210938 0.491211 0.188802 0.487305 0.179688 0.477539 0.167969 0.468750 0.166667 0.458984 0.162760
0 0.430664 0.128906 0.431641 0.158854 0.432617 0.160156 0.432617 0.165365 0.433594 0.166667 0.433594 0.171875 0.434570 0.174479 0.435547 0.174479 0.435547 0.173177 0.440430 0.167969 0.444336 0.165365 0.452148 0.162760 0.453125 0.161458 0.458984 0.161458 0.459961 0.162760 0.470703 0.164062 0.474609 0.166667 0.477539 0.166667 0.482422 0.170573 0.485352 0.170573 0.485352 0.154948 0.484375 0.153646 0.484375 0.145833 0.483398 0.144531 0.482422 0.135417 0.476562 0.126302 0.472656 0.125000 0.466797 0.117188 0.462891 0.117188 0.461914 0.115885 0.445312 0.115885 0.436523 0.121094
0 0.477539 0.032552 0.473633 0.039062 0.467773 0.044271 0.467773 0.050781 0.469727 0.054688 0.469727 0.065104 0.465820 0.095052 0.466797 0.106771 0.472656 0.113281 0.484375 0.119792 0.496094 0.119792 0.497070 0.121094 0.501953 0.115885 0.506836 0.114583 0.509766 0.109375 0.514648 0.111979 0.516602 0.115885 0.518555 0.111979 0.521484 0.110677 0.521484 0.105469 0.520508 0.104167 0.517578 0.110677 0.512695 0.110677 0.511719 0.106771 0.515625 0.102865 0.519531 0.087240 0.521484 0.084635 0.523438 0.088542 0.524414 0.098958 0.525391 0.096354 0.525391 0.080729 0.524414 0.079427 0.525391 0.074219 0.524414 0.071615 0.521484 0.075521 0.520508 0.074219 0.521484 0.063802 0.514648 0.048177 0.514648 0.044271 0.509766 0.039062 0.500000 0.035156 0.487305 0.032552
0 0.509766 0.140625 0.505859 0.143229 0.502930 0.147135 0.499023 0.158854 0.499023 0.162760 0.497070 0.170573 0.492188 0.179688 0.492188 0.187500 0.500977 0.204427 0.501953 0.214844 0.504883 0.223958 0.506836 0.226562 0.509766 0.227865 0.513672 0.227865 0.514648 0.229167 0.523438 0.230469 0.524414 0.231771 0.525391 0.230469 0.528320 0.230469 0.533203 0.226562 0.533203 0.221354 0.534180 0.220052 0.535156 0.210938 0.544922 0.184896 0.549805 0.175781 0.549805 0.170573 0.543945 0.157552 0.536133 0.147135 0.528320 0.143229 0.519531 0.143229 0.518555 0.141927 0.510742 0.141927
0 0.558594 0.055990 0.557617 0.057292 0.553711 0.057292 0.547852 0.059896 0.540039 0.072917 0.534180 0.088542 0.534180 0.101562 0.532227 0.105469 0.532227 0.114583 0.537109 0.126302 0.538086 0.126302 0.541016 0.131510 0.545898 0.134115 0.548828 0.134115 0.551758 0.138021 0.555664 0.140625 0.566406 0.140625 0.567383 0.139323 0.574219 0.138021 0.578125 0.134115 0.584961 0.113281 0.585938 0.106771 0.594727 0.085938 0.595703 0.075521 0.591797 0.069010 0.581055 0.058594 0.572266 0.057292 0.571289 0.055990
0 0.602539 0.162760 0.598633 0.158854 0.590820 0.157552 0.589844 0.156250 0.584961 0.156250 0.583984 0.154948 0.578125 0.154948 0.577148 0.156250 0.566406 0.158854 0.559570 0.162760 0.557617 0.170573 0.552734 0.179688 0.551758 0.187500 0.550781 0.188802 0.550781 0.194010 0.549805 0.195312 0.549805 0.203125 0.550781 0.204427 0.551758 0.216146 0.555664 0.221354 0.555664 0.222656 0.559570 0.226562 0.562500 0.226562 0.563477 0.227865 0.569336 0.227865 0.570312 0.226562 0.574219 0.226562 0.575195 0.225260 0.596680 0.225260 0.598633 0.223958 0.606445 0.212240 0.609375 0.204427 0.609375 0.194010 0.610352 0.192708 0.610352 0.183594 0.609375 0.182292 0.609375 0.179688 0.605469 0.167969
0 0.541016 0.247396 0.539062 0.247396 0.538086 0.246094 0.534180 0.246094 0.533203 0.244792 0.528320 0.244792 0.527344 0.246094 0.517578 0.247396 0.503906 0.259115 0.502930 0.261719 0.502930 0.266927 0.501953 0.268229 0.501953 0.289062 0.505859 0.295573 0.508789 0.304688 0.514648 0.311198 0.520508 0.311198 0.521484 0.309896 0.521484 0.307292 0.527344 0.299479 0.529297 0.299479 0.530273 0.298177 0.535156 0.298177 0.536133 0.296875 0.538086 0.296875 0.539062 0.298177 0.541992 0.296875 0.542969 0.291667 0.543945 0.290365 0.543945 0.283854 0.544922 0.282552 0.544922 0.278646 0.546875 0.273438 0.546875 0.264323 0.547852 0.263021 0.547852 0.256510 0.544922 0.252604 0.544922 0.251302 0.543945 0.251302
0 0.562500 0.247396 0.556641 0.252604 0.553711 0.253906 0.549805 0.259115 0.549805 0.261719 0.548828 0.263021 0.548828 0.272135 0.549805 0.273438 0.549805 0.276042 0.552734 0.281250 0.560547 0.303385 0.564453 0.308594 0.566406 0.308594 0.569336 0.311198 0.573242 0.312500 0.579102 0.319010 0.583984 0.317708 0.587891 0.315104 0.596680 0.304688 0.597656 0.304688 0.604492 0.294271 0.605469 0.286458 0.606445 0.285156 0.605469 0.273438 0.600586 0.264323 0.599609 0.260417 0.594727 0.253906 0.593750 0.250000 0.588867 0.244792 0.572266 0.244792 0.571289 0.246094
0 0.525391 0.302083 0.515625 0.322917 0.513672 0.330729 0.514648 0.341146 0.518555 0.347656 0.521484 0.355469 0.521484 0.361979 0.522461 0.364583 0.526367 0.369792 0.531250 0.373698 0.537109 0.375000 0.540039 0.377604 0.544922 0.378906 0.546875 0.381510 0.549805 0.381510 0.567383 0.365885 0.574219 0.355469 0.574219 0.346354 0.576172 0.338542 0.576172 0.324219 0.577148 0.322917 0.577148 0.319010 0.571289 0.312500 0.559570 0.307292 0.556641 0.307292 0.549805 0.303385 0.545898 0.303385 0.538086 0.299479 0.530273 0.299479
0 0.488281 0.285156 0.472656 0.287760 0.466797 0.291667 0.464844 0.298177 0.463867 0.305990 0.459961 0.317708 0.458984 0.334635 0.457031 0.338542 0.457031 0.345052 0.474609 0.365885 0.480469 0.369792 0.486328 0.369792 0.491211 0.367188 0.499023 0.367188 0.504883 0.361979 0.508789 0.347656 0.508789 0.324219 0.509766 0.322917 0.509766 0.315104 0.507812 0.309896 0.507812 0.305990 0.506836 0.304688 0.505859 0.298177 0.500977 0.290365 0.496094 0.287760 0.489258 0.286458
0 0.510742 0.364583 0.509766 0.365885 0.507812 0.365885 0.503906 0.369792 0.494141 0.371094 0.488281 0.376302 0.484375 0.386719 0.484375 0.395833 0.483398 0.397135 0.484375 0.410156 0.485352 0.411458 0.485352 0.414062 0.484375 0.415365 0.484375 0.423177 0.486328 0.427083 0.491211 0.430990 0.495117 0.432292 0.501953 0.440104 0.503906 0.440104 0.507812 0.442708 0.510742 0.442708 0.511719 0.444010 0.518555 0.444010 0.530273 0.436198 0.534180 0.428385 0.534180 0.386719 0.533203 0.385417 0.533203 0.381510 0.532227 0.378906 0.529297 0.375000 0.512695 0.364583
0 0.584961 0.378906 0.581055 0.376302 0.572266 0.376302 0.568359 0.378906 0.565430 0.378906 0.564453 0.380208 0.553711 0.384115 0.543945 0.390625 0.540039 0.394531 0.539062 0.399740 0.538086 0.401042 0.538086 0.417969 0.539062 0.419271 0.540039 0.424479 0.551758 0.442708 0.554688 0.442708 0.555664 0.444010 0.561523 0.444010 0.564453 0.446615 0.565430 0.445312 0.571289 0.444010 0.573242 0.441406 0.577148 0.440104 0.579102 0.437500 0.581055 0.437500 0.584961 0.432292 0.586914 0.421875 0.590820 0.411458 0.590820 0.402344 0.587891 0.393229 0.587891 0.384115
0 0.594727 0.312500 0.591797 0.315104 0.591797 0.319010 0.586914 0.325521 0.584961 0.330729 0.584961 0.333333 0.583008 0.337240 0.583008 0.341146 0.581055 0.345052 0.581055 0.358073 0.582031 0.359375 0.582031 0.361979 0.588867 0.372396 0.591797 0.378906 0.595703 0.382812 0.597656 0.382812 0.598633 0.384115 0.601562 0.384115 0.602539 0.382812 0.604492 0.384115 0.619141 0.384115 0.624023 0.380208 0.624023 0.378906 0.626953 0.375000 0.627930 0.371094 0.632812 0.363281 0.635742 0.354167 0.635742 0.348958 0.634766 0.347656 0.634766 0.345052 0.627930 0.335938 0.624023 0.325521 0.619141 0.319010 0.617188 0.313802 0.614258 0.309896 0.612305 0.308594 0.606445 0.308594 0.600586 0.312500
0 0.451172 0.350260 0.445312 0.351562 0.442383 0.354167 0.437500 0.355469 0.424805 0.364583 0.417969 0.367188 0.414062 0.372396 0.414062 0.375000 0.410156 0.388021 0.410156 0.393229 0.414062 0.398438 0.416992 0.399740 0.418945 0.402344 0.419922 0.406250 0.425781 0.414062 0.430664 0.416667 0.434570 0.421875 0.438477 0.421875 0.442383 0.424479 0.447266 0.423177 0.450195 0.420573 0.458008 0.420573 0.458984 0.419271 0.460938 0.419271 0.467773 0.414062 0.468750 0.410156 0.471680 0.404948 0.471680 0.391927 0.473633 0.386719 0.472656 0.385417 0.472656 0.377604 0.470703 0.375000 0.468750 0.375000 0.465820 0.371094 0.463867 0.363281 0.458008 0.354167 0.456055 0.354167
0 0.364258 0.352865 0.358398 0.361979 0.357422 0.369792 0.356445 0.371094 0.356445 0.381510 0.362305 0.390625 0.364258 0.395833 0.373047 0.408854 0.373047 0.410156 0.375977 0.412760 0.381836 0.414062 0.382812 0.415365 0.386719 0.415365 0.387695 0.416667 0.398438 0.416667 0.399414 0.415365 0.407227 0.412760 0.409180 0.407552 0.408203 0.406250 0.403320 0.406250 0.402344 0.404948 0.402344 0.402344 0.407227 0.397135 0.414062 0.365885 0.411133 0.358073 0.406250 0.351562 0.406250 0.350260 0.403320 0.347656 0.388672 0.347656 0.387695 0.348958 0.372070 0.348958 0.366211 0.352865
0 0.311523 0.334635 0.307617 0.339844 0.305664 0.345052 0.305664 0.354167 0.306641 0.355469 0.307617 0.364583 0.310547 0.372396 0.313477 0.386719 0.316406 0.393229 0.321289 0.397135 0.324219 0.397135 0.325195 0.398438 0.336914 0.398438 0.337891 0.397135 0.341797 0.397135 0.343750 0.395833 0.344727 0.393229 0.348633 0.389323 0.349609 0.385417 0.353516 0.378906 0.353516 0.376302 0.354492 0.375000 0.354492 0.367188 0.355469 0.365885 0.355469 0.350260 0.351562 0.338542 0.349609 0.335938 0.343750 0.332031 0.341797 0.332031 0.333984 0.325521 0.328125 0.325521 0.324219 0.328125 0.321289 0.328125 0.319336 0.330729
0 0.259766 0.303385 0.254883 0.309896 0.253906 0.313802 0.250000 0.320312 0.249023 0.325521 0.247070 0.329427 0.247070 0.334635 0.246094 0.335938 0.246094 0.345052 0.247070 0.346354 0.247070 0.351562 0.250977 0.363281 0.254883 0.367188 0.257812 0.367188 0.258789 0.368490 0.262695 0.368490 0.263672 0.367188 0.290039 0.367188 0.291992 0.365885 0.301758 0.354167 0.301758 0.332031 0.300781 0.330729 0.299805 0.322917 0.297852 0.319010 0.296875 0.313802 0.289062 0.302083 0.276367 0.302083 0.275391 0.303385 0.266602 0.303385 0.265625 0.302083 0.262695 0.302083 0.261719 0.303385
0 0.371094 0.415365 0.365234 0.412760 0.361328 0.412760 0.360352 0.411458 0.355469 0.411458 0.349609 0.415365 0.343750 0.416667 0.339844 0.419271 0.336914 0.423177 0.336914 0.428385 0.334961 0.434896 0.333008 0.453125 0.331055 0.459635 0.331055 0.466146 0.332031 0.467448 0.333008 0.476562 0.335938 0.480469 0.341797 0.483073 0.345703 0.488281 0.360352 0.488281 0.365234 0.485677 0.367188 0.483073 0.375977 0.480469 0.379883 0.476562 0.383789 0.475260 0.382812 0.475260 0.380859 0.471354 0.384766 0.463542 0.387695 0.464844 0.388672 0.460938 0.388672 0.453125 0.389648 0.451823 0.389648 0.442708 0.387695 0.438802 0.384766 0.437500 0.381836 0.432292 0.377930 0.429688 0.378906 0.427083 0.380859 0.427083 0.380859 0.423177 0.377930 0.423177
0 0.423828 0.421875 0.419922 0.421875 0.416016 0.427083 0.415039 0.427083 0.413086 0.429688 0.406250 0.434896 0.399414 0.442708 0.396484 0.444010 0.393555 0.449219 0.393555 0.462240 0.394531 0.463542 0.394531 0.467448 0.399414 0.479167 0.407227 0.486979 0.411133 0.489583 0.414062 0.489583 0.416016 0.492188 0.418945 0.492188 0.419922 0.493490 0.421875 0.492188 0.424805 0.492188 0.428711 0.489583 0.430664 0.486979 0.431641 0.486979 0.434570 0.481771 0.434570 0.470052 0.435547 0.468750 0.435547 0.464844 0.437500 0.460938 0.437500 0.446615 0.438477 0.445312 0.438477 0.442708 0.439453 0.441406 0.439453 0.436198 0.440430 0.434896 0.433594 0.425781 0.428711 0.425781
0 0.423828 0.497396 0.420898 0.501302 0.416016 0.511719 0.416016 0.515625 0.415039 0.516927 0.415039 0.528646 0.417969 0.535156 0.417969 0.537760 0.421875 0.545573 0.426758 0.552083 0.427734 0.552083 0.433594 0.559896 0.436523 0.559896 0.437500 0.561198 0.448242 0.561198 0.449219 0.559896 0.453125 0.559896 0.456055 0.557292 0.458008 0.557292 0.464844 0.552083 0.467773 0.548177 0.471680 0.540365 0.471680 0.537760 0.472656 0.536458 0.472656 0.528646 0.470703 0.524740 0.468750 0.523438 0.467773 0.513021 0.466797 0.511719 0.462891 0.511719 0.457031 0.507812 0.455078 0.507812 0.450195 0.501302 0.448242 0.496094 0.439453 0.490885 0.433594 0.492188 0.425781 0.497396
0 0.469727 0.430990 0.463867 0.434896 0.469727 0.438802 0.471680 0.438802 0.481445 0.446615 0.487305 0.449219 0.491211 0.454427 0.491211 0.460938 0.490234 0.462240 0.490234 0.466146 0.481445 0.476562 0.466797 0.498698 0.461914 0.498698 0.459961 0.502604 0.461914 0.506510 0.466797 0.507812 0.472656 0.511719 0.483398 0.511719 0.488281 0.509115 0.495117 0.500000 0.495117 0.497396 0.498047 0.493490 0.500977 0.492188 0.505859 0.486979 0.506836 0.483073 0.506836 0.472656 0.507812 0.471354 0.506836 0.468750 0.506836 0.462240 0.505859 0.460938 0.505859 0.457031 0.502930 0.450521 0.492188 0.436198 0.490234 0.434896 0.484375 0.434896 0.475586 0.430990
0 0.506836 0.490885 0.502930 0.492188 0.502930 0.493490 0.499023 0.498698 0.498047 0.498698 0.498047 0.500000 0.491211 0.509115 0.485352 0.513021 0.482422 0.513021 0.480469 0.514323 0.478516 0.516927 0.475586 0.526042 0.476562 0.533854 0.482422 0.544271 0.489258 0.562500 0.493164 0.569010 0.497070 0.571615 0.500977 0.571615 0.501953 0.570312 0.509766 0.570312 0.513672 0.567708 0.517578 0.558594 0.521484 0.553385 0.526367 0.542969 0.526367 0.539062 0.527344 0.537760 0.527344 0.533854 0.529297 0.529948 0.529297 0.520833 0.522461 0.509115 0.520508 0.502604 0.514648 0.496094 0.512695 0.496094
0 0.534180 0.441406 0.528320 0.449219 0.523438 0.459635 0.519531 0.464844 0.519531 0.466146 0.514648 0.475260 0.514648 0.483073 0.515625 0.484375 0.515625 0.488281 0.518555 0.496094 0.524414 0.503906 0.527344 0.503906 0.532227 0.507812 0.539062 0.507812 0.540039 0.509115 0.542969 0.509115 0.543945 0.510417 0.550781 0.509115 0.557617 0.498698 0.557617 0.497396 0.562500 0.492188 0.562500 0.490885 0.566406 0.485677 0.569336 0.479167 0.569336 0.473958 0.568359 0.472656 0.567383 0.462240 0.563477 0.453125 0.562500 0.453125 0.561523 0.450521 0.558594 0.447917 0.556641 0.447917 0.552734 0.445312 0.549805 0.445312 0.542969 0.441406
0 0.575195 0.479167 0.567383 0.489583 0.564453 0.498698 0.564453 0.505208 0.563477 0.506510 0.563477 0.510417 0.562500 0.511719 0.561523 0.518229 0.565430 0.527344 0.565430 0.529948 0.571289 0.536458 0.573242 0.536458 0.578125 0.540365 0.581055 0.540365 0.582031 0.541667 0.587891 0.542969 0.599609 0.550781 0.606445 0.550781 0.610352 0.548177 0.613281 0.541667 0.613281 0.539062 0.615234 0.533854 0.615234 0.529948 0.616211 0.528646 0.616211 0.510417 0.615234 0.509115 0.615234 0.498698 0.613281 0.493490 0.607422 0.486979 0.600586 0.484375 0.590820 0.477865 0.582031 0.476562 0.581055 0.477865
0 0.564453 0.548177 0.558594 0.554688 0.558594 0.557292 0.555664 0.563802 0.555664 0.569010 0.559570 0.582031 0.559570 0.611979 0.560547 0.613281 0.560547 0.615885 0.562500 0.619792 0.571289 0.626302 0.573242 0.626302 0.574219 0.627604 0.586914 0.627604 0.589844 0.623698 0.597656 0.618490 0.600586 0.614583 0.603516 0.606771 0.608398 0.598958 0.607422 0.578125 0.606445 0.576823 0.607422 0.567708 0.605469 0.562500 0.602539 0.558594 0.599609 0.557292 0.594727 0.552083 0.592773 0.552083 0.583984 0.545573 0.580078 0.545573 0.579102 0.544271 0.578125 0.545573 0.571289 0.545573 0.570312 0.546875
0 0.640625 0.619792 0.638672 0.618490 0.633789 0.618490 0.632812 0.617188 0.625977 0.615885 0.623047 0.618490 0.619141 0.618490 0.615234 0.621094 0.610352 0.621094 0.603516 0.626302 0.603516 0.628906 0.602539 0.630208 0.603516 0.641927 0.602539 0.643229 0.602539 0.647135 0.601562 0.648438 0.601562 0.652344 0.600586 0.653646 0.600586 0.666667 0.601562 0.667969 0.601562 0.670573 0.607422 0.678385 0.613281 0.682292 0.617188 0.682292 0.618164 0.680990 0.621094 0.680990 0.622070 0.679688 0.625000 0.679688 0.625977 0.678385 0.628906 0.678385 0.629883 0.677083 0.635742 0.675781 0.642578 0.670573 0.646484 0.665365 0.651367 0.651042 0.651367 0.639323 0.648438 0.634115 0.648438 0.631510 0.646484 0.626302
0 0.654297 0.647135 0.654297 0.653646 0.652344 0.656250 0.649414 0.664062 0.649414 0.666667 0.648438 0.667969 0.648438 0.674479 0.649414 0.675781 0.649414 0.679688 0.656250 0.691406 0.657227 0.695312 0.660156 0.699219 0.663086 0.705729 0.669922 0.713542 0.675781 0.714844 0.676758 0.716146 0.689453 0.716146 0.690430 0.714844 0.692383 0.704427 0.699219 0.688802 0.699219 0.684896 0.701172 0.679688 0.701172 0.667969 0.697266 0.657552 0.689453 0.647135 0.687500 0.647135 0.684570 0.644531 0.681641 0.644531 0.678711 0.641927 0.672852 0.641927 0.669922 0.645833 0.662109 0.651042 0.656250 0.651042
0 0.705078 0.656250 0.704102 0.661458 0.703125 0.662760 0.703125 0.690104 0.704102 0.691406 0.704102 0.696615 0.706055 0.701823 0.708008 0.703125 0.711914 0.703125 0.719727 0.708333 0.724609 0.708333 0.725586 0.709635 0.737305 0.710938 0.745117 0.705729 0.749023 0.700521 0.750000 0.697917 0.750000 0.692708 0.750977 0.691406 0.750977 0.686198 0.753906 0.679688 0.753906 0.673177 0.749023 0.666667 0.748047 0.666667 0.742188 0.660156 0.738281 0.658854 0.737305 0.657552 0.735352 0.657552 0.734375 0.656250 0.727539 0.656250 0.726562 0.654948 0.720703 0.654948 0.719727 0.653646 0.708008 0.653646
0 0.760742 0.679688 0.756836 0.684896 0.755859 0.684896 0.753906 0.690104 0.753906 0.692708 0.751953 0.696615 0.751953 0.700521 0.750977 0.701823 0.750977 0.716146 0.753906 0.722656 0.753906 0.725260 0.755859 0.726562 0.757812 0.730469 0.757812 0.735677 0.762695 0.748698 0.767578 0.755208 0.771484 0.757812 0.782227 0.757812 0.783203 0.756510 0.786133 0.756510 0.794922 0.748698 0.799805 0.746094 0.804688 0.738281 0.804688 0.730469 0.803711 0.729167 0.801758 0.714844 0.797852 0.705729 0.797852 0.700521 0.796875 0.697917 0.789062 0.687500 0.787109 0.687500 0.785156 0.684896 0.783203 0.684896 0.775391 0.678385 0.770508 0.677083 0.769531 0.678385 0.763672 0.678385 0.762695 0.679688
0 0.798828 0.652344 0.793945 0.662760 0.793945 0.671875 0.794922 0.673177 0.794922 0.680990 0.795898 0.684896 0.797852 0.687500 0.802734 0.700521 0.808594 0.705729 0.816406 0.717448 0.818359 0.718750 0.825195 0.718750 0.826172 0.720052 0.831055 0.720052 0.832031 0.718750 0.844727 0.718750 0.857422 0.705729 0.859375 0.700521 0.859375 0.683594 0.858398 0.682292 0.858398 0.678385 0.855469 0.671875 0.854492 0.666667 0.846680 0.653646 0.833008 0.644531 0.828125 0.644531 0.827148 0.645833 0.810547 0.645833 0.807617 0.649740 0.803711 0.651042 0.801758 0.653646
0 0.865234 0.729167 0.858398 0.720052 0.854492 0.718750 0.853516 0.717448 0.846680 0.721354 0.841797 0.721354 0.840820 0.720052 0.833008 0.720052 0.832031 0.721354 0.819336 0.720052 0.818359 0.721354 0.813477 0.722656 0.811523 0.720052 0.809570 0.720052 0.809570 0.725260 0.808594 0.726562 0.808594 0.735677 0.816406 0.757812 0.819336 0.761719 0.820312 0.765625 0.822266 0.768229 0.826172 0.770833 0.832031 0.772135 0.833008 0.770833 0.837891 0.770833 0.838867 0.769531 0.842773 0.769531 0.843750 0.768229 0.854492 0.768229 0.860352 0.764323 0.862305 0.761719 0.862305 0.759115 0.864258 0.753906 0.864258 0.750000 0.867188 0.742188 0.867188 0.736979 0.866211 0.735677 0.866211 0.731771
0 0.924805 0.699219 0.920898 0.699219 0.916016 0.701823 0.906250 0.701823 0.905273 0.703125 0.901367 0.703125 0.897461 0.705729 0.891602 0.712240 0.885742 0.730469 0.885742 0.739583 0.887695 0.743490 0.895508 0.753906 0.896484 0.753906 0.897461 0.756510 0.907227 0.769531 0.916016 0.777344 0.919922 0.777344 0.920898 0.776042 0.922852 0.776042 0.930664 0.766927 0.931641 0.766927 0.933594 0.764323 0.940430 0.744792 0.940430 0.725260 0.939453 0.723958 0.939453 0.721354 0.936523 0.717448 0.935547 0.713542 0.927734 0.703125 0.927734 0.701823
0 0.856445 0.597656 0.845703 0.585938 0.843750 0.585938 0.841797 0.583333 0.839844 0.583333 0.830078 0.589844 0.827148 0.585938 0.827148 0.582031 0.829102 0.579427 0.833984 0.580729 0.833008 0.579427 0.826172 0.579427 0.824219 0.582031 0.814453 0.587240 0.812500 0.591146 0.806641 0.597656 0.805664 0.601562 0.803711 0.604167 0.803711 0.606771 0.799805 0.614583 0.799805 0.621094 0.804688 0.632812 0.810547 0.639323 0.814453 0.641927 0.816406 0.641927 0.817383 0.643229 0.818359 0.641927 0.821289 0.641927 0.826172 0.639323 0.835938 0.638021 0.836914 0.636719 0.841797 0.635417 0.844727 0.632812 0.847656 0.632812 0.852539 0.627604 0.854492 0.623698 0.854492 0.621094 0.856445 0.615885 0.856445 0.606771 0.857422 0.605469 0.857422 0.600260
0 0.859375 0.609375 0.857422 0.611979 0.857422 0.618490 0.856445 0.619792 0.856445 0.625000 0.855469 0.627604 0.852539 0.631510 0.848633 0.634115 0.844727 0.634115 0.841797 0.638021 0.840820 0.643229 0.842773 0.648438 0.844727 0.649740 0.848633 0.654948 0.849609 0.654948 0.852539 0.658854 0.852539 0.660156 0.855469 0.662760 0.859375 0.662760 0.860352 0.664062 0.867188 0.664062 0.868164 0.665365 0.882812 0.665365 0.886719 0.661458 0.887695 0.661458 0.890625 0.657552 0.892578 0.652344 0.893555 0.645833 0.894531 0.644531 0.894531 0.640625 0.892578 0.635417 0.892578 0.630208 0.891602 0.628906 0.891602 0.625000 0.890625 0.623698 0.889648 0.618490 0.887695 0.615885 0.883789 0.614583 0.882812 0.613281 0.880859 0.613281 0.875000 0.608073 0.870117 0.608073 0.869141 0.606771 0.868164 0.608073 0.862305 0.608073 0.861328 0.609375
0 0.783203 0.602865 0.779297 0.602865 0.778320 0.604167 0.770508 0.604167 0.769531 0.605469 0.754883 0.605469 0.751953 0.609375 0.747070 0.613281 0.743164 0.619792 0.743164 0.632812 0.745117 0.636719 0.745117 0.640625 0.746094 0.641927 0.747070 0.651042 0.749023 0.656250 0.749023 0.660156 0.751953 0.667969 0.752930 0.667969 0.755859 0.671875 0.761719 0.673177 0.762695 0.674479 0.771484 0.674479 0.775391 0.671875 0.787109 0.656250 0.787109 0.654948 0.793945 0.647135 0.793945 0.644531 0.794922 0.643229 0.794922 0.632812 0.791992 0.623698 0.789062 0.619792 0.787109 0.614583 0.787109 0.611979 0.785156 0.608073 0.785156 0.605469
0 0.721680 0.580729 0.715820 0.580729 0.714844 0.582031 0.709961 0.582031 0.708984 0.583333 0.703125 0.583333 0.702148 0.584635 0.695312 0.584635 0.694336 0.585938 0.692383 0.585938 0.688477 0.588542 0.683594 0.595052 0.678711 0.604167 0.678711 0.611979 0.680664 0.614583 0.683594 0.623698 0.687500 0.627604 0.688477 0.631510 0.694336 0.640625 0.695312 0.644531 0.697266 0.647135 0.703125 0.651042 0.708984 0.651042 0.709961 0.652344 0.719727 0.652344 0.720703 0.651042 0.723633 0.651042 0.734375 0.643229 0.738281 0.636719 0.741211 0.628906 0.740234 0.619792 0.734375 0.605469 0.734375 0.602865 0.728516 0.588542
0 0.640625 0.553385 0.636719 0.555990 0.633789 0.561198 0.633789 0.565104 0.630859 0.571615 0.630859 0.574219 0.627930 0.582031 0.627930 0.585938 0.625000 0.593750 0.625000 0.602865 0.625977 0.605469 0.628906 0.609375 0.629883 0.609375 0.631836 0.613281 0.635742 0.614583 0.636719 0.615885 0.639648 0.615885 0.640625 0.617188 0.658203 0.617188 0.659180 0.615885 0.661133 0.615885 0.668945 0.606771 0.670898 0.601562 0.672852 0.591146 0.674805 0.588542 0.674805 0.587240 0.676758 0.585938 0.676758 0.580729 0.669922 0.570312 0.666016 0.559896 0.664062 0.557292 0.662109 0.555990 0.658203 0.555990 0.657227 0.554688 0.644531 0.554688 0.643555 0.553385
0 0.638672 0.475260 0.634766 0.477865 0.626953 0.486979 0.624023 0.494792 0.620117 0.501302 0.620117 0.503906 0.619141 0.505208 0.619141 0.514323 0.622070 0.520833 0.624023 0.533854 0.627930 0.540365 0.632812 0.542969 0.640625 0.550781 0.647461 0.552083 0.648438 0.553385 0.658203 0.552083 0.661133 0.549479 0.663086 0.544271 0.666016 0.540365 0.666992 0.536458 0.670898 0.532552 0.670898 0.531250 0.679688 0.518229 0.679688 0.514323 0.680664 0.513021 0.680664 0.503906 0.679688 0.502604 0.677734 0.493490 0.676758 0.493490 0.672852 0.488281 0.670898 0.488281 0.666992 0.485677 0.662109 0.479167 0.659180 0.479167 0.658203 0.477865 0.651367 0.477865 0.650391 0.476562 0.646484 0.476562 0.645508 0.475260
0 0.672852 0.535156 0.672852 0.540365 0.673828 0.541667 0.672852 0.555990 0.673828 0.558594 0.685547 0.575521 0.693359 0.580729 0.708008 0.580729 0.711914 0.578125 0.717773 0.576823 0.726562 0.567708 0.730469 0.565104 0.732422 0.565104 0.735352 0.559896 0.735352 0.554688 0.728516 0.540365 0.708984 0.511719 0.704102 0.509115 0.701172 0.510417 0.696289 0.507812 0.684570 0.507812 0.682617 0.515625 0.675781 0.527344
0 0.786133 0.535156 0.784180 0.533854 0.779297 0.533854 0.778320 0.532552 0.777344 0.533854 0.771484 0.535156 0.767578 0.539062 0.761719 0.539062 0.760742 0.540365 0.756836 0.540365 0.755859 0.541667 0.749023 0.541667 0.748047 0.542969 0.746094 0.542969 0.744141 0.548177 0.741211 0.552083 0.741211 0.554688 0.739258 0.558594 0.739258 0.563802 0.738281 0.565104 0.738281 0.571615 0.737305 0.574219 0.738281 0.576823 0.750000 0.591146 0.753906 0.598958 0.755859 0.598958 0.756836 0.600260 0.761719 0.600260 0.766602 0.597656 0.771484 0.597656 0.772461 0.598958 0.783203 0.598958 0.784180 0.597656 0.786133 0.597656 0.791016 0.589844 0.794922 0.580729 0.795898 0.557292 0.794922 0.555990 0.794922 0.552083 0.792969 0.546875 0.787109 0.539062
0 0.607422 0.407552 0.606445 0.408854 0.600586 0.410156 0.593750 0.415365 0.592773 0.417969 0.592773 0.424479 0.591797 0.425781 0.591797 0.432292 0.588867 0.438802 0.584961 0.444010 0.584961 0.446615 0.586914 0.451823 0.589844 0.455729 0.592773 0.463542 0.595703 0.467448 0.600586 0.477865 0.602539 0.479167 0.605469 0.479167 0.609375 0.481771 0.615234 0.481771 0.616211 0.480469 0.619141 0.480469 0.626953 0.475260 0.637695 0.460938 0.638672 0.455729 0.641602 0.450521 0.641602 0.447917 0.639648 0.442708 0.632812 0.432292 0.630859 0.427083 0.620117 0.411458 0.616211 0.410156 0.615234 0.408854
0 0.645508 0.360677 0.644531 0.361979 0.642578 0.361979 0.639648 0.364583 0.635742 0.365885 0.629883 0.376302 0.628906 0.384115 0.626953 0.389323 0.626953 0.402344 0.631836 0.414062 0.640625 0.425781 0.646484 0.429688 0.659180 0.429688 0.668945 0.423177 0.671875 0.419271 0.673828 0.414062 0.673828 0.407552 0.674805 0.406250 0.674805 0.402344 0.675781 0.401042 0.675781 0.395833 0.676758 0.394531 0.676758 0.388021 0.677734 0.386719 0.677734 0.380208 0.678711 0.378906 0.678711 0.376302 0.677734 0.373698 0.670898 0.365885 0.661133 0.359375 0.650391 0.359375 0.649414 0.360677
0 0.679688 0.416667 0.678711 0.417969 0.675781 0.417969 0.674805 0.419271 0.674805 0.423177 0.669922 0.428385 0.668945 0.428385 0.662109 0.437500 0.657227 0.450521 0.659180 0.453125 0.659180 0.455729 0.661133 0.458333 0.663086 0.464844 0.667969 0.472656 0.668945 0.476562 0.671875 0.480469 0.671875 0.481771 0.675781 0.486979 0.675781 0.488281 0.679688 0.492188 0.687500 0.492188 0.696289 0.486979 0.705078 0.476562 0.708008 0.468750 0.712891 0.459635 0.712891 0.450521 0.709961 0.446615 0.707031 0.437500 0.702148 0.428385 0.702148 0.424479 0.693359 0.417969
0 0.716797 0.458333 0.711914 0.466146 0.709961 0.471354 0.709961 0.475260 0.707031 0.483073 0.707031 0.489583 0.710938 0.496094 0.710938 0.500000 0.711914 0.501302 0.711914 0.507812 0.713867 0.513021 0.716797 0.516927 0.720703 0.516927 0.721680 0.518229 0.725586 0.518229 0.726562 0.519531 0.729492 0.519531 0.730469 0.518229 0.737305 0.518229 0.738281 0.519531 0.742188 0.519531 0.743164 0.518229 0.748047 0.518229 0.753906 0.514323 0.756836 0.509115 0.756836 0.506510 0.757812 0.505208 0.757812 0.500000 0.758789 0.498698 0.758789 0.493490 0.759766 0.492188 0.759766 0.477865 0.758789 0.476562 0.757812 0.468750 0.755859 0.463542 0.751953 0.462240 0.750977 0.460938 0.747070 0.460938 0.746094 0.459635 0.742188 0.459635 0.741211 0.458333 0.734375 0.458333 0.733398 0.457031 0.720703 0.457031 0.719727 0.458333
0 0.775391 0.453125 0.773438 0.454427 0.773438 0.460938 0.768555 0.467448 0.767578 0.467448 0.762695 0.475260 0.760742 0.476562 0.760742 0.488281 0.759766 0.489583 0.758789 0.505208 0.757812 0.506510 0.760742 0.511719 0.768555 0.516927 0.770508 0.516927 0.773438 0.519531 0.778320 0.519531 0.783203 0.523438 0.784180 0.522135 0.787109 0.522135 0.789062 0.519531 0.791016 0.519531 0.792969 0.516927 0.793945 0.516927 0.805664 0.501302 0.807617 0.500000 0.807617 0.498698 0.809570 0.496094 0.809570 0.493490 0.808594 0.492188 0.808594 0.486979 0.807617 0.485677 0.807617 0.480469 0.806641 0.479167 0.806641 0.471354 0.802734 0.464844 0.801758 0.464844 0.796875 0.458333 0.792969 0.455729 0.788086 0.454427 0.787109 0.453125
0 0.715820 0.385417 0.710938 0.393229 0.707031 0.402344 0.708008 0.423177 0.711914 0.433594 0.715820 0.438802 0.726562 0.442708 0.736328 0.449219 0.739258 0.449219 0.743164 0.451823 0.747070 0.451823 0.750977 0.449219 0.759766 0.440104 0.764648 0.424479 0.764648 0.412760 0.763672 0.411458 0.761719 0.397135 0.758789 0.391927 0.751953 0.389323 0.747070 0.385417 0.741211 0.384115 0.738281 0.381510 0.728516 0.381510 0.723633 0.384115 0.722656 0.382812 0.719727 0.382812 0.717773 0.385417
0 0.814453 0.385417 0.811523 0.389323 0.811523 0.391927 0.810547 0.393229 0.810547 0.403646 0.809570 0.404948 0.809570 0.424479 0.810547 0.425781 0.810547 0.429688 0.812500 0.436198 0.812500 0.446615 0.813477 0.447917 0.813477 0.450521 0.815430 0.453125 0.824219 0.453125 0.828125 0.455729 0.833984 0.455729 0.834961 0.457031 0.839844 0.457031 0.840820 0.455729 0.845703 0.454427 0.857422 0.440104 0.864258 0.421875 0.864258 0.407552 0.863281 0.406250 0.863281 0.401042 0.860352 0.390625 0.852539 0.390625 0.851562 0.389323 0.847656 0.389323 0.846680 0.388021 0.838867 0.388021 0.837891 0.386719 0.831055 0.386719 0.830078 0.385417 0.819336 0.385417 0.818359 0.384115
0 0.916016 0.470052 0.910156 0.460938 0.910156 0.459635 0.900391 0.449219 0.898438 0.449219 0.895508 0.451823 0.890625 0.451823 0.889648 0.453125 0.881836 0.453125 0.880859 0.454427 0.878906 0.454427 0.873047 0.458333 0.871094 0.460938 0.870117 0.464844 0.867188 0.470052 0.867188 0.472656 0.864258 0.481771 0.865234 0.483073 0.865234 0.498698 0.869141 0.505208 0.875000 0.509115 0.877930 0.509115 0.881836 0.511719 0.886719 0.511719 0.887695 0.513021 0.892578 0.513021 0.893555 0.511719 0.896484 0.511719 0.897461 0.510417 0.900391 0.510417 0.901367 0.509115 0.906250 0.509115 0.907227 0.507812 0.910156 0.507812 0.913086 0.505208 0.916992 0.496094 0.917969 0.475260
0 0.871094 0.510417 0.869141 0.511719 0.868164 0.514323 0.860352 0.523438 0.858398 0.528646 0.855469 0.532552 0.855469 0.536458 0.853516 0.542969 0.853516 0.561198 0.855469 0.567708 0.864258 0.580729 0.867188 0.587240 0.872070 0.588542 0.873047 0.589844 0.877930 0.589844 0.878906 0.588542 0.880859 0.588542 0.882812 0.585938 0.886719 0.585938 0.887695 0.584635 0.893555 0.583333 0.896484 0.580729 0.898438 0.580729 0.901367 0.576823 0.902344 0.576823 0.907227 0.570312 0.911133 0.559896 0.912109 0.544271 0.909180 0.540365 0.905273 0.537760 0.897461 0.527344 0.890625 0.522135 0.884766 0.514323 0.875000 0.511719 0.874023 0.510417
0 0.886719 0.377604 0.883789 0.390625 0.880859 0.395833 0.879883 0.403646 0.878906 0.404948 0.878906 0.419271 0.879883 0.420573 0.881836 0.430990 0.884766 0.436198 0.892578 0.440104 0.896484 0.440104 0.897461 0.438802 0.915039 0.438802 0.916016 0.437500 0.921875 0.437500 0.922852 0.436198 0.927734 0.436198 0.928711 0.434896 0.933594 0.433594 0.941406 0.424479 0.941406 0.417969 0.942383 0.416667 0.942383 0.402344 0.941406 0.401042 0.941406 0.398438 0.938477 0.391927 0.930664 0.384115 0.924805 0.375000 0.920898 0.372396 0.916992 0.372396 0.916016 0.371094 0.894531 0.371094 0.893555 0.372396 0.891602 0.372396
0 0.894531 0.291667 0.892578 0.290365 0.880859 0.290365 0.879883 0.289062 0.871094 0.290365 0.870117 0.291667 0.864258 0.291667 0.863281 0.292969 0.860352 0.292969 0.859375 0.294271 0.854492 0.295573 0.848633 0.300781 0.844727 0.302083 0.836914 0.311198 0.836914 0.313802 0.835938 0.315104 0.835938 0.329427 0.836914 0.330729 0.837891 0.337240 0.840820 0.342448 0.848633 0.347656 0.853516 0.352865 0.858398 0.354167 0.861328 0.356771 0.870117 0.356771 0.881836 0.348958 0.883789 0.348958 0.893555 0.343750 0.896484 0.343750 0.900391 0.335938 0.901367 0.329427 0.900391 0.328125 0.900391 0.321615 0.899414 0.320312 0.898438 0.307292 0.897461 0.305990
0 0.799805 0.281250 0.797852 0.282552 0.792969 0.290365 0.790039 0.290365 0.788086 0.291667 0.787109 0.294271 0.787109 0.299479 0.786133 0.300781 0.786133 0.320312 0.787109 0.321615 0.787109 0.328125 0.788086 0.329427 0.788086 0.347656 0.796875 0.354167 0.803711 0.354167 0.804688 0.355469 0.806641 0.355469 0.807617 0.354167 0.810547 0.354167 0.816406 0.350260 0.818359 0.350260 0.818359 0.348958 0.820312 0.346354 0.821289 0.346354 0.829102 0.337240 0.831055 0.332031 0.831055 0.307292 0.832031 0.305990 0.832031 0.302083 0.833008 0.299479 0.831055 0.298177 0.827148 0.291667 0.817383 0.283854 0.813477 0.283854 0.812500 0.282552 0.808594 0.282552 0.807617 0.281250
0 0.745117 0.305990 0.739258 0.309896 0.737305 0.312500 0.736328 0.330729 0.733398 0.338542 0.733398 0.347656 0.734375 0.348958 0.734375 0.351562 0.736328 0.354167 0.737305 0.359375 0.740234 0.365885 0.741211 0.372396 0.744141 0.377604 0.750977 0.380208 0.751953 0.381510 0.754883 0.381510 0.755859 0.382812 0.766602 0.382812 0.771484 0.376302 0.785156 0.350260 0.786133 0.341146 0.787109 0.339844 0.787109 0.329427 0.785156 0.325521 0.785156 0.321615 0.781250 0.315104 0.774414 0.311198 0.764648 0.309896 0.763672 0.308594 0.758789 0.308594 0.753906 0.305990
0 0.723633 0.295573 0.710938 0.289062 0.707031 0.289062 0.701172 0.286458 0.691406 0.287760 0.683594 0.294271 0.682617 0.298177 0.677734 0.303385 0.676758 0.307292 0.673828 0.309896 0.672852 0.315104 0.666992 0.324219 0.666992 0.325521 0.670898 0.329427 0.669922 0.337240 0.671875 0.339844 0.671875 0.343750 0.669922 0.345052 0.669922 0.347656 0.672852 0.352865 0.672852 0.355469 0.675781 0.356771 0.677734 0.361979 0.680664 0.361979 0.687500 0.367188 0.693359 0.369792 0.704102 0.367188 0.715820 0.352865 0.734375 0.332031 0.734375 0.328125 0.735352 0.326823 0.735352 0.315104 0.734375 0.313802 0.734375 0.309896
0 0.677734 0.252604 0.669922 0.247396 0.667969 0.247396 0.666992 0.248698 0.658203 0.248698 0.657227 0.250000 0.637695 0.250000 0.635742 0.251302 0.629883 0.260417 0.628906 0.265625 0.625977 0.272135 0.625977 0.274740 0.622070 0.282552 0.622070 0.286458 0.623047 0.287760 0.622070 0.294271 0.623047 0.296875 0.626953 0.299479 0.627930 0.303385 0.630859 0.308594 0.633789 0.311198 0.634766 0.315104 0.651367 0.315104 0.652344 0.313802 0.660156 0.313802 0.661133 0.312500 0.667969 0.312500 0.669922 0.311198 0.676758 0.299479 0.681641 0.285156 0.685547 0.278646 0.685547 0.268229 0.683594 0.264323 0.683594 0.261719 0.677734 0.253906
0 0.663086 0.157552 0.655273 0.156250 0.654297 0.154948 0.652344 0.156250 0.646484 0.156250 0.645508 0.157552 0.634766 0.157552 0.631836 0.160156 0.628906 0.171875 0.625000 0.177083 0.623047 0.178385 0.619141 0.178385 0.616211 0.183594 0.616211 0.195312 0.617188 0.196615 0.617188 0.201823 0.618164 0.203125 0.619141 0.210938 0.621094 0.213542 0.622070 0.221354 0.624023 0.225260 0.629883 0.229167 0.632812 0.229167 0.637695 0.233073 0.643555 0.233073 0.644531 0.234375 0.657227 0.234375 0.665039 0.230469 0.672852 0.229167 0.675781 0.226562 0.676758 0.223958 0.676758 0.217448 0.675781 0.216146 0.675781 0.205729 0.674805 0.204427 0.673828 0.187500 0.671875 0.179688 0.670898 0.166667 0.667969 0.161458
0 0.699219 0.125000 0.688477 0.134115 0.682617 0.145833 0.682617 0.148438 0.680664 0.153646 0.680664 0.160156 0.679688 0.161458 0.679688 0.165365 0.680664 0.166667 0.680664 0.183594 0.683594 0.188802 0.688477 0.191406 0.692383 0.196615 0.693359 0.196615 0.697266 0.203125 0.704102 0.207031 0.708984 0.207031 0.711914 0.204427 0.715820 0.204427 0.719727 0.199219 0.723633 0.197917 0.726562 0.194010 0.735352 0.175781 0.737305 0.158854 0.736328 0.157552 0.735352 0.151042 0.730469 0.149740 0.722656 0.138021 0.715820 0.134115 0.708008 0.126302 0.706055 0.126302 0.705078 0.125000
0 0.615234 0.054688 0.611328 0.059896 0.608398 0.071615 0.608398 0.076823 0.604492 0.091146 0.605469 0.108073 0.610352 0.119792 0.610352 0.123698 0.615234 0.128906 0.615234 0.131510 0.615234 0.126302 0.616211 0.125000 0.620117 0.125000 0.625000 0.128906 0.630859 0.128906 0.636719 0.131510 0.644531 0.131510 0.645508 0.132812 0.649414 0.130208 0.662109 0.111979 0.662109 0.109375 0.664062 0.105469 0.664062 0.101562 0.666016 0.097656 0.666016 0.093750 0.666992 0.092448 0.666992 0.083333 0.666016 0.082031 0.666992 0.062500 0.666016 0.058594 0.662109 0.054688 0.658203 0.054688 0.657227 0.055990 0.653320 0.055990 0.652344 0.054688 0.642578 0.054688 0.641602 0.055990 0.640625 0.054688 0.631836 0.054688 0.630859 0.053385 0.617188 0.053385
0 0.731445 0.229167 0.727539 0.226562 0.721680 0.226562 0.720703 0.225260 0.713867 0.229167 0.711914 0.231771 0.709961 0.231771 0.708984 0.233073 0.698242 0.236979 0.695312 0.239583 0.692383 0.247396 0.686523 0.255208 0.685547 0.257812 0.685547 0.263021 0.686523 0.264323 0.687500 0.273438 0.693359 0.283854 0.696289 0.283854 0.697266 0.285156 0.708008 0.285156 0.708984 0.286458 0.711914 0.286458 0.712891 0.287760 0.717773 0.289062 0.731445 0.279948 0.733398 0.279948 0.737305 0.277344 0.742188 0.272135 0.743164 0.269531 0.743164 0.257812 0.742188 0.256510 0.742188 0.253906 0.740234 0.250000 0.739258 0.244792 0.737305 0.244792 0.735352 0.242188 0.735352 0.236979 0.733398 0.231771
0 0.757812 0.221354 0.757812 0.222656 0.753906 0.226562 0.753906 0.230469 0.750977 0.236979 0.750977 0.239583 0.748047 0.248698 0.748047 0.257812 0.749023 0.259115 0.749023 0.263021 0.750000 0.264323 0.750977 0.272135 0.753906 0.276042 0.759766 0.279948 0.767578 0.281250 0.777344 0.286458 0.780273 0.286458 0.786133 0.290365 0.791992 0.290365 0.792969 0.289062 0.794922 0.289062 0.795898 0.283854 0.800781 0.277344 0.800781 0.274740 0.802734 0.270833 0.802734 0.265625 0.803711 0.264323 0.803711 0.247396 0.802734 0.246094 0.802734 0.240885 0.800781 0.235677 0.800781 0.230469 0.799805 0.227865 0.796875 0.225260 0.791016 0.223958 0.788086 0.221354 0.776367 0.220052 0.775391 0.218750 0.761719 0.218750
0 0.981445 0.408854 0.964844 0.397135 0.954102 0.393229 0.949219 0.397135 0.946289 0.397135 0.944336 0.403646 0.943359 0.421875 0.941406 0.427083 0.936523 0.433594 0.927734 0.437500 0.923828 0.442708 0.916016 0.445312 0.915039 0.449219 0.916992 0.455729 0.921875 0.463542 0.930664 0.470052 0.940430 0.471354 0.945312 0.468750 0.953125 0.468750 0.954102 0.470052 0.961914 0.464844 0.961914 0.460938 0.962891 0.459635 0.963867 0.460938 0.967773 0.460938 0.968750 0.459635 0.965820 0.458333 0.964844 0.454427 0.965820 0.450521 0.967773 0.447917 0.969727 0.436198 0.971680 0.434896 0.973633 0.430990 0.977539 0.430990 0.977539 0.424479 0.978516 0.423177 0.979492 0.415365 0.981445 0.412760
