0 0.058594 0.214844 0.056641 0.218750 0.055664 0.226562 0.051758 0.231771 0.050781 0.235677 0.049805 0.252604 0.050781 0.253906 0.050781 0.260417 0.053711 0.270833 0.062500 0.285156 0.067383 0.286458 0.073242 0.290365 0.080078 0.290365 0.083008 0.287760 0.089844 0.286458 0.103516 0.277344 0.109375 0.276042 0.115234 0.269531 0.117188 0.263021 0.117188 0.256510 0.118164 0.255208 0.118164 0.242188 0.114258 0.231771 0.110352 0.225260 0.106445 0.226562 0.096680 0.217448 0.090820 0.217448 0.085938 0.212240 0.083008 0.210938 0.067383 0.209635 0.066406 0.210938 0.063477 0.210938 0.061523 0.213542
0 0.138672 0.204427 0.132812 0.216146 0.122070 0.231771 0.122070 0.235677 0.121094 0.236979 0.121094 0.248698 0.122070 0.250000 0.122070 0.255208 0.125977 0.265625 0.129883 0.270833 0.145508 0.281250 0.154297 0.282552 0.158203 0.285156 0.166992 0.285156 0.171875 0.282552 0.175781 0.277344 0.179688 0.265625 0.185547 0.256510 0.185547 0.244792 0.172852 0.220052 0.171875 0.216146 0.165039 0.208333 0.154297 0.203125 0.150391 0.203125 0.146484 0.205729 0.139648 0.205729
0 0.243164 0.162760 0.238281 0.170573 0.235352 0.179688 0.235352 0.186198 0.236328 0.187500 0.235352 0.222656 0.238281 0.227865 0.252930 0.234375 0.276367 0.234375 0.277344 0.233073 0.282227 0.233073 0.288086 0.229167 0.290039 0.229167 0.293945 0.223958 0.298828 0.207031 0.298828 0.179688 0.296875 0.175781 0.296875 0.173177 0.293945 0.169271 0.285156 0.164062 0.283203 0.164062 0.273438 0.156250 0.267578 0.154948 0.266602 0.153646 0.265625 0.154948 0.253906 0.153646 0.248047 0.157552 0.246094 0.161458
0 0.339844 0.153646 0.336914 0.154948 0.329102 0.162760 0.321289 0.174479 0.316406 0.192708 0.316406 0.200521 0.317383 0.201823 0.318359 0.210938 0.327148 0.231771 0.332031 0.238281 0.341797 0.244792 0.344727 0.244792 0.345703 0.246094 0.354492 0.246094 0.360352 0.243490 0.365234 0.239583 0.369141 0.231771 0.369141 0.221354 0.370117 0.217448 0.372070 0.214844 0.373047 0.208333 0.375977 0.201823 0.375977 0.197917 0.376953 0.196615 0.376953 0.184896 0.375000 0.182292 0.374023 0.178385 0.363281 0.164062 0.355469 0.157552 0.353516 0.153646
0 0.391602 0.192708 0.390625 0.194010 0.384766 0.195312 0.379883 0.200521 0.375000 0.210938 0.375000 0.214844 0.372070 0.220052 0.371094 0.229167 0.374023 0.240885 0.374023 0.246094 0.375977 0.253906 0.379883 0.263021 0.379883 0.265625 0.381836 0.268229 0.393555 0.273438 0.399414 0.279948 0.403320 0.281250 0.406250 0.278646 0.410156 0.272135 0.415039 0.268229 0.423828 0.255208 0.423828 0.252604 0.427734 0.246094 0.427734 0.242188 0.429688 0.235677 0.429688 0.226562 0.423828 0.210938 0.422852 0.205729 0.414062 0.195312 0.411133 0.194010 0.410156 0.196615 0.405273 0.197917 0.399414 0.194010
0 0.420898 0.134115 0.416992 0.145833 0.416992 0.151042 0.413086 0.161458 0.413086 0.166667 0.417969 0.180990 0.420898 0.195312 0.423828 0.199219 0.434570 0.205729 0.447266 0.207031 0.450195 0.209635 0.458984 0.208333 0.458984 0.207031 0.467773 0.196615 0.476562 0.178385 0.476562 0.174479 0.478516 0.167969 0.478516 0.152344 0.473633 0.135417 0.467773 0.131510 0.443359 0.131510 0.442383 0.130208 0.429688 0.130208
0 0.495117 0.141927 0.484375 0.157552 0.480469 0.169271 0.480469 0.174479 0.479492 0.175781 0.480469 0.203125 0.479492 0.205729 0.481445 0.210938 0.485352 0.216146 0.488281 0.217448 0.496094 0.227865 0.503906 0.229167 0.504883 0.230469 0.509766 0.230469 0.510742 0.231771 0.517578 0.231771 0.518555 0.230469 0.525391 0.229167 0.533203 0.222656 0.541992 0.210938 0.543945 0.203125 0.543945 0.191406 0.542969 0.190104 0.542969 0.180990 0.541016 0.174479 0.533203 0.165365 0.532227 0.157552 0.530273 0.152344 0.523438 0.145833 0.516602 0.141927 0.510742 0.141927 0.509766 0.143229 0.506836 0.141927
0 0.589844 0.136719 0.578125 0.135417 0.577148 0.134115 0.573242 0.134115 0.572266 0.135417 0.570312 0.134115 0.564453 0.134115 0.556641 0.138021 0.555664 0.143229 0.548828 0.157552 0.547852 0.167969 0.544922 0.173177 0.545898 0.192708 0.549805 0.203125 0.549805 0.212240 0.552734 0.217448 0.554688 0.217448 0.560547 0.221354 0.565430 0.221354 0.566406 0.222656 0.574219 0.220052 0.580078 0.216146 0.586914 0.207031 0.598633 0.196615 0.606445 0.183594 0.606445 0.179688 0.607422 0.178385 0.606445 0.177083 0.606445 0.170573 0.604492 0.165365 0.604492 0.160156 0.600586 0.152344 0.597656 0.143229
0 0.591797 0.233073 0.583008 0.229167 0.569336 0.230469 0.562500 0.235677 0.556641 0.238281 0.546875 0.246094 0.546875 0.256510 0.545898 0.257812 0.545898 0.266927 0.544922 0.268229 0.544922 0.292969 0.551758 0.307292 0.564453 0.322917 0.569336 0.322917 0.578125 0.316406 0.580078 0.316406 0.586914 0.311198 0.592773 0.308594 0.602539 0.299479 0.605469 0.298177 0.607422 0.292969 0.608398 0.281250 0.609375 0.279948 0.607422 0.270833 0.607422 0.265625 0.599609 0.243490
0 0.488281 0.234375 0.482422 0.242188 0.480469 0.248698 0.478516 0.251302 0.478516 0.256510 0.477539 0.257812 0.477539 0.263021 0.483398 0.272135 0.484375 0.276042 0.488281 0.281250 0.489258 0.289062 0.486328 0.291667 0.488281 0.299479 0.495117 0.308594 0.500000 0.312500 0.502930 0.312500 0.503906 0.313802 0.514648 0.313802 0.520508 0.317708 0.525391 0.316406 0.534180 0.299479 0.537109 0.287760 0.539062 0.283854 0.539062 0.265625 0.538086 0.261719 0.533203 0.252604 0.521484 0.239583 0.518555 0.239583 0.513672 0.236979 0.508789 0.238281 0.505859 0.235677 0.501953 0.235677 0.499023 0.233073 0.495117 0.233073 0.494141 0.231771 0.491211 0.234375
0 0.444336 0.244792 0.443359 0.246094 0.440430 0.246094 0.434570 0.251302 0.428711 0.266927 0.425781 0.270833 0.423828 0.276042 0.422852 0.286458 0.421875 0.287760 0.421875 0.298177 0.422852 0.302083 0.425781 0.305990 0.428711 0.316406 0.435547 0.325521 0.443359 0.330729 0.449219 0.338542 0.453125 0.341146 0.458984 0.341146 0.465820 0.335938 0.471680 0.333333 0.478516 0.324219 0.479492 0.315104 0.481445 0.308594 0.481445 0.303385 0.482422 0.302083 0.484375 0.278646 0.482422 0.276042 0.481445 0.272135 0.477539 0.266927 0.464844 0.256510 0.463867 0.252604 0.459961 0.250000 0.458984 0.247396 0.453125 0.244792
0 0.352539 0.277344 0.348633 0.282552 0.343750 0.292969 0.343750 0.299479 0.342773 0.300781 0.342773 0.305990 0.345703 0.312500 0.346680 0.320312 0.351562 0.329427 0.360352 0.338542 0.363281 0.338542 0.367188 0.341146 0.372070 0.341146 0.373047 0.342448 0.383789 0.342448 0.390625 0.338542 0.396484 0.333333 0.399414 0.328125 0.402344 0.325521 0.406250 0.315104 0.406250 0.303385 0.405273 0.302083 0.405273 0.298177 0.404297 0.296875 0.404297 0.292969 0.403320 0.291667 0.402344 0.285156 0.396484 0.278646 0.390625 0.274740 0.388672 0.274740 0.381836 0.269531 0.366211 0.269531 0.365234 0.270833 0.360352 0.270833
0 0.308594 0.229167 0.305664 0.230469 0.299805 0.236979 0.293945 0.236979 0.290039 0.239583 0.278320 0.256510 0.276367 0.261719 0.276367 0.269531 0.278320 0.277344 0.283203 0.283854 0.285156 0.289062 0.286133 0.298177 0.291016 0.305990 0.298828 0.311198 0.302734 0.311198 0.306641 0.313802 0.312500 0.313802 0.318359 0.316406 0.323242 0.313802 0.328125 0.307292 0.333984 0.303385 0.338867 0.295573 0.341797 0.283854 0.341797 0.264323 0.338867 0.253906 0.333008 0.246094 0.321289 0.235677 0.322266 0.230469 0.311523 0.230469
0 0.215820 0.236979 0.209961 0.260417 0.209961 0.278646 0.210938 0.279948 0.210938 0.283854 0.212891 0.286458 0.213867 0.290365 0.216797 0.294271 0.217773 0.298177 0.225586 0.303385 0.229492 0.307292 0.242188 0.307292 0.244141 0.308594 0.245117 0.307292 0.249023 0.307292 0.253906 0.302083 0.265625 0.294271 0.267578 0.294271 0.273438 0.287760 0.275391 0.282552 0.275391 0.272135 0.274414 0.270833 0.273438 0.257812 0.269531 0.250000 0.260742 0.240885 0.251953 0.236979 0.249023 0.234375 0.242188 0.233073 0.238281 0.230469 0.234375 0.230469 0.230469 0.226562 0.227539 0.226562 0.222656 0.229167 0.220703 0.233073
0 0.180664 0.282552 0.177734 0.286458 0.169922 0.292969 0.168945 0.296875 0.164062 0.305990 0.164062 0.311198 0.163086 0.312500 0.163086 0.317708 0.164062 0.319010 0.164062 0.330729 0.166992 0.341146 0.170898 0.346354 0.174805 0.354167 0.176758 0.354167 0.180664 0.356771 0.208984 0.358073 0.212891 0.355469 0.218750 0.348958 0.222656 0.337240 0.224609 0.334635 0.224609 0.330729 0.225586 0.329427 0.225586 0.324219 0.222656 0.317708 0.222656 0.313802 0.220703 0.311198 0.217773 0.302083 0.209961 0.292969 0.200195 0.286458 0.193359 0.285156 0.189453 0.281250 0.183594 0.281250 0.182617 0.282552
0 0.154297 0.289062 0.140625 0.281250 0.132812 0.279948 0.130859 0.277344 0.114258 0.278646 0.108398 0.285156 0.103516 0.287760 0.090820 0.303385 0.085938 0.320312 0.086914 0.338542 0.092773 0.351562 0.103516 0.363281 0.106445 0.364583 0.121094 0.364583 0.125977 0.367188 0.130859 0.367188 0.133789 0.364583 0.135742 0.364583 0.146484 0.355469 0.149414 0.348958 0.159180 0.334635 0.161133 0.329427 0.160156 0.309896 0.158203 0.305990 0.159180 0.298177 0.158203 0.294271 0.154297 0.291667
0 0.013672 0.317708 0.013672 0.320312 0.012695 0.321615 0.012695 0.337240 0.016602 0.350260 0.024414 0.360677 0.033203 0.367188 0.035156 0.367188 0.039062 0.369792 0.042969 0.369792 0.043945 0.371094 0.051758 0.371094 0.052734 0.372396 0.068359 0.372396 0.072266 0.367188 0.073242 0.363281 0.077148 0.356771 0.077148 0.352865 0.079102 0.348958 0.079102 0.345052 0.080078 0.343750 0.080078 0.333333 0.079102 0.332031 0.079102 0.329427 0.077148 0.325521 0.077148 0.322917 0.074219 0.317708 0.068359 0.309896 0.068359 0.308594 0.063477 0.303385 0.056641 0.302083 0.055664 0.300781 0.044922 0.300781 0.041992 0.303385 0.037109 0.304688 0.033203 0.308594 0.030273 0.308594 0.025391 0.312500 0.023438 0.312500 0.022461 0.313802 0.016602 0.313802
0 0.025391 0.393229 0.020508 0.403646 0.020508 0.414062 0.021484 0.415365 0.022461 0.424479 0.026367 0.433594 0.035156 0.444010 0.045898 0.451823 0.052734 0.453125 0.053711 0.454427 0.075195 0.453125 0.079102 0.450521 0.090820 0.434896 0.092773 0.429688 0.092773 0.412760 0.088867 0.402344 0.088867 0.398438 0.086914 0.397135 0.086914 0.388021 0.082031 0.380208 0.080078 0.378906 0.073242 0.378906 0.065430 0.375000 0.049805 0.376302 0.037109 0.386719 0.029297 0.388021
0 0.110352 0.369792 0.107422 0.373698 0.106445 0.380208 0.104492 0.384115 0.101562 0.395833 0.100586 0.417969 0.102539 0.423177 0.119141 0.444010 0.127930 0.446615 0.131836 0.449219 0.134766 0.453125 0.139648 0.455729 0.146484 0.454427 0.153320 0.440104 0.154297 0.430990 0.158203 0.427083 0.160156 0.421875 0.160156 0.417969 0.162109 0.411458 0.162109 0.399740 0.161133 0.397135 0.152344 0.384115 0.149414 0.382812 0.148438 0.380208 0.144531 0.377604 0.142578 0.373698 0.136719 0.373698 0.132812 0.371094 0.128906 0.371094 0.121094 0.367188 0.117188 0.367188 0.116211 0.368490 0.112305 0.368490
0 0.193359 0.372396 0.187500 0.376302 0.183594 0.381510 0.182617 0.381510 0.177734 0.388021 0.176758 0.388021 0.176758 0.389323 0.174805 0.390625 0.171875 0.395833 0.171875 0.399740 0.170898 0.401042 0.170898 0.410156 0.169922 0.411458 0.169922 0.425781 0.170898 0.427083 0.170898 0.433594 0.172852 0.437500 0.176758 0.438802 0.183594 0.447917 0.192383 0.455729 0.194336 0.455729 0.197266 0.458333 0.209961 0.458333 0.210938 0.457031 0.212891 0.457031 0.223633 0.438802 0.223633 0.423177 0.225586 0.419271 0.225586 0.414062 0.226562 0.412760 0.225586 0.404948 0.217773 0.391927 0.217773 0.388021 0.208984 0.376302 0.205078 0.375000 0.200195 0.371094 0.198242 0.372396
0 0.227539 0.333333 0.221680 0.343750 0.220703 0.351562 0.217773 0.358073 0.217773 0.360677 0.214844 0.365885 0.214844 0.373698 0.216797 0.377604 0.217773 0.382812 0.234375 0.404948 0.239258 0.407552 0.244141 0.407552 0.245117 0.408854 0.249023 0.408854 0.250000 0.410156 0.256836 0.410156 0.257812 0.408854 0.262695 0.407552 0.267578 0.403646 0.275391 0.391927 0.275391 0.389323 0.277344 0.384115 0.277344 0.378906 0.278320 0.377604 0.277344 0.369792 0.272461 0.359375 0.264648 0.351562 0.252930 0.337240 0.248047 0.333333
0 0.311523 0.316406 0.304688 0.316406 0.302734 0.319010 0.300781 0.319010 0.294922 0.324219 0.285156 0.338542 0.284180 0.342448 0.277344 0.350260 0.275391 0.355469 0.275391 0.361979 0.279297 0.369792 0.281250 0.380208 0.286133 0.386719 0.290039 0.394531 0.296875 0.399740 0.303711 0.399740 0.304688 0.401042 0.307617 0.401042 0.313477 0.395833 0.318359 0.393229 0.324219 0.388021 0.328125 0.382812 0.328125 0.381510 0.333008 0.375000 0.334961 0.368490 0.334961 0.363281 0.333984 0.361979 0.333984 0.345052 0.333008 0.342448 0.330078 0.342448 0.328125 0.338542 0.320312 0.329427 0.318359 0.324219
0 0.355469 0.342448 0.354492 0.343750 0.349609 0.345052 0.345703 0.350260 0.344727 0.355469 0.336914 0.373698 0.336914 0.376302 0.334961 0.381510 0.334961 0.388021 0.335938 0.389323 0.336914 0.399740 0.341797 0.410156 0.354492 0.424479 0.356445 0.425781 0.371094 0.424479 0.383789 0.416667 0.383789 0.415365 0.394531 0.402344 0.394531 0.399740 0.395508 0.398438 0.395508 0.385417 0.394531 0.384115 0.394531 0.378906 0.389648 0.364583 0.381836 0.352865 0.377930 0.351562 0.372070 0.346354 0.367188 0.346354 0.366211 0.345052 0.362305 0.345052 0.359375 0.342448
0 0.434570 0.332031 0.422852 0.339844 0.418945 0.339844 0.418945 0.342448 0.416016 0.350260 0.416016 0.360677 0.415039 0.361979 0.415039 0.384115 0.418945 0.393229 0.424805 0.398438 0.430664 0.408854 0.437500 0.417969 0.440430 0.419271 0.442383 0.421875 0.449219 0.421875 0.455078 0.416667 0.458984 0.415365 0.462891 0.411458 0.468750 0.402344 0.469727 0.398438 0.472656 0.394531 0.474609 0.389323 0.474609 0.377604 0.463867 0.350260 0.460938 0.348958 0.458008 0.345052 0.452148 0.345052 0.445312 0.341146 0.442383 0.335938 0.440430 0.334635 0.436523 0.334635
0 0.503906 0.316406 0.502930 0.317708 0.500977 0.317708 0.498047 0.321615 0.495117 0.322917 0.490234 0.329427 0.487305 0.330729 0.483398 0.335938 0.483398 0.338542 0.481445 0.343750 0.481445 0.361979 0.486328 0.369792 0.487305 0.369792 0.495117 0.380208 0.500977 0.384115 0.504883 0.389323 0.504883 0.390625 0.513672 0.390625 0.522461 0.384115 0.524414 0.384115 0.532227 0.378906 0.537109 0.372396 0.541016 0.361979 0.541992 0.350260 0.541016 0.348958 0.541016 0.345052 0.537109 0.334635 0.529297 0.325521 0.516602 0.316406
0 0.598633 0.359375 0.593750 0.358073 0.592773 0.359375 0.587891 0.359375 0.586914 0.360677 0.584961 0.360677 0.581055 0.363281 0.578125 0.363281 0.577148 0.364583 0.573242 0.364583 0.568359 0.367188 0.564453 0.373698 0.560547 0.376302 0.562500 0.380208 0.562500 0.386719 0.560547 0.391927 0.560547 0.395833 0.561523 0.397135 0.560547 0.399740 0.560547 0.417969 0.562500 0.421875 0.569336 0.428385 0.578125 0.428385 0.579102 0.427083 0.586914 0.427083 0.587891 0.425781 0.596680 0.424479 0.600586 0.421875 0.608398 0.411458 0.611328 0.402344 0.611328 0.398438 0.612305 0.397135 0.611328 0.395833 0.611328 0.388021 0.610352 0.386719 0.609375 0.380208 0.605469 0.375000 0.603516 0.368490
0 0.619141 0.429688 0.612305 0.424479 0.604492 0.424479 0.603516 0.425781 0.600586 0.425781 0.596680 0.428385 0.593750 0.428385 0.592773 0.429688 0.587891 0.429688 0.586914 0.430990 0.583008 0.430990 0.580078 0.433594 0.578125 0.433594 0.575195 0.437500 0.572266 0.438802 0.570312 0.441406 0.567383 0.449219 0.567383 0.462240 0.568359 0.464844 0.575195 0.473958 0.575195 0.475260 0.579102 0.480469 0.581055 0.480469 0.583984 0.484375 0.583984 0.485677 0.593750 0.485677 0.594727 0.484375 0.600586 0.484375 0.601562 0.483073 0.604492 0.483073 0.605469 0.481771 0.609375 0.481771 0.611328 0.480469 0.616211 0.472656 0.621094 0.459635 0.621094 0.455729 0.622070 0.454427 0.622070 0.445312 0.621094 0.444010 0.621094 0.437500 0.622070 0.434896
0 0.505859 0.395833 0.501953 0.407552 0.501953 0.424479 0.502930 0.425781 0.502930 0.429688 0.504883 0.433594 0.504883 0.436198 0.506836 0.438802 0.509766 0.446615 0.512695 0.450521 0.513672 0.454427 0.516602 0.458333 0.522461 0.459635 0.523438 0.460938 0.526367 0.460938 0.527344 0.462240 0.535156 0.462240 0.537109 0.459635 0.541016 0.457031 0.543945 0.457031 0.548828 0.451823 0.552734 0.441406 0.553711 0.434896 0.555664 0.430990 0.555664 0.428385 0.557617 0.423177 0.557617 0.411458 0.553711 0.399740 0.550781 0.395833 0.548828 0.395833 0.544922 0.393229 0.513672 0.393229 0.512695 0.394531
0 0.494141 0.417969 0.492188 0.416667 0.486328 0.416667 0.485352 0.415365 0.484375 0.416667 0.470703 0.416667 0.469727 0.417969 0.466797 0.417969 0.461914 0.420573 0.450195 0.436198 0.449219 0.438802 0.449219 0.446615 0.448242 0.447917 0.448242 0.467448 0.450195 0.472656 0.451172 0.472656 0.457031 0.479167 0.460938 0.480469 0.463867 0.483073 0.465820 0.483073 0.466797 0.484375 0.472656 0.484375 0.473633 0.485677 0.478516 0.485677 0.479492 0.486979 0.484375 0.486979 0.491211 0.480469 0.494141 0.479167 0.498047 0.473958 0.500000 0.467448 0.500000 0.442708 0.498047 0.436198 0.498047 0.429688 0.499023 0.428385 0.498047 0.427083 0.498047 0.423177
0 0.406250 0.397135 0.398438 0.402344 0.394531 0.407552 0.391602 0.408854 0.390625 0.411458 0.387695 0.412760 0.383789 0.424479 0.383789 0.440104 0.384766 0.441406 0.384766 0.445312 0.386719 0.447917 0.387695 0.453125 0.391602 0.458333 0.391602 0.459635 0.397461 0.466146 0.399414 0.466146 0.407227 0.471354 0.415039 0.473958 0.419922 0.477865 0.423828 0.477865 0.428711 0.475260 0.435547 0.468750 0.440430 0.458333 0.440430 0.455729 0.441406 0.454427 0.441406 0.436198 0.440430 0.434896 0.440430 0.430990 0.437500 0.425781 0.436523 0.421875 0.423828 0.404948 0.416016 0.404948 0.415039 0.403646 0.413086 0.403646 0.411133 0.401042 0.411133 0.398438
0 0.340820 0.415365 0.339844 0.416667 0.334961 0.416667 0.333008 0.415365 0.332031 0.416667 0.327148 0.416667 0.326172 0.417969 0.322266 0.416667 0.314453 0.425781 0.309570 0.428385 0.309570 0.433594 0.306641 0.437500 0.304688 0.446615 0.302734 0.449219 0.300781 0.455729 0.296875 0.460938 0.296875 0.467448 0.300781 0.475260 0.305664 0.481771 0.311523 0.486979 0.319336 0.490885 0.326172 0.490885 0.335938 0.485677 0.338867 0.485677 0.344727 0.481771 0.358398 0.466146 0.358398 0.451823 0.359375 0.450521 0.358398 0.449219 0.358398 0.442708 0.354492 0.432292 0.348633 0.424479 0.343750 0.420573
0 0.280273 0.412760 0.268555 0.411458 0.267578 0.412760 0.262695 0.412760 0.261719 0.414062 0.251953 0.414062 0.240234 0.419271 0.236328 0.425781 0.235352 0.433594 0.226562 0.444010 0.224609 0.449219 0.226562 0.457031 0.234375 0.462240 0.250000 0.484375 0.256836 0.489583 0.265625 0.490885 0.266602 0.489583 0.271484 0.489583 0.280273 0.484375 0.291016 0.471354 0.292969 0.466146 0.291992 0.450521 0.294922 0.447917 0.297852 0.442708 0.297852 0.437500 0.295898 0.433594 0.295898 0.430990 0.288086 0.423177 0.287109 0.420573
0 0.196289 0.460938 0.195312 0.466146 0.189453 0.480469 0.189453 0.493490 0.190430 0.494792 0.190430 0.498698 0.194336 0.506510 0.205078 0.519531 0.213867 0.520833 0.214844 0.522135 0.219727 0.522135 0.220703 0.523438 0.221680 0.522135 0.227539 0.522135 0.228516 0.520833 0.237305 0.520833 0.241211 0.514323 0.243164 0.507812 0.246094 0.503906 0.246094 0.501302 0.248047 0.497396 0.248047 0.488281 0.245117 0.481771 0.240234 0.475260 0.236328 0.466146 0.226562 0.459635 0.210938 0.459635 0.209961 0.460938 0.206055 0.460938 0.205078 0.459635 0.198242 0.459635
0 0.103516 0.441406 0.101562 0.445312 0.100586 0.450521 0.093750 0.460938 0.091797 0.467448 0.090820 0.485677 0.092773 0.490885 0.096680 0.496094 0.098633 0.501302 0.107422 0.513021 0.113281 0.518229 0.126953 0.524740 0.130859 0.524740 0.133789 0.522135 0.139648 0.522135 0.138672 0.516927 0.142578 0.511719 0.145508 0.511719 0.145508 0.506510 0.146484 0.505208 0.147461 0.494792 0.148438 0.493490 0.147461 0.477865 0.142578 0.466146 0.141602 0.459635 0.133789 0.454427 0.130859 0.450521 0.126953 0.447917 0.118164 0.445312 0.115234 0.442708 0.113281 0.442708 0.111328 0.440104
0 0.131836 0.527344 0.139648 0.549479 0.142578 0.554688 0.142578 0.557292 0.147461 0.570312 0.150391 0.572917 0.153320 0.572917 0.158203 0.575521 0.167969 0.575521 0.168945 0.574219 0.173828 0.574219 0.180664 0.567708 0.184570 0.565104 0.186523 0.565104 0.190430 0.561198 0.192383 0.555990 0.193359 0.549479 0.196289 0.544271 0.196289 0.533854 0.195312 0.532552 0.192383 0.518229 0.187500 0.511719 0.185547 0.511719 0.180664 0.507812 0.177734 0.507812 0.173828 0.505208 0.166016 0.505208 0.165039 0.506510 0.156250 0.506510 0.154297 0.505208 0.148438 0.511719 0.147461 0.518229 0.142578 0.524740 0.140625 0.526042 0.136719 0.526042 0.135742 0.527344
0 0.242188 0.527344 0.235352 0.527344 0.231445 0.529948 0.221680 0.531250 0.219727 0.533854 0.217773 0.533854 0.216797 0.535156 0.212891 0.532552 0.210938 0.535156 0.201172 0.541667 0.196289 0.548177 0.194336 0.553385 0.194336 0.561198 0.193359 0.562500 0.193359 0.565104 0.195312 0.571615 0.201172 0.580729 0.202148 0.580729 0.208008 0.587240 0.211914 0.587240 0.213867 0.588542 0.223633 0.583333 0.231445 0.583333 0.238281 0.587240 0.240234 0.589844 0.243164 0.589844 0.247070 0.584635 0.247070 0.582031 0.250000 0.576823 0.250000 0.571615 0.250977 0.570312 0.250977 0.566406 0.252930 0.561198 0.252930 0.554688 0.249023 0.549479 0.243164 0.536458 0.243164 0.528646
0 0.302734 0.497396 0.297852 0.490885 0.294922 0.490885 0.291992 0.488281 0.288086 0.488281 0.287109 0.486979 0.284180 0.489583 0.279297 0.489583 0.275391 0.492188 0.266602 0.492188 0.265625 0.493490 0.259766 0.494792 0.250977 0.507812 0.247070 0.518229 0.247070 0.523438 0.244141 0.528646 0.244141 0.531250 0.243164 0.532552 0.244141 0.537760 0.249023 0.546875 0.256836 0.555990 0.264648 0.557292 0.265625 0.558594 0.281250 0.558594 0.282227 0.557292 0.288086 0.557292 0.290039 0.555990 0.295898 0.548177 0.297852 0.542969 0.302734 0.535156 0.304688 0.528646 0.304688 0.516927 0.303711 0.515625 0.303711 0.510417 0.305664 0.506510 0.303711 0.502604
0 0.312500 0.578125 0.306641 0.562500 0.302734 0.558594 0.297852 0.558594 0.294922 0.561198 0.293945 0.559896 0.279297 0.559896 0.278320 0.561198 0.275391 0.561198 0.270508 0.565104 0.262695 0.565104 0.256836 0.569010 0.256836 0.570312 0.254883 0.571615 0.250000 0.579427 0.248047 0.584635 0.248047 0.591146 0.255859 0.600260 0.256836 0.604167 0.261719 0.610677 0.265625 0.613281 0.268555 0.613281 0.274414 0.618490 0.284180 0.618490 0.285156 0.617188 0.288086 0.617188 0.289062 0.615885 0.295898 0.613281 0.301758 0.605469 0.303711 0.604167 0.307617 0.596354 0.308594 0.591146 0.312500 0.584635
0 0.354492 0.490885 0.343750 0.489583 0.342773 0.490885 0.339844 0.490885 0.334961 0.493490 0.321289 0.494792 0.312500 0.507812 0.311523 0.515625 0.310547 0.516927 0.310547 0.522135 0.308594 0.527344 0.308594 0.536458 0.309570 0.537760 0.309570 0.541667 0.312500 0.548177 0.313477 0.548177 0.329102 0.570312 0.331055 0.570312 0.332031 0.571615 0.337891 0.571615 0.345703 0.566406 0.348633 0.562500 0.352539 0.561198 0.356445 0.555990 0.360352 0.546875 0.362305 0.533854 0.364258 0.528646 0.364258 0.520833 0.360352 0.509115 0.360352 0.503906 0.359375 0.501302 0.355469 0.497396 0.356445 0.492188
0 0.354492 0.567708 0.351562 0.567708 0.347656 0.570312 0.342773 0.570312 0.337891 0.572917 0.325195 0.571615 0.322266 0.574219 0.318359 0.583333 0.318359 0.585938 0.317383 0.587240 0.317383 0.597656 0.320312 0.605469 0.321289 0.613281 0.324219 0.619792 0.324219 0.622396 0.327148 0.626302 0.327148 0.627604 0.335938 0.635417 0.341797 0.636719 0.342773 0.638021 0.344727 0.638021 0.345703 0.636719 0.352539 0.636719 0.364258 0.626302 0.375977 0.610677 0.375977 0.605469 0.375000 0.604167 0.375000 0.601562 0.371094 0.588542 0.367188 0.580729 0.361328 0.572917 0.360352 0.572917 0.357422 0.569010 0.355469 0.569010
0 0.376953 0.460938 0.372070 0.467448 0.370117 0.472656 0.367188 0.476562 0.363281 0.489583 0.363281 0.500000 0.372070 0.523438 0.375977 0.528646 0.380859 0.531250 0.383789 0.531250 0.384766 0.532552 0.392578 0.532552 0.393555 0.531250 0.400391 0.529948 0.404297 0.527344 0.410156 0.527344 0.412109 0.526042 0.413086 0.522135 0.422852 0.509115 0.423828 0.506510 0.423828 0.502604 0.424805 0.501302 0.424805 0.490885 0.421875 0.483073 0.416992 0.479167 0.415039 0.479167 0.402344 0.472656 0.399414 0.472656 0.398438 0.471354 0.396484 0.471354 0.392578 0.468750 0.389648 0.468750 0.388672 0.467448 0.383789 0.467448 0.380859 0.459635
0 0.373047 0.539062 0.372070 0.541667 0.372070 0.569010 0.373047 0.570312 0.374023 0.575521 0.379883 0.583333 0.380859 0.587240 0.383789 0.591146 0.385742 0.591146 0.386719 0.592448 0.393555 0.592448 0.394531 0.591146 0.396484 0.591146 0.401367 0.595052 0.404297 0.595052 0.405273 0.596354 0.409180 0.596354 0.410156 0.595052 0.412109 0.595052 0.420898 0.582031 0.421875 0.578125 0.426758 0.569010 0.426758 0.559896 0.424805 0.557292 0.423828 0.557292 0.421875 0.554688 0.421875 0.553385 0.412109 0.540365 0.409180 0.539062 0.407227 0.536458 0.403320 0.533854 0.392578 0.533854 0.391602 0.535156 0.376953 0.535156 0.374023 0.539062
0 0.379883 0.611979 0.378906 0.623698 0.379883 0.625000 0.379883 0.630208 0.380859 0.631510 0.380859 0.634115 0.389648 0.647135 0.390625 0.647135 0.394531 0.652344 0.398438 0.654948 0.400391 0.654948 0.401367 0.656250 0.415039 0.656250 0.418945 0.653646 0.421875 0.653646 0.430664 0.643229 0.430664 0.641927 0.436523 0.632812 0.436523 0.626302 0.435547 0.623698 0.431641 0.621094 0.419922 0.606771 0.418945 0.606771 0.412109 0.598958 0.391602 0.598958 0.388672 0.602865 0.387695 0.602865 0.383789 0.609375
0 0.461914 0.492188 0.459961 0.490885 0.457031 0.490885 0.456055 0.489583 0.452148 0.489583 0.451172 0.488281 0.440430 0.488281 0.439453 0.489583 0.434570 0.489583 0.433594 0.490885 0.431641 0.490885 0.429688 0.493490 0.426758 0.501302 0.425781 0.507812 0.417969 0.519531 0.417969 0.520833 0.414062 0.527344 0.414062 0.536458 0.415039 0.539062 0.418945 0.541667 0.420898 0.544271 0.421875 0.548177 0.422852 0.548177 0.425781 0.552083 0.431641 0.553385 0.432617 0.554688 0.444336 0.554688 0.445312 0.553385 0.456055 0.552083 0.458008 0.550781 0.463867 0.542969 0.468750 0.529948 0.468750 0.507812 0.467773 0.506510 0.467773 0.502604 0.465820 0.497396
0 0.458008 0.555990 0.447266 0.555990 0.446289 0.557292 0.438477 0.559896 0.434570 0.565104 0.433594 0.569010 0.423828 0.583333 0.420898 0.589844 0.420898 0.601562 0.421875 0.602865 0.421875 0.605469 0.424805 0.609375 0.424805 0.610677 0.431641 0.618490 0.437500 0.622396 0.439453 0.622396 0.443359 0.626302 0.444336 0.625000 0.447266 0.625000 0.450195 0.622396 0.452148 0.622396 0.458984 0.618490 0.466797 0.609375 0.469727 0.608073 0.471680 0.602865 0.471680 0.596354 0.472656 0.595052 0.472656 0.572917 0.471680 0.571615 0.471680 0.569010 0.468750 0.565104 0.468750 0.563802 0.467773 0.563802 0.462891 0.558594 0.458984 0.557292
0 0.477539 0.632812 0.469727 0.621094 0.465820 0.621094 0.464844 0.619792 0.461914 0.619792 0.455078 0.625000 0.452148 0.625000 0.451172 0.626302 0.449219 0.626302 0.448242 0.627604 0.444336 0.628906 0.429688 0.649740 0.427734 0.649740 0.426758 0.652344 0.426758 0.662760 0.423828 0.669271 0.424805 0.670573 0.424805 0.674479 0.427734 0.677083 0.430664 0.677083 0.438477 0.682292 0.440430 0.682292 0.441406 0.683594 0.445312 0.683594 0.446289 0.684896 0.454102 0.684896 0.455078 0.683594 0.458984 0.683594 0.459961 0.682292 0.464844 0.680990 0.471680 0.673177 0.471680 0.671875 0.474609 0.667969 0.478516 0.657552 0.480469 0.647135 0.479492 0.645833 0.479492 0.639323 0.478516 0.638021
0 0.496094 0.510417 0.494141 0.511719 0.488281 0.519531 0.485352 0.520833 0.483398 0.523438 0.482422 0.527344 0.477539 0.532552 0.476562 0.540365 0.477539 0.541667 0.477539 0.546875 0.478516 0.548177 0.478516 0.550781 0.481445 0.554688 0.481445 0.555990 0.490234 0.567708 0.491211 0.567708 0.493164 0.570312 0.502930 0.570312 0.503906 0.571615 0.510742 0.571615 0.511719 0.570312 0.516602 0.570312 0.518555 0.567708 0.520508 0.567708 0.522461 0.565104 0.523438 0.565104 0.526367 0.559896 0.526367 0.557292 0.528320 0.552083 0.528320 0.548177 0.529297 0.546875 0.529297 0.542969 0.530273 0.541667 0.530273 0.536458 0.529297 0.535156 0.529297 0.532552 0.514648 0.514323 0.510742 0.513021 0.505859 0.509115 0.500000 0.509115 0.499023 0.510417
0 0.481445 0.563802 0.478516 0.566406 0.476562 0.572917 0.476562 0.578125 0.477539 0.579427 0.476562 0.582031 0.476562 0.598958 0.475586 0.600260 0.475586 0.611979 0.476562 0.613281 0.476562 0.617188 0.481445 0.625000 0.486328 0.627604 0.491211 0.632812 0.496094 0.635417 0.500000 0.640625 0.508789 0.640625 0.513672 0.638021 0.523438 0.626302 0.523438 0.589844 0.521484 0.584635 0.514648 0.576823 0.508789 0.576823 0.503906 0.574219 0.498047 0.574219 0.497070 0.572917 0.494141 0.572917 0.487305 0.569010 0.485352 0.565104
0 0.505859 0.653646 0.501953 0.651042 0.494141 0.651042 0.491211 0.653646 0.489258 0.653646 0.485352 0.657552 0.482422 0.657552 0.478516 0.662760 0.477539 0.667969 0.473633 0.675781 0.465820 0.686198 0.465820 0.692708 0.467773 0.697917 0.467773 0.705729 0.465820 0.708333 0.464844 0.717448 0.466797 0.721354 0.469727 0.723958 0.472656 0.723958 0.478516 0.727865 0.487305 0.727865 0.488281 0.729167 0.492188 0.729167 0.493164 0.727865 0.500977 0.727865 0.501953 0.726562 0.503906 0.726562 0.505859 0.725260 0.513672 0.714844 0.515625 0.709635 0.515625 0.705729 0.516602 0.704427 0.516602 0.699219 0.515625 0.697917 0.515625 0.673177 0.507812 0.662760 0.507812 0.660156 0.508789 0.658854 0.505859 0.654948
0 0.532227 0.467448 0.530273 0.470052 0.529297 0.477865 0.528320 0.479167 0.528320 0.484375 0.529297 0.486979 0.526367 0.492188 0.526367 0.501302 0.529297 0.509115 0.533203 0.514323 0.534180 0.514323 0.541016 0.520833 0.543945 0.520833 0.544922 0.522135 0.557617 0.522135 0.558594 0.520833 0.562500 0.520833 0.566406 0.518229 0.569336 0.513021 0.573242 0.510417 0.576172 0.510417 0.579102 0.506510 0.580078 0.503906 0.580078 0.498698 0.581055 0.497396 0.581055 0.492188 0.582031 0.490885 0.581055 0.489583 0.581055 0.484375 0.579102 0.481771 0.578125 0.481771 0.571289 0.472656 0.570312 0.470052 0.569336 0.470052 0.561523 0.462240 0.557617 0.460938 0.556641 0.459635 0.554688 0.459635 0.553711 0.458333 0.547852 0.458333 0.541016 0.464844 0.539062 0.464844 0.535156 0.467448
0 0.564453 0.523438 0.560547 0.523438 0.557617 0.526042 0.540039 0.524740 0.536133 0.527344 0.535156 0.535156 0.531250 0.541667 0.531250 0.544271 0.530273 0.545573 0.530273 0.550781 0.529297 0.552083 0.529297 0.557292 0.527344 0.562500 0.527344 0.567708 0.528320 0.569010 0.530273 0.583333 0.533203 0.592448 0.535156 0.592448 0.536133 0.593750 0.549805 0.593750 0.550781 0.595052 0.557617 0.595052 0.561523 0.592448 0.563477 0.589844 0.563477 0.588542 0.566406 0.584635 0.567383 0.584635 0.573242 0.575521 0.574219 0.572917 0.574219 0.569010 0.575195 0.567708 0.575195 0.559896 0.574219 0.558594 0.574219 0.544271 0.572266 0.540365 0.572266 0.537760 0.570312 0.532552
0 0.532227 0.597656 0.529297 0.601562 0.527344 0.606771 0.525391 0.618490 0.526367 0.619792 0.526367 0.626302 0.528320 0.631510 0.528320 0.636719 0.529297 0.638021 0.530273 0.644531 0.531250 0.647135 0.539062 0.657552 0.540039 0.657552 0.542969 0.661458 0.547852 0.662760 0.550781 0.665365 0.562500 0.665365 0.563477 0.664062 0.567383 0.664062 0.578125 0.652344 0.578125 0.649740 0.579102 0.648438 0.579102 0.643229 0.577148 0.640625 0.577148 0.638021 0.575195 0.632812 0.571289 0.626302 0.570312 0.622396 0.565430 0.613281 0.563477 0.606771 0.561523 0.604167 0.554688 0.598958 0.552734 0.598958 0.548828 0.596354 0.541992 0.596354 0.540039 0.595052 0.539062 0.596354 0.534180 0.596354
0 0.517578 0.662760 0.516602 0.669271 0.520508 0.678385 0.520508 0.680990 0.519531 0.682292 0.519531 0.686198 0.520508 0.687500 0.520508 0.695312 0.522461 0.697917 0.523438 0.705729 0.525391 0.708333 0.525391 0.709635 0.526367 0.709635 0.528320 0.712240 0.532227 0.714844 0.537109 0.716146 0.540039 0.718750 0.549805 0.720052 0.555664 0.716146 0.561523 0.714844 0.564453 0.710938 0.568359 0.709635 0.571289 0.705729 0.569336 0.700521 0.569336 0.696615 0.566406 0.688802 0.564453 0.678385 0.561523 0.670573 0.559570 0.667969 0.552734 0.667969 0.548828 0.665365 0.543945 0.665365 0.542969 0.664062 0.540039 0.664062 0.537109 0.660156 0.537109 0.658854 0.533203 0.654948 0.533203 0.653646 0.530273 0.653646 0.525391 0.657552 0.523438 0.657552 0.521484 0.658854 0.521484 0.660156 0.519531 0.662760
0 0.607422 0.583333 0.603516 0.583333 0.602539 0.584635 0.600586 0.584635 0.594727 0.588542 0.592773 0.591146 0.586914 0.593750 0.581055 0.600260 0.581055 0.604167 0.580078 0.606771 0.581055 0.608073 0.581055 0.617188 0.582031 0.618490 0.582031 0.622396 0.583984 0.627604 0.583984 0.631510 0.585938 0.635417 0.585938 0.638021 0.586914 0.640625 0.590820 0.644531 0.606445 0.644531 0.608398 0.643229 0.619141 0.631510 0.619141 0.630208 0.623047 0.625000 0.625977 0.617188 0.625977 0.611979 0.625000 0.610677 0.625000 0.604167 0.623047 0.598958 0.621094 0.596354 0.621094 0.595052 0.619141 0.592448 0.617188 0.591146 0.615234 0.591146 0.612305 0.587240 0.611328 0.587240
0 0.586914 0.645833 0.581055 0.649740 0.574219 0.658854 0.574219 0.660156 0.572266 0.662760 0.571289 0.662760 0.570312 0.665365 0.570312 0.673177 0.569336 0.674479 0.570312 0.675781 0.570312 0.686198 0.571289 0.687500 0.571289 0.690104 0.573242 0.692708 0.580078 0.696615 0.582031 0.699219 0.583984 0.700521 0.585938 0.700521 0.586914 0.701823 0.593750 0.701823 0.594727 0.700521 0.597656 0.700521 0.603516 0.696615 0.605469 0.696615 0.609375 0.692708 0.610352 0.692708 0.612305 0.690104 0.614258 0.684896 0.616211 0.683594 0.617188 0.680990 0.617188 0.674479 0.614258 0.669271 0.609375 0.656250 0.609375 0.653646 0.608398 0.651042 0.606445 0.648438 0.604492 0.647135 0.592773 0.647135 0.591797 0.645833
0 0.645508 0.626302 0.640625 0.626302 0.638672 0.627604 0.637695 0.630208 0.636719 0.628906 0.633789 0.628906 0.629883 0.631510 0.625977 0.636719 0.625000 0.640625 0.622070 0.643229 0.624023 0.648438 0.624023 0.653646 0.622070 0.657552 0.622070 0.679688 0.621094 0.680990 0.621094 0.690104 0.622070 0.691406 0.622070 0.694010 0.625977 0.699219 0.642578 0.699219 0.643555 0.697917 0.645508 0.697917 0.647461 0.696615 0.657227 0.683594 0.658203 0.683594 0.659180 0.680990 0.659180 0.647135 0.656250 0.641927 0.655273 0.638021 0.653320 0.635417 0.652344 0.635417 0.650391 0.639323 0.648438 0.638021 0.648438 0.635417 0.650391 0.634115 0.650391 0.631510 0.649414 0.631510 0.647461 0.628906 0.647461 0.627604
0 0.658203 0.542969 0.655273 0.542969 0.655273 0.544271 0.649414 0.550781 0.643555 0.550781 0.642578 0.552083 0.639648 0.549479 0.640625 0.545573 0.647461 0.545573 0.649414 0.544271 0.641602 0.542969 0.638672 0.545573 0.633789 0.553385 0.634766 0.559896 0.631836 0.565104 0.632812 0.569010 0.631836 0.570312 0.631836 0.575521 0.627930 0.579427 0.627930 0.583333 0.625000 0.588542 0.625977 0.601562 0.632812 0.610677 0.640625 0.611979 0.641602 0.613281 0.646484 0.613281 0.653320 0.608073 0.659180 0.605469 0.663086 0.600260 0.664062 0.596354 0.663086 0.593750 0.663086 0.587240 0.665039 0.583333 0.667969 0.585938 0.667969 0.591146 0.668945 0.592448 0.669922 0.591146 0.669922 0.587240 0.668945 0.585938 0.672852 0.571615 0.671875 0.562500
0 0.708984 0.617188 0.705078 0.610677 0.705078 0.609375 0.697266 0.600260 0.697266 0.597656 0.696289 0.596354 0.693359 0.600260 0.692383 0.600260 0.690430 0.597656 0.681641 0.597656 0.677734 0.601562 0.676758 0.601562 0.674805 0.598958 0.672852 0.598958 0.666016 0.604167 0.662109 0.605469 0.660156 0.608073 0.656250 0.610677 0.654297 0.610677 0.650391 0.613281 0.648438 0.615885 0.654297 0.631510 0.658203 0.636719 0.661133 0.644531 0.665039 0.647135 0.668945 0.647135 0.671875 0.649740 0.671875 0.652344 0.675781 0.652344 0.676758 0.653646 0.677734 0.652344 0.681641 0.652344 0.683594 0.656250 0.689453 0.656250 0.690430 0.654948 0.693359 0.654948 0.697266 0.652344 0.702148 0.645833 0.703125 0.643229 0.703125 0.638021 0.708984 0.622396
0 0.708984 0.653646 0.707031 0.652344 0.704102 0.652344 0.703125 0.651042 0.701172 0.651042 0.698242 0.653646 0.696289 0.653646 0.693359 0.656250 0.688477 0.657552 0.680664 0.662760 0.676758 0.657552 0.674805 0.658854 0.671875 0.658854 0.671875 0.664062 0.668945 0.667969 0.668945 0.677083 0.674805 0.692708 0.674805 0.695312 0.676758 0.697917 0.678711 0.703125 0.686523 0.703125 0.687500 0.701823 0.689453 0.701823 0.692383 0.699219 0.694336 0.699219 0.698242 0.696615 0.702148 0.696615 0.708984 0.690104 0.708984 0.687500 0.709961 0.686198 0.709961 0.683594 0.711914 0.679688 0.711914 0.675781 0.712891 0.674479 0.712891 0.658854
0 0.719727 0.589844 0.717773 0.592448 0.712891 0.595052 0.710938 0.601562 0.708008 0.605469 0.708984 0.610677 0.710938 0.608073 0.710938 0.605469 0.711914 0.604167 0.713867 0.604167 0.713867 0.601562 0.715820 0.598958 0.718750 0.601562 0.717773 0.604167 0.714844 0.606771 0.712891 0.613281 0.712891 0.618490 0.711914 0.619792 0.711914 0.626302 0.710938 0.627604 0.711914 0.628906 0.711914 0.636719 0.712891 0.638021 0.712891 0.648438 0.713867 0.649740 0.713867 0.653646 0.718750 0.660156 0.720703 0.660156 0.721680 0.661458 0.731445 0.661458 0.732422 0.660156 0.734375 0.660156 0.746094 0.645833 0.747070 0.643229 0.747070 0.632812 0.746094 0.631510 0.750977 0.628906 0.751953 0.615885 0.740234 0.598958 0.737305 0.597656 0.732422 0.591146 0.729492 0.591146 0.728516 0.589844
0 0.680664 0.553385 0.680664 0.562500 0.686523 0.578125 0.688477 0.580729 0.694336 0.584635 0.696289 0.584635 0.697266 0.585938 0.704102 0.585938 0.705078 0.587240 0.706055 0.585938 0.710938 0.585938 0.714844 0.583333 0.720703 0.582031 0.722656 0.580729 0.729492 0.571615 0.730469 0.571615 0.732422 0.569010 0.731445 0.554688 0.729492 0.552083 0.727539 0.546875 0.724609 0.542969 0.724609 0.541667 0.720703 0.539062 0.718750 0.536458 0.714844 0.536458 0.713867 0.535156 0.708984 0.535156 0.708008 0.533854 0.704102 0.533854 0.703125 0.532552 0.700195 0.532552 0.699219 0.531250 0.695312 0.531250 0.694336 0.529948 0.691406 0.529948 0.690430 0.531250 0.691406 0.539062 0.688477 0.542969 0.684570 0.542969 0.683594 0.544271 0.683594 0.548177
0 0.747070 0.544271 0.749023 0.545573 0.750000 0.549479 0.746094 0.552083 0.739258 0.562500 0.737305 0.562500 0.735352 0.569010 0.735352 0.579427 0.736328 0.582031 0.740234 0.587240 0.740234 0.588542 0.747070 0.596354 0.750000 0.597656 0.753906 0.601562 0.758789 0.601562 0.762695 0.604167 0.770508 0.604167 0.771484 0.602865 0.778320 0.601562 0.786133 0.596354 0.788086 0.593750 0.791992 0.592448 0.794922 0.589844 0.793945 0.587240 0.793945 0.580729 0.792969 0.579427 0.792969 0.574219 0.791016 0.567708 0.790039 0.557292 0.788086 0.552083 0.785156 0.548177 0.777344 0.542969 0.774414 0.542969 0.770508 0.540365 0.765625 0.540365 0.764648 0.541667 0.757812 0.541667 0.756836 0.542969 0.750000 0.542969 0.749023 0.544271
0 0.805664 0.600260 0.801758 0.597656 0.800781 0.598958 0.794922 0.598958 0.793945 0.600260 0.787109 0.601562 0.783203 0.604167 0.778320 0.604167 0.774414 0.606771 0.770508 0.606771 0.769531 0.608073 0.764648 0.608073 0.762695 0.609375 0.758789 0.614583 0.756836 0.619792 0.756836 0.638021 0.758789 0.643229 0.766602 0.652344 0.767578 0.652344 0.771484 0.656250 0.774414 0.656250 0.775391 0.654948 0.787109 0.654948 0.788086 0.653646 0.790039 0.653646 0.791016 0.652344 0.792969 0.652344 0.795898 0.649740 0.799805 0.648438 0.802734 0.644531 0.803711 0.640625 0.805664 0.638021 0.808594 0.630208 0.808594 0.625000 0.809570 0.623698 0.809570 0.615885 0.808594 0.614583 0.808594 0.610677 0.807617 0.609375 0.807617 0.606771 0.806641 0.605469
0 0.843750 0.553385 0.836914 0.548177 0.833008 0.550781 0.824219 0.550781 0.823242 0.552083 0.819336 0.553385 0.817383 0.555990 0.815430 0.555990 0.814453 0.554688 0.811523 0.557292 0.808594 0.557292 0.802734 0.563802 0.798828 0.563802 0.797852 0.565104 0.797852 0.576823 0.798828 0.578125 0.798828 0.585938 0.799805 0.587240 0.799805 0.591146 0.802734 0.595052 0.804688 0.595052 0.807617 0.598958 0.808594 0.606771 0.810547 0.611979 0.812500 0.613281 0.815430 0.613281 0.817383 0.615885 0.819336 0.615885 0.820312 0.617188 0.825195 0.617188 0.833008 0.611979 0.837891 0.610677 0.841797 0.605469 0.841797 0.595052 0.845703 0.584635 0.845703 0.580729 0.846680 0.579427 0.846680 0.563802 0.845703 0.562500 0.845703 0.558594
0 0.833984 0.489583 0.830078 0.485677 0.827148 0.485677 0.826172 0.484375 0.819336 0.484375 0.818359 0.483073 0.814453 0.483073 0.813477 0.484375 0.809570 0.484375 0.807617 0.485677 0.805664 0.488281 0.800781 0.490885 0.795898 0.496094 0.791992 0.498698 0.790039 0.498698 0.788086 0.501302 0.788086 0.502604 0.785156 0.506510 0.782227 0.513021 0.782227 0.516927 0.780273 0.520833 0.780273 0.528646 0.788086 0.540365 0.791992 0.541667 0.792969 0.542969 0.802734 0.542969 0.803711 0.541667 0.805664 0.541667 0.806641 0.540365 0.808594 0.540365 0.812500 0.537760 0.818359 0.537760 0.819336 0.536458 0.821289 0.536458 0.826172 0.529948 0.827148 0.529948 0.827148 0.528646 0.833008 0.520833 0.833984 0.520833 0.837891 0.511719 0.837891 0.498698
0 0.837891 0.424479 0.834961 0.420573 0.831055 0.417969 0.825195 0.417969 0.818359 0.414062 0.811523 0.415365 0.808594 0.419271 0.800781 0.419271 0.798828 0.417969 0.794922 0.421875 0.792969 0.421875 0.791992 0.425781 0.789062 0.429688 0.789062 0.437500 0.786133 0.444010 0.786133 0.446615 0.788086 0.449219 0.787109 0.451823 0.787109 0.462240 0.788086 0.463542 0.788086 0.467448 0.789062 0.468750 0.789062 0.472656 0.791016 0.476562 0.794922 0.476562 0.795898 0.477865 0.803711 0.477865 0.809570 0.481771 0.811523 0.481771 0.812500 0.480469 0.828125 0.480469 0.833008 0.476562 0.833984 0.473958 0.842773 0.463542 0.842773 0.460938 0.844727 0.457031 0.844727 0.451823 0.845703 0.450521 0.843750 0.446615 0.843750 0.442708 0.842773 0.441406 0.841797 0.434896
0 0.820312 0.341146 0.816406 0.341146 0.813477 0.343750 0.812500 0.342448 0.809570 0.342448 0.808594 0.343750 0.801758 0.343750 0.800781 0.345052 0.795898 0.346354 0.789062 0.351562 0.785156 0.352865 0.783203 0.356771 0.775391 0.365885 0.774414 0.369792 0.769531 0.377604 0.769531 0.382812 0.767578 0.386719 0.767578 0.397135 0.768555 0.398438 0.768555 0.403646 0.774414 0.411458 0.779297 0.411458 0.783203 0.408854 0.790039 0.412760 0.802734 0.412760 0.803711 0.411458 0.806641 0.411458 0.816406 0.403646 0.822266 0.391927 0.822266 0.372396 0.823242 0.371094 0.823242 0.365885 0.824219 0.364583 0.824219 0.352865 0.825195 0.351562 0.824219 0.345052
0 0.708984 0.346354 0.700195 0.355469 0.698242 0.361979 0.695312 0.365885 0.694336 0.371094 0.690430 0.377604 0.690430 0.386719 0.688477 0.388021 0.684570 0.380208 0.684570 0.389323 0.687500 0.394531 0.688477 0.401042 0.697266 0.411458 0.701172 0.414062 0.717773 0.414062 0.718750 0.415365 0.729492 0.414062 0.741211 0.399740 0.745117 0.390625 0.748047 0.386719 0.747070 0.376302 0.743164 0.369792 0.742188 0.365885 0.738281 0.361979 0.731445 0.352865 0.731445 0.351562 0.727539 0.350260 0.726562 0.352865 0.722656 0.352865 0.721680 0.350260 0.717773 0.346354 0.714844 0.346354 0.713867 0.345052
0 0.748047 0.402344 0.742188 0.402344 0.728516 0.416667 0.723633 0.419271 0.720703 0.419271 0.724609 0.423177 0.720703 0.429688 0.720703 0.434896 0.719727 0.436198 0.719727 0.445312 0.716797 0.451823 0.716797 0.458333 0.717773 0.459635 0.717773 0.462240 0.718750 0.464844 0.722656 0.468750 0.725586 0.470052 0.729492 0.473958 0.731445 0.473958 0.735352 0.476562 0.743164 0.476562 0.744141 0.475260 0.746094 0.475260 0.755859 0.470052 0.760742 0.464844 0.764648 0.454427 0.764648 0.450521 0.766602 0.445312 0.766602 0.440104 0.767578 0.438802 0.767578 0.428385 0.766602 0.427083 0.766602 0.423177 0.764648 0.417969 0.758789 0.410156 0.755859 0.407552 0.753906 0.407552
0 0.779297 0.476562 0.775391 0.473958 0.767578 0.471354 0.766602 0.470052 0.759766 0.470052 0.752930 0.475260 0.746094 0.476562 0.743164 0.479167 0.739258 0.479167 0.735352 0.481771 0.733398 0.486979 0.731445 0.497396 0.729492 0.501302 0.729492 0.505208 0.727539 0.511719 0.727539 0.516927 0.726562 0.518229 0.726562 0.522135 0.727539 0.524740 0.735352 0.535156 0.740234 0.537760 0.754883 0.537760 0.755859 0.536458 0.759766 0.536458 0.760742 0.535156 0.767578 0.533854 0.772461 0.527344 0.772461 0.526042 0.777344 0.518229 0.780273 0.510417 0.786133 0.501302 0.786133 0.493490 0.781250 0.481771 0.781250 0.479167
0 0.671875 0.476562 0.669922 0.481771 0.670898 0.507812 0.671875 0.507812 0.677734 0.516927 0.683594 0.522135 0.688477 0.523438 0.693359 0.527344 0.695312 0.527344 0.699219 0.529948 0.714844 0.531250 0.715820 0.529948 0.718750 0.529948 0.721680 0.527344 0.723633 0.522135 0.724609 0.506510 0.725586 0.505208 0.725586 0.476562 0.724609 0.473958 0.718750 0.468750 0.712891 0.467448 0.708984 0.464844 0.706055 0.464844 0.704102 0.460938 0.701172 0.458333 0.696289 0.458333 0.686523 0.467448
0 0.653320 0.479167 0.650391 0.479167 0.647461 0.476562 0.644531 0.476562 0.642578 0.479167 0.637695 0.479167 0.627930 0.486979 0.627930 0.488281 0.625977 0.490885 0.624023 0.496094 0.621094 0.500000 0.620117 0.502604 0.620117 0.506510 0.618164 0.509115 0.616211 0.509115 0.613281 0.514323 0.613281 0.519531 0.614258 0.520833 0.614258 0.523438 0.618164 0.531250 0.619141 0.531250 0.621094 0.533854 0.623047 0.533854 0.628906 0.537760 0.639648 0.537760 0.643555 0.535156 0.645508 0.532552 0.649414 0.532552 0.655273 0.524740 0.655273 0.523438 0.658203 0.519531 0.659180 0.515625 0.663086 0.509115 0.663086 0.501302 0.661133 0.496094 0.661133 0.490885 0.659180 0.488281 0.659180 0.486979
0 0.673828 0.350260 0.670898 0.350260 0.669922 0.348958 0.666992 0.348958 0.662109 0.346354 0.653320 0.346354 0.647461 0.352865 0.639648 0.358073 0.634766 0.363281 0.615234 0.364583 0.613281 0.368490 0.613281 0.385417 0.614258 0.386719 0.614258 0.393229 0.617188 0.402344 0.623047 0.410156 0.628906 0.414062 0.634766 0.414062 0.643555 0.408854 0.645508 0.406250 0.647461 0.406250 0.650391 0.401042 0.653320 0.399740 0.656250 0.395833 0.660156 0.393229 0.666016 0.391927 0.666992 0.393229 0.666992 0.395833 0.668945 0.398438 0.669922 0.397135 0.669922 0.393229 0.673828 0.388021 0.673828 0.385417 0.674805 0.384115 0.675781 0.367188 0.676758 0.365885 0.676758 0.355469
0 0.689453 0.407552 0.681641 0.402344 0.676758 0.401042 0.672852 0.403646 0.666992 0.412760 0.660156 0.416667 0.658203 0.419271 0.652344 0.419271 0.647461 0.415365 0.641602 0.415365 0.639648 0.417969 0.638672 0.421875 0.635742 0.427083 0.635742 0.432292 0.634766 0.433594 0.635742 0.440104 0.637695 0.442708 0.641602 0.455729 0.646484 0.462240 0.650391 0.470052 0.658203 0.476562 0.663086 0.476562 0.671875 0.471354 0.673828 0.471354 0.679688 0.466146 0.681641 0.466146 0.685547 0.463542 0.693359 0.455729 0.695312 0.450521 0.695312 0.445312 0.697266 0.438802 0.697266 0.423177 0.694336 0.414062
0 0.618164 0.278646 0.610352 0.283854 0.610352 0.290365 0.609375 0.291667 0.609375 0.296875 0.608398 0.299479 0.601562 0.305990 0.590820 0.313802 0.589844 0.320312 0.592773 0.324219 0.592773 0.328125 0.591797 0.329427 0.592773 0.330729 0.593750 0.337240 0.597656 0.342448 0.598633 0.342448 0.610352 0.359375 0.612305 0.360677 0.625977 0.360677 0.634766 0.352865 0.645508 0.339844 0.646484 0.333333 0.647461 0.332031 0.647461 0.313802 0.644531 0.304688 0.641602 0.299479 0.640625 0.292969 0.637695 0.289062 0.626953 0.281250 0.624023 0.281250 0.623047 0.279948
0 0.682617 0.229167 0.670898 0.229167 0.669922 0.227865 0.666992 0.227865 0.666016 0.229167 0.660156 0.229167 0.657227 0.230469 0.653320 0.235677 0.650391 0.236979 0.640625 0.247396 0.639648 0.253906 0.637695 0.256510 0.636719 0.263021 0.639648 0.266927 0.639648 0.272135 0.646484 0.282552 0.650391 0.295573 0.662109 0.307292 0.666016 0.313802 0.668945 0.316406 0.670898 0.315104 0.678711 0.315104 0.683594 0.312500 0.698242 0.290365 0.700195 0.282552 0.701172 0.266927 0.700195 0.265625 0.699219 0.256510 0.695312 0.247396 0.688477 0.238281 0.686523 0.233073
0 0.715820 0.261719 0.712891 0.263021 0.711914 0.266927 0.708008 0.270833 0.704102 0.278646 0.703125 0.286458 0.700195 0.294271 0.700195 0.311198 0.702148 0.312500 0.704102 0.316406 0.705078 0.328125 0.706055 0.329427 0.705078 0.334635 0.708008 0.334635 0.711914 0.339844 0.715820 0.342448 0.732422 0.341146 0.743164 0.333333 0.749023 0.330729 0.751953 0.326823 0.752930 0.320312 0.755859 0.312500 0.755859 0.308594 0.759766 0.299479 0.759766 0.285156 0.754883 0.277344 0.740234 0.263021 0.722656 0.261719 0.719727 0.264323
0 0.622070 0.170573 0.614258 0.178385 0.611328 0.179688 0.607422 0.187500 0.594727 0.204427 0.593750 0.207031 0.593750 0.217448 0.594727 0.218750 0.596680 0.229167 0.607422 0.244792 0.611328 0.247396 0.616211 0.248698 0.622070 0.253906 0.627930 0.253906 0.631836 0.250000 0.635742 0.248698 0.647461 0.236979 0.647461 0.235677 0.651367 0.230469 0.658203 0.209635 0.656250 0.205729 0.655273 0.200521 0.646484 0.187500 0.629883 0.171875 0.627930 0.171875 0.626953 0.170573
0 0.704102 0.130208 0.701172 0.128906 0.700195 0.130208 0.689453 0.132812 0.682617 0.136719 0.679688 0.136719 0.668945 0.147135 0.665039 0.154948 0.662109 0.157552 0.661133 0.160156 0.661133 0.170573 0.656250 0.183594 0.656250 0.194010 0.662109 0.207031 0.668945 0.216146 0.671875 0.216146 0.672852 0.217448 0.684570 0.217448 0.685547 0.216146 0.689453 0.216146 0.690430 0.214844 0.694336 0.214844 0.698242 0.212240 0.701172 0.212240 0.708984 0.205729 0.713867 0.197917 0.716797 0.195312 0.719727 0.186198 0.719727 0.178385 0.718750 0.177083 0.718750 0.171875 0.716797 0.165365 0.715820 0.154948 0.711914 0.139323
0 0.739258 0.177083 0.733398 0.179688 0.728516 0.186198 0.725586 0.187500 0.716797 0.201823 0.713867 0.208333 0.713867 0.212240 0.712891 0.213542 0.711914 0.230469 0.712891 0.231771 0.712891 0.236979 0.715820 0.240885 0.715820 0.246094 0.719727 0.252604 0.723633 0.252604 0.727539 0.256510 0.730469 0.256510 0.731445 0.257812 0.749023 0.257812 0.757812 0.248698 0.759766 0.248698 0.762695 0.244792 0.767578 0.242188 0.771484 0.236979 0.778320 0.225260 0.780273 0.209635 0.779297 0.208333 0.779297 0.201823 0.778320 0.199219 0.770508 0.187500 0.768555 0.187500 0.763672 0.183594 0.757812 0.182292 0.754883 0.179688
