0 0.177734 0.326823 0.166992 0.329427 0.163086 0.332031 0.157227 0.338542 0.154297 0.338542 0.146484 0.343750 0.142578 0.343750 0.138672 0.346354 0.138672 0.347656 0.135742 0.351562 0.136719 0.352865 0.136719 0.355469 0.140625 0.363281 0.151367 0.376302 0.152344 0.376302 0.158203 0.386719 0.159180 0.386719 0.165039 0.394531 0.168945 0.397135 0.177734 0.397135 0.178711 0.395833 0.178711 0.393229 0.185547 0.386719 0.190430 0.373698 0.190430 0.369792 0.194336 0.363281 0.194336 0.360677 0.196289 0.356771 0.196289 0.352865 0.195312 0.351562 0.193359 0.351562 0.188477 0.345052 0.187500 0.339844 0.184570 0.335938 0.184570 0.334635
0 0.186523 0.399740 0.186523 0.401042 0.185547 0.402344 0.185547 0.408854 0.183594 0.412760 0.183594 0.423177 0.185547 0.427083 0.185547 0.429688 0.186523 0.430990 0.187500 0.434896 0.197266 0.447917 0.199219 0.447917 0.204102 0.451823 0.206055 0.451823 0.207031 0.453125 0.212891 0.453125 0.213867 0.451823 0.218750 0.449219 0.220703 0.445312 0.220703 0.419271 0.221680 0.417969 0.221680 0.406250 0.220703 0.404948 0.220703 0.402344 0.215820 0.397135 0.214844 0.397135 0.213867 0.395833 0.211914 0.395833 0.208984 0.393229 0.204102 0.393229 0.203125 0.394531 0.201172 0.394531 0.200195 0.395833 0.197266 0.395833 0.196289 0.397135 0.190430 0.397135 0.189453 0.398438
0 0.173828 0.425781 0.170898 0.425781 0.169922 0.424479 0.168945 0.425781 0.165039 0.425781 0.160156 0.429688 0.158203 0.429688 0.154297 0.433594 0.152344 0.433594 0.146484 0.438802 0.144531 0.438802 0.142578 0.440104 0.137695 0.445312 0.141602 0.451823 0.142578 0.455729 0.146484 0.460938 0.147461 0.464844 0.151367 0.471354 0.151367 0.473958 0.154297 0.477865 0.156250 0.477865 0.158203 0.480469 0.175781 0.480469 0.179688 0.477865 0.183594 0.472656 0.183594 0.471354 0.187500 0.466146 0.189453 0.460938 0.189453 0.458333 0.190430 0.457031 0.190430 0.453125 0.189453 0.451823 0.189453 0.449219 0.187500 0.446615 0.187500 0.441406
0 0.159180 0.485677 0.157227 0.486979 0.157227 0.488281 0.153320 0.493490 0.150391 0.492188 0.146484 0.497396 0.145508 0.497396 0.142578 0.503906 0.138672 0.509115 0.137695 0.511719 0.137695 0.515625 0.136719 0.516927 0.136719 0.533854 0.137695 0.536458 0.139648 0.539062 0.141602 0.539062 0.147461 0.546875 0.148438 0.549479 0.153320 0.553385 0.166992 0.553385 0.173828 0.548177 0.180664 0.539062 0.182617 0.537760 0.182617 0.536458 0.185547 0.532552 0.185547 0.529948 0.186523 0.528646 0.186523 0.520833 0.185547 0.519531 0.184570 0.507812 0.180664 0.500000 0.180664 0.494792 0.177734 0.486979 0.174805 0.486979 0.173828 0.485677
0 0.154297 0.558594 0.149414 0.569010 0.149414 0.572917 0.148438 0.574219 0.148438 0.579427 0.146484 0.583333 0.146484 0.595052 0.147461 0.596354 0.147461 0.600260 0.149414 0.604167 0.149414 0.608073 0.150391 0.610677 0.150391 0.609375 0.154297 0.604167 0.156250 0.604167 0.157227 0.602865 0.163086 0.602865 0.164062 0.604167 0.166016 0.604167 0.167969 0.605469 0.169922 0.608073 0.172852 0.609375 0.176758 0.614583 0.177734 0.614583 0.179688 0.611979 0.180664 0.611979 0.181641 0.609375 0.184570 0.605469 0.185547 0.605469 0.185547 0.604167 0.187500 0.601562 0.187500 0.598958 0.185547 0.593750 0.185547 0.587240 0.184570 0.585938 0.185547 0.583333 0.185547 0.569010 0.184570 0.567708 0.184570 0.565104 0.178711 0.561198 0.175781 0.557292 0.172852 0.557292 0.169922 0.554688 0.166992 0.554688 0.166016 0.555990 0.159180 0.555990 0.158203 0.557292 0.156250 0.557292
0 0.146484 0.615885 0.148438 0.615885 0.149414 0.617188 0.150391 0.617188 0.153320 0.621094 0.153320 0.622396 0.154297 0.622396 0.155273 0.623698 0.156250 0.623698 0.157227 0.625000 0.158203 0.625000 0.159180 0.626302 0.160156 0.626302 0.162109 0.628906 0.163086 0.628906 0.164062 0.630208 0.171875 0.630208 0.172852 0.628906 0.172852 0.627604 0.173828 0.626302 0.173828 0.625000 0.175781 0.622396 0.175781 0.621094 0.179688 0.615885 0.179688 0.613281 0.181641 0.610677 0.181641 0.609375 0.180664 0.608073 0.179688 0.609375 0.174805 0.609375 0.173828 0.610677 0.172852 0.609375 0.171875 0.609375 0.170898 0.608073 0.169922 0.608073 0.166992 0.605469 0.165039 0.605469 0.164062 0.604167 0.160156 0.604167 0.159180 0.602865 0.148438 0.602865 0.146484 0.606771
0 0.123047 0.640625 0.120117 0.644531 0.119141 0.644531 0.117188 0.648438 0.117188 0.667969 0.118164 0.669271 0.118164 0.674479 0.119141 0.675781 0.119141 0.677083 0.121094 0.679688 0.121094 0.682292 0.119141 0.684896 0.119141 0.694010 0.125977 0.694010 0.126953 0.695312 0.142578 0.695312 0.144531 0.691406 0.144531 0.680990 0.143555 0.679688 0.143555 0.666667 0.142578 0.665365 0.142578 0.661458 0.141602 0.660156 0.141602 0.656250 0.140625 0.654948 0.140625 0.653646 0.139648 0.652344 0.138672 0.652344 0.134766 0.647135 0.134766 0.645833 0.133789 0.644531 0.133789 0.641927 0.132812 0.640625 0.131836 0.640625 0.130859 0.639323 0.127930 0.641927 0.124023 0.641927
0 0.189453 0.631510 0.187500 0.632812 0.184570 0.632812 0.178711 0.636719 0.171875 0.644531 0.162109 0.649740 0.159180 0.653646 0.159180 0.661458 0.164062 0.674479 0.164062 0.678385 0.167969 0.683594 0.168945 0.687500 0.173828 0.695312 0.177734 0.697917 0.179688 0.697917 0.180664 0.699219 0.185547 0.699219 0.186523 0.697917 0.192383 0.696615 0.197266 0.691406 0.200195 0.690104 0.200195 0.687500 0.199219 0.686198 0.199219 0.683594 0.201172 0.680990 0.201172 0.674479 0.200195 0.673177 0.200195 0.652344 0.198242 0.651042 0.198242 0.647135 0.200195 0.645833 0.201172 0.643229 0.199219 0.641927 0.196289 0.636719 0.195312 0.636719 0.192383 0.632812 0.190430 0.632812
0 0.155273 0.697917 0.155273 0.699219 0.154297 0.700521 0.154297 0.703125 0.153320 0.704427 0.153320 0.707031 0.154297 0.708333 0.154297 0.712240 0.155273 0.713542 0.155273 0.717448 0.156250 0.718750 0.156250 0.721354 0.159180 0.725260 0.160156 0.725260 0.162109 0.727865 0.166992 0.730469 0.168945 0.733073 0.171875 0.733073 0.172852 0.734375 0.174805 0.734375 0.175781 0.733073 0.176758 0.733073 0.177734 0.734375 0.181641 0.734375 0.182617 0.735677 0.186523 0.735677 0.187500 0.734375 0.188477 0.734375 0.190430 0.731771 0.190430 0.730469 0.191406 0.729167 0.191406 0.725260 0.192383 0.723958 0.192383 0.710938 0.191406 0.709635 0.191406 0.707031 0.189453 0.703125 0.188477 0.703125 0.187500 0.701823 0.183594 0.701823 0.182617 0.700521 0.179688 0.700521 0.178711 0.699219 0.176758 0.699219 0.169922 0.694010 0.166992 0.694010 0.166016 0.695312 0.164062 0.695312 0.163086 0.694010 0.161133 0.694010 0.160156 0.695312 0.157227 0.695312
0 0.207031 0.690104 0.206055 0.691406 0.205078 0.691406 0.203125 0.694010 0.200195 0.695312 0.198242 0.697917 0.196289 0.697917 0.194336 0.700521 0.194336 0.707031 0.195312 0.708333 0.195312 0.720052 0.196289 0.721354 0.196289 0.725260 0.197266 0.726562 0.197266 0.727865 0.200195 0.729167 0.208984 0.740885 0.209961 0.740885 0.212891 0.744792 0.217773 0.744792 0.218750 0.743490 0.220703 0.743490 0.223633 0.739583 0.224609 0.739583 0.225586 0.738281 0.227539 0.738281 0.231445 0.730469 0.229492 0.727865 0.228516 0.727865 0.223633 0.723958 0.220703 0.723958 0.215820 0.717448 0.214844 0.717448 0.212891 0.714844 0.212891 0.712240 0.211914 0.710938 0.210938 0.707031 0.208984 0.704427 0.210938 0.700521 0.209961 0.699219 0.209961 0.696615 0.208984 0.695312 0.208984 0.690104
0 0.242188 0.683594 0.238281 0.678385 0.236328 0.678385 0.235352 0.677083 0.233398 0.677083 0.231445 0.675781 0.230469 0.677083 0.226562 0.677083 0.221680 0.680990 0.218750 0.680990 0.216797 0.679688 0.211914 0.686198 0.210938 0.686198 0.208008 0.690104 0.207031 0.690104 0.203125 0.695312 0.202148 0.697917 0.202148 0.714844 0.204102 0.720052 0.204102 0.729167 0.207031 0.729167 0.210938 0.726562 0.210938 0.725260 0.213867 0.722656 0.220703 0.722656 0.228516 0.729167 0.232422 0.729167 0.234375 0.727865 0.238281 0.722656 0.239258 0.722656 0.244141 0.709635 0.244141 0.707031 0.245117 0.705729 0.245117 0.701823 0.246094 0.700521 0.245117 0.697917 0.245117 0.692708 0.244141 0.691406 0.244141 0.688802
0 0.196289 0.730469 0.195312 0.731771 0.193359 0.731771 0.192383 0.733073 0.191406 0.733073 0.189453 0.735677 0.188477 0.735677 0.187500 0.736979 0.186523 0.736979 0.184570 0.739583 0.183594 0.739583 0.179688 0.744792 0.178711 0.748698 0.175781 0.752604 0.175781 0.753906 0.174805 0.755208 0.175781 0.759115 0.181641 0.768229 0.181641 0.770833 0.182617 0.772135 0.184570 0.772135 0.185547 0.773438 0.187500 0.773438 0.188477 0.774740 0.190430 0.774740 0.193359 0.778646 0.196289 0.778646 0.197266 0.777344 0.196289 0.773438 0.198242 0.770833 0.199219 0.770833 0.203125 0.765625 0.206055 0.764323 0.208008 0.761719 0.208984 0.757812 0.210938 0.755208 0.211914 0.755208 0.211914 0.753906 0.212891 0.752604 0.212891 0.750000 0.211914 0.748698 0.211914 0.747396 0.208984 0.743490 0.208984 0.742188 0.204102 0.735677 0.203125 0.735677 0.201172 0.733073 0.199219 0.733073
0 0.211914 0.764323 0.208984 0.764323 0.204102 0.769531 0.204102 0.772135 0.202148 0.774740 0.202148 0.776042 0.198242 0.781250 0.198242 0.782552 0.195312 0.786458 0.195312 0.789062 0.194336 0.790365 0.194336 0.792969 0.197266 0.799479 0.197266 0.807292 0.198242 0.808594 0.198242 0.809896 0.199219 0.809896 0.202148 0.813802 0.203125 0.813802 0.205078 0.816406 0.206055 0.816406 0.208008 0.819010 0.208008 0.820312 0.208984 0.820312 0.208984 0.816406 0.208008 0.816406 0.207031 0.815104 0.208008 0.813802 0.209961 0.813802 0.210938 0.815104 0.213867 0.815104 0.214844 0.816406 0.216797 0.816406 0.219727 0.813802 0.223633 0.813802 0.226562 0.809896 0.226562 0.808594 0.227539 0.807292 0.227539 0.804688 0.228516 0.803385 0.228516 0.787760 0.231445 0.783854 0.231445 0.782552 0.230469 0.782552 0.219727 0.768229 0.218750 0.768229 0.217773 0.766927 0.215820 0.766927 0.214844 0.765625 0.212891 0.765625
0 0.239258 0.781250 0.238281 0.782552 0.235352 0.783854 0.233398 0.786458 0.232422 0.786458 0.230469 0.790365 0.230469 0.796875 0.229492 0.798177 0.229492 0.800781 0.230469 0.802083 0.230469 0.815104 0.233398 0.819010 0.233398 0.820312 0.236328 0.826823 0.236328 0.829427 0.237305 0.829427 0.238281 0.830729 0.243164 0.830729 0.244141 0.832031 0.250000 0.832031 0.250977 0.833333 0.251953 0.833333 0.254883 0.830729 0.254883 0.829427 0.255859 0.828125 0.255859 0.824219 0.256836 0.822917 0.256836 0.821615 0.263672 0.809896 0.263672 0.807292 0.265625 0.803385 0.264648 0.802083 0.262695 0.802083 0.261719 0.800781 0.259766 0.800781 0.258789 0.799479 0.257812 0.799479 0.255859 0.796875 0.254883 0.796875 0.249023 0.789062 0.248047 0.789062 0.244141 0.783854
0 0.256836 0.824219 0.256836 0.832031 0.257812 0.833333 0.257812 0.835938 0.259766 0.838542 0.260742 0.842448 0.267578 0.850260 0.268555 0.850260 0.271484 0.852865 0.273438 0.852865 0.274414 0.854167 0.294922 0.854167 0.295898 0.852865 0.297852 0.852865 0.298828 0.848958 0.301758 0.843750 0.301758 0.841146 0.302734 0.839844 0.302734 0.837240 0.303711 0.835938 0.303711 0.834635 0.302734 0.833333 0.299805 0.832031 0.297852 0.829427 0.297852 0.828125 0.296875 0.826823 0.296875 0.824219 0.293945 0.820312 0.293945 0.819010 0.291992 0.816406 0.291992 0.815104 0.288086 0.811198 0.285156 0.811198 0.284180 0.809896 0.278320 0.809896 0.277344 0.808594 0.274414 0.808594 0.273438 0.809896 0.271484 0.809896 0.270508 0.811198 0.265625 0.811198 0.261719 0.815104 0.261719 0.816406
0 0.238281 0.835938 0.238281 0.837240 0.237305 0.838542 0.237305 0.842448 0.235352 0.846354 0.235352 0.852865 0.247070 0.869792 0.248047 0.869792 0.249023 0.871094 0.250977 0.871094 0.251953 0.872396 0.253906 0.872396 0.254883 0.873698 0.265625 0.873698 0.266602 0.872396 0.268555 0.872396 0.270508 0.869792 0.271484 0.869792 0.271484 0.868490 0.272461 0.867188 0.272461 0.864583 0.273438 0.863281 0.273438 0.855469 0.270508 0.852865 0.268555 0.852865 0.265625 0.848958 0.264648 0.848958 0.259766 0.842448 0.258789 0.838542 0.255859 0.834635 0.240234 0.834635 0.239258 0.835938
0 0.299805 0.868490 0.299805 0.852865 0.298828 0.851562 0.298828 0.847656 0.299805 0.846354 0.298828 0.845052 0.297852 0.845052 0.295898 0.847656 0.294922 0.847656 0.293945 0.848958 0.291992 0.848958 0.291016 0.850260 0.290039 0.850260 0.289062 0.851562 0.282227 0.851562 0.281250 0.852865 0.275391 0.852865 0.275391 0.854167 0.274414 0.855469 0.274414 0.856771 0.276367 0.859375 0.277344 0.859375 0.281250 0.864583 0.282227 0.864583 0.283203 0.865885 0.285156 0.865885 0.286133 0.867188 0.289062 0.867188 0.290039 0.868490 0.291992 0.868490 0.292969 0.869792 0.298828 0.869792
0 0.302734 0.846354 0.300781 0.848958 0.300781 0.869792 0.301758 0.871094 0.301758 0.875000 0.302734 0.876302 0.302734 0.878906 0.303711 0.880208 0.304688 0.884115 0.306641 0.886719 0.306641 0.888021 0.316406 0.898438 0.319336 0.898438 0.320312 0.897135 0.322266 0.897135 0.323242 0.895833 0.329102 0.895833 0.330078 0.894531 0.333008 0.894531 0.333984 0.893229 0.334961 0.893229 0.336914 0.890625 0.336914 0.886719 0.337891 0.885417 0.337891 0.876302 0.338867 0.875000 0.338867 0.867188 0.337891 0.865885 0.337891 0.863281 0.336914 0.861979 0.336914 0.860677 0.335938 0.860677 0.333008 0.856771 0.330078 0.855469 0.328125 0.852865 0.325195 0.851562 0.323242 0.848958 0.322266 0.848958 0.317383 0.845052 0.314453 0.845052 0.313477 0.843750 0.308594 0.843750 0.307617 0.845052 0.304688 0.845052 0.303711 0.846354
0 0.309570 0.804688 0.309570 0.807292 0.308594 0.808594 0.308594 0.821615 0.309570 0.822917 0.309570 0.828125 0.310547 0.829427 0.310547 0.832031 0.311523 0.833333 0.311523 0.834635 0.317383 0.842448 0.318359 0.842448 0.322266 0.846354 0.325195 0.847656 0.328125 0.851562 0.329102 0.851562 0.330078 0.852865 0.334961 0.852865 0.337891 0.850260 0.339844 0.850260 0.340820 0.848958 0.345703 0.846354 0.348633 0.842448 0.349609 0.842448 0.349609 0.841146 0.351562 0.837240 0.351562 0.824219 0.350586 0.822917 0.349609 0.819010 0.348633 0.817708 0.347656 0.817708 0.343750 0.812500 0.336914 0.808594 0.333008 0.803385 0.328125 0.800781 0.324219 0.796875 0.317383 0.796875 0.315430 0.799479 0.313477 0.799479
0 0.189453 0.602865 0.189453 0.605469 0.188477 0.606771 0.188477 0.610677 0.189453 0.611979 0.189453 0.621094 0.190430 0.622396 0.190430 0.627604 0.198242 0.636719 0.199219 0.636719 0.202148 0.639323 0.206055 0.639323 0.207031 0.640625 0.222656 0.640625 0.225586 0.638021 0.227539 0.638021 0.231445 0.632812 0.231445 0.630208 0.232422 0.628906 0.232422 0.623698 0.233398 0.622396 0.233398 0.609375 0.231445 0.605469 0.229492 0.605469 0.228516 0.604167 0.221680 0.604167 0.220703 0.602865 0.218750 0.602865 0.209961 0.596354 0.204102 0.596354 0.203125 0.597656 0.195312 0.597656 0.194336 0.598958 0.191406 0.600260
0 0.212891 0.542969 0.208008 0.549479 0.208008 0.550781 0.204102 0.557292 0.203125 0.559896 0.203125 0.562500 0.202148 0.563802 0.202148 0.570312 0.203125 0.571615 0.203125 0.576823 0.204102 0.578125 0.204102 0.584635 0.207031 0.588542 0.208984 0.593750 0.209961 0.593750 0.211914 0.596354 0.219727 0.601562 0.221680 0.601562 0.222656 0.602865 0.228516 0.602865 0.229492 0.601562 0.231445 0.601562 0.239258 0.591146 0.241211 0.589844 0.242188 0.580729 0.247070 0.575521 0.247070 0.562500 0.246094 0.561198 0.246094 0.555990 0.245117 0.554688 0.245117 0.548177 0.242188 0.544271 0.240234 0.544271 0.239258 0.542969 0.234375 0.542969 0.233398 0.541667 0.223633 0.541667 0.222656 0.542969
0 0.240234 0.600260 0.238281 0.602865 0.238281 0.604167 0.237305 0.605469 0.237305 0.608073 0.236328 0.609375 0.236328 0.613281 0.235352 0.614583 0.235352 0.618490 0.236328 0.619792 0.236328 0.623698 0.237305 0.625000 0.238281 0.628906 0.242188 0.635417 0.243164 0.639323 0.244141 0.640625 0.245117 0.640625 0.247070 0.643229 0.250977 0.643229 0.251953 0.644531 0.256836 0.644531 0.257812 0.645833 0.266602 0.645833 0.267578 0.644531 0.268555 0.644531 0.269531 0.643229 0.269531 0.640625 0.270508 0.639323 0.270508 0.638021 0.272461 0.635417 0.272461 0.634115 0.273438 0.632812 0.273438 0.627604 0.274414 0.626302 0.273438 0.625000 0.273438 0.619792 0.271484 0.617188 0.271484 0.614583 0.270508 0.613281 0.270508 0.610677 0.269531 0.609375 0.269531 0.604167 0.267578 0.601562 0.266602 0.601562 0.265625 0.600260 0.262695 0.600260 0.261719 0.598958 0.258789 0.598958 0.256836 0.596354 0.251953 0.596354 0.250977 0.597656 0.249023 0.597656 0.248047 0.598958 0.242188 0.598958 0.241211 0.600260
0 0.300781 0.585938 0.295898 0.585938 0.294922 0.587240 0.287109 0.587240 0.284180 0.589844 0.282227 0.589844 0.281250 0.591146 0.276367 0.593750 0.271484 0.600260 0.271484 0.604167 0.270508 0.605469 0.270508 0.608073 0.271484 0.609375 0.271484 0.614583 0.274414 0.619792 0.274414 0.621094 0.281250 0.630208 0.282227 0.630208 0.286133 0.635417 0.286133 0.636719 0.287109 0.638021 0.288086 0.638021 0.291016 0.641927 0.291992 0.641927 0.292969 0.643229 0.296875 0.643229 0.297852 0.641927 0.300781 0.641927 0.301758 0.640625 0.303711 0.640625 0.304688 0.639323 0.306641 0.639323 0.307617 0.638021 0.308594 0.638021 0.308594 0.636719 0.310547 0.634115 0.310547 0.632812 0.314453 0.627604 0.314453 0.613281 0.313477 0.611979 0.313477 0.596354 0.309570 0.589844 0.307617 0.589844 0.304688 0.587240 0.301758 0.587240
0 0.279297 0.640625 0.276367 0.644531 0.273438 0.645833 0.270508 0.651042 0.270508 0.654948 0.269531 0.656250 0.269531 0.660156 0.268555 0.661458 0.268555 0.674479 0.267578 0.675781 0.267578 0.680990 0.266602 0.682292 0.266602 0.684896 0.267578 0.686198 0.267578 0.688802 0.270508 0.688802 0.271484 0.690104 0.273438 0.690104 0.277344 0.694010 0.278320 0.694010 0.280273 0.696615 0.282227 0.696615 0.283203 0.697917 0.288086 0.697917 0.289062 0.699219 0.290039 0.699219 0.291016 0.697917 0.291992 0.697917 0.300781 0.686198 0.300781 0.684896 0.305664 0.678385 0.305664 0.677083 0.307617 0.674479 0.307617 0.669271 0.308594 0.667969 0.308594 0.662760 0.306641 0.658854 0.306641 0.656250 0.305664 0.654948 0.305664 0.653646 0.300781 0.647135 0.297852 0.647135 0.296875 0.645833 0.292969 0.645833 0.291992 0.644531 0.290039 0.644531 0.289062 0.643229 0.288086 0.643229 0.286133 0.640625
0 0.312500 0.688802 0.311523 0.690104 0.311523 0.692708 0.310547 0.694010 0.310547 0.695312 0.308594 0.697917 0.307617 0.697917 0.303711 0.701823 0.300781 0.703125 0.296875 0.710938 0.297852 0.712240 0.297852 0.717448 0.298828 0.718750 0.298828 0.722656 0.299805 0.723958 0.299805 0.729167 0.300781 0.730469 0.301758 0.734375 0.304688 0.738281 0.304688 0.739583 0.312500 0.751302 0.320312 0.751302 0.321289 0.750000 0.321289 0.747396 0.322266 0.746094 0.322266 0.742188 0.324219 0.738281 0.324219 0.735677 0.327148 0.731771 0.327148 0.730469 0.329102 0.727865 0.329102 0.726562 0.333008 0.721354 0.333008 0.718750 0.332031 0.717448 0.332031 0.714844 0.330078 0.712240 0.329102 0.708333 0.327148 0.705729 0.327148 0.700521 0.325195 0.697917 0.325195 0.696615 0.322266 0.691406 0.322266 0.690104 0.321289 0.688802
0 0.325195 0.739583 0.323242 0.744792 0.323242 0.750000 0.322266 0.751302 0.322266 0.766927 0.325195 0.772135 0.325195 0.773438 0.328125 0.777344 0.328125 0.778646 0.333984 0.785156 0.334961 0.785156 0.338867 0.789062 0.341797 0.789062 0.342773 0.790365 0.345703 0.790365 0.346680 0.791667 0.352539 0.791667 0.353516 0.790365 0.355469 0.790365 0.360352 0.783854 0.361328 0.781250 0.361328 0.772135 0.362305 0.770833 0.362305 0.765625 0.363281 0.764323 0.363281 0.760417 0.362305 0.757812 0.364258 0.752604 0.364258 0.750000 0.363281 0.748698 0.362305 0.742188 0.361328 0.740885 0.353516 0.740885 0.345703 0.735677 0.343750 0.736979 0.341797 0.736979 0.340820 0.738281 0.336914 0.738281 0.335938 0.739583
0 0.376953 0.723958 0.375977 0.725260 0.373047 0.726562 0.368164 0.735677 0.368164 0.739583 0.367188 0.740885 0.367188 0.748698 0.368164 0.750000 0.368164 0.752604 0.375977 0.763021 0.376953 0.763021 0.380859 0.768229 0.381836 0.768229 0.386719 0.774740 0.387695 0.774740 0.390625 0.777344 0.394531 0.777344 0.395508 0.776042 0.402344 0.772135 0.402344 0.770833 0.404297 0.768229 0.405273 0.768229 0.407227 0.764323 0.407227 0.761719 0.408203 0.760417 0.408203 0.756510 0.409180 0.755208 0.409180 0.751302 0.410156 0.750000 0.410156 0.746094 0.408203 0.743490 0.405273 0.742188 0.404297 0.740885 0.404297 0.739583 0.400391 0.734375 0.397461 0.733073 0.392578 0.725260 0.391602 0.725260 0.390625 0.723958 0.388672 0.723958 0.387695 0.722656 0.379883 0.722656 0.378906 0.723958
0 0.415039 0.747396 0.415039 0.752604 0.414062 0.753906 0.414062 0.760417 0.413086 0.761719 0.413086 0.773438 0.414062 0.774740 0.414062 0.778646 0.415039 0.781250 0.419922 0.787760 0.423828 0.790365 0.425781 0.790365 0.426758 0.791667 0.431641 0.791667 0.432617 0.792969 0.435547 0.792969 0.436523 0.791667 0.441406 0.791667 0.442383 0.790365 0.445312 0.790365 0.446289 0.789062 0.449219 0.789062 0.450195 0.787760 0.457031 0.786458 0.464844 0.778646 0.464844 0.770833 0.458008 0.765625 0.449219 0.753906 0.449219 0.752604 0.443359 0.742188 0.437500 0.742188 0.436523 0.743490 0.428711 0.744792 0.427734 0.746094 0.422852 0.747396 0.421875 0.746094 0.421875 0.740885 0.419922 0.738281
0 0.375977 0.647135 0.374023 0.648438 0.372070 0.652344 0.368164 0.654948 0.368164 0.656250 0.365234 0.660156 0.364258 0.664062 0.358398 0.671875 0.355469 0.679688 0.355469 0.687500 0.356445 0.688802 0.356445 0.691406 0.358398 0.696615 0.374023 0.717448 0.375977 0.718750 0.384766 0.718750 0.388672 0.716146 0.389648 0.713542 0.395508 0.705729 0.396484 0.700521 0.401367 0.690104 0.401367 0.686198 0.400391 0.683594 0.399414 0.683594 0.392578 0.674479 0.392578 0.669271 0.396484 0.666667 0.396484 0.662760 0.395508 0.662760 0.390625 0.657552 0.386719 0.656250 0.384766 0.653646 0.381836 0.652344 0.378906 0.648438
0 0.333008 0.645833 0.331055 0.648438 0.330078 0.648438 0.328125 0.651042 0.327148 0.651042 0.321289 0.660156 0.321289 0.661458 0.319336 0.665365 0.319336 0.675781 0.323242 0.684896 0.323242 0.687500 0.326172 0.691406 0.327148 0.695312 0.332031 0.701823 0.332031 0.704427 0.333008 0.705729 0.333008 0.707031 0.333984 0.707031 0.336914 0.709635 0.340820 0.709635 0.341797 0.708333 0.344727 0.708333 0.345703 0.707031 0.349609 0.707031 0.350586 0.705729 0.352539 0.705729 0.353516 0.704427 0.354492 0.704427 0.357422 0.700521 0.358398 0.700521 0.358398 0.699219 0.356445 0.696615 0.356445 0.695312 0.355469 0.694010 0.355469 0.691406 0.354492 0.690104 0.354492 0.679688 0.356445 0.675781 0.356445 0.670573 0.355469 0.669271 0.355469 0.667969 0.352539 0.664062 0.351562 0.660156 0.345703 0.652344 0.344727 0.652344 0.343750 0.651042 0.341797 0.651042 0.334961 0.645833
0 0.332031 0.589844 0.328125 0.593750 0.325195 0.595052 0.322266 0.598958 0.321289 0.601562 0.321289 0.604167 0.320312 0.605469 0.320312 0.609375 0.319336 0.610677 0.319336 0.615885 0.318359 0.617188 0.318359 0.627604 0.319336 0.630208 0.323242 0.635417 0.325195 0.636719 0.327148 0.636719 0.333984 0.641927 0.335938 0.641927 0.341797 0.645833 0.343750 0.648438 0.345703 0.648438 0.353516 0.643229 0.356445 0.639323 0.357422 0.639323 0.361328 0.631510 0.361328 0.622396 0.360352 0.621094 0.360352 0.608073 0.358398 0.604167 0.356445 0.602865 0.353516 0.602865 0.350586 0.600260 0.348633 0.600260 0.342773 0.596354 0.337891 0.589844 0.337891 0.588542 0.335938 0.588542 0.334961 0.589844
0 0.376953 0.587240 0.365234 0.601562 0.364258 0.601562 0.364258 0.602865 0.362305 0.605469 0.361328 0.605469 0.361328 0.606771 0.363281 0.609375 0.363281 0.611979 0.362305 0.613281 0.362305 0.623698 0.363281 0.625000 0.363281 0.628906 0.366211 0.632812 0.373047 0.638021 0.376953 0.643229 0.381836 0.645833 0.387695 0.653646 0.392578 0.654948 0.397461 0.649740 0.397461 0.648438 0.401367 0.643229 0.403320 0.638021 0.409180 0.630208 0.411133 0.625000 0.410156 0.602865 0.408203 0.598958 0.404297 0.604167 0.400391 0.604167 0.399414 0.602865 0.394531 0.601562 0.390625 0.595052 0.388672 0.595052 0.385742 0.592448 0.379883 0.592448 0.377930 0.589844 0.377930 0.587240
0 0.343750 0.532552 0.342773 0.533854 0.340820 0.533854 0.338867 0.536458 0.334961 0.539062 0.334961 0.540365 0.332031 0.545573 0.332031 0.554688 0.333008 0.555990 0.333008 0.558594 0.334961 0.563802 0.336914 0.566406 0.336914 0.569010 0.341797 0.575521 0.341797 0.591146 0.342773 0.593750 0.345703 0.596354 0.357422 0.596354 0.358398 0.595052 0.360352 0.595052 0.364258 0.592448 0.367188 0.588542 0.369141 0.582031 0.372070 0.578125 0.374023 0.576823 0.374023 0.571615 0.372070 0.566406 0.368164 0.561198 0.367188 0.561198 0.361328 0.554688 0.361328 0.549479 0.356445 0.542969 0.355469 0.542969 0.353516 0.540365 0.349609 0.537760 0.348633 0.535156 0.348633 0.532552
0 0.322266 0.519531 0.320312 0.520833 0.316406 0.520833 0.315430 0.522135 0.313477 0.522135 0.311523 0.523438 0.298828 0.537760 0.297852 0.537760 0.292969 0.544271 0.292969 0.545573 0.291016 0.548177 0.291016 0.553385 0.291992 0.554688 0.291992 0.557292 0.294922 0.565104 0.298828 0.570312 0.298828 0.571615 0.304688 0.575521 0.306641 0.578125 0.310547 0.580729 0.313477 0.580729 0.314453 0.582031 0.316406 0.580729 0.320312 0.580729 0.324219 0.576823 0.327148 0.575521 0.330078 0.571615 0.330078 0.570312 0.333008 0.565104 0.333008 0.562500 0.330078 0.555990 0.330078 0.545573 0.333984 0.535156 0.336914 0.532552 0.333008 0.529948 0.330078 0.529948
0 0.251953 0.527344 0.250977 0.528646 0.250977 0.548177 0.250000 0.549479 0.250000 0.565104 0.250977 0.566406 0.250977 0.571615 0.252930 0.576823 0.254883 0.579427 0.256836 0.580729 0.258789 0.580729 0.261719 0.583333 0.266602 0.583333 0.267578 0.584635 0.273438 0.584635 0.274414 0.585938 0.277344 0.584635 0.283203 0.575521 0.289062 0.571615 0.290039 0.569010 0.290039 0.566406 0.291016 0.565104 0.290039 0.562500 0.290039 0.558594 0.289062 0.557292 0.289062 0.541667 0.288086 0.539062 0.285156 0.535156 0.284180 0.535156 0.282227 0.531250 0.278320 0.528646 0.276367 0.528646 0.274414 0.526042 0.274414 0.524740 0.265625 0.524740 0.261719 0.527344
0 0.216797 0.473958 0.213867 0.473958 0.212891 0.475260 0.205078 0.475260 0.203125 0.476562 0.201172 0.479167 0.200195 0.479167 0.199219 0.481771 0.196289 0.483073 0.191406 0.489583 0.190430 0.493490 0.188477 0.496094 0.188477 0.503906 0.187500 0.505208 0.187500 0.507812 0.188477 0.509115 0.188477 0.520833 0.189453 0.523438 0.193359 0.526042 0.199219 0.533854 0.207031 0.539062 0.211914 0.539062 0.212891 0.537760 0.216797 0.537760 0.217773 0.536458 0.220703 0.536458 0.226562 0.532552 0.228516 0.527344 0.227539 0.526042 0.227539 0.515625 0.226562 0.514323 0.226562 0.506510 0.225586 0.505208 0.225586 0.497396 0.224609 0.496094 0.224609 0.490885 0.222656 0.486979 0.222656 0.480469 0.221680 0.477865 0.220703 0.477865
0 0.227539 0.470052 0.227539 0.501302 0.236328 0.511719 0.237305 0.511719 0.238281 0.513021 0.243164 0.513021 0.244141 0.511719 0.246094 0.511719 0.247070 0.510417 0.250977 0.510417 0.251953 0.509115 0.259766 0.509115 0.260742 0.507812 0.264648 0.507812 0.267578 0.505208 0.267578 0.503906 0.268555 0.502604 0.268555 0.500000 0.269531 0.498698 0.269531 0.476562 0.268555 0.475260 0.266602 0.475260 0.265625 0.473958 0.260742 0.472656 0.254883 0.466146 0.253906 0.466146 0.250000 0.462240 0.249023 0.462240 0.248047 0.460938 0.248047 0.459635 0.247070 0.459635 0.245117 0.457031 0.242188 0.457031 0.241211 0.458333 0.238281 0.459635 0.234375 0.464844 0.231445 0.466146 0.228516 0.470052
0 0.288086 0.467448 0.284180 0.470052 0.279297 0.477865 0.278320 0.483073 0.277344 0.484375 0.277344 0.486979 0.274414 0.492188 0.271484 0.502604 0.273438 0.507812 0.277344 0.514323 0.278320 0.519531 0.283203 0.526042 0.285156 0.531250 0.290039 0.536458 0.295898 0.536458 0.299805 0.533854 0.304688 0.527344 0.305664 0.523438 0.311523 0.514323 0.313477 0.507812 0.316406 0.503906 0.317383 0.500000 0.319336 0.497396 0.319336 0.493490 0.316406 0.486979 0.316406 0.481771 0.310547 0.473958 0.306641 0.471354 0.300781 0.471354 0.299805 0.470052 0.295898 0.470052 0.294922 0.468750
0 0.275391 0.365885 0.267578 0.365885 0.262695 0.369792 0.258789 0.369792 0.255859 0.367188 0.251953 0.367188 0.246094 0.372396 0.244141 0.377604 0.241211 0.381510 0.241211 0.384115 0.239258 0.388021 0.239258 0.393229 0.238281 0.394531 0.238281 0.404948 0.237305 0.406250 0.238281 0.411458 0.250977 0.427083 0.258789 0.432292 0.266602 0.433594 0.267578 0.432292 0.272461 0.430990 0.276367 0.427083 0.278320 0.427083 0.280273 0.424479 0.280273 0.420573 0.281250 0.419271 0.281250 0.397135 0.280273 0.397135 0.273438 0.388021 0.271484 0.382812 0.266602 0.376302 0.269531 0.371094 0.276367 0.371094 0.277344 0.372396 0.279297 0.372396 0.279297 0.371094
0 0.318359 0.397135 0.314453 0.397135 0.313477 0.395833 0.310547 0.395833 0.309570 0.394531 0.308594 0.395833 0.298828 0.397135 0.291992 0.402344 0.285156 0.411458 0.284180 0.416667 0.282227 0.420573 0.282227 0.424479 0.280273 0.429688 0.277344 0.433594 0.277344 0.438802 0.279297 0.444010 0.282227 0.447917 0.284180 0.453125 0.284180 0.455729 0.289062 0.463542 0.292969 0.466146 0.297852 0.467448 0.298828 0.468750 0.309570 0.468750 0.310547 0.467448 0.315430 0.466146 0.318359 0.462240 0.319336 0.457031 0.320312 0.455729 0.320312 0.453125 0.321289 0.451823 0.321289 0.449219 0.326172 0.436198 0.326172 0.430990 0.324219 0.425781 0.324219 0.420573 0.326172 0.417969 0.325195 0.407552 0.323242 0.402344
0 0.336914 0.446615 0.333008 0.451823 0.332031 0.451823 0.332031 0.453125 0.329102 0.457031 0.327148 0.457031 0.326172 0.458333 0.326172 0.460938 0.322266 0.466146 0.320312 0.471354 0.320312 0.477865 0.325195 0.484375 0.325195 0.486979 0.328125 0.490885 0.330078 0.490885 0.333008 0.493490 0.334961 0.493490 0.337891 0.496094 0.342773 0.497396 0.345703 0.500000 0.347656 0.500000 0.351562 0.502604 0.359375 0.502604 0.363281 0.497396 0.364258 0.497396 0.366211 0.493490 0.366211 0.488281 0.367188 0.486979 0.367188 0.477865 0.366211 0.476562 0.366211 0.472656 0.365234 0.471354 0.365234 0.464844 0.362305 0.460938 0.361328 0.460938 0.359375 0.457031 0.354492 0.454427 0.351562 0.450521 0.349609 0.449219 0.345703 0.449219 0.341797 0.446615
0 0.372070 0.458333 0.371094 0.462240 0.367188 0.467448 0.366211 0.471354 0.367188 0.472656 0.367188 0.475260 0.372070 0.480469 0.375000 0.490885 0.377930 0.494792 0.382812 0.507812 0.396484 0.507812 0.397461 0.506510 0.400391 0.506510 0.401367 0.505208 0.403320 0.505208 0.405273 0.503906 0.407227 0.500000 0.412109 0.497396 0.418945 0.490885 0.417969 0.485677 0.416016 0.481771 0.416016 0.476562 0.415039 0.475260 0.415039 0.471354 0.414062 0.470052 0.414062 0.467448 0.411133 0.460938 0.411133 0.458333 0.408203 0.454427 0.392578 0.454427 0.391602 0.453125 0.389648 0.453125 0.387695 0.450521 0.386719 0.451823 0.383789 0.451823 0.379883 0.454427 0.376953 0.454427 0.373047 0.458333
0 0.369141 0.377604 0.361328 0.377604 0.360352 0.378906 0.353516 0.380208 0.343750 0.388021 0.339844 0.388021 0.338867 0.389323 0.331055 0.391927 0.329102 0.394531 0.329102 0.417969 0.330078 0.419271 0.329102 0.420573 0.329102 0.425781 0.330078 0.428385 0.341797 0.441406 0.349609 0.446615 0.352539 0.446615 0.356445 0.449219 0.360352 0.449219 0.361328 0.447917 0.364258 0.447917 0.368164 0.445312 0.368164 0.438802 0.371094 0.433594 0.373047 0.406250 0.375000 0.402344 0.375000 0.393229 0.375977 0.391927 0.377930 0.394531 0.380859 0.394531 0.381836 0.393229 0.381836 0.390625 0.379883 0.385417 0.378906 0.385417 0.375000 0.380208 0.373047 0.380208
0 0.417969 0.507812 0.414062 0.518229 0.414062 0.522135 0.413086 0.523438 0.413086 0.531250 0.412109 0.532552 0.412109 0.540365 0.414062 0.545573 0.416016 0.548177 0.418945 0.548177 0.419922 0.549479 0.425781 0.550781 0.426758 0.552083 0.435547 0.553385 0.438477 0.555990 0.443359 0.555990 0.444336 0.557292 0.455078 0.557292 0.458008 0.554688 0.459961 0.549479 0.459961 0.546875 0.461914 0.542969 0.461914 0.540365 0.466797 0.532552 0.466797 0.529948 0.468750 0.524740 0.468750 0.518229 0.463867 0.510417 0.462891 0.505208 0.458008 0.498698 0.456055 0.498698 0.449219 0.503906 0.444336 0.503906 0.440430 0.501302 0.433594 0.501302 0.430664 0.498698 0.427734 0.498698 0.423828 0.501302
0 0.455078 0.559896 0.453125 0.559896 0.452148 0.561198 0.446289 0.561198 0.445312 0.559896 0.440430 0.559896 0.439453 0.558594 0.436523 0.558594 0.435547 0.557292 0.430664 0.555990 0.424805 0.561198 0.423828 0.563802 0.418945 0.566406 0.414062 0.574219 0.414062 0.598958 0.415039 0.600260 0.415039 0.602865 0.419922 0.611979 0.421875 0.618490 0.427734 0.626302 0.434570 0.630208 0.436523 0.628906 0.439453 0.628906 0.445312 0.625000 0.447266 0.622396 0.452148 0.619792 0.454102 0.617188 0.459961 0.614583 0.467773 0.601562 0.469727 0.595052 0.469727 0.583333 0.468750 0.582031 0.469727 0.574219 0.467773 0.569010 0.461914 0.566406
0 0.462891 0.615885 0.461914 0.617188 0.459961 0.617188 0.458008 0.619792 0.458008 0.621094 0.455078 0.625000 0.454102 0.625000 0.453125 0.626302 0.453125 0.627604 0.452148 0.628906 0.449219 0.630208 0.449219 0.631510 0.446289 0.636719 0.446289 0.643229 0.447266 0.644531 0.447266 0.645833 0.448242 0.647135 0.448242 0.649740 0.449219 0.651042 0.451172 0.657552 0.453125 0.660156 0.453125 0.661458 0.459961 0.669271 0.460938 0.669271 0.461914 0.670573 0.463867 0.670573 0.464844 0.671875 0.466797 0.671875 0.467773 0.670573 0.470703 0.670573 0.472656 0.667969 0.473633 0.667969 0.475586 0.665365 0.478516 0.664062 0.481445 0.660156 0.484375 0.658854 0.487305 0.654948 0.488281 0.654948 0.490234 0.652344 0.490234 0.651042 0.493164 0.645833 0.493164 0.636719 0.486328 0.632812 0.481445 0.625000 0.480469 0.625000 0.473633 0.619792 0.468750 0.618490 0.466797 0.615885
0 0.477539 0.686198 0.477539 0.687500 0.475586 0.690104 0.475586 0.695312 0.474609 0.696615 0.474609 0.703125 0.473633 0.704427 0.473633 0.713542 0.472656 0.714844 0.472656 0.723958 0.471680 0.725260 0.471680 0.730469 0.472656 0.731771 0.474609 0.742188 0.477539 0.746094 0.480469 0.746094 0.481445 0.747396 0.497070 0.747396 0.498047 0.746094 0.500977 0.746094 0.501953 0.744792 0.505859 0.743490 0.511719 0.735677 0.514648 0.727865 0.516602 0.726562 0.516602 0.723958 0.514648 0.718750 0.514648 0.708333 0.513672 0.705729 0.509766 0.703125 0.503906 0.694010 0.496094 0.688802 0.494141 0.688802 0.493164 0.687500 0.490234 0.687500 0.489258 0.686198 0.486328 0.686198 0.482422 0.688802 0.479492 0.686198
0 0.530273 0.602865 0.526367 0.606771 0.525391 0.606771 0.523438 0.609375 0.522461 0.609375 0.518555 0.615885 0.518555 0.618490 0.517578 0.619792 0.517578 0.626302 0.518555 0.627604 0.518555 0.631510 0.519531 0.632812 0.519531 0.635417 0.520508 0.636719 0.520508 0.639323 0.521484 0.640625 0.521484 0.641927 0.523438 0.644531 0.523438 0.645833 0.529297 0.653646 0.531250 0.653646 0.532227 0.654948 0.535156 0.654948 0.536133 0.656250 0.541992 0.656250 0.547852 0.649740 0.548828 0.649740 0.551758 0.645833 0.554688 0.644531 0.559570 0.638021 0.560547 0.638021 0.562500 0.635417 0.562500 0.634115 0.563477 0.632812 0.563477 0.628906 0.564453 0.627604 0.564453 0.623698 0.563477 0.622396 0.563477 0.614583 0.558594 0.609375 0.555664 0.609375 0.554688 0.608073 0.550781 0.608073 0.549805 0.606771 0.543945 0.606771 0.542969 0.605469 0.541016 0.605469 0.538086 0.602865
0 0.555664 0.647135 0.553711 0.648438 0.550781 0.652344 0.550781 0.656250 0.549805 0.657552 0.549805 0.661458 0.548828 0.662760 0.548828 0.667969 0.545898 0.673177 0.545898 0.680990 0.546875 0.680990 0.555664 0.692708 0.555664 0.694010 0.557617 0.696615 0.558594 0.696615 0.562500 0.700521 0.564453 0.700521 0.570312 0.704427 0.575195 0.703125 0.579102 0.699219 0.583984 0.696615 0.589844 0.687500 0.590820 0.684896 0.590820 0.682292 0.591797 0.680990 0.591797 0.671875 0.589844 0.669271 0.589844 0.667969 0.586914 0.666667 0.583984 0.662760 0.583984 0.661458 0.583008 0.661458 0.577148 0.653646 0.576172 0.653646 0.572266 0.648438 0.571289 0.648438 0.569336 0.644531 0.563477 0.644531 0.562500 0.645833 0.558594 0.645833 0.557617 0.647135
0 0.596680 0.673177 0.596680 0.675781 0.595703 0.677083 0.595703 0.679688 0.593750 0.683594 0.593750 0.687500 0.592773 0.688802 0.592773 0.701823 0.603516 0.712240 0.609375 0.716146 0.614258 0.717448 0.615234 0.718750 0.629883 0.718750 0.633789 0.714844 0.634766 0.714844 0.634766 0.713542 0.638672 0.708333 0.641602 0.700521 0.640625 0.697917 0.640625 0.694010 0.639648 0.692708 0.639648 0.690104 0.638672 0.687500 0.635742 0.683594 0.634766 0.683594 0.631836 0.679688 0.630859 0.679688 0.627930 0.675781 0.626953 0.675781 0.624023 0.671875 0.623047 0.671875 0.619141 0.666667 0.617188 0.666667 0.616211 0.665365 0.606445 0.665365 0.605469 0.666667 0.600586 0.667969
0 0.579102 0.614583 0.579102 0.619792 0.578125 0.621094 0.578125 0.628906 0.579102 0.630208 0.579102 0.648438 0.582031 0.649740 0.584961 0.653646 0.596680 0.662760 0.607422 0.662760 0.608398 0.664062 0.617188 0.664062 0.624023 0.654948 0.624023 0.652344 0.626953 0.645833 0.626953 0.628906 0.625977 0.627604 0.625977 0.617188 0.625000 0.615885 0.622070 0.614583 0.621094 0.618490 0.619141 0.621094 0.614258 0.623698 0.609375 0.630208 0.606445 0.631510 0.595703 0.625000 0.592773 0.619792 0.591797 0.619792 0.586914 0.614583 0.584961 0.614583 0.583984 0.613281 0.580078 0.613281
0 0.611328 0.545573 0.601562 0.546875 0.598633 0.549479 0.595703 0.549479 0.594727 0.550781 0.586914 0.550781 0.583984 0.554688 0.583008 0.558594 0.579102 0.565104 0.579102 0.567708 0.575195 0.576823 0.575195 0.583333 0.574219 0.584635 0.574219 0.589844 0.573242 0.591146 0.574219 0.598958 0.576172 0.600260 0.586914 0.614583 0.589844 0.615885 0.595703 0.623698 0.605469 0.630208 0.607422 0.630208 0.610352 0.627604 0.613281 0.622396 0.616211 0.621094 0.622070 0.613281 0.622070 0.611979 0.625977 0.606771 0.628906 0.597656 0.629883 0.571615 0.620117 0.555990 0.620117 0.554688 0.615234 0.548177
0 0.541992 0.533854 0.540039 0.536458 0.540039 0.537760 0.538086 0.539062 0.531250 0.549479 0.529297 0.555990 0.524414 0.561198 0.522461 0.566406 0.522461 0.575521 0.523438 0.576823 0.523438 0.580729 0.528320 0.593750 0.534180 0.600260 0.540039 0.601562 0.544922 0.605469 0.554688 0.605469 0.555664 0.604167 0.561523 0.602865 0.567383 0.596354 0.568359 0.596354 0.570312 0.593750 0.570312 0.591146 0.571289 0.589844 0.571289 0.580729 0.572266 0.579427 0.572266 0.563802 0.571289 0.562500 0.571289 0.558594 0.570312 0.557292 0.569336 0.550781 0.567383 0.546875 0.561523 0.542969 0.559570 0.542969 0.556641 0.540365 0.553711 0.540365 0.552734 0.539062 0.547852 0.537760 0.545898 0.535156
0 0.473633 0.567708 0.473633 0.570312 0.471680 0.574219 0.471680 0.580729 0.481445 0.593750 0.482422 0.593750 0.484375 0.596354 0.485352 0.596354 0.488281 0.598958 0.490234 0.598958 0.491211 0.600260 0.510742 0.600260 0.511719 0.598958 0.514648 0.597656 0.516602 0.593750 0.516602 0.580729 0.517578 0.579427 0.517578 0.569010 0.516602 0.567708 0.514648 0.570312 0.512695 0.570312 0.511719 0.571615 0.509766 0.571615 0.508789 0.572917 0.502930 0.572917 0.501953 0.571615 0.500977 0.571615 0.500000 0.572917 0.496094 0.572917 0.495117 0.571615 0.489258 0.571615 0.488281 0.570312 0.484375 0.570312 0.483398 0.569010 0.477539 0.569010 0.474609 0.566406
0 0.520508 0.494792 0.515625 0.492188 0.511719 0.492188 0.510742 0.490885 0.501953 0.492188 0.498047 0.496094 0.493164 0.496094 0.481445 0.507812 0.480469 0.510417 0.480469 0.515625 0.477539 0.526042 0.477539 0.535156 0.476562 0.536458 0.476562 0.540365 0.474609 0.546875 0.474609 0.553385 0.473633 0.554688 0.473633 0.566406 0.476562 0.569010 0.487305 0.569010 0.493164 0.571615 0.509766 0.571615 0.517578 0.567708 0.523438 0.553385 0.524414 0.548177 0.521484 0.545573 0.521484 0.541667 0.523438 0.537760 0.520508 0.528646 0.520508 0.520833 0.519531 0.518229 0.516602 0.516927 0.515625 0.510417 0.511719 0.505208 0.511719 0.502604 0.513672 0.500000 0.520508 0.500000 0.521484 0.498698
0 0.473633 0.429688 0.473633 0.432292 0.472656 0.433594 0.470703 0.433594 0.463867 0.444010 0.462891 0.444010 0.457031 0.450521 0.454102 0.457031 0.454102 0.467448 0.455078 0.468750 0.455078 0.472656 0.456055 0.473958 0.457031 0.481771 0.460938 0.490885 0.470703 0.503906 0.472656 0.503906 0.473633 0.505208 0.478516 0.505208 0.483398 0.501302 0.489258 0.493490 0.493164 0.490885 0.501953 0.481771 0.504883 0.475260 0.504883 0.467448 0.502930 0.460938 0.501953 0.449219 0.497070 0.442708 0.494141 0.440104 0.493164 0.440104 0.490234 0.445312 0.485352 0.445312 0.484375 0.444010 0.478516 0.442708 0.475586 0.438802 0.473633 0.433594 0.476562 0.429688
0 0.439453 0.346354 0.437500 0.348958 0.435547 0.348958 0.430664 0.355469 0.430664 0.356771 0.424805 0.365885 0.423828 0.371094 0.422852 0.372396 0.422852 0.384115 0.429688 0.394531 0.429688 0.395833 0.443359 0.414062 0.445312 0.415365 0.447266 0.420573 0.449219 0.419271 0.455078 0.419271 0.458984 0.414062 0.461914 0.412760 0.458984 0.408854 0.460938 0.406250 0.460938 0.403646 0.464844 0.397135 0.464844 0.393229 0.468750 0.386719 0.468750 0.381510 0.465820 0.377604 0.462891 0.376302 0.460938 0.373698 0.458984 0.368490 0.456055 0.364583 0.455078 0.360677 0.454102 0.360677 0.449219 0.355469 0.446289 0.355469 0.442383 0.352865 0.440430 0.350260 0.440430 0.346354
0 0.395508 0.328125 0.394531 0.329427 0.392578 0.329427 0.388672 0.334635 0.387695 0.334635 0.387695 0.335938 0.378906 0.350260 0.377930 0.359375 0.378906 0.360677 0.379883 0.368490 0.383789 0.375000 0.383789 0.377604 0.387695 0.388021 0.391602 0.393229 0.393555 0.393229 0.394531 0.394531 0.399414 0.394531 0.400391 0.395833 0.405273 0.395833 0.406250 0.397135 0.410156 0.397135 0.411133 0.395833 0.415039 0.395833 0.416016 0.394531 0.417969 0.394531 0.420898 0.390625 0.420898 0.376302 0.421875 0.375000 0.421875 0.369792 0.422852 0.368490 0.422852 0.365885 0.419922 0.358073 0.419922 0.354167 0.416992 0.346354 0.416992 0.342448 0.415039 0.338542 0.415039 0.335938 0.413086 0.332031 0.409180 0.330729 0.407227 0.328125 0.407227 0.326823 0.403320 0.326823 0.402344 0.328125
0 0.316406 0.278646 0.315430 0.279948 0.313477 0.279948 0.309570 0.282552 0.308594 0.285156 0.306641 0.286458 0.302734 0.291667 0.298828 0.292969 0.297852 0.294271 0.298828 0.295573 0.298828 0.311198 0.297852 0.312500 0.297852 0.325521 0.298828 0.326823 0.298828 0.329427 0.307617 0.341146 0.311523 0.342448 0.314453 0.345052 0.319336 0.346354 0.320312 0.347656 0.327148 0.347656 0.328125 0.346354 0.333984 0.345052 0.338867 0.339844 0.338867 0.321615 0.337891 0.320312 0.337891 0.307292 0.336914 0.305990 0.336914 0.294271 0.334961 0.289062 0.331055 0.285156 0.330078 0.285156 0.327148 0.279948 0.325195 0.278646
0 0.255859 0.282552 0.250977 0.291667 0.250977 0.298177 0.251953 0.299479 0.250977 0.300781 0.250977 0.321615 0.251953 0.322917 0.251953 0.330729 0.253906 0.333333 0.253906 0.334635 0.256836 0.335938 0.262695 0.342448 0.264648 0.342448 0.267578 0.345052 0.270508 0.345052 0.271484 0.346354 0.287109 0.347656 0.291016 0.345052 0.293945 0.341146 0.294922 0.335938 0.295898 0.334635 0.294922 0.333333 0.294922 0.324219 0.293945 0.322917 0.293945 0.303385 0.292969 0.303385 0.290039 0.299479 0.289062 0.295573 0.285156 0.290365 0.285156 0.289062 0.275391 0.277344 0.273438 0.277344 0.272461 0.276042 0.268555 0.276042 0.267578 0.277344 0.264648 0.277344 0.260742 0.281250
0 0.375977 0.225260 0.372070 0.227865 0.372070 0.229167 0.369141 0.233073 0.368164 0.236979 0.361328 0.247396 0.361328 0.250000 0.360352 0.251302 0.360352 0.259115 0.359375 0.260417 0.359375 0.263021 0.360352 0.264323 0.360352 0.274740 0.364258 0.285156 0.367188 0.289062 0.370117 0.295573 0.372070 0.296875 0.375000 0.296875 0.375977 0.298177 0.378906 0.298177 0.381836 0.300781 0.386719 0.300781 0.392578 0.295573 0.400391 0.294271 0.404297 0.290365 0.403320 0.272135 0.405273 0.269531 0.405273 0.266927 0.406250 0.265625 0.406250 0.255208 0.403320 0.246094 0.399414 0.240885 0.387695 0.230469 0.390625 0.226562 0.393555 0.226562 0.385742 0.225260 0.382812 0.227865 0.379883 0.227865 0.377930 0.225260
0 0.435547 0.169271 0.433594 0.173177 0.431641 0.173177 0.428711 0.179688 0.425781 0.201823 0.419922 0.212240 0.419922 0.220052 0.422852 0.223958 0.426758 0.226562 0.434570 0.236979 0.434570 0.238281 0.435547 0.238281 0.439453 0.243490 0.449219 0.248698 0.452148 0.248698 0.453125 0.247396 0.458984 0.247396 0.461914 0.244792 0.462891 0.236979 0.464844 0.231771 0.464844 0.227865 0.466797 0.223958 0.467773 0.214844 0.471680 0.203125 0.472656 0.194010 0.469727 0.190104 0.467773 0.183594 0.462891 0.178385 0.463867 0.175781 0.462891 0.173177 0.460938 0.173177 0.457031 0.170573 0.452148 0.170573 0.451172 0.169271 0.449219 0.170573
0 0.452148 0.252604 0.447266 0.256510 0.444336 0.260417 0.443359 0.260417 0.438477 0.270833 0.438477 0.273438 0.436523 0.278646 0.436523 0.300781 0.437500 0.303385 0.439453 0.304688 0.447266 0.315104 0.449219 0.320312 0.450195 0.320312 0.454102 0.325521 0.461914 0.326823 0.462891 0.328125 0.466797 0.328125 0.467773 0.326823 0.469727 0.326823 0.472656 0.322917 0.472656 0.321615 0.475586 0.317708 0.475586 0.315104 0.476562 0.313802 0.476562 0.304688 0.477539 0.303385 0.477539 0.285156 0.478516 0.283854 0.478516 0.274740 0.479492 0.273438 0.479492 0.269531 0.478516 0.268229 0.476562 0.257812 0.472656 0.253906 0.466797 0.252604 0.465820 0.251302 0.458008 0.251302 0.457031 0.252604
0 0.537109 0.239583 0.531250 0.239583 0.529297 0.236979 0.515625 0.236979 0.514648 0.238281 0.512695 0.238281 0.510742 0.240885 0.505859 0.240885 0.504883 0.242188 0.501953 0.242188 0.496094 0.246094 0.494141 0.246094 0.492188 0.247396 0.489258 0.252604 0.485352 0.265625 0.485352 0.281250 0.487305 0.285156 0.487305 0.287760 0.493164 0.298177 0.506836 0.315104 0.508789 0.315104 0.509766 0.316406 0.518555 0.315104 0.521484 0.312500 0.523438 0.305990 0.525391 0.303385 0.525391 0.300781 0.528320 0.294271 0.531250 0.281250 0.533203 0.278646 0.536133 0.269531 0.536133 0.261719 0.532227 0.256510 0.530273 0.250000 0.532227 0.247396 0.536133 0.248698 0.538086 0.246094 0.538086 0.243490 0.539062 0.242188
0 0.581055 0.239583 0.578125 0.238281 0.576172 0.235677 0.571289 0.235677 0.570312 0.234375 0.566406 0.234375 0.565430 0.233073 0.560547 0.233073 0.552734 0.238281 0.544922 0.240885 0.540039 0.246094 0.539062 0.248698 0.539062 0.259115 0.538086 0.260417 0.538086 0.270833 0.537109 0.272135 0.537109 0.304688 0.538086 0.307292 0.540039 0.308594 0.545898 0.308594 0.546875 0.307292 0.565430 0.307292 0.569336 0.304688 0.572266 0.304688 0.581055 0.298177 0.581055 0.296875 0.583984 0.292969 0.584961 0.282552 0.585938 0.281250 0.587891 0.270833 0.589844 0.266927 0.589844 0.259115 0.588867 0.257812 0.588867 0.255208 0.584961 0.244792
0 0.567383 0.139323 0.559570 0.140625 0.554688 0.148438 0.543945 0.154948 0.540039 0.158854 0.536133 0.165365 0.534180 0.173177 0.534180 0.192708 0.535156 0.194010 0.536133 0.201823 0.539062 0.208333 0.545898 0.216146 0.563477 0.226562 0.569336 0.222656 0.571289 0.222656 0.577148 0.216146 0.581055 0.214844 0.588867 0.205729 0.599609 0.180990 0.599609 0.174479 0.591797 0.160156 0.592773 0.152344 0.586914 0.152344 0.581055 0.148438 0.571289 0.145833
0 0.610352 0.178385 0.604492 0.183594 0.604492 0.184896 0.599609 0.191406 0.598633 0.196615 0.597656 0.197917 0.597656 0.208333 0.596680 0.209635 0.596680 0.216146 0.597656 0.217448 0.597656 0.221354 0.598633 0.222656 0.598633 0.238281 0.600586 0.242188 0.604492 0.242188 0.605469 0.243490 0.611328 0.243490 0.612305 0.244792 0.628906 0.244792 0.629883 0.246094 0.633789 0.243490 0.636719 0.239583 0.640625 0.238281 0.643555 0.234375 0.643555 0.231771 0.649414 0.217448 0.649414 0.197917 0.648438 0.196615 0.648438 0.194010 0.645508 0.188802 0.641602 0.186198 0.633789 0.184896 0.630859 0.182292 0.625977 0.182292 0.620117 0.178385
0 0.633789 0.252604 0.628906 0.252604 0.622070 0.257812 0.614258 0.257812 0.613281 0.259115 0.610352 0.259115 0.607422 0.261719 0.604492 0.266927 0.599609 0.270833 0.597656 0.270833 0.595703 0.273438 0.595703 0.286458 0.594727 0.287760 0.594727 0.295573 0.593750 0.296875 0.594727 0.304688 0.596680 0.308594 0.596680 0.311198 0.598633 0.312500 0.605469 0.322917 0.607422 0.330729 0.610352 0.333333 0.613281 0.333333 0.617188 0.330729 0.625977 0.330729 0.631836 0.326823 0.633789 0.326823 0.641602 0.320312 0.641602 0.317708 0.642578 0.316406 0.642578 0.278646 0.643555 0.277344 0.643555 0.266927 0.642578 0.265625 0.642578 0.261719 0.638672 0.256510
0 0.587891 0.309896 0.585938 0.309896 0.584961 0.308594 0.579102 0.308594 0.576172 0.312500 0.572266 0.313802 0.569336 0.316406 0.567383 0.316406 0.563477 0.319010 0.554688 0.328125 0.552734 0.328125 0.548828 0.334635 0.548828 0.358073 0.549805 0.359375 0.549805 0.368490 0.550781 0.369792 0.550781 0.372396 0.555664 0.384115 0.558594 0.388021 0.563477 0.391927 0.566406 0.391927 0.572266 0.388021 0.574219 0.385417 0.578125 0.384115 0.583008 0.378906 0.599609 0.367188 0.602539 0.361979 0.602539 0.359375 0.601562 0.358073 0.601562 0.342448 0.602539 0.341146 0.602539 0.334635 0.601562 0.333333 0.600586 0.326823 0.597656 0.322917 0.597656 0.321615
0 0.529297 0.342448 0.524414 0.342448 0.513672 0.348958 0.500977 0.352865 0.487305 0.367188 0.486328 0.371094 0.488281 0.376302 0.488281 0.399740 0.490234 0.406250 0.495117 0.414062 0.498047 0.416667 0.508789 0.420573 0.512695 0.427083 0.517578 0.427083 0.524414 0.417969 0.530273 0.415365 0.533203 0.415365 0.537109 0.412760 0.537109 0.411458 0.540039 0.408854 0.543945 0.402344 0.546875 0.391927 0.546875 0.375000 0.545898 0.373698 0.544922 0.363281 0.540039 0.358073 0.536133 0.350260 0.531250 0.347656
0 0.550781 0.416667 0.537109 0.416667 0.531250 0.421875 0.529297 0.421875 0.523438 0.425781 0.513672 0.440104 0.511719 0.445312 0.511719 0.449219 0.510742 0.450521 0.510742 0.453125 0.511719 0.454427 0.511719 0.462240 0.512695 0.463542 0.513672 0.473958 0.515625 0.477865 0.515625 0.480469 0.521484 0.488281 0.526367 0.489583 0.529297 0.492188 0.531250 0.492188 0.535156 0.494792 0.541992 0.494792 0.546875 0.492188 0.556641 0.475260 0.562500 0.463542 0.564453 0.457031 0.566406 0.454427 0.567383 0.449219 0.564453 0.441406 0.563477 0.429688 0.561523 0.427083 0.560547 0.423177 0.556641 0.421875
0 0.554688 0.483073 0.550781 0.488281 0.547852 0.496094 0.547852 0.500000 0.546875 0.501302 0.546875 0.505208 0.545898 0.506510 0.545898 0.513021 0.546875 0.514323 0.546875 0.518229 0.544922 0.522135 0.544922 0.524740 0.547852 0.528646 0.550781 0.528646 0.554688 0.531250 0.562500 0.540365 0.564453 0.540365 0.568359 0.542969 0.578125 0.542969 0.579102 0.541667 0.581055 0.541667 0.584961 0.539062 0.587891 0.535156 0.588867 0.535156 0.591797 0.528646 0.591797 0.520833 0.592773 0.519531 0.591797 0.516927 0.591797 0.506510 0.590820 0.505208 0.590820 0.497396 0.589844 0.494792 0.587891 0.492188 0.583984 0.492188 0.583008 0.490885 0.581055 0.490885 0.580078 0.489583 0.578125 0.489583 0.574219 0.486979 0.571289 0.486979 0.570312 0.485677 0.568359 0.485677 0.564453 0.483073 0.561523 0.483073 0.560547 0.481771 0.556641 0.481771
0 0.595703 0.460938 0.593750 0.462240 0.589844 0.468750 0.589844 0.480469 0.590820 0.481771 0.590820 0.492188 0.591797 0.493490 0.591797 0.506510 0.592773 0.507812 0.592773 0.515625 0.593750 0.516927 0.593750 0.519531 0.596680 0.522135 0.601562 0.522135 0.602539 0.523438 0.609375 0.523438 0.610352 0.524740 0.616211 0.526042 0.618164 0.524740 0.623047 0.516927 0.626953 0.514323 0.631836 0.507812 0.632812 0.503906 0.634766 0.501302 0.635742 0.493490 0.636719 0.492188 0.636719 0.486979 0.639648 0.483073 0.639648 0.480469 0.636719 0.477865 0.635742 0.473958 0.633789 0.471354 0.632812 0.464844 0.626953 0.458333 0.622070 0.458333 0.621094 0.457031 0.611328 0.457031 0.610352 0.458333 0.604492 0.459635 0.603516 0.460938
0 0.595703 0.380208 0.594727 0.381510 0.590820 0.381510 0.589844 0.382812 0.584961 0.384115 0.579102 0.389323 0.573242 0.397135 0.573242 0.398438 0.567383 0.407552 0.566406 0.410156 0.566406 0.414062 0.568359 0.417969 0.568359 0.427083 0.571289 0.432292 0.580078 0.440104 0.593750 0.457031 0.595703 0.458333 0.604492 0.458333 0.614258 0.450521 0.618164 0.445312 0.622070 0.437500 0.622070 0.434896 0.625000 0.428385 0.625977 0.415365 0.623047 0.407552 0.623047 0.404948 0.620117 0.403646 0.616211 0.398438 0.616211 0.395833 0.614258 0.391927 0.614258 0.388021 0.611328 0.384115 0.603516 0.380208
0 0.641602 0.328125 0.638672 0.332031 0.636719 0.330729 0.629883 0.332031 0.625977 0.334635 0.621094 0.341146 0.612305 0.365885 0.611328 0.377604 0.613281 0.381510 0.619141 0.386719 0.623047 0.393229 0.635742 0.408854 0.637695 0.410156 0.646484 0.408854 0.648438 0.412760 0.650391 0.414062 0.660156 0.402344 0.661133 0.402344 0.664062 0.397135 0.666992 0.386719 0.666992 0.376302 0.668945 0.371094 0.668945 0.367188 0.671875 0.359375 0.670898 0.358073 0.670898 0.355469 0.665039 0.347656 0.662109 0.341146 0.655273 0.333333 0.650391 0.332031 0.646484 0.328125
0 0.703125 0.373698 0.697266 0.378906 0.693359 0.384115 0.688477 0.386719 0.687500 0.389323 0.685547 0.390625 0.685547 0.391927 0.676758 0.403646 0.676758 0.407552 0.675781 0.408854 0.676758 0.424479 0.677734 0.425781 0.678711 0.432292 0.685547 0.440104 0.692383 0.441406 0.696289 0.445312 0.700195 0.445312 0.704102 0.447917 0.710938 0.447917 0.712891 0.449219 0.713867 0.447917 0.715820 0.447917 0.726562 0.434896 0.732422 0.429688 0.737305 0.421875 0.737305 0.419271 0.739258 0.414062 0.739258 0.401042 0.735352 0.386719 0.728516 0.378906 0.717773 0.373698
0 0.671875 0.442708 0.668945 0.444010 0.660156 0.453125 0.655273 0.459635 0.655273 0.462240 0.648438 0.470052 0.648438 0.472656 0.643555 0.485677 0.643555 0.490885 0.650391 0.509115 0.653320 0.513021 0.657227 0.515625 0.660156 0.519531 0.666016 0.522135 0.675781 0.529948 0.681641 0.529948 0.685547 0.527344 0.686523 0.523438 0.693359 0.515625 0.697266 0.507812 0.703125 0.500000 0.708008 0.497396 0.708008 0.484375 0.707031 0.483073 0.707031 0.476562 0.706055 0.475260 0.704102 0.460938 0.693359 0.450521 0.689453 0.449219 0.684570 0.445312
0 0.640625 0.513021 0.630859 0.520833 0.622070 0.532552 0.621094 0.539062 0.625000 0.546875 0.625000 0.549479 0.628906 0.558594 0.630859 0.569010 0.637695 0.585938 0.639648 0.587240 0.642578 0.587240 0.643555 0.588542 0.650391 0.588542 0.660156 0.582031 0.662109 0.579427 0.670898 0.574219 0.675781 0.569010 0.677734 0.563802 0.677734 0.559896 0.678711 0.558594 0.678711 0.546875 0.679688 0.545573 0.679688 0.539062 0.678711 0.537760 0.678711 0.535156 0.676758 0.532552 0.671875 0.529948 0.667969 0.526042 0.659180 0.523438 0.655273 0.518229 0.649414 0.513021
0 0.695312 0.575521 0.691406 0.574219 0.690430 0.572917 0.686523 0.572917 0.685547 0.571615 0.678711 0.570312 0.677734 0.569010 0.672852 0.575521 0.668945 0.578125 0.666992 0.578125 0.649414 0.591146 0.646484 0.595052 0.646484 0.605469 0.647461 0.606771 0.647461 0.610677 0.648438 0.611979 0.649414 0.617188 0.654297 0.625000 0.656250 0.625000 0.659180 0.627604 0.661133 0.627604 0.666016 0.634115 0.666016 0.635417 0.669922 0.636719 0.674805 0.632812 0.680664 0.631510 0.682617 0.628906 0.685547 0.627604 0.686523 0.626302 0.686523 0.623698 0.692383 0.615885 0.695312 0.615885 0.696289 0.617188 0.700195 0.614583 0.702148 0.610677 0.703125 0.595052 0.702148 0.593750 0.702148 0.589844 0.701172 0.588542 0.700195 0.582031
0 0.634766 0.635417 0.632812 0.638021 0.632812 0.641927 0.631836 0.643229 0.632812 0.644531 0.632812 0.649740 0.631836 0.651042 0.631836 0.661458 0.630859 0.662760 0.631836 0.665365 0.631836 0.675781 0.632812 0.678385 0.638672 0.682292 0.643555 0.687500 0.649414 0.691406 0.651367 0.691406 0.652344 0.692708 0.661133 0.692708 0.662109 0.691406 0.664062 0.691406 0.665039 0.690104 0.668945 0.688802 0.670898 0.683594 0.671875 0.677083 0.672852 0.675781 0.673828 0.667969 0.675781 0.664062 0.675781 0.658854 0.676758 0.657552 0.676758 0.649740 0.677734 0.648438 0.676758 0.641927 0.675781 0.640625 0.672852 0.640625 0.671875 0.639323 0.667969 0.639323 0.663086 0.634115 0.659180 0.634115 0.658203 0.632812 0.655273 0.632812 0.654297 0.631510 0.649414 0.631510 0.648438 0.630208 0.640625 0.631510
0 0.693359 0.053385 0.688477 0.057292 0.688477 0.058594 0.683594 0.065104 0.683594 0.066406 0.675781 0.076823 0.672852 0.083333 0.665039 0.095052 0.663086 0.100260 0.663086 0.102865 0.664062 0.105469 0.666992 0.109375 0.667969 0.109375 0.671875 0.115885 0.676758 0.119792 0.678711 0.119792 0.685547 0.125000 0.690430 0.125000 0.695312 0.127604 0.701172 0.127604 0.703125 0.126302 0.708984 0.117188 0.715820 0.111979 0.719727 0.105469 0.719727 0.102865 0.722656 0.095052 0.722656 0.088542 0.721680 0.087240 0.721680 0.080729 0.720703 0.079427 0.719727 0.072917 0.712891 0.065104 0.711914 0.058594 0.704102 0.055990 0.701172 0.053385
0 0.663086 0.122396 0.657227 0.122396 0.656250 0.123698 0.652344 0.123698 0.648438 0.126302 0.641602 0.135417 0.640625 0.140625 0.639648 0.141927 0.639648 0.149740 0.638672 0.151042 0.638672 0.157552 0.637695 0.158854 0.637695 0.169271 0.635742 0.174479 0.636719 0.175781 0.636719 0.179688 0.637695 0.182292 0.638672 0.182292 0.640625 0.184896 0.647461 0.188802 0.649414 0.191406 0.649414 0.194010 0.651367 0.196615 0.662109 0.196615 0.663086 0.195312 0.665039 0.195312 0.667969 0.191406 0.670898 0.190104 0.673828 0.184896 0.678711 0.182292 0.680664 0.179688 0.680664 0.174479 0.681641 0.173177 0.681641 0.170573 0.683594 0.166667 0.683594 0.164062 0.686523 0.154948 0.686523 0.147135 0.685547 0.145833 0.685547 0.143229 0.677734 0.134115 0.673828 0.131510 0.669922 0.126302
0 0.750000 0.119792 0.744141 0.115885 0.728516 0.115885 0.727539 0.117188 0.724609 0.117188 0.721680 0.119792 0.719727 0.119792 0.718750 0.121094 0.714844 0.122396 0.713867 0.127604 0.708984 0.140625 0.701172 0.149740 0.701172 0.154948 0.704102 0.160156 0.705078 0.167969 0.707031 0.170573 0.708008 0.174479 0.716797 0.183594 0.730469 0.184896 0.734375 0.182292 0.743164 0.169271 0.745117 0.164062 0.745117 0.161458 0.748047 0.154948 0.748047 0.152344 0.753906 0.139323 0.753906 0.135417 0.754883 0.132812
0 0.768555 0.167969 0.766602 0.167969 0.765625 0.166667 0.760742 0.166667 0.758789 0.165365 0.757812 0.166667 0.753906 0.166667 0.752930 0.167969 0.750000 0.167969 0.747070 0.170573 0.745117 0.170573 0.740234 0.175781 0.737305 0.183594 0.735352 0.186198 0.734375 0.192708 0.731445 0.200521 0.730469 0.208333 0.728516 0.212240 0.728516 0.216146 0.732422 0.226562 0.738281 0.235677 0.744141 0.239583 0.750977 0.239583 0.758789 0.234375 0.761719 0.234375 0.762695 0.233073 0.765625 0.235677 0.767578 0.235677 0.768555 0.234375 0.770508 0.234375 0.775391 0.227865 0.776367 0.223958 0.778320 0.221354 0.778320 0.217448 0.779297 0.216146 0.779297 0.205729 0.780273 0.204427 0.780273 0.200521 0.782227 0.196615 0.782227 0.191406 0.775391 0.180990 0.775391 0.178385 0.771484 0.170573
0 0.770508 0.239583 0.764648 0.238281 0.763672 0.236979 0.759766 0.236979 0.758789 0.238281 0.755859 0.238281 0.750977 0.242188 0.748047 0.242188 0.743164 0.244792 0.736328 0.255208 0.731445 0.266927 0.731445 0.270833 0.730469 0.272135 0.735352 0.285156 0.735352 0.287760 0.738281 0.294271 0.740234 0.304688 0.744141 0.315104 0.747070 0.317708 0.755859 0.316406 0.760742 0.312500 0.763672 0.312500 0.765625 0.309896 0.768555 0.308594 0.784180 0.283854 0.785156 0.272135 0.782227 0.263021 0.782227 0.257812 0.778320 0.248698
0 0.674805 0.209635 0.673828 0.210938 0.666992 0.212240 0.661133 0.216146 0.658203 0.220052 0.656250 0.220052 0.654297 0.222656 0.649414 0.234375 0.648438 0.247396 0.647461 0.248698 0.647461 0.260417 0.645508 0.268229 0.646484 0.270833 0.650391 0.273438 0.657227 0.285156 0.658203 0.285156 0.665039 0.294271 0.666992 0.295573 0.670898 0.295573 0.671875 0.296875 0.682617 0.298177 0.685547 0.296875 0.689453 0.290365 0.692383 0.289062 0.698242 0.279948 0.699219 0.269531 0.701172 0.263021 0.701172 0.251302 0.702148 0.250000 0.703125 0.238281 0.705078 0.230469 0.703125 0.225260 0.692383 0.212240 0.690430 0.210938 0.686523 0.210938 0.685547 0.209635
0 0.704102 0.286458 0.700195 0.290365 0.696289 0.291667 0.693359 0.295573 0.684570 0.300781 0.678711 0.308594 0.678711 0.312500 0.677734 0.313802 0.677734 0.345052 0.678711 0.346354 0.678711 0.355469 0.680664 0.360677 0.684570 0.365885 0.694336 0.373698 0.698242 0.373698 0.711914 0.364583 0.722656 0.360677 0.728516 0.354167 0.732422 0.343750 0.731445 0.308594 0.729492 0.304688 0.722656 0.300781 0.715820 0.292969
0 0.740234 0.325521 0.739258 0.328125 0.736328 0.330729 0.735352 0.341146 0.734375 0.342448 0.732422 0.355469 0.731445 0.356771 0.731445 0.361979 0.734375 0.371094 0.737305 0.376302 0.737305 0.382812 0.741211 0.391927 0.748047 0.398438 0.768555 0.398438 0.769531 0.397135 0.775391 0.395833 0.781250 0.390625 0.788086 0.381510 0.791016 0.373698 0.792969 0.371094 0.791992 0.369792 0.791992 0.365885 0.790039 0.363281 0.786133 0.351562 0.784180 0.348958 0.781250 0.339844 0.776367 0.332031 0.775391 0.328125 0.771484 0.322917 0.761719 0.321615 0.760742 0.320312 0.751953 0.320312 0.750977 0.321615 0.747070 0.321615
0 0.748047 0.412760 0.747070 0.414062 0.749023 0.419271 0.748047 0.420573 0.748047 0.425781 0.747070 0.427083 0.747070 0.444010 0.748047 0.445312 0.748047 0.459635 0.750977 0.463542 0.758789 0.463542 0.759766 0.464844 0.763672 0.464844 0.767578 0.467448 0.779297 0.467448 0.780273 0.466146 0.786133 0.464844 0.794922 0.454427 0.795898 0.451823 0.795898 0.446615 0.794922 0.445312 0.794922 0.441406 0.793945 0.440104 0.793945 0.433594 0.791992 0.428385 0.791016 0.417969 0.790039 0.416667 0.789062 0.410156 0.786133 0.404948 0.784180 0.404948 0.783203 0.403646 0.762695 0.403646 0.761719 0.404948 0.757812 0.404948 0.753906 0.407552 0.750000 0.412760
0 0.759766 0.471354 0.753906 0.471354 0.744141 0.477865 0.739258 0.485677 0.739258 0.489583 0.737305 0.494792 0.730469 0.505208 0.730469 0.513021 0.734375 0.520833 0.736328 0.527344 0.738281 0.529948 0.741211 0.539062 0.743164 0.541667 0.745117 0.549479 0.748047 0.553385 0.750000 0.553385 0.750977 0.554688 0.752930 0.554688 0.753906 0.553385 0.758789 0.553385 0.759766 0.552083 0.765625 0.552083 0.770508 0.549479 0.773438 0.545573 0.779297 0.532552 0.787109 0.523438 0.787109 0.511719 0.783203 0.502604 0.783203 0.498698 0.782227 0.497396 0.781250 0.490885 0.775391 0.483073 0.772461 0.481771 0.768555 0.477865 0.764648 0.476562
0 0.720703 0.511719 0.716797 0.509115 0.713867 0.509115 0.712891 0.507812 0.708008 0.506510 0.707031 0.505208 0.701172 0.506510 0.696289 0.513021 0.694336 0.518229 0.685547 0.529948 0.684570 0.529948 0.682617 0.532552 0.682617 0.535156 0.681641 0.536458 0.681641 0.545573 0.680664 0.546875 0.679688 0.554688 0.680664 0.557292 0.684570 0.562500 0.685547 0.566406 0.687500 0.567708 0.690430 0.567708 0.694336 0.570312 0.699219 0.570312 0.700195 0.569010 0.703125 0.569010 0.704102 0.570312 0.710938 0.565104 0.718750 0.565104 0.723633 0.559896 0.724609 0.554688 0.725586 0.553385 0.725586 0.550781 0.726562 0.549479 0.726562 0.546875 0.727539 0.545573 0.728516 0.532552 0.727539 0.531250 0.727539 0.527344 0.726562 0.526042 0.726562 0.520833 0.725586 0.518229
0 0.769531 0.553385 0.759766 0.554688 0.758789 0.555990 0.755859 0.555990 0.754883 0.557292 0.750000 0.557292 0.749023 0.555990 0.746094 0.555990 0.745117 0.557292 0.737305 0.557292 0.733398 0.559896 0.731445 0.562500 0.731445 0.563802 0.728516 0.567708 0.725586 0.575521 0.723633 0.578125 0.723633 0.584635 0.724609 0.587240 0.732422 0.598958 0.734375 0.604167 0.744141 0.619792 0.754883 0.619792 0.757812 0.617188 0.760742 0.617188 0.761719 0.615885 0.765625 0.615885 0.767578 0.614583 0.770508 0.610677 0.773438 0.600260 0.778320 0.592448 0.779297 0.587240 0.780273 0.585938 0.780273 0.575521 0.779297 0.574219 0.778320 0.569010 0.775391 0.565104 0.775391 0.563802
0 0.723633 0.605469 0.719727 0.605469 0.715820 0.602865 0.711914 0.602865 0.708008 0.606771 0.705078 0.608073 0.702148 0.614583 0.697266 0.621094 0.696289 0.621094 0.693359 0.625000 0.691406 0.625000 0.690430 0.626302 0.689453 0.632812 0.690430 0.634115 0.690430 0.651042 0.691406 0.652344 0.691406 0.661458 0.692383 0.662760 0.692383 0.669271 0.693359 0.670573 0.693359 0.673177 0.695312 0.675781 0.699219 0.675781 0.700195 0.674479 0.703125 0.674479 0.704102 0.675781 0.711914 0.675781 0.718750 0.671875 0.721680 0.671875 0.731445 0.665365 0.733398 0.662760 0.734375 0.657552 0.735352 0.656250 0.735352 0.644531 0.736328 0.643229 0.736328 0.638021 0.737305 0.636719 0.737305 0.632812 0.736328 0.631510 0.736328 0.625000 0.735352 0.623698 0.735352 0.619792 0.732422 0.615885 0.727539 0.611979
0 0.735352 0.670573 0.734375 0.671875 0.732422 0.671875 0.725586 0.675781 0.712891 0.690104 0.712891 0.691406 0.710938 0.694010 0.710938 0.704427 0.712891 0.709635 0.716797 0.716146 0.717773 0.720052 0.721680 0.726562 0.722656 0.730469 0.724609 0.733073 0.727539 0.740885 0.731445 0.743490 0.740234 0.743490 0.741211 0.744792 0.747070 0.744792 0.750977 0.742188 0.754883 0.736979 0.755859 0.736979 0.755859 0.735677 0.759766 0.730469 0.763672 0.720052 0.762695 0.709635 0.761719 0.708333 0.761719 0.704427 0.760742 0.703125 0.760742 0.697917 0.757812 0.690104 0.754883 0.686198 0.752930 0.679688 0.750977 0.677083 0.746094 0.677083 0.745117 0.675781 0.741211 0.674479 0.737305 0.670573
0 0.755859 0.626302 0.754883 0.628906 0.754883 0.644531 0.755859 0.645833 0.754883 0.673177 0.759766 0.687500 0.764648 0.695312 0.776367 0.705729 0.779297 0.707031 0.796875 0.707031 0.800781 0.704427 0.807617 0.694010 0.808594 0.675781 0.809570 0.674479 0.809570 0.664062 0.810547 0.662760 0.810547 0.652344 0.808594 0.644531 0.800781 0.635417 0.792969 0.634115 0.787109 0.630208 0.785156 0.630208 0.782227 0.626302 0.782227 0.623698 0.780273 0.622396 0.766602 0.623698 0.763672 0.626302
0 0.833008 0.700521 0.827148 0.697917 0.821289 0.691406 0.820312 0.691406 0.818359 0.694010 0.812500 0.694010 0.811523 0.695312 0.809570 0.695312 0.802734 0.704427 0.799805 0.705729 0.794922 0.710938 0.791992 0.710938 0.791016 0.712240 0.789062 0.710938 0.782227 0.710938 0.781250 0.713542 0.781250 0.717448 0.782227 0.718750 0.782227 0.721354 0.784180 0.726562 0.784180 0.730469 0.785156 0.731771 0.785156 0.734375 0.792969 0.744792 0.800781 0.750000 0.803711 0.750000 0.804688 0.751302 0.809570 0.750000 0.818359 0.739583 0.819336 0.739583 0.824219 0.733073 0.825195 0.733073 0.833008 0.721354 0.833984 0.718750 0.833984 0.712240 0.833008 0.710938 0.833984 0.704427 0.833008 0.703125
0 0.842773 0.692708 0.837891 0.700521 0.838867 0.701823 0.838867 0.720052 0.837891 0.721354 0.837891 0.725260 0.835938 0.731771 0.833008 0.734375 0.833984 0.739583 0.837891 0.744792 0.838867 0.748698 0.843750 0.752604 0.845703 0.752604 0.851562 0.756510 0.861328 0.757812 0.862305 0.756510 0.865234 0.756510 0.868164 0.753906 0.871094 0.753906 0.872070 0.752604 0.875977 0.753906 0.884766 0.746094 0.886719 0.740885 0.886719 0.734375 0.887695 0.733073 0.887695 0.730469 0.886719 0.729167 0.886719 0.722656 0.885742 0.721354 0.885742 0.708333 0.883789 0.704427 0.883789 0.701823 0.881836 0.696615 0.878906 0.691406 0.876953 0.690104 0.867188 0.690104 0.866211 0.688802 0.852539 0.688802 0.848633 0.691406
0 0.830078 0.567708 0.820312 0.567708 0.819336 0.569010 0.815430 0.569010 0.814453 0.570312 0.810547 0.570312 0.809570 0.571615 0.803711 0.572917 0.797852 0.578125 0.791016 0.589844 0.791016 0.602865 0.794922 0.613281 0.795898 0.619792 0.799805 0.626302 0.803711 0.636719 0.806641 0.640625 0.808594 0.640625 0.812500 0.643229 0.820312 0.643229 0.821289 0.641927 0.826172 0.641927 0.827148 0.640625 0.833008 0.639323 0.835938 0.635417 0.839844 0.626302 0.846680 0.618490 0.847656 0.609375 0.844727 0.601562 0.843750 0.595052 0.839844 0.584635
0 0.877930 0.626302 0.870117 0.621094 0.863281 0.619792 0.858398 0.623698 0.851562 0.625000 0.841797 0.636719 0.841797 0.638021 0.835938 0.645833 0.834961 0.648438 0.834961 0.653646 0.833984 0.654948 0.833984 0.666667 0.834961 0.667969 0.834961 0.671875 0.836914 0.675781 0.836914 0.678385 0.838867 0.682292 0.842773 0.682292 0.843750 0.683594 0.849609 0.683594 0.850586 0.684896 0.855469 0.684896 0.856445 0.686198 0.863281 0.686198 0.864258 0.687500 0.874023 0.687500 0.875000 0.686198 0.877930 0.686198 0.879883 0.684896 0.882812 0.680990 0.883789 0.675781 0.884766 0.674479 0.884766 0.671875 0.885742 0.670573 0.885742 0.666667 0.886719 0.665365 0.886719 0.652344 0.884766 0.648438 0.882812 0.638021
0 0.910156 0.602865 0.909180 0.604167 0.903320 0.605469 0.900391 0.608073 0.898438 0.614583 0.896484 0.617188 0.900391 0.621094 0.897461 0.623698 0.897461 0.625000 0.893555 0.630208 0.893555 0.632812 0.887695 0.641927 0.887695 0.647135 0.890625 0.654948 0.891602 0.654948 0.907227 0.677083 0.912109 0.680990 0.916016 0.686198 0.923828 0.688802 0.931641 0.684896 0.941406 0.673177 0.948242 0.658854 0.948242 0.649740 0.941406 0.632812 0.930664 0.617188 0.926758 0.617188 0.922852 0.613281 0.919922 0.611979 0.915039 0.605469
0 0.855469 0.558594 0.847656 0.567708 0.845703 0.575521 0.849609 0.585938 0.849609 0.591146 0.850586 0.593750 0.855469 0.601562 0.858398 0.608073 0.858398 0.610677 0.860352 0.613281 0.864258 0.615885 0.873047 0.615885 0.877930 0.618490 0.887695 0.618490 0.891602 0.613281 0.894531 0.611979 0.898438 0.606771 0.902344 0.598958 0.906250 0.595052 0.907227 0.592448 0.907227 0.588542 0.908203 0.587240 0.908203 0.584635 0.907227 0.583333 0.907227 0.576823 0.906250 0.574219 0.899414 0.566406 0.898438 0.562500 0.896484 0.559896 0.893555 0.559896 0.892578 0.558594 0.876953 0.558594 0.873047 0.555990 0.868164 0.555990 0.867188 0.557292 0.857422 0.557292
0 0.788086 0.528646 0.788086 0.533854 0.790039 0.540365 0.792969 0.544271 0.793945 0.552083 0.795898 0.557292 0.802734 0.569010 0.810547 0.569010 0.811523 0.567708 0.815430 0.567708 0.820312 0.565104 0.824219 0.565104 0.825195 0.563802 0.838867 0.561198 0.844727 0.555990 0.847656 0.548177 0.847656 0.523438 0.846680 0.520833 0.833984 0.506510 0.829102 0.507812 0.825195 0.503906 0.821289 0.503906 0.817383 0.500000 0.816406 0.501302 0.813477 0.501302 0.809570 0.497396 0.807617 0.497396 0.806641 0.498698 0.806641 0.501302 0.804688 0.503906 0.802734 0.503906 0.798828 0.507812 0.796875 0.516927 0.791016 0.522135
0 0.851562 0.424479 0.847656 0.424479 0.844727 0.427083 0.834961 0.427083 0.822266 0.433594 0.817383 0.440104 0.815430 0.445312 0.811523 0.449219 0.808594 0.454427 0.810547 0.463542 0.814453 0.467448 0.816406 0.472656 0.816406 0.475260 0.819336 0.481771 0.819336 0.485677 0.825195 0.498698 0.829102 0.502604 0.834961 0.503906 0.835938 0.505208 0.838867 0.505208 0.839844 0.503906 0.849609 0.505208 0.851562 0.503906 0.862305 0.486979 0.862305 0.484375 0.865234 0.481771 0.872070 0.471354 0.868164 0.451823 0.864258 0.444010 0.860352 0.433594 0.860352 0.430990 0.858398 0.428385
0 0.892578 0.476562 0.882812 0.472656 0.879883 0.470052 0.878906 0.471354 0.876953 0.471354 0.877930 0.473958 0.876953 0.476562 0.872070 0.475260 0.864258 0.484375 0.862305 0.490885 0.857422 0.498698 0.857422 0.502604 0.851562 0.523438 0.851562 0.527344 0.850586 0.528646 0.850586 0.540365 0.852539 0.544271 0.854492 0.544271 0.857422 0.546875 0.861328 0.546875 0.862305 0.548177 0.875977 0.548177 0.876953 0.546875 0.880859 0.546875 0.887695 0.542969 0.898438 0.529948 0.902344 0.519531 0.903320 0.513021 0.906250 0.507812 0.906250 0.502604 0.903320 0.494792 0.895508 0.485677 0.895508 0.483073
0 0.915039 0.509115 0.914062 0.510417 0.907227 0.510417 0.905273 0.513021 0.903320 0.518229 0.903320 0.520833 0.900391 0.526042 0.897461 0.533854 0.892578 0.540365 0.888672 0.542969 0.886719 0.548177 0.888672 0.549479 0.892578 0.554688 0.892578 0.555990 0.895508 0.557292 0.905273 0.571615 0.914062 0.571615 0.917969 0.569010 0.919922 0.566406 0.923828 0.563802 0.927734 0.557292 0.931641 0.554688 0.931641 0.553385 0.934570 0.548177 0.933594 0.545573 0.933594 0.540365 0.932617 0.539062 0.932617 0.535156 0.928711 0.524740 0.919922 0.511719 0.917969 0.510417 0.916016 0.510417
0 0.950195 0.546875 0.944336 0.546875 0.936523 0.552083 0.932617 0.557292 0.928711 0.559896 0.924805 0.566406 0.919922 0.569010 0.915039 0.575521 0.915039 0.583333 0.914062 0.584635 0.914062 0.588542 0.915039 0.591146 0.922852 0.595052 0.925781 0.598958 0.929688 0.600260 0.939453 0.608073 0.947266 0.608073 0.948242 0.606771 0.953125 0.605469 0.957031 0.601562 0.958008 0.601562 0.960938 0.597656 0.963867 0.589844 0.963867 0.570312 0.964844 0.569010 0.964844 0.562500 0.963867 0.559896 0.958984 0.553385 0.956055 0.552083 0.954102 0.549479
0 0.816406 0.257812 0.815430 0.264323 0.813477 0.266927 0.814453 0.269531 0.818359 0.265625 0.821289 0.268229 0.827148 0.266927 0.829102 0.272135 0.827148 0.279948 0.822266 0.285156 0.820312 0.296875 0.813477 0.311198 0.812500 0.315104 0.813477 0.322917 0.827148 0.341146 0.835938 0.346354 0.852539 0.347656 0.862305 0.345052 0.871094 0.322917 0.879883 0.305990 0.885742 0.298177 0.885742 0.289062 0.886719 0.287760 0.885742 0.278646 0.849609 0.252604
0 0.874023 0.361979 0.872070 0.356771 0.864258 0.347656 0.853516 0.348958 0.852539 0.350260 0.838867 0.350260 0.837891 0.348958 0.833984 0.350260 0.821289 0.368490 0.817383 0.372396 0.814453 0.372396 0.813477 0.377604 0.809570 0.381510 0.809570 0.384115 0.808594 0.385417 0.808594 0.393229 0.810547 0.398438 0.818359 0.408854 0.828125 0.415365 0.834961 0.416667 0.835938 0.417969 0.841797 0.417969 0.845703 0.420573 0.850586 0.420573 0.852539 0.419271 0.859375 0.408854 0.866211 0.403646 0.873047 0.395833 0.875977 0.388021 0.875977 0.375000 0.875000 0.373698
0 0.879883 0.380208 0.875977 0.390625 0.875977 0.399740 0.875000 0.401042 0.875977 0.407552 0.873047 0.415365 0.873047 0.419271 0.868164 0.429688 0.868164 0.434896 0.871094 0.440104 0.873047 0.453125 0.875977 0.457031 0.889648 0.467448 0.896484 0.468750 0.903320 0.472656 0.912109 0.472656 0.913086 0.471354 0.927734 0.470052 0.935547 0.467448 0.947266 0.437500 0.949219 0.427083 0.949219 0.416667 0.940430 0.399740 0.922852 0.386719 0.910156 0.385417 0.906250 0.382812 0.901367 0.382812 0.891602 0.377604 0.885742 0.377604 0.884766 0.376302
0 0.965820 0.457031 0.964844 0.455729 0.961914 0.455729 0.953125 0.449219 0.945312 0.447917 0.943359 0.450521 0.942383 0.455729 0.940430 0.458333 0.936523 0.468750 0.932617 0.470052 0.931641 0.471354 0.922852 0.471354 0.919922 0.473958 0.914062 0.473958 0.913086 0.475260 0.910156 0.475260 0.909180 0.476562 0.905273 0.477865 0.904297 0.481771 0.907227 0.489583 0.914062 0.500000 0.916016 0.505208 0.917969 0.506510 0.923828 0.507812 0.924805 0.506510 0.930664 0.505208 0.931641 0.503906 0.942383 0.502604 0.943359 0.501302 0.947266 0.500000 0.955078 0.489583 0.956055 0.489583 0.956055 0.488281 0.959961 0.483073 0.961914 0.481771 0.962891 0.475260 0.964844 0.471354
0 0.934570 0.684896 0.936523 0.691406 0.936523 0.696615 0.934570 0.700521 0.931641 0.699219 0.933594 0.701823 0.934570 0.708333 0.938477 0.714844 0.942383 0.718750 0.949219 0.722656 0.952148 0.726562 0.959961 0.731771 0.964844 0.736979 0.966797 0.736979 0.969727 0.739583 0.979492 0.739583 0.992188 0.725260 0.995117 0.717448 0.996094 0.709635 0.993164 0.704427 0.994141 0.701823 0.993164 0.695312 0.993164 0.700521 0.991211 0.703125 0.989258 0.703125 0.983398 0.696615 0.981445 0.696615 0.974609 0.688802 0.967773 0.684896 0.963867 0.680990 0.958008 0.679688 0.954102 0.674479 0.957031 0.669271 0.955078 0.667969 0.954102 0.671875 0.950195 0.674479 0.949219 0.677083 0.945312 0.677083 0.943359 0.678385 0.941406 0.682292 0.939453 0.683594 0.935547 0.683594
