0 0.037109 0.438802 0.027344 0.450521 0.027344 0.453125 0.025391 0.455729 0.025391 0.462240 0.026367 0.463542 0.026367 0.466146 0.028320 0.467448 0.033203 0.473958 0.033203 0.475260 0.034180 0.475260 0.038086 0.480469 0.039062 0.480469 0.044922 0.486979 0.045898 0.486979 0.052734 0.496094 0.054688 0.497396 0.062500 0.497396 0.070312 0.485677 0.070312 0.483073 0.072266 0.480469 0.073242 0.480469 0.072266 0.477865 0.072266 0.475260 0.071289 0.473958 0.071289 0.471354 0.070312 0.470052 0.070312 0.464844 0.069336 0.463542 0.069336 0.457031 0.068359 0.454427 0.066406 0.453125 0.063477 0.447917 0.062500 0.447917 0.057617 0.441406 0.055664 0.440104 0.053711 0.440104 0.052734 0.438802 0.047852 0.438802 0.046875 0.440104 0.043945 0.440104 0.041016 0.437500 0.039062 0.437500
0 0.082031 0.481771 0.082031 0.483073 0.081055 0.484375 0.081055 0.488281 0.080078 0.489583 0.080078 0.492188 0.079102 0.493490 0.079102 0.498698 0.078125 0.500000 0.078125 0.507812 0.079102 0.509115 0.079102 0.511719 0.080078 0.513021 0.080078 0.514323 0.083984 0.520833 0.084961 0.520833 0.087891 0.523438 0.089844 0.523438 0.094727 0.527344 0.102539 0.527344 0.103516 0.528646 0.118164 0.528646 0.121094 0.526042 0.121094 0.524740 0.122070 0.523438 0.122070 0.519531 0.121094 0.518229 0.121094 0.516927 0.116211 0.510417 0.116211 0.509115 0.114258 0.505208 0.114258 0.501302 0.113281 0.500000 0.113281 0.490885 0.111328 0.488281 0.110352 0.484375 0.109375 0.484375 0.108398 0.483073 0.105469 0.483073 0.104492 0.481771 0.102539 0.481771 0.101562 0.480469 0.101562 0.479167 0.100586 0.477865 0.099609 0.477865 0.096680 0.473958 0.092773 0.473958 0.091797 0.475260 0.089844 0.475260 0.086914 0.477865 0.084961 0.477865
0 0.085938 0.410156 0.083008 0.414062 0.083008 0.416667 0.082031 0.417969 0.082031 0.425781 0.081055 0.427083 0.081055 0.440104 0.082031 0.441406 0.082031 0.444010 0.083008 0.445312 0.084961 0.451823 0.086914 0.454427 0.088867 0.454427 0.089844 0.455729 0.093750 0.455729 0.094727 0.457031 0.097656 0.457031 0.098633 0.458333 0.103516 0.458333 0.104492 0.459635 0.107422 0.459635 0.108398 0.460938 0.112305 0.460938 0.116211 0.457031 0.117188 0.457031 0.124023 0.447917 0.124023 0.445312 0.125000 0.444010 0.125000 0.433594 0.124023 0.432292 0.124023 0.428385 0.123047 0.427083 0.123047 0.425781 0.118164 0.419271 0.116211 0.412760 0.115234 0.412760 0.112305 0.410156 0.106445 0.410156 0.105469 0.408854 0.100586 0.408854 0.099609 0.407552 0.096680 0.407552 0.095703 0.406250 0.090820 0.406250 0.086914 0.410156
0 0.094727 0.345052 0.092773 0.350260 0.092773 0.359375 0.091797 0.360677 0.092773 0.361979 0.092773 0.375000 0.091797 0.376302 0.091797 0.380208 0.090820 0.381510 0.090820 0.391927 0.096680 0.399740 0.098633 0.404948 0.100586 0.404948 0.101562 0.406250 0.108398 0.406250 0.109375 0.407552 0.120117 0.407552 0.121094 0.406250 0.125977 0.406250 0.126953 0.404948 0.129883 0.404948 0.133789 0.402344 0.138672 0.397135 0.138672 0.394531 0.139648 0.393229 0.139648 0.388021 0.136719 0.380208 0.135742 0.369792 0.133789 0.367188 0.133789 0.364583 0.132812 0.363281 0.132812 0.361979 0.135742 0.358073 0.134766 0.354167 0.130859 0.352865 0.123047 0.345052 0.114258 0.345052 0.113281 0.343750 0.104492 0.343750 0.103516 0.342448 0.101562 0.343750 0.096680 0.343750
0 0.172852 0.345052 0.166016 0.351562 0.155273 0.355469 0.149414 0.361979 0.149414 0.368490 0.151367 0.373698 0.151367 0.381510 0.149414 0.386719 0.149414 0.394531 0.150391 0.395833 0.152344 0.404948 0.156250 0.407552 0.162109 0.414062 0.168945 0.416667 0.169922 0.417969 0.176758 0.417969 0.182617 0.414062 0.185547 0.414062 0.186523 0.412760 0.192383 0.412760 0.195312 0.408854 0.196289 0.408854 0.196289 0.407552 0.200195 0.402344 0.198242 0.398438 0.198242 0.386719 0.197266 0.385417 0.197266 0.381510 0.193359 0.375000 0.191406 0.373698 0.188477 0.373698 0.185547 0.369792 0.183594 0.364583 0.183594 0.360677 0.182617 0.359375 0.181641 0.347656 0.179688 0.345052
0 0.196289 0.303385 0.185547 0.316406 0.184570 0.316406 0.178711 0.325521 0.178711 0.328125 0.177734 0.329427 0.178711 0.341146 0.183594 0.348958 0.184570 0.361979 0.190430 0.369792 0.193359 0.371094 0.197266 0.375000 0.205078 0.375000 0.209961 0.377604 0.213867 0.377604 0.214844 0.376302 0.216797 0.376302 0.223633 0.368490 0.224609 0.368490 0.230469 0.360677 0.230469 0.359375 0.234375 0.355469 0.230469 0.348958 0.220703 0.346354 0.202148 0.328125 0.199219 0.320312 0.199219 0.309896 0.198242 0.308594 0.199219 0.304688 0.198242 0.303385
0 0.201172 0.299479 0.201172 0.302083 0.200195 0.303385 0.200195 0.317708 0.203125 0.326823 0.208008 0.333333 0.215820 0.338542 0.219727 0.343750 0.224609 0.345052 0.225586 0.346354 0.243164 0.347656 0.248047 0.345052 0.251953 0.345052 0.257812 0.339844 0.256836 0.338542 0.256836 0.325521 0.254883 0.319010 0.255859 0.292969 0.251953 0.296875 0.247070 0.290365 0.243164 0.289062 0.237305 0.281250 0.233398 0.273438 0.231445 0.272135 0.230469 0.273438 0.226562 0.273438 0.218750 0.278646 0.212891 0.287760
0 0.270508 0.268229 0.265625 0.272135 0.262695 0.276042 0.262695 0.278646 0.260742 0.283854 0.260742 0.289062 0.259766 0.290365 0.259766 0.296875 0.258789 0.298177 0.258789 0.322917 0.261719 0.330729 0.265625 0.334635 0.270508 0.335938 0.274414 0.339844 0.279297 0.341146 0.282227 0.343750 0.297852 0.345052 0.300781 0.342448 0.302734 0.342448 0.310547 0.330729 0.310547 0.324219 0.308594 0.317708 0.309570 0.308594 0.308594 0.307292 0.308594 0.303385 0.302734 0.292969 0.301758 0.287760 0.295898 0.279948 0.295898 0.278646 0.291016 0.272135 0.285156 0.266927 0.281250 0.265625 0.279297 0.268229 0.277344 0.266927
0 0.337891 0.178385 0.336914 0.180990 0.330078 0.188802 0.330078 0.209635 0.329102 0.210938 0.329102 0.221354 0.333984 0.234375 0.339844 0.242188 0.340820 0.242188 0.347656 0.252604 0.349609 0.253906 0.357422 0.253906 0.358398 0.252604 0.362305 0.252604 0.363281 0.253906 0.372070 0.253906 0.380859 0.248698 0.389648 0.236979 0.389648 0.227865 0.385742 0.221354 0.385742 0.214844 0.384766 0.213542 0.383789 0.205729 0.373047 0.192708 0.369141 0.190104 0.359375 0.179688 0.359375 0.175781 0.361328 0.174479 0.350586 0.175781 0.347656 0.178385 0.343750 0.178385 0.340820 0.180990
0 0.370117 0.266927 0.364258 0.274740 0.363281 0.278646 0.359375 0.285156 0.356445 0.292969 0.357422 0.305990 0.362305 0.317708 0.362305 0.320312 0.366211 0.329427 0.366211 0.332031 0.370117 0.335938 0.375977 0.337240 0.382812 0.341146 0.386719 0.341146 0.387695 0.342448 0.395508 0.342448 0.396484 0.341146 0.400391 0.341146 0.404297 0.338542 0.410156 0.330729 0.411133 0.324219 0.416992 0.313802 0.416992 0.311198 0.417969 0.309896 0.417969 0.299479 0.416992 0.298177 0.416992 0.292969 0.416016 0.291667 0.410156 0.291667 0.408203 0.290365 0.406250 0.283854 0.404297 0.281250 0.396484 0.279948 0.394531 0.277344 0.387695 0.274740 0.380859 0.266927 0.375000 0.266927 0.374023 0.265625
0 0.352539 0.295573 0.346680 0.302083 0.343750 0.308594 0.338867 0.315104 0.338867 0.320312 0.336914 0.324219 0.336914 0.337240 0.337891 0.338542 0.337891 0.341146 0.340820 0.348958 0.346680 0.358073 0.347656 0.361979 0.349609 0.364583 0.360352 0.368490 0.365234 0.372396 0.372070 0.372396 0.377930 0.368490 0.385742 0.359375 0.389648 0.350260 0.389648 0.346354 0.386719 0.343750 0.384766 0.343750 0.380859 0.341146 0.370117 0.338542 0.365234 0.332031 0.360352 0.319010 0.360352 0.316406 0.355469 0.304688 0.355469 0.300781 0.353516 0.295573
0 0.333984 0.345052 0.331055 0.341146 0.325195 0.337240 0.320312 0.335938 0.317383 0.333333 0.316406 0.334635 0.311523 0.334635 0.303711 0.343750 0.301758 0.345052 0.299805 0.345052 0.298828 0.346354 0.296875 0.346354 0.295898 0.347656 0.292969 0.347656 0.291992 0.346354 0.283203 0.346354 0.282227 0.347656 0.282227 0.352865 0.284180 0.358073 0.284180 0.361979 0.287109 0.369792 0.291016 0.376302 0.306641 0.386719 0.311523 0.386719 0.312500 0.385417 0.314453 0.385417 0.318359 0.381510 0.321289 0.381510 0.322266 0.380208 0.324219 0.380208 0.330078 0.376302 0.333008 0.372396 0.333008 0.369792 0.333984 0.368490 0.333984 0.358073 0.333008 0.356771 0.333008 0.354167 0.333984 0.352865
0 0.328125 0.381510 0.324219 0.386719 0.324219 0.388021 0.322266 0.391927 0.322266 0.398438 0.321289 0.399740 0.321289 0.403646 0.322266 0.404948 0.322266 0.407552 0.323242 0.408854 0.327148 0.420573 0.331055 0.425781 0.332031 0.425781 0.333008 0.427083 0.335938 0.427083 0.340820 0.432292 0.351562 0.432292 0.352539 0.430990 0.355469 0.430990 0.356445 0.429688 0.356445 0.427083 0.355469 0.425781 0.355469 0.423177 0.354492 0.421875 0.354492 0.415365 0.353516 0.414062 0.354492 0.412760 0.354492 0.407552 0.355469 0.406250 0.355469 0.404948 0.360352 0.398438 0.360352 0.397135 0.361328 0.395833 0.361328 0.390625 0.362305 0.389323 0.362305 0.388021 0.360352 0.385417 0.353516 0.381510 0.351562 0.378906 0.350586 0.378906 0.346680 0.375000 0.338867 0.375000 0.337891 0.376302 0.334961 0.376302 0.333984 0.377604 0.331055 0.378906 0.329102 0.381510
0 0.378906 0.384115 0.375000 0.388021 0.372070 0.389323 0.370117 0.391927 0.365234 0.394531 0.361328 0.399740 0.360352 0.399740 0.356445 0.404948 0.354492 0.415365 0.355469 0.416667 0.356445 0.425781 0.358398 0.430990 0.360352 0.432292 0.364258 0.437500 0.375977 0.445312 0.385742 0.445312 0.386719 0.444010 0.391602 0.442708 0.399414 0.437500 0.404297 0.429688 0.405273 0.424479 0.406250 0.423177 0.406250 0.420573 0.407227 0.419271 0.407227 0.416667 0.406250 0.415365 0.406250 0.412760 0.402344 0.407552 0.400391 0.406250 0.400391 0.404948 0.396484 0.398438 0.396484 0.395833 0.394531 0.390625 0.391602 0.385417 0.389648 0.384115
0 0.257812 0.347656 0.254883 0.347656 0.251953 0.350260 0.248047 0.348958 0.247070 0.350260 0.244141 0.350260 0.240234 0.352865 0.235352 0.359375 0.233398 0.365885 0.230469 0.369792 0.225586 0.380208 0.225586 0.389323 0.228516 0.393229 0.232422 0.395833 0.236328 0.401042 0.244141 0.406250 0.250977 0.416667 0.254883 0.416667 0.255859 0.415365 0.257812 0.415365 0.258789 0.414062 0.260742 0.414062 0.267578 0.410156 0.271484 0.404948 0.272461 0.404948 0.281250 0.391927 0.281250 0.385417 0.280273 0.384115 0.280273 0.376302 0.281250 0.375000 0.281250 0.371094 0.280273 0.369792 0.280273 0.365885 0.279297 0.363281 0.277344 0.361979 0.272461 0.355469 0.266602 0.351562 0.264648 0.351562
0 0.280273 0.406250 0.274414 0.414062 0.274414 0.417969 0.273438 0.419271 0.273438 0.428385 0.274414 0.429688 0.274414 0.433594 0.276367 0.437500 0.276367 0.440104 0.278320 0.445312 0.281250 0.449219 0.283203 0.450521 0.285156 0.450521 0.292969 0.458333 0.294922 0.458333 0.295898 0.459635 0.299805 0.459635 0.300781 0.460938 0.309570 0.460938 0.310547 0.459635 0.312500 0.459635 0.315430 0.455729 0.316406 0.451823 0.321289 0.445312 0.322266 0.442708 0.322266 0.429688 0.321289 0.427083 0.318359 0.423177 0.317383 0.423177 0.312500 0.417969 0.305664 0.414062 0.303711 0.411458 0.293945 0.404948 0.291016 0.404948 0.290039 0.403646 0.285156 0.403646 0.284180 0.404948 0.282227 0.404948
0 0.348633 0.436198 0.346680 0.438802 0.345703 0.438802 0.342773 0.446615 0.341797 0.453125 0.340820 0.454427 0.340820 0.458333 0.339844 0.459635 0.339844 0.464844 0.338867 0.466146 0.338867 0.473958 0.339844 0.475260 0.339844 0.479167 0.342773 0.485677 0.348633 0.489583 0.351562 0.489583 0.359375 0.494792 0.366211 0.501302 0.369141 0.502604 0.373047 0.500000 0.380859 0.489583 0.380859 0.488281 0.382812 0.485677 0.382812 0.483073 0.383789 0.481771 0.383789 0.470052 0.382812 0.468750 0.382812 0.464844 0.381836 0.463542 0.381836 0.460938 0.377930 0.454427 0.376953 0.454427 0.369141 0.444010 0.368164 0.444010 0.366211 0.441406 0.362305 0.441406 0.357422 0.437500 0.350586 0.437500
0 0.218750 0.394531 0.212891 0.402344 0.212891 0.403646 0.208984 0.410156 0.208008 0.412760 0.208008 0.419271 0.211914 0.429688 0.219727 0.441406 0.220703 0.441406 0.224609 0.446615 0.227539 0.446615 0.228516 0.447917 0.231445 0.447917 0.232422 0.449219 0.245117 0.449219 0.246094 0.447917 0.248047 0.447917 0.250000 0.446615 0.254883 0.440104 0.255859 0.440104 0.256836 0.437500 0.256836 0.432292 0.253906 0.428385 0.250000 0.416667 0.242188 0.406250 0.235352 0.402344 0.229492 0.394531 0.227539 0.393229 0.221680 0.393229 0.220703 0.394531
0 0.267578 0.442708 0.262695 0.442708 0.257812 0.447917 0.249023 0.453125 0.247070 0.455729 0.247070 0.457031 0.242188 0.462240 0.241211 0.464844 0.241211 0.485677 0.242188 0.486979 0.243164 0.494792 0.244141 0.497396 0.250000 0.505208 0.250977 0.505208 0.252930 0.507812 0.255859 0.507812 0.256836 0.509115 0.267578 0.509115 0.268555 0.507812 0.271484 0.507812 0.276367 0.503906 0.280273 0.502604 0.284180 0.497396 0.285156 0.494792 0.285156 0.486979 0.277344 0.472656 0.271484 0.457031 0.270508 0.457031 0.268555 0.454427 0.268555 0.453125 0.265625 0.450521 0.265625 0.449219 0.269531 0.445312
0 0.291016 0.489583 0.287109 0.494792 0.285156 0.501302 0.282227 0.506510 0.282227 0.514323 0.283203 0.516927 0.288086 0.523438 0.290039 0.529948 0.292969 0.531250 0.297852 0.539062 0.298828 0.539062 0.300781 0.541667 0.306641 0.545573 0.310547 0.545573 0.313477 0.548177 0.316406 0.548177 0.319336 0.544271 0.319336 0.542969 0.331055 0.528646 0.331055 0.523438 0.332031 0.522135 0.332031 0.518229 0.329102 0.513021 0.326172 0.502604 0.318359 0.493490 0.314453 0.490885 0.310547 0.490885 0.309570 0.489583 0.305664 0.489583 0.304688 0.488281 0.296875 0.488281 0.293945 0.490885
0 0.148438 0.419271 0.149414 0.420573 0.149414 0.425781 0.150391 0.427083 0.150391 0.429688 0.153320 0.433594 0.153320 0.434896 0.156250 0.438802 0.156250 0.440104 0.159180 0.444010 0.159180 0.445312 0.169922 0.457031 0.172852 0.457031 0.173828 0.458333 0.174805 0.457031 0.177734 0.457031 0.181641 0.453125 0.182617 0.453125 0.184570 0.450521 0.185547 0.450521 0.200195 0.429688 0.200195 0.424479 0.199219 0.421875 0.194336 0.415365 0.192383 0.414062 0.185547 0.414062 0.184570 0.415365 0.179688 0.416667 0.176758 0.419271 0.168945 0.419271 0.163086 0.415365 0.157227 0.408854 0.155273 0.407552 0.153320 0.407552 0.150391 0.411458 0.149414 0.414062 0.149414 0.417969
0 0.118164 0.458333 0.114258 0.463542 0.113281 0.466146 0.113281 0.470052 0.112305 0.471354 0.112305 0.486979 0.114258 0.490885 0.114258 0.498698 0.115234 0.500000 0.116211 0.506510 0.122070 0.515625 0.122070 0.516927 0.123047 0.518229 0.141602 0.518229 0.144531 0.515625 0.146484 0.515625 0.147461 0.514323 0.151367 0.513021 0.158203 0.503906 0.159180 0.498698 0.160156 0.497396 0.160156 0.493490 0.161133 0.492188 0.160156 0.486979 0.159180 0.485677 0.159180 0.479167 0.158203 0.477865 0.158203 0.475260 0.155273 0.471354 0.155273 0.470052 0.152344 0.466146 0.151367 0.466146 0.147461 0.462240 0.138672 0.463542 0.137695 0.462240 0.131836 0.460938 0.126953 0.454427 0.123047 0.457031 0.120117 0.457031
0 0.164062 0.475260 0.164062 0.477865 0.163086 0.479167 0.163086 0.486979 0.165039 0.492188 0.168945 0.498698 0.168945 0.500000 0.172852 0.505208 0.172852 0.506510 0.177734 0.509115 0.179688 0.511719 0.185547 0.515625 0.187500 0.515625 0.189453 0.518229 0.193359 0.519531 0.194336 0.518229 0.200195 0.518229 0.201172 0.516927 0.203125 0.516927 0.207031 0.513021 0.208008 0.513021 0.213867 0.506510 0.216797 0.505208 0.218750 0.502604 0.218750 0.498698 0.217773 0.497396 0.217773 0.493490 0.216797 0.492188 0.216797 0.488281 0.215820 0.486979 0.215820 0.480469 0.213867 0.475260 0.209961 0.470052 0.194336 0.459635 0.192383 0.459635 0.191406 0.458333 0.181641 0.458333 0.180664 0.459635 0.177734 0.459635 0.175781 0.462240 0.172852 0.463542 0.169922 0.467448 0.168945 0.467448 0.165039 0.472656
0 0.150391 0.522135 0.150391 0.524740 0.149414 0.526042 0.149414 0.529948 0.150391 0.531250 0.151367 0.535156 0.153320 0.537760 0.153320 0.539062 0.164062 0.553385 0.165039 0.553385 0.175781 0.561198 0.178711 0.561198 0.179688 0.562500 0.185547 0.562500 0.186523 0.561198 0.188477 0.561198 0.190430 0.558594 0.190430 0.555990 0.191406 0.554688 0.191406 0.541667 0.192383 0.540365 0.192383 0.535156 0.193359 0.533854 0.193359 0.531250 0.192383 0.529948 0.192383 0.526042 0.191406 0.524740 0.191406 0.522135 0.188477 0.518229 0.187500 0.518229 0.186523 0.516927 0.183594 0.516927 0.179688 0.513021 0.178711 0.513021 0.176758 0.510417 0.174805 0.510417 0.173828 0.509115 0.172852 0.509115 0.171875 0.510417 0.167969 0.510417 0.166992 0.511719 0.162109 0.513021 0.161133 0.514323 0.156250 0.516927 0.154297 0.519531 0.153320 0.519531
0 0.205078 0.523438 0.203125 0.526042 0.196289 0.529948 0.193359 0.535156 0.193359 0.544271 0.192383 0.545573 0.192383 0.576823 0.196289 0.583333 0.198242 0.583333 0.199219 0.584635 0.217773 0.583333 0.218750 0.582031 0.220703 0.582031 0.224609 0.579427 0.226562 0.576823 0.232422 0.572917 0.235352 0.569010 0.235352 0.566406 0.240234 0.561198 0.241211 0.553385 0.239258 0.552083 0.238281 0.553385 0.238281 0.555990 0.236328 0.558594 0.235352 0.558594 0.234375 0.557292 0.234375 0.553385 0.232422 0.548177 0.232422 0.544271 0.228516 0.544271 0.226562 0.541667 0.226562 0.540365 0.223633 0.540365 0.217773 0.533854 0.211914 0.529948 0.208008 0.529948
0 0.105469 0.532552 0.105469 0.537760 0.106445 0.540365 0.114258 0.550781 0.119141 0.563802 0.124023 0.567708 0.129883 0.569010 0.130859 0.570312 0.133789 0.570312 0.134766 0.571615 0.140625 0.571615 0.141602 0.570312 0.144531 0.572917 0.148438 0.572917 0.149414 0.574219 0.150391 0.572917 0.152344 0.572917 0.158203 0.566406 0.163086 0.563802 0.165039 0.561198 0.165039 0.557292 0.164062 0.554688 0.162109 0.552083 0.158203 0.549479 0.149414 0.535156 0.148438 0.531250 0.139648 0.522135 0.127930 0.522135 0.123047 0.528646 0.121094 0.529948 0.108398 0.529948
0 0.145508 0.592448 0.139648 0.601562 0.139648 0.604167 0.138672 0.605469 0.138672 0.606771 0.137695 0.608073 0.137695 0.610677 0.136719 0.611979 0.136719 0.614583 0.137695 0.615885 0.137695 0.617188 0.143555 0.627604 0.144531 0.631510 0.146484 0.634115 0.147461 0.634115 0.151367 0.639323 0.153320 0.639323 0.154297 0.640625 0.156250 0.640625 0.157227 0.641927 0.162109 0.641927 0.163086 0.640625 0.166016 0.640625 0.166992 0.641927 0.171875 0.641927 0.172852 0.640625 0.175781 0.640625 0.177734 0.638021 0.177734 0.636719 0.178711 0.635417 0.178711 0.632812 0.179688 0.631510 0.179688 0.630208 0.178711 0.628906 0.178711 0.623698 0.177734 0.622396 0.177734 0.621094 0.178711 0.619792 0.178711 0.610677 0.176758 0.608073 0.176758 0.606771 0.172852 0.601562 0.171875 0.601562 0.169922 0.598958 0.168945 0.598958 0.166016 0.596354 0.164062 0.596354 0.163086 0.595052 0.159180 0.595052 0.158203 0.593750 0.155273 0.593750 0.154297 0.592448
0 0.137695 0.645833 0.137695 0.647135 0.134766 0.653646 0.133789 0.660156 0.132812 0.661458 0.132812 0.674479 0.133789 0.675781 0.133789 0.677083 0.140625 0.686198 0.141602 0.686198 0.143555 0.688802 0.145508 0.688802 0.148438 0.691406 0.150391 0.691406 0.151367 0.692708 0.153320 0.692708 0.154297 0.694010 0.164062 0.694010 0.165039 0.692708 0.168945 0.692708 0.169922 0.691406 0.171875 0.691406 0.172852 0.690104 0.173828 0.690104 0.173828 0.688802 0.174805 0.687500 0.175781 0.683594 0.177734 0.680990 0.178711 0.677083 0.181641 0.673177 0.180664 0.669271 0.179688 0.669271 0.177734 0.666667 0.176758 0.662760 0.174805 0.662760 0.169922 0.656250 0.165039 0.653646 0.164062 0.652344 0.164062 0.651042 0.161133 0.649740 0.159180 0.647135 0.158203 0.647135 0.157227 0.645833 0.155273 0.645833 0.154297 0.644531 0.152344 0.644531 0.151367 0.643229 0.140625 0.643229
0 0.244141 0.561198 0.241211 0.565104 0.240234 0.565104 0.240234 0.566406 0.234375 0.574219 0.232422 0.574219 0.230469 0.576823 0.229492 0.576823 0.228516 0.578125 0.227539 0.578125 0.225586 0.580729 0.224609 0.580729 0.221680 0.584635 0.221680 0.591146 0.222656 0.592448 0.223633 0.596354 0.225586 0.598958 0.225586 0.601562 0.228516 0.605469 0.230469 0.605469 0.233398 0.608073 0.236328 0.608073 0.237305 0.609375 0.241211 0.609375 0.242188 0.610677 0.248047 0.610677 0.250977 0.608073 0.252930 0.608073 0.253906 0.606771 0.255859 0.606771 0.256836 0.605469 0.258789 0.598958 0.260742 0.596354 0.260742 0.593750 0.261719 0.592448 0.261719 0.588542 0.260742 0.587240 0.259766 0.583333 0.257812 0.580729 0.257812 0.579427 0.250977 0.569010 0.250977 0.566406 0.248047 0.566406
0 0.272461 0.582031 0.270508 0.584635 0.270508 0.585938 0.269531 0.587240 0.269531 0.589844 0.268555 0.591146 0.266602 0.597656 0.263672 0.602865 0.263672 0.605469 0.262695 0.606771 0.262695 0.609375 0.261719 0.610677 0.263672 0.617188 0.270508 0.626302 0.271484 0.626302 0.274414 0.628906 0.277344 0.628906 0.278320 0.630208 0.282227 0.630208 0.283203 0.631510 0.285156 0.631510 0.286133 0.632812 0.291016 0.632812 0.291992 0.631510 0.296875 0.630208 0.303711 0.621094 0.303711 0.619792 0.304688 0.618490 0.304688 0.614583 0.305664 0.613281 0.305664 0.609375 0.306641 0.608073 0.306641 0.605469 0.305664 0.604167 0.305664 0.602865 0.297852 0.592448 0.297852 0.591146 0.294922 0.587240 0.292969 0.587240 0.291992 0.585938 0.291016 0.585938 0.288086 0.583333 0.286133 0.583333 0.283203 0.580729 0.274414 0.580729 0.273438 0.582031
0 0.293945 0.537760 0.291992 0.537760 0.290039 0.535156 0.286133 0.532552 0.283203 0.532552 0.282227 0.531250 0.278320 0.531250 0.275391 0.528646 0.273438 0.528646 0.272461 0.527344 0.268555 0.527344 0.267578 0.526042 0.265625 0.526042 0.264648 0.527344 0.258789 0.527344 0.256836 0.529948 0.255859 0.529948 0.250977 0.537760 0.250977 0.541667 0.250000 0.544271 0.250977 0.545573 0.250977 0.550781 0.251953 0.552083 0.251953 0.557292 0.252930 0.558594 0.252930 0.562500 0.253906 0.563802 0.253906 0.566406 0.254883 0.567708 0.254883 0.570312 0.256836 0.575521 0.260742 0.580729 0.262695 0.582031 0.268555 0.582031 0.276367 0.576823 0.278320 0.576823 0.282227 0.574219 0.284180 0.571615 0.286133 0.570312 0.288086 0.570312 0.290039 0.567708 0.292969 0.566406 0.293945 0.565104 0.293945 0.561198 0.294922 0.559896 0.294922 0.553385 0.295898 0.552083 0.295898 0.541667
0 0.314453 0.550781 0.313477 0.552083 0.306641 0.553385 0.296875 0.559896 0.295898 0.562500 0.295898 0.571615 0.297852 0.575521 0.297852 0.585938 0.298828 0.587240 0.298828 0.589844 0.299805 0.592448 0.306641 0.600260 0.311523 0.602865 0.313477 0.605469 0.318359 0.605469 0.319336 0.604167 0.322266 0.604167 0.323242 0.602865 0.325195 0.602865 0.329102 0.600260 0.331055 0.597656 0.332031 0.597656 0.340820 0.585938 0.341797 0.585938 0.342773 0.583333 0.342773 0.576823 0.343750 0.574219 0.337891 0.570312 0.333984 0.565104 0.333984 0.563802 0.333008 0.563802 0.328125 0.558594 0.326172 0.558594 0.324219 0.555990 0.321289 0.554688 0.317383 0.550781
0 0.344727 0.604167 0.336914 0.604167 0.333008 0.601562 0.332031 0.602865 0.329102 0.602865 0.328125 0.604167 0.321289 0.605469 0.319336 0.608073 0.313477 0.609375 0.313477 0.610677 0.309570 0.615885 0.305664 0.626302 0.305664 0.638021 0.306641 0.639323 0.306641 0.641927 0.310547 0.648438 0.313477 0.656250 0.318359 0.658854 0.323242 0.664062 0.325195 0.664062 0.326172 0.665365 0.330078 0.665365 0.333984 0.662760 0.335938 0.660156 0.339844 0.658854 0.339844 0.657552 0.342773 0.653646 0.345703 0.652344 0.346680 0.649740 0.350586 0.647135 0.350586 0.645833 0.353516 0.641927 0.356445 0.632812 0.355469 0.631510 0.354492 0.626302 0.351562 0.622396 0.351562 0.618490 0.352539 0.615885 0.350586 0.613281 0.349609 0.609375
0 0.370117 0.654948 0.365234 0.648438 0.364258 0.648438 0.363281 0.647135 0.362305 0.643229 0.360352 0.640625 0.357422 0.639323 0.348633 0.649740 0.347656 0.649740 0.345703 0.652344 0.344727 0.652344 0.343750 0.653646 0.340820 0.654948 0.339844 0.656250 0.339844 0.657552 0.337891 0.660156 0.336914 0.660156 0.333984 0.662760 0.330078 0.662760 0.329102 0.664062 0.330078 0.665365 0.330078 0.667969 0.331055 0.669271 0.332031 0.669271 0.333984 0.671875 0.333984 0.673177 0.334961 0.673177 0.337891 0.675781 0.339844 0.675781 0.344727 0.679688 0.352539 0.679688 0.353516 0.678385 0.355469 0.678385 0.358398 0.675781 0.361328 0.675781 0.362305 0.674479 0.363281 0.674479 0.368164 0.667969 0.368164 0.666667 0.369141 0.665365 0.369141 0.662760 0.370117 0.661458
0 0.373047 0.632812 0.373047 0.639323 0.374023 0.640625 0.374023 0.649740 0.382812 0.656250 0.384766 0.656250 0.385742 0.657552 0.387695 0.657552 0.388672 0.658854 0.390625 0.658854 0.391602 0.660156 0.400391 0.660156 0.401367 0.658854 0.408203 0.658854 0.409180 0.657552 0.410156 0.657552 0.413086 0.653646 0.413086 0.651042 0.414062 0.649740 0.414062 0.641927 0.413086 0.640625 0.413086 0.638021 0.412109 0.636719 0.412109 0.625000 0.410156 0.621094 0.408203 0.621094 0.402344 0.615885 0.400391 0.615885 0.399414 0.614583 0.390625 0.614583 0.389648 0.615885 0.387695 0.615885 0.384766 0.619792 0.382812 0.619792 0.381836 0.621094 0.378906 0.622396 0.376953 0.625000 0.375977 0.628906
0 0.396484 0.561198 0.392578 0.559896 0.391602 0.558594 0.388672 0.558594 0.387695 0.557292 0.380859 0.557292 0.373047 0.563802 0.370117 0.563802 0.369141 0.565104 0.365234 0.565104 0.363281 0.566406 0.360352 0.572917 0.360352 0.575521 0.359375 0.576823 0.358398 0.582031 0.353516 0.588542 0.350586 0.589844 0.348633 0.593750 0.348633 0.600260 0.350586 0.605469 0.360352 0.618490 0.362305 0.618490 0.363281 0.619792 0.369141 0.619792 0.370117 0.621094 0.377930 0.621094 0.392578 0.611979 0.394531 0.606771 0.396484 0.604167 0.398438 0.598958 0.398438 0.596354 0.399414 0.595052 0.399414 0.566406
0 0.345703 0.514323 0.342773 0.518229 0.342773 0.520833 0.341797 0.522135 0.341797 0.540365 0.342773 0.541667 0.342773 0.542969 0.350586 0.552083 0.351562 0.552083 0.356445 0.557292 0.357422 0.557292 0.364258 0.562500 0.370117 0.562500 0.371094 0.561198 0.373047 0.561198 0.374023 0.559896 0.376953 0.558594 0.379883 0.553385 0.379883 0.540365 0.378906 0.539062 0.378906 0.536458 0.377930 0.535156 0.377930 0.522135 0.376953 0.520833 0.376953 0.518229 0.375977 0.516927 0.375977 0.515625 0.375000 0.515625 0.374023 0.514323 0.371094 0.514323 0.366211 0.510417 0.357422 0.510417 0.356445 0.511719 0.351562 0.511719 0.350586 0.513021
0 0.379883 0.500000 0.379883 0.507812 0.378906 0.509115 0.378906 0.532552 0.379883 0.533854 0.380859 0.540365 0.382812 0.542969 0.384766 0.542969 0.385742 0.544271 0.395508 0.544271 0.396484 0.542969 0.402344 0.542969 0.403320 0.541667 0.406250 0.541667 0.407227 0.542969 0.408203 0.541667 0.411133 0.541667 0.412109 0.540365 0.416992 0.539062 0.421875 0.535156 0.422852 0.532552 0.422852 0.528646 0.423828 0.527344 0.423828 0.518229 0.420898 0.510417 0.418945 0.509115 0.417969 0.506510 0.413086 0.500000 0.411133 0.500000 0.410156 0.498698 0.404297 0.498698 0.403320 0.497396 0.402344 0.498698 0.398438 0.498698 0.392578 0.493490 0.389648 0.494792 0.385742 0.500000 0.383789 0.501302 0.380859 0.498698
0 0.429688 0.531250 0.424805 0.531250 0.423828 0.532552 0.423828 0.533854 0.420898 0.537760 0.419922 0.537760 0.416992 0.540365 0.415039 0.540365 0.410156 0.544271 0.408203 0.544271 0.407227 0.545573 0.406250 0.545573 0.405273 0.546875 0.405273 0.549479 0.404297 0.550781 0.404297 0.557292 0.405273 0.558594 0.407227 0.565104 0.409180 0.567708 0.409180 0.569010 0.416992 0.579427 0.417969 0.579427 0.418945 0.580729 0.419922 0.580729 0.422852 0.576823 0.423828 0.576823 0.425781 0.574219 0.426758 0.574219 0.427734 0.572917 0.429688 0.572917 0.430664 0.571615 0.432617 0.571615 0.433594 0.570312 0.436523 0.570312 0.437500 0.569010 0.439453 0.569010 0.441406 0.566406 0.441406 0.561198 0.442383 0.559896 0.442383 0.550781 0.443359 0.549479 0.443359 0.548177 0.442383 0.546875 0.442383 0.544271 0.441406 0.542969 0.441406 0.541667 0.438477 0.537760 0.437500 0.537760 0.435547 0.535156 0.434570 0.535156
0 0.419922 0.602865 0.416992 0.606771 0.416992 0.611979 0.416016 0.613281 0.416016 0.615885 0.412109 0.625000 0.412109 0.636719 0.413086 0.638021 0.413086 0.641927 0.414062 0.643229 0.414062 0.644531 0.415039 0.645833 0.419922 0.645833 0.420898 0.647135 0.424805 0.647135 0.427734 0.649740 0.429688 0.649740 0.430664 0.651042 0.433594 0.651042 0.434570 0.652344 0.435547 0.652344 0.436523 0.651042 0.439453 0.651042 0.440430 0.649740 0.442383 0.649740 0.446289 0.645833 0.447266 0.645833 0.450195 0.640625 0.450195 0.636719 0.448242 0.632812 0.448242 0.613281 0.447266 0.611979 0.447266 0.610677 0.446289 0.610677 0.445312 0.609375 0.443359 0.609375 0.442383 0.608073 0.439453 0.608073 0.434570 0.604167 0.430664 0.604167 0.429688 0.602865
0 0.446289 0.167969 0.435547 0.175781 0.426758 0.197917 0.426758 0.200521 0.424805 0.205729 0.425781 0.208333 0.425781 0.214844 0.429688 0.218750 0.432617 0.229167 0.441406 0.239583 0.448242 0.243490 0.452148 0.248698 0.456055 0.251302 0.458008 0.251302 0.458984 0.252604 0.465820 0.252604 0.467773 0.250000 0.467773 0.247396 0.470703 0.240885 0.470703 0.231771 0.471680 0.230469 0.472656 0.221354 0.477539 0.212240 0.479492 0.204427 0.475586 0.196615 0.475586 0.194010 0.472656 0.184896 0.467773 0.178385 0.460938 0.174479 0.456055 0.169271 0.454102 0.169271 0.453125 0.167969
0 0.517578 0.208333 0.514648 0.208333 0.513672 0.207031 0.484375 0.208333 0.477539 0.214844 0.474609 0.221354 0.474609 0.223958 0.473633 0.225260 0.473633 0.230469 0.472656 0.231771 0.472656 0.234375 0.473633 0.235677 0.473633 0.243490 0.474609 0.244792 0.475586 0.252604 0.478516 0.260417 0.480469 0.263021 0.481445 0.266927 0.485352 0.272135 0.489258 0.274740 0.492188 0.274740 0.493164 0.276042 0.499023 0.276042 0.505859 0.272135 0.509766 0.272135 0.510742 0.270833 0.512695 0.270833 0.515625 0.268229 0.518555 0.259115 0.521484 0.256510 0.521484 0.255208 0.524414 0.251302 0.524414 0.247396 0.526367 0.240885 0.526367 0.234375 0.527344 0.233073 0.527344 0.222656 0.525391 0.220052 0.522461 0.218750 0.518555 0.213542
0 0.540039 0.134115 0.535156 0.134115 0.534180 0.135417 0.527344 0.135417 0.526367 0.136719 0.524414 0.136719 0.523438 0.139323 0.520508 0.141927 0.519531 0.145833 0.516602 0.148438 0.516602 0.151042 0.514648 0.153646 0.514648 0.156250 0.511719 0.162760 0.511719 0.166667 0.508789 0.171875 0.508789 0.180990 0.509766 0.182292 0.510742 0.199219 0.515625 0.203125 0.519531 0.208333 0.523438 0.216146 0.530273 0.220052 0.538086 0.220052 0.542969 0.216146 0.546875 0.210938 0.549805 0.209635 0.553711 0.205729 0.556641 0.200521 0.557617 0.190104 0.564453 0.175781 0.564453 0.156250 0.563477 0.153646 0.556641 0.144531 0.552734 0.143229 0.549805 0.138021 0.547852 0.136719 0.542969 0.136719
0 0.554688 0.207031 0.541016 0.220052 0.535156 0.223958 0.534180 0.227865 0.530273 0.235677 0.530273 0.242188 0.533203 0.250000 0.536133 0.253906 0.536133 0.256510 0.538086 0.259115 0.539062 0.263021 0.545898 0.270833 0.547852 0.272135 0.562500 0.272135 0.563477 0.273438 0.567383 0.273438 0.571289 0.270833 0.575195 0.264323 0.582031 0.260417 0.586914 0.252604 0.588867 0.246094 0.588867 0.242188 0.589844 0.240885 0.589844 0.231771 0.588867 0.230469 0.588867 0.225260 0.585938 0.216146 0.583008 0.210938 0.578125 0.209635 0.577148 0.210938 0.572266 0.212240 0.564453 0.207031
0 0.613281 0.158854 0.610352 0.158854 0.605469 0.162760 0.601562 0.162760 0.594727 0.166667 0.587891 0.167969 0.581055 0.180990 0.581055 0.184896 0.579102 0.190104 0.580078 0.191406 0.580078 0.197917 0.581055 0.199219 0.582031 0.205729 0.586914 0.213542 0.587891 0.217448 0.593750 0.225260 0.598633 0.227865 0.604492 0.234375 0.609375 0.234375 0.615234 0.229167 0.621094 0.221354 0.622070 0.216146 0.627930 0.208333 0.631836 0.205729 0.636719 0.195312 0.637695 0.182292 0.638672 0.180990 0.638672 0.178385 0.634766 0.170573 0.623047 0.162760 0.618164 0.162760 0.616211 0.160156 0.614258 0.160156
0 0.455078 0.256510 0.450195 0.259115 0.444336 0.260417 0.438477 0.265625 0.438477 0.266927 0.435547 0.270833 0.432617 0.270833 0.427734 0.274740 0.421875 0.285156 0.421875 0.289062 0.419922 0.292969 0.419922 0.308594 0.421875 0.312500 0.425781 0.315104 0.427734 0.315104 0.430664 0.317708 0.432617 0.317708 0.436523 0.320312 0.439453 0.320312 0.443359 0.322917 0.450195 0.330729 0.458008 0.330729 0.462891 0.326823 0.466797 0.319010 0.470703 0.313802 0.471680 0.309896 0.475586 0.304688 0.476562 0.295573 0.477539 0.294271 0.477539 0.278646 0.475586 0.274740 0.475586 0.270833 0.474609 0.268229 0.472656 0.266927 0.469727 0.261719 0.467773 0.261719 0.460938 0.257812 0.456055 0.257812
0 0.500000 0.339844 0.498047 0.339844 0.497070 0.338542 0.489258 0.338542 0.488281 0.337240 0.485352 0.337240 0.484375 0.338542 0.479492 0.339844 0.475586 0.343750 0.462891 0.343750 0.461914 0.346354 0.461914 0.351562 0.459961 0.356771 0.458984 0.368490 0.458008 0.369792 0.458008 0.382812 0.458984 0.384115 0.458984 0.386719 0.459961 0.388021 0.459961 0.390625 0.460938 0.391927 0.460938 0.394531 0.461914 0.395833 0.463867 0.404948 0.473633 0.414062 0.483398 0.414062 0.503906 0.388021 0.508789 0.385417 0.508789 0.364583 0.509766 0.363281 0.509766 0.355469 0.507812 0.348958
0 0.416016 0.330729 0.412109 0.333333 0.407227 0.339844 0.398438 0.346354 0.398438 0.348958 0.391602 0.364583 0.390625 0.378906 0.391602 0.380208 0.391602 0.382812 0.396484 0.390625 0.399414 0.401042 0.404297 0.407552 0.416016 0.415365 0.425781 0.415365 0.427734 0.414062 0.432617 0.406250 0.436523 0.395833 0.439453 0.391927 0.440430 0.385417 0.444336 0.376302 0.444336 0.373698 0.447266 0.365885 0.447266 0.356771 0.446289 0.355469 0.445312 0.346354 0.439453 0.335938 0.435547 0.335938 0.434570 0.337240 0.433594 0.335938 0.428711 0.335938 0.427734 0.337240 0.423828 0.330729
0 0.453125 0.393229 0.443359 0.399740 0.439453 0.404948 0.438477 0.404948 0.429688 0.417969 0.429688 0.424479 0.430664 0.425781 0.430664 0.428385 0.432617 0.433594 0.432617 0.440104 0.435547 0.447917 0.443359 0.451823 0.451172 0.459635 0.453125 0.459635 0.454102 0.460938 0.458984 0.460938 0.459961 0.459635 0.463867 0.459635 0.464844 0.458333 0.466797 0.458333 0.468750 0.455729 0.469727 0.455729 0.472656 0.450521 0.474609 0.449219 0.476562 0.444010 0.475586 0.442708 0.475586 0.430990 0.474609 0.429688 0.474609 0.424479 0.473633 0.423177 0.472656 0.415365 0.468750 0.411458 0.467773 0.411458 0.462891 0.404948 0.461914 0.399740 0.460938 0.398438 0.460938 0.395833 0.458008 0.393229
0 0.514648 0.414062 0.510742 0.414062 0.508789 0.415365 0.508789 0.417969 0.506836 0.420573 0.500000 0.420573 0.498047 0.416667 0.493164 0.416667 0.489258 0.421875 0.488281 0.425781 0.484375 0.430990 0.483398 0.433594 0.483398 0.437500 0.480469 0.446615 0.480469 0.450521 0.479492 0.451823 0.479492 0.460938 0.481445 0.463542 0.485352 0.472656 0.497070 0.488281 0.500977 0.490885 0.505859 0.490885 0.509766 0.486979 0.509766 0.485677 0.514648 0.479167 0.514648 0.477865 0.521484 0.467448 0.521484 0.466146 0.527344 0.458333 0.527344 0.454427 0.528320 0.453125 0.528320 0.449219 0.527344 0.447917 0.527344 0.433594 0.526367 0.430990 0.517578 0.419271 0.517578 0.416667
0 0.532227 0.270833 0.530273 0.272135 0.526367 0.272135 0.520508 0.277344 0.516602 0.277344 0.505859 0.283854 0.503906 0.287760 0.500977 0.303385 0.498047 0.308594 0.498047 0.313802 0.501953 0.320312 0.502930 0.326823 0.508789 0.342448 0.512695 0.348958 0.520508 0.354167 0.525391 0.354167 0.526367 0.352865 0.528320 0.352865 0.531250 0.348958 0.533203 0.348958 0.536133 0.346354 0.542969 0.343750 0.544922 0.338542 0.549805 0.330729 0.551758 0.317708 0.553711 0.312500 0.553711 0.305990 0.554688 0.303385 0.553711 0.302083 0.553711 0.298177 0.551758 0.294271 0.552734 0.287760 0.550781 0.283854 0.544922 0.278646 0.542969 0.278646 0.536133 0.274740
0 0.557617 0.348958 0.553711 0.346354 0.541992 0.346354 0.541016 0.347656 0.536133 0.348958 0.533203 0.351562 0.531250 0.351562 0.525391 0.359375 0.524414 0.359375 0.522461 0.364583 0.519531 0.368490 0.516602 0.376302 0.516602 0.388021 0.517578 0.389323 0.517578 0.394531 0.518555 0.395833 0.518555 0.398438 0.519531 0.399740 0.520508 0.404948 0.527344 0.410156 0.541016 0.410156 0.541992 0.408854 0.548828 0.407552 0.554688 0.403646 0.559570 0.398438 0.559570 0.397135 0.564453 0.389323 0.564453 0.386719 0.565430 0.385417 0.565430 0.380208 0.564453 0.378906 0.564453 0.360677 0.563477 0.358073 0.557617 0.350260
0 0.560547 0.296875 0.559570 0.299479 0.559570 0.305990 0.558594 0.307292 0.560547 0.342448 0.562500 0.348958 0.571289 0.363281 0.578125 0.365885 0.583008 0.369792 0.585938 0.369792 0.586914 0.371094 0.587891 0.369792 0.590820 0.369792 0.597656 0.358073 0.608398 0.351562 0.611328 0.347656 0.614258 0.347656 0.623047 0.341146 0.623047 0.326823 0.618164 0.309896 0.608398 0.295573 0.603516 0.292969 0.586914 0.292969 0.583008 0.295573 0.579102 0.295573 0.575195 0.299479 0.571289 0.300781 0.567383 0.307292 0.562500 0.302083
0 0.627930 0.244792 0.617188 0.261719 0.614258 0.269531 0.611328 0.268229 0.610352 0.270833 0.611328 0.278646 0.613281 0.282552 0.617188 0.298177 0.629883 0.308594 0.645508 0.313802 0.654297 0.321615 0.660156 0.320312 0.664062 0.313802 0.667969 0.309896 0.672852 0.298177 0.673828 0.281250 0.674805 0.279948 0.674805 0.270833 0.676758 0.266927 0.673828 0.261719 0.669922 0.259115 0.662109 0.250000 0.657227 0.247396 0.655273 0.244792 0.652344 0.243490 0.639648 0.243490 0.635742 0.240885 0.632812 0.242188 0.630859 0.244792
0 0.626953 0.311198 0.625000 0.312500 0.624023 0.315104 0.624023 0.319010 0.623047 0.320312 0.624023 0.321615 0.625000 0.341146 0.618164 0.348958 0.611328 0.352865 0.609375 0.358073 0.612305 0.365885 0.612305 0.368490 0.616211 0.373698 0.620117 0.375000 0.623047 0.377604 0.630859 0.380208 0.631836 0.378906 0.636719 0.378906 0.637695 0.377604 0.642578 0.376302 0.645508 0.373698 0.647461 0.373698 0.650391 0.371094 0.652344 0.371094 0.656250 0.365885 0.659180 0.356771 0.659180 0.352865 0.658203 0.351562 0.658203 0.347656 0.657227 0.346354 0.657227 0.339844 0.655273 0.334635 0.655273 0.325521 0.640625 0.313802 0.638672 0.313802 0.637695 0.312500 0.632812 0.312500 0.631836 0.311198
0 0.654297 0.372396 0.652344 0.373698 0.649414 0.373698 0.641602 0.378906 0.634766 0.380208 0.628906 0.384115 0.625000 0.389323 0.621094 0.391927 0.621094 0.397135 0.622070 0.398438 0.622070 0.404948 0.623047 0.406250 0.623047 0.411458 0.622070 0.412760 0.623047 0.419271 0.625000 0.421875 0.625977 0.421875 0.630859 0.428385 0.632812 0.429688 0.639648 0.429688 0.640625 0.428385 0.644531 0.428385 0.645508 0.427083 0.650391 0.427083 0.651367 0.425781 0.655273 0.425781 0.656250 0.424479 0.658203 0.424479 0.665039 0.412760 0.665039 0.410156 0.666016 0.408854 0.666016 0.402344 0.665039 0.401042 0.665039 0.391927 0.664062 0.390625 0.664062 0.388021 0.660156 0.382812 0.658203 0.377604
0 0.608398 0.388021 0.602539 0.386719 0.600586 0.389323 0.592773 0.391927 0.587891 0.395833 0.580078 0.398438 0.576172 0.402344 0.574219 0.402344 0.571289 0.404948 0.568359 0.404948 0.567383 0.406250 0.567383 0.410156 0.566406 0.411458 0.566406 0.420573 0.567383 0.421875 0.568359 0.428385 0.571289 0.433594 0.571289 0.434896 0.580078 0.447917 0.582031 0.449219 0.584961 0.449219 0.585938 0.450521 0.593750 0.450521 0.594727 0.449219 0.596680 0.449219 0.597656 0.447917 0.599609 0.447917 0.600586 0.446615 0.608398 0.444010 0.613281 0.436198 0.614258 0.433594 0.614258 0.429688 0.619141 0.419271 0.619141 0.412760 0.618164 0.411458 0.618164 0.406250 0.617188 0.404948 0.617188 0.399740 0.616211 0.397135
0 0.555664 0.419271 0.547852 0.419271 0.545898 0.421875 0.542969 0.423177 0.539062 0.428385 0.538086 0.428385 0.537109 0.429688 0.537109 0.432292 0.535156 0.434896 0.532227 0.434896 0.531250 0.437500 0.531250 0.441406 0.530273 0.442708 0.530273 0.457031 0.529297 0.458333 0.529297 0.475260 0.536133 0.483073 0.540039 0.485677 0.541992 0.485677 0.542969 0.486979 0.552734 0.486979 0.554688 0.484375 0.559570 0.481771 0.574219 0.464844 0.574219 0.463542 0.577148 0.459635 0.577148 0.457031 0.578125 0.455729 0.578125 0.451823 0.579102 0.450521 0.576172 0.446615 0.576172 0.445312 0.573242 0.442708 0.570312 0.436198 0.563477 0.427083 0.555664 0.425781 0.553711 0.423177
0 0.579102 0.462240 0.576172 0.466146 0.576172 0.468750 0.575195 0.470052 0.575195 0.475260 0.576172 0.476562 0.577148 0.483073 0.581055 0.492188 0.582031 0.498698 0.583984 0.501302 0.585938 0.507812 0.589844 0.513021 0.593750 0.515625 0.603516 0.515625 0.604492 0.514323 0.610352 0.513021 0.614258 0.509115 0.615234 0.509115 0.615234 0.507812 0.620117 0.501302 0.622070 0.496094 0.622070 0.493490 0.623047 0.492188 0.624023 0.470052 0.622070 0.464844 0.622070 0.459635 0.618164 0.457031 0.606445 0.455729 0.604492 0.453125 0.593750 0.453125 0.592773 0.454427 0.589844 0.454427 0.585938 0.458333
0 0.574219 0.483073 0.573242 0.483073 0.568359 0.479167 0.563477 0.477865 0.558594 0.484375 0.557617 0.484375 0.552734 0.488281 0.545898 0.488281 0.544922 0.486979 0.539062 0.486979 0.533203 0.492188 0.533203 0.494792 0.532227 0.496094 0.532227 0.503906 0.533203 0.505208 0.533203 0.507812 0.536133 0.513021 0.536133 0.514323 0.537109 0.514323 0.546875 0.527344 0.552734 0.527344 0.553711 0.526042 0.557617 0.526042 0.558594 0.524740 0.560547 0.524740 0.561523 0.523438 0.564453 0.523438 0.565430 0.522135 0.569336 0.522135 0.570312 0.520833 0.572266 0.520833 0.575195 0.518229 0.577148 0.518229 0.580078 0.515625 0.580078 0.510417 0.579102 0.509115 0.579102 0.492188 0.578125 0.490885 0.577148 0.486979
0 0.486328 0.481771 0.483398 0.486979 0.483398 0.513021 0.484375 0.514323 0.484375 0.516927 0.485352 0.518229 0.485352 0.520833 0.486328 0.522135 0.487305 0.527344 0.490234 0.531250 0.497070 0.532552 0.500000 0.535156 0.503906 0.536458 0.507812 0.540365 0.511719 0.540365 0.512695 0.541667 0.513672 0.540365 0.516602 0.540365 0.520508 0.537760 0.523438 0.533854 0.523438 0.532552 0.527344 0.528646 0.527344 0.507812 0.528320 0.505208 0.527344 0.503906 0.527344 0.493490 0.526367 0.490885 0.522461 0.488281 0.517578 0.486979 0.516602 0.485677 0.512695 0.485677 0.510742 0.486979 0.506836 0.492188 0.500000 0.492188 0.498047 0.490885 0.490234 0.480469
0 0.393555 0.450521 0.391602 0.455729 0.392578 0.457031 0.392578 0.462240 0.391602 0.463542 0.391602 0.470052 0.390625 0.471354 0.390625 0.481771 0.391602 0.484375 0.398438 0.493490 0.399414 0.496094 0.403320 0.496094 0.404297 0.497396 0.418945 0.497396 0.419922 0.496094 0.427734 0.496094 0.428711 0.494792 0.432617 0.494792 0.435547 0.492188 0.435547 0.490885 0.437500 0.488281 0.437500 0.485677 0.438477 0.484375 0.438477 0.480469 0.441406 0.475260 0.441406 0.470052 0.431641 0.458333 0.428711 0.457031 0.420898 0.449219 0.413086 0.444010 0.411133 0.444010 0.410156 0.442708 0.402344 0.442708 0.401367 0.444010 0.399414 0.444010
0 0.465820 0.479167 0.460938 0.479167 0.459961 0.477865 0.457031 0.477865 0.456055 0.479167 0.451172 0.479167 0.450195 0.480469 0.443359 0.480469 0.439453 0.485677 0.436523 0.493490 0.431641 0.498698 0.431641 0.503906 0.430664 0.505208 0.430664 0.509115 0.432617 0.514323 0.432617 0.518229 0.433594 0.520833 0.436523 0.524740 0.436523 0.526042 0.437500 0.526042 0.438477 0.528646 0.441406 0.532552 0.443359 0.533854 0.445312 0.533854 0.446289 0.535156 0.449219 0.535156 0.450195 0.533854 0.455078 0.533854 0.456055 0.532552 0.458008 0.532552 0.458984 0.531250 0.461914 0.531250 0.465820 0.528646 0.469727 0.528646 0.473633 0.522135 0.476562 0.514323 0.476562 0.496094 0.473633 0.488281 0.471680 0.485677 0.471680 0.484375 0.470703 0.484375
0 0.447266 0.541667 0.445312 0.545573 0.445312 0.548177 0.444336 0.549479 0.444336 0.553385 0.443359 0.554688 0.443359 0.567708 0.442383 0.569010 0.443359 0.570312 0.444336 0.576823 0.446289 0.579427 0.447266 0.583333 0.450195 0.587240 0.454102 0.589844 0.458008 0.589844 0.458984 0.591146 0.471680 0.591146 0.472656 0.589844 0.475586 0.589844 0.477539 0.588542 0.481445 0.583333 0.481445 0.582031 0.489258 0.570312 0.489258 0.567708 0.490234 0.566406 0.490234 0.552083 0.489258 0.550781 0.489258 0.548177 0.487305 0.545573 0.483398 0.542969 0.481445 0.542969 0.480469 0.541667 0.477539 0.541667 0.476562 0.540365 0.473633 0.540365 0.472656 0.539062 0.467773 0.539062 0.466797 0.537760 0.463867 0.537760 0.462891 0.536458 0.455078 0.536458
0 0.494141 0.593750 0.492188 0.592448 0.474609 0.592448 0.473633 0.593750 0.470703 0.592448 0.469727 0.593750 0.462891 0.593750 0.461914 0.595052 0.459961 0.595052 0.456055 0.600260 0.452148 0.602865 0.452148 0.604167 0.450195 0.606771 0.450195 0.619792 0.449219 0.621094 0.449219 0.631510 0.453125 0.638021 0.453125 0.640625 0.458008 0.645833 0.462891 0.645833 0.463867 0.647135 0.475586 0.647135 0.476562 0.645833 0.479492 0.645833 0.482422 0.643229 0.484375 0.643229 0.490234 0.634115 0.491211 0.631510 0.491211 0.627604 0.492188 0.626302 0.492188 0.622396 0.494141 0.617188 0.497070 0.613281 0.497070 0.605469 0.496094 0.604167 0.496094 0.597656
0 0.447266 0.652344 0.447266 0.654948 0.446289 0.656250 0.446289 0.678385 0.449219 0.682292 0.449219 0.683594 0.450195 0.683594 0.454102 0.688802 0.455078 0.688802 0.456055 0.690104 0.461914 0.690104 0.462891 0.691406 0.470703 0.691406 0.471680 0.690104 0.476562 0.688802 0.479492 0.686198 0.481445 0.686198 0.482422 0.684896 0.485352 0.683594 0.487305 0.680990 0.487305 0.677083 0.488281 0.675781 0.488281 0.667969 0.487305 0.666667 0.486328 0.662760 0.484375 0.660156 0.481445 0.658854 0.474609 0.651042 0.473633 0.651042 0.472656 0.649740 0.467773 0.649740 0.466797 0.648438 0.455078 0.648438 0.452148 0.651042
0 0.499023 0.645833 0.499023 0.652344 0.500000 0.653646 0.500000 0.656250 0.500977 0.657552 0.500977 0.658854 0.510742 0.671875 0.511719 0.671875 0.512695 0.673177 0.516602 0.673177 0.517578 0.674479 0.526367 0.674479 0.527344 0.673177 0.533203 0.673177 0.534180 0.671875 0.537109 0.670573 0.541992 0.662760 0.541992 0.660156 0.542969 0.658854 0.542969 0.654948 0.543945 0.653646 0.543945 0.647135 0.542969 0.645833 0.542969 0.643229 0.540039 0.639323 0.533203 0.639323 0.532227 0.638021 0.531250 0.639323 0.527344 0.639323 0.526367 0.638021 0.521484 0.638021 0.520508 0.639323 0.507812 0.639323 0.506836 0.640625 0.504883 0.640625 0.503906 0.641927 0.500977 0.643229
0 0.498047 0.561198 0.498047 0.574219 0.499023 0.576823 0.503906 0.583333 0.507812 0.585938 0.510742 0.585938 0.513672 0.588542 0.516602 0.588542 0.517578 0.589844 0.522461 0.591146 0.523438 0.589844 0.528320 0.589844 0.529297 0.588542 0.536133 0.587240 0.541992 0.583333 0.542969 0.580729 0.541992 0.574219 0.542969 0.572917 0.542969 0.569010 0.545898 0.562500 0.545898 0.555990 0.542969 0.550781 0.540039 0.549479 0.536133 0.544271 0.534180 0.542969 0.528320 0.542969 0.527344 0.541667 0.523438 0.541667 0.522461 0.540365 0.520508 0.540365 0.515625 0.544271 0.510742 0.545573 0.506836 0.549479 0.505859 0.549479 0.503906 0.552083 0.502930 0.552083 0.502930 0.553385 0.499023 0.558594
0 0.520508 0.592448 0.520508 0.601562 0.521484 0.602865 0.521484 0.605469 0.523438 0.609375 0.523438 0.611979 0.524414 0.613281 0.526367 0.619792 0.527344 0.619792 0.530273 0.623698 0.531250 0.623698 0.532227 0.625000 0.535156 0.625000 0.536133 0.626302 0.540039 0.626302 0.541016 0.627604 0.548828 0.627604 0.551758 0.630208 0.553711 0.630208 0.554688 0.628906 0.556641 0.628906 0.561523 0.622396 0.561523 0.621094 0.562500 0.619792 0.562500 0.609375 0.561523 0.608073 0.561523 0.604167 0.560547 0.602865 0.560547 0.598958 0.559570 0.597656 0.559570 0.593750 0.558594 0.592448 0.558594 0.591146 0.551758 0.582031 0.544922 0.582031 0.543945 0.583333 0.542969 0.583333 0.540039 0.587240 0.538086 0.587240 0.537109 0.588542 0.535156 0.588542 0.534180 0.589844 0.531250 0.589844 0.530273 0.591146 0.522461 0.591146 0.521484 0.592448
0 0.553711 0.631510 0.553711 0.635417 0.552734 0.636719 0.552734 0.647135 0.555664 0.649740 0.565430 0.649740 0.566406 0.651042 0.570312 0.651042 0.571289 0.652344 0.575195 0.652344 0.576172 0.653646 0.584961 0.653646 0.585938 0.652344 0.587891 0.652344 0.588867 0.651042 0.589844 0.651042 0.591797 0.648438 0.592773 0.648438 0.593750 0.647135 0.593750 0.644531 0.594727 0.643229 0.594727 0.632812 0.593750 0.631510 0.593750 0.630208 0.591797 0.627604 0.586914 0.625000 0.584961 0.622396 0.583984 0.622396 0.579102 0.618490 0.577148 0.618490 0.575195 0.615885 0.574219 0.611979 0.572266 0.609375 0.568359 0.609375 0.567383 0.610677 0.565430 0.610677 0.563477 0.614583 0.563477 0.618490 0.562500 0.619792 0.562500 0.622396 0.557617 0.628906 0.556641 0.628906
0 0.585938 0.541667 0.583984 0.541667 0.583008 0.540365 0.579102 0.540365 0.578125 0.539062 0.564453 0.539062 0.561523 0.541667 0.559570 0.541667 0.558594 0.542969 0.557617 0.542969 0.555664 0.545573 0.554688 0.545573 0.550781 0.549479 0.550781 0.550781 0.549805 0.552083 0.549805 0.570312 0.551758 0.574219 0.551758 0.576823 0.552734 0.578125 0.552734 0.579427 0.556641 0.585938 0.557617 0.585938 0.561523 0.589844 0.569336 0.589844 0.570312 0.588542 0.572266 0.588542 0.573242 0.587240 0.574219 0.587240 0.578125 0.582031 0.579102 0.582031 0.583008 0.578125 0.583984 0.578125 0.590820 0.569010 0.590820 0.548177 0.589844 0.546875 0.589844 0.545573
0 0.581055 0.588542 0.581055 0.591146 0.578125 0.596354 0.578125 0.597656 0.575195 0.604167 0.575195 0.611979 0.578125 0.617188 0.583008 0.619792 0.584961 0.622396 0.585938 0.622396 0.590820 0.626302 0.592773 0.626302 0.593750 0.627604 0.594727 0.627604 0.596680 0.630208 0.604492 0.630208 0.605469 0.628906 0.608398 0.628906 0.609375 0.627604 0.612305 0.627604 0.613281 0.626302 0.615234 0.626302 0.620117 0.618490 0.620117 0.615885 0.621094 0.614583 0.621094 0.609375 0.620117 0.608073 0.620117 0.605469 0.621094 0.604167 0.621094 0.593750 0.620117 0.592448 0.610352 0.592448 0.609375 0.591146 0.606445 0.591146 0.605469 0.589844 0.600586 0.588542 0.595703 0.583333 0.592773 0.583333 0.591797 0.582031 0.590820 0.583333 0.586914 0.583333
0 0.630859 0.622396 0.627930 0.622396 0.626953 0.621094 0.625977 0.621094 0.625000 0.622396 0.620117 0.623698 0.614258 0.628906 0.612305 0.628906 0.611328 0.630208 0.607422 0.630208 0.606445 0.631510 0.603516 0.631510 0.602539 0.632812 0.600586 0.632812 0.598633 0.635417 0.598633 0.641927 0.599609 0.643229 0.599609 0.649740 0.600586 0.651042 0.601562 0.654948 0.604492 0.658854 0.604492 0.660156 0.611328 0.669271 0.612305 0.669271 0.617188 0.673177 0.630859 0.673177 0.631836 0.671875 0.633789 0.671875 0.638672 0.667969 0.641602 0.667969 0.642578 0.666667 0.643555 0.666667 0.646484 0.662760 0.646484 0.653646 0.644531 0.649740 0.644531 0.647135 0.643555 0.645833 0.643555 0.644531 0.640625 0.640625 0.640625 0.639323 0.636719 0.632812 0.635742 0.628906
0 0.649414 0.664062 0.649414 0.674479 0.654297 0.682292 0.654297 0.683594 0.662109 0.694010 0.663086 0.694010 0.664062 0.695312 0.672852 0.695312 0.674805 0.692708 0.677734 0.691406 0.680664 0.687500 0.681641 0.687500 0.684570 0.684896 0.686523 0.684896 0.690430 0.680990 0.693359 0.679688 0.695312 0.675781 0.695312 0.670573 0.696289 0.669271 0.695312 0.667969 0.695312 0.665365 0.694336 0.664062 0.694336 0.661458 0.693359 0.660156 0.693359 0.658854 0.686523 0.651042 0.685547 0.651042 0.684570 0.649740 0.682617 0.649740 0.681641 0.648438 0.664062 0.648438 0.663086 0.649740 0.660156 0.649740 0.656250 0.653646 0.655273 0.653646 0.651367 0.658854 0.651367 0.660156
0 0.639648 0.585938 0.639648 0.591146 0.637695 0.596354 0.637695 0.608073 0.638672 0.609375 0.638672 0.618490 0.639648 0.619792 0.639648 0.622396 0.641602 0.625000 0.643555 0.626302 0.650391 0.626302 0.651367 0.627604 0.658203 0.627604 0.659180 0.628906 0.662109 0.628906 0.663086 0.630208 0.667969 0.630208 0.668945 0.631510 0.671875 0.631510 0.672852 0.632812 0.676758 0.632812 0.677734 0.631510 0.677734 0.630208 0.679688 0.627604 0.683594 0.617188 0.683594 0.604167 0.684570 0.602865 0.684570 0.600260 0.682617 0.596354 0.681641 0.596354 0.677734 0.592448 0.676758 0.592448 0.674805 0.595052 0.671875 0.595052 0.670898 0.593750 0.666992 0.593750 0.666016 0.592448 0.660156 0.592448 0.654297 0.588542 0.652344 0.588542 0.646484 0.583333 0.644531 0.583333 0.643555 0.584635 0.640625 0.584635
0 0.606445 0.532552 0.602539 0.539062 0.599609 0.546875 0.599609 0.549479 0.596680 0.554688 0.596680 0.557292 0.595703 0.558594 0.595703 0.561198 0.593750 0.566406 0.593750 0.575521 0.595703 0.580729 0.598633 0.584635 0.604492 0.588542 0.606445 0.588542 0.607422 0.589844 0.623047 0.589844 0.624023 0.588542 0.627930 0.588542 0.631836 0.585938 0.635742 0.580729 0.638672 0.572917 0.638672 0.570312 0.641602 0.563802 0.641602 0.553385 0.640625 0.552083 0.640625 0.546875 0.639648 0.545573 0.638672 0.540365 0.633789 0.532552 0.630859 0.535156 0.627930 0.535156 0.626953 0.533854 0.624023 0.533854 0.623047 0.532552 0.617188 0.532552 0.616211 0.531250 0.608398 0.531250
0 0.652344 0.545573 0.644531 0.554688 0.644531 0.557292 0.643555 0.558594 0.643555 0.571615 0.646484 0.579427 0.653320 0.587240 0.659180 0.591146 0.662109 0.591146 0.663086 0.592448 0.668945 0.592448 0.669922 0.593750 0.674805 0.593750 0.676758 0.592448 0.680664 0.587240 0.681641 0.587240 0.684570 0.579427 0.686523 0.576823 0.686523 0.574219 0.688477 0.569010 0.688477 0.563802 0.689453 0.562500 0.689453 0.552083 0.688477 0.550781 0.688477 0.548177 0.687500 0.545573 0.685547 0.544271 0.682617 0.540365 0.663086 0.540365 0.662109 0.541667 0.658203 0.541667
0 0.628906 0.507812 0.635742 0.519531 0.637695 0.524740 0.637695 0.527344 0.638672 0.528646 0.645508 0.528646 0.646484 0.527344 0.652344 0.527344 0.653320 0.528646 0.657227 0.528646 0.658203 0.527344 0.661133 0.527344 0.665039 0.524740 0.666992 0.522135 0.667969 0.522135 0.676758 0.510417 0.676758 0.509115 0.679688 0.505208 0.681641 0.496094 0.680664 0.494792 0.680664 0.490885 0.678711 0.485677 0.675781 0.481771 0.675781 0.480469 0.671875 0.477865 0.638672 0.477865 0.634766 0.480469 0.632812 0.483073 0.630859 0.488281 0.630859 0.492188 0.629883 0.493490 0.629883 0.497396 0.628906 0.498698
0 0.718750 0.475260 0.714844 0.475260 0.713867 0.473958 0.708984 0.473958 0.708008 0.475260 0.701172 0.475260 0.699219 0.476562 0.699219 0.477865 0.697266 0.480469 0.693359 0.483073 0.689453 0.483073 0.684570 0.489583 0.684570 0.496094 0.683594 0.497396 0.683594 0.509115 0.682617 0.510417 0.682617 0.529948 0.683594 0.532552 0.689453 0.539062 0.697266 0.541667 0.698242 0.540365 0.701172 0.540365 0.705078 0.537760 0.708984 0.537760 0.711914 0.535156 0.713867 0.535156 0.715820 0.532552 0.716797 0.532552 0.717773 0.529948 0.726562 0.518229 0.727539 0.510417 0.728516 0.509115 0.728516 0.505208 0.727539 0.503906 0.727539 0.500000 0.726562 0.498698 0.726562 0.485677 0.724609 0.480469
0 0.733398 0.537760 0.727539 0.532552 0.719727 0.532552 0.715820 0.535156 0.713867 0.537760 0.711914 0.537760 0.710938 0.539062 0.708008 0.539062 0.707031 0.540365 0.704102 0.540365 0.696289 0.545573 0.691406 0.552083 0.691406 0.559896 0.690430 0.561198 0.690430 0.569010 0.689453 0.570312 0.689453 0.580729 0.692383 0.583333 0.697266 0.583333 0.698242 0.584635 0.710938 0.584635 0.711914 0.583333 0.716797 0.583333 0.717773 0.582031 0.719727 0.582031 0.723633 0.578125 0.728516 0.575521 0.731445 0.569010 0.731445 0.566406 0.735352 0.555990 0.735352 0.544271 0.734375 0.542969 0.734375 0.540365
0 0.724609 0.589844 0.720703 0.587240 0.717773 0.587240 0.716797 0.588542 0.711914 0.588542 0.710938 0.589844 0.707031 0.589844 0.706055 0.591146 0.704102 0.589844 0.699219 0.589844 0.698242 0.592448 0.696289 0.593750 0.694336 0.593750 0.690430 0.597656 0.690430 0.598958 0.688477 0.601562 0.688477 0.615885 0.689453 0.617188 0.689453 0.622396 0.692383 0.630208 0.692383 0.632812 0.695312 0.636719 0.695312 0.638021 0.701172 0.641927 0.707031 0.641927 0.708008 0.640625 0.718750 0.640625 0.719727 0.639323 0.721680 0.640625 0.723633 0.640625 0.724609 0.639323 0.726562 0.639323 0.735352 0.627604 0.735352 0.625000 0.736328 0.623698 0.736328 0.619792 0.735352 0.618490 0.735352 0.615885 0.733398 0.610677 0.733398 0.605469 0.732422 0.604167 0.732422 0.600260
0 0.743164 0.675781 0.738281 0.675781 0.737305 0.674479 0.735352 0.674479 0.734375 0.673177 0.732422 0.673177 0.731445 0.671875 0.729492 0.671875 0.728516 0.670573 0.715820 0.670573 0.712891 0.673177 0.710938 0.673177 0.708984 0.675781 0.707031 0.675781 0.706055 0.677083 0.703125 0.678385 0.699219 0.683594 0.699219 0.688802 0.700195 0.690104 0.700195 0.692708 0.703125 0.699219 0.703125 0.701823 0.704102 0.703125 0.704102 0.707031 0.705078 0.708333 0.705078 0.709635 0.708008 0.713542 0.709961 0.713542 0.710938 0.714844 0.712891 0.714844 0.715820 0.717448 0.718750 0.717448 0.719727 0.718750 0.720703 0.718750 0.727539 0.713542 0.730469 0.713542 0.731445 0.712240 0.732422 0.712240 0.734375 0.709635 0.734375 0.708333 0.736328 0.705729 0.737305 0.705729 0.739258 0.703125 0.739258 0.701823 0.745117 0.695312 0.745117 0.678385
0 0.747070 0.680990 0.747070 0.691406 0.748047 0.692708 0.748047 0.695312 0.750000 0.697917 0.750000 0.699219 0.753906 0.704427 0.756836 0.705729 0.760742 0.710938 0.761719 0.710938 0.762695 0.712240 0.768555 0.712240 0.769531 0.710938 0.772461 0.710938 0.773438 0.709635 0.775391 0.709635 0.778320 0.707031 0.780273 0.707031 0.781250 0.705729 0.782227 0.705729 0.788086 0.697917 0.788086 0.696615 0.789062 0.695312 0.789062 0.692708 0.790039 0.691406 0.790039 0.688802 0.791016 0.687500 0.791016 0.683594 0.791992 0.682292 0.791992 0.677083 0.791016 0.675781 0.791016 0.673177 0.790039 0.671875 0.790039 0.670573 0.788086 0.667969 0.780273 0.667969 0.779297 0.666667 0.763672 0.666667 0.762695 0.667969 0.757812 0.670573 0.755859 0.673177 0.752930 0.674479
0 0.740234 0.611979 0.740234 0.613281 0.738281 0.615885 0.738281 0.631510 0.741211 0.635417 0.741211 0.636719 0.743164 0.639323 0.743164 0.640625 0.747070 0.645833 0.748047 0.645833 0.750000 0.648438 0.755859 0.648438 0.756836 0.647135 0.760742 0.647135 0.761719 0.645833 0.764648 0.645833 0.765625 0.644531 0.767578 0.644531 0.768555 0.643229 0.769531 0.643229 0.772461 0.639323 0.772461 0.638021 0.774414 0.634115 0.774414 0.631510 0.776367 0.627604 0.776367 0.625000 0.777344 0.623698 0.777344 0.622396 0.779297 0.618490 0.779297 0.615885 0.780273 0.614583 0.780273 0.604167 0.779297 0.602865 0.774414 0.602865 0.773438 0.604167 0.770508 0.604167 0.769531 0.605469 0.767578 0.605469 0.766602 0.606771 0.757812 0.606771 0.756836 0.605469 0.754883 0.605469 0.753906 0.604167 0.751953 0.604167 0.750977 0.602865 0.748047 0.602865 0.746094 0.605469 0.745117 0.605469
0 0.738281 0.559896 0.738281 0.563802 0.736328 0.567708 0.736328 0.572917 0.735352 0.574219 0.736328 0.575521 0.736328 0.578125 0.741211 0.587240 0.741211 0.588542 0.748047 0.597656 0.748047 0.598958 0.750000 0.601562 0.753906 0.602865 0.756836 0.605469 0.766602 0.605469 0.770508 0.602865 0.774414 0.602865 0.775391 0.601562 0.780273 0.600260 0.786133 0.595052 0.787109 0.592448 0.787109 0.583333 0.786133 0.582031 0.786133 0.579427 0.784180 0.574219 0.782227 0.571615 0.782227 0.569010 0.780273 0.565104 0.780273 0.561198 0.777344 0.553385 0.775391 0.550781 0.761719 0.550781 0.760742 0.552083 0.757812 0.552083 0.750977 0.557292 0.743164 0.566406 0.741211 0.563802 0.741211 0.559896 0.740234 0.557292
0 0.739258 0.483073 0.734375 0.496094 0.733398 0.502604 0.730469 0.509115 0.730469 0.511719 0.728516 0.516927 0.728516 0.524740 0.729492 0.527344 0.734375 0.533854 0.736328 0.535156 0.738281 0.535156 0.739258 0.536458 0.746094 0.536458 0.747070 0.537760 0.749023 0.536458 0.754883 0.536458 0.755859 0.535156 0.757812 0.535156 0.761719 0.532552 0.771484 0.519531 0.771484 0.518229 0.773438 0.515625 0.776367 0.507812 0.776367 0.505208 0.777344 0.503906 0.777344 0.497396 0.775391 0.492188 0.774414 0.490885 0.772461 0.490885 0.767578 0.494792 0.759766 0.494792 0.758789 0.493490 0.756836 0.493490 0.754883 0.492188 0.747070 0.481771 0.742188 0.481771 0.741211 0.483073
0 0.786133 0.429688 0.784180 0.432292 0.782227 0.432292 0.781250 0.430990 0.778320 0.430990 0.774414 0.428385 0.759766 0.428385 0.752930 0.433594 0.749023 0.434896 0.747070 0.437500 0.743164 0.440104 0.744141 0.453125 0.745117 0.454427 0.745117 0.463542 0.746094 0.464844 0.746094 0.473958 0.750000 0.485677 0.751953 0.488281 0.759766 0.493490 0.764648 0.493490 0.765625 0.492188 0.768555 0.492188 0.778320 0.485677 0.786133 0.475260 0.788086 0.470052 0.793945 0.460938 0.793945 0.455729 0.791016 0.449219 0.791016 0.446615 0.790039 0.445312 0.790039 0.440104 0.787109 0.434896
0 0.720703 0.414062 0.719727 0.414062 0.714844 0.408854 0.708008 0.408854 0.705078 0.411458 0.703125 0.411458 0.699219 0.414062 0.696289 0.414062 0.695312 0.415365 0.684570 0.415365 0.682617 0.416667 0.678711 0.423177 0.679688 0.428385 0.680664 0.429688 0.680664 0.446615 0.681641 0.447917 0.681641 0.449219 0.677734 0.455729 0.678711 0.460938 0.682617 0.464844 0.684570 0.464844 0.685547 0.466146 0.687500 0.466146 0.690430 0.468750 0.693359 0.468750 0.694336 0.470052 0.704102 0.470052 0.705078 0.468750 0.708984 0.468750 0.715820 0.463542 0.723633 0.451823 0.723633 0.449219 0.724609 0.447917 0.724609 0.445312 0.726562 0.440104 0.726562 0.430990 0.725586 0.429688 0.724609 0.423177
0 0.708984 0.352865 0.707031 0.352865 0.703125 0.358073 0.699219 0.359375 0.698242 0.360677 0.683594 0.360677 0.682617 0.361979 0.671875 0.361979 0.670898 0.360677 0.667969 0.360677 0.666016 0.358073 0.666016 0.356771 0.665039 0.356771 0.664062 0.365885 0.662109 0.371094 0.663086 0.373698 0.663086 0.377604 0.665039 0.382812 0.668945 0.388021 0.669922 0.391927 0.684570 0.412760 0.688477 0.412760 0.689453 0.414062 0.690430 0.412760 0.696289 0.412760 0.697266 0.411458 0.700195 0.411458 0.702148 0.408854 0.705078 0.407552 0.709961 0.401042 0.712891 0.393229 0.713867 0.385417 0.714844 0.384115 0.714844 0.375000 0.715820 0.373698 0.715820 0.368490 0.714844 0.367188 0.714844 0.361979 0.713867 0.359375
0 0.710938 0.295573 0.707031 0.292969 0.687500 0.291667 0.686523 0.292969 0.682617 0.292969 0.679688 0.295573 0.675781 0.296875 0.670898 0.309896 0.668945 0.320312 0.666992 0.322917 0.666992 0.325521 0.665039 0.328125 0.664062 0.334635 0.661133 0.341146 0.661133 0.346354 0.664062 0.352865 0.672852 0.360677 0.680664 0.360677 0.681641 0.359375 0.694336 0.359375 0.695312 0.358073 0.700195 0.358073 0.702148 0.356771 0.710938 0.343750 0.710938 0.342448 0.715820 0.334635 0.715820 0.332031 0.716797 0.330729 0.716797 0.312500 0.714844 0.308594 0.715820 0.304688 0.714844 0.303385 0.714844 0.300781
0 0.749023 0.216146 0.737305 0.218750 0.735352 0.220052 0.730469 0.227865 0.727539 0.229167 0.723633 0.234375 0.717773 0.236979 0.716797 0.238281 0.715820 0.246094 0.708008 0.260417 0.706055 0.266927 0.706055 0.278646 0.715820 0.292969 0.719727 0.294271 0.725586 0.299479 0.734375 0.303385 0.738281 0.303385 0.739258 0.304688 0.745117 0.303385 0.747070 0.300781 0.749023 0.292969 0.753906 0.286458 0.757812 0.285156 0.757812 0.283854 0.759766 0.282552 0.766602 0.272135 0.769531 0.272135 0.770508 0.273438 0.771484 0.272135 0.770508 0.250000 0.768555 0.242188 0.763672 0.234375 0.761719 0.227865 0.757812 0.221354 0.752930 0.217448 0.750000 0.217448
0 0.763672 0.290365 0.759766 0.285156 0.754883 0.286458 0.749023 0.292969 0.749023 0.295573 0.748047 0.296875 0.747070 0.302083 0.743164 0.305990 0.739258 0.305990 0.738281 0.304688 0.730469 0.303385 0.719727 0.295573 0.717773 0.299479 0.717773 0.309896 0.718750 0.311198 0.718750 0.330729 0.726562 0.335938 0.728516 0.335938 0.731445 0.339844 0.735352 0.341146 0.740234 0.345052 0.748047 0.345052 0.749023 0.343750 0.750977 0.343750 0.754883 0.338542 0.755859 0.338542 0.759766 0.332031 0.761719 0.325521 0.764648 0.321615 0.767578 0.313802 0.766602 0.312500 0.766602 0.299479
0 0.724609 0.341146 0.724609 0.343750 0.723633 0.345052 0.724609 0.350260 0.718750 0.359375 0.718750 0.361979 0.720703 0.367188 0.719727 0.368490 0.719727 0.372396 0.717773 0.378906 0.717773 0.389323 0.718750 0.390625 0.719727 0.397135 0.723633 0.402344 0.723633 0.403646 0.726562 0.406250 0.727539 0.410156 0.730469 0.414062 0.742188 0.414062 0.743164 0.412760 0.749023 0.412760 0.750000 0.411458 0.762695 0.408854 0.766602 0.404948 0.769531 0.403646 0.773438 0.398438 0.774414 0.394531 0.777344 0.389323 0.778320 0.381510 0.773438 0.365885 0.763672 0.351562 0.756836 0.347656 0.742188 0.348958 0.741211 0.347656 0.739258 0.347656 0.735352 0.343750 0.729492 0.342448 0.728516 0.341146
0 0.817383 0.236979 0.807617 0.238281 0.797852 0.244792 0.794922 0.244792 0.791016 0.250000 0.789062 0.255208 0.781250 0.265625 0.781250 0.266927 0.772461 0.277344 0.770508 0.282552 0.769531 0.289062 0.770508 0.290365 0.771484 0.298177 0.776367 0.304688 0.780273 0.307292 0.782227 0.307292 0.784180 0.309896 0.793945 0.316406 0.797852 0.316406 0.798828 0.317708 0.799805 0.316406 0.802734 0.316406 0.805664 0.313802 0.810547 0.313802 0.811523 0.312500 0.813477 0.312500 0.816406 0.304688 0.826172 0.292969 0.828125 0.286458 0.828125 0.274740 0.829102 0.273438 0.829102 0.268229 0.830078 0.266927 0.830078 0.255208 0.829102 0.253906 0.829102 0.251302 0.819336 0.238281
0 0.818359 0.325521 0.811523 0.321615 0.792969 0.320312 0.791992 0.321615 0.788086 0.322917 0.785156 0.326823 0.781250 0.329427 0.776367 0.342448 0.776367 0.345052 0.775391 0.346354 0.775391 0.355469 0.774414 0.356771 0.774414 0.361979 0.775391 0.363281 0.776367 0.369792 0.778320 0.373698 0.778320 0.376302 0.781250 0.385417 0.787109 0.389323 0.788086 0.388021 0.791992 0.388021 0.792969 0.386719 0.796875 0.386719 0.797852 0.385417 0.799805 0.385417 0.805664 0.378906 0.817383 0.371094 0.827148 0.359375 0.827148 0.358073 0.829102 0.355469 0.829102 0.351562 0.830078 0.350260 0.829102 0.348958 0.829102 0.345052 0.826172 0.339844 0.825195 0.335938
0 0.823242 0.376302 0.821289 0.376302 0.820312 0.375000 0.814453 0.376302 0.804688 0.385417 0.801758 0.386719 0.798828 0.390625 0.795898 0.391927 0.794922 0.397135 0.792969 0.399740 0.791016 0.404948 0.791992 0.417969 0.793945 0.421875 0.793945 0.424479 0.794922 0.425781 0.797852 0.440104 0.799805 0.444010 0.799805 0.446615 0.802734 0.451823 0.808594 0.451823 0.809570 0.453125 0.817383 0.453125 0.818359 0.451823 0.820312 0.451823 0.826172 0.447917 0.829102 0.444010 0.833008 0.441406 0.836914 0.434896 0.836914 0.429688 0.839844 0.420573 0.839844 0.398438 0.837891 0.393229 0.831055 0.384115 0.828125 0.382812 0.827148 0.380208
0 0.800781 0.454427 0.797852 0.458333 0.796875 0.458333 0.796875 0.459635 0.794922 0.462240 0.791016 0.471354 0.788086 0.475260 0.785156 0.483073 0.786133 0.490885 0.788086 0.496094 0.790039 0.498698 0.793945 0.501302 0.795898 0.501302 0.796875 0.502604 0.801758 0.502604 0.802734 0.503906 0.807617 0.503906 0.808594 0.505208 0.815430 0.505208 0.816406 0.506510 0.819336 0.506510 0.820312 0.505208 0.823242 0.505208 0.826172 0.501302 0.827148 0.501302 0.839844 0.484375 0.840820 0.481771 0.840820 0.473958 0.841797 0.471354 0.840820 0.470052 0.839844 0.464844 0.836914 0.460938 0.836914 0.459635 0.835938 0.459635 0.833984 0.457031 0.830078 0.454427 0.828125 0.454427 0.827148 0.453125 0.821289 0.453125 0.820312 0.454427 0.803711 0.454427 0.802734 0.453125
0 0.852539 0.420573 0.851562 0.423177 0.848633 0.425781 0.845703 0.430990 0.842773 0.432292 0.833984 0.445312 0.835938 0.451823 0.841797 0.462240 0.842773 0.466146 0.845703 0.470052 0.854492 0.471354 0.855469 0.472656 0.861328 0.472656 0.870117 0.480469 0.872070 0.480469 0.875977 0.483073 0.879883 0.483073 0.882812 0.480469 0.884766 0.475260 0.885742 0.467448 0.890625 0.460938 0.893555 0.459635 0.896484 0.454427 0.898438 0.449219 0.897461 0.447917 0.897461 0.445312 0.894531 0.442708 0.891602 0.437500 0.886719 0.433594 0.884766 0.433594 0.875000 0.420573 0.873047 0.419271 0.863281 0.419271 0.862305 0.420573 0.855469 0.419271 0.854492 0.420573
0 0.921875 0.339844 0.918945 0.334635 0.914062 0.330729 0.911133 0.325521 0.907227 0.321615 0.899414 0.320312 0.896484 0.317708 0.891602 0.319010 0.888672 0.322917 0.886719 0.322917 0.885742 0.324219 0.875977 0.325521 0.867188 0.333333 0.864258 0.338542 0.857422 0.356771 0.855469 0.359375 0.855469 0.361979 0.854492 0.363281 0.854492 0.372396 0.859375 0.376302 0.863281 0.377604 0.865234 0.380208 0.867188 0.380208 0.872070 0.384115 0.881836 0.388021 0.887695 0.393229 0.895508 0.393229 0.896484 0.391927 0.898438 0.391927 0.903320 0.388021 0.905273 0.388021 0.912109 0.377604 0.914062 0.372396 0.915039 0.365885 0.916992 0.361979 0.916992 0.359375 0.920898 0.352865 0.920898 0.350260 0.922852 0.345052 0.921875 0.343750
0 0.944336 0.384115 0.938477 0.384115 0.934570 0.380208 0.929688 0.380208 0.928711 0.381510 0.925781 0.381510 0.921875 0.384115 0.913086 0.384115 0.911133 0.385417 0.906250 0.391927 0.904297 0.397135 0.899414 0.403646 0.899414 0.404948 0.893555 0.414062 0.893555 0.416667 0.892578 0.417969 0.892578 0.429688 0.893555 0.430990 0.893555 0.434896 0.895508 0.440104 0.896484 0.440104 0.902344 0.447917 0.903320 0.447917 0.909180 0.454427 0.916992 0.453125 0.926758 0.445312 0.930664 0.440104 0.933594 0.438802 0.948242 0.420573 0.951172 0.419271 0.953125 0.415365 0.953125 0.401042 0.951172 0.395833
0 0.939453 0.434896 0.935547 0.441406 0.937500 0.445312 0.940430 0.445312 0.943359 0.442708 0.944336 0.444010 0.944336 0.449219 0.933594 0.463542 0.929688 0.479167 0.930664 0.485677 0.937500 0.497396 0.942383 0.503906 0.947266 0.506510 0.950195 0.506510 0.954102 0.503906 0.965820 0.503906 0.970703 0.500000 0.974609 0.500000 0.978516 0.497396 0.981445 0.493490 0.984375 0.483073 0.983398 0.466146 0.982422 0.464844 0.982422 0.453125 0.981445 0.451823 0.984375 0.442708 0.984375 0.438802 0.979492 0.434896 0.975586 0.434896 0.974609 0.433594 0.969727 0.434896 0.963867 0.429688 0.952148 0.429688 0.951172 0.428385 0.946289 0.428385 0.945312 0.429688 0.951172 0.432292 0.947266 0.437500 0.943359 0.432292 0.941406 0.434896
0 0.915039 0.501302 0.915039 0.502604 0.913086 0.505208 0.913086 0.519531 0.912109 0.520833 0.912109 0.523438 0.910156 0.526042 0.910156 0.528646 0.911133 0.531250 0.915039 0.535156 0.920898 0.539062 0.922852 0.539062 0.923828 0.540365 0.935547 0.540365 0.936523 0.541667 0.940430 0.541667 0.941406 0.542969 0.948242 0.542969 0.949219 0.541667 0.951172 0.541667 0.953125 0.539062 0.954102 0.539062 0.957031 0.533854 0.958008 0.527344 0.961914 0.520833 0.961914 0.518229 0.962891 0.516927 0.962891 0.509115 0.960938 0.507812 0.956055 0.507812 0.955078 0.509115 0.953125 0.509115 0.952148 0.507812 0.945312 0.507812 0.944336 0.506510 0.942383 0.506510 0.938477 0.501302 0.936523 0.501302 0.932617 0.498698 0.927734 0.493490 0.923828 0.493490 0.920898 0.498698
0 0.894531 0.532552 0.884766 0.506510 0.883789 0.500000 0.880859 0.497396 0.875977 0.497396 0.875000 0.498698 0.871094 0.498698 0.870117 0.500000 0.862305 0.502604 0.848633 0.513021 0.846680 0.515625 0.846680 0.516927 0.844727 0.518229 0.843750 0.520833 0.839844 0.526042 0.839844 0.528646 0.836914 0.533854 0.837891 0.535156 0.837891 0.539062 0.839844 0.541667 0.840820 0.541667 0.842773 0.544271 0.842773 0.545573 0.847656 0.550781 0.851562 0.552083 0.857422 0.555990 0.865234 0.555990 0.866211 0.554688 0.870117 0.554688 0.871094 0.553385 0.873047 0.553385 0.876953 0.550781 0.879883 0.550781 0.885742 0.544271 0.886719 0.544271 0.890625 0.539062 0.893555 0.537760
0 0.805664 0.549479 0.798828 0.558594 0.798828 0.559896 0.795898 0.565104 0.795898 0.570312 0.794922 0.571615 0.794922 0.579427 0.795898 0.582031 0.801758 0.589844 0.802734 0.589844 0.806641 0.595052 0.810547 0.597656 0.826172 0.597656 0.827148 0.596354 0.830078 0.596354 0.831055 0.595052 0.833008 0.595052 0.834961 0.592448 0.835938 0.592448 0.837891 0.587240 0.837891 0.584635 0.838867 0.583333 0.839844 0.576823 0.841797 0.572917 0.841797 0.570312 0.845703 0.559896 0.844727 0.553385 0.837891 0.545573 0.824219 0.545573 0.823242 0.544271 0.818359 0.544271 0.817383 0.545573 0.811523 0.545573
0 0.786133 0.604167 0.786133 0.606771 0.784180 0.610677 0.784180 0.618490 0.785156 0.619792 0.785156 0.625000 0.789062 0.634115 0.793945 0.636719 0.798828 0.641927 0.802734 0.643229 0.804688 0.645833 0.810547 0.649740 0.814453 0.651042 0.815430 0.649740 0.826172 0.645833 0.832031 0.638021 0.834961 0.630208 0.834961 0.627604 0.835938 0.626302 0.834961 0.625000 0.834961 0.621094 0.833984 0.619792 0.833984 0.617188 0.831055 0.608073 0.831055 0.604167 0.829102 0.598958 0.828125 0.600260 0.814453 0.600260 0.813477 0.598958 0.804688 0.598958 0.801758 0.601562 0.799805 0.601562 0.798828 0.605469 0.796875 0.606771 0.795898 0.609375 0.791016 0.614583 0.789062 0.613281 0.789062 0.608073 0.791016 0.606771 0.791016 0.605469 0.787109 0.602865
0 0.809570 0.657552 0.808594 0.658854 0.808594 0.660156 0.804688 0.665365 0.804688 0.666667 0.802734 0.670573 0.802734 0.673177 0.800781 0.677083 0.801758 0.683594 0.809570 0.691406 0.811523 0.691406 0.812500 0.692708 0.822266 0.692708 0.823242 0.694010 0.826172 0.694010 0.827148 0.695312 0.833984 0.695312 0.835938 0.691406 0.836914 0.691406 0.837891 0.690104 0.839844 0.690104 0.840820 0.688802 0.841797 0.688802 0.844727 0.684896 0.845703 0.684896 0.848633 0.679688 0.848633 0.677083 0.849609 0.675781 0.849609 0.671875 0.848633 0.670573 0.848633 0.667969 0.846680 0.665365 0.846680 0.664062 0.843750 0.658854 0.843750 0.657552 0.838867 0.652344 0.836914 0.652344 0.833984 0.649740 0.820312 0.649740 0.819336 0.651042 0.817383 0.651042 0.813477 0.656250 0.812500 0.656250 0.811523 0.657552
0 0.843750 0.645833 0.844727 0.648438 0.849609 0.654948 0.855469 0.658854 0.857422 0.658854 0.858398 0.660156 0.861328 0.660156 0.862305 0.661458 0.874023 0.661458 0.875000 0.660156 0.877930 0.660156 0.878906 0.658854 0.880859 0.658854 0.884766 0.653646 0.889648 0.651042 0.896484 0.641927 0.898438 0.636719 0.898438 0.627604 0.897461 0.625000 0.892578 0.619792 0.892578 0.617188 0.891602 0.614583 0.891602 0.617188 0.888672 0.621094 0.885742 0.621094 0.884766 0.619792 0.882812 0.619792 0.877930 0.615885 0.872070 0.615885 0.871094 0.614583 0.863281 0.614583 0.862305 0.615885 0.860352 0.615885 0.854492 0.623698 0.854492 0.625000 0.850586 0.630208 0.850586 0.631510 0.844727 0.638021 0.844727 0.640625 0.843750 0.641927
0 0.902344 0.563802 0.894531 0.554688 0.885742 0.554688 0.884766 0.555990 0.879883 0.557292 0.875977 0.559896 0.874023 0.562500 0.872070 0.562500 0.869141 0.565104 0.864258 0.566406 0.862305 0.569010 0.859375 0.576823 0.859375 0.579427 0.855469 0.587240 0.855469 0.591146 0.854492 0.592448 0.854492 0.595052 0.855469 0.596354 0.855469 0.601562 0.856445 0.602865 0.856445 0.605469 0.857422 0.606771 0.858398 0.611979 0.861328 0.614583 0.862305 0.613281 0.875977 0.613281 0.879883 0.610677 0.881836 0.608073 0.883789 0.608073 0.884766 0.606771 0.891602 0.606771 0.892578 0.605469 0.896484 0.604167 0.903320 0.595052 0.905273 0.589844 0.905273 0.587240 0.906250 0.585938 0.906250 0.583333 0.905273 0.582031 0.905273 0.574219 0.902344 0.566406
0 0.310547 0.653646 0.310547 0.652344 0.308594 0.649740 0.308594 0.648438 0.306641 0.644531 0.306641 0.641927 0.304688 0.638021 0.304688 0.631510 0.302734 0.627604 0.301758 0.627604 0.299805 0.630208 0.298828 0.630208 0.297852 0.631510 0.294922 0.631510 0.293945 0.632812 0.291016 0.632812 0.290039 0.634115 0.289062 0.634115 0.288086 0.632812 0.283203 0.632812 0.282227 0.631510 0.277344 0.631510 0.276367 0.632812 0.276367 0.640625 0.277344 0.641927 0.277344 0.644531 0.278320 0.645833 0.278320 0.647135 0.284180 0.654948 0.285156 0.654948 0.287109 0.657552 0.288086 0.657552 0.291016 0.660156 0.292969 0.660156 0.293945 0.661458 0.299805 0.661458 0.300781 0.660156 0.302734 0.660156 0.305664 0.657552 0.307617 0.657552
