0 0.389648 0.149740 0.384766 0.157552 0.383789 0.162760 0.380859 0.169271 0.380859 0.177083 0.378906 0.186198 0.378906 0.203125 0.379883 0.204427 0.379883 0.210938 0.381836 0.217448 0.388672 0.227865 0.399414 0.234375 0.402344 0.234375 0.403320 0.235677 0.424805 0.234375 0.434570 0.218750 0.437500 0.209635 0.439453 0.207031 0.442383 0.195312 0.442383 0.173177 0.441406 0.171875 0.441406 0.166667 0.438477 0.158854 0.436523 0.157552 0.424805 0.156250 0.423828 0.154948 0.417969 0.154948 0.412109 0.152344 0.407227 0.152344 0.398438 0.148438 0.391602 0.148438
0 0.493164 0.196615 0.485352 0.196615 0.484375 0.197917 0.480469 0.197917 0.479492 0.199219 0.471680 0.200521 0.466797 0.203125 0.461914 0.203125 0.458008 0.205729 0.455078 0.205729 0.450195 0.210938 0.450195 0.214844 0.449219 0.216146 0.449219 0.231771 0.448242 0.233073 0.448242 0.251302 0.453125 0.264323 0.460938 0.274740 0.464844 0.277344 0.477539 0.277344 0.478516 0.276042 0.481445 0.276042 0.485352 0.269531 0.488281 0.268229 0.494141 0.261719 0.498047 0.260417 0.501953 0.255208 0.501953 0.251302 0.505859 0.239583 0.505859 0.221354 0.500000 0.204427
0 0.500000 0.260417 0.493164 0.265625 0.489258 0.273438 0.476562 0.289062 0.476562 0.291667 0.474609 0.296875 0.474609 0.311198 0.478516 0.325521 0.480469 0.329427 0.486328 0.335938 0.497070 0.341146 0.500000 0.341146 0.500977 0.342448 0.506836 0.342448 0.516602 0.335938 0.518555 0.335938 0.530273 0.326823 0.537109 0.313802 0.537109 0.311198 0.539062 0.305990 0.539062 0.299479 0.536133 0.291667 0.530273 0.286458 0.512695 0.263021 0.508789 0.260417
0 0.327148 0.226562 0.324219 0.234375 0.321289 0.246094 0.321289 0.250000 0.320312 0.251302 0.320312 0.265625 0.322266 0.270833 0.328125 0.278646 0.333984 0.282552 0.341797 0.290365 0.344727 0.290365 0.359375 0.296875 0.363281 0.296875 0.376953 0.289062 0.385742 0.278646 0.386719 0.270833 0.387695 0.269531 0.387695 0.251302 0.383789 0.240885 0.372070 0.221354 0.368164 0.218750 0.362305 0.218750 0.361328 0.217448 0.357422 0.217448 0.351562 0.214844 0.339844 0.214844 0.332031 0.220052
0 0.392578 0.259115 0.389648 0.268229 0.389648 0.278646 0.401367 0.309896 0.407227 0.320312 0.415039 0.321615 0.416016 0.322917 0.426758 0.322917 0.433594 0.319010 0.435547 0.316406 0.437500 0.316406 0.443359 0.312500 0.446289 0.308594 0.450195 0.298177 0.450195 0.282552 0.446289 0.270833 0.438477 0.256510 0.437500 0.252604 0.434570 0.248698 0.432617 0.248698 0.431641 0.247396 0.425781 0.247396 0.424805 0.246094 0.409180 0.246094 0.408203 0.247396 0.404297 0.247396 0.400391 0.251302 0.397461 0.252604
0 0.383789 0.290365 0.377930 0.290365 0.375000 0.292969 0.370117 0.294271 0.348633 0.309896 0.344727 0.315104 0.340820 0.329427 0.339844 0.342448 0.341797 0.348958 0.346680 0.355469 0.347656 0.355469 0.351562 0.360677 0.351562 0.361979 0.354492 0.363281 0.356445 0.365885 0.363281 0.367188 0.367188 0.371094 0.372070 0.373698 0.378906 0.372396 0.390625 0.361979 0.392578 0.356771 0.396484 0.352865 0.400391 0.341146 0.400391 0.324219 0.398438 0.321615 0.397461 0.313802 0.394531 0.309896 0.393555 0.305990 0.390625 0.302083 0.388672 0.296875
0 0.314453 0.259115 0.312500 0.260417 0.301758 0.261719 0.291992 0.266927 0.278320 0.282552 0.278320 0.286458 0.277344 0.287760 0.278320 0.290365 0.278320 0.309896 0.280273 0.313802 0.281250 0.320312 0.288086 0.329427 0.294922 0.334635 0.301758 0.342448 0.315430 0.343750 0.316406 0.342448 0.327148 0.341146 0.339844 0.326823 0.341797 0.319010 0.341797 0.311198 0.342773 0.308594 0.336914 0.292969 0.326172 0.278646 0.326172 0.277344 0.323242 0.274740 0.319336 0.268229 0.318359 0.263021
0 0.456055 0.315104 0.447266 0.313802 0.444336 0.316406 0.442383 0.316406 0.440430 0.319010 0.431641 0.324219 0.429688 0.326823 0.425781 0.329427 0.423828 0.329427 0.413086 0.339844 0.413086 0.342448 0.412109 0.343750 0.412109 0.351562 0.413086 0.352865 0.416016 0.372396 0.419922 0.381510 0.425781 0.389323 0.433594 0.394531 0.442383 0.394531 0.443359 0.393229 0.446289 0.393229 0.447266 0.391927 0.452148 0.390625 0.465820 0.377604 0.467773 0.377604 0.470703 0.372396 0.470703 0.352865 0.471680 0.351562 0.471680 0.343750 0.470703 0.342448 0.469727 0.334635 0.466797 0.326823 0.459961 0.317708
0 0.507812 0.348958 0.501953 0.352865 0.498047 0.358073 0.495117 0.367188 0.495117 0.385417 0.494141 0.388021 0.495117 0.389323 0.495117 0.395833 0.496094 0.397135 0.497070 0.410156 0.501953 0.419271 0.505859 0.424479 0.509766 0.427083 0.513672 0.427083 0.516602 0.429688 0.530273 0.429688 0.531250 0.428385 0.533203 0.428385 0.539062 0.424479 0.544922 0.416667 0.547852 0.408854 0.547852 0.406250 0.548828 0.404948 0.548828 0.375000 0.547852 0.373698 0.547852 0.371094 0.546875 0.368490 0.536133 0.355469 0.527344 0.348958 0.525391 0.348958 0.521484 0.346354 0.519531 0.346354 0.518555 0.347656 0.513672 0.347656 0.512695 0.348958
0 0.552734 0.328125 0.549805 0.333333 0.547852 0.341146 0.544922 0.347656 0.544922 0.355469 0.545898 0.359375 0.551758 0.371094 0.552734 0.371094 0.559570 0.380208 0.559570 0.381510 0.570312 0.388021 0.576172 0.393229 0.579102 0.394531 0.596680 0.394531 0.598633 0.393229 0.600586 0.388021 0.607422 0.377604 0.611328 0.363281 0.611328 0.346354 0.606445 0.333333 0.599609 0.325521 0.594727 0.322917 0.590820 0.319010 0.586914 0.317708 0.583984 0.313802 0.581055 0.312500 0.578125 0.312500 0.569336 0.317708 0.561523 0.320312
0 0.270508 0.305990 0.268555 0.305990 0.267578 0.304688 0.259766 0.304688 0.258789 0.305990 0.254883 0.305990 0.250000 0.308594 0.238281 0.309896 0.237305 0.311198 0.234375 0.311198 0.231445 0.313802 0.229492 0.313802 0.224609 0.319010 0.224609 0.321615 0.222656 0.324219 0.222656 0.326823 0.221680 0.328125 0.221680 0.337240 0.222656 0.338542 0.223633 0.347656 0.229492 0.364583 0.237305 0.375000 0.239258 0.375000 0.240234 0.376302 0.250977 0.375000 0.254883 0.372396 0.264648 0.369792 0.267578 0.367188 0.269531 0.367188 0.273438 0.364583 0.275391 0.361979 0.276367 0.355469 0.277344 0.354167 0.277344 0.350260 0.278320 0.348958 0.278320 0.346354 0.280273 0.341146 0.280273 0.337240 0.281250 0.335938 0.281250 0.325521 0.279297 0.320312
0 0.311523 0.347656 0.301758 0.346354 0.298828 0.348958 0.292969 0.350260 0.286133 0.354167 0.281250 0.359375 0.277344 0.367188 0.274414 0.369792 0.270508 0.376302 0.270508 0.397135 0.271484 0.398438 0.273438 0.415365 0.280273 0.428385 0.291992 0.434896 0.302734 0.434896 0.303711 0.433594 0.306641 0.433594 0.319336 0.424479 0.321289 0.417969 0.321289 0.411458 0.322266 0.410156 0.322266 0.404948 0.324219 0.397135 0.324219 0.375000 0.325195 0.373698 0.325195 0.367188 0.320312 0.358073
0 0.340820 0.377604 0.335938 0.382812 0.334961 0.386719 0.327148 0.401042 0.323242 0.411458 0.323242 0.421875 0.328125 0.433594 0.332031 0.437500 0.343750 0.445312 0.345703 0.445312 0.347656 0.447917 0.360352 0.455729 0.366211 0.455729 0.377930 0.449219 0.385742 0.440104 0.386719 0.434896 0.388672 0.430990 0.388672 0.421875 0.389648 0.420573 0.388672 0.417969 0.388672 0.403646 0.384766 0.388021 0.381836 0.382812 0.379883 0.381510 0.375000 0.381510 0.373047 0.378906 0.367188 0.376302 0.362305 0.376302 0.361328 0.375000 0.346680 0.375000
0 0.411133 0.415365 0.410156 0.416667 0.405273 0.417969 0.399414 0.423177 0.394531 0.432292 0.379883 0.450521 0.381836 0.470052 0.388672 0.483073 0.396484 0.488281 0.398438 0.488281 0.399414 0.489583 0.409180 0.489583 0.414062 0.492188 0.422852 0.492188 0.425781 0.486979 0.433594 0.477865 0.440430 0.464844 0.442383 0.459635 0.442383 0.451823 0.443359 0.450521 0.442383 0.441406 0.438477 0.428385 0.429688 0.419271 0.424805 0.416667 0.421875 0.416667 0.420898 0.415365
0 0.476562 0.386719 0.469727 0.386719 0.465820 0.390625 0.462891 0.390625 0.461914 0.391927 0.454102 0.391927 0.452148 0.393229 0.443359 0.411458 0.442383 0.424479 0.444336 0.428385 0.448242 0.445312 0.450195 0.449219 0.451172 0.457031 0.454102 0.464844 0.458008 0.468750 0.471680 0.468750 0.472656 0.467448 0.479492 0.467448 0.484375 0.464844 0.490234 0.458333 0.496094 0.441406 0.496094 0.436198 0.498047 0.430990 0.498047 0.425781 0.497070 0.424479 0.495117 0.414062 0.492188 0.407552 0.492188 0.403646 0.490234 0.398438 0.486328 0.393229
0 0.506836 0.441406 0.503906 0.445312 0.501953 0.450521 0.497070 0.457031 0.493164 0.459635 0.493164 0.460938 0.490234 0.464844 0.490234 0.467448 0.491211 0.468750 0.491211 0.480469 0.492188 0.481771 0.494141 0.496094 0.501953 0.506510 0.503906 0.506510 0.511719 0.511719 0.519531 0.513021 0.528320 0.520833 0.532227 0.519531 0.539062 0.511719 0.542969 0.502604 0.542969 0.497396 0.543945 0.496094 0.543945 0.484375 0.542969 0.483073 0.542969 0.454427 0.537109 0.447917 0.526367 0.441406 0.514648 0.440104 0.513672 0.438802
0 0.560547 0.397135 0.559570 0.398438 0.559570 0.401042 0.549805 0.415365 0.548828 0.419271 0.545898 0.423177 0.544922 0.423177 0.544922 0.430990 0.541992 0.440104 0.545898 0.450521 0.545898 0.454427 0.547852 0.459635 0.556641 0.470052 0.564453 0.471354 0.572266 0.475260 0.579102 0.475260 0.585938 0.466146 0.587891 0.459635 0.592773 0.451823 0.597656 0.440104 0.600586 0.436198 0.600586 0.433594 0.601562 0.432292 0.601562 0.424479 0.599609 0.421875 0.597656 0.415365 0.593750 0.407552 0.589844 0.404948 0.585938 0.404948 0.584961 0.403646 0.580078 0.402344 0.572266 0.397135
0 0.626953 0.342448 0.619141 0.346354 0.616211 0.350260 0.616211 0.352865 0.614258 0.358073 0.614258 0.361979 0.612305 0.365885 0.610352 0.376302 0.607422 0.381510 0.606445 0.394531 0.607422 0.395833 0.607422 0.401042 0.608398 0.403646 0.619141 0.417969 0.628906 0.424479 0.638672 0.425781 0.639648 0.424479 0.642578 0.424479 0.655273 0.412760 0.657227 0.406250 0.660156 0.402344 0.662109 0.397135 0.664062 0.375000 0.662109 0.368490 0.651367 0.354167 0.643555 0.346354 0.638672 0.345052 0.637695 0.343750
0 0.608398 0.430990 0.604492 0.434896 0.593750 0.454427 0.587891 0.472656 0.587891 0.479167 0.590820 0.485677 0.591797 0.492188 0.596680 0.497396 0.602539 0.501302 0.607422 0.502604 0.614258 0.507812 0.622070 0.507812 0.629883 0.501302 0.647461 0.479167 0.651367 0.471354 0.650391 0.468750 0.650391 0.463542 0.647461 0.455729 0.647461 0.453125 0.643555 0.445312 0.637695 0.437500 0.634766 0.436198 0.632812 0.433594 0.626953 0.432292 0.625977 0.430990 0.621094 0.430990 0.620117 0.429688
0 0.697266 0.406250 0.693359 0.406250 0.692383 0.404948 0.681641 0.404948 0.680664 0.406250 0.676758 0.406250 0.675781 0.407552 0.672852 0.407552 0.666992 0.411458 0.665039 0.411458 0.661133 0.415365 0.658203 0.415365 0.655273 0.419271 0.655273 0.423177 0.652344 0.427083 0.649414 0.434896 0.647461 0.447917 0.649414 0.453125 0.649414 0.457031 0.652344 0.463542 0.652344 0.466146 0.657227 0.473958 0.665039 0.479167 0.667969 0.479167 0.671875 0.481771 0.677734 0.481771 0.678711 0.480469 0.685547 0.479167 0.706055 0.463542 0.708008 0.459635 0.708008 0.453125 0.708984 0.451823 0.709961 0.441406 0.710938 0.440104 0.709961 0.427083 0.707031 0.416667 0.702148 0.410156
0 0.250000 0.381510 0.243164 0.385417 0.236328 0.386719 0.227539 0.393229 0.224609 0.397135 0.219727 0.410156 0.219727 0.417969 0.215820 0.429688 0.223633 0.447917 0.233398 0.462240 0.238281 0.463542 0.241211 0.466146 0.246094 0.466146 0.254883 0.470052 0.259766 0.470052 0.267578 0.463542 0.272461 0.455729 0.275391 0.444010 0.275391 0.437500 0.274414 0.436198 0.274414 0.430990 0.275391 0.429688 0.268555 0.412760 0.267578 0.407552 0.262695 0.397135 0.260742 0.386719 0.254883 0.381510
0 0.340820 0.446615 0.323242 0.468750 0.323242 0.485677 0.324219 0.486979 0.324219 0.489583 0.327148 0.496094 0.331055 0.501302 0.334961 0.503906 0.337891 0.507812 0.339844 0.507812 0.340820 0.509115 0.360352 0.509115 0.362305 0.507812 0.372070 0.494792 0.372070 0.493490 0.374023 0.490885 0.375000 0.483073 0.375977 0.481771 0.375977 0.476562 0.376953 0.475260 0.376953 0.460938 0.374023 0.455729 0.370117 0.455729 0.369141 0.457031 0.360352 0.457031 0.359375 0.455729 0.354492 0.454427 0.344727 0.446615
0 0.384766 0.486979 0.375000 0.498698 0.372070 0.507812 0.372070 0.526042 0.374023 0.532552 0.374023 0.545573 0.375977 0.550781 0.378906 0.553385 0.383789 0.554688 0.392578 0.562500 0.396484 0.562500 0.401367 0.565104 0.414062 0.565104 0.415039 0.563802 0.419922 0.562500 0.421875 0.559896 0.421875 0.529948 0.419922 0.523438 0.419922 0.506510 0.418945 0.503906 0.412109 0.493490 0.408203 0.490885 0.401367 0.490885 0.400391 0.492188 0.398438 0.492188 0.397461 0.490885 0.393555 0.490885 0.389648 0.485677
0 0.479492 0.484375 0.473633 0.477865 0.469727 0.476562 0.465820 0.472656 0.463867 0.472656 0.459961 0.470052 0.453125 0.468750 0.452148 0.470052 0.447266 0.471354 0.442383 0.477865 0.437500 0.481771 0.433594 0.486979 0.429688 0.489583 0.422852 0.498698 0.422852 0.501302 0.421875 0.502604 0.421875 0.514323 0.420898 0.515625 0.420898 0.518229 0.421875 0.519531 0.421875 0.527344 0.423828 0.531250 0.430664 0.536458 0.437500 0.537760 0.445312 0.541667 0.452148 0.541667 0.453125 0.540365 0.459961 0.541667 0.460938 0.540365 0.462891 0.540365 0.464844 0.536458 0.471680 0.528646 0.481445 0.510417 0.482422 0.494792
0 0.521484 0.516927 0.519531 0.516927 0.515625 0.514323 0.507812 0.513021 0.506836 0.511719 0.493164 0.513021 0.487305 0.516927 0.485352 0.516927 0.484375 0.518229 0.484375 0.522135 0.478516 0.527344 0.474609 0.532552 0.474609 0.537760 0.472656 0.542969 0.472656 0.549479 0.471680 0.550781 0.472656 0.563802 0.479492 0.582031 0.483398 0.587240 0.491211 0.591146 0.503906 0.591146 0.506836 0.588542 0.508789 0.588542 0.510742 0.585938 0.523438 0.576823 0.526367 0.572917 0.526367 0.570312 0.527344 0.569010 0.527344 0.561198 0.528320 0.559896 0.528320 0.554688 0.529297 0.553385 0.529297 0.545573 0.528320 0.544271 0.528320 0.535156 0.526367 0.529948 0.525391 0.522135
0 0.572266 0.501302 0.569336 0.505208 0.566406 0.506510 0.561523 0.513021 0.560547 0.516927 0.560547 0.529948 0.563477 0.533854 0.563477 0.540365 0.566406 0.542969 0.561523 0.558594 0.563477 0.561198 0.564453 0.565104 0.565430 0.565104 0.569336 0.571615 0.577148 0.578125 0.583008 0.580729 0.586914 0.580729 0.590820 0.583333 0.597656 0.583333 0.604492 0.579427 0.608398 0.572917 0.609375 0.566406 0.613281 0.558594 0.613281 0.554688 0.620117 0.535156 0.620117 0.526042 0.619141 0.522135 0.616211 0.516927 0.607422 0.506510 0.600586 0.505208 0.599609 0.503906 0.595703 0.506510 0.591797 0.500000 0.585938 0.500000 0.583008 0.497396 0.582031 0.498698
0 0.661133 0.479167 0.658203 0.484375 0.652344 0.488281 0.647461 0.489583 0.635742 0.501302 0.634766 0.507812 0.628906 0.516927 0.626953 0.516927 0.626953 0.520833 0.627930 0.522135 0.626953 0.528646 0.627930 0.531250 0.633789 0.537760 0.635742 0.544271 0.638672 0.545573 0.641602 0.550781 0.653320 0.559896 0.660156 0.559896 0.661133 0.558594 0.677734 0.559896 0.682617 0.554688 0.685547 0.546875 0.690430 0.541667 0.692383 0.535156 0.692383 0.526042 0.686523 0.510417 0.672852 0.484375
0 0.693359 0.476562 0.691406 0.480469 0.688477 0.481771 0.690430 0.484375 0.690430 0.486979 0.687500 0.490885 0.686523 0.498698 0.685547 0.500000 0.685547 0.505208 0.692383 0.520833 0.695312 0.542969 0.696289 0.544271 0.699219 0.544271 0.704102 0.546875 0.708984 0.546875 0.709961 0.548177 0.718750 0.548177 0.719727 0.546875 0.723633 0.546875 0.730469 0.542969 0.732422 0.537760 0.734375 0.536458 0.741211 0.526042 0.746094 0.513021 0.746094 0.506510 0.739258 0.497396 0.735352 0.494792 0.731445 0.489583 0.723633 0.484375 0.711914 0.472656 0.708008 0.471354 0.701172 0.475260
0 0.151367 0.386719 0.149414 0.388021 0.149414 0.389323 0.147461 0.390625 0.145508 0.394531 0.137695 0.403646 0.133789 0.411458 0.132812 0.424479 0.134766 0.430990 0.140625 0.441406 0.153320 0.459635 0.154297 0.463542 0.159180 0.467448 0.164062 0.467448 0.165039 0.466146 0.167969 0.466146 0.168945 0.467448 0.177734 0.467448 0.179688 0.464844 0.187500 0.460938 0.191406 0.454427 0.191406 0.425781 0.190430 0.424479 0.190430 0.416667 0.186523 0.408854 0.185547 0.408854 0.172852 0.393229 0.168945 0.390625 0.165039 0.385417 0.154297 0.385417 0.153320 0.386719
0 0.103516 0.444010 0.100586 0.447917 0.100586 0.462240 0.102539 0.467448 0.102539 0.471354 0.103516 0.472656 0.104492 0.480469 0.109375 0.489583 0.119141 0.501302 0.121094 0.502604 0.142578 0.502604 0.145508 0.500000 0.145508 0.493490 0.144531 0.492188 0.146484 0.489583 0.148438 0.490885 0.150391 0.490885 0.151367 0.489583 0.158203 0.489583 0.160156 0.485677 0.160156 0.476562 0.159180 0.475260 0.160156 0.473958 0.160156 0.471354 0.159180 0.468750 0.154297 0.466146 0.152344 0.463542 0.151367 0.458333 0.146484 0.451823 0.146484 0.450521 0.137695 0.438802 0.134766 0.437500 0.132812 0.434896 0.124023 0.434896 0.123047 0.433594 0.121094 0.434896 0.116211 0.434896 0.107422 0.440104 0.104492 0.444010
0 0.221680 0.459635 0.209961 0.459635 0.208984 0.458333 0.208008 0.459635 0.201172 0.459635 0.191406 0.466146 0.190430 0.468750 0.186523 0.471354 0.183594 0.476562 0.178711 0.480469 0.173828 0.486979 0.172852 0.490885 0.172852 0.514323 0.173828 0.515625 0.173828 0.519531 0.180664 0.541667 0.185547 0.546875 0.197266 0.545573 0.225586 0.527344 0.233398 0.520833 0.234375 0.518229 0.234375 0.501302 0.236328 0.497396 0.236328 0.494792 0.234375 0.490885 0.233398 0.484375 0.229492 0.476562 0.230469 0.470052 0.228516 0.466146
0 0.166016 0.503906 0.153320 0.507812 0.150391 0.510417 0.145508 0.511719 0.131836 0.527344 0.125000 0.545573 0.122070 0.549479 0.122070 0.555990 0.125977 0.563802 0.126953 0.572917 0.130859 0.580729 0.134766 0.585938 0.139648 0.587240 0.145508 0.592448 0.147461 0.592448 0.152344 0.596354 0.159180 0.596354 0.162109 0.593750 0.174805 0.588542 0.176758 0.584635 0.180664 0.580729 0.182617 0.575521 0.181641 0.565104 0.179688 0.558594 0.179688 0.546875 0.178711 0.545573 0.178711 0.541667 0.172852 0.523438 0.172852 0.520833 0.170898 0.516927 0.169922 0.507812
0 0.249023 0.481771 0.239258 0.498698 0.239258 0.503906 0.238281 0.505208 0.238281 0.524740 0.239258 0.526042 0.239258 0.531250 0.243164 0.539062 0.249023 0.544271 0.283203 0.544271 0.284180 0.542969 0.286133 0.542969 0.294922 0.531250 0.294922 0.527344 0.296875 0.523438 0.296875 0.515625 0.291992 0.498698 0.289062 0.494792 0.280273 0.486979 0.273438 0.484375 0.268555 0.480469 0.265625 0.480469 0.262695 0.485677 0.258789 0.485677 0.257812 0.486979 0.254883 0.486979 0.252930 0.484375 0.252930 0.481771 0.251953 0.480469
0 0.224609 0.532552 0.216797 0.540365 0.213867 0.541667 0.208984 0.548177 0.202148 0.554688 0.200195 0.559896 0.199219 0.570312 0.202148 0.578125 0.211914 0.593750 0.216797 0.604167 0.224609 0.614583 0.226562 0.614583 0.228516 0.617188 0.232422 0.618490 0.233398 0.617188 0.235352 0.617188 0.239258 0.613281 0.242188 0.608073 0.249023 0.604167 0.257812 0.589844 0.256836 0.585938 0.259766 0.579427 0.260742 0.569010 0.256836 0.561198 0.251953 0.554688 0.250000 0.549479 0.238281 0.535156 0.236328 0.533854
0 0.189453 0.589844 0.184570 0.589844 0.180664 0.592448 0.175781 0.592448 0.168945 0.596354 0.166016 0.596354 0.162109 0.600260 0.158203 0.601562 0.153320 0.610677 0.153320 0.614583 0.152344 0.615885 0.153320 0.618490 0.153320 0.622396 0.157227 0.631510 0.169922 0.651042 0.169922 0.652344 0.176758 0.661458 0.178711 0.662760 0.187500 0.662760 0.197266 0.657552 0.199219 0.654948 0.202148 0.653646 0.207031 0.647135 0.207031 0.645833 0.213867 0.636719 0.215820 0.636719 0.216797 0.634115 0.216797 0.631510 0.213867 0.625000 0.213867 0.621094 0.211914 0.618490 0.210938 0.614583 0.203125 0.604167 0.198242 0.600260
0 0.340820 0.528646 0.336914 0.527344 0.333008 0.520833 0.328125 0.520833 0.327148 0.519531 0.322266 0.519531 0.321289 0.518229 0.315430 0.518229 0.313477 0.516927 0.312500 0.518229 0.310547 0.518229 0.301758 0.531250 0.299805 0.531250 0.294922 0.535156 0.292969 0.539062 0.286133 0.545573 0.286133 0.549479 0.285156 0.550781 0.285156 0.569010 0.287109 0.575521 0.291016 0.583333 0.297852 0.589844 0.303711 0.589844 0.304688 0.591146 0.315430 0.591146 0.316406 0.592448 0.321289 0.591146 0.324219 0.587240 0.326172 0.587240 0.329102 0.583333 0.331055 0.583333 0.337891 0.572917 0.341797 0.570312 0.343750 0.565104 0.343750 0.552083 0.342773 0.550781 0.342773 0.545573 0.343750 0.544271 0.344727 0.537760 0.343750 0.536458 0.343750 0.533854
0 0.279297 0.595052 0.275391 0.597656 0.267578 0.606771 0.261719 0.619792 0.261719 0.623698 0.260742 0.625000 0.260742 0.644531 0.261719 0.645833 0.261719 0.648438 0.266602 0.656250 0.271484 0.657552 0.274414 0.660156 0.276367 0.660156 0.291992 0.667969 0.294922 0.667969 0.295898 0.669271 0.302734 0.669271 0.308594 0.665365 0.314453 0.657552 0.315430 0.653646 0.318359 0.649740 0.319336 0.647135 0.319336 0.641927 0.321289 0.638021 0.321289 0.632812 0.322266 0.631510 0.321289 0.630208 0.321289 0.626302 0.323242 0.625000 0.324219 0.622396 0.322266 0.613281 0.311523 0.600260 0.311523 0.596354 0.310547 0.595052 0.308594 0.595052 0.307617 0.593750 0.300781 0.593750 0.299805 0.592448 0.295898 0.592448 0.294922 0.591146 0.291016 0.593750
0 0.353516 0.565104 0.350586 0.569010 0.344727 0.572917 0.338867 0.580729 0.337891 0.580729 0.333008 0.588542 0.333008 0.591146 0.329102 0.597656 0.329102 0.600260 0.325195 0.608073 0.325195 0.613281 0.328125 0.623698 0.328125 0.627604 0.333008 0.639323 0.336914 0.644531 0.345703 0.649740 0.352539 0.656250 0.358398 0.656250 0.371094 0.648438 0.376953 0.636719 0.377930 0.627604 0.376953 0.626302 0.376953 0.621094 0.375977 0.619792 0.375977 0.598958 0.378906 0.591146 0.375977 0.584635 0.375977 0.575521 0.373047 0.574219 0.371094 0.570312 0.369141 0.570312 0.362305 0.565104
0 0.412109 0.569010 0.402344 0.569010 0.400391 0.571615 0.394531 0.574219 0.388672 0.583333 0.385742 0.584635 0.382812 0.597656 0.380859 0.600260 0.378906 0.606771 0.378906 0.621094 0.387695 0.641927 0.391602 0.647135 0.400391 0.653646 0.406250 0.653646 0.416992 0.645833 0.432617 0.631510 0.435547 0.630208 0.439453 0.623698 0.440430 0.593750 0.438477 0.588542 0.436523 0.591146 0.436523 0.596354 0.433594 0.597656 0.431641 0.595052 0.431641 0.589844 0.428711 0.584635 0.421875 0.583333 0.418945 0.580729 0.420898 0.578125 0.427734 0.575521 0.421875 0.574219
0 0.395508 0.656250 0.391602 0.666667 0.391602 0.686198 0.392578 0.687500 0.394531 0.696615 0.402344 0.701823 0.404297 0.704427 0.406250 0.704427 0.413086 0.709635 0.417969 0.709635 0.418945 0.710938 0.421875 0.710938 0.425781 0.713542 0.429688 0.712240 0.431641 0.708333 0.442383 0.695312 0.442383 0.694010 0.445312 0.690104 0.452148 0.669271 0.451172 0.664062 0.448242 0.660156 0.431641 0.653646 0.423828 0.648438 0.421875 0.645833 0.418945 0.645833 0.416992 0.648438 0.407227 0.654948 0.397461 0.654948
0 0.369141 0.722656 0.369141 0.729167 0.368164 0.730469 0.368164 0.742188 0.369141 0.743490 0.369141 0.746094 0.375000 0.757812 0.378906 0.763021 0.386719 0.769531 0.388672 0.769531 0.389648 0.770833 0.396484 0.770833 0.397461 0.772135 0.405273 0.772135 0.410156 0.769531 0.410156 0.768229 0.416016 0.760417 0.416016 0.759115 0.419922 0.755208 0.422852 0.747396 0.422852 0.744792 0.424805 0.739583 0.425781 0.729167 0.426758 0.727865 0.426758 0.725260 0.423828 0.716146 0.421875 0.714844 0.416992 0.714844 0.410156 0.710938 0.407227 0.710938 0.406250 0.712240 0.395508 0.712240 0.394531 0.710938 0.389648 0.710938 0.388672 0.709635 0.384766 0.710938 0.382812 0.713542 0.381836 0.725260 0.376953 0.730469 0.373047 0.725260 0.373047 0.721354
0 0.419922 0.757812 0.414062 0.765625 0.410156 0.774740 0.410156 0.778646 0.409180 0.779948 0.409180 0.789062 0.410156 0.790365 0.411133 0.795573 0.417969 0.805990 0.425781 0.811198 0.427734 0.813802 0.429688 0.813802 0.430664 0.815104 0.435547 0.815104 0.442383 0.819010 0.449219 0.816406 0.458984 0.804688 0.459961 0.800781 0.464844 0.792969 0.465820 0.785156 0.466797 0.783854 0.466797 0.777344 0.467773 0.776042 0.466797 0.769531 0.463867 0.766927 0.459961 0.766927 0.458984 0.765625 0.453125 0.765625 0.452148 0.764323 0.450195 0.764323 0.443359 0.760417 0.439453 0.760417 0.438477 0.759115 0.435547 0.759115 0.434570 0.757812 0.431641 0.757812 0.430664 0.756510 0.427734 0.756510 0.426758 0.755208 0.425781 0.756510 0.421875 0.756510
0 0.561523 0.580729 0.557617 0.578125 0.544922 0.579427 0.543945 0.580729 0.540039 0.580729 0.539062 0.582031 0.534180 0.582031 0.533203 0.580729 0.530273 0.584635 0.523438 0.583333 0.519531 0.587240 0.515625 0.588542 0.512695 0.591146 0.509766 0.591146 0.506836 0.595052 0.505859 0.595052 0.504883 0.596354 0.504883 0.600260 0.506836 0.604167 0.507812 0.611979 0.510742 0.619792 0.510742 0.627604 0.512695 0.634115 0.520508 0.641927 0.522461 0.641927 0.523438 0.643229 0.531250 0.643229 0.532227 0.641927 0.539062 0.640625 0.542969 0.638021 0.545898 0.638021 0.551758 0.634115 0.556641 0.634115 0.562500 0.630208 0.565430 0.621094 0.565430 0.604167 0.564453 0.602865 0.563477 0.588542 0.562500 0.587240
0 0.500000 0.626302 0.497070 0.631510 0.494141 0.632812 0.495117 0.641927 0.491211 0.645833 0.489258 0.645833 0.486328 0.643229 0.485352 0.644531 0.485352 0.653646 0.489258 0.669271 0.489258 0.683594 0.490234 0.684896 0.492188 0.699219 0.500000 0.708333 0.509766 0.709635 0.513672 0.712240 0.521484 0.712240 0.529297 0.707031 0.532227 0.700521 0.537109 0.695312 0.540039 0.687500 0.541016 0.680990 0.544922 0.674479 0.544922 0.669271 0.541992 0.665365 0.540039 0.657552 0.532227 0.645833 0.519531 0.643229 0.508789 0.631510 0.508789 0.626302
0 0.472656 0.709635 0.465820 0.720052 0.465820 0.744792 0.468750 0.753906 0.472656 0.759115 0.479492 0.761719 0.480469 0.763021 0.482422 0.763021 0.483398 0.764323 0.485352 0.764323 0.486328 0.765625 0.490234 0.765625 0.491211 0.766927 0.494141 0.766927 0.495117 0.768229 0.498047 0.768229 0.499023 0.769531 0.501953 0.769531 0.502930 0.770833 0.507812 0.770833 0.511719 0.768229 0.515625 0.763021 0.518555 0.755208 0.518555 0.752604 0.520508 0.747396 0.520508 0.743490 0.521484 0.742188 0.521484 0.738281 0.523438 0.733073 0.523438 0.727865 0.519531 0.721354 0.519531 0.720052 0.509766 0.713542 0.503906 0.712240 0.502930 0.710938 0.493164 0.710938 0.492188 0.709635
0 0.496094 0.773438 0.495117 0.776042 0.488281 0.783854 0.488281 0.786458 0.486328 0.790365 0.487305 0.805990 0.494141 0.832031 0.500977 0.841146 0.507812 0.847656 0.524414 0.856771 0.533203 0.858073 0.537109 0.852865 0.539062 0.847656 0.546875 0.834635 0.547852 0.825521 0.548828 0.824219 0.547852 0.822917 0.547852 0.819010 0.544922 0.813802 0.541016 0.795573 0.532227 0.772135 0.530273 0.770833 0.524414 0.772135 0.519531 0.769531 0.513672 0.769531 0.504883 0.773438 0.501953 0.776042 0.500000 0.776042 0.499023 0.773438
0 0.714844 0.555990 0.711914 0.562500 0.711914 0.567708 0.712891 0.570312 0.711914 0.571615 0.709961 0.582031 0.707031 0.585938 0.708008 0.589844 0.705078 0.595052 0.705078 0.600260 0.707031 0.605469 0.715820 0.614583 0.717773 0.614583 0.723633 0.618490 0.725586 0.621094 0.727539 0.621094 0.731445 0.625000 0.733398 0.625000 0.734375 0.626302 0.743164 0.626302 0.747070 0.623698 0.753906 0.622396 0.759766 0.617188 0.763672 0.606771 0.763672 0.597656 0.764648 0.596354 0.763672 0.595052 0.763672 0.587240 0.761719 0.580729 0.761719 0.575521 0.760742 0.574219 0.759766 0.565104 0.737305 0.549479 0.728516 0.549479 0.727539 0.550781 0.717773 0.553385
0 0.624023 0.553385 0.621094 0.557292 0.618164 0.558594 0.613281 0.565104 0.607422 0.579427 0.607422 0.584635 0.606445 0.585938 0.607422 0.587240 0.607422 0.598958 0.611328 0.609375 0.613281 0.611979 0.616211 0.613281 0.619141 0.617188 0.625977 0.621094 0.633789 0.628906 0.639648 0.632812 0.645508 0.632812 0.647461 0.630208 0.652344 0.627604 0.655273 0.623698 0.656250 0.623698 0.662109 0.611979 0.663086 0.592448 0.662109 0.591146 0.662109 0.585938 0.661133 0.584635 0.660156 0.575521 0.654297 0.563802 0.646484 0.558594 0.644531 0.558594 0.640625 0.554688 0.638672 0.554688 0.637695 0.553385
0 0.571289 0.585938 0.569336 0.591146 0.566406 0.595052 0.566406 0.601562 0.567383 0.602865 0.567383 0.618490 0.566406 0.619792 0.565430 0.628906 0.561523 0.635417 0.561523 0.643229 0.563477 0.645833 0.567383 0.658854 0.570312 0.661458 0.577148 0.661458 0.582031 0.664062 0.595703 0.664062 0.613281 0.653646 0.617188 0.648438 0.617188 0.636719 0.618164 0.635417 0.618164 0.630208 0.619141 0.628906 0.619141 0.622396 0.617188 0.618490 0.609375 0.609375 0.603516 0.606771 0.602539 0.605469 0.602539 0.601562 0.599609 0.596354 0.595703 0.595052 0.590820 0.591146 0.588867 0.591146 0.580078 0.584635 0.574219 0.584635 0.573242 0.585938
0 0.666992 0.593750 0.665039 0.596354 0.666016 0.600260 0.665039 0.601562 0.665039 0.605469 0.662109 0.613281 0.662109 0.615885 0.656250 0.627604 0.656250 0.640625 0.655273 0.643229 0.657227 0.649740 0.661133 0.654948 0.661133 0.656250 0.664062 0.658854 0.672852 0.658854 0.673828 0.660156 0.693359 0.660156 0.694336 0.658854 0.697266 0.658854 0.699219 0.656250 0.702148 0.654948 0.707031 0.648438 0.708008 0.645833 0.708008 0.640625 0.708984 0.639323 0.708984 0.625000 0.708008 0.623698 0.708008 0.619792 0.703125 0.606771 0.696289 0.597656 0.688477 0.592448 0.679688 0.591146 0.678711 0.589844 0.673828 0.589844 0.670898 0.592448
0 0.726562 0.622396 0.717773 0.622396 0.715820 0.623698 0.710938 0.630208 0.710938 0.638021 0.709961 0.639323 0.708984 0.648438 0.705078 0.656250 0.702148 0.658854 0.702148 0.664062 0.700195 0.665365 0.698242 0.662760 0.696289 0.662760 0.694336 0.664062 0.692383 0.667969 0.692383 0.671875 0.691406 0.673177 0.694336 0.677083 0.694336 0.678385 0.700195 0.686198 0.701172 0.686198 0.708008 0.694010 0.709961 0.694010 0.710938 0.695312 0.718750 0.695312 0.720703 0.696615 0.721680 0.695312 0.727539 0.695312 0.728516 0.694010 0.731445 0.694010 0.734375 0.691406 0.736328 0.691406 0.741211 0.684896 0.744141 0.683594 0.747070 0.678385 0.748047 0.656250 0.747070 0.654948 0.747070 0.649740 0.746094 0.648438 0.745117 0.641927 0.739258 0.630208 0.733398 0.626302 0.731445 0.626302
0 0.633789 0.635417 0.632812 0.636719 0.629883 0.636719 0.626953 0.639323 0.622070 0.645833 0.621094 0.645833 0.616211 0.653646 0.602539 0.665365 0.598633 0.670573 0.598633 0.674479 0.600586 0.679688 0.605469 0.687500 0.606445 0.691406 0.610352 0.695312 0.612305 0.695312 0.624023 0.704427 0.629883 0.705729 0.635742 0.709635 0.638672 0.709635 0.645508 0.704427 0.660156 0.686198 0.660156 0.683594 0.662109 0.679688 0.662109 0.677083 0.664062 0.671875 0.664062 0.665365 0.663086 0.664062 0.663086 0.661458 0.651367 0.644531 0.646484 0.640625 0.644531 0.640625 0.638672 0.636719 0.635742 0.636719
0 0.545898 0.680990 0.542969 0.690104 0.538086 0.699219 0.535156 0.710938 0.536133 0.712240 0.536133 0.716146 0.543945 0.734375 0.546875 0.736979 0.557617 0.752604 0.562500 0.755208 0.576172 0.755208 0.577148 0.753906 0.580078 0.753906 0.590820 0.746094 0.592773 0.746094 0.598633 0.740885 0.600586 0.736979 0.600586 0.729167 0.596680 0.721354 0.596680 0.718750 0.594727 0.716146 0.590820 0.704427 0.588867 0.701823 0.583008 0.684896 0.576172 0.674479 0.571289 0.670573 0.558594 0.670573 0.548828 0.677083
0 0.618164 0.740885 0.616211 0.746094 0.614258 0.747396 0.611328 0.744792 0.609375 0.744792 0.607422 0.740885 0.607422 0.738281 0.603516 0.735677 0.603516 0.736979 0.599609 0.740885 0.596680 0.746094 0.592773 0.747396 0.589844 0.751302 0.587891 0.751302 0.582031 0.756510 0.572266 0.757812 0.570312 0.760417 0.570312 0.768229 0.571289 0.769531 0.571289 0.772135 0.580078 0.794271 0.582031 0.796875 0.582031 0.799479 0.593750 0.813802 0.597656 0.813802 0.598633 0.812500 0.603516 0.811198 0.608398 0.805990 0.628906 0.790365 0.631836 0.785156 0.632812 0.776042 0.629883 0.768229 0.629883 0.765625 0.626953 0.759115 0.626953 0.751302
0 0.681641 0.710938 0.677734 0.713542 0.674805 0.713542 0.672852 0.712240 0.669922 0.714844 0.667969 0.714844 0.666016 0.717448 0.664062 0.717448 0.660156 0.720052 0.655273 0.720052 0.646484 0.727865 0.643555 0.727865 0.641602 0.729167 0.641602 0.731771 0.643555 0.735677 0.643555 0.739583 0.641602 0.746094 0.639648 0.748698 0.639648 0.751302 0.637695 0.753906 0.637695 0.757812 0.639648 0.760417 0.642578 0.768229 0.649414 0.773438 0.653320 0.778646 0.657227 0.781250 0.668945 0.778646 0.676758 0.773438 0.678711 0.773438 0.687500 0.766927 0.689453 0.766927 0.693359 0.763021 0.695312 0.753906 0.696289 0.752604 0.695312 0.750000 0.695312 0.744792 0.687500 0.718750 0.685547 0.714844
0 0.654297 0.782552 0.651367 0.782552 0.650391 0.781250 0.637695 0.782552 0.627930 0.794271 0.620117 0.798177 0.610352 0.809896 0.609375 0.809896 0.609375 0.811198 0.607422 0.813802 0.607422 0.820312 0.608398 0.821615 0.609375 0.826823 0.610352 0.826823 0.613281 0.832031 0.614258 0.832031 0.624023 0.842448 0.627930 0.843750 0.628906 0.845052 0.634766 0.846354 0.637695 0.848958 0.642578 0.848958 0.647461 0.843750 0.649414 0.843750 0.654297 0.839844 0.661133 0.830729 0.662109 0.828125 0.662109 0.824219 0.665039 0.815104 0.665039 0.804688 0.664062 0.803385 0.663086 0.795573 0.659180 0.786458
0 0.586914 0.812500 0.579102 0.812500 0.578125 0.813802 0.576172 0.813802 0.574219 0.816406 0.571289 0.817708 0.568359 0.821615 0.563477 0.824219 0.559570 0.828125 0.552734 0.828125 0.552734 0.829427 0.550781 0.832031 0.549805 0.832031 0.545898 0.838542 0.542969 0.846354 0.542969 0.851562 0.543945 0.854167 0.546875 0.858073 0.549805 0.859375 0.556641 0.867188 0.565430 0.873698 0.571289 0.875000 0.572266 0.876302 0.581055 0.876302 0.583984 0.871094 0.584961 0.871094 0.586914 0.868490 0.588867 0.868490 0.594727 0.861979 0.594727 0.860677 0.597656 0.856771 0.600586 0.848958 0.602539 0.846354 0.602539 0.843750 0.604492 0.839844 0.604492 0.829427 0.602539 0.826823 0.602539 0.825521 0.597656 0.819010 0.593750 0.816406 0.591797 0.816406
0 0.729492 0.777344 0.726562 0.773438 0.726562 0.772135 0.715820 0.765625 0.710938 0.769531 0.707031 0.769531 0.706055 0.770833 0.698242 0.770833 0.695312 0.768229 0.692383 0.768229 0.686523 0.772135 0.684570 0.772135 0.677734 0.778646 0.672852 0.781250 0.670898 0.783854 0.670898 0.787760 0.667969 0.794271 0.667969 0.798177 0.671875 0.808594 0.682617 0.821615 0.689453 0.826823 0.692383 0.826823 0.700195 0.833333 0.703125 0.833333 0.720703 0.821615 0.727539 0.811198 0.727539 0.808594 0.730469 0.799479 0.730469 0.783854 0.729492 0.782552
0 0.791992 0.757812 0.788086 0.753906 0.782227 0.753906 0.774414 0.746094 0.770508 0.746094 0.765625 0.743490 0.758789 0.743490 0.755859 0.740885 0.751953 0.742188 0.751953 0.747396 0.754883 0.744792 0.756836 0.747396 0.750977 0.755208 0.749023 0.750000 0.744141 0.752604 0.743164 0.759115 0.740234 0.761719 0.738281 0.766927 0.735352 0.768229 0.732422 0.774740 0.732422 0.777344 0.731445 0.778646 0.732422 0.790365 0.735352 0.795573 0.748047 0.807292 0.754883 0.808594 0.755859 0.807292 0.760742 0.805990 0.769531 0.795573 0.771484 0.795573 0.783203 0.782552 0.785156 0.782552 0.788086 0.779948 0.788086 0.770833 0.791992 0.763021
0 0.708984 0.834635 0.708984 0.839844 0.710938 0.843750 0.710938 0.846354 0.718750 0.861979 0.727539 0.869792 0.730469 0.869792 0.731445 0.871094 0.738281 0.872396 0.739258 0.873698 0.751953 0.872396 0.752930 0.871094 0.756836 0.871094 0.757812 0.869792 0.761719 0.869792 0.763672 0.868490 0.770508 0.855469 0.771484 0.850260 0.773438 0.846354 0.773438 0.834635 0.772461 0.833333 0.771484 0.816406 0.769531 0.811198 0.763672 0.807292 0.762695 0.808594 0.752930 0.809896 0.751953 0.811198 0.750977 0.809896 0.746094 0.809896 0.745117 0.808594 0.743164 0.808594 0.739258 0.803385 0.733398 0.804688 0.728516 0.812500 0.727539 0.816406 0.720703 0.825521 0.715820 0.829427 0.710938 0.830729
0 0.672852 0.817708 0.672852 0.819010 0.667969 0.824219 0.666992 0.829427 0.663086 0.832031 0.661133 0.835938 0.656250 0.841146 0.650391 0.851562 0.651367 0.852865 0.651367 0.855469 0.655273 0.861979 0.655273 0.867188 0.658203 0.876302 0.663086 0.884115 0.669922 0.890625 0.673828 0.891927 0.675781 0.894531 0.678711 0.895833 0.684570 0.902344 0.689453 0.902344 0.691406 0.899740 0.693359 0.899740 0.704102 0.893229 0.713867 0.882812 0.714844 0.860677 0.706055 0.847656 0.699219 0.841146 0.692383 0.832031 0.688477 0.830729 0.685547 0.826823 0.682617 0.825521 0.677734 0.819010
0 0.601562 0.891927 0.601562 0.898438 0.602539 0.899740 0.602539 0.902344 0.603516 0.904948 0.605469 0.906250 0.607422 0.911458 0.618164 0.924479 0.621094 0.925781 0.628906 0.934896 0.634766 0.940104 0.637695 0.940104 0.638672 0.941406 0.642578 0.941406 0.645508 0.938802 0.645508 0.937500 0.652344 0.928385 0.654297 0.923177 0.657227 0.919271 0.658203 0.915365 0.661133 0.911458 0.661133 0.908854 0.662109 0.907552 0.662109 0.895833 0.661133 0.894531 0.661133 0.891927 0.657227 0.884115 0.653320 0.889323 0.652344 0.889323 0.642578 0.878906 0.637695 0.878906 0.631836 0.875000 0.625000 0.876302 0.623047 0.878906 0.618164 0.881510 0.615234 0.885417 0.613281 0.886719 0.610352 0.886719 0.606445 0.891927 0.605469 0.890625 0.602539 0.890625
