0 0.093750 0.239583 0.084961 0.240885 0.075195 0.246094 0.074219 0.248698 0.063477 0.261719 0.059570 0.270833 0.059570 0.274740 0.055664 0.286458 0.056641 0.291667 0.058594 0.292969 0.058594 0.295573 0.053711 0.303385 0.053711 0.313802 0.054688 0.317708 0.059570 0.328125 0.065430 0.335938 0.070312 0.339844 0.080078 0.338542 0.087891 0.333333 0.093750 0.326823 0.104492 0.320312 0.107422 0.316406 0.108398 0.311198 0.110352 0.309896 0.112305 0.300781 0.115234 0.294271 0.115234 0.285156 0.114258 0.282552 0.112305 0.281250 0.111328 0.276042 0.109375 0.273438 0.108398 0.266927 0.100586 0.255208 0.099609 0.251302 0.094727 0.247396 0.096680 0.242188
0 0.108398 0.321615 0.105469 0.325521 0.104492 0.330729 0.103516 0.332031 0.103516 0.337240 0.102539 0.338542 0.102539 0.354167 0.107422 0.365885 0.116211 0.377604 0.125000 0.384115 0.135742 0.384115 0.136719 0.382812 0.139648 0.382812 0.143555 0.380208 0.146484 0.376302 0.148438 0.376302 0.150391 0.373698 0.150391 0.364583 0.146484 0.354167 0.146484 0.350260 0.145508 0.348958 0.145508 0.345052 0.144531 0.343750 0.144531 0.339844 0.143555 0.338542 0.143555 0.332031 0.140625 0.326823 0.139648 0.322917 0.137695 0.320312 0.136719 0.320312 0.133789 0.316406 0.129883 0.315104 0.128906 0.316406 0.121094 0.316406 0.120117 0.317708 0.117188 0.317708 0.116211 0.319010 0.112305 0.319010
0 0.149414 0.377604 0.147461 0.380208 0.142578 0.393229 0.142578 0.397135 0.141602 0.398438 0.141602 0.408854 0.143555 0.412760 0.143555 0.416667 0.144531 0.417969 0.144531 0.424479 0.145508 0.427083 0.153320 0.436198 0.157227 0.438802 0.159180 0.438802 0.172852 0.447917 0.177734 0.447917 0.178711 0.446615 0.180664 0.446615 0.184570 0.442708 0.192383 0.440104 0.193359 0.438802 0.190430 0.434896 0.190430 0.433594 0.192383 0.430990 0.192383 0.427083 0.187500 0.412760 0.184570 0.408854 0.182617 0.403646 0.182617 0.398438 0.181641 0.395833 0.178711 0.391927 0.174805 0.390625 0.170898 0.386719 0.159180 0.380208 0.157227 0.377604
0 0.208008 0.373698 0.204102 0.377604 0.196289 0.378906 0.188477 0.385417 0.183594 0.394531 0.183594 0.403646 0.188477 0.411458 0.189453 0.415365 0.192383 0.419271 0.194336 0.425781 0.199219 0.432292 0.199219 0.434896 0.203125 0.438802 0.206055 0.445312 0.208008 0.446615 0.216797 0.446615 0.217773 0.445312 0.220703 0.445312 0.222656 0.444010 0.224609 0.441406 0.224609 0.440104 0.230469 0.433594 0.231445 0.428385 0.234375 0.420573 0.234375 0.404948 0.229492 0.399740 0.228516 0.399740 0.224609 0.394531 0.224609 0.393229 0.220703 0.390625 0.217773 0.390625 0.216797 0.391927 0.214844 0.388021 0.214844 0.382812 0.212891 0.380208 0.212891 0.378906
0 0.239258 0.436198 0.237305 0.436198 0.235352 0.434896 0.234375 0.436198 0.230469 0.436198 0.229492 0.437500 0.227539 0.437500 0.224609 0.442708 0.223633 0.442708 0.219727 0.446615 0.216797 0.446615 0.215820 0.447917 0.208984 0.447917 0.208008 0.446615 0.206055 0.446615 0.201172 0.440104 0.196289 0.440104 0.195312 0.442708 0.195312 0.457031 0.196289 0.458333 0.196289 0.462240 0.197266 0.463542 0.197266 0.466146 0.198242 0.468750 0.202148 0.473958 0.203125 0.473958 0.208008 0.479167 0.209961 0.479167 0.215820 0.483073 0.219727 0.486979 0.224609 0.484375 0.228516 0.480469 0.230469 0.480469 0.232422 0.479167 0.234375 0.476562 0.238281 0.473958 0.242188 0.468750 0.244141 0.463542 0.244141 0.458333 0.240234 0.449219 0.240234 0.440104 0.239258 0.438802
0 0.099609 0.403646 0.095703 0.410156 0.094727 0.450521 0.095703 0.451823 0.096680 0.457031 0.102539 0.464844 0.106445 0.467448 0.108398 0.467448 0.109375 0.466146 0.116211 0.466146 0.117188 0.467448 0.123047 0.467448 0.124023 0.468750 0.133789 0.468750 0.138672 0.460938 0.137695 0.438802 0.139648 0.433594 0.139648 0.428385 0.138672 0.427083 0.138672 0.420573 0.131836 0.402344 0.126953 0.397135 0.125000 0.397135 0.124023 0.395833 0.118164 0.395833 0.117188 0.397135 0.115234 0.397135 0.112305 0.401042 0.108398 0.401042 0.107422 0.402344 0.102539 0.402344 0.101562 0.403646
0 0.182617 0.450521 0.180664 0.449219 0.175781 0.449219 0.174805 0.450521 0.169922 0.450521 0.168945 0.451823 0.166992 0.451823 0.162109 0.455729 0.154297 0.458333 0.149414 0.462240 0.145508 0.463542 0.140625 0.470052 0.140625 0.472656 0.139648 0.473958 0.139648 0.479167 0.140625 0.480469 0.140625 0.483073 0.143555 0.492188 0.143555 0.496094 0.148438 0.503906 0.150391 0.505208 0.158203 0.506510 0.159180 0.507812 0.163086 0.507812 0.164062 0.509115 0.170898 0.509115 0.171875 0.510417 0.173828 0.510417 0.174805 0.509115 0.179688 0.509115 0.183594 0.506510 0.187500 0.501302 0.187500 0.498698 0.189453 0.493490 0.194336 0.486979 0.196289 0.480469 0.194336 0.476562 0.194336 0.472656 0.193359 0.470052 0.189453 0.470052 0.187500 0.467448 0.187500 0.464844 0.184570 0.458333 0.184570 0.454427
0 0.208984 0.513021 0.207031 0.515625 0.204102 0.515625 0.196289 0.522135 0.194336 0.527344 0.194336 0.533854 0.193359 0.535156 0.193359 0.539062 0.192383 0.540365 0.192383 0.546875 0.191406 0.548177 0.190430 0.554688 0.191406 0.557292 0.195312 0.562500 0.195312 0.563802 0.208984 0.580729 0.210938 0.582031 0.214844 0.582031 0.215820 0.583333 0.221680 0.583333 0.222656 0.582031 0.226562 0.582031 0.228516 0.580729 0.230469 0.578125 0.230469 0.576823 0.235352 0.571615 0.235352 0.561198 0.234375 0.559896 0.234375 0.557292 0.232422 0.553385 0.232422 0.550781 0.230469 0.545573 0.223633 0.536458 0.222656 0.536458 0.218750 0.529948 0.216797 0.524740 0.216797 0.520833 0.215820 0.518229 0.213867 0.515625 0.209961 0.515625
0 0.237305 0.485677 0.236328 0.486979 0.233398 0.486979 0.227539 0.490885 0.223633 0.496094 0.222656 0.498698 0.222656 0.501302 0.219727 0.509115 0.217773 0.511719 0.217773 0.514323 0.216797 0.515625 0.216797 0.519531 0.217773 0.520833 0.217773 0.523438 0.218750 0.524740 0.218750 0.527344 0.219727 0.529948 0.222656 0.533854 0.223633 0.533854 0.228516 0.540365 0.230469 0.541667 0.232422 0.541667 0.234375 0.544271 0.236328 0.544271 0.240234 0.549479 0.242188 0.549479 0.244141 0.550781 0.245117 0.549479 0.247070 0.549479 0.248047 0.548177 0.250977 0.548177 0.251953 0.546875 0.253906 0.546875 0.257812 0.544271 0.259766 0.541667 0.263672 0.539062 0.265625 0.533854 0.261719 0.531250 0.256836 0.523438 0.254883 0.518229 0.254883 0.515625 0.249023 0.500000 0.249023 0.493490 0.243164 0.486979 0.241211 0.485677
0 0.278320 0.464844 0.268555 0.471354 0.263672 0.472656 0.257812 0.476562 0.254883 0.480469 0.252930 0.485677 0.252930 0.488281 0.250977 0.490885 0.250977 0.494792 0.250000 0.496094 0.250977 0.497396 0.251953 0.506510 0.255859 0.515625 0.256836 0.522135 0.262695 0.531250 0.268555 0.535156 0.287109 0.536458 0.288086 0.535156 0.291016 0.535156 0.294922 0.532552 0.294922 0.531250 0.298828 0.526042 0.299805 0.522135 0.303711 0.516927 0.303711 0.514323 0.307617 0.503906 0.307617 0.497396 0.306641 0.496094 0.306641 0.489583 0.305664 0.488281 0.305664 0.485677 0.303711 0.481771 0.302734 0.476562 0.300781 0.473958 0.299805 0.473958 0.296875 0.470052 0.287109 0.464844
0 0.262695 0.386719 0.255859 0.388021 0.252930 0.390625 0.248047 0.391927 0.245117 0.394531 0.240234 0.402344 0.241211 0.446615 0.244141 0.455729 0.245117 0.455729 0.250000 0.463542 0.259766 0.464844 0.260742 0.463542 0.266602 0.463542 0.267578 0.462240 0.269531 0.462240 0.279297 0.455729 0.282227 0.449219 0.285156 0.445312 0.285156 0.441406 0.283203 0.436198 0.283203 0.419271 0.280273 0.414062 0.279297 0.410156 0.271484 0.399740 0.265625 0.394531 0.261719 0.394531 0.258789 0.391927 0.261719 0.389323 0.263672 0.389323 0.264648 0.388021
0 0.338867 0.402344 0.335938 0.402344 0.329102 0.406250 0.321289 0.406250 0.317383 0.411458 0.313477 0.412760 0.306641 0.417969 0.301758 0.425781 0.301758 0.433594 0.302734 0.434896 0.304688 0.444010 0.306641 0.446615 0.307617 0.450521 0.309570 0.453125 0.310547 0.457031 0.312500 0.459635 0.313477 0.463542 0.317383 0.471354 0.323242 0.477865 0.332031 0.477865 0.342773 0.470052 0.344727 0.470052 0.348633 0.464844 0.349609 0.464844 0.356445 0.454427 0.356445 0.449219 0.357422 0.447917 0.357422 0.428385 0.351562 0.421875 0.345703 0.407552
0 0.184570 0.309896 0.180664 0.309896 0.179688 0.311198 0.174805 0.312500 0.171875 0.315104 0.169922 0.315104 0.166992 0.317708 0.162109 0.319010 0.159180 0.321615 0.151367 0.324219 0.146484 0.329427 0.146484 0.332031 0.145508 0.333333 0.145508 0.342448 0.146484 0.343750 0.146484 0.347656 0.147461 0.348958 0.149414 0.359375 0.158203 0.373698 0.163086 0.376302 0.165039 0.378906 0.167969 0.378906 0.168945 0.380208 0.169922 0.378906 0.181641 0.377604 0.193359 0.369792 0.195312 0.365885 0.195312 0.360677 0.194336 0.359375 0.194336 0.352865 0.195312 0.351562 0.194336 0.348958 0.194336 0.322917 0.193359 0.321615 0.193359 0.319010 0.188477 0.312500
0 0.204102 0.260417 0.201172 0.264323 0.200195 0.264323 0.199219 0.266927 0.198242 0.266927 0.194336 0.276042 0.194336 0.278646 0.193359 0.279948 0.193359 0.287760 0.194336 0.289062 0.194336 0.292969 0.195312 0.295573 0.201172 0.304688 0.201172 0.305990 0.210938 0.317708 0.218750 0.322917 0.220703 0.322917 0.222656 0.325521 0.226562 0.328125 0.232422 0.328125 0.234375 0.326823 0.240234 0.319010 0.241211 0.319010 0.246094 0.311198 0.246094 0.303385 0.245117 0.302083 0.245117 0.299479 0.243164 0.294271 0.243164 0.289062 0.242188 0.287760 0.243164 0.270833 0.242188 0.269531 0.237305 0.269531 0.236328 0.270833 0.220703 0.270833 0.218750 0.269531 0.212891 0.261719 0.211914 0.259115 0.207031 0.259115 0.206055 0.260417
0 0.271484 0.291667 0.262695 0.298177 0.258789 0.303385 0.257812 0.303385 0.253906 0.308594 0.252930 0.308594 0.247070 0.316406 0.247070 0.317708 0.243164 0.320312 0.241211 0.324219 0.241211 0.334635 0.242188 0.335938 0.242188 0.338542 0.243164 0.339844 0.244141 0.345052 0.250000 0.352865 0.251953 0.358073 0.254883 0.361979 0.258789 0.363281 0.259766 0.364583 0.267578 0.364583 0.281250 0.355469 0.289062 0.345052 0.289062 0.335938 0.290039 0.334635 0.290039 0.322917 0.289062 0.321615 0.289062 0.319010 0.284180 0.307292 0.273438 0.292969
0 0.341797 0.324219 0.333984 0.324219 0.333008 0.325521 0.323242 0.326823 0.322266 0.328125 0.321289 0.326823 0.315430 0.326823 0.314453 0.325521 0.304688 0.325521 0.303711 0.326823 0.296875 0.328125 0.291992 0.333333 0.291016 0.335938 0.291016 0.345052 0.289062 0.348958 0.289062 0.352865 0.287109 0.359375 0.287109 0.364583 0.290039 0.375000 0.299805 0.390625 0.302734 0.397135 0.306641 0.399740 0.325195 0.399740 0.326172 0.398438 0.332031 0.398438 0.338867 0.393229 0.342773 0.386719 0.344727 0.378906 0.347656 0.372396 0.347656 0.368490 0.348633 0.367188 0.348633 0.356771 0.344727 0.350260 0.343750 0.345052 0.338867 0.332031 0.338867 0.329427 0.341797 0.326823
0 0.375000 0.352865 0.363281 0.354167 0.358398 0.356771 0.354492 0.361979 0.352539 0.367188 0.352539 0.372396 0.348633 0.377604 0.345703 0.386719 0.346680 0.389323 0.346680 0.394531 0.347656 0.395833 0.347656 0.406250 0.349609 0.412760 0.357422 0.424479 0.359375 0.425781 0.362305 0.425781 0.363281 0.427083 0.365234 0.427083 0.375000 0.421875 0.381836 0.420573 0.396484 0.411458 0.398438 0.406250 0.398438 0.403646 0.401367 0.399740 0.401367 0.395833 0.396484 0.385417 0.381836 0.369792 0.380859 0.365885 0.376953 0.361979 0.377930 0.355469
0 0.372070 0.428385 0.369141 0.432292 0.368164 0.432292 0.367188 0.436198 0.364258 0.440104 0.364258 0.442708 0.363281 0.444010 0.363281 0.450521 0.360352 0.455729 0.360352 0.458333 0.359375 0.459635 0.360352 0.463542 0.365234 0.470052 0.368164 0.479167 0.373047 0.485677 0.381836 0.490885 0.395508 0.490885 0.396484 0.489583 0.402344 0.488281 0.407227 0.483073 0.408203 0.483073 0.411133 0.477865 0.410156 0.464844 0.406250 0.454427 0.404297 0.451823 0.402344 0.446615 0.402344 0.444010 0.399414 0.438802 0.397461 0.432292 0.393555 0.427083 0.389648 0.425781 0.387695 0.423177 0.380859 0.423177 0.375977 0.427083
0 0.347656 0.475260 0.344727 0.475260 0.341797 0.479167 0.335938 0.479167 0.332031 0.481771 0.328125 0.481771 0.327148 0.483073 0.321289 0.484375 0.315430 0.492188 0.313477 0.498698 0.313477 0.509115 0.322266 0.532552 0.328125 0.541667 0.328125 0.542969 0.337891 0.548177 0.346680 0.546875 0.347656 0.545573 0.352539 0.544271 0.355469 0.541667 0.362305 0.532552 0.362305 0.531250 0.365234 0.528646 0.366211 0.524740 0.368164 0.522135 0.368164 0.519531 0.370117 0.514323 0.370117 0.503906 0.368164 0.500000 0.367188 0.493490 0.363281 0.485677 0.359375 0.485677 0.358398 0.484375 0.353516 0.484375 0.351562 0.481771 0.350586 0.477865
0 0.314453 0.529948 0.307617 0.529948 0.306641 0.531250 0.301758 0.532552 0.298828 0.536458 0.295898 0.537760 0.293945 0.540365 0.292969 0.544271 0.286133 0.553385 0.286133 0.554688 0.280273 0.563802 0.280273 0.570312 0.281250 0.571615 0.281250 0.574219 0.283203 0.579427 0.292969 0.592448 0.298828 0.596354 0.300781 0.596354 0.301758 0.597656 0.306641 0.597656 0.312500 0.593750 0.320312 0.592448 0.324219 0.589844 0.328125 0.584635 0.328125 0.582031 0.329102 0.580729 0.329102 0.561198 0.328125 0.559896 0.328125 0.554688 0.327148 0.553385 0.327148 0.546875 0.325195 0.544271 0.321289 0.535156 0.319336 0.532552 0.315430 0.531250
0 0.268555 0.549479 0.265625 0.549479 0.264648 0.550781 0.261719 0.550781 0.260742 0.552083 0.255859 0.553385 0.254883 0.555990 0.250977 0.559896 0.250977 0.562500 0.244141 0.580729 0.243164 0.589844 0.242188 0.591146 0.242188 0.600260 0.244141 0.606771 0.250977 0.617188 0.250977 0.619792 0.252930 0.622396 0.253906 0.626302 0.257812 0.628906 0.267578 0.628906 0.274414 0.625000 0.279297 0.617188 0.281250 0.610677 0.283203 0.608073 0.283203 0.605469 0.285156 0.600260 0.289062 0.593750 0.289062 0.588542 0.284180 0.582031 0.281250 0.574219 0.277344 0.569010 0.277344 0.567708 0.275391 0.567708 0.272461 0.565104 0.272461 0.563802 0.275391 0.561198 0.277344 0.562500 0.278320 0.565104 0.280273 0.559896 0.279297 0.554688 0.278320 0.553385 0.272461 0.552083
0 0.223633 0.598958 0.223633 0.618490 0.224609 0.619792 0.224609 0.623698 0.225586 0.625000 0.225586 0.626302 0.228516 0.630208 0.230469 0.630208 0.235352 0.634115 0.238281 0.634115 0.239258 0.635417 0.241211 0.635417 0.242188 0.636719 0.245117 0.636719 0.246094 0.638021 0.250000 0.638021 0.250977 0.639323 0.254883 0.639323 0.255859 0.638021 0.259766 0.638021 0.260742 0.636719 0.261719 0.636719 0.261719 0.634115 0.262695 0.632812 0.261719 0.632812 0.260742 0.631510 0.258789 0.631510 0.257812 0.630208 0.254883 0.628906 0.251953 0.625000 0.251953 0.622396 0.250977 0.621094 0.250000 0.617188 0.247070 0.613281 0.247070 0.611979 0.243164 0.605469 0.243164 0.604167 0.242188 0.602865 0.242188 0.600260 0.241211 0.598958 0.240234 0.595052 0.237305 0.595052 0.236328 0.593750 0.233398 0.593750 0.232422 0.595052 0.230469 0.595052 0.227539 0.597656 0.224609 0.597656
0 0.301758 0.604167 0.293945 0.604167 0.291992 0.605469 0.291992 0.606771 0.292969 0.608073 0.299805 0.608073 0.300781 0.609375 0.302734 0.609375 0.303711 0.610677 0.302734 0.611979 0.300781 0.611979 0.299805 0.613281 0.290039 0.613281 0.283203 0.619792 0.279297 0.621094 0.275391 0.626302 0.275391 0.647135 0.279297 0.653646 0.282227 0.654948 0.284180 0.657552 0.284180 0.666667 0.286133 0.669271 0.291016 0.669271 0.300781 0.661458 0.300781 0.658854 0.301758 0.657552 0.301758 0.649740 0.302734 0.648438 0.303711 0.641927 0.306641 0.638021 0.307617 0.634115 0.312500 0.627604 0.314453 0.626302 0.314453 0.619792 0.313477 0.619792 0.310547 0.615885 0.310547 0.614583 0.304688 0.610677 0.302734 0.608073 0.302734 0.605469
0 0.349609 0.636719 0.344727 0.631510 0.338867 0.627604 0.333984 0.627604 0.333008 0.628906 0.328125 0.630208 0.325195 0.632812 0.323242 0.632812 0.319336 0.635417 0.310547 0.634115 0.309570 0.636719 0.306641 0.640625 0.305664 0.640625 0.304688 0.645833 0.303711 0.647135 0.303711 0.651042 0.302734 0.652344 0.302734 0.660156 0.303711 0.661458 0.303711 0.664062 0.306641 0.670573 0.311523 0.670573 0.325195 0.682292 0.333008 0.682292 0.335938 0.679688 0.338867 0.679688 0.339844 0.678385 0.343750 0.678385 0.344727 0.677083 0.349609 0.675781 0.351562 0.674479 0.351562 0.673177 0.354492 0.669271 0.354492 0.666667 0.355469 0.665365 0.355469 0.660156 0.353516 0.657552 0.353516 0.653646 0.352539 0.652344 0.352539 0.647135 0.351562 0.645833 0.351562 0.641927
0 0.258789 0.674479 0.258789 0.680990 0.259766 0.682292 0.260742 0.686198 0.264648 0.691406 0.265625 0.691406 0.268555 0.695312 0.269531 0.695312 0.270508 0.696615 0.272461 0.696615 0.273438 0.697917 0.277344 0.697917 0.278320 0.699219 0.279297 0.699219 0.280273 0.697917 0.282227 0.697917 0.283203 0.696615 0.286133 0.695312 0.289062 0.691406 0.291016 0.691406 0.291992 0.690104 0.292969 0.690104 0.294922 0.687500 0.295898 0.687500 0.297852 0.684896 0.298828 0.684896 0.300781 0.682292 0.301758 0.682292 0.304688 0.678385 0.304688 0.671875 0.302734 0.669271 0.302734 0.666667 0.300781 0.664062 0.297852 0.664062 0.295898 0.666667 0.294922 0.666667 0.291016 0.670573 0.286133 0.670573 0.281250 0.664062 0.281250 0.658854 0.274414 0.649740 0.270508 0.649740 0.263672 0.657552 0.263672 0.658854 0.261719 0.662760 0.261719 0.665365 0.260742 0.666667 0.259766 0.673177
0 0.306641 0.674479 0.306641 0.677083 0.305664 0.678385 0.305664 0.682292 0.304688 0.683594 0.304688 0.691406 0.305664 0.692708 0.305664 0.695312 0.307617 0.697917 0.308594 0.697917 0.315430 0.707031 0.316406 0.707031 0.317383 0.708333 0.319336 0.708333 0.320312 0.709635 0.322266 0.709635 0.323242 0.710938 0.325195 0.710938 0.326172 0.712240 0.333008 0.712240 0.333984 0.710938 0.337891 0.710938 0.338867 0.709635 0.341797 0.709635 0.341797 0.708333 0.345703 0.703125 0.347656 0.703125 0.349609 0.700521 0.349609 0.688802 0.346680 0.683594 0.346680 0.682292 0.343750 0.679688 0.340820 0.679688 0.339844 0.680990 0.337891 0.680990 0.334961 0.683594 0.332031 0.683594 0.331055 0.684896 0.327148 0.684896 0.326172 0.683594 0.324219 0.683594 0.322266 0.680990 0.321289 0.680990 0.319336 0.678385 0.318359 0.678385 0.316406 0.675781 0.315430 0.675781 0.311523 0.671875 0.308594 0.671875
0 0.319336 0.731771 0.319336 0.729167 0.316406 0.726562 0.316406 0.713542 0.315430 0.710938 0.310547 0.703125 0.308594 0.701823 0.306641 0.701823 0.305664 0.700521 0.304688 0.701823 0.283203 0.701823 0.282227 0.703125 0.278320 0.703125 0.276367 0.704427 0.273438 0.708333 0.272461 0.712240 0.270508 0.714844 0.270508 0.716146 0.267578 0.721354 0.267578 0.725260 0.273438 0.734375 0.274414 0.738281 0.278320 0.743490 0.286133 0.748698 0.288086 0.748698 0.289062 0.750000 0.296875 0.750000 0.297852 0.748698 0.301758 0.748698 0.302734 0.747396 0.305664 0.747396 0.309570 0.744792 0.315430 0.736979 0.316406 0.736979
0 0.362305 0.704427 0.361328 0.704427 0.357422 0.699219 0.356445 0.699219 0.355469 0.697917 0.351562 0.697917 0.349609 0.700521 0.349609 0.701823 0.347656 0.704427 0.344727 0.705729 0.342773 0.708333 0.342773 0.709635 0.341797 0.710938 0.339844 0.710938 0.338867 0.712240 0.334961 0.712240 0.333984 0.713542 0.329102 0.713542 0.328125 0.714844 0.327148 0.714844 0.325195 0.717448 0.325195 0.718750 0.324219 0.720052 0.324219 0.731771 0.328125 0.736979 0.329102 0.736979 0.331055 0.739583 0.332031 0.739583 0.334961 0.742188 0.339844 0.743490 0.340820 0.744792 0.343750 0.744792 0.344727 0.746094 0.345703 0.746094 0.346680 0.744792 0.348633 0.744792 0.349609 0.743490 0.351562 0.743490 0.352539 0.742188 0.353516 0.742188 0.354492 0.740885 0.359375 0.738281 0.361328 0.735677 0.361328 0.734375 0.362305 0.733073 0.362305 0.730469 0.364258 0.726562 0.364258 0.714844 0.363281 0.713542 0.363281 0.710938 0.362305 0.709635
0 0.365234 0.654948 0.359375 0.662760 0.359375 0.664062 0.356445 0.667969 0.355469 0.671875 0.353516 0.674479 0.353516 0.675781 0.352539 0.677083 0.352539 0.686198 0.356445 0.691406 0.357422 0.691406 0.360352 0.695312 0.361328 0.695312 0.365234 0.700521 0.366211 0.700521 0.368164 0.703125 0.371094 0.703125 0.372070 0.701823 0.381836 0.701823 0.382812 0.700521 0.385742 0.700521 0.389648 0.696615 0.390625 0.696615 0.391602 0.695312 0.391602 0.691406 0.392578 0.690104 0.392578 0.684896 0.393555 0.683594 0.393555 0.682292 0.395508 0.678385 0.395508 0.675781 0.396484 0.674479 0.396484 0.667969 0.395508 0.666667 0.393555 0.660156 0.390625 0.656250 0.389648 0.656250 0.388672 0.654948 0.386719 0.654948 0.385742 0.653646 0.370117 0.653646 0.369141 0.654948
0 0.380859 0.704427 0.379883 0.705729 0.378906 0.705729 0.375977 0.709635 0.375000 0.709635 0.375000 0.710938 0.370117 0.718750 0.370117 0.720052 0.365234 0.726562 0.365234 0.727865 0.364258 0.729167 0.364258 0.733073 0.363281 0.734375 0.363281 0.738281 0.364258 0.739583 0.364258 0.742188 0.365234 0.743490 0.365234 0.744792 0.370117 0.752604 0.371094 0.752604 0.373047 0.755208 0.374023 0.755208 0.375000 0.756510 0.376953 0.756510 0.381836 0.760417 0.383789 0.760417 0.384766 0.761719 0.387695 0.761719 0.388672 0.760417 0.391602 0.759115 0.401367 0.747396 0.401367 0.746094 0.405273 0.739583 0.406250 0.735677 0.405273 0.734375 0.405273 0.733073 0.401367 0.727865 0.401367 0.726562 0.399414 0.722656 0.398438 0.716146 0.396484 0.712240 0.396484 0.709635 0.393555 0.705729 0.392578 0.705729 0.391602 0.704427
0 0.361328 0.751302 0.359375 0.756510 0.356445 0.756510 0.355469 0.759115 0.353516 0.760417 0.351562 0.766927 0.348633 0.772135 0.348633 0.774740 0.346680 0.779948 0.346680 0.792969 0.348633 0.796875 0.353516 0.799479 0.355469 0.802083 0.356445 0.802083 0.358398 0.804688 0.359375 0.804688 0.361328 0.807292 0.365234 0.809896 0.370117 0.809896 0.371094 0.811198 0.374023 0.811198 0.375000 0.812500 0.379883 0.812500 0.383789 0.809896 0.388672 0.803385 0.390625 0.798177 0.390625 0.795573 0.391602 0.794271 0.391602 0.783854 0.390625 0.782552 0.390625 0.778646 0.388672 0.773438 0.386719 0.772135 0.382812 0.766927 0.382812 0.763021 0.377930 0.760417 0.375977 0.757812 0.374023 0.757812 0.373047 0.756510 0.370117 0.756510 0.368164 0.753906 0.368164 0.752604 0.366211 0.752604 0.365234 0.751302
0 0.397461 0.757812 0.397461 0.778646 0.398438 0.779948 0.398438 0.785156 0.399414 0.786458 0.399414 0.790365 0.400391 0.791667 0.403320 0.791667 0.407227 0.794271 0.411133 0.799479 0.412109 0.799479 0.416016 0.808594 0.417969 0.808594 0.418945 0.809896 0.425781 0.809896 0.426758 0.811198 0.428711 0.809896 0.430664 0.809896 0.433594 0.804688 0.434570 0.804688 0.439453 0.798177 0.442383 0.796875 0.444336 0.794271 0.444336 0.786458 0.445312 0.785156 0.445312 0.782552 0.441406 0.773438 0.441406 0.769531 0.440430 0.766927 0.436523 0.761719 0.434570 0.760417 0.432617 0.760417 0.431641 0.759115 0.429688 0.759115 0.425781 0.755208 0.411133 0.755208 0.410156 0.753906 0.407227 0.753906 0.404297 0.759115 0.402344 0.759115 0.401367 0.757812
0 0.396484 0.679688 0.394531 0.683594 0.394531 0.687500 0.393555 0.688802 0.393555 0.696615 0.394531 0.697917 0.395508 0.704427 0.398438 0.710938 0.398438 0.713542 0.399414 0.714844 0.399414 0.717448 0.400391 0.718750 0.400391 0.722656 0.401367 0.725260 0.403320 0.727865 0.404297 0.727865 0.407227 0.731771 0.408203 0.734375 0.410156 0.735677 0.418945 0.735677 0.421875 0.733073 0.423828 0.733073 0.425781 0.731771 0.434570 0.720052 0.435547 0.717448 0.435547 0.714844 0.437500 0.710938 0.437500 0.704427 0.435547 0.699219 0.433594 0.699219 0.427734 0.690104 0.427734 0.688802 0.422852 0.682292 0.418945 0.679688 0.416016 0.679688 0.415039 0.678385 0.401367 0.678385 0.400391 0.677083
0 0.422852 0.636719 0.422852 0.640625 0.421875 0.641927 0.422852 0.643229 0.422852 0.653646 0.423828 0.654948 0.423828 0.660156 0.424805 0.661458 0.424805 0.666667 0.425781 0.667969 0.425781 0.677083 0.426758 0.678385 0.427734 0.686198 0.433594 0.695312 0.435547 0.695312 0.436523 0.696615 0.440430 0.696615 0.441406 0.695312 0.444336 0.695312 0.448242 0.692708 0.451172 0.692708 0.455078 0.690104 0.464844 0.679688 0.466797 0.674479 0.466797 0.667969 0.467773 0.666667 0.467773 0.658854 0.464844 0.653646 0.464844 0.651042 0.460938 0.645833 0.460938 0.641927 0.458008 0.638021 0.456055 0.638021 0.455078 0.636719 0.448242 0.636719 0.447266 0.635417 0.444336 0.635417 0.443359 0.634115 0.433594 0.634115 0.432617 0.635417 0.430664 0.635417 0.429688 0.634115 0.425781 0.634115
0 0.446289 0.697917 0.441406 0.704427 0.441406 0.707031 0.442383 0.708333 0.443359 0.714844 0.446289 0.722656 0.448242 0.725260 0.451172 0.733073 0.451172 0.735677 0.453125 0.740885 0.458008 0.747396 0.458008 0.748698 0.463867 0.752604 0.467773 0.752604 0.470703 0.750000 0.473633 0.750000 0.476562 0.746094 0.477539 0.746094 0.481445 0.742188 0.481445 0.740885 0.485352 0.735677 0.487305 0.730469 0.487305 0.725260 0.484375 0.717448 0.484375 0.709635 0.483398 0.709635 0.474609 0.696615 0.470703 0.694010 0.464844 0.694010 0.463867 0.695312 0.451172 0.695312 0.448242 0.697917
0 0.490234 0.734375 0.489258 0.734375 0.487305 0.736979 0.486328 0.736979 0.479492 0.746094 0.478516 0.746094 0.474609 0.751302 0.473633 0.751302 0.468750 0.755208 0.465820 0.755208 0.464844 0.753906 0.460938 0.753906 0.460938 0.755208 0.459961 0.756510 0.459961 0.757812 0.460938 0.759115 0.460938 0.763021 0.462891 0.765625 0.462891 0.766927 0.464844 0.769531 0.464844 0.770833 0.468750 0.776042 0.469727 0.776042 0.472656 0.779948 0.473633 0.779948 0.474609 0.781250 0.481445 0.781250 0.482422 0.779948 0.484375 0.779948 0.485352 0.778646 0.487305 0.778646 0.488281 0.777344 0.489258 0.777344 0.491211 0.774740 0.492188 0.774740 0.495117 0.772135 0.497070 0.772135 0.498047 0.770833 0.499023 0.770833 0.499023 0.769531 0.500977 0.766927 0.500977 0.765625 0.501953 0.764323 0.501953 0.761719 0.502930 0.760417 0.502930 0.755208 0.495117 0.744792 0.493164 0.738281
0 0.477539 0.579427 0.475586 0.580729 0.466797 0.592448 0.466797 0.595052 0.464844 0.597656 0.462891 0.602865 0.462891 0.614583 0.463867 0.615885 0.464844 0.622396 0.468750 0.630208 0.469727 0.630208 0.474609 0.636719 0.475586 0.636719 0.479492 0.640625 0.482422 0.640625 0.483398 0.641927 0.491211 0.641927 0.492188 0.643229 0.498047 0.641927 0.500000 0.639323 0.502930 0.638021 0.511719 0.626302 0.511719 0.625000 0.513672 0.622396 0.513672 0.614583 0.509766 0.608073 0.509766 0.606771 0.506836 0.602865 0.503906 0.593750 0.501953 0.591146 0.500977 0.585938 0.499023 0.583333 0.490234 0.583333 0.489258 0.582031 0.484375 0.582031 0.481445 0.578125 0.480469 0.579427
0 0.427734 0.549479 0.419922 0.549479 0.418945 0.550781 0.411133 0.553385 0.411133 0.554688 0.409180 0.557292 0.407227 0.557292 0.403320 0.562500 0.403320 0.565104 0.399414 0.575521 0.399414 0.580729 0.401367 0.583333 0.401367 0.585938 0.402344 0.587240 0.402344 0.592448 0.403320 0.593750 0.404297 0.600260 0.406250 0.602865 0.406250 0.605469 0.412109 0.613281 0.414062 0.614583 0.418945 0.614583 0.422852 0.617188 0.430664 0.614583 0.435547 0.609375 0.436523 0.609375 0.437500 0.606771 0.443359 0.598958 0.444336 0.593750 0.445312 0.592448 0.445312 0.584635 0.443359 0.579427 0.443359 0.574219 0.440430 0.569010 0.441406 0.567708 0.441406 0.565104 0.439453 0.561198 0.439453 0.557292 0.438477 0.554688 0.435547 0.552083 0.432617 0.552083 0.431641 0.550781 0.428711 0.550781
0 0.377930 0.601562 0.377930 0.609375 0.382812 0.622396 0.391602 0.635417 0.395508 0.638021 0.397461 0.638021 0.398438 0.639323 0.405273 0.639323 0.406250 0.640625 0.408203 0.640625 0.409180 0.639323 0.412109 0.639323 0.416016 0.636719 0.418945 0.636719 0.420898 0.634115 0.421875 0.634115 0.424805 0.627604 0.424805 0.621094 0.422852 0.618490 0.420898 0.617188 0.418945 0.617188 0.417969 0.615885 0.415039 0.615885 0.411133 0.613281 0.406250 0.606771 0.403320 0.598958 0.403320 0.596354 0.401367 0.591146 0.401367 0.584635 0.400391 0.583333 0.394531 0.583333 0.392578 0.584635 0.390625 0.587240 0.389648 0.587240 0.379883 0.600260
0 0.389648 0.553385 0.387695 0.550781 0.382812 0.549479 0.380859 0.546875 0.375000 0.542969 0.372070 0.542969 0.368164 0.540365 0.367188 0.541667 0.362305 0.542969 0.360352 0.545573 0.357422 0.545573 0.355469 0.548177 0.354492 0.548177 0.338867 0.569010 0.336914 0.574219 0.336914 0.578125 0.335938 0.579427 0.335938 0.585938 0.336914 0.587240 0.336914 0.589844 0.338867 0.592448 0.340820 0.592448 0.341797 0.593750 0.345703 0.593750 0.346680 0.595052 0.348633 0.595052 0.352539 0.598958 0.354492 0.598958 0.358398 0.601562 0.361328 0.601562 0.362305 0.602865 0.372070 0.602865 0.375977 0.600260 0.378906 0.596354 0.381836 0.595052 0.385742 0.589844 0.385742 0.588542 0.389648 0.584635 0.389648 0.582031 0.391602 0.578125 0.391602 0.558594
0 0.416016 0.492188 0.412109 0.489583 0.405273 0.489583 0.404297 0.490885 0.399414 0.492188 0.396484 0.494792 0.386719 0.496094 0.379883 0.502604 0.378906 0.507812 0.377930 0.509115 0.377930 0.511719 0.376953 0.513021 0.375977 0.529948 0.376953 0.531250 0.376953 0.536458 0.377930 0.539062 0.382812 0.545573 0.386719 0.548177 0.418945 0.548177 0.419922 0.546875 0.421875 0.546875 0.423828 0.544271 0.427734 0.533854 0.427734 0.516927 0.422852 0.503906 0.422852 0.501302 0.418945 0.496094 0.417969 0.496094
0 0.425781 0.454427 0.418945 0.459635 0.417969 0.463542 0.416016 0.466146 0.416016 0.472656 0.418945 0.480469 0.418945 0.483073 0.421875 0.489583 0.421875 0.492188 0.424805 0.498698 0.424805 0.501302 0.427734 0.507812 0.427734 0.510417 0.430664 0.514323 0.432617 0.514323 0.433594 0.515625 0.442383 0.515625 0.443359 0.514323 0.445312 0.514323 0.450195 0.509115 0.451172 0.509115 0.454102 0.505208 0.455078 0.505208 0.458008 0.501302 0.458984 0.501302 0.460938 0.498698 0.462891 0.493490 0.462891 0.486979 0.461914 0.485677 0.461914 0.483073 0.459961 0.480469 0.459961 0.476562 0.458008 0.472656 0.458008 0.470052 0.457031 0.467448 0.452148 0.460938 0.452148 0.459635 0.447266 0.454427 0.445312 0.454427 0.444336 0.453125 0.439453 0.453125 0.438477 0.451823
0 0.465820 0.503906 0.462891 0.503906 0.459961 0.506510 0.455078 0.507812 0.450195 0.514323 0.450195 0.516927 0.447266 0.520833 0.442383 0.532552 0.442383 0.535156 0.440430 0.539062 0.440430 0.542969 0.439453 0.544271 0.440430 0.554688 0.444336 0.565104 0.453125 0.578125 0.458008 0.580729 0.464844 0.580729 0.465820 0.579427 0.470703 0.579427 0.471680 0.578125 0.475586 0.578125 0.477539 0.576823 0.487305 0.562500 0.492188 0.550781 0.492188 0.544271 0.488281 0.536458 0.482422 0.531250 0.475586 0.528646 0.470703 0.524740 0.465820 0.523438 0.464844 0.522135 0.464844 0.519531 0.461914 0.519531 0.459961 0.516927 0.461914 0.514323 0.464844 0.515625 0.466797 0.518229 0.469727 0.518229 0.470703 0.516927 0.470703 0.511719
0 0.435547 0.378906 0.431641 0.378906 0.427734 0.382812 0.420898 0.386719 0.418945 0.389323 0.415039 0.391927 0.411133 0.397135 0.410156 0.397135 0.409180 0.399740 0.402344 0.404948 0.398438 0.414062 0.399414 0.423177 0.402344 0.429688 0.406250 0.434896 0.409180 0.441406 0.412109 0.445312 0.416016 0.447917 0.417969 0.447917 0.418945 0.449219 0.422852 0.449219 0.423828 0.450521 0.430664 0.450521 0.431641 0.449219 0.434570 0.449219 0.436523 0.446615 0.442383 0.442708 0.444336 0.437500 0.450195 0.428385 0.451172 0.421875 0.450195 0.420573 0.450195 0.407552 0.449219 0.406250 0.449219 0.402344 0.441406 0.385417
0 0.387695 0.324219 0.386719 0.326823 0.382812 0.329427 0.382812 0.330729 0.380859 0.333333 0.380859 0.335938 0.378906 0.341146 0.378906 0.352865 0.381836 0.360677 0.383789 0.363281 0.384766 0.363281 0.391602 0.372396 0.392578 0.375000 0.395508 0.376302 0.405273 0.388021 0.407227 0.388021 0.408203 0.389323 0.410156 0.389323 0.411133 0.388021 0.415039 0.388021 0.422852 0.382812 0.424805 0.380208 0.424805 0.378906 0.428711 0.375000 0.430664 0.368490 0.432617 0.365885 0.433594 0.358073 0.434570 0.356771 0.433594 0.351562 0.432617 0.350260 0.432617 0.346354 0.430664 0.343750 0.428711 0.337240 0.427734 0.337240 0.417969 0.322917 0.415039 0.322917 0.414062 0.321615 0.409180 0.321615 0.408203 0.320312 0.399414 0.320312 0.398438 0.321615 0.394531 0.321615 0.393555 0.322917 0.389648 0.322917
0 0.293945 0.253906 0.286133 0.260417 0.278320 0.270833 0.273438 0.283854 0.272461 0.290365 0.281250 0.300781 0.286133 0.303385 0.289062 0.307292 0.291992 0.308594 0.305664 0.322917 0.317383 0.322917 0.322266 0.320312 0.328125 0.313802 0.329102 0.309896 0.333008 0.304688 0.334961 0.299479 0.334961 0.296875 0.335938 0.295573 0.335938 0.282552 0.333984 0.279948 0.330078 0.281250 0.328125 0.278646 0.325195 0.269531 0.322266 0.265625 0.322266 0.263021 0.317383 0.251302 0.315430 0.250000 0.308594 0.250000 0.307617 0.251302
0 0.342773 0.286458 0.342773 0.291667 0.341797 0.294271 0.342773 0.295573 0.342773 0.303385 0.343750 0.304688 0.344727 0.311198 0.346680 0.316406 0.350586 0.321615 0.353516 0.330729 0.355469 0.333333 0.359375 0.334635 0.360352 0.335938 0.362305 0.335938 0.363281 0.334635 0.365234 0.334635 0.366211 0.335938 0.370117 0.335938 0.371094 0.334635 0.374023 0.334635 0.377930 0.332031 0.394531 0.309896 0.395508 0.302083 0.396484 0.300781 0.396484 0.296875 0.393555 0.289062 0.389648 0.283854 0.380859 0.278646 0.369141 0.277344 0.368164 0.276042 0.360352 0.274740 0.359375 0.273438 0.349609 0.273438 0.347656 0.274740 0.344727 0.283854
0 0.329102 0.205729 0.325195 0.212240 0.324219 0.218750 0.320312 0.227865 0.320312 0.230469 0.318359 0.235677 0.318359 0.246094 0.319336 0.247396 0.320312 0.253906 0.322266 0.257812 0.322266 0.260417 0.328125 0.268229 0.337891 0.268229 0.338867 0.269531 0.342773 0.269531 0.343750 0.268229 0.345703 0.268229 0.346680 0.269531 0.360352 0.269531 0.361328 0.268229 0.365234 0.268229 0.366211 0.266927 0.368164 0.266927 0.370117 0.264323 0.372070 0.256510 0.371094 0.255208 0.371094 0.248698 0.370117 0.247396 0.370117 0.236979 0.369141 0.235677 0.369141 0.231771 0.367188 0.227865 0.367188 0.225260 0.364258 0.217448 0.360352 0.212240 0.354492 0.208333 0.349609 0.207031 0.347656 0.205729 0.346680 0.203125 0.341797 0.200521 0.337891 0.200521 0.334961 0.203125 0.333008 0.203125
0 0.411133 0.200521 0.404297 0.200521 0.403320 0.201823 0.398438 0.203125 0.395508 0.205729 0.388672 0.214844 0.387695 0.217448 0.383789 0.220052 0.371094 0.236979 0.371094 0.246094 0.372070 0.247396 0.372070 0.251302 0.374023 0.257812 0.391602 0.279948 0.398438 0.279948 0.399414 0.281250 0.400391 0.279948 0.406250 0.278646 0.408203 0.274740 0.417969 0.261719 0.417969 0.260417 0.423828 0.253906 0.424805 0.251302 0.424805 0.242188 0.422852 0.238281 0.422852 0.234375 0.421875 0.233073 0.420898 0.225260 0.414062 0.208333 0.413086 0.203125
0 0.356445 0.138021 0.348633 0.149740 0.345703 0.157552 0.340820 0.165365 0.340820 0.167969 0.339844 0.169271 0.339844 0.174479 0.342773 0.180990 0.343750 0.188802 0.346680 0.196615 0.350586 0.201823 0.351562 0.201823 0.352539 0.204427 0.358398 0.208333 0.388672 0.208333 0.393555 0.205729 0.397461 0.200521 0.399414 0.194010 0.399414 0.166667 0.398438 0.165365 0.399414 0.156250 0.398438 0.154948 0.398438 0.149740 0.397461 0.148438 0.396484 0.141927 0.391602 0.136719 0.387695 0.136719 0.386719 0.135417 0.382812 0.135417 0.381836 0.134115 0.365234 0.134115 0.364258 0.135417
0 0.335938 0.126302 0.332031 0.125000 0.330078 0.122396 0.328125 0.122396 0.327148 0.121094 0.310547 0.118490 0.305664 0.121094 0.298828 0.128906 0.293945 0.131510 0.287109 0.138021 0.284180 0.148438 0.284180 0.156250 0.283203 0.157552 0.284180 0.160156 0.285156 0.175781 0.291016 0.190104 0.292969 0.192708 0.294922 0.199219 0.296875 0.201823 0.301758 0.201823 0.304688 0.199219 0.312500 0.196615 0.320312 0.191406 0.322266 0.188802 0.329102 0.186198 0.333008 0.182292 0.334961 0.182292 0.337891 0.179688 0.338867 0.165365 0.342773 0.156250 0.342773 0.147135 0.340820 0.140625 0.338867 0.138021 0.338867 0.132812 0.336914 0.130208 0.336914 0.127604
0 0.184570 0.079427 0.179688 0.083333 0.167969 0.088542 0.161133 0.096354 0.157227 0.110677 0.157227 0.119792 0.160156 0.127604 0.161133 0.134115 0.165039 0.143229 0.166992 0.153646 0.174805 0.174479 0.178711 0.179688 0.186523 0.184896 0.195312 0.184896 0.205078 0.179688 0.204102 0.171875 0.214844 0.153646 0.219727 0.138021 0.218750 0.134115 0.213867 0.127604 0.211914 0.115885 0.208008 0.105469 0.203125 0.097656 0.200195 0.085938 0.193359 0.079427
0 0.138672 0.174479 0.136719 0.175781 0.133789 0.180990 0.133789 0.183594 0.129883 0.192708 0.128906 0.201823 0.133789 0.221354 0.134766 0.230469 0.137695 0.239583 0.137695 0.243490 0.140625 0.252604 0.149414 0.257812 0.157227 0.257812 0.158203 0.259115 0.163086 0.259115 0.168945 0.261719 0.175781 0.259115 0.177734 0.256510 0.176758 0.255208 0.176758 0.244792 0.177734 0.240885 0.182617 0.234375 0.185547 0.227865 0.185547 0.220052 0.183594 0.216146 0.183594 0.210938 0.181641 0.204427 0.181641 0.195312 0.177734 0.187500 0.177734 0.183594 0.173828 0.177083 0.171875 0.177083 0.166992 0.173177 0.165039 0.173177 0.162109 0.177083 0.153320 0.177083 0.152344 0.178385 0.143555 0.177083
0 0.254883 0.183594 0.252930 0.184896 0.248047 0.182292 0.232422 0.183594 0.229492 0.186198 0.222656 0.188802 0.219727 0.192708 0.218750 0.191406 0.215820 0.191406 0.208984 0.199219 0.208984 0.201823 0.207031 0.205729 0.207031 0.209635 0.204102 0.217448 0.204102 0.234375 0.210938 0.255208 0.213867 0.261719 0.218750 0.268229 0.224609 0.270833 0.225586 0.269531 0.235352 0.269531 0.241211 0.266927 0.245117 0.260417 0.246094 0.255208 0.249023 0.251302 0.252930 0.240885 0.255859 0.236979 0.261719 0.233073 0.261719 0.217448 0.259766 0.212240 0.259766 0.208333 0.256836 0.201823 0.247070 0.190104 0.250977 0.184896 0.253906 0.184896 0.254883 0.186198 0.255859 0.184896
0 0.431641 0.079427 0.426758 0.080729 0.423828 0.084635 0.416016 0.089844 0.414062 0.089844 0.408203 0.095052 0.406250 0.095052 0.402344 0.100260 0.401367 0.102865 0.401367 0.109375 0.400391 0.110677 0.400391 0.123698 0.399414 0.125000 0.400391 0.128906 0.400391 0.138021 0.404297 0.145833 0.406250 0.153646 0.410156 0.160156 0.412109 0.161458 0.419922 0.173177 0.422852 0.174479 0.430664 0.174479 0.435547 0.169271 0.441406 0.165365 0.444336 0.157552 0.444336 0.151042 0.447266 0.143229 0.450195 0.131510 0.450195 0.127604 0.452148 0.123698 0.453125 0.117188 0.456055 0.111979 0.454102 0.104167 0.446289 0.089844 0.442383 0.084635
0 0.469727 0.157552 0.463867 0.157552 0.462891 0.156250 0.456055 0.157552 0.448242 0.164062 0.442383 0.166667 0.433594 0.177083 0.430664 0.184896 0.429688 0.192708 0.428711 0.194010 0.428711 0.201823 0.427734 0.203125 0.428711 0.214844 0.430664 0.218750 0.430664 0.221354 0.433594 0.225260 0.436523 0.234375 0.443359 0.242188 0.447266 0.244792 0.453125 0.244792 0.454102 0.246094 0.467773 0.244792 0.474609 0.240885 0.477539 0.236979 0.478516 0.229167 0.479492 0.227865 0.479492 0.222656 0.480469 0.221354 0.480469 0.209635 0.482422 0.203125 0.482422 0.192708 0.484375 0.184896 0.484375 0.177083 0.481445 0.171875
0 0.435547 0.251302 0.429688 0.260417 0.428711 0.260417 0.419922 0.270833 0.417969 0.279948 0.416992 0.281250 0.416992 0.285156 0.417969 0.286458 0.417969 0.298177 0.418945 0.299479 0.418945 0.304688 0.421875 0.313802 0.427734 0.322917 0.437500 0.330729 0.444336 0.330729 0.450195 0.326823 0.453125 0.322917 0.457031 0.320312 0.463867 0.311198 0.464844 0.311198 0.470703 0.304688 0.472656 0.298177 0.472656 0.281250 0.468750 0.272135 0.463867 0.265625 0.458984 0.263021 0.457031 0.260417 0.453125 0.259115 0.450195 0.255208 0.446289 0.252604
0 0.498047 0.259115 0.496094 0.259115 0.495117 0.260417 0.488281 0.260417 0.481445 0.265625 0.478516 0.269531 0.477539 0.276042 0.476562 0.277344 0.476562 0.281250 0.475586 0.282552 0.475586 0.290365 0.474609 0.291667 0.474609 0.298177 0.473633 0.299479 0.473633 0.304688 0.472656 0.305990 0.472656 0.316406 0.471680 0.317708 0.471680 0.326823 0.472656 0.329427 0.482422 0.341146 0.489258 0.346354 0.492188 0.346354 0.494141 0.348958 0.500977 0.346354 0.505859 0.339844 0.516602 0.330729 0.520508 0.325521 0.520508 0.322917 0.522461 0.319010 0.521484 0.295573 0.520508 0.294271 0.519531 0.286458 0.516602 0.279948 0.517578 0.272135 0.515625 0.268229 0.512695 0.265625 0.510742 0.265625
0 0.450195 0.338542 0.446289 0.345052 0.446289 0.351562 0.445312 0.352865 0.445312 0.358073 0.444336 0.359375 0.444336 0.373698 0.445312 0.375000 0.446289 0.382812 0.456055 0.397135 0.463867 0.402344 0.466797 0.402344 0.467773 0.403646 0.474609 0.403646 0.475586 0.402344 0.481445 0.401042 0.483398 0.398438 0.484375 0.398438 0.487305 0.393229 0.487305 0.388021 0.488281 0.386719 0.488281 0.381510 0.490234 0.376302 0.490234 0.371094 0.491211 0.369792 0.491211 0.364583 0.492188 0.363281 0.492188 0.356771 0.493164 0.355469 0.493164 0.351562 0.491211 0.348958 0.485352 0.346354 0.482422 0.342448 0.475586 0.337240 0.472656 0.333333 0.470703 0.333333 0.469727 0.332031 0.465820 0.332031 0.462891 0.335938 0.458984 0.337240 0.458008 0.338542 0.456055 0.338542 0.455078 0.341146 0.454102 0.341146 0.452148 0.338542
0 0.493164 0.402344 0.491211 0.404948 0.482422 0.403646 0.481445 0.404948 0.474609 0.406250 0.473633 0.407552 0.462891 0.407552 0.457031 0.417969 0.458008 0.425781 0.456055 0.432292 0.456055 0.447917 0.457031 0.449219 0.458008 0.455729 0.468750 0.471354 0.473633 0.475260 0.478516 0.473958 0.481445 0.470052 0.487305 0.466146 0.489258 0.466146 0.493164 0.460938 0.501953 0.453125 0.506836 0.445312 0.506836 0.436198 0.505859 0.434896 0.505859 0.430990 0.503906 0.425781 0.499023 0.417969 0.499023 0.416667 0.501953 0.414062 0.501953 0.412760 0.500000 0.412760 0.499023 0.415365 0.495117 0.414062 0.492188 0.407552 0.494141 0.404948
0 0.501953 0.462240 0.500977 0.463542 0.499023 0.463542 0.495117 0.467448 0.493164 0.467448 0.490234 0.470052 0.488281 0.470052 0.483398 0.473958 0.481445 0.473958 0.477539 0.476562 0.473633 0.481771 0.473633 0.485677 0.471680 0.489583 0.471680 0.493490 0.470703 0.494792 0.470703 0.506510 0.471680 0.507812 0.471680 0.511719 0.477539 0.523438 0.484375 0.531250 0.489258 0.533854 0.493164 0.539062 0.498047 0.541667 0.507812 0.540365 0.508789 0.539062 0.513672 0.539062 0.521484 0.529948 0.526367 0.516927 0.526367 0.506510 0.525391 0.503906 0.521484 0.498698 0.521484 0.497396 0.515625 0.490885 0.515625 0.488281 0.512695 0.483073 0.511719 0.479167 0.507812 0.475260 0.507812 0.471354 0.505859 0.464844
0 0.519531 0.645833 0.515625 0.644531 0.514648 0.648438 0.518555 0.652344 0.518555 0.654948 0.517578 0.656250 0.512695 0.654948 0.510742 0.648438 0.505859 0.643229 0.500977 0.643229 0.499023 0.645833 0.485352 0.647135 0.483398 0.652344 0.478516 0.653646 0.477539 0.656250 0.477539 0.662760 0.474609 0.667969 0.474609 0.686198 0.477539 0.694010 0.477539 0.696615 0.482422 0.704427 0.484375 0.705729 0.493164 0.705729 0.494141 0.704427 0.498047 0.704427 0.499023 0.703125 0.509766 0.703125 0.510742 0.701823 0.513672 0.701823 0.516602 0.699219 0.518555 0.699219 0.521484 0.696615 0.521484 0.694010 0.523438 0.690104 0.524414 0.682292 0.525391 0.680990 0.525391 0.661458 0.524414 0.660156 0.524414 0.657552 0.521484 0.660156 0.519531 0.658854 0.522461 0.653646 0.521484 0.652344 0.521484 0.648438
0 0.531250 0.700521 0.529297 0.699219 0.526367 0.699219 0.525391 0.697917 0.523438 0.699219 0.520508 0.699219 0.517578 0.701823 0.515625 0.701823 0.511719 0.704427 0.504883 0.710938 0.502930 0.710938 0.500977 0.716146 0.499023 0.716146 0.498047 0.714844 0.500000 0.712240 0.500000 0.710938 0.498047 0.708333 0.497070 0.709635 0.497070 0.712240 0.498047 0.713542 0.498047 0.718750 0.496094 0.723958 0.493164 0.727865 0.492188 0.733073 0.495117 0.742188 0.501953 0.752604 0.508789 0.756510 0.515625 0.757812 0.517578 0.756510 0.520508 0.751302 0.524414 0.748698 0.526367 0.748698 0.527344 0.747396 0.532227 0.747396 0.534180 0.742188 0.536133 0.740885 0.543945 0.730469 0.543945 0.723958 0.544922 0.721354 0.542969 0.717448 0.542969 0.714844
0 0.533203 0.648438 0.531250 0.651042 0.531250 0.653646 0.529297 0.658854 0.529297 0.669271 0.530273 0.670573 0.530273 0.678385 0.535156 0.687500 0.535156 0.688802 0.536133 0.688802 0.541016 0.696615 0.544922 0.699219 0.548828 0.699219 0.549805 0.700521 0.552734 0.700521 0.553711 0.701823 0.568359 0.701823 0.574219 0.696615 0.575195 0.694010 0.575195 0.657552 0.576172 0.656250 0.576172 0.652344 0.572266 0.645833 0.568359 0.644531 0.567383 0.643229 0.554688 0.643229 0.553711 0.644531 0.550781 0.644531 0.549805 0.645833 0.538086 0.645833 0.537109 0.647135
0 0.504883 0.785156 0.503906 0.795573 0.504883 0.796875 0.504883 0.800781 0.506836 0.805990 0.506836 0.817708 0.507812 0.819010 0.507812 0.822917 0.509766 0.828125 0.513672 0.829427 0.516602 0.832031 0.519531 0.832031 0.520508 0.830729 0.524414 0.830729 0.525391 0.829427 0.530273 0.829427 0.531250 0.828125 0.534180 0.828125 0.538086 0.825521 0.542969 0.825521 0.543945 0.824219 0.545898 0.824219 0.552734 0.820312 0.552734 0.817708 0.553711 0.816406 0.553711 0.799479 0.552734 0.798177 0.552734 0.792969 0.547852 0.785156 0.546875 0.786458 0.542969 0.786458 0.540039 0.782552 0.539062 0.783854 0.531250 0.786458 0.530273 0.785156 0.524414 0.785156 0.523438 0.783854 0.519531 0.783854 0.518555 0.782552 0.516602 0.782552 0.514648 0.783854 0.514648 0.789062 0.509766 0.792969 0.506836 0.789062 0.506836 0.785156 0.508789 0.783854 0.505859 0.783854
0 0.603516 0.768229 0.600586 0.764323 0.599609 0.764323 0.595703 0.760417 0.594727 0.760417 0.592773 0.763021 0.580078 0.763021 0.579102 0.764323 0.562500 0.764323 0.559570 0.766927 0.556641 0.766927 0.554688 0.769531 0.554688 0.785156 0.555664 0.786458 0.555664 0.789062 0.559570 0.798177 0.563477 0.798177 0.564453 0.799479 0.575195 0.799479 0.576172 0.798177 0.579102 0.798177 0.580078 0.796875 0.581055 0.798177 0.590820 0.798177 0.591797 0.796875 0.593750 0.796875 0.595703 0.794271 0.596680 0.794271 0.601562 0.786458 0.601562 0.783854 0.602539 0.782552 0.602539 0.778646 0.603516 0.777344
0 0.611328 0.701823 0.609375 0.704427 0.606445 0.705729 0.603516 0.709635 0.603516 0.710938 0.598633 0.717448 0.595703 0.723958 0.595703 0.742188 0.596680 0.743490 0.596680 0.747396 0.601562 0.755208 0.601562 0.756510 0.606445 0.763021 0.607422 0.763021 0.612305 0.769531 0.614258 0.770833 0.623047 0.770833 0.624023 0.769531 0.627930 0.769531 0.628906 0.768229 0.630859 0.768229 0.636719 0.760417 0.636719 0.757812 0.637695 0.756510 0.640625 0.755208 0.643555 0.751302 0.645508 0.751302 0.646484 0.750000 0.646484 0.743490 0.637695 0.733073 0.635742 0.727865 0.634766 0.717448 0.630859 0.710938 0.626953 0.710938 0.625977 0.709635 0.624023 0.709635 0.622070 0.705729 0.618164 0.707031 0.616211 0.703125 0.614258 0.701823
0 0.677734 0.678385 0.669922 0.673177 0.667969 0.673177 0.666992 0.674479 0.660156 0.674479 0.659180 0.675781 0.653320 0.675781 0.643555 0.682292 0.637695 0.690104 0.637695 0.692708 0.633789 0.699219 0.633789 0.703125 0.634766 0.704427 0.634766 0.710938 0.635742 0.712240 0.635742 0.716146 0.636719 0.717448 0.636719 0.721354 0.637695 0.722656 0.637695 0.730469 0.639648 0.733073 0.639648 0.734375 0.640625 0.734375 0.645508 0.739583 0.651367 0.740885 0.652344 0.742188 0.666016 0.742188 0.666992 0.740885 0.670898 0.739583 0.679688 0.729167 0.682617 0.721354 0.685547 0.717448 0.688477 0.710938 0.688477 0.703125 0.686523 0.699219 0.686523 0.696615 0.684570 0.691406 0.677734 0.679688
0 0.696289 0.743490 0.693359 0.739583 0.693359 0.738281 0.690430 0.736979 0.688477 0.734375 0.687500 0.730469 0.685547 0.729167 0.681641 0.731771 0.678711 0.735677 0.677734 0.735677 0.675781 0.738281 0.671875 0.740885 0.669922 0.740885 0.666016 0.743490 0.660156 0.743490 0.659180 0.744792 0.657227 0.744792 0.656250 0.746094 0.655273 0.752604 0.651367 0.763021 0.649414 0.765625 0.648438 0.772135 0.654297 0.781250 0.662109 0.786458 0.665039 0.786458 0.666016 0.785156 0.677734 0.785156 0.678711 0.783854 0.680664 0.783854 0.681641 0.782552 0.686523 0.781250 0.688477 0.779948 0.692383 0.774740 0.693359 0.772135 0.693359 0.766927 0.694336 0.765625 0.695312 0.759115 0.697266 0.755208 0.697266 0.746094
0 0.735352 0.708333 0.732422 0.710938 0.724609 0.712240 0.723633 0.713542 0.721680 0.713542 0.717773 0.716146 0.715820 0.718750 0.714844 0.723958 0.709961 0.735677 0.709961 0.738281 0.704102 0.753906 0.704102 0.761719 0.705078 0.763021 0.705078 0.765625 0.706055 0.766927 0.706055 0.769531 0.708008 0.774740 0.711914 0.781250 0.722656 0.781250 0.723633 0.779948 0.727539 0.779948 0.728516 0.778646 0.730469 0.778646 0.740234 0.770833 0.744141 0.765625 0.744141 0.764323 0.748047 0.757812 0.748047 0.755208 0.750000 0.751302 0.750000 0.748698 0.751953 0.743490 0.751953 0.735677 0.750977 0.734375 0.750977 0.730469 0.746094 0.721354 0.746094 0.720052 0.740234 0.712240
0 0.751953 0.688802 0.751953 0.691406 0.752930 0.692708 0.752930 0.705729 0.753906 0.707031 0.753906 0.712240 0.754883 0.713542 0.755859 0.727865 0.756836 0.729167 0.756836 0.733073 0.760742 0.738281 0.762695 0.738281 0.766602 0.740885 0.779297 0.740885 0.785156 0.736979 0.790039 0.730469 0.790039 0.729167 0.794922 0.721354 0.794922 0.720052 0.797852 0.714844 0.797852 0.704427 0.796875 0.703125 0.796875 0.699219 0.794922 0.694010 0.791992 0.691406 0.786133 0.691406 0.779297 0.696615 0.770508 0.696615 0.764648 0.692708 0.759766 0.691406 0.755859 0.687500 0.752930 0.687500
0 0.746094 0.636719 0.746094 0.639323 0.743164 0.643229 0.741211 0.648438 0.740234 0.656250 0.741211 0.657552 0.741211 0.661458 0.745117 0.669271 0.745117 0.674479 0.750977 0.683594 0.754883 0.684896 0.770508 0.695312 0.779297 0.695312 0.785156 0.690104 0.787109 0.690104 0.790039 0.687500 0.793945 0.686198 0.798828 0.677083 0.798828 0.674479 0.799805 0.673177 0.799805 0.657552 0.797852 0.653646 0.797852 0.649740 0.794922 0.644531 0.789062 0.640625 0.787109 0.636719 0.785156 0.636719 0.782227 0.632812 0.780273 0.634115 0.779297 0.636719 0.777344 0.636719 0.776367 0.635417 0.770508 0.634115 0.769531 0.632812 0.763672 0.632812 0.759766 0.635417 0.756836 0.635417 0.755859 0.634115 0.755859 0.631510 0.751953 0.631510
0 0.683594 0.658854 0.683594 0.662760 0.685547 0.667969 0.685547 0.674479 0.687500 0.679688 0.694336 0.688802 0.694336 0.692708 0.693359 0.694010 0.695312 0.700521 0.701172 0.704427 0.707031 0.704427 0.708008 0.705729 0.715820 0.707031 0.716797 0.708333 0.726562 0.708333 0.727539 0.707031 0.730469 0.707031 0.737305 0.699219 0.745117 0.680990 0.745117 0.678385 0.736328 0.666667 0.732422 0.664062 0.729492 0.664062 0.728516 0.662760 0.727539 0.664062 0.723633 0.664062 0.722656 0.665365 0.706055 0.665365 0.705078 0.664062 0.697266 0.664062 0.693359 0.667969 0.689453 0.667969 0.687500 0.665365 0.687500 0.662760 0.692383 0.657552 0.690430 0.656250 0.685547 0.656250
0 0.694336 0.606771 0.688477 0.615885 0.688477 0.626302 0.689453 0.627604 0.689453 0.634115 0.690430 0.634115 0.693359 0.638021 0.696289 0.645833 0.696289 0.651042 0.697266 0.652344 0.697266 0.656250 0.699219 0.661458 0.705078 0.662760 0.706055 0.664062 0.713867 0.664062 0.714844 0.665365 0.716797 0.664062 0.726562 0.662760 0.727539 0.661458 0.729492 0.661458 0.739258 0.648438 0.740234 0.645833 0.740234 0.641927 0.742188 0.638021 0.742188 0.635417 0.744141 0.630208 0.744141 0.619792 0.743164 0.618490 0.743164 0.614583 0.742188 0.615885 0.737305 0.614583 0.733398 0.610677 0.721680 0.602865 0.703125 0.602865 0.702148 0.604167
0 0.635742 0.604167 0.626953 0.617188 0.626953 0.634115 0.627930 0.635417 0.627930 0.643229 0.630859 0.652344 0.637695 0.662760 0.640625 0.662760 0.643555 0.666667 0.645508 0.666667 0.649414 0.669271 0.658203 0.669271 0.659180 0.670573 0.668945 0.670573 0.669922 0.669271 0.671875 0.669271 0.673828 0.665365 0.674805 0.657552 0.676758 0.652344 0.677734 0.635417 0.678711 0.634115 0.678711 0.628906 0.680664 0.622396 0.680664 0.618490 0.678711 0.613281 0.673828 0.609375 0.653320 0.606771 0.647461 0.602865 0.638672 0.602865 0.637695 0.604167
0 0.587891 0.602865 0.584961 0.606771 0.584961 0.609375 0.583984 0.610677 0.583984 0.615885 0.582031 0.619792 0.582031 0.625000 0.581055 0.626302 0.581055 0.634115 0.584961 0.644531 0.587891 0.648438 0.587891 0.649740 0.590820 0.653646 0.592773 0.653646 0.596680 0.656250 0.604492 0.656250 0.605469 0.657552 0.619141 0.658854 0.620117 0.660156 0.623047 0.660156 0.625000 0.658854 0.626953 0.653646 0.626953 0.647135 0.625977 0.645833 0.625977 0.640625 0.625000 0.639323 0.625000 0.631510 0.624023 0.630208 0.624023 0.626302 0.623047 0.625000 0.623047 0.619792 0.622070 0.618490 0.622070 0.615885 0.620117 0.610677 0.620117 0.602865 0.618164 0.597656 0.616211 0.596354 0.613281 0.596354 0.612305 0.595052 0.603516 0.595052 0.599609 0.597656 0.596680 0.597656 0.595703 0.598958 0.590820 0.600260 0.588867 0.602865
0 0.580078 0.653646 0.582031 0.654948 0.583984 0.654948 0.585938 0.657552 0.583984 0.664062 0.582031 0.666667 0.582031 0.669271 0.583008 0.670573 0.583008 0.673177 0.583984 0.675781 0.585938 0.678385 0.585938 0.680990 0.586914 0.682292 0.586914 0.687500 0.587891 0.690104 0.592773 0.696615 0.617188 0.696615 0.621094 0.694010 0.625000 0.688802 0.626953 0.687500 0.627930 0.683594 0.626953 0.682292 0.626953 0.678385 0.625977 0.677083 0.625977 0.674479 0.625000 0.673177 0.625000 0.670573 0.624023 0.669271 0.624023 0.665365 0.623047 0.662760 0.619141 0.660156 0.616211 0.660156 0.615234 0.658854 0.609375 0.658854 0.608398 0.657552 0.595703 0.657552 0.592773 0.654948 0.588867 0.654948 0.586914 0.653646 0.583984 0.649740 0.583984 0.648438 0.583008 0.648438 0.583008 0.649740
0 0.552734 0.561198 0.548828 0.558594 0.541016 0.558594 0.540039 0.557292 0.537109 0.557292 0.536133 0.555990 0.525391 0.555990 0.521484 0.558594 0.518555 0.558594 0.514648 0.562500 0.513672 0.562500 0.509766 0.567708 0.508789 0.567708 0.504883 0.572917 0.503906 0.572917 0.501953 0.578125 0.501953 0.582031 0.502930 0.583333 0.502930 0.587240 0.503906 0.588542 0.504883 0.595052 0.506836 0.597656 0.508789 0.604167 0.516602 0.614583 0.520508 0.617188 0.524414 0.617188 0.533203 0.610677 0.540039 0.602865 0.544922 0.600260 0.549805 0.595052 0.554688 0.592448 0.557617 0.584635 0.557617 0.578125 0.556641 0.576823 0.556641 0.571615 0.555664 0.570312 0.555664 0.567708
0 0.564453 0.584635 0.561523 0.584635 0.557617 0.591146 0.554688 0.592448 0.552734 0.595052 0.546875 0.598958 0.544922 0.601562 0.538086 0.605469 0.533203 0.611979 0.523438 0.618490 0.520508 0.622396 0.520508 0.626302 0.521484 0.627604 0.521484 0.631510 0.522461 0.632812 0.522461 0.638021 0.524414 0.643229 0.525391 0.643229 0.527344 0.645833 0.534180 0.645833 0.535156 0.644531 0.543945 0.644531 0.544922 0.643229 0.549805 0.643229 0.550781 0.641927 0.553711 0.641927 0.554688 0.640625 0.556641 0.640625 0.560547 0.638021 0.563477 0.634115 0.564453 0.630208 0.567383 0.625000 0.567383 0.622396 0.570312 0.614583 0.570312 0.600260 0.569336 0.598958 0.568359 0.592448 0.565430 0.588542
0 0.554688 0.407552 0.552734 0.407552 0.551758 0.406250 0.550781 0.407552 0.537109 0.406250 0.533203 0.408854 0.525391 0.417969 0.521484 0.417969 0.518555 0.420573 0.518555 0.423177 0.517578 0.424479 0.517578 0.430990 0.516602 0.432292 0.516602 0.438802 0.514648 0.445312 0.514648 0.467448 0.524414 0.479167 0.526367 0.479167 0.532227 0.483073 0.538086 0.483073 0.543945 0.479167 0.547852 0.479167 0.554688 0.473958 0.561523 0.471354 0.565430 0.463542 0.566406 0.449219 0.567383 0.447917 0.567383 0.432292 0.565430 0.425781 0.561523 0.419271 0.560547 0.414062
0 0.538086 0.486979 0.536133 0.489583 0.536133 0.493490 0.535156 0.494792 0.535156 0.500000 0.536133 0.501302 0.535156 0.503906 0.535156 0.510417 0.536133 0.511719 0.536133 0.516927 0.540039 0.526042 0.540039 0.528646 0.544922 0.539062 0.551758 0.548177 0.551758 0.549479 0.561523 0.559896 0.564453 0.559896 0.565430 0.561198 0.573242 0.561198 0.574219 0.559896 0.577148 0.559896 0.580078 0.557292 0.584961 0.546875 0.585938 0.539062 0.588867 0.531250 0.591797 0.528646 0.592773 0.524740 0.594727 0.523438 0.594727 0.520833 0.596680 0.518229 0.599609 0.516927 0.598633 0.513021 0.594727 0.510417 0.594727 0.507812 0.588867 0.497396 0.576172 0.479167 0.570312 0.479167 0.569336 0.480469 0.554688 0.479167 0.545898 0.483073 0.542969 0.485677
0 0.598633 0.520833 0.588867 0.535156 0.585938 0.542969 0.585938 0.545573 0.584961 0.546875 0.584961 0.549479 0.583008 0.554688 0.583984 0.555990 0.583984 0.559896 0.585938 0.562500 0.587891 0.567708 0.590820 0.571615 0.590820 0.572917 0.592773 0.574219 0.611328 0.574219 0.612305 0.572917 0.615234 0.572917 0.616211 0.571615 0.618164 0.571615 0.622070 0.569010 0.624023 0.566406 0.625000 0.566406 0.628906 0.561198 0.628906 0.559896 0.631836 0.554688 0.631836 0.552083 0.634766 0.544271 0.634766 0.537760 0.629883 0.531250 0.628906 0.531250 0.622070 0.524740 0.617188 0.524740 0.616211 0.523438 0.613281 0.523438 0.612305 0.522135 0.610352 0.522135 0.606445 0.519531 0.600586 0.519531
0 0.626953 0.441406 0.621094 0.441406 0.618164 0.440104 0.614258 0.444010 0.613281 0.442708 0.606445 0.442708 0.602539 0.449219 0.602539 0.450521 0.605469 0.449219 0.608398 0.449219 0.609375 0.450521 0.607422 0.451823 0.605469 0.459635 0.597656 0.471354 0.591797 0.473958 0.589844 0.477865 0.589844 0.486979 0.594727 0.502604 0.599609 0.507812 0.603516 0.514323 0.607422 0.518229 0.612305 0.520833 0.623047 0.520833 0.629883 0.510417 0.636719 0.506510 0.642578 0.498698 0.646484 0.496094 0.649414 0.489583 0.649414 0.475260 0.646484 0.464844 0.638672 0.453125 0.637695 0.449219
0 0.669922 0.483073 0.667969 0.483073 0.655273 0.473958 0.652344 0.473958 0.650391 0.475260 0.650391 0.488281 0.649414 0.489583 0.649414 0.492188 0.640625 0.503906 0.634766 0.507812 0.632812 0.510417 0.629883 0.511719 0.628906 0.514323 0.625000 0.518229 0.625000 0.520833 0.624023 0.522135 0.626953 0.526042 0.627930 0.526042 0.628906 0.528646 0.629883 0.528646 0.634766 0.533854 0.636719 0.533854 0.641602 0.537760 0.645508 0.537760 0.648438 0.535156 0.653320 0.533854 0.655273 0.531250 0.660156 0.528646 0.664062 0.523438 0.666016 0.522135 0.666016 0.520833 0.669922 0.514323 0.671875 0.509115 0.672852 0.502604 0.673828 0.501302 0.673828 0.492188 0.672852 0.490885 0.671875 0.485677
0 0.657227 0.562500 0.656250 0.565104 0.656250 0.570312 0.648438 0.585938 0.648438 0.596354 0.649414 0.598958 0.654297 0.604167 0.657227 0.604167 0.658203 0.605469 0.687500 0.605469 0.688477 0.604167 0.693359 0.604167 0.695312 0.602865 0.701172 0.593750 0.701172 0.591146 0.703125 0.585938 0.703125 0.563802 0.702148 0.561198 0.696289 0.554688 0.694336 0.554688 0.693359 0.555990 0.691406 0.554688 0.672852 0.554688 0.670898 0.557292 0.663086 0.558594
0 0.680664 0.493490 0.679688 0.496094 0.679688 0.507812 0.680664 0.509115 0.680664 0.513021 0.683594 0.516927 0.683594 0.519531 0.695312 0.533854 0.705078 0.537760 0.706055 0.539062 0.708008 0.539062 0.708984 0.540365 0.710938 0.540365 0.711914 0.541667 0.723633 0.541667 0.725586 0.540365 0.728516 0.536458 0.736328 0.529948 0.742188 0.518229 0.742188 0.514323 0.743164 0.513021 0.742188 0.510417 0.742188 0.503906 0.741211 0.502604 0.741211 0.500000 0.739258 0.497396 0.715820 0.481771 0.713867 0.481771 0.709961 0.479167 0.703125 0.479167 0.701172 0.475260 0.699219 0.475260 0.699219 0.479167 0.697266 0.483073 0.694336 0.480469 0.692383 0.480469 0.686523 0.485677
0 0.740234 0.531250 0.736328 0.533854 0.734375 0.537760 0.732422 0.537760 0.730469 0.540365 0.727539 0.541667 0.722656 0.548177 0.722656 0.550781 0.719727 0.553385 0.719727 0.555990 0.721680 0.557292 0.723633 0.552083 0.725586 0.554688 0.723633 0.559896 0.719727 0.562500 0.719727 0.565104 0.723633 0.567708 0.723633 0.570312 0.725586 0.572917 0.726562 0.578125 0.732422 0.587240 0.735352 0.587240 0.747070 0.595052 0.753906 0.596354 0.757812 0.598958 0.762695 0.598958 0.768555 0.592448 0.771484 0.591146 0.779297 0.580729 0.783203 0.571615 0.784180 0.561198 0.785156 0.559896 0.785156 0.553385 0.782227 0.546875 0.782227 0.544271 0.777344 0.537760 0.774414 0.535156 0.771484 0.535156 0.770508 0.533854 0.763672 0.533854 0.760742 0.536458 0.755859 0.536458 0.750977 0.531250 0.749023 0.532552
0 0.794922 0.567708 0.794922 0.569010 0.789062 0.575521 0.789062 0.578125 0.787109 0.582031 0.784180 0.582031 0.783203 0.580729 0.780273 0.585938 0.780273 0.593750 0.781250 0.596354 0.779297 0.601562 0.779297 0.608073 0.786133 0.622396 0.788086 0.623698 0.788086 0.625000 0.796875 0.638021 0.797852 0.641927 0.808594 0.641927 0.809570 0.643229 0.816406 0.638021 0.824219 0.626302 0.831055 0.622396 0.833984 0.618490 0.837891 0.610677 0.837891 0.598958 0.835938 0.592448 0.831055 0.584635 0.829102 0.575521 0.824219 0.574219 0.823242 0.572917 0.819336 0.572917 0.813477 0.569010 0.802734 0.569010 0.797852 0.571615 0.795898 0.570312
0 0.827148 0.634115 0.825195 0.632812 0.821289 0.632812 0.814453 0.641927 0.812500 0.643229 0.802734 0.643229 0.801758 0.644531 0.799805 0.644531 0.798828 0.648438 0.799805 0.649740 0.799805 0.654948 0.800781 0.656250 0.800781 0.674479 0.799805 0.675781 0.799805 0.678385 0.798828 0.680990 0.796875 0.683594 0.796875 0.688802 0.797852 0.690104 0.799805 0.690104 0.802734 0.692708 0.807617 0.692708 0.808594 0.691406 0.813477 0.691406 0.819336 0.687500 0.821289 0.684896 0.824219 0.683594 0.830078 0.677083 0.830078 0.675781 0.832031 0.673177 0.832031 0.671875 0.833984 0.669271 0.833984 0.667969 0.836914 0.662760 0.836914 0.656250 0.835938 0.654948 0.835938 0.652344 0.833984 0.648438 0.833984 0.645833 0.833008 0.643229
0 0.899414 0.585938 0.895508 0.582031 0.892578 0.582031 0.887695 0.578125 0.876953 0.579427 0.865234 0.593750 0.860352 0.597656 0.854492 0.597656 0.854492 0.600260 0.852539 0.601562 0.848633 0.608073 0.845703 0.605469 0.847656 0.600260 0.846680 0.598958 0.846680 0.588542 0.847656 0.585938 0.843750 0.584635 0.837891 0.591146 0.840820 0.602865 0.841797 0.618490 0.847656 0.631510 0.856445 0.640625 0.864258 0.641927 0.865234 0.643229 0.872070 0.643229 0.876953 0.640625 0.884766 0.640625 0.888672 0.638021 0.892578 0.632812 0.893555 0.628906 0.896484 0.625000 0.900391 0.613281 0.902344 0.610677 0.903320 0.606771 0.903320 0.595052
0 0.789062 0.516927 0.789062 0.524740 0.790039 0.526042 0.791016 0.535156 0.791992 0.536458 0.792969 0.544271 0.793945 0.545573 0.793945 0.554688 0.794922 0.557292 0.798828 0.562500 0.802734 0.563802 0.803711 0.565104 0.813477 0.565104 0.814453 0.563802 0.823242 0.563802 0.824219 0.562500 0.826172 0.562500 0.828125 0.559896 0.830078 0.554688 0.830078 0.552083 0.832031 0.546875 0.833984 0.544271 0.833984 0.541667 0.835938 0.536458 0.839844 0.529948 0.839844 0.520833 0.838867 0.519531 0.838867 0.516927 0.836914 0.514323 0.836914 0.513021 0.830078 0.505208 0.830078 0.503906 0.802734 0.503906 0.798828 0.509115 0.793945 0.511719
0 0.787109 0.460938 0.780273 0.457031 0.777344 0.457031 0.776367 0.455729 0.767578 0.455729 0.766602 0.457031 0.763672 0.457031 0.761719 0.459635 0.758789 0.460938 0.756836 0.463542 0.755859 0.467448 0.752930 0.471354 0.746094 0.476562 0.745117 0.481771 0.742188 0.486979 0.743164 0.505208 0.747070 0.518229 0.755859 0.529948 0.757812 0.531250 0.763672 0.531250 0.779297 0.520833 0.781250 0.518229 0.788086 0.515625 0.792969 0.510417 0.795898 0.509115 0.798828 0.505208 0.800781 0.500000 0.800781 0.489583 0.797852 0.481771 0.797852 0.477865 0.796875 0.476562 0.795898 0.470052
0 0.737305 0.412760 0.730469 0.412760 0.729492 0.411458 0.727539 0.411458 0.726562 0.412760 0.723633 0.412760 0.722656 0.414062 0.717773 0.415365 0.710938 0.420573 0.704102 0.421875 0.700195 0.427083 0.699219 0.427083 0.695312 0.433594 0.694336 0.442708 0.693359 0.444010 0.693359 0.453125 0.694336 0.455729 0.695312 0.455729 0.697266 0.459635 0.698242 0.459635 0.700195 0.455729 0.702148 0.460938 0.704102 0.462240 0.708984 0.470052 0.709961 0.475260 0.713867 0.479167 0.731445 0.479167 0.732422 0.477865 0.736328 0.477865 0.748047 0.471354 0.754883 0.463542 0.753906 0.454427 0.741211 0.421875 0.740234 0.415365
0 0.678711 0.407552 0.666992 0.399740 0.662109 0.399740 0.661133 0.401042 0.658203 0.401042 0.654297 0.404948 0.651367 0.406250 0.643555 0.416667 0.640625 0.417969 0.638672 0.420573 0.635742 0.427083 0.634766 0.434896 0.637695 0.440104 0.637695 0.444010 0.639648 0.446615 0.639648 0.447917 0.644531 0.454427 0.645508 0.458333 0.649414 0.463542 0.657227 0.463542 0.658203 0.462240 0.660156 0.462240 0.664062 0.459635 0.666992 0.459635 0.667969 0.458333 0.669922 0.458333 0.673828 0.455729 0.676758 0.455729 0.679688 0.453125 0.687500 0.450521 0.691406 0.445312 0.691406 0.432292 0.690430 0.430990 0.690430 0.428385 0.685547 0.416667
0 0.617188 0.364583 0.607422 0.364583 0.606445 0.365885 0.602539 0.365885 0.596680 0.371094 0.592773 0.372396 0.591797 0.376302 0.586914 0.382812 0.583984 0.382812 0.579102 0.389323 0.576172 0.397135 0.578125 0.403646 0.577148 0.404948 0.578125 0.412760 0.583008 0.419271 0.583984 0.419271 0.585938 0.423177 0.594727 0.430990 0.596680 0.430990 0.602539 0.434896 0.604492 0.437500 0.607422 0.437500 0.608398 0.438802 0.613281 0.437500 0.616211 0.434896 0.621094 0.433594 0.626953 0.429688 0.633789 0.419271 0.632812 0.408854 0.631836 0.407552 0.628906 0.393229 0.626953 0.389323 0.625977 0.382812 0.622070 0.372396
0 0.508789 0.345052 0.503906 0.350260 0.499023 0.360677 0.500000 0.378906 0.503906 0.391927 0.503906 0.398438 0.505859 0.404948 0.508789 0.408854 0.512695 0.411458 0.515625 0.411458 0.520508 0.414062 0.527344 0.414062 0.533203 0.406250 0.539062 0.403646 0.551758 0.386719 0.556641 0.382812 0.556641 0.380208 0.557617 0.378906 0.557617 0.372396 0.556641 0.371094 0.556641 0.368490 0.552734 0.359375 0.545898 0.348958 0.542969 0.348958 0.536133 0.345052 0.532227 0.345052 0.531250 0.343750 0.527344 0.343750 0.526367 0.342448 0.519531 0.342448 0.512695 0.346354 0.511719 0.345052
0 0.570312 0.300781 0.569336 0.302083 0.566406 0.302083 0.559570 0.305990 0.551758 0.315104 0.549805 0.315104 0.547852 0.317708 0.547852 0.328125 0.550781 0.335938 0.551758 0.343750 0.554688 0.350260 0.555664 0.358073 0.560547 0.373698 0.563477 0.377604 0.565430 0.377604 0.568359 0.380208 0.580078 0.380208 0.581055 0.378906 0.583008 0.378906 0.601562 0.354167 0.604492 0.346354 0.604492 0.337240 0.603516 0.335938 0.603516 0.332031 0.601562 0.325521 0.596680 0.319010 0.595703 0.312500 0.593750 0.311198 0.590820 0.305990 0.587891 0.308594 0.584961 0.304688 0.583008 0.304688 0.576172 0.300781
0 0.612305 0.231771 0.610352 0.234375 0.610352 0.236979 0.607422 0.240885 0.606445 0.246094 0.602539 0.252604 0.602539 0.278646 0.601562 0.279948 0.600586 0.294271 0.597656 0.298177 0.602539 0.312500 0.609375 0.319010 0.615234 0.321615 0.628906 0.321615 0.629883 0.322917 0.635742 0.321615 0.639648 0.319010 0.642578 0.315104 0.646484 0.313802 0.650391 0.308594 0.655273 0.298177 0.656250 0.281250 0.655273 0.279948 0.655273 0.273438 0.654297 0.272135 0.653320 0.263021 0.646484 0.251302 0.645508 0.251302 0.644531 0.248698 0.631836 0.233073 0.628906 0.233073 0.627930 0.231771
0 0.629883 0.324219 0.625977 0.334635 0.627930 0.361979 0.625000 0.365885 0.625000 0.371094 0.626953 0.377604 0.631836 0.378906 0.631836 0.376302 0.627930 0.372396 0.627930 0.365885 0.629883 0.364583 0.632812 0.371094 0.632812 0.373698 0.638672 0.377604 0.636719 0.380208 0.633789 0.380208 0.632812 0.381510 0.651367 0.381510 0.652344 0.382812 0.662109 0.384115 0.667969 0.380208 0.679688 0.360677 0.682617 0.350260 0.682617 0.338542 0.681641 0.337240 0.681641 0.332031 0.676758 0.322917 0.669922 0.321615 0.663086 0.317708 0.655273 0.316406 0.654297 0.315104 0.646484 0.315104 0.636719 0.322917
0 0.696289 0.337240 0.685547 0.348958 0.683594 0.354167 0.683594 0.356771 0.674805 0.372396 0.672852 0.377604 0.672852 0.382812 0.674805 0.386719 0.674805 0.389323 0.680664 0.399740 0.683594 0.408854 0.687500 0.414062 0.690430 0.414062 0.691406 0.415365 0.710938 0.415365 0.711914 0.414062 0.721680 0.411458 0.723633 0.410156 0.732422 0.397135 0.732422 0.393229 0.733398 0.391927 0.735352 0.381510 0.737305 0.377604 0.737305 0.369792 0.736328 0.368490 0.736328 0.365885 0.731445 0.354167 0.724609 0.346354 0.720703 0.345052 0.715820 0.341146 0.710938 0.341146 0.703125 0.335938
0 0.764648 0.339844 0.760742 0.339844 0.759766 0.341146 0.755859 0.341146 0.752930 0.343750 0.745117 0.345052 0.733398 0.351562 0.733398 0.356771 0.736328 0.361979 0.739258 0.371094 0.739258 0.376302 0.736328 0.382812 0.736328 0.385417 0.734375 0.390625 0.734375 0.399740 0.736328 0.402344 0.738281 0.408854 0.744141 0.415365 0.748047 0.415365 0.749023 0.416667 0.751953 0.416667 0.752930 0.417969 0.759766 0.417969 0.762695 0.414062 0.764648 0.407552 0.771484 0.397135 0.775391 0.385417 0.777344 0.382812 0.778320 0.375000 0.777344 0.373698 0.777344 0.368490 0.776367 0.367188 0.774414 0.356771 0.769531 0.345052
0 0.717773 0.266927 0.716797 0.276042 0.712891 0.287760 0.712891 0.292969 0.710938 0.298177 0.710938 0.302083 0.708008 0.313802 0.708008 0.319010 0.711914 0.329427 0.714844 0.333333 0.717773 0.334635 0.723633 0.342448 0.730469 0.346354 0.737305 0.346354 0.741211 0.343750 0.752930 0.341146 0.759766 0.337240 0.763672 0.337240 0.770508 0.333333 0.775391 0.324219 0.775391 0.320312 0.776367 0.319010 0.777344 0.303385 0.776367 0.302083 0.776367 0.298177 0.769531 0.283854 0.769531 0.281250 0.765625 0.272135 0.755859 0.265625 0.751953 0.265625 0.747070 0.263021 0.736328 0.263021 0.735352 0.261719 0.725586 0.261719 0.724609 0.263021 0.721680 0.263021
0 0.714844 0.239583 0.707031 0.236979 0.704102 0.233073 0.702148 0.233073 0.699219 0.230469 0.693359 0.230469 0.687500 0.233073 0.684570 0.238281 0.679688 0.240885 0.676758 0.248698 0.673828 0.250000 0.671875 0.252604 0.667969 0.253906 0.663086 0.261719 0.663086 0.265625 0.659180 0.272135 0.659180 0.278646 0.658203 0.279948 0.658203 0.298177 0.668945 0.312500 0.676758 0.317708 0.691406 0.319010 0.692383 0.320312 0.703125 0.315104 0.707031 0.309896 0.708984 0.298177 0.711914 0.289062 0.712891 0.279948 0.714844 0.274740 0.714844 0.270833 0.716797 0.265625 0.717773 0.247396
0 0.837891 0.240885 0.830078 0.239583 0.824219 0.231771 0.817383 0.231771 0.811523 0.235677 0.808594 0.235677 0.804688 0.238281 0.799805 0.238281 0.792969 0.242188 0.786133 0.263021 0.782227 0.287760 0.779297 0.294271 0.779297 0.313802 0.784180 0.319010 0.790039 0.321615 0.795898 0.321615 0.796875 0.320312 0.805664 0.320312 0.806641 0.321615 0.807617 0.320312 0.811523 0.320312 0.815430 0.316406 0.820312 0.315104 0.828125 0.309896 0.837891 0.296875 0.845703 0.278646 0.846680 0.268229 0.848633 0.263021 0.847656 0.255208
0 0.877930 0.320312 0.875977 0.319010 0.871094 0.319010 0.865234 0.321615 0.861328 0.328125 0.857422 0.330729 0.846680 0.343750 0.845703 0.343750 0.841797 0.350260 0.841797 0.352865 0.838867 0.359375 0.835938 0.363281 0.833008 0.364583 0.832031 0.367188 0.833008 0.368490 0.833008 0.375000 0.834961 0.380208 0.834961 0.389323 0.836914 0.394531 0.836914 0.402344 0.838867 0.404948 0.844727 0.407552 0.857422 0.408854 0.859375 0.406250 0.862305 0.404948 0.869141 0.393229 0.870117 0.393229 0.876953 0.384115 0.879883 0.382812 0.884766 0.376302 0.888672 0.373698 0.892578 0.365885 0.892578 0.350260 0.891602 0.346354 0.885742 0.334635 0.881836 0.329427 0.881836 0.325521
0 0.891602 0.375000 0.887695 0.375000 0.886719 0.376302 0.885742 0.376302 0.879883 0.384115 0.876953 0.385417 0.874023 0.389323 0.873047 0.389323 0.861328 0.406250 0.860352 0.406250 0.856445 0.411458 0.853516 0.412760 0.853516 0.414062 0.856445 0.417969 0.856445 0.419271 0.858398 0.421875 0.860352 0.421875 0.862305 0.424479 0.863281 0.424479 0.865234 0.427083 0.866211 0.427083 0.869141 0.429688 0.870117 0.428385 0.872070 0.428385 0.874023 0.425781 0.880859 0.421875 0.882812 0.419271 0.882812 0.417969 0.884766 0.415365 0.885742 0.415365 0.886719 0.411458 0.890625 0.404948 0.890625 0.403646 0.891602 0.402344 0.891602 0.399740 0.893555 0.397135 0.893555 0.394531 0.894531 0.393229 0.894531 0.386719 0.896484 0.382812 0.892578 0.377604 0.892578 0.376302
0 0.826172 0.403646 0.823242 0.408854 0.823242 0.415365 0.824219 0.417969 0.817383 0.428385 0.816406 0.437500 0.815430 0.438802 0.815430 0.444010 0.814453 0.445312 0.815430 0.446615 0.814453 0.457031 0.817383 0.464844 0.819336 0.475260 0.822266 0.477865 0.831055 0.477865 0.832031 0.479167 0.836914 0.479167 0.837891 0.480469 0.844727 0.480469 0.851562 0.476562 0.854492 0.476562 0.864258 0.468750 0.872070 0.457031 0.872070 0.450521 0.868164 0.444010 0.868164 0.436198 0.865234 0.429688 0.861328 0.425781 0.856445 0.423177 0.850586 0.414062 0.844727 0.410156 0.837891 0.410156 0.833984 0.406250 0.830078 0.406250
0 0.895508 0.458333 0.889648 0.451823 0.889648 0.450521 0.883789 0.441406 0.878906 0.438802 0.875000 0.438802 0.873047 0.444010 0.873047 0.451823 0.874023 0.453125 0.873047 0.458333 0.864258 0.470052 0.858398 0.475260 0.848633 0.479167 0.847656 0.480469 0.844727 0.480469 0.840820 0.484375 0.838867 0.484375 0.836914 0.486979 0.836914 0.494792 0.835938 0.496094 0.840820 0.503906 0.842773 0.503906 0.844727 0.506510 0.846680 0.506510 0.847656 0.505208 0.852539 0.505208 0.853516 0.506510 0.859375 0.506510 0.860352 0.507812 0.873047 0.509115 0.874023 0.507812 0.879883 0.506510 0.882812 0.503906 0.884766 0.503906 0.891602 0.496094 0.893555 0.489583 0.895508 0.486979 0.895508 0.484375 0.897461 0.479167 0.897461 0.472656 0.898438 0.471354 0.897461 0.470052 0.897461 0.466146 0.896484 0.464844
0 0.937500 0.570312 0.937500 0.562500 0.934570 0.554688 0.932617 0.552083 0.930664 0.545573 0.926758 0.540365 0.924805 0.541667 0.922852 0.541667 0.918945 0.545573 0.911133 0.545573 0.910156 0.546875 0.907227 0.546875 0.906250 0.548177 0.897461 0.548177 0.896484 0.549479 0.892578 0.549479 0.890625 0.550781 0.887695 0.554688 0.884766 0.555990 0.881836 0.559896 0.881836 0.565104 0.884766 0.570312 0.887695 0.571615 0.889648 0.574219 0.893555 0.576823 0.897461 0.582031 0.899414 0.583333 0.902344 0.583333 0.903320 0.584635 0.909180 0.584635 0.910156 0.583333 0.922852 0.583333 0.926758 0.580729 0.929688 0.580729 0.935547 0.576823 0.936523 0.575521 0.936523 0.571615
0 0.558594 0.227865 0.554688 0.227865 0.553711 0.226562 0.549805 0.226562 0.548828 0.227865 0.544922 0.227865 0.543945 0.229167 0.541016 0.230469 0.541016 0.231771 0.540039 0.233073 0.540039 0.235677 0.538086 0.238281 0.533203 0.238281 0.531250 0.240885 0.531250 0.242188 0.532227 0.243490 0.532227 0.247396 0.533203 0.248698 0.533203 0.251302 0.534180 0.252604 0.535156 0.256510 0.540039 0.263021 0.540039 0.264323 0.543945 0.269531 0.545898 0.269531 0.546875 0.268229 0.550781 0.268229 0.551758 0.266927 0.554688 0.266927 0.555664 0.265625 0.558594 0.265625 0.559570 0.264323 0.559570 0.261719 0.561523 0.257812 0.561523 0.246094 0.562500 0.244792 0.562500 0.238281 0.563477 0.236979 0.562500 0.235677 0.561523 0.231771
