0 0.107422 0.195312 0.102539 0.194010 0.101562 0.195312 0.098633 0.195312 0.095703 0.197917 0.092773 0.195312 0.079102 0.195312 0.079102 0.196615 0.081055 0.195312 0.087891 0.195312 0.091797 0.199219 0.088867 0.201823 0.086914 0.201823 0.078125 0.209635 0.074219 0.210938 0.067383 0.218750 0.067383 0.226562 0.068359 0.227865 0.069336 0.234375 0.071289 0.238281 0.072266 0.244792 0.074219 0.247396 0.076172 0.255208 0.079102 0.253906 0.083008 0.257812 0.089844 0.259115 0.100586 0.252604 0.106445 0.251302 0.112305 0.247396 0.114258 0.247396 0.118164 0.240885 0.118164 0.236979 0.119141 0.235677 0.119141 0.218750 0.116211 0.213542 0.116211 0.205729
0 0.106445 0.255208 0.104492 0.256510 0.099609 0.256510 0.095703 0.260417 0.091797 0.260417 0.089844 0.261719 0.089844 0.263021 0.086914 0.268229 0.087891 0.272135 0.086914 0.273438 0.086914 0.277344 0.085938 0.278646 0.085938 0.283854 0.084961 0.285156 0.084961 0.295573 0.085938 0.296875 0.085938 0.303385 0.088867 0.311198 0.092773 0.313802 0.099609 0.315104 0.102539 0.317708 0.103516 0.317708 0.110352 0.308594 0.114258 0.305990 0.121094 0.305990 0.122070 0.307292 0.124023 0.305990 0.125000 0.303385 0.125000 0.299479 0.125977 0.298177 0.125977 0.287760 0.121094 0.281250 0.121094 0.279948 0.115234 0.270833 0.112305 0.261719 0.108398 0.256510
0 0.140625 0.218750 0.136719 0.218750 0.135742 0.220052 0.129883 0.221354 0.125000 0.226562 0.122070 0.234375 0.121094 0.242188 0.118164 0.248698 0.118164 0.251302 0.114258 0.261719 0.115234 0.264323 0.115234 0.268229 0.117188 0.270833 0.117188 0.272135 0.120117 0.276042 0.120117 0.277344 0.126953 0.285156 0.130859 0.285156 0.131836 0.283854 0.139648 0.283854 0.140625 0.282552 0.150391 0.282552 0.157227 0.277344 0.157227 0.276042 0.161133 0.272135 0.157227 0.269531 0.156250 0.266927 0.162109 0.260417 0.163086 0.257812 0.163086 0.253906 0.165039 0.252604 0.165039 0.251302 0.164062 0.251302 0.162109 0.248698 0.162109 0.247396 0.161133 0.247396 0.158203 0.251302 0.156250 0.248698 0.156250 0.246094 0.153320 0.238281 0.153320 0.230469 0.151367 0.230469 0.147461 0.227865 0.145508 0.225260 0.145508 0.221354 0.141602 0.220052
0 0.152344 0.285156 0.152344 0.295573 0.151367 0.296875 0.151367 0.315104 0.153320 0.317708 0.158203 0.333333 0.161133 0.337240 0.164062 0.337240 0.165039 0.338542 0.171875 0.337240 0.173828 0.338542 0.174805 0.337240 0.178711 0.337240 0.181641 0.334635 0.192383 0.334635 0.194336 0.330729 0.197266 0.330729 0.198242 0.329427 0.196289 0.325521 0.200195 0.315104 0.200195 0.304688 0.193359 0.294271 0.191406 0.287760 0.187500 0.285156 0.185547 0.285156 0.184570 0.283854 0.153320 0.283854
0 0.111328 0.309896 0.109375 0.312500 0.108398 0.312500 0.108398 0.313802 0.102539 0.321615 0.101562 0.324219 0.102539 0.330729 0.104492 0.334635 0.104492 0.339844 0.105469 0.341146 0.106445 0.348958 0.110352 0.358073 0.113281 0.361979 0.114258 0.365885 0.117188 0.369792 0.119141 0.371094 0.122070 0.371094 0.123047 0.372396 0.130859 0.371094 0.132812 0.369792 0.136719 0.364583 0.136719 0.363281 0.139648 0.359375 0.140625 0.359375 0.140625 0.358073 0.151367 0.345052 0.151367 0.334635 0.149414 0.333333 0.147461 0.324219 0.143555 0.319010 0.146484 0.315104 0.144531 0.313802 0.133789 0.313802 0.132812 0.312500 0.130859 0.312500 0.129883 0.311198 0.127930 0.311198 0.124023 0.308594 0.114258 0.308594 0.113281 0.309896
0 0.149414 0.367188 0.148438 0.369792 0.145508 0.369792 0.141602 0.372396 0.141602 0.373698 0.139648 0.375000 0.136719 0.378906 0.136719 0.380208 0.132812 0.384115 0.131836 0.389323 0.130859 0.390625 0.130859 0.394531 0.129883 0.395833 0.129883 0.407552 0.130859 0.408854 0.130859 0.412760 0.132812 0.415365 0.133789 0.420573 0.135742 0.424479 0.146484 0.427083 0.149414 0.429688 0.153320 0.429688 0.154297 0.430990 0.157227 0.430990 0.158203 0.432292 0.159180 0.430990 0.162109 0.430990 0.163086 0.429688 0.166992 0.428385 0.173828 0.417969 0.173828 0.415365 0.174805 0.414062 0.174805 0.406250 0.177734 0.399740 0.177734 0.393229 0.176758 0.390625 0.168945 0.381510 0.163086 0.380208 0.162109 0.378906 0.159180 0.378906 0.158203 0.377604 0.156250 0.378906 0.153320 0.378906 0.152344 0.380208 0.146484 0.378906 0.145508 0.376302 0.147461 0.373698 0.148438 0.369792 0.152344 0.367188
0 0.123047 0.378906 0.122070 0.378906 0.121094 0.380208 0.118164 0.380208 0.117188 0.381510 0.110352 0.381510 0.109375 0.382812 0.106445 0.382812 0.105469 0.384115 0.102539 0.385417 0.100586 0.388021 0.100586 0.389323 0.098633 0.393229 0.098633 0.397135 0.097656 0.398438 0.097656 0.403646 0.098633 0.404948 0.098633 0.412760 0.099609 0.414062 0.100586 0.423177 0.102539 0.425781 0.102539 0.427083 0.104492 0.429688 0.104492 0.430990 0.107422 0.434896 0.108398 0.434896 0.112305 0.438802 0.116211 0.438802 0.117188 0.437500 0.125977 0.437500 0.126953 0.436198 0.130859 0.436198 0.133789 0.432292 0.133789 0.421875 0.132812 0.420573 0.132812 0.417969 0.128906 0.408854 0.128906 0.394531 0.129883 0.393229 0.130859 0.386719 0.125977 0.380208 0.124023 0.380208
0 0.118164 0.438802 0.114258 0.441406 0.112305 0.444010 0.111328 0.446615 0.111328 0.449219 0.109375 0.453125 0.109375 0.455729 0.108398 0.457031 0.108398 0.463542 0.107422 0.464844 0.107422 0.470052 0.106445 0.471354 0.106445 0.477865 0.105469 0.479167 0.106445 0.485677 0.114258 0.496094 0.116211 0.497396 0.118164 0.497396 0.119141 0.498698 0.124023 0.498698 0.125000 0.500000 0.128906 0.500000 0.132812 0.497396 0.137695 0.497396 0.139648 0.496094 0.140625 0.492188 0.142578 0.489583 0.143555 0.489583 0.148438 0.484375 0.151367 0.476562 0.151367 0.464844 0.147461 0.458333 0.147461 0.455729 0.146484 0.453125 0.143555 0.449219 0.141602 0.447917 0.139648 0.447917 0.138672 0.446615 0.136719 0.446615 0.130859 0.438802
0 0.089844 0.513021 0.089844 0.518229 0.090820 0.519531 0.090820 0.536458 0.091797 0.537760 0.091797 0.548177 0.094727 0.550781 0.102539 0.550781 0.103516 0.552083 0.108398 0.553385 0.112305 0.558594 0.114258 0.558594 0.115234 0.559896 0.117188 0.558594 0.120117 0.558594 0.121094 0.559896 0.123047 0.559896 0.124023 0.558594 0.131836 0.558594 0.135742 0.554688 0.135742 0.548177 0.139648 0.540365 0.139648 0.533854 0.140625 0.532552 0.140625 0.518229 0.133789 0.506510 0.131836 0.506510 0.130859 0.505208 0.125000 0.505208 0.124023 0.503906 0.122070 0.503906 0.120117 0.501302 0.116211 0.498698 0.106445 0.498698 0.101562 0.503906 0.097656 0.503906 0.094727 0.509115 0.091797 0.510417
0 0.210938 0.513021 0.203125 0.510417 0.198242 0.506510 0.191406 0.505208 0.190430 0.506510 0.184570 0.506510 0.172852 0.514323 0.168945 0.519531 0.167969 0.524740 0.161133 0.533854 0.161133 0.541667 0.162109 0.542969 0.162109 0.545573 0.164062 0.546875 0.166992 0.552083 0.166016 0.559896 0.168945 0.563802 0.171875 0.565104 0.177734 0.571615 0.178711 0.570312 0.184570 0.570312 0.187500 0.563802 0.196289 0.552083 0.200195 0.549479 0.202148 0.549479 0.205078 0.545573 0.206055 0.542969 0.206055 0.537760 0.203125 0.532552 0.203125 0.522135 0.204102 0.520833 0.206055 0.520833 0.208008 0.523438 0.208984 0.519531 0.210938 0.516927
0 0.234375 0.544271 0.233398 0.542969 0.220703 0.542969 0.214844 0.546875 0.211914 0.546875 0.210938 0.548177 0.205078 0.548177 0.197266 0.553385 0.188477 0.565104 0.186523 0.570312 0.186523 0.585938 0.189453 0.589844 0.190430 0.593750 0.192383 0.596354 0.196289 0.597656 0.206055 0.604167 0.209961 0.604167 0.210938 0.605469 0.215820 0.605469 0.216797 0.604167 0.217773 0.605469 0.219727 0.605469 0.221680 0.600260 0.223633 0.598958 0.229492 0.591146 0.230469 0.591146 0.230469 0.589844 0.234375 0.584635 0.231445 0.579427 0.231445 0.576823 0.229492 0.571615 0.229492 0.565104 0.228516 0.563802 0.228516 0.561198 0.226562 0.558594 0.226562 0.553385 0.228516 0.550781 0.232422 0.552083 0.234375 0.548177
0 0.206055 0.429688 0.193359 0.429688 0.189453 0.433594 0.184570 0.433594 0.179688 0.437500 0.176758 0.442708 0.176758 0.450521 0.177734 0.451823 0.177734 0.475260 0.176758 0.476562 0.176758 0.481771 0.189453 0.493490 0.198242 0.493490 0.199219 0.492188 0.202148 0.492188 0.204102 0.490885 0.204102 0.485677 0.208008 0.481771 0.208008 0.477865 0.208984 0.476562 0.208008 0.473958 0.202148 0.471354 0.199219 0.466146 0.199219 0.457031 0.201172 0.455729 0.204102 0.459635 0.203125 0.467448 0.205078 0.467448 0.205078 0.460938 0.208984 0.457031 0.208984 0.453125 0.204102 0.449219 0.201172 0.454427 0.197266 0.453125 0.193359 0.458333 0.190430 0.458333 0.187500 0.455729 0.193359 0.444010 0.194336 0.438802 0.201172 0.430990 0.208008 0.433594
0 0.235352 0.473958 0.232422 0.477865 0.231445 0.477865 0.231445 0.479167 0.228516 0.483073 0.227539 0.483073 0.218750 0.493490 0.217773 0.496094 0.217773 0.498698 0.219727 0.503906 0.220703 0.515625 0.224609 0.526042 0.224609 0.528646 0.225586 0.531250 0.229492 0.536458 0.230469 0.536458 0.233398 0.540365 0.235352 0.541667 0.243164 0.541667 0.244141 0.540365 0.246094 0.540365 0.249023 0.536458 0.251953 0.528646 0.251953 0.526042 0.260742 0.511719 0.255859 0.503906 0.255859 0.502604 0.251953 0.497396 0.250977 0.493490 0.248047 0.489583 0.245117 0.488281 0.243164 0.485677 0.243164 0.483073 0.242188 0.481771 0.242188 0.479167 0.240234 0.475260
0 0.260742 0.514323 0.255859 0.520833 0.254883 0.524740 0.252930 0.527344 0.252930 0.529948 0.250000 0.537760 0.250000 0.542969 0.250977 0.544271 0.251953 0.550781 0.255859 0.561198 0.257812 0.563802 0.258789 0.574219 0.262695 0.578125 0.264648 0.578125 0.265625 0.576823 0.273438 0.576823 0.274414 0.575521 0.279297 0.575521 0.280273 0.574219 0.282227 0.574219 0.291016 0.567708 0.294922 0.557292 0.294922 0.549479 0.290039 0.542969 0.289062 0.539062 0.285156 0.533854 0.282227 0.526042 0.282227 0.522135 0.284180 0.520833 0.285156 0.516927 0.281250 0.513021 0.263672 0.513021 0.262695 0.514323
0 0.248047 0.420573 0.238281 0.432292 0.237305 0.436198 0.235352 0.438802 0.233398 0.444010 0.233398 0.446615 0.232422 0.447917 0.232422 0.458333 0.231445 0.459635 0.231445 0.464844 0.232422 0.467448 0.242188 0.473958 0.247070 0.480469 0.248047 0.483073 0.248047 0.485677 0.250977 0.488281 0.258789 0.488281 0.259766 0.486979 0.262695 0.486979 0.263672 0.485677 0.265625 0.485677 0.265625 0.481771 0.267578 0.479167 0.269531 0.479167 0.271484 0.477865 0.274414 0.473958 0.275391 0.471354 0.275391 0.466146 0.276367 0.464844 0.276367 0.458333 0.277344 0.457031 0.277344 0.449219 0.274414 0.445312 0.270508 0.442708 0.262695 0.433594 0.261719 0.433594 0.258789 0.429688 0.258789 0.428385 0.253906 0.423177 0.251953 0.421875 0.249023 0.421875
0 0.262695 0.367188 0.259766 0.367188 0.258789 0.365885 0.254883 0.365885 0.253906 0.364583 0.251953 0.364583 0.248047 0.360677 0.247070 0.360677 0.245117 0.358073 0.245117 0.356771 0.243164 0.355469 0.239258 0.358073 0.232422 0.368490 0.228516 0.371094 0.227539 0.373698 0.220703 0.382812 0.219727 0.382812 0.217773 0.385417 0.216797 0.388021 0.216797 0.393229 0.217773 0.394531 0.218750 0.401042 0.219727 0.403646 0.223633 0.408854 0.227539 0.417969 0.235352 0.419271 0.238281 0.416667 0.245117 0.416667 0.246094 0.415365 0.248047 0.415365 0.255859 0.406250 0.256836 0.403646 0.256836 0.399740 0.257812 0.398438 0.257812 0.390625 0.258789 0.388021 0.263672 0.381510 0.263672 0.375000 0.259766 0.375000 0.257812 0.372396 0.257812 0.369792 0.258789 0.368490
0 0.287109 0.373698 0.278320 0.373698 0.277344 0.375000 0.274414 0.375000 0.270508 0.377604 0.263672 0.385417 0.262695 0.385417 0.258789 0.391927 0.258789 0.401042 0.257812 0.402344 0.257812 0.416667 0.256836 0.417969 0.256836 0.424479 0.267578 0.437500 0.271484 0.440104 0.273438 0.440104 0.274414 0.441406 0.280273 0.438802 0.291992 0.427083 0.296875 0.424479 0.299805 0.420573 0.300781 0.420573 0.302734 0.416667 0.302734 0.411458 0.303711 0.410156 0.303711 0.404948 0.302734 0.403646 0.302734 0.384115
0 0.255859 0.289062 0.254883 0.290365 0.254883 0.292969 0.248047 0.300781 0.248047 0.302083 0.243164 0.308594 0.243164 0.309896 0.241211 0.312500 0.240234 0.315104 0.240234 0.317708 0.237305 0.322917 0.237305 0.329427 0.238281 0.330729 0.238281 0.335938 0.239258 0.337240 0.239258 0.339844 0.244141 0.347656 0.248047 0.350260 0.251953 0.350260 0.253906 0.352865 0.256836 0.352865 0.257812 0.354167 0.259766 0.354167 0.261719 0.352865 0.271484 0.339844 0.272461 0.339844 0.281250 0.326823 0.282227 0.324219 0.282227 0.313802 0.281250 0.312500 0.281250 0.309896 0.275391 0.302083 0.271484 0.299479 0.266602 0.292969 0.264648 0.291667 0.262695 0.291667 0.259766 0.289062
0 0.320312 0.316406 0.316406 0.315104 0.315430 0.313802 0.313477 0.313802 0.312500 0.312500 0.304688 0.312500 0.303711 0.313802 0.300781 0.313802 0.297852 0.316406 0.290039 0.316406 0.289062 0.315104 0.287109 0.315104 0.283203 0.320312 0.283203 0.326823 0.282227 0.329427 0.278320 0.334635 0.278320 0.337240 0.276367 0.341146 0.276367 0.343750 0.277344 0.345052 0.277344 0.351562 0.279297 0.355469 0.279297 0.358073 0.282227 0.363281 0.282227 0.364583 0.283203 0.364583 0.286133 0.369792 0.290039 0.371094 0.291016 0.372396 0.291992 0.371094 0.295898 0.371094 0.296875 0.369792 0.303711 0.368490 0.305664 0.365885 0.306641 0.361979 0.310547 0.356771 0.312500 0.356771 0.317383 0.352865 0.321289 0.352865 0.322266 0.351562 0.325195 0.351562 0.327148 0.350260 0.327148 0.345052 0.325195 0.342448 0.322266 0.333333 0.319336 0.329427 0.319336 0.324219 0.321289 0.321615 0.321289 0.317708
0 0.331055 0.354167 0.318359 0.354167 0.314453 0.358073 0.310547 0.359375 0.306641 0.364583 0.306641 0.368490 0.305664 0.369792 0.305664 0.390625 0.304688 0.391927 0.304688 0.402344 0.306641 0.407552 0.310547 0.412760 0.315430 0.415365 0.319336 0.419271 0.324219 0.419271 0.325195 0.417969 0.331055 0.416667 0.334961 0.411458 0.339844 0.408854 0.345703 0.402344 0.345703 0.394531 0.344727 0.393229 0.344727 0.388021 0.345703 0.386719 0.346680 0.373698 0.349609 0.365885 0.348633 0.364583 0.346680 0.364583 0.345703 0.361979 0.337891 0.356771 0.332031 0.355469
0 0.351562 0.421875 0.349609 0.421875 0.348633 0.420573 0.336914 0.420573 0.335938 0.421875 0.333984 0.421875 0.330078 0.427083 0.329102 0.427083 0.325195 0.432292 0.324219 0.434896 0.324219 0.442708 0.325195 0.444010 0.325195 0.455729 0.326172 0.457031 0.326172 0.463542 0.327148 0.464844 0.327148 0.481771 0.330078 0.485677 0.332031 0.485677 0.333008 0.486979 0.340820 0.486979 0.343750 0.484375 0.345703 0.484375 0.348633 0.481771 0.350586 0.481771 0.352539 0.480469 0.356445 0.475260 0.356445 0.471354 0.355469 0.470052 0.355469 0.459635 0.354492 0.458333 0.354492 0.450521 0.355469 0.449219 0.355469 0.441406 0.356445 0.440104 0.355469 0.438802 0.355469 0.434896 0.353516 0.429688 0.353516 0.425781
0 0.353516 0.364583 0.348633 0.375000 0.348633 0.378906 0.347656 0.380208 0.347656 0.384115 0.346680 0.385417 0.346680 0.391927 0.347656 0.393229 0.347656 0.397135 0.348633 0.398438 0.347656 0.402344 0.349609 0.407552 0.349609 0.411458 0.352539 0.416667 0.356445 0.417969 0.357422 0.419271 0.360352 0.419271 0.361328 0.420573 0.368164 0.420573 0.369141 0.421875 0.372070 0.421875 0.373047 0.423177 0.376953 0.424479 0.381836 0.419271 0.382812 0.415365 0.386719 0.410156 0.396484 0.403646 0.397461 0.398438 0.398438 0.397135 0.398438 0.376302 0.397461 0.375000 0.397461 0.372396 0.395508 0.371094 0.387695 0.369792 0.386719 0.368490 0.382812 0.368490 0.378906 0.365885 0.368164 0.364583 0.367188 0.363281 0.356445 0.363281 0.355469 0.364583
0 0.368164 0.300781 0.367188 0.302083 0.365234 0.302083 0.363281 0.304688 0.360352 0.312500 0.359375 0.319010 0.356445 0.325521 0.355469 0.332031 0.352539 0.339844 0.352539 0.346354 0.353516 0.348958 0.357422 0.354167 0.358398 0.354167 0.362305 0.360677 0.364258 0.361979 0.371094 0.361979 0.372070 0.360677 0.374023 0.361979 0.380859 0.361979 0.382812 0.359375 0.384766 0.359375 0.391602 0.354167 0.391602 0.341146 0.392578 0.339844 0.392578 0.325521 0.391602 0.324219 0.391602 0.320312 0.392578 0.319010 0.396484 0.320312 0.396484 0.319010 0.395508 0.317708 0.395508 0.315104 0.389648 0.304688 0.383789 0.304688 0.382812 0.303385 0.378906 0.303385 0.375977 0.300781
0 0.363281 0.269531 0.357422 0.261719 0.351562 0.260417 0.350586 0.259115 0.339844 0.257812 0.338867 0.259115 0.328125 0.259115 0.327148 0.260417 0.325195 0.260417 0.320312 0.266927 0.320312 0.269531 0.317383 0.274740 0.314453 0.282552 0.314453 0.298177 0.313477 0.299479 0.313477 0.307292 0.315430 0.309896 0.315430 0.311198 0.319336 0.313802 0.340820 0.313802 0.341797 0.312500 0.352539 0.312500 0.354492 0.311198 0.358398 0.305990 0.359375 0.302083 0.361328 0.299479 0.362305 0.282552 0.365234 0.278646 0.365234 0.276042 0.364258 0.274740
0 0.266602 0.209635 0.259766 0.216146 0.258789 0.216146 0.253906 0.223958 0.250977 0.231771 0.250977 0.234375 0.250000 0.235677 0.250000 0.242188 0.250977 0.243490 0.250977 0.247396 0.252930 0.250000 0.256836 0.260417 0.263672 0.269531 0.265625 0.270833 0.269531 0.270833 0.270508 0.272135 0.275391 0.272135 0.276367 0.273438 0.287109 0.273438 0.288086 0.272135 0.288086 0.266927 0.294922 0.257812 0.297852 0.248698 0.299805 0.247396 0.298828 0.242188 0.296875 0.238281 0.296875 0.235677 0.299805 0.231771 0.293945 0.223958 0.292969 0.223958 0.289062 0.220052 0.286133 0.220052 0.284180 0.218750 0.276367 0.209635 0.273438 0.209635 0.272461 0.208333 0.270508 0.209635
0 0.276367 0.152344 0.270508 0.151042 0.266602 0.148438 0.259766 0.148438 0.253906 0.153646 0.248047 0.154948 0.244141 0.158854 0.243164 0.158854 0.243164 0.160156 0.241211 0.162760 0.240234 0.162760 0.239258 0.166667 0.235352 0.173177 0.235352 0.174479 0.238281 0.178385 0.241211 0.188802 0.247070 0.197917 0.249023 0.203125 0.249023 0.209635 0.254883 0.217448 0.258789 0.214844 0.261719 0.210938 0.263672 0.210938 0.268555 0.207031 0.272461 0.205729 0.281250 0.192708 0.281250 0.177083 0.285156 0.174479 0.285156 0.173177 0.284180 0.171875 0.284180 0.166667 0.283203 0.165365 0.283203 0.162760 0.281250 0.161458 0.280273 0.156250
0 0.205078 0.213542 0.201172 0.217448 0.197266 0.218750 0.193359 0.223958 0.193359 0.225260 0.188477 0.230469 0.188477 0.239583 0.195312 0.257812 0.195312 0.264323 0.196289 0.265625 0.196289 0.277344 0.197266 0.279948 0.214844 0.279948 0.215820 0.278646 0.219727 0.277344 0.225586 0.269531 0.226562 0.269531 0.226562 0.268229 0.231445 0.261719 0.232422 0.256510 0.233398 0.255208 0.233398 0.234375 0.232422 0.233073 0.232422 0.230469 0.230469 0.227865 0.228516 0.227865 0.221680 0.218750 0.217773 0.217448 0.214844 0.214844 0.210938 0.214844 0.209961 0.213542
0 0.068359 0.311198 0.062500 0.311198 0.061523 0.312500 0.056641 0.313802 0.047852 0.326823 0.047852 0.328125 0.044922 0.332031 0.043945 0.337240 0.039062 0.343750 0.038086 0.346354 0.039062 0.350260 0.042969 0.355469 0.042969 0.359375 0.044922 0.361979 0.044922 0.363281 0.053711 0.375000 0.053711 0.376302 0.056641 0.377604 0.060547 0.382812 0.060547 0.384115 0.062500 0.384115 0.063477 0.385417 0.067383 0.382812 0.069336 0.382812 0.071289 0.380208 0.071289 0.378906 0.073242 0.376302 0.073242 0.372396 0.074219 0.369792 0.078125 0.364583 0.080078 0.356771 0.083984 0.350260 0.085938 0.345052 0.086914 0.338542 0.088867 0.335938 0.090820 0.335938 0.090820 0.329427 0.083984 0.321615 0.083008 0.316406 0.081055 0.315104 0.078125 0.315104 0.077148 0.313802 0.074219 0.313802 0.073242 0.312500 0.069336 0.312500
0 0.047852 0.377604 0.046875 0.378906 0.042969 0.378906 0.040039 0.381510 0.038086 0.381510 0.034180 0.393229 0.029297 0.402344 0.029297 0.407552 0.028320 0.408854 0.028320 0.424479 0.030273 0.425781 0.032227 0.429688 0.034180 0.429688 0.037109 0.427083 0.038086 0.428385 0.038086 0.430990 0.036133 0.432292 0.036133 0.434896 0.037109 0.436198 0.038086 0.432292 0.040039 0.430990 0.042969 0.434896 0.049805 0.438802 0.051758 0.441406 0.054688 0.434896 0.055664 0.429688 0.059570 0.423177 0.062500 0.421875 0.064453 0.419271 0.066406 0.420573 0.067383 0.423177 0.068359 0.423177 0.068359 0.419271 0.070312 0.415365 0.070312 0.412760 0.075195 0.407552 0.077148 0.403646 0.077148 0.398438 0.080078 0.393229 0.078125 0.393229 0.077148 0.391927 0.071289 0.391927 0.070312 0.390625 0.065430 0.390625 0.058594 0.385417 0.052734 0.377604
0 0.086914 0.437500 0.084961 0.436198 0.077148 0.436198 0.076172 0.437500 0.071289 0.437500 0.070312 0.438802 0.067383 0.438802 0.066406 0.440104 0.064453 0.440104 0.060547 0.442708 0.054688 0.442708 0.051758 0.446615 0.051758 0.449219 0.049805 0.454427 0.049805 0.471354 0.050781 0.472656 0.050781 0.480469 0.052734 0.485677 0.059570 0.496094 0.062500 0.496094 0.063477 0.494792 0.080078 0.494792 0.083984 0.492188 0.085938 0.489583 0.087891 0.489583 0.093750 0.483073 0.094727 0.480469 0.094727 0.475260 0.092773 0.471354 0.093750 0.468750 0.093750 0.451823 0.092773 0.450521 0.092773 0.446615 0.091797 0.444010
0 0.280273 0.591146 0.278320 0.589844 0.274414 0.589844 0.273438 0.588542 0.270508 0.588542 0.269531 0.587240 0.267578 0.587240 0.265625 0.584635 0.259766 0.580729 0.256836 0.580729 0.255859 0.582031 0.252930 0.582031 0.251953 0.583333 0.247070 0.584635 0.244141 0.588542 0.243164 0.588542 0.238281 0.595052 0.238281 0.596354 0.235352 0.600260 0.235352 0.602865 0.234375 0.604167 0.234375 0.606771 0.235352 0.608073 0.235352 0.618490 0.236328 0.619792 0.236328 0.623698 0.239258 0.630208 0.239258 0.632812 0.244141 0.639323 0.246094 0.639323 0.250000 0.641927 0.263672 0.641927 0.264648 0.640625 0.267578 0.640625 0.271484 0.638021 0.281250 0.619792 0.281250 0.606771 0.280273 0.605469 0.280273 0.601562 0.279297 0.600260 0.279297 0.595052 0.280273 0.593750
0 0.310547 0.632812 0.309570 0.632812 0.306641 0.636719 0.304688 0.634115 0.303711 0.630208 0.301758 0.630208 0.294922 0.634115 0.292969 0.636719 0.291016 0.636719 0.284180 0.641927 0.282227 0.641927 0.276367 0.647135 0.271484 0.648438 0.268555 0.651042 0.266602 0.651042 0.262695 0.653646 0.262695 0.654948 0.259766 0.658854 0.255859 0.671875 0.255859 0.675781 0.258789 0.682292 0.263672 0.688802 0.269531 0.692708 0.271484 0.695312 0.271484 0.697917 0.272461 0.696615 0.275391 0.696615 0.276367 0.697917 0.285156 0.697917 0.286133 0.696615 0.290039 0.696615 0.291016 0.695312 0.293945 0.695312 0.295898 0.694010 0.298828 0.690104 0.298828 0.678385 0.302734 0.669271 0.302734 0.664062 0.306641 0.654948 0.308594 0.643229 0.311523 0.638021
0 0.337891 0.634115 0.335938 0.635417 0.325195 0.635417 0.315430 0.640625 0.312500 0.644531 0.312500 0.645833 0.310547 0.647135 0.308594 0.653646 0.305664 0.658854 0.303711 0.669271 0.301758 0.673177 0.301758 0.675781 0.299805 0.680990 0.299805 0.686198 0.301758 0.691406 0.305664 0.696615 0.310547 0.699219 0.313477 0.703125 0.320312 0.703125 0.321289 0.701823 0.325195 0.701823 0.326172 0.700521 0.336914 0.696615 0.344727 0.688802 0.346680 0.684896 0.346680 0.682292 0.348633 0.679688 0.348633 0.674479 0.346680 0.677083 0.343750 0.674479 0.345703 0.670573 0.348633 0.671875 0.348633 0.669271 0.343750 0.662760 0.343750 0.658854 0.342773 0.656250 0.340820 0.654948 0.337891 0.649740 0.337891 0.648438 0.340820 0.645833 0.341797 0.643229 0.339844 0.636719
0 0.341797 0.572917 0.338867 0.572917 0.337891 0.571615 0.335938 0.571615 0.333984 0.567708 0.330078 0.567708 0.326172 0.570312 0.314453 0.570312 0.310547 0.572917 0.309570 0.578125 0.308594 0.579427 0.308594 0.582031 0.307617 0.583333 0.307617 0.587240 0.306641 0.588542 0.305664 0.597656 0.303711 0.601562 0.303711 0.605469 0.302734 0.606771 0.302734 0.618490 0.304688 0.621094 0.304688 0.623698 0.306641 0.626302 0.310547 0.627604 0.316406 0.631510 0.324219 0.631510 0.325195 0.630208 0.328125 0.630208 0.329102 0.628906 0.333008 0.628906 0.340820 0.621094 0.340820 0.613281 0.339844 0.611979 0.339844 0.595052 0.341797 0.591146 0.341797 0.587240 0.343750 0.582031 0.343750 0.576823
0 0.319336 0.514323 0.319336 0.516927 0.318359 0.518229 0.318359 0.542969 0.323242 0.555990 0.346680 0.555990 0.347656 0.554688 0.354492 0.554688 0.355469 0.553385 0.358398 0.553385 0.360352 0.550781 0.360352 0.545573 0.359375 0.544271 0.359375 0.541667 0.358398 0.540365 0.358398 0.536458 0.357422 0.535156 0.357422 0.527344 0.356445 0.526042 0.356445 0.519531 0.355469 0.518229 0.355469 0.515625 0.356445 0.514323 0.356445 0.503906 0.346680 0.503906 0.345703 0.502604 0.338867 0.502604 0.337891 0.501302 0.332031 0.501302 0.326172 0.505208
0 0.387695 0.484375 0.384766 0.484375 0.383789 0.483073 0.380859 0.483073 0.379883 0.481771 0.375977 0.481771 0.375000 0.483073 0.371094 0.484375 0.366211 0.489583 0.359375 0.493490 0.357422 0.496094 0.357422 0.511719 0.356445 0.513021 0.356445 0.519531 0.357422 0.520833 0.357422 0.531250 0.358398 0.532552 0.358398 0.537760 0.359375 0.539062 0.359375 0.541667 0.362305 0.548177 0.364258 0.549479 0.367188 0.549479 0.368164 0.550781 0.372070 0.550781 0.375977 0.546875 0.383789 0.541667 0.385742 0.541667 0.388672 0.539062 0.392578 0.537760 0.392578 0.536458 0.395508 0.532552 0.395508 0.528646 0.394531 0.527344 0.394531 0.503906 0.395508 0.502604 0.395508 0.498698 0.396484 0.497396 0.394531 0.494792 0.392578 0.489583
0 0.413086 0.429688 0.407227 0.429688 0.406250 0.430990 0.403320 0.430990 0.402344 0.432292 0.400391 0.432292 0.396484 0.434896 0.393555 0.434896 0.389648 0.437500 0.380859 0.449219 0.379883 0.449219 0.377930 0.453125 0.377930 0.462240 0.376953 0.463542 0.377930 0.470052 0.385742 0.479167 0.387695 0.479167 0.389648 0.481771 0.391602 0.483073 0.393555 0.483073 0.394531 0.484375 0.396484 0.484375 0.399414 0.486979 0.407227 0.486979 0.408203 0.485677 0.415039 0.485677 0.416016 0.484375 0.417969 0.484375 0.421875 0.481771 0.421875 0.477865 0.422852 0.476562 0.422852 0.467448 0.423828 0.466146 0.422852 0.463542 0.422852 0.458333 0.421875 0.457031 0.421875 0.449219 0.417969 0.442708 0.414062 0.440104 0.413086 0.436198 0.411133 0.433594 0.411133 0.432292
0 0.403320 0.489583 0.402344 0.494792 0.399414 0.497396 0.397461 0.502604 0.397461 0.511719 0.396484 0.513021 0.396484 0.518229 0.397461 0.519531 0.397461 0.528646 0.398438 0.531250 0.406250 0.541667 0.407227 0.544271 0.408203 0.544271 0.413086 0.549479 0.430664 0.549479 0.439453 0.540365 0.440430 0.536458 0.444336 0.529948 0.444336 0.524740 0.445312 0.523438 0.445312 0.515625 0.444336 0.514323 0.443359 0.507812 0.442383 0.507812 0.439453 0.503906 0.439453 0.502604 0.433594 0.494792 0.432617 0.490885 0.429688 0.488281 0.427734 0.488281 0.426758 0.486979 0.425781 0.488281 0.418945 0.488281 0.417969 0.486979 0.408203 0.486979 0.407227 0.488281
0 0.455078 0.440104 0.450195 0.440104 0.447266 0.442708 0.444336 0.442708 0.438477 0.446615 0.434570 0.453125 0.434570 0.471354 0.435547 0.472656 0.435547 0.483073 0.434570 0.484375 0.434570 0.488281 0.435547 0.489583 0.435547 0.493490 0.436523 0.496094 0.438477 0.498698 0.439453 0.498698 0.446289 0.507812 0.452148 0.507812 0.453125 0.506510 0.455078 0.506510 0.458984 0.502604 0.468750 0.500000 0.470703 0.497396 0.472656 0.492188 0.472656 0.489583 0.474609 0.486979 0.474609 0.480469 0.475586 0.479167 0.475586 0.468750 0.474609 0.467448 0.474609 0.460938 0.472656 0.458333 0.472656 0.457031 0.465820 0.449219 0.465820 0.447917 0.462891 0.447917 0.460938 0.446615
0 0.495117 0.492188 0.492188 0.492188 0.490234 0.494792 0.487305 0.494792 0.486328 0.496094 0.484375 0.496094 0.480469 0.500000 0.477539 0.500000 0.467773 0.510417 0.463867 0.511719 0.461914 0.514323 0.460938 0.514323 0.456055 0.527344 0.456055 0.537760 0.458984 0.542969 0.461914 0.553385 0.469727 0.563802 0.469727 0.565104 0.473633 0.569010 0.481445 0.565104 0.484375 0.561198 0.485352 0.561198 0.494141 0.552083 0.503906 0.545573 0.505859 0.542969 0.506836 0.537760 0.508789 0.533854 0.508789 0.527344 0.507812 0.526042 0.507812 0.523438 0.505859 0.518229 0.500000 0.511719 0.499023 0.509115 0.499023 0.501302 0.498047 0.500000 0.497070 0.493490
0 0.448242 0.557292 0.442383 0.557292 0.441406 0.555990 0.439453 0.555990 0.438477 0.554688 0.434570 0.553385 0.431641 0.555990 0.429688 0.555990 0.425781 0.558594 0.422852 0.558594 0.418945 0.561198 0.410156 0.571615 0.406250 0.574219 0.404297 0.578125 0.404297 0.592448 0.405273 0.593750 0.406250 0.598958 0.409180 0.602865 0.409180 0.604167 0.413086 0.608073 0.416992 0.609375 0.417969 0.610677 0.419922 0.610677 0.424805 0.614583 0.435547 0.614583 0.439453 0.611979 0.441406 0.609375 0.441406 0.608073 0.444336 0.604167 0.445312 0.604167 0.455078 0.591146 0.457031 0.585938 0.456055 0.583333 0.456055 0.574219 0.453125 0.567708 0.453125 0.563802
0 0.360352 0.554688 0.359375 0.555990 0.357422 0.555990 0.350586 0.565104 0.350586 0.569010 0.345703 0.579427 0.345703 0.582031 0.344727 0.583333 0.344727 0.585938 0.343750 0.587240 0.343750 0.589844 0.341797 0.595052 0.341797 0.598958 0.340820 0.600260 0.340820 0.608073 0.341797 0.609375 0.341797 0.611979 0.344727 0.611979 0.349609 0.615885 0.354492 0.617188 0.358398 0.619792 0.360352 0.622396 0.366211 0.622396 0.373047 0.617188 0.375000 0.617188 0.381836 0.610677 0.381836 0.595052 0.382812 0.593750 0.382812 0.587240 0.383789 0.584635 0.380859 0.576823 0.378906 0.574219 0.379883 0.572917 0.379883 0.569010 0.377930 0.566406 0.376953 0.562500 0.375977 0.562500 0.370117 0.554688
0 0.408203 0.617188 0.406250 0.617188 0.403320 0.621094 0.401367 0.617188 0.399414 0.617188 0.397461 0.619792 0.388672 0.622396 0.388672 0.625000 0.386719 0.627604 0.384766 0.627604 0.383789 0.631510 0.375977 0.640625 0.375000 0.645833 0.374023 0.647135 0.374023 0.654948 0.375000 0.656250 0.375000 0.658854 0.377930 0.667969 0.377930 0.670573 0.376953 0.671875 0.377930 0.678385 0.378906 0.678385 0.383789 0.683594 0.392578 0.688802 0.403320 0.688802 0.408203 0.683594 0.410156 0.677083 0.412109 0.674479 0.414062 0.667969 0.416016 0.665365 0.418945 0.656250 0.424805 0.647135 0.424805 0.644531 0.425781 0.643229 0.423828 0.632812 0.419922 0.627604 0.416992 0.626302 0.415039 0.623698 0.415039 0.622396 0.410156 0.619792
0 0.442383 0.617188 0.442383 0.618490 0.440430 0.621094 0.439453 0.621094 0.432617 0.631510 0.432617 0.634115 0.431641 0.635417 0.431641 0.640625 0.430664 0.641927 0.430664 0.654948 0.428711 0.660156 0.428711 0.665365 0.430664 0.667969 0.435547 0.667969 0.436523 0.669271 0.445312 0.669271 0.446289 0.670573 0.453125 0.670573 0.454102 0.671875 0.460938 0.671875 0.461914 0.673177 0.466797 0.673177 0.470703 0.670573 0.474609 0.665365 0.475586 0.660156 0.476562 0.658854 0.476562 0.654948 0.481445 0.647135 0.481445 0.638021 0.479492 0.632812 0.474609 0.625000 0.474609 0.623698 0.473633 0.623698 0.471680 0.621094 0.470703 0.615885 0.469727 0.615885 0.469727 0.619792 0.465820 0.623698 0.464844 0.622396 0.458008 0.622396 0.457031 0.621094 0.454102 0.621094 0.452148 0.619792 0.450195 0.615885 0.444336 0.615885
0 0.513672 0.572917 0.510742 0.578125 0.508789 0.578125 0.507812 0.576823 0.502930 0.575521 0.500977 0.572917 0.496094 0.572917 0.495117 0.571615 0.493164 0.571615 0.491211 0.569010 0.487305 0.569010 0.481445 0.572917 0.479492 0.572917 0.474609 0.578125 0.468750 0.578125 0.465820 0.580729 0.467773 0.592448 0.470703 0.598958 0.470703 0.601562 0.472656 0.605469 0.473633 0.611979 0.479492 0.627604 0.480469 0.627604 0.483398 0.631510 0.488281 0.631510 0.489258 0.632812 0.491211 0.632812 0.492188 0.631510 0.496094 0.631510 0.497070 0.630208 0.500000 0.630208 0.506836 0.622396 0.511719 0.619792 0.514648 0.615885 0.515625 0.613281 0.515625 0.591146 0.516602 0.589844 0.516602 0.583333 0.512695 0.579427 0.513672 0.578125
0 0.350586 0.705729 0.347656 0.705729 0.346680 0.707031 0.333984 0.707031 0.326172 0.712240 0.322266 0.713542 0.317383 0.720052 0.314453 0.727865 0.314453 0.735677 0.313477 0.736979 0.313477 0.755208 0.318359 0.764323 0.319336 0.764323 0.321289 0.766927 0.324219 0.766927 0.325195 0.768229 0.328125 0.768229 0.332031 0.765625 0.339844 0.765625 0.340820 0.764323 0.345703 0.763021 0.352539 0.756510 0.352539 0.755208 0.354492 0.752604 0.354492 0.750000 0.356445 0.747396 0.354492 0.744792 0.354492 0.742188 0.352539 0.738281 0.352539 0.735677 0.350586 0.730469 0.350586 0.723958 0.351562 0.722656 0.351562 0.718750 0.352539 0.717448 0.352539 0.713542 0.353516 0.712240 0.353516 0.708333
0 0.372070 0.683594 0.371094 0.686198 0.367188 0.691406 0.365234 0.696615 0.362305 0.700521 0.360352 0.705729 0.357422 0.709635 0.356445 0.709635 0.353516 0.714844 0.353516 0.718750 0.352539 0.720052 0.352539 0.731771 0.356445 0.742188 0.361328 0.747396 0.364258 0.747396 0.365234 0.748698 0.370117 0.748698 0.373047 0.751302 0.379883 0.751302 0.385742 0.744792 0.390625 0.742188 0.390625 0.740885 0.394531 0.736979 0.396484 0.731771 0.396484 0.729167 0.395508 0.727865 0.395508 0.725260 0.393555 0.722656 0.393555 0.717448 0.394531 0.716146 0.392578 0.710938 0.392578 0.705729 0.389648 0.700521 0.390625 0.697917 0.390625 0.690104 0.386719 0.688802 0.383789 0.686198 0.380859 0.686198 0.379883 0.684896 0.376953 0.684896 0.375977 0.683594
0 0.365234 0.760417 0.363281 0.763021 0.361328 0.768229 0.361328 0.773438 0.358398 0.781250 0.353516 0.787760 0.352539 0.787760 0.352539 0.791667 0.355469 0.795573 0.356445 0.804688 0.360352 0.808594 0.362305 0.808594 0.363281 0.809896 0.365234 0.809896 0.369141 0.812500 0.372070 0.812500 0.375000 0.815104 0.377930 0.815104 0.378906 0.816406 0.380859 0.816406 0.385742 0.820312 0.388672 0.820312 0.390625 0.819010 0.396484 0.811198 0.398438 0.805990 0.398438 0.803385 0.400391 0.799479 0.400391 0.785156 0.398438 0.781250 0.398438 0.778646 0.386719 0.770833 0.383789 0.766927 0.383789 0.763021 0.381836 0.763021 0.377930 0.760417
0 0.417969 0.770833 0.416016 0.773438 0.414062 0.778646 0.413086 0.785156 0.412109 0.786458 0.412109 0.790365 0.411133 0.791667 0.411133 0.802083 0.410156 0.804688 0.406250 0.809896 0.406250 0.816406 0.407227 0.817708 0.407227 0.820312 0.410156 0.826823 0.416016 0.826823 0.416992 0.828125 0.426758 0.828125 0.427734 0.829427 0.433594 0.829427 0.435547 0.828125 0.440430 0.821615 0.440430 0.820312 0.444336 0.815104 0.445312 0.812500 0.445312 0.808594 0.446289 0.807292 0.446289 0.802083 0.447266 0.800781 0.447266 0.796875 0.448242 0.795573 0.448242 0.783854 0.447266 0.782552 0.434570 0.782552 0.433594 0.781250 0.431641 0.781250 0.429688 0.779948 0.422852 0.772135 0.420898 0.770833
0 0.439453 0.709635 0.437500 0.710938 0.437500 0.714844 0.435547 0.717448 0.432617 0.717448 0.427734 0.721354 0.419922 0.721354 0.416992 0.726562 0.415039 0.726562 0.413086 0.729167 0.411133 0.734375 0.411133 0.738281 0.410156 0.739583 0.410156 0.753906 0.416016 0.760417 0.416992 0.760417 0.418945 0.763021 0.418945 0.764323 0.419922 0.764323 0.430664 0.777344 0.437500 0.777344 0.438477 0.776042 0.440430 0.776042 0.445312 0.770833 0.447266 0.770833 0.449219 0.768229 0.450195 0.768229 0.456055 0.760417 0.457031 0.757812 0.457031 0.753906 0.458008 0.752604 0.458008 0.744792 0.457031 0.742188 0.452148 0.734375 0.451172 0.734375 0.443359 0.725260 0.443359 0.721354 0.442383 0.720052 0.442383 0.717448 0.440430 0.714844
0 0.474609 0.673177 0.469727 0.674479 0.466797 0.677083 0.463867 0.677083 0.462891 0.678385 0.458984 0.678385 0.458008 0.679688 0.455078 0.679688 0.452148 0.682292 0.450195 0.682292 0.448242 0.684896 0.447266 0.688802 0.445312 0.691406 0.443359 0.696615 0.443359 0.714844 0.444336 0.716146 0.444336 0.720052 0.447266 0.726562 0.451172 0.726562 0.457031 0.730469 0.458984 0.730469 0.459961 0.731771 0.462891 0.731771 0.463867 0.733073 0.471680 0.733073 0.476562 0.729167 0.481445 0.727865 0.489258 0.718750 0.490234 0.714844 0.487305 0.710938 0.487305 0.697917 0.486328 0.696615 0.486328 0.692708 0.485352 0.691406 0.485352 0.688802 0.483398 0.683594
0 0.493164 0.729167 0.489258 0.731771 0.487305 0.734375 0.482422 0.735677 0.475586 0.740885 0.469727 0.757812 0.469727 0.764323 0.468750 0.765625 0.468750 0.769531 0.470703 0.773438 0.470703 0.782552 0.471680 0.783854 0.471680 0.786458 0.472656 0.786458 0.476562 0.791667 0.481445 0.795573 0.484375 0.795573 0.485352 0.796875 0.499023 0.798177 0.500000 0.796875 0.503906 0.796875 0.504883 0.795573 0.509766 0.794271 0.511719 0.791667 0.516602 0.778646 0.516602 0.774740 0.517578 0.773438 0.517578 0.759115 0.515625 0.756510 0.509766 0.743490 0.503906 0.735677 0.502930 0.731771 0.500977 0.729167 0.499023 0.730469
0 0.458008 0.790365 0.458008 0.791667 0.456055 0.794271 0.452148 0.805990 0.450195 0.808594 0.450195 0.811198 0.449219 0.812500 0.449219 0.815104 0.454102 0.826823 0.454102 0.829427 0.455078 0.830729 0.456055 0.834635 0.458984 0.838542 0.459961 0.838542 0.460938 0.839844 0.463867 0.839844 0.464844 0.841146 0.473633 0.841146 0.474609 0.842448 0.482422 0.842448 0.483398 0.841146 0.488281 0.841146 0.491211 0.835938 0.491211 0.807292 0.490234 0.805990 0.488281 0.805990 0.487305 0.804688 0.476562 0.798177 0.473633 0.794271 0.471680 0.794271 0.470703 0.792969 0.467773 0.792969 0.466797 0.791667 0.464844 0.791667 0.463867 0.790365
0 0.482422 0.881510 0.481445 0.882812 0.481445 0.884115 0.480469 0.885417 0.480469 0.888021 0.479492 0.889323 0.479492 0.893229 0.478516 0.894531 0.478516 0.901042 0.477539 0.902344 0.477539 0.907552 0.476562 0.908854 0.476562 0.911458 0.475586 0.912760 0.475586 0.921875 0.476562 0.923177 0.476562 0.927083 0.477539 0.928385 0.477539 0.930990 0.481445 0.936198 0.482422 0.940104 0.484375 0.940104 0.485352 0.941406 0.502930 0.941406 0.505859 0.938802 0.505859 0.936198 0.506836 0.934896 0.506836 0.932292 0.507812 0.930990 0.507812 0.927083 0.508789 0.925781 0.508789 0.917969 0.509766 0.916667 0.509766 0.902344 0.512695 0.897135 0.512695 0.893229 0.509766 0.889323 0.506836 0.889323 0.505859 0.888021 0.501953 0.888021 0.500977 0.886719 0.497070 0.886719 0.496094 0.885417 0.494141 0.885417 0.493164 0.884115 0.491211 0.884115 0.490234 0.882812 0.483398 0.882812
0 0.497070 0.803385 0.493164 0.808594 0.493164 0.816406 0.492188 0.817708 0.492188 0.821615 0.493164 0.822917 0.493164 0.832031 0.494141 0.833333 0.494141 0.839844 0.497070 0.845052 0.498047 0.851562 0.500977 0.855469 0.500977 0.856771 0.505859 0.861979 0.507812 0.861979 0.508789 0.863281 0.515625 0.863281 0.516602 0.864583 0.524414 0.864583 0.525391 0.863281 0.529297 0.863281 0.533203 0.860677 0.537109 0.855469 0.539062 0.850260 0.539062 0.843750 0.538086 0.842448 0.538086 0.838542 0.536133 0.834635 0.534180 0.824219 0.530273 0.815104 0.530273 0.812500 0.527344 0.808594 0.527344 0.807292 0.523438 0.803385 0.520508 0.802083 0.518555 0.799479 0.514648 0.798177 0.513672 0.796875 0.511719 0.798177 0.508789 0.798177 0.507812 0.799479 0.504883 0.799479 0.503906 0.800781 0.501953 0.800781 0.500977 0.802083
0 0.547852 0.825521 0.545898 0.828125 0.542969 0.829427 0.542969 0.834635 0.541016 0.838542 0.541016 0.848958 0.540039 0.850260 0.540039 0.852865 0.537109 0.856771 0.537109 0.858073 0.533203 0.863281 0.531250 0.864583 0.531250 0.869792 0.534180 0.873698 0.534180 0.875000 0.541016 0.884115 0.546875 0.888021 0.549805 0.888021 0.550781 0.889323 0.554688 0.889323 0.556641 0.888021 0.560547 0.881510 0.564453 0.878906 0.564453 0.877604 0.566406 0.875000 0.568359 0.873698 0.570312 0.873698 0.571289 0.869792 0.575195 0.864583 0.576172 0.861979 0.576172 0.855469 0.575195 0.854167 0.575195 0.847656 0.574219 0.846354 0.574219 0.843750 0.568359 0.832031 0.566406 0.830729 0.564453 0.830729 0.563477 0.829427 0.554688 0.828125 0.552734 0.825521
0 0.563477 0.748698 0.562500 0.750000 0.556641 0.750000 0.555664 0.751302 0.543945 0.751302 0.542969 0.752604 0.541016 0.752604 0.539062 0.755208 0.533203 0.756510 0.528320 0.761719 0.528320 0.770833 0.527344 0.772135 0.527344 0.776042 0.528320 0.777344 0.528320 0.787760 0.529297 0.789062 0.529297 0.792969 0.530273 0.794271 0.531250 0.800781 0.533203 0.803385 0.535156 0.815104 0.537109 0.817708 0.537109 0.819010 0.538086 0.819010 0.540039 0.821615 0.548828 0.821615 0.552734 0.819010 0.555664 0.815104 0.559570 0.812500 0.568359 0.800781 0.568359 0.799479 0.575195 0.791667 0.575195 0.782552 0.573242 0.777344 0.573242 0.766927 0.572266 0.765625 0.572266 0.761719 0.567383 0.751302
0 0.520508 0.684896 0.515625 0.688802 0.511719 0.690104 0.503906 0.700521 0.503906 0.704427 0.501953 0.709635 0.501953 0.716146 0.502930 0.717448 0.502930 0.723958 0.507812 0.736979 0.513672 0.744792 0.514648 0.748698 0.517578 0.752604 0.523438 0.756510 0.528320 0.756510 0.533203 0.752604 0.541016 0.750000 0.547852 0.742188 0.548828 0.739583 0.548828 0.730469 0.547852 0.729167 0.547852 0.714844 0.548828 0.713542 0.548828 0.704427 0.547852 0.701823 0.541992 0.695312 0.541016 0.691406 0.538086 0.687500 0.536133 0.687500 0.535156 0.686198 0.530273 0.686198 0.529297 0.684896
0 0.516602 0.619792 0.514648 0.621094 0.513672 0.626302 0.510742 0.630208 0.504883 0.632812 0.499023 0.640625 0.497070 0.641927 0.498047 0.647135 0.500977 0.654948 0.500977 0.660156 0.503906 0.667969 0.503906 0.673177 0.506836 0.675781 0.509766 0.675781 0.512695 0.678385 0.514648 0.678385 0.519531 0.682292 0.537109 0.682292 0.539062 0.679688 0.542969 0.677083 0.545898 0.673177 0.546875 0.670573 0.546875 0.662760 0.547852 0.661458 0.547852 0.648438 0.543945 0.640625 0.541992 0.626302 0.539062 0.623698 0.527344 0.621094 0.524414 0.618490 0.519531 0.618490 0.518555 0.619792
0 0.524414 0.531250 0.519531 0.537760 0.519531 0.540365 0.518555 0.541667 0.518555 0.545573 0.517578 0.546875 0.517578 0.559896 0.520508 0.565104 0.521484 0.570312 0.524414 0.574219 0.527344 0.583333 0.531250 0.587240 0.541992 0.587240 0.542969 0.588542 0.549805 0.588542 0.550781 0.587240 0.556641 0.585938 0.561523 0.582031 0.561523 0.580729 0.565430 0.575521 0.566406 0.570312 0.567383 0.569010 0.567383 0.563802 0.568359 0.562500 0.568359 0.548177 0.567383 0.546875 0.567383 0.544271 0.561523 0.535156 0.559570 0.529948 0.556641 0.526042 0.552734 0.526042 0.548828 0.523438 0.544922 0.526042 0.542969 0.526042 0.541992 0.524740 0.538086 0.524740 0.536133 0.523438
0 0.583008 0.562500 0.572266 0.563802 0.568359 0.571615 0.567383 0.579427 0.557617 0.593750 0.548828 0.598958 0.545898 0.608073 0.545898 0.611979 0.548828 0.618490 0.553711 0.625000 0.554688 0.625000 0.561523 0.634115 0.562500 0.636719 0.564453 0.638021 0.567383 0.638021 0.568359 0.639323 0.569336 0.638021 0.573242 0.638021 0.575195 0.635417 0.578125 0.635417 0.579102 0.634115 0.585938 0.634115 0.586914 0.632812 0.588867 0.632812 0.593750 0.626302 0.597656 0.618490 0.599609 0.611979 0.599609 0.591146 0.595703 0.587240 0.593750 0.579427 0.588867 0.574219 0.586914 0.567708 0.585938 0.567708
0 0.595703 0.657552 0.593750 0.658854 0.593750 0.661458 0.591797 0.664062 0.588867 0.664062 0.587891 0.662760 0.578125 0.662760 0.577148 0.664062 0.574219 0.664062 0.573242 0.665365 0.568359 0.666667 0.564453 0.670573 0.561523 0.670573 0.560547 0.667969 0.560547 0.674479 0.559570 0.675781 0.559570 0.684896 0.558594 0.686198 0.558594 0.694010 0.564453 0.712240 0.566406 0.714844 0.566406 0.716146 0.572266 0.722656 0.579102 0.722656 0.580078 0.721354 0.582031 0.721354 0.583984 0.718750 0.592773 0.713542 0.595703 0.709635 0.600586 0.708333 0.602539 0.705729 0.603516 0.705729 0.605469 0.701823 0.605469 0.697917 0.606445 0.696615 0.606445 0.692708 0.607422 0.691406 0.607422 0.688802 0.606445 0.687500 0.606445 0.674479 0.605469 0.675781 0.603516 0.675781 0.602539 0.674479 0.603516 0.671875 0.603516 0.667969 0.600586 0.664062 0.600586 0.662760 0.599609 0.662760
0 0.614258 0.707031 0.612305 0.707031 0.611328 0.708333 0.602539 0.708333 0.601562 0.709635 0.599609 0.709635 0.594727 0.714844 0.583984 0.721354 0.582031 0.723958 0.578125 0.725260 0.577148 0.726562 0.574219 0.726562 0.571289 0.729167 0.571289 0.733073 0.570312 0.734375 0.570312 0.746094 0.574219 0.755208 0.574219 0.757812 0.582031 0.768229 0.583984 0.769531 0.588867 0.769531 0.589844 0.768229 0.592773 0.768229 0.593750 0.766927 0.598633 0.766927 0.601562 0.764323 0.606445 0.763021 0.615234 0.756510 0.617188 0.751302 0.617188 0.743490 0.618164 0.742188 0.618164 0.729167 0.617188 0.727865 0.617188 0.714844 0.616211 0.713542 0.616211 0.709635
0 0.609375 0.657552 0.609375 0.660156 0.610352 0.661458 0.610352 0.674479 0.615234 0.677083 0.615234 0.679688 0.613281 0.682292 0.613281 0.684896 0.615234 0.687500 0.618164 0.700521 0.625977 0.712240 0.630859 0.713542 0.631836 0.714844 0.634766 0.714844 0.636719 0.717448 0.638672 0.717448 0.639648 0.718750 0.642578 0.718750 0.643555 0.717448 0.655273 0.717448 0.656250 0.716146 0.659180 0.716146 0.662109 0.713542 0.662109 0.709635 0.663086 0.708333 0.663086 0.692708 0.661133 0.686198 0.661133 0.678385 0.660156 0.677083 0.658203 0.666667 0.655273 0.662760 0.654297 0.658854 0.650391 0.657552 0.647461 0.660156 0.635742 0.661458 0.634766 0.662760 0.629883 0.664062 0.624023 0.669271 0.617188 0.670573 0.611328 0.665365 0.611328 0.660156 0.612305 0.657552
0 0.610352 0.492188 0.610352 0.496094 0.609375 0.498698 0.605469 0.502604 0.602539 0.503906 0.599609 0.507812 0.597656 0.513021 0.597656 0.515625 0.596680 0.516927 0.596680 0.522135 0.595703 0.523438 0.596680 0.524740 0.596680 0.532552 0.597656 0.533854 0.597656 0.536458 0.600586 0.541667 0.600586 0.544271 0.602539 0.549479 0.607422 0.555990 0.627930 0.557292 0.628906 0.555990 0.638672 0.555990 0.639648 0.554688 0.641602 0.554688 0.644531 0.550781 0.645508 0.550781 0.648438 0.544271 0.648438 0.540365 0.649414 0.539062 0.648438 0.536458 0.648438 0.528646 0.649414 0.527344 0.649414 0.523438 0.650391 0.522135 0.649414 0.520833 0.648438 0.511719 0.644531 0.506510 0.638672 0.502604 0.635742 0.502604 0.633789 0.500000 0.633789 0.497396 0.630859 0.494792 0.628906 0.494792 0.627930 0.496094 0.620117 0.496094 0.619141 0.494792 0.616211 0.494792 0.614258 0.492188
0 0.513672 0.454427 0.509766 0.458333 0.504883 0.460938 0.500977 0.467448 0.500977 0.470052 0.500000 0.471354 0.500000 0.481771 0.499023 0.483073 0.499023 0.494792 0.500000 0.496094 0.500977 0.501302 0.504883 0.503906 0.507812 0.507812 0.520508 0.515625 0.527344 0.522135 0.534180 0.522135 0.539062 0.518229 0.541016 0.518229 0.545898 0.513021 0.545898 0.509115 0.547852 0.506510 0.549805 0.501302 0.549805 0.497396 0.550781 0.496094 0.550781 0.484375 0.547852 0.475260 0.548828 0.472656 0.547852 0.468750 0.545898 0.466146 0.542969 0.466146 0.539062 0.463542 0.536133 0.459635 0.531250 0.459635 0.530273 0.458333 0.524414 0.457031 0.521484 0.451823
0 0.597656 0.454427 0.592773 0.449219 0.590820 0.449219 0.584961 0.445312 0.583008 0.445312 0.580078 0.447917 0.574219 0.447917 0.569336 0.454427 0.569336 0.455729 0.564453 0.462240 0.563477 0.464844 0.562500 0.471354 0.559570 0.476562 0.557617 0.488281 0.554688 0.494792 0.554688 0.502604 0.558594 0.503906 0.563477 0.507812 0.569336 0.509115 0.570312 0.510417 0.572266 0.510417 0.573242 0.509115 0.582031 0.509115 0.583008 0.507812 0.584961 0.509115 0.589844 0.509115 0.590820 0.507812 0.593750 0.507812 0.595703 0.505208 0.596680 0.505208 0.597656 0.503906 0.597656 0.496094 0.602539 0.489583 0.605469 0.481771 0.605469 0.471354 0.603516 0.466146 0.597656 0.455729
0 0.645508 0.415365 0.641602 0.412760 0.632812 0.412760 0.631836 0.414062 0.625000 0.414062 0.624023 0.415365 0.622070 0.415365 0.618164 0.419271 0.616211 0.419271 0.615234 0.420573 0.611328 0.420573 0.606445 0.425781 0.604492 0.432292 0.601562 0.437500 0.601562 0.440104 0.599609 0.445312 0.599609 0.450521 0.602539 0.450521 0.605469 0.454427 0.605469 0.458333 0.607422 0.460938 0.609375 0.467448 0.614258 0.473958 0.617188 0.473958 0.618164 0.475260 0.628906 0.473958 0.638672 0.467448 0.642578 0.467448 0.646484 0.464844 0.646484 0.459635 0.647461 0.458333 0.648438 0.453125 0.654297 0.445312 0.655273 0.442708 0.655273 0.434896 0.653320 0.429688
0 0.570312 0.395833 0.565430 0.391927 0.555664 0.390625 0.548828 0.394531 0.539062 0.395833 0.535156 0.399740 0.534180 0.403646 0.527344 0.412760 0.524414 0.420573 0.524414 0.424479 0.523438 0.425781 0.523438 0.432292 0.524414 0.433594 0.525391 0.447917 0.527344 0.453125 0.529297 0.455729 0.530273 0.454427 0.537109 0.454427 0.538086 0.453125 0.549805 0.453125 0.550781 0.451823 0.563477 0.450521 0.564453 0.449219 0.567383 0.449219 0.569336 0.447917 0.572266 0.444010 0.578125 0.427083 0.578125 0.416667 0.577148 0.415365 0.576172 0.408854 0.574219 0.404948 0.574219 0.402344
0 0.458984 0.364583 0.457031 0.364583 0.456055 0.365885 0.451172 0.365885 0.449219 0.368490 0.445312 0.371094 0.445312 0.372396 0.442383 0.376302 0.438477 0.385417 0.436523 0.386719 0.432617 0.393229 0.432617 0.397135 0.435547 0.402344 0.435547 0.407552 0.434570 0.408854 0.434570 0.416667 0.435547 0.419271 0.444336 0.429688 0.445312 0.429688 0.447266 0.432292 0.449219 0.432292 0.453125 0.434896 0.460938 0.434896 0.466797 0.427083 0.466797 0.425781 0.469727 0.421875 0.470703 0.417969 0.473633 0.414062 0.473633 0.412760 0.476562 0.408854 0.476562 0.407552 0.480469 0.402344 0.480469 0.399740 0.481445 0.398438 0.481445 0.388021 0.480469 0.386719 0.480469 0.382812 0.478516 0.377604 0.475586 0.373698 0.471680 0.372396 0.467773 0.368490 0.465820 0.368490 0.464844 0.367188 0.462891 0.367188
0 0.494141 0.367188 0.492188 0.372396 0.492188 0.375000 0.482422 0.398438 0.482422 0.403646 0.485352 0.411458 0.487305 0.414062 0.487305 0.415365 0.493164 0.421875 0.495117 0.421875 0.499023 0.424479 0.508789 0.424479 0.509766 0.423177 0.514648 0.423177 0.515625 0.421875 0.519531 0.420573 0.524414 0.414062 0.527344 0.406250 0.529297 0.403646 0.530273 0.398438 0.534180 0.393229 0.534180 0.390625 0.533203 0.389323 0.533203 0.386719 0.532227 0.385417 0.531250 0.380208 0.524414 0.369792 0.523438 0.369792 0.519531 0.365885 0.510742 0.365885 0.509766 0.364583 0.498047 0.364583
0 0.481445 0.290365 0.477539 0.292969 0.472656 0.299479 0.470703 0.304688 0.470703 0.309896 0.469727 0.311198 0.469727 0.320312 0.468750 0.321615 0.468750 0.328125 0.467773 0.329427 0.467773 0.341146 0.468750 0.342448 0.468750 0.346354 0.469727 0.348958 0.473633 0.354167 0.475586 0.354167 0.476562 0.355469 0.480469 0.355469 0.481445 0.356771 0.499023 0.356771 0.500000 0.355469 0.501953 0.355469 0.504883 0.351562 0.506836 0.345052 0.508789 0.342448 0.508789 0.339844 0.509766 0.338542 0.509766 0.333333 0.510742 0.332031 0.510742 0.319010 0.508789 0.313802 0.508789 0.303385 0.505859 0.299479 0.505859 0.298177 0.498047 0.289062 0.487305 0.289062 0.486328 0.290365
0 0.423828 0.303385 0.421875 0.305990 0.418945 0.313802 0.418945 0.319010 0.417969 0.320312 0.417969 0.334635 0.418945 0.335938 0.418945 0.338542 0.421875 0.346354 0.433594 0.361979 0.435547 0.363281 0.437500 0.361979 0.437500 0.356771 0.438477 0.355469 0.441406 0.355469 0.442383 0.356771 0.445312 0.356771 0.446289 0.358073 0.452148 0.358073 0.454102 0.356771 0.456055 0.354167 0.456055 0.351562 0.460938 0.345052 0.460938 0.343750 0.464844 0.337240 0.464844 0.333333 0.465820 0.332031 0.465820 0.313802 0.463867 0.311198 0.463867 0.309896 0.458008 0.302083 0.445312 0.302083 0.444336 0.300781 0.435547 0.300781 0.434570 0.299479 0.431641 0.299479 0.425781 0.303385
0 0.429688 0.264323 0.427734 0.263021 0.425781 0.263021 0.420898 0.259115 0.418945 0.259115 0.415039 0.256510 0.409180 0.256510 0.406250 0.259115 0.405273 0.261719 0.405273 0.264323 0.398438 0.273438 0.398438 0.274740 0.395508 0.278646 0.393555 0.283854 0.390625 0.287760 0.390625 0.290365 0.389648 0.291667 0.389648 0.294271 0.390625 0.295573 0.391602 0.302083 0.393555 0.304688 0.393555 0.307292 0.395508 0.312500 0.397461 0.312500 0.398438 0.313802 0.404297 0.313802 0.405273 0.315104 0.414062 0.315104 0.416992 0.312500 0.417969 0.308594 0.422852 0.302083 0.435547 0.294271 0.437500 0.291667 0.438477 0.289062 0.437500 0.282552 0.435547 0.277344 0.432617 0.273438 0.431641 0.270833 0.431641 0.266927
0 0.333984 0.152344 0.331055 0.156250 0.329102 0.156250 0.327148 0.158854 0.326172 0.158854 0.320312 0.166667 0.316406 0.169271 0.313477 0.173177 0.313477 0.174479 0.307617 0.180990 0.306641 0.183594 0.306641 0.197917 0.310547 0.207031 0.316406 0.214844 0.316406 0.216146 0.320312 0.220052 0.325195 0.220052 0.326172 0.221354 0.335938 0.221354 0.336914 0.220052 0.339844 0.220052 0.344727 0.214844 0.345703 0.210938 0.348633 0.207031 0.348633 0.205729 0.352539 0.203125 0.354492 0.200521 0.354492 0.197917 0.355469 0.196615 0.355469 0.188802 0.354492 0.187500 0.354492 0.177083 0.348633 0.165365 0.347656 0.165365 0.343750 0.160156 0.339844 0.157552 0.336914 0.153646 0.334961 0.153646
0 0.372070 0.205729 0.368164 0.208333 0.362305 0.216146 0.362305 0.217448 0.360352 0.220052 0.360352 0.222656 0.355469 0.231771 0.355469 0.240885 0.360352 0.246094 0.360352 0.248698 0.363281 0.255208 0.363281 0.257812 0.369141 0.264323 0.371094 0.264323 0.373047 0.266927 0.378906 0.266927 0.379883 0.265625 0.386719 0.265625 0.387695 0.264323 0.390625 0.264323 0.395508 0.259115 0.396484 0.259115 0.397461 0.256510 0.403320 0.250000 0.403320 0.247396 0.404297 0.246094 0.404297 0.240885 0.405273 0.239583 0.405273 0.235677 0.401367 0.227865 0.400391 0.227865 0.394531 0.220052 0.391602 0.218750 0.386719 0.212240 0.382812 0.209635 0.379883 0.205729 0.377930 0.205729 0.376953 0.204427 0.375000 0.205729
0 0.426758 0.152344 0.420898 0.148438 0.415039 0.148438 0.414062 0.147135 0.407227 0.145833 0.406250 0.147135 0.403320 0.147135 0.399414 0.149740 0.388672 0.162760 0.387695 0.165365 0.387695 0.177083 0.386719 0.178385 0.386719 0.182292 0.385742 0.183594 0.385742 0.192708 0.387695 0.196615 0.388672 0.201823 0.392578 0.208333 0.397461 0.208333 0.398438 0.209635 0.406250 0.209635 0.413086 0.204427 0.415039 0.204427 0.426758 0.188802 0.427734 0.188802 0.430664 0.184896 0.434570 0.182292 0.435547 0.179688 0.435547 0.175781 0.434570 0.174479 0.432617 0.164062 0.430664 0.161458 0.429688 0.157552
0 0.440430 0.186198 0.430664 0.186198 0.428711 0.188802 0.427734 0.188802 0.426758 0.191406 0.420898 0.197917 0.419922 0.201823 0.417969 0.204427 0.414062 0.213542 0.411133 0.217448 0.410156 0.221354 0.406250 0.226562 0.406250 0.230469 0.411133 0.239583 0.416016 0.240885 0.425781 0.247396 0.434570 0.248698 0.435547 0.247396 0.438477 0.247396 0.444336 0.243490 0.447266 0.239583 0.453125 0.235677 0.458008 0.222656 0.458008 0.218750 0.455078 0.214844 0.454102 0.209635 0.455078 0.208333 0.457031 0.208333 0.458008 0.205729 0.456055 0.204427 0.449219 0.195312 0.448242 0.191406 0.445312 0.187500 0.441406 0.187500
0 0.458984 0.231771 0.456055 0.235677 0.455078 0.242188 0.451172 0.252604 0.450195 0.261719 0.449219 0.263021 0.448242 0.270833 0.447266 0.272135 0.447266 0.276042 0.446289 0.277344 0.446289 0.287760 0.453125 0.295573 0.455078 0.295573 0.456055 0.296875 0.459961 0.296875 0.462891 0.299479 0.465820 0.299479 0.467773 0.300781 0.468750 0.299479 0.470703 0.299479 0.479492 0.289062 0.481445 0.287760 0.485352 0.287760 0.491211 0.283854 0.491211 0.281250 0.492188 0.279948 0.492188 0.266927 0.493164 0.265625 0.493164 0.263021 0.491211 0.260417 0.490234 0.256510 0.489258 0.256510 0.485352 0.251302 0.483398 0.251302 0.479492 0.246094 0.478516 0.246094 0.472656 0.236979 0.468750 0.234375 0.461914 0.234375
0 0.515625 0.179688 0.513672 0.178385 0.509766 0.178385 0.506836 0.174479 0.504883 0.174479 0.503906 0.173177 0.500977 0.173177 0.500000 0.174479 0.489258 0.174479 0.488281 0.175781 0.480469 0.178385 0.472656 0.188802 0.471680 0.194010 0.470703 0.195312 0.470703 0.199219 0.469727 0.200521 0.469727 0.212240 0.468750 0.213542 0.468750 0.217448 0.471680 0.221354 0.472656 0.225260 0.477539 0.233073 0.478516 0.233073 0.482422 0.238281 0.488281 0.238281 0.503906 0.227865 0.505859 0.227865 0.508789 0.225260 0.510742 0.225260 0.513672 0.222656 0.515625 0.222656 0.519531 0.220052 0.522461 0.216146 0.522461 0.212240 0.523438 0.210938 0.522461 0.209635 0.522461 0.204427 0.521484 0.203125 0.521484 0.199219 0.517578 0.188802 0.514648 0.184896 0.514648 0.180990
0 0.558594 0.227865 0.556641 0.227865 0.555664 0.226562 0.551758 0.226562 0.549805 0.223958 0.545898 0.221354 0.542969 0.221354 0.537109 0.217448 0.533203 0.217448 0.532227 0.218750 0.530273 0.218750 0.525391 0.225260 0.524414 0.225260 0.521484 0.229167 0.516602 0.233073 0.511719 0.239583 0.510742 0.242188 0.510742 0.244792 0.509766 0.246094 0.509766 0.253906 0.508789 0.255208 0.508789 0.260417 0.509766 0.261719 0.510742 0.270833 0.512695 0.273438 0.512695 0.274740 0.530273 0.286458 0.535156 0.286458 0.540039 0.282552 0.562500 0.256510 0.562500 0.250000 0.563477 0.248698 0.562500 0.234375
0 0.585938 0.244792 0.581055 0.244792 0.580078 0.246094 0.575195 0.247396 0.567383 0.253906 0.567383 0.255208 0.563477 0.260417 0.561523 0.265625 0.561523 0.268229 0.555664 0.276042 0.555664 0.278646 0.554688 0.279948 0.554688 0.285156 0.555664 0.286458 0.556641 0.292969 0.558594 0.296875 0.558594 0.299479 0.560547 0.303385 0.560547 0.308594 0.564453 0.315104 0.569336 0.319010 0.586914 0.319010 0.587891 0.317708 0.592773 0.316406 0.602539 0.304688 0.603516 0.299479 0.607422 0.289062 0.609375 0.286458 0.609375 0.282552 0.604492 0.274740 0.604492 0.273438 0.600586 0.268229 0.599609 0.264323
0 0.604492 0.317708 0.601562 0.319010 0.592773 0.329427 0.584961 0.334635 0.581055 0.339844 0.576172 0.342448 0.572266 0.348958 0.572266 0.358073 0.575195 0.364583 0.576172 0.371094 0.580078 0.376302 0.583984 0.376302 0.587891 0.380208 0.591797 0.382812 0.596680 0.384115 0.599609 0.386719 0.603516 0.382812 0.605469 0.382812 0.606445 0.381510 0.615234 0.381510 0.616211 0.380208 0.618164 0.380208 0.622070 0.375000 0.624023 0.369792 0.624023 0.367188 0.625000 0.365885 0.625000 0.358073 0.625977 0.356771 0.625977 0.350260 0.625000 0.348958 0.625000 0.346354 0.619141 0.333333 0.607422 0.319010 0.605469 0.319010
0 0.668945 0.251302 0.666992 0.250000 0.662109 0.250000 0.661133 0.251302 0.660156 0.250000 0.657227 0.250000 0.656250 0.251302 0.645508 0.252604 0.642578 0.255208 0.640625 0.255208 0.639648 0.252604 0.637695 0.252604 0.637695 0.255208 0.636719 0.256510 0.634766 0.256510 0.630859 0.264323 0.627930 0.268229 0.626953 0.268229 0.624023 0.277344 0.624023 0.279948 0.625977 0.282552 0.625977 0.290365 0.626953 0.291667 0.627930 0.298177 0.635742 0.309896 0.637695 0.311198 0.643555 0.311198 0.644531 0.309896 0.656250 0.309896 0.657227 0.308594 0.665039 0.308594 0.666016 0.307292 0.674805 0.307292 0.678711 0.303385 0.680664 0.299479 0.680664 0.294271 0.681641 0.292969 0.680664 0.278646 0.677734 0.273438 0.677734 0.270833 0.674805 0.265625 0.671875 0.255208
0 0.773438 0.294271 0.772461 0.292969 0.766602 0.292969 0.762695 0.290365 0.758789 0.285156 0.751953 0.281250 0.742188 0.279948 0.741211 0.281250 0.730469 0.282552 0.726562 0.286458 0.723633 0.287760 0.722656 0.290365 0.718750 0.294271 0.719727 0.298177 0.722656 0.302083 0.722656 0.304688 0.721680 0.305990 0.721680 0.308594 0.718750 0.313802 0.718750 0.320312 0.715820 0.326823 0.715820 0.332031 0.717773 0.334635 0.722656 0.337240 0.728516 0.342448 0.733398 0.342448 0.734375 0.343750 0.736328 0.343750 0.737305 0.342448 0.744141 0.342448 0.745117 0.341146 0.750977 0.341146 0.751953 0.339844 0.756836 0.339844 0.757812 0.338542 0.764648 0.337240 0.771484 0.329427 0.771484 0.326823 0.772461 0.325521 0.772461 0.315104 0.773438 0.313802 0.773438 0.305990 0.774414 0.304688 0.774414 0.298177 0.773438 0.296875
0 0.757812 0.394531 0.756836 0.390625 0.752930 0.384115 0.751953 0.376302 0.748047 0.365885 0.740234 0.356771 0.736328 0.356771 0.735352 0.358073 0.725586 0.358073 0.724609 0.359375 0.722656 0.358073 0.711914 0.358073 0.710938 0.359375 0.706055 0.360677 0.698242 0.365885 0.693359 0.372396 0.693359 0.375000 0.691406 0.377604 0.691406 0.380208 0.690430 0.381510 0.692383 0.385417 0.695312 0.386719 0.698242 0.390625 0.699219 0.394531 0.702148 0.398438 0.702148 0.401042 0.705078 0.407552 0.708008 0.411458 0.711914 0.414062 0.729492 0.412760 0.730469 0.411458 0.735352 0.411458 0.736328 0.410156 0.740234 0.410156 0.744141 0.407552 0.747070 0.407552 0.752930 0.403646 0.756836 0.398438 0.756836 0.395833
0 0.739258 0.412760 0.734375 0.412760 0.733398 0.414062 0.726562 0.415365 0.718750 0.420573 0.716797 0.420573 0.712891 0.423177 0.709961 0.423177 0.708984 0.424479 0.706055 0.424479 0.703125 0.427083 0.701172 0.427083 0.695312 0.432292 0.693359 0.437500 0.693359 0.444010 0.694336 0.445312 0.694336 0.449219 0.695312 0.450521 0.695312 0.454427 0.696289 0.457031 0.699219 0.460938 0.708984 0.467448 0.715820 0.477865 0.724609 0.477865 0.727539 0.473958 0.733398 0.472656 0.734375 0.471354 0.738281 0.471354 0.739258 0.470052 0.743164 0.470052 0.749023 0.466146 0.751953 0.462240 0.754883 0.454427 0.755859 0.445312 0.747070 0.421875
0 0.672852 0.502604 0.670898 0.509115 0.670898 0.519531 0.669922 0.522135 0.667969 0.523438 0.667969 0.524740 0.668945 0.526042 0.668945 0.529948 0.669922 0.532552 0.670898 0.532552 0.673828 0.536458 0.673828 0.537760 0.674805 0.537760 0.677734 0.541667 0.677734 0.542969 0.679688 0.544271 0.683594 0.544271 0.684570 0.545573 0.689453 0.545573 0.690430 0.546875 0.693359 0.546875 0.697266 0.549479 0.706055 0.550781 0.707031 0.552083 0.714844 0.552083 0.719727 0.549479 0.720703 0.529948 0.719727 0.528646 0.719727 0.514323 0.718750 0.513021 0.718750 0.492188 0.716797 0.489583 0.714844 0.489583 0.708984 0.484375 0.694336 0.481771 0.692383 0.483073 0.691406 0.488281 0.682617 0.498698 0.675781 0.500000
0 0.667969 0.569010 0.668945 0.584635 0.670898 0.588542 0.670898 0.591146 0.674805 0.597656 0.675781 0.608073 0.676758 0.609375 0.677734 0.615885 0.682617 0.622396 0.688477 0.626302 0.694336 0.626302 0.695312 0.625000 0.697266 0.625000 0.708008 0.617188 0.709961 0.617188 0.711914 0.614583 0.719727 0.611979 0.725586 0.606771 0.725586 0.602865 0.726562 0.601562 0.726562 0.588542 0.725586 0.587240 0.725586 0.582031 0.723633 0.576823 0.718750 0.569010 0.710938 0.563802 0.707031 0.559896 0.705078 0.559896 0.704102 0.558594 0.680664 0.558594 0.679688 0.559896 0.675781 0.559896
0 0.717773 0.623698 0.714844 0.623698 0.710938 0.627604 0.708008 0.627604 0.707031 0.628906 0.704102 0.628906 0.701172 0.631510 0.698242 0.631510 0.696289 0.634115 0.690430 0.636719 0.686523 0.641927 0.686523 0.645833 0.684570 0.651042 0.684570 0.654948 0.685547 0.657552 0.688477 0.661458 0.688477 0.662760 0.696289 0.675781 0.696289 0.677083 0.701172 0.683594 0.704102 0.690104 0.708008 0.695312 0.708008 0.696615 0.710938 0.696615 0.715820 0.691406 0.724609 0.690104 0.728516 0.684896 0.730469 0.679688 0.730469 0.669271 0.734375 0.660156 0.734375 0.652344 0.732422 0.649740 0.730469 0.644531 0.727539 0.640625 0.727539 0.639323 0.720703 0.630208
0 0.771484 0.625000 0.760742 0.631510 0.756836 0.635417 0.754883 0.635417 0.748047 0.640625 0.746094 0.640625 0.744141 0.643229 0.744141 0.658854 0.746094 0.664062 0.746094 0.671875 0.748047 0.675781 0.758789 0.690104 0.759766 0.690104 0.763672 0.695312 0.767578 0.695312 0.775391 0.700521 0.780273 0.700521 0.786133 0.695312 0.791016 0.688802 0.794922 0.686198 0.795898 0.680990 0.796875 0.679688 0.796875 0.671875 0.795898 0.670573 0.794922 0.657552 0.791016 0.647135 0.791016 0.640625 0.790039 0.639323 0.790039 0.636719 0.783203 0.627604 0.781250 0.626302 0.778320 0.626302 0.777344 0.625000
0 0.728516 0.561198 0.727539 0.563802 0.727539 0.569010 0.729492 0.570312 0.732422 0.570312 0.734375 0.567708 0.739258 0.567708 0.740234 0.569010 0.734375 0.575521 0.734375 0.579427 0.728516 0.584635 0.728516 0.588542 0.729492 0.589844 0.729492 0.605469 0.730469 0.609375 0.739258 0.623698 0.744141 0.627604 0.750977 0.628906 0.759766 0.623698 0.762695 0.623698 0.769531 0.619792 0.772461 0.619792 0.782227 0.611979 0.785156 0.601562 0.785156 0.597656 0.783203 0.592448 0.783203 0.588542 0.781250 0.580729 0.768555 0.562500 0.764648 0.559896 0.745117 0.559896 0.744141 0.561198 0.742188 0.559896 0.734375 0.559896 0.733398 0.561198
0 0.756836 0.481771 0.763672 0.484375 0.764648 0.485677 0.759766 0.490885 0.755859 0.498698 0.750000 0.503906 0.749023 0.507812 0.747070 0.510417 0.746094 0.515625 0.744141 0.518229 0.744141 0.522135 0.743164 0.523438 0.744141 0.524740 0.744141 0.531250 0.747070 0.539062 0.748047 0.539062 0.750977 0.542969 0.750977 0.544271 0.754883 0.545573 0.758789 0.549479 0.760742 0.549479 0.761719 0.550781 0.780273 0.549479 0.781250 0.548177 0.784180 0.548177 0.787109 0.545573 0.791016 0.544271 0.793945 0.539062 0.793945 0.535156 0.794922 0.533854 0.793945 0.532552 0.792969 0.522135 0.791992 0.520833 0.791016 0.498698 0.789062 0.493490 0.783203 0.486979 0.776367 0.484375 0.775391 0.483073 0.770508 0.483073 0.769531 0.481771
0 0.809570 0.397135 0.804688 0.403646 0.804688 0.406250 0.805664 0.407552 0.804688 0.410156 0.804688 0.415365 0.806641 0.421875 0.806641 0.432292 0.807617 0.433594 0.808594 0.446615 0.809570 0.447917 0.809570 0.451823 0.811523 0.457031 0.817383 0.462240 0.839844 0.460938 0.841797 0.459635 0.844727 0.451823 0.848633 0.446615 0.852539 0.437500 0.855469 0.433594 0.855469 0.430990 0.857422 0.425781 0.857422 0.417969 0.852539 0.402344 0.849609 0.398438 0.846680 0.398438 0.844727 0.399740 0.841797 0.397135 0.837891 0.397135 0.836914 0.395833 0.831055 0.394531 0.830078 0.393229 0.820312 0.393229 0.819336 0.391927 0.817383 0.391927
0 0.840820 0.313802 0.839844 0.315104 0.837891 0.315104 0.835938 0.317708 0.834961 0.321615 0.832031 0.325521 0.829102 0.332031 0.827148 0.334635 0.826172 0.334635 0.824219 0.341146 0.817383 0.351562 0.817383 0.356771 0.823242 0.364583 0.825195 0.371094 0.829102 0.376302 0.829102 0.377604 0.830078 0.377604 0.834961 0.384115 0.839844 0.386719 0.844727 0.394531 0.848633 0.395833 0.856445 0.377604 0.857422 0.371094 0.861328 0.365885 0.862305 0.360677 0.864258 0.358073 0.865234 0.354167 0.868164 0.350260 0.870117 0.345052 0.870117 0.342448 0.869141 0.341146 0.869141 0.337240 0.867188 0.332031 0.860352 0.322917 0.858398 0.322917 0.851562 0.319010 0.845703 0.317708 0.843750 0.315104 0.841797 0.315104
0 0.925781 0.348958 0.919922 0.348958 0.918945 0.350260 0.912109 0.350260 0.911133 0.351562 0.907227 0.351562 0.906250 0.352865 0.902344 0.354167 0.899414 0.360677 0.899414 0.364583 0.900391 0.365885 0.900391 0.389323 0.901367 0.390625 0.901367 0.401042 0.902344 0.402344 0.903320 0.407552 0.910156 0.414062 0.916992 0.414062 0.917969 0.415365 0.919922 0.415365 0.920898 0.414062 0.926758 0.414062 0.934570 0.407552 0.939453 0.407552 0.941406 0.402344 0.941406 0.397135 0.944336 0.391927 0.945312 0.384115 0.947266 0.380208 0.947266 0.375000 0.943359 0.364583 0.940430 0.360677 0.936523 0.358073 0.934570 0.358073 0.931641 0.352865
0 0.857422 0.402344 0.856445 0.403646 0.856445 0.410156 0.859375 0.417969 0.858398 0.420573 0.858398 0.429688 0.857422 0.430990 0.857422 0.436198 0.866211 0.458333 0.874023 0.467448 0.875977 0.468750 0.884766 0.467448 0.887695 0.463542 0.892578 0.460938 0.903320 0.447917 0.906250 0.447917 0.911133 0.442708 0.912109 0.440104 0.912109 0.430990 0.908203 0.417969 0.905273 0.414062 0.905273 0.412760 0.904297 0.412760 0.898438 0.406250 0.894531 0.404948 0.886719 0.397135 0.879883 0.397135 0.878906 0.395833 0.875977 0.395833 0.875000 0.397135 0.868164 0.398438 0.864258 0.401042
0 0.960938 0.429688 0.958008 0.429688 0.955078 0.433594 0.950195 0.433594 0.947266 0.436198 0.945312 0.436198 0.936523 0.446615 0.933594 0.455729 0.929688 0.460938 0.927734 0.466146 0.927734 0.472656 0.933594 0.481771 0.935547 0.497396 0.936523 0.497396 0.936523 0.490885 0.937500 0.489583 0.939453 0.489583 0.941406 0.493490 0.947266 0.498698 0.963867 0.498698 0.964844 0.497396 0.969727 0.497396 0.973633 0.494792 0.980469 0.485677 0.981445 0.483073 0.981445 0.471354 0.979492 0.468750 0.977539 0.462240 0.975586 0.459635 0.971680 0.447917 0.967773 0.441406 0.966797 0.437500
0 0.875000 0.486979 0.875977 0.489583 0.877930 0.489583 0.878906 0.488281 0.880859 0.488281 0.881836 0.489583 0.881836 0.506510 0.880859 0.507812 0.880859 0.519531 0.879883 0.520833 0.879883 0.528646 0.878906 0.529948 0.878906 0.533854 0.879883 0.535156 0.879883 0.537760 0.882812 0.541667 0.892578 0.546875 0.907227 0.546875 0.912109 0.542969 0.914062 0.542969 0.921875 0.537760 0.923828 0.533854 0.923828 0.518229 0.924805 0.516927 0.926758 0.506510 0.925781 0.505208 0.924805 0.497396 0.919922 0.488281 0.916016 0.486979 0.910156 0.480469 0.903320 0.480469 0.902344 0.479167 0.884766 0.479167 0.883789 0.480469 0.881836 0.480469 0.877930 0.485677 0.875977 0.485677
0 0.859375 0.467448 0.857422 0.466146 0.854492 0.466146 0.853516 0.464844 0.849609 0.464844 0.848633 0.463542 0.839844 0.463542 0.838867 0.464844 0.826172 0.464844 0.822266 0.470052 0.821289 0.470052 0.817383 0.476562 0.814453 0.476562 0.816406 0.476562 0.817383 0.477865 0.817383 0.488281 0.816406 0.489583 0.816406 0.493490 0.815430 0.494792 0.815430 0.503906 0.816406 0.505208 0.816406 0.507812 0.818359 0.510417 0.818359 0.513021 0.820312 0.518229 0.823242 0.522135 0.824219 0.526042 0.829102 0.532552 0.831055 0.532552 0.832031 0.533854 0.837891 0.533854 0.838867 0.532552 0.842773 0.531250 0.846680 0.524740 0.850586 0.522135 0.853516 0.522135 0.858398 0.514323 0.858398 0.513021 0.862305 0.507812 0.868164 0.492188 0.868164 0.486979 0.864258 0.476562 0.861328 0.472656
0 0.868164 0.528646 0.866211 0.528646 0.865234 0.527344 0.858398 0.527344 0.857422 0.526042 0.852539 0.527344 0.850586 0.529948 0.844727 0.533854 0.841797 0.537760 0.840820 0.541667 0.833984 0.550781 0.828125 0.555990 0.825195 0.563802 0.825195 0.572917 0.826172 0.574219 0.826172 0.578125 0.827148 0.580729 0.831055 0.585938 0.833008 0.587240 0.837891 0.587240 0.838867 0.588542 0.840820 0.588542 0.842773 0.591146 0.848633 0.595052 0.850586 0.595052 0.851562 0.593750 0.857422 0.592448 0.871094 0.582031 0.878906 0.579427 0.887695 0.569010 0.883789 0.565104 0.884766 0.558594 0.882812 0.552083 0.874023 0.540365 0.872070 0.532552
0 0.892578 0.562500 0.891602 0.562500 0.889648 0.565104 0.889648 0.567708 0.886719 0.571615 0.886719 0.572917 0.878906 0.582031 0.876953 0.583333 0.873047 0.583333 0.872070 0.584635 0.870117 0.584635 0.868164 0.587240 0.866211 0.587240 0.862305 0.591146 0.859375 0.592448 0.857422 0.596354 0.857422 0.600260 0.859375 0.604167 0.859375 0.606771 0.862305 0.613281 0.867188 0.619792 0.868164 0.625000 0.869141 0.626302 0.872070 0.626302 0.878906 0.632812 0.886719 0.632812 0.893555 0.627604 0.895508 0.627604 0.902344 0.622396 0.906250 0.617188 0.912109 0.613281 0.914062 0.610677 0.914062 0.598958 0.913086 0.597656 0.913086 0.595052 0.908203 0.588542 0.905273 0.579427 0.898438 0.569010 0.898438 0.567708 0.894531 0.565104
0 0.814453 0.569010 0.810547 0.570312 0.805664 0.574219 0.797852 0.576823 0.796875 0.578125 0.789062 0.579427 0.785156 0.582031 0.783203 0.584635 0.783203 0.588542 0.787109 0.595052 0.787109 0.601562 0.784180 0.609375 0.784180 0.618490 0.785156 0.619792 0.785156 0.622396 0.796875 0.639323 0.798828 0.639323 0.799805 0.640625 0.802734 0.640625 0.805664 0.638021 0.807617 0.638021 0.809570 0.635417 0.816406 0.634115 0.822266 0.630208 0.831055 0.619792 0.831055 0.617188 0.832031 0.615885 0.831055 0.614583 0.831055 0.610677 0.821289 0.597656 0.818359 0.587240 0.812500 0.580729 0.813477 0.575521 0.815430 0.571615
