0 0.229492 0.493490 0.222656 0.485677 0.220703 0.484375 0.218750 0.484375 0.217773 0.483073 0.213867 0.483073 0.212891 0.481771 0.210938 0.483073 0.208984 0.483073 0.208008 0.484375 0.200195 0.484375 0.196289 0.486979 0.193359 0.490885 0.192383 0.490885 0.192383 0.492188 0.189453 0.496094 0.188477 0.496094 0.186523 0.498698 0.186523 0.501302 0.185547 0.502604 0.185547 0.509115 0.186523 0.510417 0.186523 0.529948 0.187500 0.532552 0.192383 0.539062 0.194336 0.539062 0.195312 0.540365 0.198242 0.540365 0.202148 0.542969 0.209961 0.542969 0.209961 0.541667 0.211914 0.539062 0.211914 0.535156 0.210938 0.533854 0.217773 0.524740 0.217773 0.523438 0.222656 0.518229 0.223633 0.515625 0.225586 0.515625 0.227539 0.513021 0.227539 0.510417 0.229492 0.505208 0.229492 0.501302 0.230469 0.500000 0.230469 0.496094
0 0.238281 0.490885 0.234375 0.496094 0.234375 0.497396 0.232422 0.501302 0.232422 0.505208 0.231445 0.506510 0.231445 0.510417 0.230469 0.511719 0.230469 0.520833 0.229492 0.522135 0.229492 0.523438 0.230469 0.524740 0.230469 0.528646 0.231445 0.529948 0.231445 0.531250 0.232422 0.532552 0.233398 0.532552 0.238281 0.539062 0.239258 0.539062 0.244141 0.542969 0.252930 0.542969 0.253906 0.541667 0.258789 0.541667 0.259766 0.542969 0.264648 0.542969 0.265625 0.541667 0.266602 0.541667 0.267578 0.540365 0.267578 0.537760 0.268555 0.536458 0.268555 0.532552 0.271484 0.528646 0.271484 0.526042 0.272461 0.524740 0.272461 0.513021 0.271484 0.511719 0.270508 0.507812 0.269531 0.507812 0.268555 0.506510 0.268555 0.501302 0.267578 0.500000 0.267578 0.498698 0.260742 0.489583 0.259766 0.489583 0.258789 0.488281 0.247070 0.488281 0.246094 0.489583 0.240234 0.489583 0.239258 0.490885
0 0.232422 0.574219 0.231445 0.575521 0.228516 0.576823 0.226562 0.579427 0.225586 0.579427 0.221680 0.584635 0.220703 0.584635 0.217773 0.588542 0.216797 0.588542 0.215820 0.589844 0.215820 0.592448 0.214844 0.593750 0.214844 0.602865 0.213867 0.604167 0.213867 0.617188 0.214844 0.618490 0.215820 0.622396 0.218750 0.626302 0.221680 0.627604 0.225586 0.631510 0.227539 0.631510 0.228516 0.632812 0.238281 0.632812 0.247070 0.625000 0.247070 0.621094 0.248047 0.619792 0.248047 0.617188 0.249023 0.615885 0.249023 0.606771 0.248047 0.605469 0.248047 0.600260 0.247070 0.598958 0.247070 0.593750 0.246094 0.592448 0.246094 0.576823 0.245117 0.575521 0.242188 0.575521 0.241211 0.574219
0 0.283203 0.554688 0.282227 0.554688 0.281250 0.553385 0.279297 0.553385 0.278320 0.552083 0.272461 0.552083 0.271484 0.553385 0.266602 0.553385 0.265625 0.554688 0.258789 0.555990 0.254883 0.559896 0.254883 0.561198 0.251953 0.565104 0.251953 0.566406 0.250977 0.567708 0.250000 0.571615 0.248047 0.574219 0.248047 0.576823 0.247070 0.578125 0.247070 0.592448 0.248047 0.593750 0.248047 0.597656 0.249023 0.598958 0.249023 0.601562 0.250000 0.602865 0.250000 0.604167 0.252930 0.608073 0.253906 0.608073 0.254883 0.609375 0.257812 0.609375 0.258789 0.610677 0.272461 0.610677 0.277344 0.604167 0.277344 0.602865 0.279297 0.600260 0.282227 0.591146 0.284180 0.588542 0.284180 0.574219 0.283203 0.572917 0.283203 0.559896 0.284180 0.558594 0.283203 0.557292
0 0.265625 0.623698 0.260742 0.623698 0.259766 0.622396 0.258789 0.622396 0.257812 0.623698 0.254883 0.623698 0.250000 0.627604 0.248047 0.627604 0.247070 0.628906 0.246094 0.628906 0.242188 0.634115 0.242188 0.635417 0.238281 0.641927 0.238281 0.643229 0.237305 0.644531 0.237305 0.647135 0.236328 0.648438 0.236328 0.649740 0.235352 0.651042 0.235352 0.653646 0.234375 0.654948 0.234375 0.660156 0.233398 0.661458 0.233398 0.667969 0.234375 0.669271 0.234375 0.671875 0.235352 0.673177 0.235352 0.674479 0.240234 0.680990 0.241211 0.679688 0.241211 0.677083 0.243164 0.673177 0.244141 0.673177 0.247070 0.678385 0.250000 0.674479 0.250977 0.674479 0.252930 0.671875 0.252930 0.670573 0.258789 0.662760 0.259766 0.662760 0.262695 0.658854 0.263672 0.658854 0.267578 0.653646 0.268555 0.653646 0.269531 0.652344 0.271484 0.652344 0.272461 0.651042 0.272461 0.644531 0.273438 0.643229 0.273438 0.641927 0.272461 0.640625 0.272461 0.636719 0.271484 0.635417 0.270508 0.631510 0.265625 0.625000
0 0.280273 0.653646 0.269531 0.653646 0.262695 0.661458 0.259766 0.662760 0.255859 0.667969 0.254883 0.667969 0.252930 0.673177 0.245117 0.684896 0.245117 0.687500 0.244141 0.688802 0.246094 0.692708 0.246094 0.695312 0.248047 0.700521 0.253906 0.708333 0.258789 0.709635 0.263672 0.713542 0.270508 0.713542 0.271484 0.712240 0.273438 0.712240 0.280273 0.704427 0.288086 0.699219 0.291016 0.695312 0.294922 0.694010 0.291016 0.688802 0.291992 0.687500 0.291992 0.683594 0.292969 0.682292 0.292969 0.677083 0.293945 0.675781 0.293945 0.673177 0.292969 0.671875 0.292969 0.666667 0.291016 0.664062 0.289062 0.664062 0.285156 0.661458 0.281250 0.656250
0 0.317383 0.692708 0.315430 0.692708 0.314453 0.691406 0.307617 0.691406 0.306641 0.692708 0.299805 0.694010 0.294922 0.697917 0.292969 0.697917 0.291016 0.700521 0.289062 0.700521 0.284180 0.704427 0.282227 0.704427 0.273438 0.714844 0.273438 0.717448 0.272461 0.718750 0.272461 0.723958 0.271484 0.725260 0.271484 0.738281 0.272461 0.739583 0.273438 0.747396 0.276367 0.752604 0.280273 0.755208 0.286133 0.755208 0.290039 0.752604 0.291992 0.747396 0.291992 0.736979 0.292969 0.734375 0.301758 0.723958 0.305664 0.722656 0.312500 0.717448 0.317383 0.716146 0.321289 0.710938 0.320312 0.704427 0.318359 0.700521 0.318359 0.696615 0.319336 0.695312
0 0.330078 0.717448 0.327148 0.725260 0.325195 0.725260 0.320312 0.721354 0.319336 0.718750 0.317383 0.718750 0.316406 0.720052 0.313477 0.720052 0.309570 0.723958 0.303711 0.725260 0.294922 0.733073 0.292969 0.739583 0.293945 0.752604 0.292969 0.753906 0.292969 0.765625 0.291992 0.766927 0.294922 0.777344 0.294922 0.783854 0.296875 0.787760 0.304688 0.792969 0.313477 0.795573 0.319336 0.791667 0.321289 0.791667 0.329102 0.785156 0.333984 0.783854 0.338867 0.778646 0.338867 0.770833 0.333984 0.763021 0.336914 0.751302 0.335938 0.750000 0.334961 0.740885 0.333008 0.736979 0.333008 0.733073 0.333984 0.731771 0.334961 0.734375 0.336914 0.734375 0.340820 0.739583 0.341797 0.735677 0.336914 0.726562 0.333984 0.725260 0.331055 0.721354
0 0.388672 0.736979 0.385742 0.736979 0.384766 0.738281 0.379883 0.736979 0.376953 0.739583 0.368164 0.739583 0.366211 0.740885 0.360352 0.750000 0.351562 0.757812 0.345703 0.768229 0.345703 0.770833 0.343750 0.774740 0.343750 0.777344 0.342773 0.778646 0.342773 0.787760 0.343750 0.787760 0.348633 0.794271 0.350586 0.800781 0.352539 0.803385 0.358398 0.805990 0.364258 0.812500 0.368164 0.815104 0.379883 0.815104 0.386719 0.811198 0.389648 0.807292 0.389648 0.804688 0.395508 0.798177 0.399414 0.787760 0.399414 0.785156 0.400391 0.783854 0.400391 0.766927 0.399414 0.765625 0.399414 0.761719 0.397461 0.759115 0.396484 0.746094 0.395508 0.743490 0.391602 0.743490 0.389648 0.740885
0 0.380859 0.667969 0.378906 0.667969 0.377930 0.666667 0.363281 0.666667 0.362305 0.667969 0.356445 0.667969 0.355469 0.669271 0.353516 0.669271 0.349609 0.673177 0.349609 0.674479 0.342773 0.684896 0.340820 0.694010 0.338867 0.699219 0.336914 0.701823 0.333984 0.710938 0.334961 0.712240 0.334961 0.716146 0.336914 0.718750 0.338867 0.726562 0.341797 0.730469 0.343750 0.731771 0.347656 0.731771 0.348633 0.733073 0.361328 0.733073 0.362305 0.734375 0.369141 0.734375 0.370117 0.733073 0.375000 0.731771 0.376953 0.729167 0.377930 0.729167 0.377930 0.726562 0.379883 0.721354 0.386719 0.708333 0.386719 0.704427 0.387695 0.703125 0.386719 0.694010 0.388672 0.688802 0.388672 0.682292
0 0.418945 0.720052 0.407227 0.727865 0.404297 0.731771 0.400391 0.739583 0.400391 0.742188 0.398438 0.747396 0.398438 0.752604 0.402344 0.763021 0.404297 0.773438 0.406250 0.778646 0.409180 0.782552 0.411133 0.783854 0.414062 0.783854 0.415039 0.785156 0.417969 0.785156 0.418945 0.786458 0.431641 0.786458 0.434570 0.789062 0.435547 0.787760 0.434570 0.783854 0.436523 0.781250 0.438477 0.781250 0.442383 0.778646 0.445312 0.772135 0.447266 0.770833 0.452148 0.763021 0.452148 0.756510 0.451172 0.755208 0.450195 0.743490 0.448242 0.736979 0.450195 0.733073 0.450195 0.730469 0.444336 0.726562 0.441406 0.726562 0.432617 0.721354
0 0.490234 0.710938 0.486328 0.710938 0.485352 0.709635 0.468750 0.709635 0.462891 0.713542 0.460938 0.713542 0.458008 0.717448 0.457031 0.717448 0.457031 0.718750 0.453125 0.725260 0.452148 0.730469 0.451172 0.731771 0.451172 0.747396 0.452148 0.748698 0.452148 0.752604 0.453125 0.753906 0.454102 0.760417 0.457031 0.768229 0.460938 0.774740 0.461914 0.778646 0.466797 0.778646 0.467773 0.777344 0.472656 0.776042 0.477539 0.772135 0.479492 0.772135 0.483398 0.769531 0.486328 0.765625 0.494141 0.761719 0.500000 0.755208 0.500000 0.742188 0.499023 0.740885 0.499023 0.736979 0.496094 0.727865 0.491211 0.718750
0 0.453125 0.661458 0.448242 0.661458 0.447266 0.662760 0.445312 0.662760 0.441406 0.665365 0.438477 0.665365 0.434570 0.667969 0.434570 0.669271 0.428711 0.677083 0.427734 0.679688 0.427734 0.682292 0.426758 0.683594 0.426758 0.686198 0.427734 0.687500 0.427734 0.697917 0.426758 0.699219 0.427734 0.700521 0.427734 0.707031 0.431641 0.717448 0.438477 0.722656 0.448242 0.722656 0.454102 0.718750 0.457031 0.714844 0.458008 0.714844 0.458008 0.713542 0.459961 0.710938 0.466797 0.707031 0.469727 0.701823 0.468750 0.692708 0.467773 0.691406 0.467773 0.688802 0.466797 0.687500 0.465820 0.680990 0.461914 0.670573 0.458984 0.666667 0.458008 0.666667 0.455078 0.662760
0 0.374023 0.621094 0.372070 0.626302 0.372070 0.634115 0.371094 0.635417 0.371094 0.639323 0.372070 0.640625 0.372070 0.644531 0.373047 0.645833 0.374023 0.652344 0.380859 0.664062 0.383789 0.666667 0.386719 0.666667 0.393555 0.671875 0.403320 0.674479 0.408203 0.678385 0.416016 0.677083 0.421875 0.673177 0.421875 0.671875 0.424805 0.667969 0.422852 0.665365 0.420898 0.658854 0.420898 0.654948 0.422852 0.649740 0.422852 0.645833 0.421875 0.644531 0.421875 0.617188 0.416992 0.614583 0.414062 0.614583 0.413086 0.613281 0.405273 0.611979 0.404297 0.610677 0.398438 0.610677 0.391602 0.614583 0.386719 0.614583 0.385742 0.615885 0.382812 0.615885 0.378906 0.618490 0.375977 0.618490
0 0.362305 0.638021 0.360352 0.636719 0.355469 0.636719 0.354492 0.635417 0.349609 0.635417 0.337891 0.627604 0.331055 0.628906 0.330078 0.630208 0.328125 0.630208 0.324219 0.632812 0.318359 0.641927 0.313477 0.656250 0.313477 0.665365 0.316406 0.670573 0.316406 0.671875 0.320312 0.677083 0.322266 0.682292 0.322266 0.684896 0.324219 0.687500 0.328125 0.688802 0.329102 0.690104 0.331055 0.688802 0.337891 0.688802 0.338867 0.687500 0.340820 0.687500 0.341797 0.683594 0.352539 0.667969 0.354492 0.667969 0.357422 0.665365 0.366211 0.664062 0.367188 0.662760 0.367188 0.652344 0.365234 0.648438 0.365234 0.643229
0 0.293945 0.600260 0.286133 0.605469 0.281250 0.611979 0.281250 0.613281 0.277344 0.619792 0.275391 0.625000 0.275391 0.627604 0.274414 0.628906 0.274414 0.640625 0.277344 0.645833 0.277344 0.647135 0.279297 0.649740 0.283203 0.652344 0.287109 0.658854 0.289062 0.660156 0.299805 0.660156 0.302734 0.657552 0.307617 0.656250 0.311523 0.651042 0.313477 0.649740 0.313477 0.648438 0.317383 0.641927 0.320312 0.634115 0.322266 0.632812 0.323242 0.626302 0.321289 0.622396 0.321289 0.619792 0.320312 0.617188 0.317383 0.613281 0.315430 0.611979 0.313477 0.611979 0.310547 0.608073 0.306641 0.608073 0.298828 0.601562
0 0.295898 0.545573 0.294922 0.546875 0.291992 0.548177 0.290039 0.550781 0.289062 0.550781 0.285156 0.555990 0.285156 0.561198 0.284180 0.562500 0.284180 0.570312 0.285156 0.571615 0.285156 0.579427 0.286133 0.580729 0.286133 0.587240 0.288086 0.589844 0.289062 0.589844 0.291016 0.592448 0.291992 0.592448 0.295898 0.597656 0.296875 0.597656 0.297852 0.598958 0.299805 0.598958 0.302734 0.601562 0.314453 0.601562 0.315430 0.600260 0.318359 0.598958 0.320312 0.596354 0.320312 0.593750 0.321289 0.592448 0.321289 0.582031 0.322266 0.580729 0.322266 0.576823 0.321289 0.575521 0.321289 0.571615 0.320312 0.570312 0.320312 0.553385 0.317383 0.546875 0.316406 0.546875 0.313477 0.544271 0.311523 0.544271 0.310547 0.542969 0.302734 0.542969 0.301758 0.544271 0.298828 0.544271 0.297852 0.545573
0 0.356445 0.533854 0.353516 0.533854 0.349609 0.531250 0.344727 0.531250 0.343750 0.532552 0.339844 0.532552 0.335938 0.535156 0.333984 0.537760 0.333008 0.537760 0.329102 0.542969 0.329102 0.544271 0.327148 0.546875 0.326172 0.550781 0.323242 0.555990 0.323242 0.558594 0.322266 0.559896 0.322266 0.570312 0.323242 0.571615 0.323242 0.574219 0.325195 0.576823 0.326172 0.576823 0.331055 0.583333 0.332031 0.583333 0.336914 0.591146 0.345703 0.591146 0.353516 0.585938 0.356445 0.585938 0.363281 0.576823 0.365234 0.571615 0.369141 0.566406 0.370117 0.563802 0.370117 0.554688 0.368164 0.552083 0.366211 0.544271 0.361328 0.537760 0.360352 0.537760
0 0.401367 0.493490 0.399414 0.492188 0.398438 0.493490 0.392578 0.493490 0.388672 0.496094 0.385742 0.496094 0.381836 0.498698 0.379883 0.501302 0.374023 0.502604 0.368164 0.506510 0.364258 0.511719 0.362305 0.516927 0.362305 0.527344 0.364258 0.532552 0.364258 0.536458 0.365234 0.539062 0.369141 0.544271 0.371094 0.549479 0.375977 0.555990 0.380859 0.555990 0.384766 0.559896 0.390625 0.559896 0.392578 0.558594 0.401367 0.549479 0.406250 0.537760 0.410156 0.532552 0.412109 0.531250 0.413086 0.528646 0.413086 0.513021 0.406250 0.505208 0.406250 0.503906 0.402344 0.497396
0 0.366211 0.575521 0.366211 0.588542 0.365234 0.589844 0.365234 0.597656 0.366211 0.598958 0.366211 0.604167 0.367188 0.605469 0.367188 0.608073 0.366211 0.610677 0.368164 0.614583 0.370117 0.614583 0.371094 0.615885 0.379883 0.615885 0.380859 0.614583 0.385742 0.614583 0.386719 0.613281 0.390625 0.613281 0.391602 0.611979 0.394531 0.611979 0.398438 0.609375 0.402344 0.609375 0.403320 0.610677 0.408203 0.610677 0.410156 0.606771 0.410156 0.598958 0.408203 0.593750 0.406250 0.591146 0.403320 0.583333 0.403320 0.580729 0.401367 0.575521 0.393555 0.565104 0.391602 0.563802 0.380859 0.563802 0.379883 0.565104 0.376953 0.565104 0.371094 0.569010
0 0.408203 0.539062 0.407227 0.541667 0.407227 0.545573 0.406250 0.546875 0.406250 0.557292 0.405273 0.558594 0.405273 0.574219 0.407227 0.578125 0.411133 0.580729 0.416016 0.587240 0.419922 0.589844 0.428711 0.589844 0.429688 0.588542 0.435547 0.588542 0.436523 0.587240 0.439453 0.587240 0.440430 0.585938 0.443359 0.585938 0.444336 0.584635 0.446289 0.584635 0.449219 0.580729 0.449219 0.578125 0.452148 0.572917 0.452148 0.570312 0.453125 0.569010 0.453125 0.565104 0.452148 0.563802 0.452148 0.559896 0.451172 0.558594 0.451172 0.552083 0.450195 0.549479 0.447266 0.549479 0.445312 0.546875 0.445312 0.544271 0.441406 0.541667 0.435547 0.532552 0.431641 0.529948 0.419922 0.529948 0.418945 0.531250 0.416992 0.531250 0.413086 0.533854
0 0.443359 0.592448 0.440430 0.596354 0.440430 0.610677 0.439453 0.611979 0.439453 0.640625 0.440430 0.641927 0.440430 0.644531 0.443359 0.648438 0.447266 0.651042 0.452148 0.651042 0.453125 0.652344 0.457031 0.652344 0.458008 0.651042 0.462891 0.651042 0.464844 0.649740 0.467773 0.645833 0.467773 0.644531 0.470703 0.640625 0.470703 0.639323 0.472656 0.638021 0.477539 0.631510 0.476562 0.630208 0.476562 0.618490 0.477539 0.617188 0.476562 0.615885 0.476562 0.613281 0.472656 0.610677 0.471680 0.608073 0.471680 0.605469 0.470703 0.604167 0.470703 0.601562 0.469727 0.600260 0.469727 0.597656 0.467773 0.592448 0.463867 0.589844 0.450195 0.589844 0.449219 0.591146 0.446289 0.591146 0.445312 0.592448
0 0.479492 0.631510 0.475586 0.636719 0.474609 0.636719 0.471680 0.641927 0.469727 0.643229 0.468750 0.647135 0.466797 0.649740 0.464844 0.654948 0.464844 0.660156 0.463867 0.661458 0.463867 0.673177 0.465820 0.677083 0.465820 0.679688 0.466797 0.680990 0.467773 0.687500 0.469727 0.691406 0.469727 0.694010 0.472656 0.700521 0.474609 0.700521 0.475586 0.701823 0.481445 0.701823 0.482422 0.703125 0.497070 0.703125 0.507812 0.687500 0.509766 0.682292 0.510742 0.675781 0.511719 0.674479 0.511719 0.670573 0.513672 0.665365 0.513672 0.661458 0.512695 0.660156 0.512695 0.657552 0.507812 0.649740 0.505859 0.644531 0.501953 0.644531 0.500977 0.643229 0.499023 0.643229 0.484375 0.631510
0 0.533203 0.675781 0.530273 0.679688 0.530273 0.682292 0.529297 0.683594 0.529297 0.696615 0.528320 0.697917 0.528320 0.701823 0.527344 0.703125 0.527344 0.707031 0.526367 0.708333 0.528320 0.716146 0.538086 0.729167 0.539062 0.729167 0.542969 0.733073 0.546875 0.733073 0.547852 0.734375 0.552734 0.734375 0.553711 0.735677 0.563477 0.735677 0.562500 0.733073 0.562500 0.730469 0.567383 0.722656 0.567383 0.721354 0.569336 0.718750 0.572266 0.710938 0.572266 0.704427 0.570312 0.699219 0.568359 0.696615 0.568359 0.695312 0.565430 0.691406 0.565430 0.690104 0.562500 0.686198 0.562500 0.684896 0.554688 0.674479 0.550781 0.671875 0.541992 0.671875 0.541016 0.673177 0.537109 0.673177
0 0.577148 0.648438 0.571289 0.652344 0.564453 0.660156 0.563477 0.662760 0.563477 0.671875 0.565430 0.677083 0.567383 0.679688 0.567383 0.680990 0.577148 0.695312 0.582031 0.708333 0.583984 0.709635 0.589844 0.709635 0.590820 0.710938 0.595703 0.709635 0.597656 0.707031 0.600586 0.705729 0.609375 0.694010 0.609375 0.691406 0.611328 0.686198 0.613281 0.683594 0.612305 0.680990 0.612305 0.671875 0.611328 0.670573 0.611328 0.667969 0.609375 0.662760 0.606445 0.658854 0.606445 0.657552 0.603516 0.653646 0.603516 0.652344 0.599609 0.648438 0.592773 0.648438 0.591797 0.647135 0.581055 0.647135 0.580078 0.648438
0 0.472656 0.554688 0.466797 0.563802 0.466797 0.575521 0.468750 0.582031 0.468750 0.587240 0.470703 0.591146 0.470703 0.597656 0.471680 0.598958 0.471680 0.602865 0.473633 0.609375 0.480469 0.614583 0.491211 0.615885 0.494141 0.618490 0.499023 0.618490 0.500000 0.617188 0.502930 0.617188 0.503906 0.615885 0.508789 0.614583 0.509766 0.610677 0.514648 0.605469 0.514648 0.602865 0.515625 0.601562 0.515625 0.591146 0.517578 0.587240 0.520508 0.591146 0.523438 0.585938 0.522461 0.583333 0.522461 0.579427 0.517578 0.572917 0.511719 0.561198 0.508789 0.557292 0.503906 0.553385 0.493164 0.550781 0.489258 0.548177 0.485352 0.548177
0 0.532227 0.591146 0.528320 0.593750 0.527344 0.596354 0.525391 0.597656 0.516602 0.609375 0.512695 0.611979 0.511719 0.617188 0.513672 0.621094 0.513672 0.625000 0.514648 0.626302 0.514648 0.647135 0.521484 0.657552 0.531250 0.665365 0.533203 0.665365 0.537109 0.667969 0.553711 0.667969 0.554688 0.666667 0.556641 0.666667 0.561523 0.660156 0.562500 0.656250 0.567383 0.648438 0.567383 0.641927 0.564453 0.631510 0.564453 0.617188 0.563477 0.615885 0.562500 0.606771 0.556641 0.598958 0.549805 0.593750 0.544922 0.593750 0.541016 0.591146
0 0.583984 0.565104 0.578125 0.569010 0.576172 0.569010 0.570312 0.575521 0.569336 0.575521 0.565430 0.580729 0.565430 0.591146 0.566406 0.592448 0.566406 0.600260 0.567383 0.601562 0.567383 0.605469 0.568359 0.606771 0.568359 0.617188 0.569336 0.618490 0.569336 0.623698 0.570312 0.626302 0.572266 0.628906 0.582031 0.635417 0.583984 0.638021 0.585938 0.639323 0.589844 0.639323 0.590820 0.640625 0.591797 0.639323 0.595703 0.639323 0.596680 0.638021 0.598633 0.638021 0.603516 0.632812 0.606445 0.632812 0.607422 0.631510 0.607422 0.630208 0.611328 0.623698 0.611328 0.619792 0.614258 0.613281 0.614258 0.608073 0.613281 0.606771 0.613281 0.597656 0.612305 0.596354 0.612305 0.589844 0.611328 0.588542 0.611328 0.585938 0.608398 0.582031 0.604492 0.579427 0.603516 0.576823 0.595703 0.567708 0.591797 0.565104
0 0.622070 0.604167 0.617188 0.613281 0.617188 0.617188 0.610352 0.636719 0.611328 0.639323 0.611328 0.644531 0.615234 0.652344 0.619141 0.657552 0.620117 0.662760 0.622070 0.666667 0.625977 0.669271 0.627930 0.669271 0.628906 0.667969 0.633789 0.667969 0.638672 0.671875 0.646484 0.673177 0.647461 0.671875 0.650391 0.671875 0.654297 0.669271 0.654297 0.667969 0.658203 0.662760 0.659180 0.664062 0.661133 0.664062 0.665039 0.656250 0.665039 0.653646 0.666016 0.652344 0.666016 0.627604 0.663086 0.622396 0.648438 0.613281 0.645508 0.609375 0.645508 0.606771 0.644531 0.605469 0.638672 0.604167 0.637695 0.602865 0.624023 0.602865
0 0.685547 0.567708 0.679688 0.571615 0.673828 0.579427 0.670898 0.580729 0.663086 0.588542 0.661133 0.593750 0.661133 0.598958 0.660156 0.600260 0.660156 0.611979 0.666016 0.621094 0.666016 0.622396 0.671875 0.628906 0.673828 0.628906 0.680664 0.634115 0.684570 0.634115 0.685547 0.635417 0.693359 0.635417 0.697266 0.638021 0.698242 0.636719 0.701172 0.636719 0.707031 0.632812 0.715820 0.622396 0.717773 0.613281 0.720703 0.605469 0.714844 0.597656 0.714844 0.596354 0.711914 0.593750 0.701172 0.579427 0.700195 0.575521 0.697266 0.570312 0.692383 0.567708
0 0.667969 0.513021 0.666992 0.515625 0.666992 0.519531 0.666016 0.520833 0.666016 0.540365 0.666992 0.541667 0.666992 0.544271 0.669922 0.548177 0.671875 0.559896 0.674805 0.563802 0.677734 0.570312 0.678711 0.569010 0.681641 0.569010 0.684570 0.566406 0.687500 0.566406 0.688477 0.565104 0.690430 0.566406 0.695312 0.566406 0.696289 0.567708 0.698242 0.567708 0.706055 0.562500 0.708008 0.562500 0.710938 0.558594 0.710938 0.554688 0.713867 0.546875 0.713867 0.536458 0.712891 0.535156 0.713867 0.523438 0.708984 0.516927 0.703125 0.514323 0.698242 0.507812 0.691406 0.502604 0.681641 0.502604 0.678711 0.505208 0.674805 0.506510
0 0.627930 0.542969 0.625977 0.544271 0.619141 0.553385 0.615234 0.562500 0.615234 0.565104 0.613281 0.570312 0.613281 0.579427 0.614258 0.580729 0.614258 0.583333 0.619141 0.587240 0.619141 0.589844 0.622070 0.591146 0.625977 0.597656 0.631836 0.601562 0.646484 0.602865 0.648438 0.601562 0.657227 0.589844 0.665039 0.584635 0.667969 0.580729 0.668945 0.569010 0.667969 0.567708 0.667969 0.563802 0.666992 0.561198 0.653320 0.542969 0.651367 0.542969 0.650391 0.541667 0.649414 0.542969 0.641602 0.542969 0.640625 0.541667 0.636719 0.541667 0.635742 0.540365
0 0.613281 0.501302 0.611328 0.506510 0.612305 0.507812 0.612305 0.510417 0.613281 0.513021 0.615234 0.515625 0.619141 0.518229 0.623047 0.523438 0.623047 0.524740 0.624023 0.524740 0.626953 0.528646 0.627930 0.528646 0.630859 0.532552 0.632812 0.537760 0.634766 0.539062 0.638672 0.539062 0.639648 0.540365 0.651367 0.540365 0.653320 0.539062 0.657227 0.533854 0.658203 0.533854 0.663086 0.527344 0.664062 0.524740 0.664062 0.522135 0.665039 0.520833 0.665039 0.513021 0.662109 0.507812 0.662109 0.505208 0.661133 0.502604 0.657227 0.496094 0.656250 0.493490 0.656250 0.490885 0.653320 0.486979 0.641602 0.486979 0.637695 0.484375 0.630859 0.484375 0.626953 0.488281 0.625977 0.488281 0.620117 0.496094 0.617188 0.497396
0 0.577148 0.496094 0.574219 0.500000 0.573242 0.505208 0.572266 0.506510 0.572266 0.510417 0.571289 0.511719 0.571289 0.518229 0.570312 0.519531 0.569336 0.528646 0.568359 0.529948 0.568359 0.532552 0.566406 0.537760 0.567383 0.542969 0.571289 0.548177 0.572266 0.548177 0.578125 0.557292 0.582031 0.559896 0.589844 0.559896 0.590820 0.558594 0.603516 0.559896 0.611328 0.554688 0.611328 0.553385 0.615234 0.548177 0.615234 0.541667 0.616211 0.540365 0.616211 0.537760 0.615234 0.536458 0.615234 0.531250 0.613281 0.526042 0.613281 0.522135 0.612305 0.520833 0.612305 0.518229 0.610352 0.514323 0.609375 0.509115 0.607422 0.506510 0.604492 0.505208 0.599609 0.498698 0.591797 0.493490 0.583984 0.493490 0.583008 0.494792
0 0.539062 0.529948 0.536133 0.533854 0.536133 0.535156 0.533203 0.539062 0.533203 0.540365 0.529297 0.546875 0.529297 0.550781 0.528320 0.552083 0.528320 0.558594 0.527344 0.559896 0.527344 0.570312 0.528320 0.572917 0.532227 0.578125 0.532227 0.579427 0.534180 0.582031 0.536133 0.587240 0.540039 0.589844 0.541992 0.589844 0.542969 0.591146 0.548828 0.591146 0.549805 0.592448 0.555664 0.592448 0.558594 0.589844 0.560547 0.589844 0.563477 0.585938 0.564453 0.583333 0.564453 0.580729 0.568359 0.575521 0.569336 0.575521 0.569336 0.574219 0.573242 0.569010 0.573242 0.554688 0.570312 0.549479 0.569336 0.549479 0.567383 0.546875 0.561523 0.542969 0.559570 0.542969 0.553711 0.539062 0.551758 0.536458 0.550781 0.536458 0.545898 0.529948
0 0.527344 0.513021 0.525391 0.513021 0.524414 0.514323 0.520508 0.514323 0.519531 0.515625 0.515625 0.515625 0.514648 0.516927 0.509766 0.516927 0.506836 0.519531 0.504883 0.519531 0.503906 0.520833 0.499023 0.522135 0.498047 0.523438 0.497070 0.523438 0.494141 0.527344 0.494141 0.529948 0.493164 0.531250 0.493164 0.540365 0.495117 0.544271 0.495117 0.546875 0.497070 0.549479 0.499023 0.549479 0.500000 0.550781 0.504883 0.552083 0.506836 0.554688 0.507812 0.554688 0.509766 0.557292 0.510742 0.557292 0.512695 0.559896 0.512695 0.561198 0.516602 0.566406 0.520508 0.566406 0.525391 0.559896 0.526367 0.559896 0.526367 0.558594 0.527344 0.557292 0.527344 0.552083 0.528320 0.550781 0.528320 0.546875 0.529297 0.545573 0.529297 0.542969 0.533203 0.537760 0.533203 0.536458 0.536133 0.531250 0.536133 0.527344 0.535156 0.526042 0.533203 0.519531 0.530273 0.514323 0.528320 0.514323
0 0.454102 0.467448 0.453125 0.468750 0.451172 0.468750 0.438477 0.486979 0.438477 0.490885 0.439453 0.492188 0.439453 0.510417 0.440430 0.511719 0.440430 0.514323 0.441406 0.516927 0.447266 0.523438 0.450195 0.522135 0.454102 0.526042 0.458008 0.526042 0.458984 0.524740 0.465820 0.523438 0.469727 0.520833 0.471680 0.518229 0.473633 0.518229 0.480469 0.507812 0.480469 0.506510 0.484375 0.502604 0.484375 0.501302 0.487305 0.497396 0.487305 0.496094 0.485352 0.493490 0.485352 0.490885 0.483398 0.485677 0.478516 0.480469 0.458984 0.467448
0 0.545898 0.467448 0.544922 0.468750 0.542969 0.468750 0.537109 0.472656 0.534180 0.476562 0.532227 0.481771 0.532227 0.492188 0.531250 0.493490 0.531250 0.496094 0.529297 0.501302 0.530273 0.502604 0.530273 0.505208 0.532227 0.506510 0.539062 0.515625 0.540039 0.519531 0.543945 0.526042 0.557617 0.526042 0.559570 0.524740 0.565430 0.515625 0.574219 0.492188 0.574219 0.489583 0.575195 0.488281 0.575195 0.484375 0.572266 0.476562 0.568359 0.471354 0.564453 0.468750 0.562500 0.468750 0.561523 0.467448
0 0.608398 0.428385 0.602539 0.428385 0.590820 0.436198 0.587891 0.440104 0.576172 0.447917 0.575195 0.450521 0.574219 0.459635 0.575195 0.460938 0.575195 0.468750 0.576172 0.470052 0.576172 0.472656 0.579102 0.479167 0.582031 0.480469 0.586914 0.486979 0.588867 0.488281 0.590820 0.488281 0.591797 0.489583 0.600586 0.489583 0.601562 0.490885 0.603516 0.490885 0.604492 0.489583 0.607422 0.489583 0.610352 0.486979 0.614258 0.486979 0.621094 0.479167 0.621094 0.473958 0.622070 0.472656 0.622070 0.470052 0.621094 0.468750 0.621094 0.463542 0.620117 0.462240 0.620117 0.459635 0.621094 0.458333 0.621094 0.453125 0.622070 0.451823 0.622070 0.449219 0.616211 0.434896 0.615234 0.434896
0 0.650391 0.404948 0.647461 0.404948 0.642578 0.408854 0.639648 0.408854 0.638672 0.410156 0.636719 0.410156 0.635742 0.411458 0.633789 0.411458 0.629883 0.414062 0.624023 0.423177 0.622070 0.428385 0.622070 0.430990 0.621094 0.432292 0.621094 0.436198 0.623047 0.438802 0.623047 0.440104 0.628906 0.447917 0.628906 0.449219 0.633789 0.457031 0.636719 0.470052 0.641602 0.473958 0.646484 0.473958 0.653320 0.468750 0.661133 0.467448 0.665039 0.464844 0.670898 0.458333 0.672852 0.453125 0.672852 0.450521 0.673828 0.449219 0.673828 0.436198 0.668945 0.423177 0.663086 0.415365 0.662109 0.415365 0.660156 0.412760 0.656250 0.411458
0 0.692383 0.420573 0.687500 0.423177 0.681641 0.434896 0.678711 0.442708 0.676758 0.453125 0.672852 0.463542 0.672852 0.472656 0.673828 0.473958 0.673828 0.476562 0.681641 0.486979 0.693359 0.488281 0.695312 0.485677 0.702148 0.485677 0.703125 0.486979 0.703125 0.489583 0.705078 0.490885 0.707031 0.486979 0.708984 0.486979 0.709961 0.485677 0.708008 0.483073 0.708984 0.480469 0.710938 0.479167 0.716797 0.480469 0.720703 0.476562 0.722656 0.471354 0.723633 0.463542 0.726562 0.455729 0.726562 0.445312 0.724609 0.441406 0.724609 0.438802 0.720703 0.433594 0.708008 0.421875
0 0.697266 0.365885 0.695312 0.365885 0.694336 0.364583 0.690430 0.364583 0.688477 0.363281 0.687500 0.364583 0.684570 0.364583 0.678711 0.371094 0.676758 0.376302 0.672852 0.381510 0.672852 0.382812 0.669922 0.386719 0.667969 0.391927 0.663086 0.397135 0.663086 0.399740 0.662109 0.401042 0.662109 0.410156 0.664062 0.414062 0.665039 0.414062 0.668945 0.417969 0.673828 0.419271 0.679688 0.423177 0.685547 0.423177 0.691406 0.419271 0.706055 0.419271 0.708984 0.416667 0.708984 0.414062 0.709961 0.412760 0.709961 0.407552 0.713867 0.399740 0.713867 0.386719 0.711914 0.381510 0.706055 0.373698 0.705078 0.373698
0 0.705078 0.300781 0.698242 0.307292 0.695312 0.308594 0.691406 0.315104 0.691406 0.317708 0.690430 0.319010 0.690430 0.322917 0.691406 0.324219 0.690430 0.326823 0.690430 0.334635 0.688477 0.339844 0.687500 0.350260 0.688477 0.352865 0.692383 0.354167 0.694336 0.356771 0.695312 0.360677 0.700195 0.361979 0.711914 0.372396 0.723633 0.371094 0.729492 0.367188 0.733398 0.361979 0.735352 0.356771 0.735352 0.354167 0.737305 0.350260 0.738281 0.333333 0.741211 0.325521 0.740234 0.322917 0.733398 0.313802 0.733398 0.312500 0.724609 0.303385 0.722656 0.303385 0.715820 0.299479
0 0.685547 0.269531 0.676758 0.269531 0.668945 0.274740 0.663086 0.285156 0.662109 0.287760 0.662109 0.290365 0.661133 0.291667 0.661133 0.294271 0.658203 0.302083 0.658203 0.305990 0.659180 0.307292 0.659180 0.313802 0.661133 0.316406 0.662109 0.320312 0.665039 0.324219 0.667969 0.325521 0.672852 0.330729 0.675781 0.330729 0.676758 0.332031 0.678711 0.330729 0.680664 0.330729 0.682617 0.328125 0.684570 0.328125 0.685547 0.326823 0.688477 0.326823 0.689453 0.324219 0.689453 0.316406 0.691406 0.313802 0.691406 0.312500 0.696289 0.305990 0.700195 0.303385 0.703125 0.299479 0.702148 0.295573 0.699219 0.291667 0.697266 0.286458 0.693359 0.281250 0.693359 0.279948 0.690430 0.276042 0.690430 0.274740 0.687500 0.270833
0 0.636719 0.298177 0.634766 0.296875 0.632812 0.296875 0.631836 0.295573 0.629883 0.295573 0.628906 0.294271 0.623047 0.294271 0.622070 0.295573 0.612305 0.295573 0.610352 0.296875 0.608398 0.299479 0.607422 0.303385 0.603516 0.308594 0.601562 0.309896 0.599609 0.315104 0.599609 0.317708 0.598633 0.319010 0.598633 0.333333 0.600586 0.337240 0.600586 0.339844 0.606445 0.343750 0.608398 0.346354 0.610352 0.346354 0.612305 0.348958 0.614258 0.348958 0.615234 0.350260 0.625000 0.350260 0.625977 0.348958 0.628906 0.348958 0.633789 0.341146 0.635742 0.334635 0.640625 0.328125 0.643555 0.320312 0.643555 0.317708 0.645508 0.315104 0.645508 0.309896 0.642578 0.305990 0.642578 0.304688 0.640625 0.303385
0 0.649414 0.324219 0.644531 0.328125 0.644531 0.330729 0.643555 0.332031 0.643555 0.337240 0.642578 0.338542 0.641602 0.345052 0.638672 0.351562 0.637695 0.358073 0.635742 0.361979 0.635742 0.371094 0.636719 0.372396 0.636719 0.375000 0.640625 0.381510 0.644531 0.384115 0.656250 0.384115 0.658203 0.386719 0.659180 0.384115 0.662109 0.382812 0.664062 0.380208 0.666016 0.380208 0.666992 0.378906 0.669922 0.378906 0.673828 0.376302 0.675781 0.373698 0.676758 0.371094 0.676758 0.368490 0.677734 0.367188 0.677734 0.359375 0.679688 0.355469 0.679688 0.351562 0.680664 0.350260 0.680664 0.345052 0.675781 0.337240 0.674805 0.337240 0.668945 0.330729 0.661133 0.325521 0.657227 0.325521 0.656250 0.324219
0 0.552734 0.332031 0.548828 0.342448 0.548828 0.346354 0.547852 0.347656 0.547852 0.361979 0.549805 0.367188 0.555664 0.375000 0.558594 0.375000 0.559570 0.376302 0.563477 0.376302 0.564453 0.375000 0.567383 0.375000 0.568359 0.373698 0.573242 0.373698 0.574219 0.375000 0.580078 0.375000 0.584961 0.371094 0.589844 0.371094 0.590820 0.369792 0.593750 0.369792 0.595703 0.367188 0.595703 0.364583 0.596680 0.363281 0.596680 0.351562 0.595703 0.350260 0.595703 0.345052 0.593750 0.339844 0.582031 0.324219 0.580078 0.322917 0.575195 0.322917 0.574219 0.321615 0.566406 0.321615 0.565430 0.322917 0.561523 0.322917 0.559570 0.324219
0 0.630859 0.369792 0.629883 0.369792 0.626953 0.365885 0.625000 0.365885 0.622070 0.363281 0.620117 0.363281 0.619141 0.361979 0.615234 0.361979 0.612305 0.364583 0.607422 0.365885 0.603516 0.371094 0.598633 0.373698 0.596680 0.377604 0.596680 0.382812 0.595703 0.384115 0.595703 0.388021 0.592773 0.395833 0.592773 0.408854 0.593750 0.411458 0.599609 0.419271 0.605469 0.419271 0.606445 0.417969 0.613281 0.417969 0.614258 0.416667 0.619141 0.416667 0.620117 0.415365 0.624023 0.415365 0.625000 0.414062 0.626953 0.414062 0.630859 0.411458 0.632812 0.408854 0.634766 0.408854 0.636719 0.406250 0.639648 0.398438 0.639648 0.389323 0.638672 0.388021 0.638672 0.384115 0.637695 0.381510 0.635742 0.378906 0.633789 0.373698
0 0.553711 0.385417 0.551758 0.388021 0.550781 0.388021 0.550781 0.389323 0.548828 0.391927 0.548828 0.402344 0.549805 0.403646 0.549805 0.415365 0.550781 0.416667 0.550781 0.424479 0.551758 0.425781 0.551758 0.432292 0.554688 0.440104 0.556641 0.441406 0.559570 0.441406 0.560547 0.442708 0.563477 0.442708 0.564453 0.444010 0.569336 0.444010 0.570312 0.445312 0.577148 0.444010 0.582031 0.438802 0.584961 0.437500 0.585938 0.434896 0.593750 0.425781 0.593750 0.423177 0.595703 0.417969 0.590820 0.408854 0.590820 0.401042 0.589844 0.399740 0.589844 0.397135 0.588867 0.394531 0.582031 0.385417 0.580078 0.384115 0.577148 0.384115 0.576172 0.382812 0.572266 0.382812 0.571289 0.381510 0.561523 0.381510 0.560547 0.382812 0.558594 0.382812 0.557617 0.384115
0 0.521484 0.355469 0.514648 0.364583 0.513672 0.364583 0.505859 0.373698 0.505859 0.375000 0.504883 0.376302 0.504883 0.380208 0.503906 0.381510 0.503906 0.388021 0.504883 0.389323 0.506836 0.395833 0.508789 0.398438 0.508789 0.399740 0.510742 0.402344 0.510742 0.403646 0.513672 0.407552 0.514648 0.407552 0.515625 0.408854 0.532227 0.408854 0.547852 0.389323 0.547852 0.388021 0.548828 0.386719 0.548828 0.375000 0.547852 0.373698 0.547852 0.371094 0.546875 0.369792 0.546875 0.368490 0.540039 0.360677 0.539062 0.360677 0.538086 0.359375 0.536133 0.359375 0.535156 0.358073 0.531250 0.358073 0.530273 0.356771 0.528320 0.356771 0.527344 0.355469
0 0.508789 0.411458 0.506836 0.414062 0.506836 0.415365 0.504883 0.417969 0.502930 0.423177 0.502930 0.428385 0.500977 0.433594 0.500977 0.437500 0.506836 0.447917 0.506836 0.451823 0.508789 0.457031 0.516602 0.462240 0.521484 0.462240 0.525391 0.466146 0.536133 0.466146 0.537109 0.464844 0.537109 0.463542 0.535156 0.460938 0.536133 0.459635 0.540039 0.460938 0.544922 0.455729 0.544922 0.451823 0.543945 0.450521 0.545898 0.447917 0.548828 0.440104 0.548828 0.424479 0.547852 0.423177 0.547852 0.419271 0.546875 0.416667 0.542969 0.414062 0.539062 0.414062 0.538086 0.412760 0.534180 0.412760 0.533203 0.411458 0.525391 0.411458 0.524414 0.410156 0.511719 0.410156 0.510742 0.411458
0 0.469727 0.394531 0.468750 0.395833 0.465820 0.395833 0.455078 0.403646 0.454102 0.406250 0.454102 0.421875 0.455078 0.423177 0.455078 0.434896 0.456055 0.436198 0.456055 0.445312 0.458008 0.447917 0.458008 0.449219 0.461914 0.453125 0.464844 0.453125 0.465820 0.454427 0.468750 0.454427 0.469727 0.455729 0.473633 0.455729 0.475586 0.453125 0.483398 0.447917 0.486328 0.447917 0.489258 0.445312 0.492188 0.445312 0.493164 0.446615 0.494141 0.444010 0.494141 0.438802 0.499023 0.429688 0.500000 0.420573 0.499023 0.419271 0.499023 0.416667 0.494141 0.410156 0.494141 0.408854 0.490234 0.403646 0.490234 0.402344 0.489258 0.402344 0.485352 0.397135 0.482422 0.397135 0.481445 0.395833 0.474609 0.395833 0.473633 0.394531
0 0.481445 0.337240 0.477539 0.337240 0.475586 0.338542 0.469727 0.346354 0.468750 0.346354 0.466797 0.348958 0.462891 0.351562 0.456055 0.360677 0.456055 0.361979 0.453125 0.365885 0.452148 0.368490 0.452148 0.376302 0.453125 0.377604 0.453125 0.380208 0.454102 0.382812 0.462891 0.393229 0.474609 0.393229 0.475586 0.394531 0.485352 0.394531 0.486328 0.393229 0.488281 0.393229 0.492188 0.390625 0.492188 0.389323 0.494141 0.386719 0.498047 0.384115 0.500977 0.378906 0.500977 0.375000 0.500000 0.373698 0.500000 0.364583 0.499023 0.363281 0.499023 0.360677 0.497070 0.359375
0 0.439453 0.399740 0.438477 0.398438 0.435547 0.397135 0.431641 0.391927 0.430664 0.391927 0.427734 0.389323 0.417969 0.389323 0.416992 0.390625 0.415039 0.390625 0.403320 0.406250 0.402344 0.406250 0.399414 0.410156 0.399414 0.411458 0.398438 0.412760 0.398438 0.420573 0.399414 0.421875 0.399414 0.425781 0.401367 0.429688 0.401367 0.432292 0.402344 0.433594 0.403320 0.437500 0.406250 0.441406 0.408203 0.441406 0.409180 0.440104 0.409180 0.438802 0.413086 0.433594 0.413086 0.430990 0.415039 0.428385 0.415039 0.427083 0.416992 0.424479 0.416992 0.423177 0.419922 0.419271 0.421875 0.419271 0.422852 0.417969 0.428711 0.417969 0.429688 0.419271 0.431641 0.419271 0.434570 0.423177 0.439453 0.423177 0.440430 0.421875 0.440430 0.415365 0.439453 0.414062 0.440430 0.412760 0.440430 0.410156 0.441406 0.408854
0 0.419922 0.419271 0.416992 0.424479 0.416992 0.425781 0.414062 0.429688 0.413086 0.434896 0.409180 0.440104 0.408203 0.444010 0.406250 0.446615 0.403320 0.454427 0.403320 0.463542 0.404297 0.464844 0.405273 0.471354 0.409180 0.477865 0.411133 0.477865 0.414062 0.480469 0.420898 0.480469 0.421875 0.479167 0.425781 0.479167 0.426758 0.477865 0.432617 0.477865 0.433594 0.479167 0.440430 0.477865 0.442383 0.476562 0.445312 0.471354 0.446289 0.471354 0.449219 0.467448 0.452148 0.466146 0.453125 0.463542 0.453125 0.451823 0.452148 0.450521 0.453125 0.447917 0.453125 0.444010 0.451172 0.438802 0.444336 0.428385 0.440430 0.427083 0.437500 0.424479 0.435547 0.424479 0.433594 0.421875 0.429688 0.419271 0.425781 0.419271 0.424805 0.417969
0 0.392578 0.441406 0.388672 0.441406 0.387695 0.442708 0.385742 0.442708 0.382812 0.445312 0.380859 0.445312 0.379883 0.446615 0.375000 0.449219 0.371094 0.454427 0.370117 0.454427 0.369141 0.455729 0.369141 0.457031 0.366211 0.460938 0.366211 0.463542 0.365234 0.464844 0.366211 0.471354 0.369141 0.475260 0.369141 0.476562 0.383789 0.494792 0.385742 0.494792 0.386719 0.493490 0.390625 0.493490 0.391602 0.492188 0.394531 0.492188 0.395508 0.490885 0.400391 0.490885 0.401367 0.489583 0.404297 0.488281 0.406250 0.484375 0.406250 0.475260 0.403320 0.468750 0.403320 0.464844 0.402344 0.463542 0.402344 0.458333 0.401367 0.457031 0.401367 0.455729 0.403320 0.451823 0.403320 0.449219 0.401367 0.446615 0.400391 0.446615 0.399414 0.445312 0.397461 0.445312
0 0.350586 0.467448 0.343750 0.467448 0.337891 0.471354 0.335938 0.471354 0.332031 0.476562 0.331055 0.480469 0.329102 0.483073 0.327148 0.488281 0.327148 0.493490 0.326172 0.494792 0.326172 0.501302 0.325195 0.502604 0.325195 0.507812 0.327148 0.513021 0.333008 0.516927 0.336914 0.522135 0.336914 0.523438 0.339844 0.526042 0.344727 0.526042 0.345703 0.524740 0.348633 0.524740 0.351562 0.522135 0.353516 0.522135 0.354492 0.520833 0.357422 0.520833 0.359375 0.519531 0.364258 0.510417 0.364258 0.509115 0.367188 0.505208 0.373047 0.501302 0.374023 0.498698 0.374023 0.490885 0.373047 0.488281 0.369141 0.485677 0.364258 0.479167 0.363281 0.479167 0.361328 0.476562 0.356445 0.475260
0 0.308594 0.470052 0.297852 0.470052 0.293945 0.473958 0.291016 0.475260 0.287109 0.480469 0.279297 0.485677 0.274414 0.490885 0.274414 0.507812 0.276367 0.513021 0.278320 0.515625 0.279297 0.519531 0.283203 0.522135 0.290039 0.529948 0.292969 0.529948 0.293945 0.531250 0.298828 0.531250 0.299805 0.529948 0.302734 0.529948 0.308594 0.520833 0.312500 0.518229 0.316406 0.518229 0.321289 0.511719 0.322266 0.509115 0.322266 0.503906 0.323242 0.502604 0.323242 0.486979 0.318359 0.480469 0.315430 0.479167 0.313477 0.476562 0.313477 0.475260
0 0.215820 0.408854 0.212891 0.412760 0.211914 0.412760 0.204102 0.433594 0.212891 0.445312 0.212891 0.446615 0.224609 0.460938 0.233398 0.460938 0.234375 0.462240 0.234375 0.464844 0.236328 0.466146 0.239258 0.466146 0.240234 0.464844 0.238281 0.463542 0.236328 0.460938 0.236328 0.459635 0.239258 0.457031 0.243164 0.459635 0.244141 0.454427 0.250000 0.447917 0.250000 0.446615 0.251953 0.444010 0.251953 0.441406 0.252930 0.440104 0.254883 0.440104 0.258789 0.433594 0.258789 0.430990 0.259766 0.429688 0.259766 0.423177 0.258789 0.421875 0.258789 0.419271 0.256836 0.416667 0.255859 0.412760 0.250977 0.410156 0.249023 0.407552 0.243164 0.403646 0.227539 0.403646 0.219727 0.408854
0 0.263672 0.433594 0.259766 0.436198 0.248047 0.454427 0.247070 0.457031 0.247070 0.459635 0.246094 0.460938 0.246094 0.471354 0.251953 0.479167 0.253906 0.480469 0.255859 0.480469 0.257812 0.483073 0.260742 0.484375 0.263672 0.488281 0.265625 0.489583 0.271484 0.489583 0.277344 0.485677 0.280273 0.481771 0.281250 0.481771 0.285156 0.476562 0.286133 0.476562 0.286133 0.475260 0.289062 0.471354 0.290039 0.471354 0.291992 0.466146 0.293945 0.466146 0.294922 0.464844 0.294922 0.450521 0.286133 0.441406 0.281250 0.440104 0.274414 0.434896 0.272461 0.434896 0.271484 0.433594
0 0.331055 0.423177 0.329102 0.420573 0.328125 0.421875 0.324219 0.421875 0.323242 0.423177 0.318359 0.424479 0.315430 0.427083 0.313477 0.427083 0.312500 0.428385 0.309570 0.428385 0.306641 0.432292 0.303711 0.433594 0.301758 0.436198 0.300781 0.440104 0.298828 0.442708 0.298828 0.444010 0.296875 0.447917 0.296875 0.454427 0.297852 0.455729 0.297852 0.457031 0.299805 0.459635 0.302734 0.460938 0.307617 0.467448 0.308594 0.467448 0.309570 0.468750 0.311523 0.468750 0.314453 0.471354 0.319336 0.471354 0.320312 0.472656 0.324219 0.472656 0.325195 0.471354 0.328125 0.471354 0.329102 0.470052 0.330078 0.470052 0.331055 0.468750 0.333008 0.462240 0.335938 0.458333 0.335938 0.455729 0.337891 0.451823 0.336914 0.445312 0.333984 0.440104 0.333984 0.436198 0.333008 0.434896 0.333008 0.430990 0.332031 0.429688
0 0.350586 0.391927 0.349609 0.393229 0.343750 0.394531 0.340820 0.398438 0.339844 0.402344 0.336914 0.406250 0.333984 0.415365 0.331055 0.419271 0.332031 0.420573 0.332031 0.424479 0.333008 0.425781 0.333008 0.428385 0.334961 0.433594 0.334961 0.438802 0.336914 0.444010 0.339844 0.447917 0.342773 0.449219 0.344727 0.451823 0.350586 0.453125 0.353516 0.455729 0.359375 0.455729 0.364258 0.450521 0.368164 0.450521 0.369141 0.449219 0.371094 0.449219 0.375977 0.444010 0.375977 0.440104 0.380859 0.434896 0.380859 0.428385 0.381836 0.427083 0.381836 0.423177 0.380859 0.421875 0.380859 0.416667 0.375977 0.411458 0.375000 0.407552 0.367188 0.397135 0.366211 0.397135 0.364258 0.394531 0.362305 0.394531 0.358398 0.391927
0 0.248047 0.346354 0.239258 0.359375 0.239258 0.360677 0.236328 0.367188 0.236328 0.375000 0.235352 0.376302 0.236328 0.377604 0.236328 0.380208 0.237305 0.381510 0.237305 0.382812 0.239258 0.385417 0.240234 0.385417 0.242188 0.388021 0.249023 0.391927 0.251953 0.395833 0.254883 0.397135 0.255859 0.398438 0.255859 0.402344 0.260742 0.402344 0.260742 0.399740 0.261719 0.398438 0.264648 0.397135 0.267578 0.393229 0.268555 0.393229 0.269531 0.391927 0.269531 0.390625 0.273438 0.385417 0.273438 0.384115 0.275391 0.381510 0.275391 0.380208 0.277344 0.376302 0.277344 0.373698 0.278320 0.372396 0.278320 0.367188 0.277344 0.365885 0.277344 0.360677 0.276367 0.359375 0.276367 0.355469 0.275391 0.354167 0.275391 0.351562 0.274414 0.350260 0.274414 0.348958 0.273438 0.348958 0.270508 0.346354
0 0.280273 0.384115 0.279297 0.385417 0.278320 0.385417 0.275391 0.389323 0.274414 0.389323 0.266602 0.399740 0.266602 0.401042 0.264648 0.403646 0.264648 0.404948 0.262695 0.408854 0.262695 0.410156 0.263672 0.411458 0.263672 0.424479 0.264648 0.425781 0.264648 0.427083 0.267578 0.429688 0.271484 0.429688 0.272461 0.430990 0.276367 0.430990 0.277344 0.432292 0.282227 0.432292 0.283203 0.433594 0.294922 0.433594 0.295898 0.432292 0.302734 0.428385 0.302734 0.427083 0.305664 0.420573 0.305664 0.417969 0.306641 0.416667 0.306641 0.402344 0.307617 0.401042 0.307617 0.397135 0.303711 0.391927 0.302734 0.391927 0.301758 0.390625 0.299805 0.390625 0.296875 0.388021 0.293945 0.388021 0.289062 0.384115 0.287109 0.384115 0.286133 0.382812 0.284180 0.382812 0.283203 0.384115
0 0.305664 0.329427 0.303711 0.329427 0.302734 0.328125 0.299805 0.328125 0.298828 0.326823 0.294922 0.326823 0.293945 0.328125 0.292969 0.328125 0.291992 0.329427 0.290039 0.329427 0.288086 0.332031 0.283203 0.334635 0.281250 0.337240 0.278320 0.338542 0.275391 0.342448 0.275391 0.345052 0.274414 0.346354 0.276367 0.350260 0.276367 0.352865 0.277344 0.354167 0.277344 0.356771 0.278320 0.358073 0.278320 0.361979 0.279297 0.363281 0.280273 0.369792 0.281250 0.371094 0.282227 0.375000 0.285156 0.378906 0.286133 0.378906 0.287109 0.380208 0.289062 0.380208 0.290039 0.381510 0.294922 0.381510 0.295898 0.380208 0.299805 0.380208 0.300781 0.378906 0.301758 0.378906 0.302734 0.377604 0.302734 0.376302 0.303711 0.375000 0.304688 0.375000 0.309570 0.368490 0.310547 0.364583 0.314453 0.359375 0.314453 0.358073 0.316406 0.355469 0.316406 0.354167 0.317383 0.352865 0.317383 0.348958 0.318359 0.347656 0.318359 0.341146 0.314453 0.335938 0.313477 0.335938 0.312500 0.334635 0.310547 0.334635
0 0.322266 0.274740 0.320312 0.272135 0.315430 0.269531 0.314453 0.268229 0.314453 0.266927 0.311523 0.264323 0.306641 0.264323 0.305664 0.263021 0.303711 0.263021 0.302734 0.261719 0.301758 0.261719 0.298828 0.259115 0.296875 0.259115 0.295898 0.257812 0.291016 0.257812 0.290039 0.259115 0.288086 0.259115 0.284180 0.264323 0.284180 0.265625 0.283203 0.266927 0.283203 0.276042 0.282227 0.277344 0.281250 0.283854 0.279297 0.287760 0.279297 0.292969 0.281250 0.295573 0.281250 0.296875 0.286133 0.303385 0.286133 0.304688 0.290039 0.309896 0.292969 0.309896 0.293945 0.308594 0.296875 0.307292 0.298828 0.304688 0.302734 0.304688 0.303711 0.303385 0.304688 0.303385 0.305664 0.302083 0.306641 0.298177 0.309570 0.294271 0.309570 0.292969 0.311523 0.290365 0.312500 0.290365 0.316406 0.285156 0.317383 0.285156 0.323242 0.277344 0.322266 0.276042
0 0.337891 0.272135 0.333984 0.272135 0.331055 0.276042 0.329102 0.276042 0.327148 0.277344 0.325195 0.279948 0.324219 0.279948 0.322266 0.282552 0.318359 0.285156 0.309570 0.295573 0.307617 0.300781 0.307617 0.313802 0.311523 0.324219 0.318359 0.333333 0.332031 0.333333 0.333008 0.332031 0.334961 0.332031 0.335938 0.333333 0.338867 0.333333 0.339844 0.332031 0.347656 0.332031 0.349609 0.330729 0.349609 0.329427 0.353516 0.324219 0.353516 0.315104 0.352539 0.313802 0.352539 0.303385 0.351562 0.302083 0.351562 0.296875 0.352539 0.294271 0.348633 0.283854 0.346680 0.282552 0.339844 0.273438
0 0.341797 0.343750 0.339844 0.343750 0.338867 0.342448 0.333984 0.342448 0.333008 0.343750 0.331055 0.343750 0.330078 0.345052 0.325195 0.345052 0.323242 0.347656 0.322266 0.351562 0.311523 0.365885 0.311523 0.378906 0.312500 0.380208 0.312500 0.382812 0.313477 0.384115 0.313477 0.385417 0.316406 0.389323 0.316406 0.390625 0.318359 0.393229 0.318359 0.394531 0.320312 0.397135 0.320312 0.398438 0.323242 0.402344 0.324219 0.402344 0.325195 0.403646 0.330078 0.403646 0.333008 0.401042 0.334961 0.401042 0.335938 0.399740 0.336914 0.399740 0.336914 0.398438 0.337891 0.397135 0.338867 0.397135 0.340820 0.394531 0.343750 0.393229 0.345703 0.390625 0.348633 0.389323 0.353516 0.382812 0.353516 0.380208 0.355469 0.377604 0.355469 0.375000 0.354492 0.373698 0.354492 0.368490 0.353516 0.367188 0.353516 0.361979 0.348633 0.354167 0.347656 0.350260 0.343750 0.345052 0.342773 0.345052
0 0.380859 0.272135 0.376953 0.274740 0.375000 0.277344 0.372070 0.278646 0.370117 0.281250 0.369141 0.281250 0.362305 0.292969 0.362305 0.295573 0.360352 0.299479 0.360352 0.309896 0.361328 0.311198 0.361328 0.315104 0.362305 0.316406 0.362305 0.321615 0.365234 0.325521 0.370117 0.326823 0.376953 0.333333 0.381836 0.334635 0.384766 0.337240 0.388672 0.337240 0.392578 0.339844 0.394531 0.337240 0.399414 0.334635 0.400391 0.330729 0.404297 0.324219 0.404297 0.321615 0.405273 0.320312 0.405273 0.315104 0.404297 0.313802 0.404297 0.302083 0.402344 0.298177 0.401367 0.291667 0.393555 0.279948 0.392578 0.279948 0.388672 0.274740 0.384766 0.272135
0 0.371094 0.346354 0.359375 0.361979 0.359375 0.368490 0.360352 0.369792 0.360352 0.375000 0.361328 0.376302 0.361328 0.382812 0.362305 0.384115 0.362305 0.386719 0.363281 0.389323 0.368164 0.395833 0.369141 0.395833 0.371094 0.398438 0.376953 0.402344 0.379883 0.402344 0.380859 0.403646 0.386719 0.403646 0.387695 0.402344 0.391602 0.402344 0.395508 0.399740 0.398438 0.395833 0.399414 0.395833 0.399414 0.394531 0.404297 0.388021 0.405273 0.388021 0.405273 0.381510 0.404297 0.380208 0.404297 0.368490 0.405273 0.365885 0.404297 0.364583 0.404297 0.361979 0.403320 0.359375 0.400391 0.355469 0.398438 0.350260 0.395508 0.346354 0.391602 0.343750 0.378906 0.343750 0.377930 0.345052 0.374023 0.345052 0.373047 0.346354
0 0.407227 0.335938 0.406250 0.342448 0.407227 0.343750 0.407227 0.348958 0.408203 0.350260 0.408203 0.354167 0.409180 0.355469 0.409180 0.360677 0.410156 0.361979 0.410156 0.365885 0.416016 0.381510 0.417969 0.381510 0.418945 0.382812 0.429688 0.382812 0.430664 0.381510 0.435547 0.381510 0.436523 0.377604 0.438477 0.375000 0.440430 0.375000 0.442383 0.376302 0.444336 0.373698 0.445312 0.369792 0.447266 0.367188 0.447266 0.361979 0.449219 0.356771 0.449219 0.345052 0.448242 0.343750 0.448242 0.341146 0.445312 0.333333 0.442383 0.329427 0.440430 0.328125 0.434570 0.328125 0.433594 0.326823 0.415039 0.326823 0.410156 0.333333 0.409180 0.333333
0 0.411133 0.265625 0.408203 0.269531 0.407227 0.273438 0.405273 0.276042 0.404297 0.279948 0.402344 0.282552 0.402344 0.285156 0.403320 0.286458 0.403320 0.290365 0.404297 0.291667 0.404297 0.296875 0.405273 0.298177 0.406250 0.302083 0.408203 0.304688 0.409180 0.308594 0.412109 0.312500 0.413086 0.312500 0.415039 0.315104 0.415039 0.316406 0.418945 0.316406 0.423828 0.320312 0.426758 0.320312 0.429688 0.316406 0.429688 0.315104 0.430664 0.313802 0.433594 0.312500 0.438477 0.305990 0.438477 0.304688 0.440430 0.302083 0.440430 0.300781 0.441406 0.299479 0.441406 0.295573 0.444336 0.289062 0.444336 0.281250 0.443359 0.279948 0.439453 0.268229 0.436523 0.265625
0 0.449219 0.287760 0.445312 0.290365 0.443359 0.292969 0.443359 0.296875 0.442383 0.298177 0.443359 0.300781 0.443359 0.303385 0.444336 0.304688 0.445312 0.313802 0.446289 0.315104 0.446289 0.322917 0.447266 0.324219 0.447266 0.330729 0.449219 0.333333 0.449219 0.334635 0.450195 0.334635 0.453125 0.338542 0.454102 0.338542 0.458008 0.342448 0.459961 0.342448 0.460938 0.343750 0.465820 0.343750 0.466797 0.342448 0.468750 0.342448 0.473633 0.335938 0.475586 0.334635 0.477539 0.334635 0.483398 0.329427 0.483398 0.320312 0.485352 0.315104 0.485352 0.309896 0.482422 0.303385 0.482422 0.300781 0.479492 0.292969 0.475586 0.287760 0.470703 0.287760 0.469727 0.286458 0.457031 0.286458 0.456055 0.287760
0 0.495117 0.252604 0.491211 0.255208 0.489258 0.260417 0.489258 0.263021 0.488281 0.264323 0.488281 0.268229 0.487305 0.269531 0.487305 0.273438 0.486328 0.274740 0.486328 0.278646 0.485352 0.279948 0.485352 0.285156 0.484375 0.286458 0.484375 0.295573 0.485352 0.298177 0.491211 0.305990 0.492188 0.305990 0.494141 0.308594 0.504883 0.308594 0.505859 0.309896 0.506836 0.308594 0.509766 0.308594 0.515625 0.304688 0.522461 0.295573 0.523438 0.295573 0.528320 0.287760 0.528320 0.276042 0.527344 0.274740 0.527344 0.272135 0.525391 0.266927 0.523438 0.264323 0.523438 0.261719 0.522461 0.259115 0.517578 0.253906 0.511719 0.253906 0.510742 0.252604
0 0.539062 0.290365 0.530273 0.290365 0.528320 0.291667 0.528320 0.292969 0.522461 0.300781 0.518555 0.303385 0.518555 0.304688 0.516602 0.307292 0.516602 0.321615 0.515625 0.322917 0.515625 0.341146 0.516602 0.342448 0.516602 0.345052 0.517578 0.346354 0.519531 0.346354 0.520508 0.345052 0.522461 0.347656 0.524414 0.347656 0.526367 0.350260 0.530273 0.352865 0.534180 0.352865 0.537109 0.350260 0.539062 0.350260 0.540039 0.348958 0.542969 0.348958 0.546875 0.345052 0.547852 0.342448 0.547852 0.339844 0.551758 0.330729 0.552734 0.321615 0.553711 0.320312 0.553711 0.317708 0.555664 0.312500 0.555664 0.305990 0.553711 0.300781 0.552734 0.300781 0.547852 0.294271 0.545898 0.292969 0.542969 0.292969
0 0.566406 0.274740 0.562500 0.279948 0.560547 0.287760 0.557617 0.291667 0.557617 0.294271 0.556641 0.295573 0.556641 0.302083 0.557617 0.303385 0.557617 0.305990 0.559570 0.308594 0.559570 0.309896 0.565430 0.317708 0.566406 0.317708 0.567383 0.319010 0.569336 0.319010 0.570312 0.320312 0.575195 0.320312 0.576172 0.321615 0.581055 0.321615 0.582031 0.322917 0.585938 0.322917 0.586914 0.321615 0.588867 0.321615 0.590820 0.319010 0.590820 0.317708 0.591797 0.316406 0.591797 0.313802 0.592773 0.312500 0.595703 0.303385 0.598633 0.299479 0.598633 0.298177 0.599609 0.296875 0.599609 0.291667 0.600586 0.290365 0.600586 0.286458 0.601562 0.285156 0.601562 0.277344 0.597656 0.273438 0.594727 0.273438 0.593750 0.272135 0.588867 0.272135 0.587891 0.270833 0.584961 0.270833 0.583984 0.269531 0.580078 0.269531 0.579102 0.270833 0.576172 0.270833 0.575195 0.272135 0.574219 0.272135 0.573242 0.273438 0.571289 0.273438 0.570312 0.274740
0 0.601562 0.239583 0.601562 0.242188 0.599609 0.247396 0.599609 0.255208 0.600586 0.256510 0.600586 0.259115 0.601562 0.260417 0.602539 0.266927 0.605469 0.270833 0.606445 0.270833 0.611328 0.276042 0.618164 0.276042 0.619141 0.274740 0.624023 0.274740 0.626953 0.272135 0.629883 0.272135 0.633789 0.269531 0.636719 0.269531 0.637695 0.268229 0.639648 0.268229 0.642578 0.264323 0.645508 0.266927 0.645508 0.253906 0.646484 0.252604 0.646484 0.244792 0.645508 0.243490 0.645508 0.240885 0.637695 0.229167 0.636719 0.229167 0.634766 0.226562 0.633789 0.226562 0.626953 0.220052 0.625000 0.220052 0.621094 0.217448 0.618164 0.217448 0.616211 0.218750 0.614258 0.223958 0.608398 0.231771 0.605469 0.233073
0 0.718750 0.205729 0.714844 0.204427 0.713867 0.203125 0.711914 0.203125 0.710938 0.201823 0.696289 0.201823 0.693359 0.204427 0.689453 0.205729 0.684570 0.212240 0.680664 0.223958 0.678711 0.226562 0.678711 0.233073 0.677734 0.234375 0.677734 0.239583 0.676758 0.240885 0.676758 0.250000 0.679688 0.257812 0.683594 0.259115 0.684570 0.260417 0.686523 0.260417 0.692383 0.266927 0.699219 0.266927 0.700195 0.265625 0.702148 0.265625 0.708984 0.259115 0.710938 0.259115 0.711914 0.260417 0.713867 0.259115 0.716797 0.259115 0.717773 0.257812 0.717773 0.251302 0.720703 0.247396 0.720703 0.242188 0.722656 0.236979 0.724609 0.234375 0.725586 0.229167 0.726562 0.227865 0.726562 0.222656 0.723633 0.214844 0.721680 0.212240 0.720703 0.208333
0 0.703125 0.138021 0.698242 0.138021 0.697266 0.136719 0.695312 0.136719 0.694336 0.138021 0.689453 0.138021 0.687500 0.139323 0.685547 0.141927 0.684570 0.141927 0.677734 0.151042 0.676758 0.154948 0.674805 0.157552 0.674805 0.161458 0.673828 0.162760 0.675781 0.167969 0.675781 0.177083 0.676758 0.178385 0.676758 0.180990 0.677734 0.183594 0.687500 0.195312 0.690430 0.195312 0.691406 0.196615 0.696289 0.196615 0.699219 0.194010 0.704102 0.194010 0.703125 0.192708 0.703125 0.190104 0.706055 0.187500 0.711914 0.187500 0.717773 0.175781 0.717773 0.165365 0.715820 0.162760 0.712891 0.153646 0.709961 0.149740 0.708008 0.143229
0 0.720703 0.100260 0.716797 0.095052 0.715820 0.095052 0.712891 0.092448 0.706055 0.092448 0.705078 0.093750 0.700195 0.093750 0.699219 0.095052 0.696289 0.095052 0.695312 0.096354 0.692383 0.096354 0.691406 0.097656 0.688477 0.097656 0.687500 0.098958 0.686523 0.098958 0.680664 0.108073 0.680664 0.109375 0.679688 0.110677 0.679688 0.119792 0.680664 0.121094 0.680664 0.132812 0.681641 0.134115 0.681641 0.135417 0.682617 0.135417 0.683594 0.136719 0.703125 0.136719 0.704102 0.138021 0.706055 0.138021 0.708984 0.141927 0.709961 0.140625 0.711914 0.140625 0.712891 0.139323 0.715820 0.139323 0.717773 0.136719 0.719727 0.136719 0.721680 0.134115 0.721680 0.131510 0.722656 0.130208 0.722656 0.127604 0.723633 0.126302 0.723633 0.121094 0.722656 0.119792 0.722656 0.105469 0.721680 0.104167
0 0.596680 0.117188 0.596680 0.128906 0.599609 0.132812 0.602539 0.132812 0.603516 0.134115 0.605469 0.134115 0.606445 0.135417 0.611328 0.136719 0.612305 0.138021 0.613281 0.138021 0.614258 0.139323 0.616211 0.139323 0.621094 0.143229 0.629883 0.143229 0.630859 0.141927 0.631836 0.141927 0.638672 0.132812 0.640625 0.132812 0.644531 0.128906 0.645508 0.128906 0.645508 0.127604 0.646484 0.126302 0.646484 0.113281 0.643555 0.109375 0.643555 0.108073 0.639648 0.102865 0.639648 0.101562 0.638672 0.100260 0.635742 0.098958 0.632812 0.095052 0.630859 0.095052 0.629883 0.093750 0.614258 0.093750 0.613281 0.095052 0.611328 0.095052 0.610352 0.096354 0.610352 0.097656 0.598633 0.113281 0.598633 0.114583
0 0.645508 0.173177 0.644531 0.174479 0.637695 0.178385 0.631836 0.184896 0.630859 0.194010 0.629883 0.195312 0.629883 0.197917 0.628906 0.199219 0.628906 0.205729 0.629883 0.207031 0.629883 0.210938 0.630859 0.212240 0.630859 0.214844 0.631836 0.216146 0.632812 0.220052 0.641602 0.230469 0.654297 0.230469 0.655273 0.229167 0.660156 0.227865 0.663086 0.223958 0.663086 0.222656 0.664062 0.221354 0.664062 0.217448 0.665039 0.216146 0.665039 0.209635 0.666016 0.208333 0.666016 0.205729 0.666992 0.204427 0.666992 0.201823 0.667969 0.200521 0.667969 0.196615 0.668945 0.195312 0.669922 0.186198 0.668945 0.184896 0.668945 0.182292 0.667969 0.180990 0.667969 0.179688 0.663086 0.177083 0.661133 0.174479 0.657227 0.174479 0.656250 0.173177
0 0.594727 0.164062 0.586914 0.169271 0.584961 0.169271 0.583008 0.171875 0.583008 0.182292 0.583984 0.183594 0.583984 0.186198 0.583008 0.187500 0.583008 0.207031 0.588867 0.210938 0.595703 0.221354 0.595703 0.222656 0.597656 0.222656 0.598633 0.225260 0.600586 0.225260 0.601562 0.226562 0.604492 0.226562 0.610352 0.222656 0.610352 0.221354 0.613281 0.217448 0.617188 0.214844 0.620117 0.214844 0.623047 0.212240 0.624023 0.209635 0.624023 0.201823 0.625000 0.200521 0.625000 0.183594 0.623047 0.178385 0.619141 0.173177 0.616211 0.171875 0.612305 0.167969 0.610352 0.167969 0.606445 0.165365 0.599609 0.165365 0.598633 0.164062
0 0.575195 0.207031 0.574219 0.208333 0.570312 0.208333 0.569336 0.209635 0.562500 0.213542 0.560547 0.216146 0.553711 0.220052 0.551758 0.223958 0.551758 0.229167 0.550781 0.230469 0.550781 0.236979 0.551758 0.238281 0.551758 0.240885 0.555664 0.246094 0.555664 0.247396 0.557617 0.250000 0.560547 0.251302 0.561523 0.252604 0.561523 0.253906 0.562500 0.255208 0.563477 0.255208 0.566406 0.259115 0.567383 0.259115 0.570312 0.261719 0.578125 0.261719 0.579102 0.263021 0.580078 0.263021 0.583008 0.260417 0.584961 0.260417 0.585938 0.259115 0.590820 0.259115 0.591797 0.257812 0.591797 0.256510 0.592773 0.255208 0.592773 0.251302 0.593750 0.250000 0.593750 0.244792 0.594727 0.243490 0.594727 0.229167 0.591797 0.222656 0.591797 0.220052 0.590820 0.218750 0.590820 0.217448 0.585938 0.210938 0.584961 0.210938 0.582031 0.208333 0.577148 0.208333 0.576172 0.207031
0 0.505859 0.220052 0.505859 0.221354 0.504883 0.222656 0.504883 0.225260 0.503906 0.226562 0.503906 0.236979 0.504883 0.238281 0.505859 0.242188 0.506836 0.243490 0.507812 0.243490 0.510742 0.247396 0.511719 0.247396 0.518555 0.252604 0.520508 0.252604 0.522461 0.255208 0.523438 0.255208 0.527344 0.259115 0.529297 0.259115 0.530273 0.260417 0.532227 0.260417 0.533203 0.261719 0.534180 0.260417 0.538086 0.260417 0.541016 0.257812 0.543945 0.257812 0.544922 0.256510 0.544922 0.252604 0.547852 0.248698 0.547852 0.244792 0.548828 0.243490 0.548828 0.225260 0.547852 0.223958 0.547852 0.221354 0.546875 0.220052 0.546875 0.218750 0.543945 0.214844 0.541992 0.214844 0.540039 0.212240 0.539062 0.212240 0.534180 0.208333 0.532227 0.208333 0.531250 0.207031 0.522461 0.207031 0.521484 0.208333 0.518555 0.208333 0.517578 0.209635 0.515625 0.209635 0.514648 0.210938 0.513672 0.210938
0 0.520508 0.115885 0.520508 0.119792 0.525391 0.126302 0.525391 0.128906 0.528320 0.136719 0.529297 0.135417 0.532227 0.135417 0.533203 0.134115 0.541016 0.134115 0.541992 0.132812 0.546875 0.132812 0.547852 0.131510 0.549805 0.131510 0.550781 0.132812 0.553711 0.132812 0.561523 0.138021 0.563477 0.140625 0.566406 0.140625 0.567383 0.141927 0.567383 0.136719 0.569336 0.134115 0.569336 0.119792 0.568359 0.118490 0.568359 0.115885 0.564453 0.110677 0.563477 0.106771 0.560547 0.102865 0.560547 0.101562 0.557617 0.100260 0.555664 0.097656 0.553711 0.097656 0.552734 0.096354 0.549805 0.096354 0.548828 0.095052 0.545898 0.095052 0.544922 0.093750 0.542969 0.093750 0.541992 0.095052 0.539062 0.095052 0.535156 0.098958 0.533203 0.098958 0.529297 0.101562 0.525391 0.106771 0.525391 0.108073
0 0.569336 0.148438 0.565430 0.143229 0.564453 0.143229 0.563477 0.141927 0.561523 0.141927 0.557617 0.136719 0.556641 0.136719 0.553711 0.134115 0.551758 0.134115 0.550781 0.132812 0.545898 0.132812 0.544922 0.134115 0.541016 0.134115 0.540039 0.135417 0.533203 0.135417 0.532227 0.136719 0.532227 0.139323 0.528320 0.148438 0.528320 0.153646 0.527344 0.154948 0.527344 0.160156 0.526367 0.161458 0.526367 0.170573 0.527344 0.171875 0.527344 0.174479 0.528320 0.175781 0.528320 0.177083 0.529297 0.177083 0.530273 0.178385 0.533203 0.178385 0.534180 0.179688 0.536133 0.179688 0.537109 0.180990 0.551758 0.180990 0.552734 0.179688 0.555664 0.179688 0.558594 0.175781 0.559570 0.175781 0.566406 0.166667 0.566406 0.164062 0.567383 0.162760 0.567383 0.158854 0.568359 0.157552 0.568359 0.154948 0.569336 0.153646
0 0.479492 0.121094 0.477539 0.123698 0.477539 0.126302 0.474609 0.131510 0.472656 0.136719 0.471680 0.143229 0.470703 0.144531 0.470703 0.148438 0.471680 0.149740 0.471680 0.153646 0.472656 0.156250 0.478516 0.164062 0.482422 0.166667 0.485352 0.166667 0.486328 0.167969 0.495117 0.167969 0.496094 0.166667 0.500977 0.166667 0.501953 0.165365 0.507812 0.165365 0.509766 0.162760 0.510742 0.162760 0.513672 0.157552 0.514648 0.157552 0.514648 0.153646 0.517578 0.148438 0.517578 0.144531 0.518555 0.143229 0.516602 0.138021 0.516602 0.128906 0.515625 0.127604 0.515625 0.125000 0.512695 0.121094 0.511719 0.121094 0.508789 0.117188 0.505859 0.117188 0.504883 0.115885 0.491211 0.115885 0.490234 0.117188 0.487305 0.117188 0.484375 0.119792
0 0.473633 0.175781 0.468750 0.180990 0.465820 0.182292 0.459961 0.190104 0.459961 0.191406 0.458008 0.194010 0.455078 0.201823 0.455078 0.207031 0.454102 0.208333 0.454102 0.212240 0.456055 0.212240 0.457031 0.213542 0.459961 0.213542 0.460938 0.212240 0.466797 0.212240 0.474609 0.222656 0.476562 0.223958 0.478516 0.223958 0.484375 0.227865 0.492188 0.227865 0.494141 0.226562 0.497070 0.222656 0.499023 0.222656 0.502930 0.217448 0.503906 0.214844 0.503906 0.212240 0.504883 0.210938 0.504883 0.199219 0.503906 0.196615 0.500000 0.191406 0.498047 0.184896 0.492188 0.178385 0.490234 0.178385 0.489258 0.177083 0.487305 0.177083 0.483398 0.174479 0.476562 0.174479 0.475586 0.175781
0 0.466797 0.212240 0.464844 0.213542 0.461914 0.213542 0.460938 0.214844 0.450195 0.214844 0.448242 0.217448 0.447266 0.217448 0.442383 0.225260 0.440430 0.226562 0.439453 0.231771 0.437500 0.235677 0.437500 0.243490 0.436523 0.244792 0.436523 0.248698 0.437500 0.250000 0.437500 0.253906 0.438477 0.255208 0.438477 0.264323 0.442383 0.269531 0.446289 0.270833 0.450195 0.274740 0.454102 0.277344 0.457031 0.277344 0.458008 0.278646 0.459961 0.277344 0.461914 0.272135 0.465820 0.272135 0.466797 0.270833 0.475586 0.270833 0.476562 0.269531 0.481445 0.268229 0.483398 0.264323 0.483398 0.251302 0.482422 0.250000 0.482422 0.246094 0.477539 0.238281 0.475586 0.233073 0.475586 0.230469 0.474609 0.229167 0.473633 0.223958 0.468750 0.217448
0 0.426758 0.210938 0.421875 0.210938 0.420898 0.209635 0.419922 0.209635 0.415039 0.213542 0.413086 0.213542 0.397461 0.233073 0.397461 0.234375 0.396484 0.235677 0.396484 0.242188 0.397461 0.243490 0.397461 0.247396 0.398438 0.248698 0.398438 0.252604 0.400391 0.256510 0.401367 0.256510 0.402344 0.257812 0.404297 0.257812 0.405273 0.259115 0.407227 0.259115 0.411133 0.263021 0.416016 0.263021 0.416992 0.264323 0.420898 0.264323 0.421875 0.263021 0.428711 0.263021 0.429688 0.261719 0.431641 0.261719 0.432617 0.260417 0.432617 0.259115 0.434570 0.255208 0.434570 0.248698 0.435547 0.247396 0.435547 0.242188 0.436523 0.240885 0.436523 0.234375 0.437500 0.233073 0.437500 0.223958 0.434570 0.218750 0.434570 0.217448 0.431641 0.213542 0.430664 0.213542 0.429688 0.212240 0.427734 0.212240
0 0.367188 0.194010 0.367188 0.201823 0.366211 0.203125 0.366211 0.212240 0.367188 0.213542 0.367188 0.217448 0.370117 0.223958 0.370117 0.226562 0.373047 0.230469 0.373047 0.231771 0.375000 0.234375 0.376953 0.234375 0.378906 0.236979 0.381836 0.236979 0.382812 0.238281 0.383789 0.238281 0.384766 0.236979 0.387695 0.236979 0.390625 0.234375 0.395508 0.234375 0.396484 0.233073 0.396484 0.231771 0.398438 0.229167 0.399414 0.229167 0.400391 0.227865 0.400391 0.226562 0.404297 0.221354 0.405273 0.221354 0.406250 0.220052 0.406250 0.218750 0.410156 0.213542 0.410156 0.210938 0.408203 0.207031 0.408203 0.204427 0.407227 0.203125 0.407227 0.201823 0.403320 0.196615 0.398438 0.194010 0.395508 0.190104 0.393555 0.190104 0.392578 0.188802 0.389648 0.188802 0.388672 0.187500 0.377930 0.187500 0.376953 0.188802 0.374023 0.188802 0.370117 0.192708
0 0.366211 0.220052 0.358398 0.220052 0.357422 0.221354 0.354492 0.221354 0.350586 0.223958 0.338867 0.226562 0.331055 0.231771 0.330078 0.234375 0.330078 0.242188 0.331055 0.243490 0.331055 0.250000 0.332031 0.251302 0.333008 0.257812 0.334961 0.261719 0.334961 0.264323 0.336914 0.266927 0.336914 0.268229 0.341797 0.270833 0.344727 0.274740 0.346680 0.274740 0.352539 0.278646 0.361328 0.278646 0.362305 0.277344 0.364258 0.277344 0.369141 0.272135 0.375000 0.270833 0.376953 0.268229 0.376953 0.266927 0.380859 0.261719 0.381836 0.256510 0.378906 0.248698 0.377930 0.248698 0.375000 0.244792 0.375000 0.242188 0.372070 0.235677 0.372070 0.233073 0.369141 0.227865 0.368164 0.222656
0 0.774414 0.102865 0.771484 0.098958 0.768555 0.097656 0.766602 0.095052 0.763672 0.095052 0.762695 0.093750 0.758789 0.093750 0.757812 0.092448 0.748047 0.092448 0.744141 0.096354 0.735352 0.101562 0.733398 0.104167 0.731445 0.109375 0.731445 0.111979 0.729492 0.117188 0.729492 0.121094 0.728516 0.122396 0.728516 0.127604 0.727539 0.128906 0.727539 0.138021 0.728516 0.140625 0.733398 0.147135 0.735352 0.148438 0.738281 0.148438 0.739258 0.147135 0.741211 0.147135 0.742188 0.148438 0.749023 0.148438 0.750000 0.147135 0.751953 0.147135 0.753906 0.144531 0.755859 0.144531 0.758789 0.141927 0.760742 0.141927 0.767578 0.134115 0.770508 0.134115 0.770508 0.132812 0.775391 0.126302 0.777344 0.121094 0.777344 0.110677
0 0.779297 0.135417 0.777344 0.138021 0.777344 0.139323 0.775391 0.141927 0.773438 0.147135 0.773438 0.156250 0.771484 0.161458 0.771484 0.166667 0.770508 0.167969 0.770508 0.175781 0.771484 0.177083 0.782227 0.177083 0.783203 0.178385 0.784180 0.183594 0.786133 0.186198 0.788086 0.186198 0.789062 0.187500 0.791992 0.187500 0.792969 0.188802 0.796875 0.188802 0.797852 0.187500 0.809570 0.187500 0.814453 0.179688 0.814453 0.177083 0.816406 0.173177 0.816406 0.167969 0.819336 0.160156 0.819336 0.153646 0.814453 0.144531 0.814453 0.143229 0.806641 0.134115 0.804688 0.134115 0.800781 0.131510 0.797852 0.131510 0.796875 0.130208 0.790039 0.130208 0.789062 0.131510 0.785156 0.131510
0 0.892578 0.138021 0.888672 0.132812 0.875977 0.132812 0.875000 0.134115 0.869141 0.134115 0.868164 0.135417 0.865234 0.135417 0.861328 0.138021 0.853516 0.149740 0.851562 0.156250 0.849609 0.157552 0.847656 0.162760 0.847656 0.165365 0.843750 0.174479 0.843750 0.177083 0.842773 0.178385 0.842773 0.183594 0.844727 0.186198 0.845703 0.186198 0.849609 0.182292 0.850586 0.183594 0.853516 0.183594 0.859375 0.187500 0.867188 0.187500 0.868164 0.188802 0.871094 0.188802 0.873047 0.190104 0.875000 0.187500 0.888672 0.187500 0.889648 0.186198 0.892578 0.186198 0.894531 0.183594 0.899414 0.179688 0.899414 0.174479 0.898438 0.173177 0.898438 0.169271 0.897461 0.167969 0.897461 0.156250 0.896484 0.154948 0.896484 0.147135
0 0.900391 0.182292 0.895508 0.190104 0.893555 0.195312 0.893555 0.201823 0.888672 0.209635 0.888672 0.216146 0.891602 0.221354 0.894531 0.221354 0.898438 0.226562 0.900391 0.226562 0.906250 0.231771 0.910156 0.231771 0.911133 0.233073 0.916016 0.233073 0.916992 0.231771 0.922852 0.231771 0.924805 0.233073 0.926758 0.230469 0.932617 0.230469 0.934570 0.231771 0.938477 0.227865 0.939453 0.223958 0.942383 0.220052 0.945312 0.212240 0.945312 0.209635 0.948242 0.200521 0.948242 0.196615 0.936523 0.178385 0.935547 0.178385 0.932617 0.174479 0.927734 0.170573 0.925781 0.170573 0.924805 0.169271 0.919922 0.169271 0.916992 0.171875 0.913086 0.173177 0.909180 0.177083 0.904297 0.178385 0.901367 0.182292
0 0.725586 0.157552 0.721680 0.164062 0.721680 0.169271 0.719727 0.174479 0.718750 0.183594 0.715820 0.191406 0.715820 0.197917 0.717773 0.199219 0.720703 0.203125 0.720703 0.204427 0.724609 0.207031 0.726562 0.207031 0.727539 0.208333 0.730469 0.208333 0.735352 0.213542 0.737305 0.213542 0.738281 0.214844 0.750977 0.214844 0.758789 0.205729 0.759766 0.205729 0.760742 0.201823 0.763672 0.197917 0.763672 0.195312 0.765625 0.190104 0.765625 0.183594 0.766602 0.182292 0.766602 0.177083 0.765625 0.174479 0.754883 0.161458 0.753906 0.161458 0.750977 0.157552 0.744141 0.152344 0.734375 0.152344 0.733398 0.153646 0.731445 0.153646 0.729492 0.156250
0 0.756836 0.230469 0.758789 0.236979 0.764648 0.246094 0.764648 0.248698 0.765625 0.250000 0.770508 0.250000 0.775391 0.244792 0.779297 0.242188 0.781250 0.242188 0.782227 0.240885 0.785156 0.240885 0.786133 0.239583 0.797852 0.239583 0.801758 0.242188 0.804688 0.240885 0.806641 0.236979 0.806641 0.231771 0.808594 0.226562 0.808594 0.221354 0.804688 0.216146 0.802734 0.210938 0.794922 0.201823 0.792969 0.201823 0.784180 0.195312 0.776367 0.195312 0.768555 0.200521 0.765625 0.204427 0.764648 0.207031 0.764648 0.209635 0.760742 0.217448 0.760742 0.220052 0.759766 0.221354 0.759766 0.223958 0.757812 0.226562 0.757812 0.229167
0 0.821289 0.184896 0.819336 0.187500 0.816406 0.187500 0.814453 0.188802 0.811523 0.192708 0.808594 0.201823 0.805664 0.205729 0.805664 0.209635 0.806641 0.210938 0.806641 0.213542 0.810547 0.221354 0.810547 0.235677 0.813477 0.235677 0.816406 0.238281 0.818359 0.238281 0.826172 0.243490 0.831055 0.243490 0.832031 0.242188 0.833984 0.242188 0.835938 0.240885 0.837891 0.238281 0.837891 0.236979 0.841797 0.230469 0.842773 0.226562 0.845703 0.222656 0.847656 0.217448 0.852539 0.210938 0.852539 0.204427 0.849609 0.196615 0.845703 0.191406 0.845703 0.190104 0.840820 0.186198 0.837891 0.186198 0.836914 0.184896
0 0.854492 0.236979 0.855469 0.240885 0.859375 0.243490 0.863281 0.243490 0.864258 0.244792 0.866211 0.244792 0.870117 0.250000 0.870117 0.252604 0.872070 0.257812 0.872070 0.265625 0.873047 0.266927 0.873047 0.269531 0.875977 0.272135 0.876953 0.272135 0.879883 0.268229 0.895508 0.269531 0.897461 0.266927 0.904297 0.261719 0.909180 0.251302 0.909180 0.248698 0.910156 0.247396 0.910156 0.238281 0.911133 0.236979 0.908203 0.234375 0.906250 0.234375 0.900391 0.230469 0.898438 0.227865 0.894531 0.225260 0.892578 0.225260 0.890625 0.222656 0.882812 0.217448 0.880859 0.217448 0.876953 0.214844 0.871094 0.214844 0.864258 0.220052 0.856445 0.231771
0 0.917969 0.255208 0.912109 0.261719 0.911133 0.261719 0.906250 0.268229 0.904297 0.273438 0.904297 0.277344 0.902344 0.279948 0.902344 0.289062 0.899414 0.292969 0.902344 0.296875 0.902344 0.298177 0.903320 0.298177 0.907227 0.303385 0.910156 0.304688 0.914062 0.311198 0.916992 0.312500 0.919922 0.316406 0.923828 0.319010 0.939453 0.319010 0.944336 0.313802 0.945312 0.313802 0.948242 0.309896 0.951172 0.303385 0.956055 0.298177 0.956055 0.295573 0.957031 0.294271 0.956055 0.286458 0.952148 0.279948 0.952148 0.278646 0.950195 0.276042 0.949219 0.276042 0.948242 0.273438 0.946289 0.272135 0.944336 0.269531 0.944336 0.268229 0.937500 0.259115 0.935547 0.257812 0.935547 0.256510 0.929688 0.252604 0.925781 0.252604 0.924805 0.253906 0.920898 0.253906 0.919922 0.255208
0 0.867188 0.248698 0.860352 0.246094 0.857422 0.243490 0.855469 0.243490 0.854492 0.242188 0.850586 0.242188 0.849609 0.240885 0.847656 0.240885 0.846680 0.242188 0.841797 0.242188 0.833008 0.247396 0.822266 0.263021 0.820312 0.269531 0.820312 0.273438 0.819336 0.274740 0.819336 0.289062 0.820312 0.290365 0.821289 0.298177 0.826172 0.302083 0.829102 0.307292 0.831055 0.307292 0.836914 0.302083 0.837891 0.303385 0.840820 0.303385 0.844727 0.305990 0.857422 0.305990 0.858398 0.307292 0.864258 0.307292 0.867188 0.304688 0.871094 0.299479 0.871094 0.261719 0.870117 0.260417 0.870117 0.255208 0.869141 0.253906 0.869141 0.251302
0 0.781250 0.242188 0.771484 0.250000 0.767578 0.255208 0.765625 0.260417 0.765625 0.268229 0.763672 0.273438 0.763672 0.282552 0.765625 0.287760 0.765625 0.298177 0.766602 0.300781 0.771484 0.305990 0.772461 0.304688 0.779297 0.304688 0.781250 0.307292 0.783203 0.307292 0.784180 0.308594 0.798828 0.307292 0.799805 0.305990 0.806641 0.303385 0.809570 0.299479 0.810547 0.299479 0.810547 0.295573 0.811523 0.294271 0.811523 0.290365 0.810547 0.289062 0.812500 0.285156 0.813477 0.276042 0.816406 0.268229 0.816406 0.264323 0.815430 0.261719 0.814453 0.261719 0.810547 0.256510 0.807617 0.248698 0.802734 0.243490 0.800781 0.243490 0.797852 0.240885 0.786133 0.240885 0.785156 0.242188
0 0.734375 0.253906 0.733398 0.255208 0.730469 0.255208 0.729492 0.256510 0.724609 0.257812 0.718750 0.261719 0.714844 0.273438 0.711914 0.277344 0.710938 0.279948 0.710938 0.282552 0.709961 0.283854 0.711914 0.289062 0.714844 0.292969 0.714844 0.295573 0.717773 0.299479 0.719727 0.300781 0.721680 0.300781 0.722656 0.302083 0.724609 0.302083 0.728516 0.304688 0.735352 0.312500 0.741211 0.312500 0.742188 0.311198 0.745117 0.311198 0.747070 0.309896 0.749023 0.307292 0.750000 0.307292 0.751953 0.304688 0.755859 0.302083 0.757812 0.296875 0.757812 0.294271 0.758789 0.292969 0.758789 0.289062 0.759766 0.287760 0.759766 0.278646 0.757812 0.277344 0.754883 0.277344 0.752930 0.274740 0.752930 0.272135 0.749023 0.266927 0.749023 0.265625 0.743164 0.255208 0.741211 0.255208 0.740234 0.253906
0 0.758789 0.311198 0.751953 0.316406 0.746094 0.324219 0.745117 0.326823 0.745117 0.329427 0.744141 0.330729 0.744141 0.347656 0.745117 0.348958 0.745117 0.351562 0.750977 0.360677 0.750977 0.361979 0.753906 0.365885 0.757812 0.368490 0.761719 0.368490 0.766602 0.372396 0.769531 0.372396 0.770508 0.373698 0.775391 0.373698 0.776367 0.372396 0.779297 0.372396 0.781250 0.371094 0.784180 0.365885 0.785156 0.356771 0.793945 0.333333 0.793945 0.325521 0.791016 0.320312 0.791016 0.319010 0.787109 0.315104 0.778320 0.313802 0.774414 0.311198 0.767578 0.311198 0.766602 0.309896
0 0.822266 0.313802 0.821289 0.315104 0.817383 0.315104 0.813477 0.317708 0.803711 0.330729 0.800781 0.338542 0.800781 0.347656 0.799805 0.348958 0.799805 0.351562 0.800781 0.352865 0.800781 0.359375 0.801758 0.359375 0.804688 0.365885 0.812500 0.375000 0.814453 0.376302 0.818359 0.376302 0.824219 0.380208 0.827148 0.380208 0.828125 0.378906 0.831055 0.378906 0.834961 0.375000 0.842773 0.369792 0.852539 0.355469 0.853516 0.352865 0.853516 0.348958 0.852539 0.347656 0.852539 0.343750 0.851562 0.342448 0.851562 0.334635 0.848633 0.329427 0.845703 0.329427 0.842773 0.325521 0.831055 0.317708 0.829102 0.315104 0.827148 0.315104 0.826172 0.313802
0 0.868164 0.308594 0.865234 0.317708 0.865234 0.324219 0.864258 0.325521 0.865234 0.326823 0.865234 0.338542 0.864258 0.341146 0.865234 0.342448 0.865234 0.346354 0.866211 0.348958 0.869141 0.351562 0.868164 0.352865 0.868164 0.358073 0.869141 0.360677 0.873047 0.363281 0.888672 0.363281 0.889648 0.364583 0.893555 0.364583 0.894531 0.365885 0.896484 0.365885 0.898438 0.368490 0.900391 0.368490 0.902344 0.365885 0.904297 0.365885 0.906250 0.363281 0.907227 0.363281 0.912109 0.356771 0.912109 0.352865 0.913086 0.351562 0.912109 0.348958 0.912109 0.345052 0.913086 0.343750 0.913086 0.319010 0.912109 0.317708 0.911133 0.312500 0.904297 0.303385 0.902344 0.303385 0.901367 0.302083 0.884766 0.302083 0.883789 0.303385 0.876953 0.303385 0.875977 0.304688 0.873047 0.304688 0.871094 0.307292
0 0.760742 0.375000 0.759766 0.375000 0.755859 0.371094 0.751953 0.371094 0.750000 0.368490 0.746094 0.365885 0.742188 0.365885 0.736328 0.371094 0.734375 0.371094 0.733398 0.372396 0.731445 0.372396 0.727539 0.375000 0.718750 0.385417 0.717773 0.390625 0.716797 0.391927 0.716797 0.394531 0.715820 0.395833 0.715820 0.403646 0.718750 0.411458 0.726562 0.423177 0.730469 0.425781 0.739258 0.425781 0.744141 0.421875 0.749023 0.420573 0.753906 0.416667 0.755859 0.416667 0.756836 0.415365 0.759766 0.415365 0.762695 0.411458 0.763672 0.411458 0.767578 0.404948 0.767578 0.390625 0.766602 0.389323 0.766602 0.386719 0.765625 0.385417 0.764648 0.380208
0 0.775391 0.386719 0.771484 0.390625 0.770508 0.390625 0.769531 0.393229 0.769531 0.407552 0.772461 0.414062 0.772461 0.416667 0.773438 0.417969 0.773438 0.420573 0.774414 0.421875 0.774414 0.424479 0.776367 0.429688 0.779297 0.433594 0.780273 0.437500 0.783203 0.441406 0.787109 0.444010 0.791992 0.444010 0.797852 0.440104 0.799805 0.440104 0.800781 0.438802 0.805664 0.437500 0.807617 0.434896 0.807617 0.433594 0.809570 0.430990 0.810547 0.430990 0.817383 0.420573 0.817383 0.412760 0.814453 0.407552 0.811523 0.398438 0.804688 0.390625 0.798828 0.386719 0.796875 0.386719 0.795898 0.385417 0.792969 0.385417 0.791992 0.384115 0.784180 0.384115 0.783203 0.385417 0.778320 0.385417 0.777344 0.386719
0 0.854492 0.378906 0.850586 0.381510 0.843750 0.382812 0.835938 0.388021 0.832031 0.394531 0.831055 0.402344 0.827148 0.408854 0.826172 0.414062 0.829102 0.421875 0.832031 0.425781 0.833008 0.425781 0.834961 0.428385 0.835938 0.432292 0.836914 0.432292 0.840820 0.437500 0.841797 0.437500 0.843750 0.441406 0.849609 0.445312 0.855469 0.446615 0.856445 0.447917 0.859375 0.447917 0.860352 0.449219 0.866211 0.445312 0.875977 0.433594 0.875977 0.417969 0.875000 0.416667 0.875000 0.393229 0.874023 0.391927 0.874023 0.388021 0.873047 0.385417 0.870117 0.381510 0.868164 0.380208 0.860352 0.380208 0.859375 0.378906
0 0.818359 0.438802 0.803711 0.440104 0.802734 0.441406 0.794922 0.444010 0.788086 0.449219 0.788086 0.451823 0.786133 0.457031 0.787109 0.458333 0.787109 0.472656 0.788086 0.473958 0.789062 0.490885 0.791016 0.496094 0.797852 0.505208 0.799805 0.505208 0.800781 0.506510 0.818359 0.505208 0.825195 0.500000 0.827148 0.500000 0.829102 0.502604 0.830078 0.501302 0.831055 0.496094 0.833984 0.490885 0.833984 0.486979 0.837891 0.475260 0.837891 0.470052 0.835938 0.464844 0.831055 0.458333 0.827148 0.447917 0.822266 0.441406
0 0.737305 0.433594 0.735352 0.436198 0.734375 0.441406 0.733398 0.442708 0.733398 0.450521 0.734375 0.451823 0.734375 0.467448 0.737305 0.471354 0.740234 0.472656 0.745117 0.480469 0.745117 0.481771 0.750977 0.488281 0.753906 0.488281 0.754883 0.489583 0.766602 0.489583 0.767578 0.488281 0.771484 0.486979 0.776367 0.476562 0.776367 0.473958 0.779297 0.467448 0.779297 0.464844 0.781250 0.460938 0.781250 0.458333 0.784180 0.450521 0.784180 0.445312 0.779297 0.438802 0.775391 0.428385 0.773438 0.428385 0.772461 0.427083 0.751953 0.427083 0.750977 0.428385 0.744141 0.428385 0.742188 0.430990
0 0.750000 0.506510 0.744141 0.518229 0.744141 0.528646 0.747070 0.535156 0.747070 0.539062 0.752930 0.548177 0.754883 0.548177 0.758789 0.550781 0.761719 0.550781 0.762695 0.552083 0.765625 0.552083 0.766602 0.553385 0.769531 0.553385 0.770508 0.552083 0.772461 0.553385 0.780273 0.553385 0.783203 0.555990 0.789062 0.555990 0.791016 0.557292 0.791992 0.555990 0.794922 0.555990 0.802734 0.546875 0.802734 0.544271 0.805664 0.535156 0.802734 0.510417 0.799805 0.507812 0.797852 0.507812 0.793945 0.502604 0.792969 0.502604 0.789062 0.497396 0.786133 0.496094 0.783203 0.492188 0.781250 0.490885 0.778320 0.490885 0.777344 0.489583 0.772461 0.489583 0.771484 0.490885 0.766602 0.492188 0.761719 0.496094 0.759766 0.496094
0 0.718750 0.553385 0.715820 0.561198 0.713867 0.574219 0.711914 0.578125 0.711914 0.589844 0.713867 0.589844 0.713867 0.579427 0.715820 0.576823 0.717773 0.579427 0.717773 0.593750 0.719727 0.595052 0.725586 0.604167 0.729492 0.606771 0.734375 0.608073 0.744141 0.614583 0.751953 0.614583 0.752930 0.613281 0.755859 0.613281 0.760742 0.608073 0.765625 0.605469 0.769531 0.598958 0.772461 0.589844 0.772461 0.572917 0.770508 0.566406 0.762695 0.555990 0.760742 0.555990 0.756836 0.553385 0.746094 0.553385 0.745117 0.552083 0.741211 0.552083 0.740234 0.550781 0.736328 0.550781 0.735352 0.549479 0.726562 0.549479
