0 0.060547 0.080729 0.051758 0.089844 0.051758 0.091146 0.047852 0.095052 0.046875 0.098958 0.044922 0.101562 0.042969 0.110677 0.040039 0.117188 0.040039 0.128906 0.043945 0.135417 0.044922 0.139323 0.049805 0.140625 0.053711 0.144531 0.062500 0.149740 0.064453 0.152344 0.068359 0.153646 0.073242 0.157552 0.075195 0.157552 0.086914 0.166667 0.091797 0.166667 0.094727 0.162760 0.097656 0.153646 0.100586 0.148438 0.100586 0.145833 0.103516 0.139323 0.104492 0.127604 0.099609 0.114583 0.097656 0.111979 0.096680 0.106771 0.090820 0.097656 0.088867 0.091146 0.085938 0.087240 0.083984 0.085938 0.078125 0.085938 0.070312 0.080729
0 0.036133 0.149740 0.036133 0.160156 0.041992 0.175781 0.045898 0.182292 0.046875 0.182292 0.051758 0.188802 0.053711 0.188802 0.054688 0.190104 0.057617 0.190104 0.058594 0.191406 0.063477 0.191406 0.064453 0.190104 0.071289 0.188802 0.075195 0.183594 0.079102 0.180990 0.082031 0.177083 0.084961 0.175781 0.089844 0.169271 0.090820 0.169271 0.090820 0.167969 0.088867 0.166667 0.086914 0.166667 0.076172 0.158854 0.071289 0.157552 0.061523 0.151042 0.059570 0.148438 0.054688 0.147135 0.051758 0.144531 0.045898 0.144531 0.044922 0.143229 0.042969 0.144531 0.039062 0.144531
0 0.103516 0.166667 0.097656 0.170573 0.092773 0.177083 0.089844 0.184896 0.089844 0.188802 0.088867 0.190104 0.088867 0.205729 0.089844 0.207031 0.090820 0.214844 0.092773 0.217448 0.093750 0.221354 0.100586 0.230469 0.114258 0.240885 0.116211 0.240885 0.117188 0.242188 0.127930 0.242188 0.128906 0.240885 0.130859 0.240885 0.134766 0.235677 0.141602 0.230469 0.141602 0.221354 0.136719 0.209635 0.136719 0.204427 0.135742 0.203125 0.134766 0.195312 0.133789 0.194010 0.133789 0.186198 0.132812 0.184896 0.132812 0.182292 0.129883 0.174479 0.123047 0.165365
0 0.180664 0.162760 0.178711 0.162760 0.177734 0.161458 0.170898 0.161458 0.165039 0.165365 0.163086 0.165365 0.162109 0.166667 0.154297 0.169271 0.151367 0.171875 0.146484 0.173177 0.141602 0.177083 0.138672 0.177083 0.136719 0.179688 0.136719 0.182292 0.135742 0.183594 0.135742 0.197917 0.136719 0.199219 0.137695 0.207031 0.140625 0.213542 0.140625 0.216146 0.143555 0.221354 0.147461 0.225260 0.151367 0.233073 0.156250 0.238281 0.163086 0.238281 0.164062 0.236979 0.171875 0.236979 0.173828 0.238281 0.174805 0.236979 0.177734 0.236979 0.182617 0.230469 0.187500 0.229167 0.190430 0.225260 0.190430 0.218750 0.188477 0.214844 0.189453 0.178385 0.186523 0.169271
0 0.204102 0.104167 0.197266 0.109375 0.189453 0.121094 0.189453 0.125000 0.188477 0.126302 0.188477 0.141927 0.189453 0.143229 0.189453 0.145833 0.196289 0.158854 0.204102 0.169271 0.209961 0.174479 0.218750 0.179688 0.221680 0.183594 0.227539 0.184896 0.236328 0.177083 0.242188 0.169271 0.243164 0.169271 0.244141 0.166667 0.245117 0.157552 0.242188 0.153646 0.242188 0.122396 0.241211 0.121094 0.241211 0.117188 0.238281 0.113281 0.220703 0.113281 0.216797 0.110677 0.209961 0.102865
0 0.126953 0.005208 0.119141 0.022135 0.118164 0.031250 0.129883 0.087240 0.133789 0.092448 0.140625 0.096354 0.152344 0.097656 0.161133 0.101562 0.166016 0.101562 0.169922 0.097656 0.169922 0.084635 0.170898 0.083333 0.170898 0.079427 0.171875 0.076823 0.178711 0.069010 0.179688 0.065104 0.179688 0.058594 0.176758 0.049479 0.176758 0.045573 0.169922 0.027344 0.161133 0.013021 0.157227 0.011719 0.155273 0.009115 0.148438 0.006510 0.137695 0.006510 0.132812 0.003906
0 0.245117 0.013021 0.235352 0.013021 0.215820 0.022135 0.208984 0.027344 0.205078 0.032552 0.203125 0.039062 0.201172 0.041667 0.199219 0.066406 0.202148 0.078125 0.211914 0.104167 0.219727 0.111979 0.235352 0.111979 0.238281 0.110677 0.246094 0.093750 0.249023 0.089844 0.252930 0.079427 0.260742 0.067708 0.262695 0.062500 0.262695 0.052083 0.260742 0.048177 0.260742 0.044271 0.257812 0.037760 0.248047 0.027344 0.248047 0.023438 0.252930 0.018229
0 0.289062 0.110677 0.282227 0.117188 0.278320 0.123698 0.271484 0.141927 0.272461 0.147135 0.273438 0.147135 0.278320 0.153646 0.284180 0.157552 0.289062 0.164062 0.292969 0.166667 0.301758 0.177083 0.305664 0.179688 0.309570 0.179688 0.310547 0.180990 0.311523 0.179688 0.313477 0.179688 0.317383 0.182292 0.321289 0.182292 0.327148 0.175781 0.330078 0.174479 0.331055 0.170573 0.333008 0.169271 0.334961 0.161458 0.337891 0.157552 0.334961 0.149740 0.334961 0.141927 0.333984 0.140625 0.333984 0.138021 0.329102 0.130208 0.327148 0.123698 0.325195 0.121094 0.325195 0.118490 0.326172 0.117188 0.323242 0.109375 0.318359 0.104167 0.304688 0.104167 0.303711 0.105469 0.297852 0.105469
0 0.333984 0.052083 0.330078 0.058594 0.328125 0.069010 0.326172 0.071615 0.326172 0.074219 0.323242 0.080729 0.323242 0.084635 0.322266 0.085938 0.322266 0.097656 0.327148 0.114583 0.333008 0.122396 0.335938 0.122396 0.336914 0.123698 0.355469 0.123698 0.356445 0.125000 0.361328 0.123698 0.362305 0.125000 0.365234 0.125000 0.366211 0.123698 0.373047 0.123698 0.374023 0.122396 0.375977 0.122396 0.378906 0.115885 0.378906 0.111979 0.379883 0.110677 0.378906 0.109375 0.378906 0.093750 0.377930 0.092448 0.377930 0.084635 0.373047 0.070312 0.372070 0.059896 0.367188 0.053385 0.363281 0.052083 0.361328 0.049479 0.353516 0.045573 0.349609 0.049479 0.348633 0.048177 0.341797 0.048177 0.340820 0.049479 0.336914 0.049479
0 0.419922 0.046875 0.415039 0.046875 0.414062 0.048177 0.408203 0.049479 0.406250 0.054688 0.395508 0.067708 0.394531 0.067708 0.384766 0.080729 0.383789 0.080729 0.379883 0.087240 0.379883 0.102865 0.380859 0.104167 0.381836 0.110677 0.388672 0.121094 0.390625 0.127604 0.393555 0.131510 0.400391 0.136719 0.408203 0.138021 0.416016 0.134115 0.416992 0.131510 0.426758 0.118490 0.427734 0.118490 0.436523 0.105469 0.436523 0.101562 0.437500 0.100260 0.436523 0.098958 0.436523 0.095052 0.434570 0.091146 0.433594 0.079427 0.426758 0.057292 0.426758 0.053385 0.422852 0.048177 0.420898 0.048177
0 0.462891 0.000000 0.462891 0.002604 0.447266 0.022135 0.447266 0.033854 0.443359 0.040365 0.443359 0.063802 0.447266 0.079427 0.452148 0.083333 0.457031 0.091146 0.466797 0.096354 0.484375 0.097656 0.499023 0.088542 0.502930 0.080729 0.501953 0.074219 0.503906 0.069010 0.509766 0.065104 0.512695 0.067708 0.510742 0.079427 0.512695 0.091146 0.502930 0.097656 0.501953 0.100260 0.505859 0.105469 0.510742 0.102865 0.514648 0.096354 0.513672 0.093750 0.514648 0.082031 0.512695 0.062500 0.510742 0.059896 0.504883 0.020833 0.497070 0.006510 0.493164 0.003906 0.491211 0.000000
0 0.477539 0.106771 0.474609 0.105469 0.467773 0.106771 0.458984 0.101562 0.456055 0.102865 0.449219 0.102865 0.432617 0.123698 0.429688 0.132812 0.429688 0.153646 0.430664 0.154948 0.431641 0.167969 0.433594 0.170573 0.435547 0.177083 0.442383 0.186198 0.451172 0.192708 0.457031 0.192708 0.464844 0.187500 0.482422 0.169271 0.488281 0.160156 0.489258 0.151042 0.490234 0.149740 0.490234 0.136719 0.492188 0.130208 0.492188 0.122396 0.488281 0.115885
0 0.508789 0.111979 0.501953 0.115885 0.495117 0.125000 0.493164 0.143229 0.489258 0.162760 0.488281 0.188802 0.493164 0.197917 0.496094 0.199219 0.502930 0.207031 0.507812 0.209635 0.509766 0.212240 0.513672 0.213542 0.520508 0.209635 0.525391 0.204427 0.529297 0.203125 0.539062 0.190104 0.544922 0.178385 0.545898 0.167969 0.543945 0.165365 0.543945 0.161458 0.542969 0.160156 0.543945 0.147135 0.540039 0.143229 0.537109 0.132812 0.541016 0.127604 0.536133 0.121094 0.533203 0.121094 0.529297 0.117188 0.520508 0.115885 0.514648 0.111979
0 0.481445 0.196615 0.467773 0.205729 0.463867 0.205729 0.462891 0.204427 0.461914 0.207031 0.458008 0.210938 0.456055 0.216146 0.456055 0.222656 0.455078 0.223958 0.455078 0.230469 0.454102 0.231771 0.454102 0.246094 0.455078 0.247396 0.455078 0.250000 0.459961 0.256510 0.460938 0.263021 0.461914 0.263021 0.465820 0.269531 0.470703 0.273438 0.472656 0.273438 0.478516 0.277344 0.486328 0.277344 0.487305 0.276042 0.494141 0.274740 0.500000 0.268229 0.500977 0.260417 0.501953 0.259115 0.501953 0.253906 0.503906 0.247396 0.503906 0.242188 0.505859 0.238281 0.505859 0.234375 0.507812 0.227865 0.507812 0.217448 0.505859 0.213542 0.504883 0.213542 0.498047 0.204427 0.494141 0.201823 0.490234 0.196615 0.486328 0.196615 0.485352 0.197917 0.484375 0.196615
0 0.404297 0.173177 0.400391 0.178385 0.399414 0.178385 0.395508 0.184896 0.392578 0.186198 0.388672 0.194010 0.384766 0.207031 0.384766 0.216146 0.389648 0.226562 0.399414 0.238281 0.400391 0.238281 0.413086 0.255208 0.417969 0.256510 0.418945 0.257812 0.420898 0.256510 0.424805 0.256510 0.429688 0.251302 0.435547 0.247396 0.437500 0.242188 0.440430 0.238281 0.441406 0.231771 0.444336 0.226562 0.443359 0.210938 0.440430 0.201823 0.434570 0.195312 0.433594 0.191406 0.425781 0.182292 0.420898 0.179688 0.417969 0.179688 0.416992 0.178385 0.413086 0.178385 0.411133 0.179688 0.408203 0.175781 0.408203 0.173177
0 0.353516 0.130208 0.347656 0.145833 0.347656 0.166667 0.348633 0.167969 0.349609 0.174479 0.351562 0.177083 0.352539 0.180990 0.354492 0.182292 0.358398 0.194010 0.361328 0.197917 0.366211 0.200521 0.376953 0.200521 0.380859 0.197917 0.383789 0.197917 0.389648 0.188802 0.390625 0.183594 0.394531 0.178385 0.395508 0.178385 0.404297 0.165365 0.404297 0.160156 0.405273 0.157552 0.402344 0.149740 0.396484 0.140625 0.390625 0.136719 0.387695 0.136719 0.382812 0.134115 0.375000 0.134115 0.374023 0.132812 0.371094 0.132812 0.366211 0.130208 0.361328 0.130208 0.360352 0.128906 0.355469 0.128906
0 0.271484 0.147135 0.267578 0.148438 0.255859 0.158854 0.243164 0.175781 0.240234 0.177083 0.237305 0.183594 0.237305 0.188802 0.238281 0.190104 0.239258 0.200521 0.242188 0.207031 0.249023 0.216146 0.250000 0.220052 0.251953 0.222656 0.260742 0.227865 0.263672 0.227865 0.270508 0.222656 0.272461 0.222656 0.276367 0.220052 0.278320 0.217448 0.280273 0.217448 0.289062 0.207031 0.289062 0.203125 0.290039 0.201823 0.290039 0.197917 0.289062 0.196615 0.289062 0.179688 0.288086 0.178385 0.287109 0.171875 0.284180 0.164062 0.279297 0.157552 0.279297 0.156250 0.278320 0.156250 0.277344 0.153646 0.276367 0.153646
0 0.293945 0.184896 0.291016 0.195312 0.291016 0.204427 0.288086 0.214844 0.287109 0.226562 0.290039 0.235677 0.295898 0.244792 0.296875 0.248698 0.300781 0.253906 0.301758 0.257812 0.304688 0.261719 0.309570 0.264323 0.328125 0.265625 0.329102 0.266927 0.330078 0.265625 0.333008 0.265625 0.341797 0.259115 0.345703 0.252604 0.349609 0.239583 0.349609 0.235677 0.352539 0.230469 0.352539 0.220052 0.348633 0.210938 0.342773 0.201823 0.341797 0.197917 0.337891 0.194010 0.337891 0.190104 0.333984 0.187500 0.324219 0.187500 0.321289 0.184896 0.317383 0.184896 0.312500 0.182292 0.301758 0.182292 0.300781 0.183594
0 0.381836 0.216146 0.379883 0.216146 0.375977 0.218750 0.367188 0.220052 0.366211 0.221354 0.364258 0.221354 0.363281 0.223958 0.360352 0.225260 0.356445 0.233073 0.356445 0.235677 0.354492 0.240885 0.351562 0.244792 0.351562 0.247396 0.349609 0.251302 0.350586 0.268229 0.351562 0.269531 0.352539 0.279948 0.357422 0.290365 0.365234 0.298177 0.371094 0.298177 0.377930 0.294271 0.385742 0.292969 0.386719 0.291667 0.394531 0.289062 0.402344 0.283854 0.404297 0.281250 0.405273 0.276042 0.408203 0.272135 0.408203 0.269531 0.409180 0.268229 0.405273 0.256510 0.395508 0.243490 0.391602 0.240885 0.384766 0.230469 0.383789 0.227865 0.384766 0.220052 0.383789 0.217448
0 0.444336 0.248698 0.441406 0.248698 0.434570 0.255208 0.425781 0.260417 0.422852 0.264323 0.414062 0.272135 0.406250 0.282552 0.405273 0.285156 0.405273 0.294271 0.408203 0.302083 0.413086 0.309896 0.413086 0.312500 0.415039 0.316406 0.418945 0.321615 0.429688 0.328125 0.440430 0.328125 0.450195 0.321615 0.456055 0.313802 0.456055 0.311198 0.460938 0.304688 0.460938 0.300781 0.461914 0.299479 0.461914 0.295573 0.460938 0.294271 0.460938 0.285156 0.461914 0.282552 0.460938 0.281250 0.460938 0.278646 0.455078 0.264323 0.450195 0.256510 0.448242 0.251302
0 0.373047 0.303385 0.371094 0.308594 0.369141 0.309896 0.369141 0.312500 0.367188 0.316406 0.367188 0.320312 0.363281 0.332031 0.363281 0.338542 0.368164 0.346354 0.370117 0.352865 0.374023 0.358073 0.374023 0.359375 0.382812 0.368490 0.384766 0.368490 0.385742 0.369792 0.393555 0.369792 0.394531 0.371094 0.396484 0.369792 0.403320 0.369792 0.411133 0.364583 0.415039 0.359375 0.416992 0.352865 0.416016 0.339844 0.409180 0.321615 0.407227 0.319010 0.407227 0.316406 0.401367 0.302083 0.393555 0.295573 0.386719 0.295573 0.381836 0.298177 0.376953 0.303385
0 0.324219 0.274740 0.313477 0.282552 0.309570 0.283854 0.303711 0.289062 0.302734 0.291667 0.302734 0.304688 0.303711 0.305990 0.303711 0.309896 0.308594 0.322917 0.312500 0.329427 0.318359 0.345052 0.324219 0.351562 0.332031 0.352865 0.348633 0.342448 0.356445 0.333333 0.358398 0.328125 0.358398 0.322917 0.360352 0.317708 0.360352 0.304688 0.358398 0.298177 0.353516 0.291667 0.349609 0.290365 0.347656 0.287760 0.341797 0.283854 0.338867 0.279948 0.333008 0.276042
0 0.270508 0.246094 0.252930 0.247396 0.250977 0.250000 0.243164 0.253906 0.236328 0.263021 0.236328 0.270833 0.237305 0.272135 0.237305 0.308594 0.240234 0.320312 0.248047 0.330729 0.251953 0.330729 0.252930 0.332031 0.263672 0.332031 0.264648 0.330729 0.267578 0.330729 0.274414 0.325521 0.277344 0.325521 0.279297 0.324219 0.280273 0.313802 0.283203 0.309896 0.283203 0.305990 0.282227 0.304688 0.282227 0.295573 0.283203 0.292969 0.281250 0.289062 0.278320 0.273438 0.268555 0.260417 0.262695 0.255208 0.258789 0.253906 0.256836 0.251302 0.258789 0.248698 0.266602 0.248698 0.267578 0.247396 0.270508 0.247396
0 0.200195 0.231771 0.196289 0.235677 0.192383 0.235677 0.189453 0.238281 0.187500 0.238281 0.183594 0.240885 0.179688 0.246094 0.176758 0.253906 0.176758 0.264323 0.177734 0.265625 0.177734 0.268229 0.181641 0.274740 0.182617 0.278646 0.186523 0.282552 0.187500 0.287760 0.193359 0.295573 0.193359 0.298177 0.197266 0.305990 0.202148 0.311198 0.204102 0.311198 0.205078 0.312500 0.208984 0.312500 0.209961 0.311198 0.215820 0.309896 0.224609 0.299479 0.225586 0.296875 0.225586 0.287760 0.226562 0.286458 0.226562 0.274740 0.225586 0.273438 0.226562 0.270833 0.226562 0.265625 0.222656 0.256510 0.219727 0.252604 0.214844 0.248698 0.212891 0.243490 0.208008 0.236979 0.208008 0.234375 0.206055 0.231771
0 0.139648 0.235677 0.136719 0.239583 0.133789 0.247396 0.133789 0.251302 0.131836 0.257812 0.131836 0.266927 0.132812 0.268229 0.132812 0.273438 0.134766 0.277344 0.134766 0.287760 0.135742 0.290365 0.143555 0.299479 0.151367 0.304688 0.153320 0.304688 0.155273 0.307292 0.157227 0.307292 0.164062 0.312500 0.171875 0.312500 0.173828 0.311198 0.178711 0.304688 0.179688 0.300781 0.183594 0.295573 0.185547 0.289062 0.182617 0.279948 0.178711 0.273438 0.175781 0.265625 0.175781 0.263021 0.174805 0.261719 0.174805 0.256510 0.170898 0.253906 0.167969 0.250000 0.163086 0.247396 0.161133 0.244792 0.155273 0.240885 0.153320 0.240885 0.149414 0.238281 0.147461 0.235677 0.145508 0.235677 0.144531 0.234375 0.141602 0.234375
0 0.085938 0.261719 0.083008 0.266927 0.083008 0.277344 0.082031 0.278646 0.082031 0.300781 0.081055 0.302083 0.081055 0.308594 0.084961 0.322917 0.091797 0.330729 0.093750 0.330729 0.094727 0.332031 0.104492 0.330729 0.109375 0.333333 0.113281 0.333333 0.117188 0.335938 0.122070 0.335938 0.125977 0.333333 0.127930 0.328125 0.130859 0.324219 0.127930 0.319010 0.127930 0.312500 0.128906 0.311198 0.128906 0.302083 0.129883 0.299479 0.133789 0.295573 0.133789 0.292969 0.131836 0.291667 0.127930 0.285156 0.126953 0.276042 0.124023 0.268229 0.120117 0.263021 0.120117 0.261719 0.111328 0.255208 0.107422 0.255208 0.102539 0.260417 0.087891 0.260417
0 0.173828 0.317708 0.171875 0.316406 0.167969 0.316406 0.166992 0.317708 0.160156 0.319010 0.154297 0.322917 0.148438 0.324219 0.147461 0.325521 0.139648 0.328125 0.133789 0.332031 0.131836 0.334635 0.131836 0.335938 0.129883 0.338542 0.128906 0.346354 0.129883 0.347656 0.129883 0.350260 0.132812 0.359375 0.132812 0.364583 0.134766 0.369792 0.137695 0.373698 0.141602 0.376302 0.144531 0.376302 0.145508 0.377604 0.149414 0.377604 0.150391 0.378906 0.153320 0.378906 0.154297 0.380208 0.158203 0.380208 0.159180 0.381510 0.164062 0.381510 0.165039 0.382812 0.166992 0.382812 0.167969 0.381510 0.171875 0.381510 0.173828 0.380208 0.181641 0.371094 0.181641 0.368490 0.182617 0.367188 0.182617 0.355469 0.185547 0.347656 0.185547 0.343750 0.179688 0.337240 0.179688 0.334635 0.177734 0.330729 0.176758 0.322917
0 0.193359 0.303385 0.187500 0.309896 0.187500 0.319010 0.188477 0.320312 0.188477 0.325521 0.189453 0.326823 0.190430 0.334635 0.197266 0.346354 0.202148 0.350260 0.206055 0.351562 0.211914 0.358073 0.216797 0.359375 0.227539 0.352865 0.230469 0.348958 0.233398 0.347656 0.236328 0.343750 0.239258 0.335938 0.239258 0.332031 0.240234 0.330729 0.240234 0.324219 0.239258 0.322917 0.239258 0.320312 0.237305 0.317708 0.237305 0.313802 0.236328 0.312500 0.235352 0.305990 0.233398 0.304688 0.230469 0.304688 0.229492 0.303385 0.225586 0.303385 0.224609 0.302083 0.214844 0.311198 0.211914 0.311198 0.210938 0.312500 0.203125 0.312500 0.202148 0.311198 0.200195 0.311198 0.196289 0.305990 0.196289 0.304688 0.194336 0.304688
0 0.224609 0.361979 0.219727 0.367188 0.214844 0.380208 0.211914 0.385417 0.211914 0.394531 0.212891 0.395833 0.212891 0.402344 0.215820 0.406250 0.215820 0.407552 0.224609 0.417969 0.228516 0.419271 0.233398 0.424479 0.237305 0.425781 0.238281 0.427083 0.244141 0.427083 0.247070 0.424479 0.251953 0.424479 0.255859 0.420573 0.256836 0.420573 0.261719 0.414062 0.262695 0.414062 0.262695 0.411458 0.256836 0.404948 0.251953 0.393229 0.251953 0.390625 0.250000 0.385417 0.250000 0.381510 0.247070 0.376302 0.247070 0.373698 0.245117 0.369792 0.245117 0.365885 0.244141 0.365885 0.237305 0.358073 0.231445 0.358073 0.230469 0.359375 0.228516 0.359375
0 0.254883 0.346354 0.250977 0.351562 0.250977 0.354167 0.248047 0.361979 0.246094 0.364583 0.246094 0.369792 0.250977 0.381510 0.252930 0.393229 0.254883 0.395833 0.256836 0.402344 0.259766 0.406250 0.265625 0.410156 0.271484 0.410156 0.272461 0.411458 0.276367 0.411458 0.277344 0.412760 0.289062 0.412760 0.292969 0.410156 0.298828 0.401042 0.298828 0.398438 0.302734 0.391927 0.306641 0.378906 0.306641 0.369792 0.305664 0.368490 0.305664 0.364583 0.303711 0.360677 0.302734 0.351562 0.297852 0.345052 0.293945 0.342448 0.291992 0.342448 0.286133 0.337240 0.284180 0.337240 0.280273 0.334635 0.276367 0.334635 0.271484 0.339844 0.264648 0.341146
0 0.195312 0.391927 0.193359 0.394531 0.189453 0.397135 0.186523 0.403646 0.186523 0.412760 0.185547 0.414062 0.185547 0.416667 0.184570 0.417969 0.184570 0.423177 0.183594 0.424479 0.183594 0.433594 0.187500 0.438802 0.187500 0.440104 0.190430 0.444010 0.190430 0.445312 0.200195 0.457031 0.208984 0.462240 0.218750 0.462240 0.223633 0.457031 0.224609 0.457031 0.229492 0.450521 0.230469 0.447917 0.230469 0.441406 0.228516 0.437500 0.228516 0.434896 0.226562 0.430990 0.226562 0.428385 0.224609 0.424479 0.224609 0.421875 0.222656 0.419271 0.222656 0.417969 0.215820 0.410156 0.211914 0.401042 0.210938 0.393229 0.208984 0.390625
0 0.253906 0.441406 0.250000 0.444010 0.249023 0.446615 0.247070 0.447917 0.244141 0.447917 0.243164 0.453125 0.240234 0.458333 0.239258 0.464844 0.237305 0.468750 0.237305 0.473958 0.236328 0.475260 0.241211 0.489583 0.248047 0.498698 0.250000 0.503906 0.250977 0.503906 0.254883 0.509115 0.262695 0.510417 0.263672 0.509115 0.269531 0.507812 0.276367 0.501302 0.277344 0.494792 0.281250 0.489583 0.283203 0.483073 0.286133 0.479167 0.288086 0.473958 0.288086 0.467448 0.287109 0.466146 0.287109 0.463542 0.276367 0.449219 0.275391 0.449219 0.273438 0.446615 0.269531 0.446615 0.268555 0.445312 0.263672 0.444010 0.260742 0.441406
0 0.217773 0.481771 0.217773 0.496094 0.218750 0.497396 0.218750 0.506510 0.222656 0.511719 0.222656 0.513021 0.223633 0.514323 0.224609 0.514323 0.229492 0.518229 0.234375 0.519531 0.236328 0.522135 0.256836 0.522135 0.257812 0.520833 0.257812 0.519531 0.258789 0.518229 0.258789 0.513021 0.253906 0.510417 0.248047 0.502604 0.248047 0.501302 0.246094 0.498698 0.246094 0.497396 0.239258 0.486979 0.237305 0.480469 0.235352 0.477865 0.234375 0.477865 0.233398 0.476562 0.231445 0.476562 0.230469 0.475260 0.226562 0.475260 0.223633 0.477865 0.221680 0.477865 0.219727 0.480469 0.218750 0.480469
0 0.301758 0.490885 0.298828 0.490885 0.298828 0.493490 0.300781 0.493490 0.303711 0.496094 0.302734 0.497396 0.289062 0.497396 0.288086 0.498698 0.283203 0.500000 0.279297 0.503906 0.277344 0.503906 0.275391 0.506510 0.274414 0.506510 0.271484 0.511719 0.271484 0.516927 0.272461 0.518229 0.272461 0.533854 0.275391 0.541667 0.278320 0.545573 0.278320 0.546875 0.284180 0.553385 0.289062 0.553385 0.293945 0.549479 0.295898 0.549479 0.297852 0.548177 0.300781 0.544271 0.300781 0.540365 0.299805 0.539062 0.299805 0.532552 0.300781 0.531250 0.300781 0.528646 0.304688 0.522135 0.305664 0.518229 0.313477 0.507812 0.312500 0.503906 0.310547 0.502604 0.306641 0.496094 0.304688 0.496094
0 0.355469 0.546875 0.354492 0.545573 0.354492 0.537760 0.353516 0.536458 0.353516 0.532552 0.350586 0.524740 0.350586 0.522135 0.341797 0.511719 0.338867 0.511719 0.337891 0.510417 0.335938 0.510417 0.334961 0.511719 0.331055 0.511719 0.330078 0.513021 0.328125 0.513021 0.324219 0.515625 0.321289 0.515625 0.318359 0.518229 0.313477 0.518229 0.311523 0.515625 0.309570 0.515625 0.305664 0.522135 0.305664 0.523438 0.302734 0.527344 0.302734 0.529948 0.301758 0.531250 0.301758 0.539062 0.302734 0.540365 0.302734 0.546875 0.303711 0.548177 0.303711 0.550781 0.306641 0.553385 0.311523 0.554688 0.314453 0.558594 0.315430 0.558594 0.320312 0.563802 0.324219 0.565104 0.326172 0.567708 0.332031 0.567708 0.335938 0.565104 0.344727 0.563802 0.345703 0.562500 0.349609 0.561198 0.355469 0.553385
0 0.316406 0.407552 0.312500 0.407552 0.311523 0.406250 0.309570 0.406250 0.306641 0.408854 0.304688 0.408854 0.303711 0.410156 0.301758 0.410156 0.294922 0.414062 0.292969 0.419271 0.289062 0.424479 0.289062 0.425781 0.280273 0.436198 0.277344 0.444010 0.277344 0.447917 0.278320 0.450521 0.288086 0.462240 0.288086 0.466146 0.289062 0.468750 0.293945 0.473958 0.300781 0.477865 0.305664 0.477865 0.306641 0.476562 0.309570 0.476562 0.310547 0.475260 0.318359 0.473958 0.324219 0.470052 0.328125 0.464844 0.328125 0.462240 0.329102 0.460938 0.329102 0.451823 0.330078 0.450521 0.330078 0.447917 0.329102 0.446615 0.329102 0.441406 0.328125 0.440104 0.328125 0.434896 0.327148 0.433594 0.327148 0.425781 0.324219 0.417969
0 0.357422 0.347656 0.355469 0.348958 0.350586 0.348958 0.348633 0.347656 0.335938 0.354167 0.326172 0.355469 0.322266 0.358073 0.315430 0.367188 0.315430 0.369792 0.313477 0.373698 0.313477 0.385417 0.324219 0.414062 0.327148 0.419271 0.332031 0.424479 0.333984 0.424479 0.334961 0.425781 0.340820 0.425781 0.341797 0.427083 0.345703 0.427083 0.346680 0.425781 0.353516 0.424479 0.364258 0.414062 0.369141 0.404948 0.373047 0.401042 0.373047 0.397135 0.375000 0.391927 0.375000 0.382812 0.374023 0.381510 0.373047 0.372396 0.370117 0.369792 0.369141 0.365885 0.365234 0.361979 0.362305 0.354167 0.361328 0.354167
0 0.367188 0.423177 0.364258 0.425781 0.360352 0.425781 0.358398 0.427083 0.356445 0.429688 0.356445 0.430990 0.352539 0.434896 0.351562 0.437500 0.350586 0.437500 0.339844 0.450521 0.336914 0.457031 0.336914 0.470052 0.337891 0.471354 0.337891 0.473958 0.339844 0.476562 0.343750 0.476562 0.344727 0.477865 0.346680 0.477865 0.355469 0.484375 0.361328 0.485677 0.365234 0.488281 0.374023 0.488281 0.375000 0.486979 0.376953 0.486979 0.379883 0.483073 0.382812 0.481771 0.386719 0.476562 0.388672 0.471354 0.388672 0.468750 0.389648 0.467448 0.388672 0.434896 0.384766 0.433594 0.380859 0.428385 0.376953 0.427083 0.372070 0.423177
0 0.378906 0.490885 0.378906 0.497396 0.381836 0.503906 0.381836 0.506510 0.383789 0.509115 0.384766 0.513021 0.388672 0.518229 0.389648 0.522135 0.395508 0.528646 0.401367 0.528646 0.402344 0.529948 0.412109 0.529948 0.413086 0.528646 0.417969 0.527344 0.420898 0.524740 0.422852 0.524740 0.426758 0.519531 0.427734 0.516927 0.426758 0.515625 0.426758 0.511719 0.423828 0.506510 0.416016 0.502604 0.408203 0.492188 0.408203 0.489583 0.407227 0.488281 0.407227 0.485677 0.405273 0.480469 0.405273 0.472656 0.403320 0.470052 0.397461 0.470052 0.395508 0.471354 0.393555 0.473958 0.389648 0.476562 0.389648 0.477865 0.380859 0.489583
0 0.416016 0.437500 0.407227 0.447917 0.406250 0.451823 0.403320 0.457031 0.403320 0.467448 0.406250 0.473958 0.406250 0.480469 0.407227 0.481771 0.407227 0.485677 0.408203 0.486979 0.409180 0.492188 0.416016 0.501302 0.420898 0.502604 0.423828 0.505208 0.431641 0.505208 0.435547 0.502604 0.440430 0.497396 0.441406 0.497396 0.445312 0.490885 0.445312 0.489583 0.449219 0.484375 0.450195 0.481771 0.450195 0.477865 0.452148 0.472656 0.452148 0.468750 0.451172 0.467448 0.451172 0.460938 0.449219 0.458333 0.448242 0.458333 0.445312 0.454427 0.445312 0.453125 0.441406 0.451823 0.437500 0.447917 0.431641 0.445312 0.430664 0.444010 0.429688 0.438802 0.427734 0.436198 0.425781 0.436198 0.424805 0.437500 0.420898 0.437500 0.419922 0.438802
0 0.428711 0.388021 0.421875 0.378906 0.420898 0.378906 0.418945 0.376302 0.416016 0.377604 0.411133 0.372396 0.410156 0.373698 0.402344 0.375000 0.401367 0.376302 0.388672 0.376302 0.387695 0.378906 0.383789 0.382812 0.379883 0.394531 0.378906 0.414062 0.379883 0.415365 0.379883 0.420573 0.380859 0.423177 0.385742 0.429688 0.389648 0.430990 0.390625 0.432292 0.409180 0.432292 0.410156 0.433594 0.420898 0.433594 0.421875 0.432292 0.425781 0.432292 0.427734 0.430990 0.431641 0.421875 0.431641 0.415365 0.432617 0.414062 0.432617 0.401042 0.431641 0.399740 0.430664 0.391927 0.428711 0.389323
0 0.432617 0.333333 0.427734 0.337240 0.422852 0.343750 0.421875 0.346354 0.421875 0.354167 0.424805 0.361979 0.425781 0.368490 0.429688 0.377604 0.429688 0.380208 0.430664 0.381510 0.430664 0.384115 0.432617 0.389323 0.432617 0.393229 0.433594 0.395833 0.434570 0.395833 0.436523 0.398438 0.438477 0.398438 0.442383 0.401042 0.453125 0.398438 0.459961 0.390625 0.460938 0.390625 0.465820 0.385417 0.468750 0.384115 0.469727 0.378906 0.470703 0.377604 0.470703 0.371094 0.467773 0.363281 0.467773 0.360677 0.465820 0.356771 0.464844 0.350260 0.460938 0.343750 0.460938 0.341146 0.455078 0.334635 0.449219 0.333333 0.448242 0.332031 0.436523 0.332031 0.435547 0.333333
0 0.460938 0.395833 0.458984 0.397135 0.451172 0.408854 0.449219 0.417969 0.446289 0.424479 0.445312 0.432292 0.446289 0.433594 0.447266 0.444010 0.450195 0.451823 0.459961 0.464844 0.462891 0.467448 0.466797 0.467448 0.467773 0.468750 0.480469 0.467448 0.484375 0.464844 0.496094 0.449219 0.497070 0.445312 0.500977 0.438802 0.500977 0.436198 0.501953 0.434896 0.500977 0.433594 0.500977 0.429688 0.496094 0.419271 0.489258 0.414062 0.487305 0.414062 0.483398 0.408854 0.483398 0.404948 0.480469 0.398438 0.477539 0.395833 0.475586 0.395833 0.474609 0.394531
0 0.486328 0.466146 0.484375 0.468750 0.477539 0.472656 0.473633 0.477865 0.473633 0.480469 0.469727 0.489583 0.469727 0.502604 0.470703 0.503906 0.471680 0.511719 0.475586 0.518229 0.475586 0.519531 0.479492 0.524740 0.480469 0.524740 0.485352 0.529948 0.488281 0.529948 0.489258 0.531250 0.496094 0.531250 0.497070 0.532552 0.503906 0.532552 0.513672 0.524740 0.521484 0.513021 0.521484 0.510417 0.522461 0.509115 0.522461 0.502604 0.521484 0.501302 0.521484 0.497396 0.517578 0.492188 0.517578 0.490885 0.511719 0.480469 0.508789 0.471354 0.500977 0.468750 0.497070 0.464844 0.490234 0.464844 0.489258 0.466146
0 0.567383 0.449219 0.563477 0.446615 0.556641 0.445312 0.550781 0.441406 0.544922 0.441406 0.543945 0.440104 0.531250 0.441406 0.523438 0.447917 0.520508 0.453125 0.518555 0.454427 0.514648 0.454427 0.513672 0.453125 0.511719 0.458333 0.510742 0.471354 0.517578 0.489583 0.529297 0.506510 0.533203 0.503906 0.536133 0.503906 0.541992 0.498698 0.544922 0.497396 0.547852 0.493490 0.550781 0.492188 0.552734 0.489583 0.559570 0.485677 0.562500 0.481771 0.566406 0.480469 0.568359 0.477865 0.570312 0.471354 0.570312 0.466146 0.569336 0.464844 0.569336 0.458333 0.568359 0.457031
0 0.577148 0.480469 0.575195 0.477865 0.570312 0.477865 0.566406 0.481771 0.554688 0.489583 0.548828 0.496094 0.545898 0.497396 0.541016 0.502604 0.531250 0.507812 0.528320 0.511719 0.528320 0.523438 0.529297 0.524740 0.529297 0.529948 0.531250 0.535156 0.537109 0.540365 0.541016 0.537760 0.546875 0.537760 0.547852 0.536458 0.548828 0.537760 0.552734 0.537760 0.553711 0.536458 0.560547 0.536458 0.570312 0.529948 0.575195 0.522135 0.578125 0.514323 0.578125 0.511719 0.580078 0.507812 0.580078 0.489583 0.579102 0.488281 0.579102 0.485677
0 0.540039 0.541667 0.536133 0.552083 0.536133 0.557292 0.535156 0.558594 0.535156 0.561198 0.536133 0.562500 0.536133 0.570312 0.538086 0.574219 0.539062 0.580729 0.541016 0.583333 0.541016 0.584635 0.541992 0.584635 0.547852 0.593750 0.551758 0.593750 0.552734 0.595052 0.555664 0.595052 0.556641 0.596354 0.559570 0.596354 0.560547 0.597656 0.565430 0.597656 0.566406 0.598958 0.573242 0.598958 0.574219 0.597656 0.576172 0.597656 0.581055 0.592448 0.582031 0.589844 0.582031 0.585938 0.583008 0.584635 0.583008 0.582031 0.582031 0.580729 0.582031 0.570312 0.583008 0.569010 0.583008 0.553385 0.583984 0.552083 0.583984 0.546875 0.580078 0.540365 0.578125 0.539062 0.570312 0.539062 0.569336 0.537760 0.560547 0.537760 0.559570 0.539062 0.556641 0.539062 0.555664 0.540365 0.554688 0.539062 0.543945 0.539062
0 0.428711 0.520833 0.426758 0.523438 0.425781 0.529948 0.426758 0.531250 0.426758 0.542969 0.427734 0.544271 0.427734 0.552083 0.428711 0.553385 0.428711 0.565104 0.430664 0.570312 0.430664 0.575521 0.431641 0.578125 0.437500 0.585938 0.439453 0.587240 0.443359 0.587240 0.446289 0.584635 0.450195 0.584635 0.453125 0.582031 0.456055 0.582031 0.464844 0.576823 0.470703 0.569010 0.470703 0.566406 0.473633 0.563802 0.472656 0.558594 0.474609 0.554688 0.474609 0.552083 0.472656 0.549479 0.472656 0.546875 0.474609 0.544271 0.474609 0.541667 0.475586 0.540365 0.474609 0.535156 0.470703 0.532552 0.466797 0.527344 0.462891 0.524740 0.455078 0.524740 0.452148 0.522135 0.442383 0.522135 0.441406 0.520833 0.432617 0.520833 0.431641 0.519531
0 0.510742 0.533854 0.507812 0.533854 0.504883 0.536458 0.498047 0.536458 0.497070 0.535156 0.494141 0.535156 0.490234 0.537760 0.486328 0.537760 0.486328 0.542969 0.481445 0.554688 0.481445 0.557292 0.479492 0.562500 0.479492 0.567708 0.478516 0.569010 0.478516 0.579427 0.479492 0.580729 0.479492 0.583333 0.483398 0.593750 0.486328 0.597656 0.488281 0.597656 0.489258 0.598958 0.498047 0.598958 0.499023 0.597656 0.503906 0.597656 0.504883 0.596354 0.514648 0.596354 0.515625 0.595052 0.518555 0.595052 0.525391 0.591146 0.525391 0.589844 0.527344 0.587240 0.529297 0.582031 0.530273 0.563802 0.525391 0.555990 0.522461 0.554688 0.518555 0.549479 0.518555 0.548177 0.514648 0.544271 0.514648 0.542969 0.510742 0.537760
0 0.537109 0.596354 0.533203 0.593750 0.530273 0.593750 0.528320 0.592448 0.527344 0.593750 0.520508 0.595052 0.514648 0.598958 0.509766 0.604167 0.506836 0.604167 0.505859 0.605469 0.504883 0.604167 0.500977 0.604167 0.500000 0.606771 0.500977 0.609375 0.500000 0.614583 0.495117 0.625000 0.495117 0.630208 0.499023 0.639323 0.507812 0.649740 0.509766 0.651042 0.515625 0.651042 0.516602 0.652344 0.520508 0.651042 0.525391 0.647135 0.527344 0.647135 0.528320 0.648438 0.532227 0.644531 0.536133 0.643229 0.542969 0.632812 0.542969 0.631510 0.547852 0.626302 0.547852 0.623698 0.548828 0.622396 0.548828 0.615885 0.547852 0.614583 0.547852 0.611979 0.545898 0.609375 0.545898 0.608073
0 0.474609 0.585938 0.472656 0.585938 0.471680 0.587240 0.456055 0.587240 0.455078 0.588542 0.452148 0.588542 0.446289 0.592448 0.444336 0.596354 0.444336 0.600260 0.445312 0.601562 0.445312 0.605469 0.447266 0.609375 0.447266 0.611979 0.449219 0.614583 0.450195 0.617188 0.450195 0.619792 0.457031 0.638021 0.460938 0.643229 0.462891 0.643229 0.463867 0.644531 0.467773 0.644531 0.468750 0.643229 0.472656 0.643229 0.473633 0.641927 0.475586 0.641927 0.479492 0.639323 0.489258 0.627604 0.490234 0.627604 0.490234 0.621094 0.491211 0.619792 0.491211 0.615885 0.489258 0.613281 0.489258 0.605469 0.488281 0.602865 0.486328 0.601562 0.479492 0.592448 0.479492 0.591146 0.476562 0.587240
0 0.505859 0.651042 0.504883 0.649740 0.504883 0.648438 0.498047 0.639323 0.496094 0.632812 0.494141 0.630208 0.490234 0.630208 0.489258 0.631510 0.488281 0.631510 0.484375 0.636719 0.483398 0.636719 0.478516 0.641927 0.476562 0.641927 0.475586 0.643229 0.473633 0.643229 0.472656 0.644531 0.469727 0.644531 0.468750 0.645833 0.465820 0.645833 0.464844 0.644531 0.461914 0.644531 0.460938 0.645833 0.460938 0.653646 0.464844 0.662760 0.464844 0.665365 0.467773 0.670573 0.468750 0.670573 0.472656 0.674479 0.474609 0.674479 0.475586 0.675781 0.482422 0.675781 0.489258 0.670573 0.491211 0.670573 0.492188 0.669271 0.494141 0.669271 0.495117 0.667969 0.499023 0.667969 0.500000 0.666667 0.500977 0.666667 0.503906 0.660156 0.503906 0.657552 0.505859 0.654948
0 0.399414 0.566406 0.396484 0.570312 0.395508 0.572917 0.395508 0.575521 0.394531 0.576823 0.394531 0.584635 0.395508 0.585938 0.395508 0.588542 0.396484 0.589844 0.397461 0.596354 0.400391 0.601562 0.400391 0.608073 0.401367 0.609375 0.401367 0.611979 0.403320 0.614583 0.405273 0.619792 0.409180 0.625000 0.411133 0.626302 0.419922 0.626302 0.420898 0.625000 0.422852 0.625000 0.426758 0.622396 0.428711 0.619792 0.432617 0.617188 0.435547 0.613281 0.435547 0.611979 0.438477 0.606771 0.438477 0.600260 0.439453 0.598958 0.439453 0.593750 0.438477 0.591146 0.431641 0.582031 0.429688 0.576823 0.428711 0.576823 0.425781 0.572917 0.423828 0.572917 0.418945 0.569010 0.416016 0.569010 0.415039 0.567708 0.401367 0.567708
0 0.389648 0.542969 0.385742 0.542969 0.384766 0.541667 0.375977 0.541667 0.375000 0.542969 0.366211 0.542969 0.365234 0.544271 0.364258 0.544271 0.351562 0.562500 0.351562 0.567708 0.352539 0.569010 0.352539 0.575521 0.354492 0.578125 0.354492 0.579427 0.355469 0.580729 0.358398 0.582031 0.360352 0.584635 0.361328 0.584635 0.366211 0.591146 0.367188 0.591146 0.368164 0.592448 0.374023 0.592448 0.375000 0.591146 0.383789 0.591146 0.384766 0.589844 0.386719 0.589844 0.390625 0.585938 0.391602 0.585938 0.391602 0.584635 0.392578 0.583333 0.392578 0.578125 0.393555 0.576823 0.394531 0.570312 0.397461 0.563802 0.397461 0.554688 0.394531 0.549479 0.394531 0.548177
0 0.253906 0.561198 0.253906 0.565104 0.254883 0.566406 0.254883 0.569010 0.255859 0.570312 0.255859 0.571615 0.264648 0.583333 0.266602 0.583333 0.267578 0.584635 0.271484 0.584635 0.272461 0.585938 0.277344 0.585938 0.278320 0.584635 0.280273 0.584635 0.281250 0.583333 0.286133 0.580729 0.288086 0.578125 0.291016 0.576823 0.295898 0.571615 0.298828 0.570312 0.302734 0.565104 0.302734 0.558594 0.301758 0.557292 0.301758 0.555990 0.298828 0.552083 0.298828 0.550781 0.293945 0.550781 0.290039 0.554688 0.283203 0.554688 0.274414 0.542969 0.274414 0.541667 0.272461 0.539062 0.271484 0.535156 0.267578 0.535156 0.266602 0.536458 0.265625 0.536458 0.258789 0.545573 0.258789 0.546875 0.256836 0.550781 0.256836 0.553385 0.254883 0.557292 0.254883 0.559896
0 0.304688 0.557292 0.304688 0.559896 0.303711 0.561198 0.303711 0.576823 0.302734 0.578125 0.302734 0.580729 0.303711 0.582031 0.303711 0.583333 0.312500 0.593750 0.313477 0.593750 0.322266 0.600260 0.328125 0.600260 0.329102 0.601562 0.330078 0.600260 0.334961 0.600260 0.335938 0.598958 0.339844 0.598958 0.343750 0.595052 0.344727 0.595052 0.347656 0.591146 0.347656 0.589844 0.348633 0.588542 0.348633 0.578125 0.347656 0.576823 0.346680 0.572917 0.343750 0.569010 0.343750 0.567708 0.342773 0.566406 0.337891 0.566406 0.336914 0.567708 0.333984 0.567708 0.333008 0.569010 0.331055 0.569010 0.330078 0.570312 0.329102 0.570312 0.328125 0.569010 0.326172 0.569010 0.322266 0.565104 0.315430 0.561198 0.312500 0.557292 0.311523 0.557292 0.310547 0.555990 0.305664 0.555990
0 0.358398 0.593750 0.353516 0.589844 0.349609 0.589844 0.346680 0.595052 0.345703 0.595052 0.341797 0.598958 0.339844 0.598958 0.338867 0.600260 0.335938 0.600260 0.334961 0.601562 0.328125 0.601562 0.327148 0.602865 0.325195 0.602865 0.325195 0.604167 0.322266 0.609375 0.322266 0.611979 0.321289 0.613281 0.321289 0.622396 0.323242 0.625000 0.323242 0.626302 0.324219 0.626302 0.326172 0.628906 0.329102 0.630208 0.333008 0.634115 0.337891 0.635417 0.340820 0.638021 0.344727 0.638021 0.349609 0.634115 0.351562 0.634115 0.352539 0.632812 0.353516 0.632812 0.356445 0.628906 0.358398 0.628906 0.360352 0.626302 0.361328 0.619792 0.363281 0.615885 0.363281 0.611979 0.362305 0.610677 0.362305 0.606771 0.361328 0.605469 0.361328 0.601562 0.360352 0.600260
0 0.379883 0.595052 0.377930 0.597656 0.376953 0.597656 0.375977 0.598958 0.374023 0.598958 0.374023 0.600260 0.371094 0.604167 0.371094 0.605469 0.368164 0.610677 0.368164 0.611979 0.364258 0.617188 0.364258 0.618490 0.362305 0.621094 0.362305 0.630208 0.363281 0.631510 0.363281 0.634115 0.364258 0.635417 0.364258 0.636719 0.371094 0.645833 0.372070 0.645833 0.375000 0.648438 0.376953 0.648438 0.380859 0.652344 0.388672 0.652344 0.389648 0.651042 0.391602 0.651042 0.395508 0.645833 0.396484 0.645833 0.399414 0.640625 0.400391 0.640625 0.401367 0.639323 0.401367 0.638021 0.405273 0.628906 0.405273 0.623698 0.400391 0.613281 0.400391 0.610677 0.399414 0.609375 0.399414 0.606771 0.398438 0.605469 0.398438 0.601562 0.395508 0.597656 0.393555 0.597656 0.392578 0.596354 0.390625 0.596354 0.389648 0.595052
0 0.263672 0.605469 0.263672 0.613281 0.264648 0.615885 0.266602 0.618490 0.269531 0.619792 0.273438 0.625000 0.275391 0.630208 0.276367 0.630208 0.280273 0.635417 0.282227 0.635417 0.285156 0.638021 0.296875 0.638021 0.297852 0.636719 0.301758 0.636719 0.307617 0.632812 0.314453 0.625000 0.314453 0.622396 0.317383 0.615885 0.317383 0.613281 0.316406 0.611979 0.316406 0.605469 0.312500 0.600260 0.311523 0.596354 0.305664 0.589844 0.299805 0.589844 0.298828 0.591146 0.291992 0.591146 0.291016 0.589844 0.284180 0.589844 0.283203 0.588542 0.281250 0.589844 0.276367 0.589844 0.275391 0.591146 0.273438 0.591146 0.271484 0.592448
0 0.358398 0.647135 0.356445 0.648438 0.349609 0.658854 0.349609 0.662760 0.347656 0.665365 0.345703 0.670573 0.345703 0.674479 0.344727 0.675781 0.344727 0.680990 0.343750 0.682292 0.343750 0.686198 0.344727 0.688802 0.346680 0.688802 0.348633 0.690104 0.352539 0.695312 0.356445 0.697917 0.358398 0.697917 0.364258 0.703125 0.367188 0.703125 0.368164 0.704427 0.372070 0.704427 0.373047 0.705729 0.377930 0.705729 0.379883 0.704427 0.384766 0.697917 0.385742 0.697917 0.388672 0.691406 0.388672 0.688802 0.389648 0.687500 0.389648 0.677083 0.388672 0.675781 0.388672 0.670573 0.387695 0.667969 0.384766 0.666667 0.379883 0.658854 0.376953 0.658854 0.375977 0.657552 0.376953 0.656250 0.376953 0.653646 0.375977 0.652344 0.373047 0.652344 0.371094 0.649740 0.371094 0.648438 0.369141 0.647135
0 0.395508 0.651042 0.395508 0.662760 0.396484 0.664062 0.396484 0.674479 0.397461 0.675781 0.397461 0.682292 0.398438 0.684896 0.400391 0.687500 0.404297 0.688802 0.407227 0.691406 0.412109 0.691406 0.413086 0.694010 0.418945 0.700521 0.421875 0.700521 0.422852 0.701823 0.429688 0.701823 0.437500 0.691406 0.441406 0.690104 0.447266 0.680990 0.447266 0.673177 0.445312 0.670573 0.441406 0.657552 0.437500 0.652344 0.433594 0.649740 0.431641 0.649740 0.428711 0.645833 0.424805 0.645833 0.423828 0.644531 0.414062 0.644531 0.413086 0.645833 0.409180 0.645833 0.408203 0.644531 0.405273 0.644531 0.404297 0.643229 0.400391 0.643229 0.396484 0.648438
0 0.508789 0.670573 0.505859 0.678385 0.505859 0.682292 0.504883 0.683594 0.504883 0.692708 0.505859 0.694010 0.505859 0.701823 0.506836 0.703125 0.508789 0.717448 0.513672 0.725260 0.517578 0.727865 0.518555 0.726562 0.530273 0.725260 0.531250 0.723958 0.535156 0.723958 0.539062 0.721354 0.544922 0.721354 0.545898 0.720052 0.548828 0.720052 0.549805 0.718750 0.553711 0.717448 0.555664 0.714844 0.556641 0.712240 0.556641 0.697917 0.554688 0.692708 0.554688 0.687500 0.550781 0.680990 0.549805 0.680990 0.547852 0.678385 0.542969 0.678385 0.533203 0.671875 0.529297 0.677083 0.524414 0.677083 0.523438 0.675781 0.516602 0.677083 0.514648 0.674479 0.514648 0.671875 0.516602 0.667969 0.514648 0.666667 0.512695 0.666667
0 0.608398 0.664062 0.601562 0.654948 0.600586 0.654948 0.598633 0.651042 0.598633 0.652344 0.595703 0.656250 0.588867 0.656250 0.587891 0.654948 0.579102 0.653646 0.578125 0.654948 0.578125 0.657552 0.575195 0.661458 0.573242 0.660156 0.559570 0.660156 0.557617 0.656250 0.555664 0.657552 0.555664 0.660156 0.557617 0.665365 0.557617 0.683594 0.561523 0.694010 0.562500 0.695312 0.569336 0.695312 0.570312 0.696615 0.574219 0.696615 0.575195 0.697917 0.577148 0.696615 0.582031 0.696615 0.583008 0.695312 0.584961 0.696615 0.596680 0.695312 0.598633 0.692708 0.599609 0.692708 0.606445 0.683594 0.607422 0.680990
0 0.615234 0.601562 0.610352 0.608073 0.607422 0.609375 0.600586 0.618490 0.601562 0.641927 0.605469 0.652344 0.618164 0.667969 0.620117 0.669271 0.630859 0.669271 0.633789 0.666667 0.635742 0.666667 0.639648 0.664062 0.641602 0.658854 0.644531 0.654948 0.649414 0.652344 0.652344 0.648438 0.653320 0.648438 0.653320 0.641927 0.645508 0.630208 0.645508 0.627604 0.643555 0.622396 0.643555 0.617188 0.639648 0.606771 0.637695 0.604167 0.629883 0.602865 0.628906 0.601562 0.625977 0.601562 0.625000 0.600260 0.622070 0.600260 0.619141 0.602865 0.616211 0.602865
0 0.587891 0.549479 0.587891 0.554688 0.589844 0.555990 0.589844 0.561198 0.588867 0.562500 0.588867 0.565104 0.589844 0.566406 0.590820 0.575521 0.591797 0.576823 0.591797 0.579427 0.592773 0.580729 0.592773 0.583333 0.593750 0.585938 0.598633 0.593750 0.604492 0.593750 0.605469 0.595052 0.623047 0.595052 0.624023 0.593750 0.625977 0.593750 0.627930 0.592448 0.631836 0.587240 0.634766 0.585938 0.634766 0.575521 0.633789 0.574219 0.633789 0.570312 0.631836 0.565104 0.631836 0.559896 0.630859 0.557292 0.628906 0.555990 0.625000 0.555990 0.624023 0.554688 0.618164 0.554688 0.617188 0.553385 0.611328 0.553385 0.610352 0.552083 0.606445 0.552083 0.602539 0.549479 0.597656 0.549479 0.595703 0.552083 0.593750 0.552083 0.592773 0.550781 0.592773 0.544271 0.591797 0.542969 0.590820 0.544271 0.590820 0.546875 0.588867 0.549479
0 0.586914 0.490885 0.586914 0.509115 0.587891 0.510417 0.586914 0.518229 0.589844 0.528646 0.597656 0.544271 0.603516 0.549479 0.611328 0.552083 0.617188 0.552083 0.625000 0.554688 0.634766 0.554688 0.637695 0.546875 0.635742 0.522135 0.632812 0.506510 0.631836 0.492188 0.629883 0.488281 0.625000 0.488281 0.623047 0.485677 0.624023 0.483073 0.626953 0.481771 0.625000 0.480469 0.623047 0.483073 0.617188 0.483073 0.611328 0.479167 0.609375 0.481771 0.610352 0.483073 0.609375 0.486979 0.600586 0.489583 0.593750 0.500000 0.592773 0.513021 0.590820 0.515625 0.587891 0.511719 0.588867 0.509115 0.587891 0.501302 0.591797 0.492188 0.591797 0.485677
0 0.641602 0.506510 0.637695 0.514323 0.637695 0.526042 0.638672 0.527344 0.638672 0.533854 0.639648 0.535156 0.639648 0.544271 0.644531 0.552083 0.645508 0.555990 0.654297 0.563802 0.657227 0.563802 0.662109 0.566406 0.666992 0.566406 0.667969 0.567708 0.671875 0.567708 0.672852 0.569010 0.677734 0.569010 0.678711 0.567708 0.681641 0.567708 0.683594 0.566406 0.686523 0.561198 0.686523 0.558594 0.689453 0.549479 0.690430 0.535156 0.691406 0.533854 0.691406 0.529948 0.692383 0.528646 0.693359 0.519531 0.694336 0.518229 0.694336 0.511719 0.693359 0.509115 0.689453 0.505208 0.687500 0.505208 0.686523 0.503906 0.671875 0.502604 0.670898 0.501302 0.665039 0.501302 0.664062 0.500000 0.654297 0.500000 0.653320 0.501302 0.648438 0.501302 0.647461 0.502604 0.645508 0.502604 0.642578 0.506510
0 0.602539 0.376302 0.598633 0.375000 0.595703 0.377604 0.598633 0.377604 0.600586 0.380208 0.600586 0.384115 0.597656 0.386719 0.590820 0.386719 0.586914 0.382812 0.583984 0.382812 0.581055 0.378906 0.575195 0.378906 0.566406 0.386719 0.563477 0.391927 0.562500 0.397135 0.553711 0.407552 0.555664 0.417969 0.561523 0.427083 0.567383 0.438802 0.575195 0.446615 0.589844 0.446615 0.591797 0.445312 0.598633 0.434896 0.600586 0.429688 0.600586 0.427083 0.606445 0.415365 0.607422 0.411458 0.616211 0.402344 0.615234 0.395833
0 0.615234 0.406250 0.605469 0.417969 0.602539 0.425781 0.601562 0.430990 0.599609 0.433594 0.597656 0.440104 0.594727 0.444010 0.594727 0.447917 0.599609 0.459635 0.603516 0.464844 0.605469 0.466146 0.628906 0.466146 0.638672 0.459635 0.645508 0.450521 0.648438 0.442708 0.648438 0.440104 0.649414 0.438802 0.650391 0.428385 0.645508 0.421875 0.640625 0.419271 0.636719 0.415365 0.630859 0.414062 0.628906 0.411458 0.625000 0.408854 0.623047 0.408854 0.622070 0.407552 0.617188 0.407552
0 0.514648 0.345052 0.510742 0.345052 0.504883 0.350260 0.496094 0.351562 0.490234 0.355469 0.482422 0.364583 0.481445 0.371094 0.480469 0.372396 0.480469 0.385417 0.479492 0.388021 0.481445 0.394531 0.484375 0.398438 0.488281 0.407552 0.493164 0.414062 0.494141 0.414062 0.500000 0.421875 0.505859 0.425781 0.520508 0.424479 0.528320 0.420573 0.529297 0.417969 0.534180 0.412760 0.539062 0.398438 0.539062 0.390625 0.536133 0.381510 0.532227 0.376302 0.528320 0.364583 0.525391 0.363281 0.519531 0.352865 0.516602 0.350260
0 0.498047 0.279948 0.490234 0.279948 0.489258 0.281250 0.478516 0.281250 0.477539 0.282552 0.474609 0.282552 0.471680 0.287760 0.469727 0.287760 0.465820 0.296875 0.465820 0.330729 0.466797 0.332031 0.466797 0.334635 0.479492 0.352865 0.484375 0.355469 0.487305 0.355469 0.491211 0.352865 0.493164 0.350260 0.500000 0.346354 0.504883 0.341146 0.507812 0.339844 0.513672 0.334635 0.517578 0.329427 0.519531 0.322917 0.519531 0.313802 0.518555 0.312500 0.518555 0.307292 0.514648 0.298177 0.510742 0.292969 0.509766 0.292969 0.502930 0.282552
0 0.570312 0.283854 0.554688 0.279948 0.551758 0.281250 0.546875 0.287760 0.541016 0.292969 0.538086 0.292969 0.537109 0.294271 0.532227 0.292969 0.531250 0.294271 0.531250 0.303385 0.530273 0.304688 0.529297 0.320312 0.528320 0.321615 0.528320 0.328125 0.527344 0.329427 0.528320 0.333333 0.527344 0.341146 0.532227 0.354167 0.539062 0.360677 0.546875 0.364583 0.551758 0.364583 0.555664 0.361979 0.558594 0.361979 0.564453 0.359375 0.568359 0.355469 0.576172 0.352865 0.582031 0.346354 0.582031 0.341146 0.583008 0.339844 0.582031 0.338542 0.582031 0.334635 0.584961 0.324219 0.583984 0.305990 0.578125 0.291667
0 0.535156 0.209635 0.532227 0.212240 0.528320 0.218750 0.526367 0.217448 0.521484 0.218750 0.513672 0.230469 0.512695 0.236979 0.514648 0.242188 0.515625 0.257812 0.517578 0.261719 0.518555 0.272135 0.520508 0.278646 0.525391 0.285156 0.531250 0.287760 0.534180 0.287760 0.535156 0.289062 0.543945 0.289062 0.550781 0.279948 0.556641 0.277344 0.563477 0.268229 0.564453 0.268229 0.566406 0.264323 0.571289 0.259115 0.574219 0.257812 0.577148 0.251302 0.577148 0.246094 0.576172 0.244792 0.576172 0.239583 0.572266 0.229167 0.564453 0.217448 0.557617 0.213542 0.553711 0.213542 0.545898 0.209635
0 0.563477 0.158854 0.561523 0.162760 0.563477 0.165365 0.568359 0.162760 0.573242 0.165365 0.578125 0.165365 0.581055 0.167969 0.575195 0.175781 0.571289 0.178385 0.563477 0.190104 0.563477 0.195312 0.566406 0.199219 0.566406 0.205729 0.568359 0.208333 0.570312 0.216146 0.573242 0.220052 0.574219 0.226562 0.577148 0.230469 0.577148 0.236979 0.582031 0.248698 0.586914 0.252604 0.604492 0.252604 0.625977 0.226562 0.628906 0.216146 0.628906 0.204427 0.622070 0.179688 0.616211 0.167969 0.602539 0.161458 0.588867 0.160156 0.587891 0.158854 0.570312 0.158854 0.569336 0.157552
0 0.638672 0.238281 0.632812 0.238281 0.631836 0.239583 0.627930 0.239583 0.626953 0.240885 0.622070 0.240885 0.611328 0.255208 0.604492 0.272135 0.604492 0.278646 0.603516 0.279948 0.603516 0.294271 0.604492 0.295573 0.604492 0.299479 0.608398 0.307292 0.616211 0.312500 0.618164 0.316406 0.621094 0.319010 0.628906 0.319010 0.629883 0.320312 0.630859 0.319010 0.641602 0.315104 0.650391 0.308594 0.653320 0.304688 0.655273 0.299479 0.654297 0.283854 0.653320 0.282552 0.653320 0.278646 0.651367 0.273438 0.651367 0.269531 0.648438 0.260417 0.648438 0.256510 0.647461 0.255208 0.646484 0.248698 0.643555 0.244792 0.642578 0.240885
0 0.619141 0.324219 0.617188 0.330729 0.618164 0.332031 0.620117 0.332031 0.623047 0.329427 0.624023 0.330729 0.627930 0.330729 0.629883 0.335938 0.629883 0.341146 0.627930 0.343750 0.619141 0.347656 0.617188 0.352865 0.612305 0.359375 0.610352 0.360677 0.609375 0.359375 0.606445 0.359375 0.605469 0.360677 0.607422 0.364583 0.607422 0.371094 0.613281 0.388021 0.624023 0.403646 0.628906 0.406250 0.635742 0.406250 0.637695 0.407552 0.641602 0.404948 0.648438 0.395833 0.664062 0.384115 0.669922 0.376302 0.669922 0.368490 0.670898 0.365885 0.669922 0.364583 0.668945 0.352865 0.663086 0.342448 0.661133 0.334635 0.652344 0.325521 0.649414 0.324219
0 0.688477 0.372396 0.686523 0.372396 0.680664 0.368490 0.678711 0.365885 0.672852 0.363281 0.670898 0.367188 0.671875 0.371094 0.670898 0.372396 0.670898 0.375000 0.668945 0.380208 0.663086 0.386719 0.657227 0.390625 0.655273 0.393229 0.650391 0.395833 0.642578 0.404948 0.641602 0.404948 0.641602 0.406250 0.639648 0.408854 0.639648 0.412760 0.640625 0.415365 0.642578 0.417969 0.645508 0.419271 0.650391 0.425781 0.656250 0.429688 0.662109 0.429688 0.665039 0.427083 0.669922 0.425781 0.681641 0.416667 0.687500 0.407552 0.693359 0.393229 0.693359 0.385417 0.692383 0.384115 0.692383 0.380208 0.691406 0.378906 0.691406 0.376302
0 0.719727 0.455729 0.712891 0.447917 0.706055 0.447917 0.705078 0.449219 0.703125 0.447917 0.689453 0.447917 0.684570 0.450521 0.680664 0.450521 0.678711 0.453125 0.676758 0.453125 0.670898 0.459635 0.669922 0.464844 0.666992 0.467448 0.665039 0.471354 0.662109 0.467448 0.662109 0.464844 0.661133 0.463542 0.657227 0.462240 0.657227 0.467448 0.661133 0.471354 0.661133 0.477865 0.662109 0.479167 0.662109 0.490885 0.667969 0.498698 0.669922 0.500000 0.673828 0.500000 0.674805 0.501302 0.703125 0.501302 0.704102 0.500000 0.708984 0.500000 0.713867 0.494792 0.719727 0.481771 0.719727 0.464844 0.720703 0.463542 0.720703 0.458333
0 0.687500 0.574219 0.681641 0.570312 0.660156 0.572917 0.657227 0.575521 0.653320 0.575521 0.649414 0.579427 0.646484 0.580729 0.643555 0.584635 0.641602 0.584635 0.640625 0.585938 0.641602 0.601562 0.642578 0.602865 0.642578 0.606771 0.643555 0.608073 0.644531 0.615885 0.645508 0.617188 0.645508 0.626302 0.647461 0.631510 0.650391 0.635417 0.652344 0.635417 0.655273 0.639323 0.667969 0.640625 0.668945 0.639323 0.676758 0.639323 0.681641 0.635417 0.685547 0.634115 0.688477 0.630208 0.692383 0.622396 0.694336 0.614583 0.698242 0.610677 0.699219 0.608073 0.699219 0.602865 0.693359 0.588542 0.692383 0.583333
0 0.705078 0.647135 0.703125 0.641927 0.701172 0.639323 0.701172 0.638021 0.697266 0.632812 0.696289 0.632812 0.695312 0.630208 0.693359 0.628906 0.688477 0.634115 0.684570 0.636719 0.682617 0.636719 0.680664 0.639323 0.678711 0.639323 0.677734 0.640625 0.674805 0.640625 0.673828 0.641927 0.666016 0.641927 0.664062 0.644531 0.663086 0.647135 0.663086 0.649740 0.661133 0.652344 0.657227 0.662760 0.655273 0.665365 0.655273 0.674479 0.663086 0.683594 0.665039 0.684896 0.667969 0.684896 0.668945 0.686198 0.681641 0.686198 0.682617 0.684896 0.684570 0.684896 0.685547 0.683594 0.687500 0.683594 0.688477 0.682292 0.693359 0.680990 0.698242 0.675781 0.700195 0.670573 0.700195 0.667969 0.701172 0.666667 0.702148 0.660156 0.705078 0.653646
0 0.749023 0.613281 0.747070 0.611979 0.737305 0.611979 0.736328 0.613281 0.731445 0.613281 0.726562 0.618490 0.715820 0.647135 0.711914 0.653646 0.711914 0.664062 0.712891 0.665365 0.712891 0.667969 0.713867 0.669271 0.713867 0.671875 0.714844 0.673177 0.715820 0.678385 0.716797 0.678385 0.718750 0.680990 0.720703 0.682292 0.730469 0.682292 0.731445 0.680990 0.737305 0.680990 0.738281 0.679688 0.741211 0.679688 0.745117 0.675781 0.748047 0.674479 0.754883 0.664062 0.757812 0.654948 0.760742 0.649740 0.760742 0.647135 0.761719 0.645833 0.761719 0.640625 0.760742 0.639323 0.759766 0.630208 0.757812 0.627604 0.755859 0.621094
0 0.698242 0.579427 0.703125 0.585938 0.703125 0.588542 0.706055 0.595052 0.707031 0.595052 0.714844 0.604167 0.718750 0.605469 0.719727 0.606771 0.722656 0.606771 0.723633 0.608073 0.741211 0.608073 0.745117 0.605469 0.749023 0.600260 0.749023 0.598958 0.750977 0.596354 0.752930 0.591146 0.755859 0.587240 0.757812 0.582031 0.757812 0.576823 0.755859 0.574219 0.751953 0.571615 0.745117 0.562500 0.729492 0.562500 0.727539 0.563802 0.726562 0.562500 0.718750 0.562500 0.717773 0.561198 0.709961 0.561198 0.708008 0.562500 0.706055 0.565104 0.702148 0.575521
0 0.766602 0.587240 0.763672 0.593750 0.763672 0.611979 0.764648 0.613281 0.764648 0.622396 0.765625 0.623698 0.765625 0.630208 0.766602 0.631510 0.766602 0.635417 0.767578 0.638021 0.771484 0.641927 0.773438 0.641927 0.774414 0.643229 0.776367 0.643229 0.780273 0.645833 0.786133 0.645833 0.787109 0.644531 0.791016 0.644531 0.791992 0.643229 0.793945 0.643229 0.802734 0.631510 0.802734 0.630208 0.808594 0.621094 0.808594 0.618490 0.809570 0.617188 0.809570 0.605469 0.808594 0.604167 0.808594 0.600260 0.805664 0.593750 0.798828 0.593750 0.797852 0.595052 0.794922 0.595052 0.793945 0.596354 0.786133 0.596354 0.785156 0.595052 0.782227 0.595052 0.781250 0.593750 0.779297 0.593750 0.772461 0.588542 0.769531 0.588542 0.768555 0.587240
0 0.762695 0.531250 0.755859 0.549479 0.755859 0.552083 0.756836 0.553385 0.756836 0.561198 0.758789 0.566406 0.758789 0.571615 0.761719 0.579427 0.777344 0.589844 0.779297 0.592448 0.785156 0.593750 0.786133 0.595052 0.793945 0.595052 0.801758 0.589844 0.806641 0.588542 0.810547 0.584635 0.812500 0.579427 0.816406 0.574219 0.816406 0.571615 0.817383 0.570312 0.817383 0.557292 0.810547 0.542969 0.797852 0.529948 0.795898 0.529948 0.794922 0.528646 0.789062 0.528646 0.788086 0.527344 0.789062 0.526042 0.789062 0.523438 0.785156 0.523438 0.785156 0.526042 0.786133 0.527344 0.785156 0.528646 0.776367 0.527344 0.774414 0.524740 0.769531 0.526042
0 0.706055 0.505208 0.702148 0.511719 0.702148 0.515625 0.703125 0.516927 0.703125 0.524740 0.702148 0.526042 0.702148 0.528646 0.704102 0.531250 0.705078 0.536458 0.708008 0.536458 0.710938 0.542969 0.711914 0.558594 0.713867 0.559896 0.717773 0.559896 0.718750 0.561198 0.724609 0.561198 0.725586 0.562500 0.731445 0.562500 0.732422 0.561198 0.739258 0.561198 0.740234 0.559896 0.743164 0.559896 0.747070 0.554688 0.748047 0.554688 0.755859 0.542969 0.755859 0.539062 0.760742 0.527344 0.760742 0.518229 0.759766 0.516927 0.758789 0.507812 0.757812 0.509115 0.757812 0.511719 0.755859 0.514323 0.753906 0.510417 0.749023 0.505208 0.739258 0.498698 0.734375 0.498698 0.733398 0.497396 0.719727 0.497396 0.718750 0.498698 0.715820 0.498698
0 0.843750 0.535156 0.840820 0.533854 0.833984 0.540365 0.828125 0.544271 0.825195 0.544271 0.824219 0.545573 0.820312 0.545573 0.816406 0.548177 0.816406 0.550781 0.817383 0.552083 0.817383 0.555990 0.818359 0.557292 0.818359 0.569010 0.817383 0.570312 0.817383 0.572917 0.816406 0.575521 0.813477 0.579427 0.809570 0.589844 0.809570 0.591146 0.811523 0.593750 0.813477 0.595052 0.827148 0.595052 0.828125 0.593750 0.830078 0.593750 0.835938 0.589844 0.837891 0.587240 0.840820 0.585938 0.852539 0.567708 0.853516 0.565104 0.853516 0.559896 0.851562 0.554688 0.851562 0.550781 0.850586 0.549479 0.850586 0.546875 0.848633 0.544271 0.848633 0.541667
0 0.810547 0.460938 0.805664 0.466146 0.805664 0.468750 0.801758 0.477865 0.794922 0.486979 0.794922 0.493490 0.795898 0.494792 0.795898 0.497396 0.794922 0.498698 0.794922 0.509115 0.799805 0.519531 0.810547 0.532552 0.811523 0.537760 0.814453 0.541667 0.816406 0.541667 0.817383 0.542969 0.826172 0.542969 0.827148 0.541667 0.830078 0.541667 0.837891 0.535156 0.847656 0.520833 0.851562 0.518229 0.855469 0.513021 0.858398 0.506510 0.858398 0.497396 0.856445 0.490885 0.851562 0.483073 0.850586 0.477865 0.848633 0.473958 0.841797 0.471354 0.836914 0.466146 0.827148 0.466146 0.826172 0.464844 0.821289 0.464844 0.817383 0.460938 0.815430 0.460938 0.814453 0.462240
0 0.926758 0.493490 0.921875 0.485677 0.912109 0.477865 0.902344 0.477865 0.897461 0.480469 0.892578 0.488281 0.890625 0.488281 0.887695 0.492188 0.881836 0.493490 0.879883 0.496094 0.877930 0.490885 0.877930 0.481771 0.873047 0.479167 0.868164 0.479167 0.866211 0.484375 0.862305 0.489583 0.860352 0.489583 0.860352 0.497396 0.862305 0.502604 0.861328 0.515625 0.867188 0.531250 0.870117 0.535156 0.876953 0.540365 0.882812 0.541667 0.883789 0.542969 0.887695 0.542969 0.888672 0.544271 0.889648 0.542969 0.904297 0.542969 0.911133 0.537760 0.918945 0.526042 0.922852 0.514323 0.926758 0.507812 0.926758 0.502604 0.927734 0.501302
0 0.804688 0.441406 0.802734 0.436198 0.797852 0.429688 0.790039 0.428385 0.789062 0.427083 0.786133 0.427083 0.783203 0.429688 0.779297 0.429688 0.772461 0.433594 0.769531 0.433594 0.764648 0.429688 0.762695 0.429688 0.758789 0.432292 0.755859 0.432292 0.754883 0.433594 0.750977 0.433594 0.746094 0.440104 0.745117 0.440104 0.747070 0.441406 0.749023 0.445312 0.746094 0.449219 0.743164 0.459635 0.743164 0.463542 0.742188 0.464844 0.743164 0.475260 0.751953 0.485677 0.754883 0.485677 0.763672 0.492188 0.771484 0.493490 0.774414 0.496094 0.777344 0.496094 0.778320 0.497396 0.782227 0.496094 0.789062 0.488281 0.794922 0.484375 0.802734 0.471354 0.802734 0.468750 0.805664 0.460938 0.805664 0.445312 0.804688 0.444010
0 0.697266 0.388021 0.696289 0.397135 0.702148 0.417969 0.710938 0.427083 0.713867 0.427083 0.732422 0.436198 0.742188 0.436198 0.747070 0.433594 0.759766 0.419271 0.764648 0.407552 0.763672 0.393229 0.757812 0.385417 0.750977 0.381510 0.748047 0.377604 0.738281 0.371094 0.735352 0.371094 0.731445 0.368490 0.723633 0.368490 0.719727 0.365885 0.718750 0.368490 0.720703 0.368490 0.722656 0.371094 0.721680 0.372396 0.717773 0.373698 0.714844 0.371094 0.711914 0.371094 0.709961 0.373698 0.705078 0.376302
0 0.821289 0.358073 0.817383 0.355469 0.804688 0.358073 0.803711 0.356771 0.804688 0.354167 0.811523 0.354167 0.812500 0.351562 0.803711 0.345052 0.794922 0.345052 0.783203 0.351562 0.782227 0.355469 0.777344 0.361979 0.771484 0.365885 0.766602 0.372396 0.766602 0.377604 0.764648 0.382812 0.764648 0.390625 0.765625 0.391927 0.766602 0.403646 0.773438 0.419271 0.780273 0.425781 0.784180 0.425781 0.789062 0.421875 0.795898 0.419271 0.803711 0.412760 0.807617 0.411458 0.813477 0.406250 0.822266 0.401042 0.825195 0.397135 0.825195 0.393229 0.826172 0.391927 0.826172 0.378906 0.824219 0.373698 0.823242 0.361979
0 0.829102 0.395833 0.822266 0.403646 0.813477 0.408854 0.811523 0.414062 0.811523 0.420573 0.812500 0.421875 0.812500 0.427083 0.813477 0.428385 0.813477 0.432292 0.814453 0.433594 0.814453 0.444010 0.815430 0.445312 0.815430 0.450521 0.816406 0.451823 0.816406 0.454427 0.821289 0.460938 0.823242 0.462240 0.826172 0.462240 0.827148 0.463542 0.836914 0.463542 0.837891 0.462240 0.844727 0.462240 0.845703 0.460938 0.847656 0.460938 0.851562 0.455729 0.851562 0.453125 0.854492 0.444010 0.860352 0.434896 0.864258 0.424479 0.864258 0.415365 0.858398 0.402344 0.852539 0.395833 0.850586 0.395833 0.849609 0.397135 0.846680 0.397135 0.845703 0.395833
0 0.764648 0.296875 0.762695 0.295573 0.752930 0.295573 0.751953 0.296875 0.748047 0.296875 0.740234 0.302083 0.732422 0.303385 0.729492 0.305990 0.717773 0.322917 0.716797 0.332031 0.715820 0.333333 0.715820 0.337240 0.718750 0.339844 0.718750 0.342448 0.716797 0.345052 0.717773 0.351562 0.721680 0.355469 0.721680 0.347656 0.723633 0.345052 0.727539 0.351562 0.729492 0.356771 0.729492 0.360677 0.731445 0.361979 0.733398 0.365885 0.739258 0.368490 0.754883 0.368490 0.755859 0.367188 0.764648 0.365885 0.773438 0.360677 0.773438 0.359375 0.780273 0.351562 0.780273 0.343750 0.775391 0.330729 0.774414 0.324219 0.770508 0.315104 0.767578 0.302083
0 0.693359 0.281250 0.683594 0.281250 0.679688 0.283854 0.675781 0.289062 0.664062 0.296875 0.663086 0.299479 0.656250 0.307292 0.656250 0.309896 0.655273 0.311198 0.655273 0.317708 0.656250 0.319010 0.656250 0.321615 0.660156 0.326823 0.660156 0.329427 0.664062 0.335938 0.666992 0.345052 0.670898 0.350260 0.676758 0.350260 0.680664 0.347656 0.683594 0.347656 0.684570 0.346354 0.687500 0.346354 0.688477 0.345052 0.694336 0.343750 0.698242 0.341146 0.701172 0.341146 0.710938 0.335938 0.714844 0.330729 0.715820 0.322917 0.713867 0.317708 0.713867 0.312500 0.712891 0.311198 0.712891 0.307292 0.711914 0.304688 0.709961 0.302083 0.708984 0.298177 0.703125 0.289062 0.700195 0.287760
0 0.663086 0.187500 0.655273 0.194010 0.647461 0.208333 0.643555 0.220052 0.643555 0.238281 0.646484 0.243490 0.650391 0.256510 0.658203 0.261719 0.687500 0.263021 0.692383 0.260417 0.705078 0.240885 0.710938 0.227865 0.712891 0.213542 0.711914 0.212240 0.710938 0.201823 0.708984 0.196615 0.703125 0.191406 0.694336 0.187500 0.691406 0.187500 0.688477 0.184896 0.683594 0.184896 0.682617 0.183594 0.672852 0.183594 0.668945 0.186198
0 0.726562 0.208333 0.714844 0.221354 0.711914 0.233073 0.701172 0.251302 0.701172 0.253906 0.699219 0.257812 0.699219 0.265625 0.702148 0.272135 0.701172 0.277344 0.705078 0.281250 0.710938 0.290365 0.713867 0.291667 0.716797 0.295573 0.730469 0.296875 0.731445 0.298177 0.732422 0.296875 0.737305 0.296875 0.738281 0.295573 0.749023 0.292969 0.752930 0.290365 0.759766 0.281250 0.759766 0.278646 0.768555 0.255208 0.769531 0.244792 0.763672 0.227865 0.756836 0.220052 0.738281 0.209635
0 0.790039 0.218750 0.785156 0.218750 0.778320 0.225260 0.775391 0.225260 0.774414 0.226562 0.769531 0.227865 0.766602 0.230469 0.767578 0.235677 0.770508 0.242188 0.771484 0.250000 0.768555 0.257812 0.768555 0.260417 0.761719 0.277344 0.761719 0.285156 0.763672 0.287760 0.763672 0.290365 0.765625 0.295573 0.769531 0.300781 0.774414 0.303385 0.778320 0.303385 0.779297 0.304688 0.787109 0.304688 0.790039 0.302083 0.793945 0.291667 0.802734 0.278646 0.808594 0.263021 0.807617 0.247396 0.802734 0.231771 0.799805 0.227865 0.799805 0.226562 0.793945 0.220052 0.791016 0.220052
0 0.889648 0.295573 0.883789 0.291667 0.879883 0.291667 0.875977 0.289062 0.873047 0.289062 0.871094 0.290365 0.871094 0.292969 0.865234 0.300781 0.862305 0.300781 0.858398 0.303385 0.851562 0.312500 0.850586 0.317708 0.845703 0.330729 0.845703 0.342448 0.849609 0.354167 0.851562 0.356771 0.851562 0.361979 0.852539 0.363281 0.857422 0.363281 0.860352 0.365885 0.865234 0.365885 0.866211 0.367188 0.877930 0.367188 0.878906 0.365885 0.882812 0.365885 0.893555 0.360677 0.897461 0.356771 0.900391 0.351562 0.904297 0.348958 0.907227 0.345052 0.906250 0.334635 0.904297 0.330729 0.904297 0.328125 0.905273 0.326823 0.904297 0.320312 0.901367 0.316406 0.898438 0.308594
0 0.919922 0.338542 0.915039 0.332031 0.911133 0.330729 0.909180 0.332031 0.908203 0.334635 0.908203 0.346354 0.896484 0.359375 0.887695 0.365885 0.878906 0.367188 0.877930 0.368490 0.871094 0.369792 0.868164 0.372396 0.864258 0.373698 0.862305 0.376302 0.862305 0.381510 0.864258 0.385417 0.864258 0.391927 0.871094 0.399740 0.880859 0.399740 0.883789 0.402344 0.886719 0.402344 0.891602 0.404948 0.895508 0.404948 0.896484 0.406250 0.904297 0.406250 0.905273 0.404948 0.912109 0.403646 0.912109 0.402344 0.916992 0.397135 0.920898 0.389323 0.924805 0.378906 0.924805 0.373698 0.925781 0.372396 0.924805 0.369792 0.924805 0.351562
0 0.961914 0.480469 0.961914 0.471354 0.959961 0.467448 0.959961 0.464844 0.958008 0.459635 0.958008 0.455729 0.956055 0.450521 0.951172 0.444010 0.951172 0.442708 0.946289 0.437500 0.944336 0.438802 0.944336 0.440104 0.947266 0.444010 0.947266 0.445312 0.942383 0.449219 0.928711 0.449219 0.927734 0.450521 0.922852 0.449219 0.919922 0.451823 0.916992 0.451823 0.916016 0.453125 0.914062 0.453125 0.912109 0.455729 0.908203 0.457031 0.903320 0.464844 0.908203 0.472656 0.911133 0.473958 0.913086 0.476562 0.916992 0.477865 0.926758 0.488281 0.945312 0.486979 0.946289 0.485677 0.951172 0.485677 0.954102 0.483073 0.957031 0.483073 0.958008 0.481771
0 0.872070 0.186198 0.867188 0.188802 0.857422 0.201823 0.856445 0.213542 0.864258 0.221354 0.872070 0.223958 0.874023 0.226562 0.874023 0.233073 0.872070 0.238281 0.872070 0.250000 0.874023 0.257812 0.874023 0.265625 0.873047 0.269531 0.870117 0.272135 0.874023 0.274740 0.875977 0.282552 0.880859 0.287760 0.895508 0.290365 0.903320 0.283854 0.910156 0.272135 0.926758 0.257812 0.936523 0.242188 0.935547 0.222656 0.933594 0.216146 0.927734 0.207031 0.922852 0.195312 0.919922 0.194010 0.907227 0.195312 0.896484 0.186198
0 0.928711 0.259115 0.926758 0.259115 0.925781 0.260417 0.924805 0.260417 0.916992 0.268229 0.916016 0.268229 0.912109 0.272135 0.911133 0.272135 0.907227 0.277344 0.907227 0.278646 0.900391 0.287760 0.899414 0.287760 0.895508 0.291667 0.893555 0.291667 0.892578 0.292969 0.892578 0.294271 0.894531 0.298177 0.894531 0.300781 0.895508 0.302083 0.895508 0.303385 0.899414 0.307292 0.899414 0.308594 0.902344 0.313802 0.902344 0.315104 0.903320 0.315104 0.906250 0.317708 0.908203 0.317708 0.912109 0.313802 0.913086 0.313802 0.919922 0.304688 0.919922 0.303385 0.926758 0.292969 0.927734 0.289062 0.932617 0.282552 0.932617 0.281250 0.933594 0.279948 0.933594 0.273438 0.929688 0.265625 0.929688 0.261719 0.928711 0.260417
0 0.754883 0.134115 0.749023 0.151042 0.743164 0.177083 0.743164 0.186198 0.745117 0.194010 0.747070 0.196615 0.749023 0.204427 0.761719 0.218750 0.767578 0.220052 0.768555 0.218750 0.783203 0.216146 0.791016 0.212240 0.805664 0.208333 0.811523 0.201823 0.815430 0.184896 0.815430 0.170573 0.812500 0.158854 0.804688 0.144531 0.801758 0.143229 0.795898 0.136719 0.780273 0.130208 0.765625 0.130208 0.764648 0.131510 0.758789 0.131510
0 0.887695 0.105469 0.883789 0.106771 0.875977 0.104167 0.870117 0.108073 0.863281 0.108073 0.862305 0.106771 0.859375 0.108073 0.844727 0.108073 0.840820 0.106771 0.829102 0.110677 0.828125 0.115885 0.829102 0.122396 0.828125 0.123698 0.827148 0.135417 0.823242 0.148438 0.823242 0.160156 0.824219 0.165365 0.827148 0.169271 0.828125 0.173177 0.831055 0.177083 0.832031 0.180990 0.834961 0.184896 0.834961 0.187500 0.838867 0.194010 0.848633 0.195312 0.860352 0.190104 0.876953 0.175781 0.891602 0.156250 0.893555 0.136719 0.895508 0.131510 0.895508 0.125000 0.892578 0.117188 0.891602 0.110677
0 0.717773 0.084635 0.715820 0.085938 0.717773 0.089844 0.716797 0.092448 0.712891 0.092448 0.707031 0.096354 0.696289 0.100260 0.688477 0.111979 0.687500 0.117188 0.690430 0.131510 0.690430 0.160156 0.689453 0.164062 0.692383 0.173177 0.703125 0.184896 0.715820 0.190104 0.725586 0.190104 0.737305 0.183594 0.742188 0.173177 0.742188 0.169271 0.745117 0.161458 0.745117 0.157552 0.747070 0.153646 0.747070 0.149740 0.754883 0.122396 0.754883 0.104167 0.748047 0.097656 0.738281 0.092448 0.728516 0.084635
0 0.645508 0.084635 0.643555 0.085938 0.643555 0.089844 0.633789 0.102865 0.633789 0.113281 0.632812 0.114583 0.631836 0.134115 0.629883 0.144531 0.629883 0.154948 0.626953 0.167969 0.636719 0.182292 0.640625 0.184896 0.648438 0.186198 0.649414 0.187500 0.663086 0.186198 0.674805 0.180990 0.685547 0.166667 0.688477 0.154948 0.688477 0.136719 0.687500 0.135417 0.686523 0.123698 0.684570 0.115885 0.674805 0.100260 0.674805 0.096354 0.669922 0.091146 0.667969 0.091146 0.665039 0.085938 0.664062 0.085938 0.665039 0.089844 0.663086 0.092448 0.660156 0.092448 0.658203 0.089844 0.659180 0.085938 0.657227 0.084635
0 0.551758 0.113281 0.545898 0.121094 0.544922 0.121094 0.544922 0.126302 0.545898 0.127604 0.545898 0.128906 0.546875 0.130208 0.546875 0.132812 0.549805 0.139323 0.549805 0.141927 0.550781 0.143229 0.550781 0.145833 0.551758 0.147135 0.551758 0.152344 0.552734 0.153646 0.552734 0.156250 0.554688 0.158854 0.558594 0.158854 0.559570 0.157552 0.562500 0.157552 0.563477 0.156250 0.569336 0.156250 0.571289 0.153646 0.571289 0.152344 0.572266 0.151042 0.572266 0.148438 0.573242 0.147135 0.573242 0.132812 0.574219 0.131510 0.574219 0.128906 0.575195 0.127604 0.575195 0.122396 0.572266 0.118490 0.572266 0.117188 0.571289 0.115885 0.570312 0.115885 0.567383 0.113281
