0 0.091797 0.291667 0.083984 0.299479 0.078125 0.303385 0.076172 0.303385 0.074219 0.305990 0.071289 0.307292 0.068359 0.311198 0.066406 0.316406 0.066406 0.342448 0.067383 0.343750 0.070312 0.356771 0.075195 0.364583 0.089844 0.372396 0.100586 0.372396 0.105469 0.369792 0.110352 0.363281 0.111328 0.352865 0.115234 0.345052 0.116211 0.339844 0.120117 0.329427 0.119141 0.328125 0.118164 0.317708 0.117188 0.316406 0.116211 0.309896 0.114258 0.305990 0.110352 0.300781 0.098633 0.291667
0 0.129883 0.321615 0.124023 0.329427 0.124023 0.330729 0.120117 0.334635 0.115234 0.347656 0.113281 0.350260 0.113281 0.352865 0.112305 0.354167 0.112305 0.363281 0.116211 0.372396 0.124023 0.381510 0.129883 0.385417 0.132812 0.385417 0.142578 0.390625 0.156250 0.390625 0.166016 0.384115 0.170898 0.376302 0.168945 0.372396 0.169922 0.369792 0.169922 0.364583 0.168945 0.363281 0.168945 0.360677 0.165039 0.354167 0.164062 0.346354 0.161133 0.341146 0.160156 0.337240 0.157227 0.333333 0.153320 0.333333 0.150391 0.335938 0.147461 0.335938 0.145508 0.337240 0.143555 0.335938 0.136719 0.326823 0.135742 0.322917 0.133789 0.320312
0 0.079102 0.388021 0.079102 0.393229 0.075195 0.403646 0.074219 0.429688 0.079102 0.445312 0.082031 0.449219 0.091797 0.455729 0.104492 0.455729 0.105469 0.454427 0.108398 0.454427 0.109375 0.453125 0.112305 0.453125 0.117188 0.450521 0.125977 0.449219 0.129883 0.445312 0.130859 0.442708 0.130859 0.433594 0.127930 0.425781 0.127930 0.419271 0.125977 0.415365 0.125000 0.407552 0.121094 0.399740 0.118164 0.398438 0.114258 0.394531 0.112305 0.394531 0.107422 0.390625 0.105469 0.390625 0.100586 0.386719 0.098633 0.386719 0.092773 0.380208 0.086914 0.380208 0.085938 0.381510 0.083984 0.381510
0 0.141602 0.434896 0.137695 0.445312 0.137695 0.447917 0.135742 0.450521 0.132812 0.459635 0.132812 0.476562 0.133789 0.477865 0.133789 0.481771 0.139648 0.492188 0.140625 0.492188 0.145508 0.498698 0.148438 0.500000 0.150391 0.502604 0.152344 0.502604 0.157227 0.506510 0.160156 0.506510 0.161133 0.507812 0.174805 0.507812 0.175781 0.506510 0.175781 0.490885 0.176758 0.489583 0.176758 0.485677 0.173828 0.481771 0.172852 0.479167 0.172852 0.473958 0.171875 0.472656 0.172852 0.464844 0.175781 0.460938 0.175781 0.457031 0.174805 0.454427 0.171875 0.451823 0.166016 0.442708 0.164062 0.442708 0.162109 0.446615 0.160156 0.446615 0.158203 0.444010 0.160156 0.441406 0.163086 0.440104 0.156250 0.436198 0.150391 0.430990 0.149414 0.432292 0.146484 0.432292 0.143555 0.434896
0 0.173828 0.471354 0.177734 0.481771 0.177734 0.484375 0.181641 0.490885 0.188477 0.509115 0.193359 0.516927 0.197266 0.519531 0.199219 0.519531 0.200195 0.520833 0.216797 0.519531 0.223633 0.514323 0.229492 0.505208 0.232422 0.505208 0.235352 0.502604 0.234375 0.494792 0.233398 0.493490 0.233398 0.489583 0.234375 0.488281 0.234375 0.484375 0.233398 0.483073 0.233398 0.470052 0.231445 0.467448 0.227539 0.467448 0.226562 0.466146 0.226562 0.460938 0.222656 0.458333 0.220703 0.458333 0.216797 0.455729 0.210938 0.455729 0.209961 0.454427 0.190430 0.454427 0.189453 0.455729 0.187500 0.455729 0.186523 0.454427 0.181641 0.454427 0.177734 0.460938 0.176758 0.468750
0 0.258789 0.529948 0.256836 0.528646 0.252930 0.528646 0.251953 0.529948 0.248047 0.527344 0.243164 0.520833 0.232422 0.514323 0.224609 0.519531 0.220703 0.519531 0.212891 0.523438 0.200195 0.524740 0.197266 0.527344 0.201172 0.544271 0.204102 0.548177 0.205078 0.553385 0.209961 0.561198 0.209961 0.565104 0.212891 0.572917 0.219727 0.583333 0.225586 0.583333 0.226562 0.582031 0.229492 0.582031 0.239258 0.575521 0.241211 0.575521 0.245117 0.572917 0.248047 0.572917 0.251953 0.570312 0.255859 0.565104 0.257812 0.559896 0.256836 0.548177 0.258789 0.544271 0.258789 0.536458 0.259766 0.535156
0 0.277344 0.454427 0.275391 0.454427 0.274414 0.453125 0.266602 0.453125 0.265625 0.454427 0.263672 0.454427 0.255859 0.459635 0.255859 0.460938 0.250000 0.468750 0.248047 0.475260 0.248047 0.479167 0.247070 0.480469 0.246094 0.488281 0.241211 0.498698 0.241211 0.514323 0.242188 0.516927 0.243164 0.516927 0.244141 0.519531 0.248047 0.523438 0.252930 0.526042 0.270508 0.527344 0.271484 0.526042 0.275391 0.526042 0.279297 0.523438 0.284180 0.523438 0.285156 0.522135 0.287109 0.522135 0.291016 0.519531 0.294922 0.514323 0.296875 0.490885 0.293945 0.483073 0.289062 0.475260 0.287109 0.470052 0.287109 0.467448 0.284180 0.464844 0.282227 0.459635 0.278320 0.457031
0 0.302734 0.518229 0.298828 0.518229 0.296875 0.520833 0.287109 0.527344 0.283203 0.527344 0.282227 0.528646 0.274414 0.528646 0.271484 0.532552 0.271484 0.536458 0.268555 0.541667 0.268555 0.544271 0.266602 0.549479 0.266602 0.566406 0.265625 0.567708 0.265625 0.574219 0.267578 0.579427 0.273438 0.584635 0.276367 0.585938 0.280273 0.591146 0.289062 0.596354 0.303711 0.595052 0.305664 0.592448 0.308594 0.584635 0.308594 0.582031 0.310547 0.576823 0.313477 0.572917 0.316406 0.563802 0.315430 0.562500 0.316406 0.553385 0.317383 0.552083 0.317383 0.544271 0.316406 0.542969 0.316406 0.540365 0.314453 0.537760 0.313477 0.532552 0.307617 0.524740 0.305664 0.524740 0.303711 0.522135
0 0.348633 0.617188 0.344727 0.611979 0.336914 0.605469 0.335938 0.605469 0.333984 0.610677 0.330078 0.614583 0.315430 0.614583 0.314453 0.613281 0.313477 0.614583 0.310547 0.614583 0.309570 0.615885 0.305664 0.614583 0.301758 0.617188 0.300781 0.615885 0.299805 0.610677 0.298828 0.610677 0.297852 0.613281 0.297852 0.617188 0.293945 0.622396 0.293945 0.636719 0.297852 0.643229 0.298828 0.652344 0.300781 0.654948 0.300781 0.656250 0.306641 0.661458 0.309570 0.661458 0.310547 0.662760 0.316406 0.662760 0.317383 0.661458 0.324219 0.661458 0.328125 0.658854 0.333984 0.658854 0.334961 0.657552 0.337891 0.657552 0.340820 0.652344 0.341797 0.647135 0.345703 0.639323 0.345703 0.636719 0.347656 0.631510 0.347656 0.626302 0.349609 0.622396
0 0.384766 0.608073 0.380859 0.610677 0.378906 0.610677 0.377930 0.611979 0.375000 0.611979 0.374023 0.613281 0.363281 0.611979 0.361328 0.613281 0.359375 0.617188 0.353516 0.621094 0.352539 0.628906 0.351562 0.630208 0.351562 0.635417 0.350586 0.638021 0.351562 0.639323 0.351562 0.645833 0.354492 0.653646 0.354492 0.657552 0.357422 0.661458 0.365234 0.664062 0.375000 0.670573 0.377930 0.670573 0.378906 0.669271 0.387695 0.669271 0.394531 0.662760 0.395508 0.662760 0.400391 0.654948 0.402344 0.649740 0.402344 0.643229 0.400391 0.641927 0.396484 0.636719 0.395508 0.636719 0.390625 0.630208 0.388672 0.625000 0.388672 0.622396 0.387695 0.621094 0.387695 0.613281
0 0.414062 0.658854 0.408203 0.658854 0.404297 0.667969 0.399414 0.664062 0.392578 0.673177 0.388672 0.673177 0.387695 0.674479 0.379883 0.674479 0.378906 0.675781 0.376953 0.675781 0.375977 0.678385 0.375977 0.683594 0.375000 0.684896 0.375000 0.694010 0.373047 0.699219 0.375000 0.703125 0.375000 0.705729 0.377930 0.709635 0.379883 0.714844 0.384766 0.721354 0.386719 0.722656 0.396484 0.723958 0.397461 0.725260 0.401367 0.725260 0.403320 0.723958 0.411133 0.712240 0.414062 0.710938 0.419922 0.704427 0.423828 0.701823 0.425781 0.701823 0.427734 0.699219 0.427734 0.696615 0.428711 0.695312 0.428711 0.683594 0.427734 0.680990 0.423828 0.678385 0.419922 0.673177 0.419922 0.671875 0.410156 0.670573 0.407227 0.667969 0.410156 0.665365 0.410156 0.661458
0 0.472656 0.736979 0.468750 0.731771 0.468750 0.730469 0.460938 0.721354 0.458984 0.720052 0.455078 0.720052 0.452148 0.723958 0.450195 0.725260 0.448242 0.725260 0.442383 0.729167 0.438477 0.729167 0.437500 0.730469 0.432617 0.730469 0.431641 0.731771 0.429688 0.730469 0.426758 0.730469 0.424805 0.733073 0.422852 0.733073 0.420898 0.735677 0.420898 0.739583 0.421875 0.740885 0.421875 0.744792 0.422852 0.746094 0.422852 0.748698 0.427734 0.757812 0.431641 0.760417 0.434570 0.764323 0.437500 0.764323 0.438477 0.765625 0.441406 0.765625 0.442383 0.766927 0.444336 0.764323 0.446289 0.764323 0.447266 0.763021 0.465820 0.763021 0.470703 0.756510 0.472656 0.751302
0 0.497070 0.725260 0.497070 0.726562 0.494141 0.730469 0.485352 0.734375 0.485352 0.735677 0.482422 0.739583 0.482422 0.747396 0.485352 0.755208 0.485352 0.764323 0.486328 0.765625 0.486328 0.768229 0.488281 0.773438 0.492188 0.778646 0.498047 0.782552 0.505859 0.782552 0.512695 0.774740 0.515625 0.773438 0.517578 0.770833 0.520508 0.769531 0.522461 0.766927 0.530273 0.761719 0.532227 0.759115 0.533203 0.756510 0.533203 0.740885 0.530273 0.735677 0.526367 0.735677 0.523438 0.740885 0.520508 0.742188 0.512695 0.736979 0.509766 0.736979 0.506836 0.734375 0.501953 0.733073 0.500000 0.730469 0.500000 0.726562 0.499023 0.725260
0 0.471680 0.627604 0.469727 0.627604 0.469727 0.628906 0.467773 0.631510 0.454102 0.631510 0.451172 0.634115 0.446289 0.634115 0.442383 0.638021 0.439453 0.639323 0.438477 0.641927 0.434570 0.647135 0.433594 0.647135 0.433594 0.648438 0.431641 0.651042 0.431641 0.653646 0.430664 0.654948 0.430664 0.662760 0.436523 0.671875 0.437500 0.677083 0.438477 0.678385 0.438477 0.680990 0.443359 0.690104 0.444336 0.696615 0.446289 0.699219 0.451172 0.700521 0.460938 0.694010 0.473633 0.678385 0.473633 0.677083 0.479492 0.667969 0.479492 0.665365 0.480469 0.664062 0.480469 0.647135 0.481445 0.645833 0.481445 0.641927 0.480469 0.639323
0 0.439453 0.576823 0.438477 0.576823 0.437500 0.579427 0.437500 0.587240 0.435547 0.589844 0.427734 0.583333 0.420898 0.574219 0.406250 0.574219 0.401367 0.578125 0.399414 0.578125 0.396484 0.582031 0.392578 0.582031 0.390625 0.584635 0.388672 0.591146 0.388672 0.604167 0.389648 0.605469 0.389648 0.619792 0.390625 0.621094 0.391602 0.627604 0.393555 0.631510 0.394531 0.631510 0.399414 0.638021 0.405273 0.639323 0.406250 0.640625 0.411133 0.640625 0.412109 0.639323 0.419922 0.638021 0.423828 0.635417 0.426758 0.631510 0.435547 0.623698 0.439453 0.613281 0.438477 0.606771 0.441406 0.604167 0.441406 0.601562 0.442383 0.600260 0.442383 0.584635
0 0.330078 0.563802 0.330078 0.575521 0.331055 0.576823 0.331055 0.580729 0.333008 0.585938 0.335938 0.589844 0.336914 0.595052 0.344727 0.605469 0.344727 0.606771 0.348633 0.608073 0.352539 0.611979 0.354492 0.611979 0.355469 0.610677 0.361328 0.610677 0.364258 0.608073 0.367188 0.608073 0.368164 0.609375 0.375977 0.609375 0.384766 0.601562 0.386719 0.597656 0.386719 0.579427 0.388672 0.575521 0.388672 0.570312 0.386719 0.567708 0.382812 0.567708 0.381836 0.570312 0.379883 0.571615 0.377930 0.567708 0.372070 0.567708 0.371094 0.566406 0.369141 0.566406 0.367188 0.563802 0.361328 0.559896 0.359375 0.559896 0.356445 0.555990 0.350586 0.554688 0.348633 0.552083 0.345703 0.552083 0.344727 0.553385 0.337891 0.553385 0.333984 0.558594 0.333008 0.558594
0 0.343750 0.484375 0.339844 0.484375 0.334961 0.489583 0.333008 0.489583 0.330078 0.492188 0.327148 0.492188 0.326172 0.493490 0.322266 0.493490 0.319336 0.496094 0.313477 0.497396 0.311523 0.500000 0.311523 0.509115 0.310547 0.510417 0.310547 0.518229 0.311523 0.519531 0.311523 0.523438 0.313477 0.527344 0.314453 0.532552 0.316406 0.535156 0.323242 0.553385 0.325195 0.555990 0.329102 0.558594 0.332031 0.557292 0.335938 0.552083 0.343750 0.546875 0.346680 0.542969 0.347656 0.542969 0.359375 0.527344 0.362305 0.519531 0.362305 0.516927 0.360352 0.511719 0.353516 0.502604 0.353516 0.501302 0.350586 0.497396 0.346680 0.488281
0 0.408203 0.470052 0.399414 0.464844 0.396484 0.458333 0.388672 0.458333 0.387695 0.459635 0.376953 0.460938 0.374023 0.463542 0.372070 0.463542 0.365234 0.467448 0.358398 0.468750 0.356445 0.471354 0.350586 0.467448 0.348633 0.467448 0.345703 0.470052 0.347656 0.476562 0.347656 0.485677 0.348633 0.486979 0.348633 0.490885 0.353516 0.498698 0.353516 0.500000 0.358398 0.506510 0.358398 0.507812 0.359375 0.507812 0.364258 0.514323 0.380859 0.514323 0.381836 0.515625 0.387695 0.515625 0.388672 0.514323 0.392578 0.514323 0.396484 0.511719 0.403320 0.503906 0.408203 0.488281 0.408203 0.479167 0.409180 0.477865
0 0.296875 0.419271 0.294922 0.420573 0.286133 0.433594 0.282227 0.445312 0.282227 0.453125 0.290039 0.467448 0.295898 0.481771 0.301758 0.490885 0.303711 0.490885 0.307617 0.493490 0.318359 0.493490 0.319336 0.492188 0.322266 0.492188 0.326172 0.488281 0.329102 0.486979 0.333008 0.481771 0.333984 0.481771 0.334961 0.479167 0.334961 0.463542 0.333008 0.459635 0.333008 0.457031 0.333984 0.455729 0.333008 0.454427 0.330078 0.455729 0.328125 0.453125 0.328125 0.445312 0.326172 0.441406 0.325195 0.434896 0.322266 0.428385 0.320312 0.428385 0.319336 0.427083 0.315430 0.427083 0.309570 0.423177 0.306641 0.423177 0.301758 0.419271
0 0.243164 0.377604 0.242188 0.382812 0.239258 0.385417 0.236328 0.385417 0.233398 0.388021 0.227539 0.395833 0.226562 0.399740 0.224609 0.402344 0.224609 0.404948 0.222656 0.410156 0.222656 0.417969 0.223633 0.419271 0.223633 0.423177 0.224609 0.425781 0.228516 0.430990 0.229492 0.430990 0.236328 0.441406 0.239258 0.444010 0.241211 0.444010 0.250977 0.451823 0.253906 0.451823 0.254883 0.453125 0.261719 0.453125 0.270508 0.446615 0.281250 0.430990 0.281250 0.424479 0.279297 0.419271 0.279297 0.401042 0.277344 0.399740 0.271484 0.399740 0.269531 0.397135 0.266602 0.395833 0.263672 0.391927 0.258789 0.390625 0.250977 0.381510 0.250000 0.381510 0.248047 0.377604
0 0.169922 0.337240 0.167969 0.346354 0.168945 0.347656 0.168945 0.354167 0.170898 0.359375 0.170898 0.363281 0.172852 0.367188 0.172852 0.371094 0.177734 0.377604 0.182617 0.388021 0.185547 0.391927 0.189453 0.394531 0.191406 0.394531 0.192383 0.393229 0.196289 0.393229 0.200195 0.395833 0.208984 0.395833 0.209961 0.394531 0.213867 0.394531 0.218750 0.391927 0.225586 0.384115 0.228516 0.382812 0.228516 0.381510 0.232422 0.376302 0.232422 0.368490 0.233398 0.367188 0.227539 0.358073 0.223633 0.354167 0.219727 0.352865 0.214844 0.345052 0.214844 0.342448 0.209961 0.332031 0.210938 0.324219 0.208984 0.322917 0.207031 0.324219 0.188477 0.322917 0.182617 0.326823 0.180664 0.326823 0.178711 0.329427 0.172852 0.333333
0 0.134766 0.264323 0.132812 0.278646 0.129883 0.287760 0.129883 0.308594 0.131836 0.316406 0.143555 0.334635 0.148438 0.334635 0.152344 0.332031 0.158203 0.332031 0.164062 0.328125 0.176758 0.326823 0.190430 0.319010 0.190430 0.311198 0.188477 0.304688 0.190430 0.299479 0.189453 0.298177 0.188477 0.290365 0.185547 0.286458 0.185547 0.283854 0.180664 0.278646 0.176758 0.266927 0.180664 0.263021 0.179688 0.261719 0.173828 0.261719 0.170898 0.264323 0.168945 0.264323 0.165039 0.261719 0.152344 0.261719 0.149414 0.259115 0.145508 0.259115 0.141602 0.261719 0.137695 0.261719
0 0.091797 0.218750 0.085938 0.226562 0.083008 0.235677 0.083008 0.239583 0.082031 0.240885 0.082031 0.255208 0.083008 0.256510 0.083984 0.261719 0.093750 0.276042 0.094727 0.279948 0.096680 0.282552 0.098633 0.287760 0.100586 0.287760 0.104492 0.290365 0.125000 0.290365 0.126953 0.289062 0.128906 0.286458 0.128906 0.283854 0.131836 0.274740 0.131836 0.268229 0.132812 0.266927 0.133789 0.261719 0.130859 0.255208 0.125000 0.246094 0.120117 0.231771 0.107422 0.217448 0.095703 0.217448 0.094727 0.218750
0 0.130859 0.136719 0.125977 0.140625 0.114258 0.144531 0.110352 0.148438 0.105469 0.160156 0.102539 0.164062 0.102539 0.166667 0.100586 0.170573 0.097656 0.183594 0.097656 0.191406 0.098633 0.195312 0.106445 0.207031 0.106445 0.210938 0.108398 0.216146 0.117188 0.226562 0.124023 0.231771 0.127930 0.233073 0.139648 0.233073 0.141602 0.227865 0.146484 0.221354 0.147461 0.214844 0.140625 0.207031 0.135742 0.196615 0.135742 0.174479 0.133789 0.167969 0.134766 0.164062 0.140625 0.157552 0.133789 0.148438 0.133789 0.144531 0.135742 0.141927 0.139648 0.141927 0.140625 0.140625 0.146484 0.143229 0.146484 0.138021 0.145508 0.136719
0 0.135742 0.165365 0.135742 0.171875 0.136719 0.173177 0.136719 0.196615 0.137695 0.199219 0.150391 0.216146 0.163086 0.225260 0.175781 0.238281 0.191406 0.236979 0.197266 0.234375 0.205078 0.225260 0.208008 0.225260 0.208008 0.222656 0.209961 0.220052 0.205078 0.225260 0.203125 0.222656 0.202148 0.217448 0.202148 0.203125 0.199219 0.192708 0.200195 0.178385 0.184570 0.160156 0.174805 0.156250 0.151367 0.157552 0.148438 0.160156 0.143555 0.160156 0.137695 0.162760
0 0.203125 0.235677 0.199219 0.238281 0.195312 0.238281 0.194336 0.239583 0.189453 0.240885 0.185547 0.246094 0.181641 0.257812 0.184570 0.263021 0.186523 0.269531 0.186523 0.279948 0.187500 0.281250 0.187500 0.283854 0.195312 0.304688 0.202148 0.315104 0.206055 0.317708 0.211914 0.317708 0.233398 0.303385 0.239258 0.294271 0.239258 0.291667 0.244141 0.282552 0.244141 0.279948 0.245117 0.278646 0.234375 0.269531 0.233398 0.263021 0.227539 0.248698 0.226562 0.242188 0.224609 0.239583 0.221680 0.239583 0.217773 0.236979 0.212891 0.236979 0.211914 0.235677
0 0.208984 0.069010 0.205078 0.075521 0.204102 0.079427 0.204102 0.089844 0.201172 0.101562 0.199219 0.119792 0.197266 0.123698 0.197266 0.136719 0.199219 0.141927 0.204102 0.148438 0.206055 0.148438 0.220703 0.158854 0.224609 0.158854 0.228516 0.161458 0.246094 0.162760 0.256836 0.157552 0.259766 0.153646 0.259766 0.151042 0.261719 0.147135 0.260742 0.141927 0.263672 0.134115 0.263672 0.125000 0.262695 0.121094 0.260742 0.121094 0.255859 0.114583 0.252930 0.102865 0.245117 0.092448 0.241211 0.083333 0.234375 0.074219 0.237305 0.069010 0.233398 0.069010 0.232422 0.070312 0.229492 0.070312 0.225586 0.067708 0.210938 0.067708
0 0.279297 0.177083 0.274414 0.177083 0.270508 0.179688 0.267578 0.179688 0.265625 0.182292 0.257812 0.183594 0.254883 0.186198 0.247070 0.188802 0.242188 0.192708 0.233398 0.204427 0.231445 0.209635 0.231445 0.217448 0.229492 0.222656 0.229492 0.229167 0.228516 0.230469 0.228516 0.244792 0.235352 0.264323 0.243164 0.273438 0.251953 0.273438 0.254883 0.270833 0.282227 0.263021 0.289062 0.257812 0.294922 0.248698 0.297852 0.233073 0.297852 0.222656 0.294922 0.213542 0.294922 0.209635 0.291992 0.205729 0.291016 0.199219 0.286133 0.190104 0.282227 0.195312 0.280273 0.190104 0.283203 0.183594
0 0.255859 0.282552 0.250000 0.290365 0.250000 0.296875 0.247070 0.307292 0.247070 0.325521 0.250977 0.339844 0.255859 0.343750 0.264648 0.343750 0.265625 0.345052 0.270508 0.345052 0.271484 0.346354 0.281250 0.347656 0.282227 0.348958 0.291992 0.348958 0.294922 0.350260 0.299805 0.346354 0.305664 0.333333 0.310547 0.328125 0.311523 0.322917 0.309570 0.320312 0.306641 0.324219 0.304688 0.321615 0.304688 0.313802 0.306641 0.311198 0.309570 0.313802 0.309570 0.316406 0.309570 0.309896 0.306641 0.304688 0.302734 0.300781 0.300781 0.296875 0.299805 0.290365 0.293945 0.279948 0.284180 0.274740 0.272461 0.276042 0.271484 0.277344 0.263672 0.277344 0.259766 0.281250
0 0.291992 0.356771 0.285156 0.367188 0.285156 0.369792 0.283203 0.373698 0.283203 0.378906 0.282227 0.380208 0.282227 0.389323 0.283203 0.390625 0.283203 0.394531 0.286133 0.403646 0.294922 0.414062 0.299805 0.414062 0.300781 0.415365 0.303711 0.415365 0.306641 0.417969 0.316406 0.419271 0.318359 0.421875 0.322266 0.421875 0.325195 0.419271 0.330078 0.411458 0.333008 0.410156 0.339844 0.403646 0.343750 0.397135 0.343750 0.394531 0.345703 0.391927 0.344727 0.390625 0.344727 0.386719 0.341797 0.381510 0.341797 0.378906 0.339844 0.373698 0.336914 0.369792 0.330078 0.365885 0.327148 0.365885 0.326172 0.364583 0.320312 0.364583 0.319336 0.363281 0.311523 0.361979 0.310547 0.360677 0.305664 0.359375 0.301758 0.356771 0.299805 0.352865
0 0.344727 0.119792 0.333008 0.119792 0.332031 0.121094 0.305664 0.123698 0.296875 0.130208 0.290039 0.140625 0.287109 0.140625 0.281250 0.144531 0.279297 0.157552 0.280273 0.173177 0.288086 0.186198 0.295898 0.205729 0.303711 0.213542 0.310547 0.217448 0.323242 0.216146 0.339844 0.208333 0.346680 0.199219 0.348633 0.194010 0.348633 0.188802 0.353516 0.180990 0.353516 0.169271 0.349609 0.158854 0.348633 0.148438 0.347656 0.153646 0.345703 0.156250 0.342773 0.153646 0.341797 0.143229 0.344727 0.140625 0.347656 0.140625 0.349609 0.134115 0.348633 0.127604
0 0.318359 0.218750 0.311523 0.223958 0.307617 0.225260 0.300781 0.234375 0.297852 0.242188 0.297852 0.248698 0.296875 0.250000 0.296875 0.276042 0.299805 0.282552 0.305664 0.290365 0.319336 0.298177 0.327148 0.305990 0.331055 0.305990 0.337891 0.298177 0.351562 0.294271 0.357422 0.286458 0.360352 0.278646 0.361328 0.261719 0.359375 0.253906 0.351562 0.242188 0.351562 0.239583 0.354492 0.233073 0.356445 0.231771 0.353516 0.226562 0.341797 0.220052
0 0.412109 0.282552 0.409180 0.282552 0.407227 0.279948 0.403320 0.282552 0.397461 0.282552 0.396484 0.281250 0.380859 0.281250 0.371094 0.286458 0.368164 0.286458 0.358398 0.298177 0.355469 0.307292 0.355469 0.312500 0.360352 0.321615 0.366211 0.337240 0.366211 0.339844 0.368164 0.342448 0.368164 0.345052 0.373047 0.354167 0.375977 0.363281 0.379883 0.368490 0.386719 0.368490 0.389648 0.367188 0.394531 0.361979 0.396484 0.361979 0.404297 0.351562 0.405273 0.347656 0.410156 0.339844 0.413086 0.329427 0.418945 0.319010 0.419922 0.311198 0.422852 0.304688 0.423828 0.298177 0.418945 0.287760 0.415039 0.289062 0.414062 0.285156
0 0.379883 0.183594 0.375000 0.191406 0.369141 0.207031 0.369141 0.209635 0.364258 0.220052 0.364258 0.222656 0.356445 0.234375 0.353516 0.242188 0.360352 0.251302 0.363281 0.260417 0.368164 0.266927 0.375000 0.272135 0.383789 0.273438 0.384766 0.274740 0.407227 0.273438 0.414062 0.265625 0.418945 0.256510 0.421875 0.246094 0.421875 0.240885 0.424805 0.236979 0.424805 0.227865 0.425781 0.226562 0.421875 0.221354 0.418945 0.207031 0.412109 0.191406 0.405273 0.187500 0.401367 0.187500 0.395508 0.184896
0 0.358398 0.084635 0.349609 0.095052 0.347656 0.100260 0.348633 0.119792 0.349609 0.121094 0.350586 0.132812 0.351562 0.134115 0.352539 0.156250 0.354492 0.162760 0.369141 0.170573 0.386719 0.170573 0.387695 0.169271 0.399414 0.167969 0.398438 0.167969 0.396484 0.164062 0.402344 0.157552 0.404297 0.152344 0.404297 0.147135 0.406250 0.141927 0.406250 0.118490 0.399414 0.101562 0.398438 0.095052 0.396484 0.091146 0.381836 0.079427 0.368164 0.079427
0 0.343750 0.000000 0.342773 0.003906 0.339844 0.005208 0.333008 0.013021 0.329102 0.022135 0.329102 0.026042 0.328125 0.027344 0.327148 0.042969 0.328125 0.044271 0.329102 0.053385 0.333984 0.066406 0.340820 0.072917 0.352539 0.078125 0.357422 0.082031 0.361328 0.080729 0.363281 0.078125 0.366211 0.076823 0.376953 0.075521 0.377930 0.074219 0.378906 0.065104 0.380859 0.062500 0.384766 0.046875 0.384766 0.042969 0.390625 0.026042 0.390625 0.015625 0.381836 0.005208 0.378906 0.003906 0.376953 0.000000
0 0.416016 0.000000 0.413086 0.003906 0.410156 0.003906 0.408203 0.006510 0.399414 0.007812 0.395508 0.011719 0.393555 0.023438 0.386719 0.044271 0.385742 0.054688 0.386719 0.055990 0.387695 0.066406 0.391602 0.076823 0.399414 0.088542 0.416992 0.098958 0.429688 0.098958 0.435547 0.096354 0.439453 0.089844 0.439453 0.085938 0.441406 0.082031 0.442383 0.075521 0.450195 0.062500 0.451172 0.055990 0.454102 0.048177 0.454102 0.044271 0.458008 0.040365 0.458008 0.035156 0.456055 0.032552 0.454102 0.027344 0.454102 0.023438 0.450195 0.014323 0.443359 0.005208 0.438477 0.002604 0.434570 0.002604 0.433594 0.000000
0 0.452148 0.130208 0.451172 0.131510 0.446289 0.131510 0.443359 0.136719 0.435547 0.145833 0.435547 0.148438 0.432617 0.153646 0.430664 0.161458 0.430664 0.177083 0.431641 0.178385 0.431641 0.191406 0.432617 0.194010 0.434570 0.195312 0.438477 0.201823 0.451172 0.217448 0.458008 0.218750 0.461914 0.216146 0.469727 0.214844 0.471680 0.212240 0.479492 0.207031 0.486328 0.194010 0.488281 0.182292 0.487305 0.180990 0.487305 0.173177 0.486328 0.171875 0.486328 0.161458 0.485352 0.157552 0.482422 0.158854 0.478516 0.156250 0.475586 0.152344 0.475586 0.147135 0.474609 0.144531 0.468750 0.138021 0.460938 0.134115 0.458008 0.130208
0 0.470703 0.217448 0.463867 0.217448 0.458984 0.220052 0.455078 0.223958 0.450195 0.225260 0.449219 0.227865 0.446289 0.230469 0.445312 0.235677 0.436523 0.247396 0.431641 0.257812 0.432617 0.278646 0.435547 0.286458 0.447266 0.303385 0.453125 0.307292 0.467773 0.308594 0.475586 0.303385 0.494141 0.277344 0.494141 0.273438 0.495117 0.272135 0.494141 0.270833 0.494141 0.264323 0.492188 0.257812 0.493164 0.256510 0.493164 0.240885 0.490234 0.233073 0.482422 0.222656
0 0.496094 0.289062 0.495117 0.290365 0.490234 0.290365 0.488281 0.291667 0.481445 0.299479 0.480469 0.303385 0.478516 0.305990 0.473633 0.317708 0.473633 0.321615 0.474609 0.322917 0.474609 0.325521 0.477539 0.329427 0.477539 0.332031 0.482422 0.341146 0.485352 0.350260 0.489258 0.356771 0.489258 0.361979 0.491211 0.365885 0.498047 0.369792 0.501953 0.369792 0.502930 0.368490 0.509766 0.367188 0.515625 0.363281 0.517578 0.359375 0.526367 0.348958 0.530273 0.341146 0.530273 0.337240 0.531250 0.335938 0.531250 0.324219 0.530273 0.322917 0.530273 0.320312 0.521484 0.303385 0.520508 0.299479 0.519531 0.299479 0.516602 0.295573 0.505859 0.289062
0 0.458008 0.350260 0.448242 0.355469 0.444336 0.364583 0.441406 0.367188 0.438477 0.375000 0.435547 0.378906 0.432617 0.376302 0.430664 0.376302 0.430664 0.378906 0.431641 0.380208 0.431641 0.382812 0.434570 0.385417 0.435547 0.390625 0.437500 0.394531 0.437500 0.397135 0.441406 0.407552 0.444336 0.411458 0.446289 0.417969 0.456055 0.429688 0.458984 0.430990 0.460938 0.433594 0.464844 0.433594 0.466797 0.428385 0.469727 0.424479 0.471680 0.417969 0.474609 0.414062 0.479492 0.401042 0.488281 0.388021 0.489258 0.385417 0.489258 0.371094 0.483398 0.361979 0.482422 0.358073 0.478516 0.356771 0.475586 0.354167 0.469727 0.352865 0.466797 0.350260
0 0.503906 0.375000 0.502930 0.376302 0.498047 0.377604 0.496094 0.381510 0.494141 0.381510 0.490234 0.388021 0.490234 0.391927 0.481445 0.407552 0.481445 0.410156 0.480469 0.411458 0.480469 0.420573 0.479492 0.421875 0.479492 0.429688 0.480469 0.430990 0.480469 0.434896 0.483398 0.441406 0.487305 0.444010 0.492188 0.445312 0.497070 0.449219 0.505859 0.451823 0.508789 0.454427 0.516602 0.455729 0.526367 0.447917 0.531250 0.440104 0.533203 0.433594 0.533203 0.427083 0.534180 0.425781 0.534180 0.423177 0.533203 0.421875 0.533203 0.414062 0.530273 0.407552 0.530273 0.402344 0.529297 0.399740 0.526367 0.395833 0.522461 0.393229 0.520508 0.393229 0.514648 0.389323 0.508789 0.388021 0.507812 0.385417 0.503906 0.384115 0.502930 0.381510 0.506836 0.377604 0.505859 0.375000
0 0.469727 0.468750 0.469727 0.483073 0.470703 0.485677 0.483398 0.500000 0.485352 0.501302 0.488281 0.501302 0.492188 0.505208 0.498047 0.505208 0.499023 0.503906 0.505859 0.502604 0.506836 0.501302 0.508789 0.501302 0.512695 0.498698 0.522461 0.486979 0.525391 0.479167 0.525391 0.473958 0.526367 0.472656 0.526367 0.467448 0.525391 0.466146 0.525391 0.462240 0.524414 0.459635 0.522461 0.459635 0.519531 0.457031 0.510742 0.457031 0.509766 0.455729 0.507812 0.455729 0.506836 0.454427 0.504883 0.454427 0.500977 0.451823 0.493164 0.451823 0.492188 0.450521 0.488281 0.449219 0.486328 0.446615 0.486328 0.445312 0.482422 0.445312 0.478516 0.450521 0.477539 0.454427 0.471680 0.460938 0.471680 0.464844
0 0.426758 0.458333 0.422852 0.462240 0.420898 0.468750 0.414062 0.477865 0.413086 0.480469 0.413086 0.484375 0.412109 0.485677 0.412109 0.500000 0.413086 0.501302 0.413086 0.506510 0.415039 0.511719 0.416992 0.511719 0.423828 0.515625 0.427734 0.515625 0.434570 0.519531 0.441406 0.520833 0.445312 0.524740 0.450195 0.524740 0.454102 0.522135 0.458984 0.516927 0.459961 0.513021 0.464844 0.506510 0.466797 0.497396 0.467773 0.496094 0.467773 0.492188 0.466797 0.490885 0.466797 0.488281 0.465820 0.486979 0.465820 0.481771 0.464844 0.480469 0.464844 0.470052 0.462891 0.467448 0.453125 0.468750 0.449219 0.463542 0.446289 0.462240 0.444336 0.459635 0.441406 0.459635 0.440430 0.458333 0.435547 0.458333 0.434570 0.457031
0 0.498047 0.513021 0.495117 0.509115 0.488281 0.506510 0.480469 0.501302 0.478516 0.501302 0.477539 0.500000 0.471680 0.500000 0.462891 0.516927 0.461914 0.516927 0.456055 0.524740 0.450195 0.528646 0.448242 0.528646 0.444336 0.532552 0.444336 0.537760 0.442383 0.542969 0.442383 0.549479 0.441406 0.550781 0.441406 0.559896 0.444336 0.566406 0.446289 0.569010 0.454102 0.569010 0.458008 0.571615 0.463867 0.571615 0.471680 0.575521 0.476562 0.575521 0.483398 0.566406 0.484375 0.566406 0.491211 0.558594 0.496094 0.545573 0.497070 0.536458 0.499023 0.531250 0.499023 0.518229 0.498047 0.516927
0 0.500977 0.571615 0.499023 0.571615 0.498047 0.572917 0.485352 0.574219 0.480469 0.579427 0.477539 0.579427 0.474609 0.582031 0.474609 0.601562 0.476562 0.605469 0.476562 0.618490 0.475586 0.619792 0.475586 0.626302 0.478516 0.631510 0.479492 0.631510 0.485352 0.639323 0.490234 0.643229 0.494141 0.641927 0.495117 0.640625 0.497070 0.640625 0.500000 0.638021 0.501953 0.638021 0.509766 0.632812 0.516602 0.632812 0.518555 0.631510 0.524414 0.622396 0.527344 0.613281 0.527344 0.609375 0.524414 0.601562 0.522461 0.598958 0.521484 0.595052 0.515625 0.588542 0.510742 0.585938
0 0.504883 0.533854 0.500977 0.545573 0.500977 0.552083 0.501953 0.553385 0.501953 0.558594 0.502930 0.559896 0.503906 0.569010 0.505859 0.571615 0.507812 0.576823 0.507812 0.579427 0.511719 0.584635 0.516602 0.585938 0.517578 0.587240 0.523438 0.587240 0.527344 0.589844 0.536133 0.591146 0.537109 0.592448 0.538086 0.591146 0.543945 0.591146 0.544922 0.589844 0.546875 0.589844 0.553711 0.583333 0.559570 0.569010 0.559570 0.563802 0.560547 0.562500 0.560547 0.549479 0.559570 0.548177 0.559570 0.544271 0.557617 0.541667 0.557617 0.539062 0.555664 0.533854 0.550781 0.533854 0.550781 0.535156 0.548828 0.536458 0.544922 0.532552 0.539062 0.532552 0.538086 0.531250 0.525391 0.531250 0.524414 0.529948 0.521484 0.529948 0.519531 0.531250 0.516602 0.536458 0.513672 0.532552 0.512695 0.527344 0.509766 0.528646 0.505859 0.533854
0 0.581055 0.563802 0.578125 0.563802 0.577148 0.565104 0.582031 0.569010 0.581055 0.571615 0.573242 0.571615 0.572266 0.570312 0.567383 0.571615 0.564453 0.569010 0.565430 0.565104 0.564453 0.565104 0.564453 0.569010 0.559570 0.574219 0.559570 0.576823 0.552734 0.587240 0.544922 0.593750 0.536133 0.595052 0.536133 0.606771 0.541016 0.618490 0.544922 0.623698 0.550781 0.625000 0.552734 0.627604 0.554688 0.627604 0.555664 0.628906 0.560547 0.628906 0.561523 0.627604 0.566406 0.627604 0.567383 0.626302 0.575195 0.623698 0.580078 0.619792 0.584961 0.618490 0.585938 0.613281 0.590820 0.600260 0.592773 0.597656 0.593750 0.589844 0.591797 0.584635 0.590820 0.584635 0.583984 0.574219 0.583984 0.570312 0.581055 0.567708
0 0.558594 0.511719 0.558594 0.520833 0.559570 0.522135 0.559570 0.527344 0.560547 0.528646 0.560547 0.532552 0.561523 0.533854 0.561523 0.541667 0.562500 0.542969 0.563477 0.550781 0.566406 0.554688 0.574219 0.555990 0.575195 0.557292 0.577148 0.557292 0.578125 0.558594 0.582031 0.558594 0.583008 0.559896 0.592773 0.559896 0.593750 0.561198 0.597656 0.561198 0.598633 0.562500 0.604492 0.559896 0.607422 0.555990 0.608398 0.550781 0.609375 0.549479 0.609375 0.546875 0.610352 0.545573 0.610352 0.529948 0.609375 0.528646 0.608398 0.519531 0.606445 0.514323 0.604492 0.511719 0.599609 0.510417 0.593750 0.506510 0.591797 0.503906 0.587891 0.502604 0.583984 0.497396 0.583984 0.496094 0.580078 0.496094 0.580078 0.497396 0.578125 0.498698 0.572266 0.507812 0.571289 0.507812 0.569336 0.505208 0.567383 0.505208 0.566406 0.506510 0.564453 0.506510 0.560547 0.511719
0 0.543945 0.636719 0.542969 0.638021 0.542969 0.643229 0.541992 0.644531 0.541992 0.653646 0.543945 0.658854 0.543945 0.670573 0.544922 0.671875 0.544922 0.675781 0.547852 0.683594 0.552734 0.688802 0.560547 0.690104 0.561523 0.691406 0.566406 0.692708 0.571289 0.696615 0.577148 0.696615 0.578125 0.697917 0.580078 0.697917 0.582031 0.695312 0.583008 0.695312 0.591797 0.680990 0.594727 0.673177 0.592773 0.664062 0.591797 0.662760 0.591797 0.660156 0.590820 0.658854 0.590820 0.649740 0.586914 0.641927 0.586914 0.638021 0.584961 0.640625 0.583984 0.640625 0.582031 0.638021 0.582031 0.636719 0.581055 0.636719 0.573242 0.628906 0.571289 0.628906 0.570312 0.630208 0.566406 0.630208 0.565430 0.631510 0.561523 0.631510 0.560547 0.632812 0.556641 0.632812 0.555664 0.634115 0.551758 0.634115 0.547852 0.636719
0 0.581055 0.705729 0.579102 0.703125 0.577148 0.703125 0.576172 0.704427 0.572266 0.699219 0.568359 0.696615 0.565430 0.696615 0.564453 0.695312 0.562500 0.695312 0.555664 0.701823 0.547852 0.707031 0.542969 0.708333 0.540039 0.710938 0.537109 0.710938 0.534180 0.713542 0.532227 0.718750 0.532227 0.727865 0.533203 0.729167 0.533203 0.733073 0.534180 0.734375 0.534180 0.736979 0.539062 0.742188 0.546875 0.747396 0.548828 0.747396 0.552734 0.750000 0.558594 0.750000 0.559570 0.748698 0.562500 0.748698 0.563477 0.747396 0.568359 0.746094 0.570312 0.743490 0.573242 0.742188 0.577148 0.736979 0.578125 0.730469 0.582031 0.721354 0.582031 0.710938 0.581055 0.709635
0 0.630859 0.720052 0.626953 0.714844 0.625977 0.714844 0.624023 0.718750 0.620117 0.721354 0.610352 0.721354 0.609375 0.722656 0.601562 0.722656 0.600586 0.723958 0.596680 0.723958 0.595703 0.725260 0.590820 0.725260 0.589844 0.723958 0.585938 0.723958 0.583008 0.729167 0.583008 0.733073 0.580078 0.740885 0.580078 0.747396 0.586914 0.757812 0.588867 0.757812 0.591797 0.760417 0.596680 0.760417 0.597656 0.761719 0.614258 0.761719 0.615234 0.760417 0.619141 0.760417 0.620117 0.759115 0.622070 0.759115 0.626953 0.752604 0.627930 0.748698 0.630859 0.743490 0.630859 0.738281 0.631836 0.736979 0.631836 0.733073 0.632812 0.731771 0.632812 0.727865 0.630859 0.723958
0 0.599609 0.654948 0.599609 0.667969 0.598633 0.669271 0.598633 0.673177 0.597656 0.674479 0.597656 0.684896 0.602539 0.697917 0.604492 0.700521 0.606445 0.700521 0.607422 0.701823 0.616211 0.701823 0.617188 0.700521 0.622070 0.700521 0.623047 0.699219 0.625977 0.699219 0.626953 0.697917 0.628906 0.697917 0.629883 0.699219 0.636719 0.699219 0.638672 0.697917 0.638672 0.696615 0.643555 0.688802 0.644531 0.686198 0.644531 0.679688 0.645508 0.678385 0.645508 0.664062 0.644531 0.662760 0.644531 0.656250 0.640625 0.654948 0.639648 0.656250 0.636719 0.656250 0.633789 0.658854 0.629883 0.660156 0.628906 0.658854 0.626953 0.658854 0.619141 0.653646 0.600586 0.653646
0 0.594727 0.626302 0.594727 0.631510 0.596680 0.632812 0.600586 0.639323 0.601562 0.645833 0.603516 0.649740 0.608398 0.649740 0.609375 0.651042 0.617188 0.651042 0.618164 0.652344 0.623047 0.653646 0.626953 0.657552 0.632812 0.657552 0.639648 0.653646 0.645508 0.653646 0.647461 0.651042 0.647461 0.649740 0.654297 0.641927 0.657227 0.632812 0.657227 0.626302 0.655273 0.623698 0.655273 0.622396 0.651367 0.621094 0.650391 0.619792 0.649414 0.619792 0.647461 0.622396 0.644531 0.622396 0.639648 0.618490 0.637695 0.618490 0.631836 0.614583 0.629883 0.614583 0.626953 0.611979 0.625000 0.611979 0.620117 0.606771 0.613281 0.608073 0.606445 0.613281 0.604492 0.615885 0.603516 0.619792 0.601562 0.622396 0.600586 0.627604 0.598633 0.630208 0.596680 0.628906 0.595703 0.626302
0 0.649414 0.595052 0.649414 0.605469 0.651367 0.610677 0.651367 0.615885 0.652344 0.618490 0.655273 0.619792 0.659180 0.626302 0.659180 0.632812 0.658203 0.634115 0.658203 0.638021 0.659180 0.639323 0.663086 0.640625 0.664062 0.641927 0.666992 0.641927 0.667969 0.643229 0.676758 0.643229 0.677734 0.641927 0.679688 0.641927 0.680664 0.640625 0.682617 0.640625 0.683594 0.639323 0.685547 0.639323 0.689453 0.636719 0.697266 0.627604 0.697266 0.625000 0.698242 0.623698 0.698242 0.618490 0.701172 0.611979 0.701172 0.598958 0.700195 0.597656 0.699219 0.592448 0.683594 0.587240 0.681641 0.584635 0.679688 0.584635 0.677734 0.582031 0.665039 0.582031 0.664062 0.583333 0.662109 0.583333 0.658203 0.588542 0.653320 0.591146
0 0.637695 0.523438 0.634766 0.526042 0.632812 0.532552 0.632812 0.541667 0.635742 0.544271 0.635742 0.550781 0.632812 0.555990 0.627930 0.558594 0.624023 0.558594 0.619141 0.555990 0.618164 0.557292 0.618164 0.563802 0.619141 0.565104 0.620117 0.574219 0.624023 0.583333 0.633789 0.589844 0.636719 0.589844 0.641602 0.592448 0.646484 0.592448 0.647461 0.591146 0.654297 0.588542 0.656250 0.585938 0.659180 0.584635 0.663086 0.579427 0.668945 0.575521 0.668945 0.572917 0.669922 0.571615 0.669922 0.563802 0.670898 0.562500 0.670898 0.550781 0.669922 0.549479 0.669922 0.545573 0.666992 0.536458 0.666992 0.532552 0.663086 0.527344 0.659180 0.527344 0.658203 0.528646 0.650391 0.528646 0.644531 0.523438
0 0.688477 0.507812 0.684570 0.513021 0.681641 0.513021 0.681641 0.514323 0.684570 0.513021 0.688477 0.516927 0.687500 0.519531 0.682617 0.519531 0.681641 0.518229 0.673828 0.519531 0.670898 0.528646 0.673828 0.571615 0.675781 0.576823 0.679688 0.582031 0.685547 0.585938 0.691406 0.587240 0.692383 0.588542 0.704102 0.589844 0.711914 0.582031 0.718750 0.572917 0.722656 0.570312 0.722656 0.566406 0.723633 0.565104 0.723633 0.540365 0.722656 0.539062 0.722656 0.532552 0.719727 0.523438 0.711914 0.514323 0.703125 0.510417 0.701172 0.507812 0.698242 0.506510
0 0.674805 0.449219 0.672852 0.449219 0.672852 0.451823 0.674805 0.454427 0.673828 0.457031 0.668945 0.457031 0.667969 0.458333 0.657227 0.458333 0.656250 0.459635 0.642578 0.496094 0.642578 0.498698 0.641602 0.500000 0.641602 0.509115 0.645508 0.519531 0.651367 0.526042 0.659180 0.526042 0.660156 0.524740 0.663086 0.524740 0.671875 0.518229 0.673828 0.514323 0.679688 0.509115 0.681641 0.509115 0.691406 0.502604 0.693359 0.502604 0.695312 0.500000 0.695312 0.490885 0.692383 0.484375 0.692383 0.481771 0.691406 0.480469 0.688477 0.467448 0.685547 0.463542 0.685547 0.462240 0.683594 0.460938 0.680664 0.457031 0.680664 0.455729
0 0.620117 0.432292 0.613281 0.433594 0.612305 0.432292 0.606445 0.432292 0.600586 0.428385 0.594727 0.428385 0.593750 0.429688 0.594727 0.430990 0.594727 0.433594 0.597656 0.438802 0.592773 0.447917 0.592773 0.453125 0.591797 0.454427 0.589844 0.463542 0.587891 0.466146 0.586914 0.470052 0.581055 0.477865 0.580078 0.483073 0.581055 0.484375 0.581055 0.488281 0.587891 0.498698 0.592773 0.501302 0.594727 0.503906 0.596680 0.503906 0.598633 0.506510 0.600586 0.506510 0.600586 0.493490 0.599609 0.492188 0.599609 0.481771 0.600586 0.479167 0.606445 0.471354 0.613281 0.467448 0.622070 0.455729 0.625977 0.454427 0.629883 0.450521 0.627930 0.444010 0.624023 0.436198
0 0.543945 0.415365 0.541016 0.419271 0.536133 0.432292 0.534180 0.442708 0.531250 0.449219 0.531250 0.453125 0.530273 0.454427 0.531250 0.462240 0.534180 0.466146 0.538086 0.475260 0.542969 0.481771 0.548828 0.485677 0.552734 0.485677 0.553711 0.484375 0.557617 0.484375 0.558594 0.483073 0.564453 0.483073 0.565430 0.481771 0.568359 0.481771 0.569336 0.480469 0.580078 0.476562 0.580078 0.475260 0.584961 0.470052 0.589844 0.457031 0.589844 0.449219 0.586914 0.445312 0.584961 0.440104 0.584961 0.433594 0.583984 0.430990 0.580078 0.425781 0.579102 0.425781 0.576172 0.420573 0.574219 0.420573 0.573242 0.419271 0.571289 0.419271 0.570312 0.420573 0.558594 0.420573 0.554688 0.417969 0.550781 0.417969 0.549805 0.416667
0 0.575195 0.334635 0.575195 0.339844 0.573242 0.342448 0.557617 0.341146 0.551758 0.345052 0.543945 0.345052 0.541016 0.341146 0.541016 0.335938 0.541016 0.337240 0.535156 0.343750 0.535156 0.346354 0.532227 0.350260 0.531250 0.354167 0.531250 0.365885 0.532227 0.367188 0.532227 0.375000 0.534180 0.380208 0.534180 0.391927 0.533203 0.393229 0.535156 0.401042 0.540039 0.408854 0.543945 0.412760 0.552734 0.416667 0.560547 0.417969 0.561523 0.419271 0.567383 0.419271 0.570312 0.416667 0.572266 0.416667 0.583984 0.398438 0.588867 0.384115 0.590820 0.382812 0.590820 0.372396 0.587891 0.367188 0.585938 0.354167 0.580078 0.339844
0 0.642578 0.359375 0.637695 0.359375 0.630859 0.363281 0.625000 0.363281 0.624023 0.364583 0.613281 0.363281 0.594727 0.380208 0.589844 0.388021 0.589844 0.391927 0.588867 0.393229 0.589844 0.394531 0.589844 0.402344 0.590820 0.403646 0.590820 0.407552 0.592773 0.414062 0.601562 0.425781 0.610352 0.430990 0.618164 0.429688 0.624023 0.425781 0.631836 0.423177 0.634766 0.420573 0.638672 0.420573 0.642578 0.415365 0.643555 0.407552 0.647461 0.398438 0.647461 0.394531 0.649414 0.388021 0.648438 0.381510 0.647461 0.380208 0.647461 0.376302 0.646484 0.375000 0.646484 0.369792
0 0.641602 0.281250 0.639648 0.281250 0.638672 0.279948 0.635742 0.282552 0.625977 0.281250 0.622070 0.283854 0.619141 0.283854 0.616211 0.287760 0.608398 0.291667 0.607422 0.294271 0.607422 0.299479 0.603516 0.313802 0.603516 0.322917 0.602539 0.324219 0.602539 0.346354 0.611328 0.356771 0.613281 0.356771 0.619141 0.361979 0.628906 0.361979 0.635742 0.356771 0.637695 0.356771 0.645508 0.350260 0.646484 0.346354 0.650391 0.341146 0.654297 0.332031 0.654297 0.328125 0.655273 0.326823 0.655273 0.313802 0.657227 0.308594 0.657227 0.303385 0.655273 0.298177 0.646484 0.287760 0.645508 0.287760
0 0.550781 0.220052 0.547852 0.220052 0.547852 0.222656 0.551758 0.225260 0.548828 0.227865 0.537109 0.227865 0.530273 0.239583 0.529297 0.244792 0.520508 0.256510 0.517578 0.257812 0.514648 0.264323 0.514648 0.281250 0.518555 0.290365 0.530273 0.305990 0.535156 0.309896 0.541992 0.311198 0.542969 0.312500 0.547852 0.312500 0.551758 0.309896 0.567383 0.287760 0.571289 0.276042 0.574219 0.270833 0.574219 0.263021 0.571289 0.255208 0.566406 0.247396 0.564453 0.239583 0.558594 0.230469 0.555664 0.227865 0.553711 0.227865 0.551758 0.225260 0.551758 0.221354
0 0.523438 0.156250 0.517578 0.156250 0.513672 0.158854 0.514648 0.162760 0.513672 0.164062 0.508789 0.162760 0.507812 0.166667 0.494141 0.182292 0.490234 0.188802 0.491211 0.192708 0.490234 0.217448 0.493164 0.227865 0.496094 0.231771 0.496094 0.235677 0.503906 0.243490 0.509766 0.247396 0.516602 0.248698 0.517578 0.250000 0.523438 0.247396 0.525391 0.242188 0.530273 0.235677 0.540039 0.214844 0.544922 0.208333 0.545898 0.204427 0.549805 0.197917 0.548828 0.184896 0.546875 0.179688 0.541992 0.173177 0.538086 0.165365 0.534180 0.164062 0.529297 0.158854
0 0.536133 0.066406 0.524414 0.075521 0.520508 0.080729 0.520508 0.084635 0.519531 0.085938 0.520508 0.098958 0.522461 0.104167 0.523438 0.114583 0.524414 0.115885 0.525391 0.130208 0.530273 0.136719 0.528320 0.140625 0.525391 0.140625 0.524414 0.141927 0.532227 0.151042 0.543945 0.149740 0.551758 0.153646 0.559570 0.153646 0.563477 0.151042 0.582031 0.125000 0.584961 0.117188 0.585938 0.098958 0.584961 0.097656 0.583008 0.080729 0.579102 0.075521 0.576172 0.075521 0.575195 0.074219 0.559570 0.072917 0.551758 0.069010 0.546875 0.069010 0.543945 0.066406
0 0.607422 0.178385 0.603516 0.179688 0.603516 0.180990 0.595703 0.191406 0.588867 0.197917 0.585938 0.199219 0.582031 0.204427 0.573242 0.212240 0.570312 0.213542 0.568359 0.216146 0.566406 0.222656 0.566406 0.231771 0.567383 0.233073 0.567383 0.236979 0.569336 0.239583 0.572266 0.247396 0.577148 0.253906 0.588867 0.261719 0.599609 0.261719 0.605469 0.257812 0.618164 0.243490 0.621094 0.242188 0.623047 0.236979 0.623047 0.233073 0.622070 0.231771 0.622070 0.218750 0.624023 0.212240 0.625977 0.209635 0.625000 0.200521 0.623047 0.195312 0.621094 0.192708 0.619141 0.192708 0.613281 0.182292
0 0.630859 0.088542 0.626953 0.092448 0.620117 0.095052 0.616211 0.100260 0.616211 0.111979 0.614258 0.114583 0.607422 0.118490 0.606445 0.121094 0.605469 0.132812 0.604492 0.134115 0.604492 0.145833 0.603516 0.147135 0.605469 0.156250 0.605469 0.166667 0.606445 0.167969 0.606445 0.171875 0.613281 0.178385 0.624023 0.178385 0.625000 0.179688 0.636719 0.178385 0.637695 0.179688 0.644531 0.179688 0.649414 0.177083 0.655273 0.165365 0.665039 0.152344 0.667969 0.144531 0.668945 0.134115 0.669922 0.132812 0.668945 0.115885 0.666016 0.102865 0.662109 0.096354 0.656250 0.092448 0.652344 0.092448 0.645508 0.088542 0.636719 0.088542 0.635742 0.089844 0.631836 0.089844
0 0.704102 0.162760 0.699219 0.162760 0.698242 0.164062 0.704102 0.167969 0.703125 0.170573 0.691406 0.171875 0.687500 0.175781 0.680664 0.178385 0.675781 0.186198 0.671875 0.199219 0.667969 0.204427 0.666016 0.209635 0.666016 0.231771 0.668945 0.243490 0.680664 0.256510 0.689453 0.260417 0.694336 0.260417 0.708984 0.247396 0.711914 0.242188 0.714844 0.231771 0.717773 0.227865 0.724609 0.225260 0.728516 0.220052 0.731445 0.205729 0.724609 0.179688 0.720703 0.174479 0.710938 0.175781 0.708984 0.173177 0.711914 0.169271
0 0.717773 0.247396 0.714844 0.247396 0.708984 0.251302 0.704102 0.259115 0.703125 0.265625 0.696289 0.276042 0.696289 0.292969 0.697266 0.294271 0.697266 0.302083 0.698242 0.303385 0.698242 0.308594 0.697266 0.309896 0.697266 0.333333 0.696289 0.334635 0.698242 0.337240 0.701172 0.337240 0.708008 0.341146 0.716797 0.341146 0.724609 0.337240 0.731445 0.335938 0.734375 0.333333 0.743164 0.321615 0.744141 0.313802 0.747070 0.307292 0.747070 0.303385 0.748047 0.302083 0.748047 0.282552 0.749023 0.281250 0.749023 0.276042 0.748047 0.273438 0.745117 0.269531 0.740234 0.266927 0.736328 0.261719 0.733398 0.260417 0.731445 0.256510
0 0.718750 0.351562 0.719727 0.352865 0.719727 0.364583 0.721680 0.369792 0.726562 0.376302 0.727539 0.380208 0.733398 0.386719 0.754883 0.386719 0.755859 0.388021 0.763672 0.388021 0.764648 0.386719 0.770508 0.386719 0.774414 0.384115 0.779297 0.384115 0.781250 0.382812 0.782227 0.377604 0.785156 0.373698 0.786133 0.365885 0.787109 0.364583 0.787109 0.347656 0.781250 0.328125 0.767578 0.315104 0.757812 0.312500 0.755859 0.309896 0.751953 0.309896 0.746094 0.317708 0.745117 0.321615 0.738281 0.333333 0.726562 0.345052 0.725586 0.351562 0.723633 0.354167 0.720703 0.348958 0.719727 0.348958
0 0.795898 0.235677 0.787109 0.235677 0.786133 0.236979 0.788086 0.240885 0.787109 0.242188 0.774414 0.243490 0.769531 0.252604 0.769531 0.261719 0.771484 0.269531 0.771484 0.311198 0.774414 0.317708 0.778320 0.322917 0.781250 0.324219 0.783203 0.326823 0.791016 0.326823 0.795898 0.324219 0.806641 0.322917 0.812500 0.315104 0.814453 0.307292 0.816406 0.304688 0.822266 0.287760 0.822266 0.264323 0.823242 0.263021 0.823242 0.257812 0.820312 0.253906 0.810547 0.247396 0.805664 0.240885
0 0.660156 0.316406 0.657227 0.324219 0.656250 0.335938 0.653320 0.342448 0.653320 0.345052 0.648438 0.351562 0.647461 0.363281 0.648438 0.364583 0.649414 0.376302 0.651367 0.382812 0.658203 0.394531 0.670898 0.403646 0.679688 0.403646 0.686523 0.391927 0.702148 0.378906 0.713867 0.363281 0.713867 0.352865 0.709961 0.343750 0.705078 0.342448 0.702148 0.339844 0.696289 0.341146 0.692383 0.338542 0.688477 0.330729 0.688477 0.325521 0.682617 0.321615 0.677734 0.321615 0.675781 0.320312 0.673828 0.315104 0.673828 0.319010 0.671875 0.321615 0.668945 0.321615 0.663086 0.316406
0 0.734375 0.391927 0.732422 0.389323 0.726562 0.385417 0.724609 0.385417 0.722656 0.382812 0.715820 0.378906 0.709961 0.378906 0.708008 0.377604 0.707031 0.378906 0.704102 0.378906 0.702148 0.380208 0.700195 0.382812 0.696289 0.385417 0.692383 0.390625 0.687500 0.393229 0.684570 0.397135 0.683594 0.401042 0.677734 0.408854 0.677734 0.429688 0.678711 0.430990 0.678711 0.433594 0.680664 0.436198 0.680664 0.437500 0.686523 0.444010 0.689453 0.444010 0.690430 0.445312 0.693359 0.445312 0.694336 0.446615 0.701172 0.446615 0.702148 0.447917 0.705078 0.447917 0.706055 0.446615 0.709961 0.446615 0.713867 0.444010 0.715820 0.441406 0.716797 0.441406 0.726562 0.415365 0.731445 0.406250 0.734375 0.398438
0 0.732422 0.438802 0.730469 0.442708 0.725586 0.447917 0.721680 0.458333 0.720703 0.466146 0.719727 0.467448 0.719727 0.471354 0.718750 0.472656 0.717773 0.480469 0.716797 0.481771 0.717773 0.483073 0.717773 0.486979 0.714844 0.493490 0.714844 0.498698 0.715820 0.500000 0.715820 0.503906 0.718750 0.507812 0.720703 0.507812 0.723633 0.510417 0.728516 0.510417 0.729492 0.511719 0.733398 0.511719 0.734375 0.513021 0.745117 0.513021 0.751953 0.506510 0.751953 0.503906 0.753906 0.501302 0.756836 0.492188 0.759766 0.486979 0.759766 0.484375 0.761719 0.479167 0.761719 0.475260 0.762695 0.473958 0.762695 0.470052 0.764648 0.464844 0.763672 0.463542 0.763672 0.460938 0.759766 0.455729 0.758789 0.455729 0.747070 0.438802 0.744141 0.444010 0.737305 0.438802
0 0.802734 0.364583 0.800781 0.364583 0.793945 0.360677 0.791016 0.360677 0.787109 0.369792 0.785156 0.378906 0.780273 0.385417 0.771484 0.388021 0.765625 0.395833 0.764648 0.399740 0.757812 0.407552 0.757812 0.410156 0.756836 0.411458 0.756836 0.419271 0.754883 0.423177 0.761719 0.433594 0.767578 0.437500 0.769531 0.437500 0.774414 0.441406 0.785156 0.441406 0.791016 0.437500 0.797852 0.430990 0.810547 0.414062 0.810547 0.404948 0.809570 0.403646 0.809570 0.397135 0.810547 0.395833 0.810547 0.393229 0.809570 0.391927 0.809570 0.386719 0.806641 0.378906 0.806641 0.372396 0.805664 0.371094 0.805664 0.368490
0 0.825195 0.291667 0.822266 0.295573 0.817383 0.307292 0.817383 0.311198 0.820312 0.315104 0.817383 0.326823 0.821289 0.322917 0.824219 0.322917 0.825195 0.324219 0.822266 0.333333 0.822266 0.356771 0.820312 0.360677 0.826172 0.367188 0.833008 0.368490 0.836914 0.372396 0.844727 0.376302 0.846680 0.375000 0.854492 0.375000 0.865234 0.369792 0.869141 0.365885 0.875000 0.356771 0.875000 0.328125 0.875977 0.326823 0.875977 0.321615 0.874023 0.316406 0.873047 0.304688 0.869141 0.298177 0.851562 0.298177 0.850586 0.296875 0.845703 0.296875 0.843750 0.294271 0.838867 0.294271 0.832031 0.291667
0 0.877930 0.330729 0.876953 0.332031 0.876953 0.343750 0.875977 0.345052 0.877930 0.351562 0.876953 0.352865 0.876953 0.356771 0.875000 0.360677 0.875000 0.363281 0.870117 0.371094 0.870117 0.397135 0.871094 0.398438 0.871094 0.402344 0.877930 0.410156 0.882812 0.412760 0.900391 0.414062 0.908203 0.404948 0.911133 0.403646 0.917969 0.394531 0.923828 0.382812 0.923828 0.380208 0.925781 0.377604 0.925781 0.365885 0.928711 0.360677 0.928711 0.355469 0.921875 0.346354 0.915039 0.341146 0.901367 0.339844 0.896484 0.335938 0.889648 0.333333 0.888672 0.330729 0.885742 0.330729 0.884766 0.329427
0 0.865234 0.406250 0.860352 0.406250 0.856445 0.403646 0.853516 0.403646 0.844727 0.408854 0.840820 0.417969 0.840820 0.421875 0.836914 0.429688 0.836914 0.432292 0.834961 0.437500 0.834961 0.457031 0.835938 0.459635 0.836914 0.459635 0.842773 0.467448 0.848633 0.471354 0.850586 0.471354 0.851562 0.470052 0.861328 0.470052 0.862305 0.468750 0.865234 0.468750 0.866211 0.467448 0.871094 0.466146 0.882812 0.457031 0.886719 0.451823 0.887695 0.451823 0.889648 0.447917 0.889648 0.445312 0.890625 0.444010 0.890625 0.433594 0.889648 0.430990 0.881836 0.421875 0.876953 0.417969 0.874023 0.412760 0.869141 0.410156
0 0.796875 0.434896 0.790039 0.442708 0.781250 0.446615 0.780273 0.450521 0.781250 0.453125 0.780273 0.460938 0.782227 0.468750 0.781250 0.475260 0.786133 0.489583 0.787109 0.506510 0.797852 0.519531 0.800781 0.520833 0.810547 0.520833 0.811523 0.519531 0.814453 0.519531 0.821289 0.514323 0.830078 0.501302 0.835938 0.490885 0.836914 0.481771 0.839844 0.477865 0.839844 0.473958 0.835938 0.463542 0.831055 0.455729 0.830078 0.451823 0.821289 0.440104 0.817383 0.437500 0.814453 0.437500 0.811523 0.434896 0.808594 0.434896 0.807617 0.436198
0 0.869141 0.479167 0.867188 0.479167 0.860352 0.475260 0.857422 0.475260 0.856445 0.476562 0.848633 0.476562 0.847656 0.477865 0.843750 0.479167 0.841797 0.481771 0.841797 0.483073 0.838867 0.486979 0.837891 0.490885 0.833008 0.498698 0.832031 0.502604 0.828125 0.507812 0.828125 0.509115 0.826172 0.511719 0.825195 0.511719 0.824219 0.514323 0.824219 0.518229 0.826172 0.520833 0.826172 0.522135 0.827148 0.522135 0.829102 0.524740 0.830078 0.532552 0.832031 0.536458 0.837891 0.536458 0.838867 0.537760 0.841797 0.537760 0.842773 0.539062 0.852539 0.540365 0.853516 0.541667 0.856445 0.541667 0.860352 0.544271 0.862305 0.542969 0.869141 0.533854 0.874023 0.523438 0.874023 0.518229 0.875977 0.513021 0.875977 0.510417 0.875000 0.509115 0.875000 0.489583 0.874023 0.488281 0.874023 0.485677
0 0.822266 0.523438 0.820312 0.522135 0.817383 0.522135 0.814453 0.524740 0.811523 0.524740 0.810547 0.526042 0.804688 0.526042 0.803711 0.524740 0.799805 0.524740 0.798828 0.526042 0.792969 0.526042 0.790039 0.529948 0.787109 0.531250 0.785156 0.533854 0.781250 0.544271 0.781250 0.552083 0.778320 0.557292 0.778320 0.559896 0.780273 0.563802 0.781250 0.569010 0.786133 0.575521 0.786133 0.576823 0.787109 0.576823 0.790039 0.580729 0.795898 0.582031 0.796875 0.583333 0.808594 0.583333 0.809570 0.582031 0.817383 0.579427 0.822266 0.574219 0.822266 0.572917 0.825195 0.569010 0.825195 0.563802 0.824219 0.562500 0.825195 0.552083 0.824219 0.550781 0.824219 0.548177 0.825195 0.546875 0.825195 0.540365 0.827148 0.537760 0.827148 0.531250 0.826172 0.528646
0 0.764648 0.558594 0.761719 0.558594 0.761719 0.563802 0.760742 0.565104 0.758789 0.565104 0.754883 0.567708 0.747070 0.567708 0.743164 0.570312 0.742188 0.569010 0.739258 0.569010 0.736328 0.566406 0.734375 0.566406 0.733398 0.567708 0.726562 0.569010 0.720703 0.576823 0.720703 0.578125 0.717773 0.580729 0.719727 0.583333 0.719727 0.591146 0.726562 0.601562 0.726562 0.602865 0.733398 0.611979 0.738281 0.613281 0.743164 0.618490 0.749023 0.622396 0.765625 0.622396 0.774414 0.617188 0.778320 0.611979 0.778320 0.609375 0.777344 0.608073 0.778320 0.570312 0.774414 0.567708 0.771484 0.567708 0.769531 0.563802
0 0.767578 0.626302 0.759766 0.626302 0.758789 0.627604 0.756836 0.626302 0.743164 0.626302 0.743164 0.628906 0.746094 0.628906 0.750000 0.631510 0.748047 0.634115 0.745117 0.634115 0.744141 0.635417 0.742188 0.631510 0.740234 0.630208 0.735352 0.635417 0.734375 0.639323 0.732422 0.641927 0.732422 0.645833 0.731445 0.647135 0.732422 0.648438 0.732422 0.653646 0.733398 0.654948 0.733398 0.674479 0.735352 0.678385 0.736328 0.690104 0.738281 0.692708 0.741211 0.692708 0.742188 0.694010 0.753906 0.692708 0.763672 0.686198 0.776367 0.669271 0.778320 0.664062 0.779297 0.657552 0.770508 0.631510 0.769531 0.632812 0.767578 0.632812 0.766602 0.631510 0.767578 0.630208
0 0.715820 0.669271 0.710938 0.669271 0.709961 0.667969 0.706055 0.667969 0.705078 0.666667 0.699219 0.666667 0.698242 0.667969 0.689453 0.669271 0.681641 0.674479 0.674805 0.683594 0.674805 0.691406 0.679688 0.700521 0.679688 0.701823 0.681641 0.704427 0.681641 0.708333 0.682617 0.709635 0.682617 0.712240 0.683594 0.714844 0.688477 0.721354 0.689453 0.723958 0.689453 0.726562 0.693359 0.729167 0.699219 0.729167 0.703125 0.725260 0.704102 0.725260 0.710938 0.717448 0.711914 0.717448 0.713867 0.714844 0.713867 0.713542 0.716797 0.710938 0.718750 0.704427 0.721680 0.699219 0.721680 0.687500 0.720703 0.686198 0.720703 0.679688 0.719727 0.678385 0.719727 0.675781
0 0.776367 0.696615 0.774414 0.694010 0.774414 0.692708 0.772461 0.691406 0.761719 0.691406 0.760742 0.692708 0.757812 0.692708 0.756836 0.694010 0.752930 0.694010 0.751953 0.695312 0.740234 0.695312 0.739258 0.696615 0.737305 0.696615 0.736328 0.697917 0.731445 0.699219 0.725586 0.703125 0.723633 0.707031 0.723633 0.727865 0.724609 0.729167 0.724609 0.731771 0.727539 0.735677 0.729492 0.736979 0.731445 0.736979 0.732422 0.738281 0.750000 0.738281 0.750977 0.736979 0.755859 0.736979 0.757812 0.735677 0.759766 0.733073 0.762695 0.731771 0.772461 0.720052 0.775391 0.712240 0.776367 0.705729 0.777344 0.704427 0.777344 0.700521 0.776367 0.699219
0 0.650391 0.756510 0.650391 0.759115 0.649414 0.760417 0.649414 0.768229 0.652344 0.773438 0.662109 0.779948 0.664062 0.779948 0.667969 0.782552 0.670898 0.782552 0.672852 0.781250 0.678711 0.785156 0.690430 0.785156 0.691406 0.783854 0.697266 0.782552 0.705078 0.768229 0.705078 0.760417 0.704102 0.759115 0.704102 0.756510 0.703125 0.753906 0.698242 0.747396 0.694336 0.736979 0.692383 0.734375 0.691406 0.734375 0.690430 0.731771 0.685547 0.726562 0.685547 0.725260 0.682617 0.725260 0.680664 0.722656 0.680664 0.721354 0.677734 0.721354 0.675781 0.723958 0.672852 0.725260 0.672852 0.729167 0.673828 0.730469 0.669922 0.735677 0.666016 0.736979 0.663086 0.740885 0.662109 0.744792 0.658203 0.751302 0.656250 0.752604 0.653320 0.752604
0 0.731445 0.769531 0.730469 0.772135 0.730469 0.776042 0.729492 0.777344 0.729492 0.783854 0.730469 0.785156 0.730469 0.787760 0.732422 0.790365 0.734375 0.790365 0.738281 0.794271 0.736328 0.798177 0.738281 0.798177 0.742188 0.800781 0.746094 0.800781 0.747070 0.802083 0.767578 0.802083 0.768555 0.800781 0.770508 0.800781 0.772461 0.798177 0.772461 0.796875 0.776367 0.792969 0.778320 0.787760 0.778320 0.777344 0.777344 0.776042 0.777344 0.773438 0.771484 0.764323 0.771484 0.761719 0.766602 0.751302 0.750000 0.751302 0.749023 0.752604 0.746094 0.752604 0.745117 0.753906 0.743164 0.753906 0.740234 0.756510 0.739258 0.763021 0.733398 0.766927
0 0.833984 0.766927 0.829102 0.760417 0.827148 0.760417 0.826172 0.759115 0.824219 0.760417 0.812500 0.760417 0.811523 0.761719 0.805664 0.761719 0.802734 0.764323 0.798828 0.764323 0.797852 0.766927 0.794922 0.770833 0.791992 0.772135 0.790039 0.776042 0.790039 0.782552 0.788086 0.787760 0.789062 0.790365 0.789062 0.794271 0.790039 0.795573 0.790039 0.799479 0.796875 0.809896 0.799805 0.811198 0.803711 0.815104 0.818359 0.815104 0.826172 0.809896 0.830078 0.804688 0.830078 0.798177 0.831055 0.796875 0.831055 0.792969 0.832031 0.791667 0.832031 0.789062 0.833984 0.783854 0.833984 0.779948 0.834961 0.778646 0.834961 0.769531
0 0.844727 0.683594 0.839844 0.684896 0.838867 0.683594 0.834961 0.683594 0.833984 0.682292 0.832031 0.682292 0.829102 0.686198 0.826172 0.686198 0.824219 0.687500 0.822266 0.690104 0.819336 0.691406 0.817383 0.695312 0.813477 0.697917 0.811523 0.697917 0.808594 0.701823 0.807617 0.701823 0.806641 0.708333 0.803711 0.713542 0.803711 0.720052 0.806641 0.727865 0.807617 0.736979 0.810547 0.742188 0.814453 0.744792 0.818359 0.744792 0.819336 0.743490 0.825195 0.743490 0.828125 0.740885 0.833984 0.739583 0.834961 0.738281 0.839844 0.738281 0.840820 0.739583 0.841797 0.738281 0.846680 0.738281 0.847656 0.736979 0.851562 0.736979 0.853516 0.735677 0.856445 0.726562 0.856445 0.705729 0.849609 0.690104
0 0.918945 0.682292 0.916016 0.678385 0.913086 0.677083 0.911133 0.674479 0.904297 0.670573 0.901367 0.670573 0.900391 0.669271 0.901367 0.670573 0.901367 0.673177 0.900391 0.674479 0.897461 0.674479 0.896484 0.673177 0.888672 0.673177 0.885742 0.675781 0.879883 0.675781 0.876953 0.678385 0.875977 0.684896 0.874023 0.687500 0.873047 0.695312 0.869141 0.699219 0.866211 0.700521 0.863281 0.704427 0.863281 0.705729 0.866211 0.709635 0.868164 0.716146 0.875000 0.725260 0.878906 0.727865 0.883789 0.729167 0.884766 0.730469 0.897461 0.730469 0.903320 0.726562 0.911133 0.714844 0.916016 0.700521 0.918945 0.695312
0 0.821289 0.653646 0.822266 0.654948 0.822266 0.661458 0.825195 0.667969 0.825195 0.670573 0.827148 0.673177 0.831055 0.674479 0.832031 0.675781 0.842773 0.675781 0.843750 0.677083 0.846680 0.677083 0.847656 0.675781 0.854492 0.675781 0.855469 0.674479 0.857422 0.674479 0.860352 0.670573 0.864258 0.667969 0.870117 0.660156 0.873047 0.653646 0.876953 0.648438 0.877930 0.636719 0.873047 0.631510 0.867188 0.630208 0.859375 0.625000 0.857422 0.622396 0.857422 0.618490 0.858398 0.617188 0.848633 0.617188 0.847656 0.618490 0.843750 0.618490 0.842773 0.619792 0.839844 0.619792 0.838867 0.618490 0.833008 0.617188 0.831055 0.621094 0.834961 0.627604 0.834961 0.632812 0.833008 0.635417 0.829102 0.636719 0.825195 0.641927 0.822266 0.648438
0 0.828125 0.544271 0.828125 0.546875 0.826172 0.552083 0.827148 0.569010 0.824219 0.574219 0.823242 0.578125 0.821289 0.579427 0.821289 0.583333 0.822266 0.584635 0.821289 0.591146 0.822266 0.592448 0.822266 0.595052 0.825195 0.598958 0.825195 0.600260 0.831055 0.605469 0.836914 0.613281 0.847656 0.613281 0.848633 0.611979 0.853516 0.613281 0.854492 0.611979 0.863281 0.610677 0.871094 0.605469 0.879883 0.595052 0.882812 0.588542 0.882812 0.584635 0.880859 0.579427 0.875000 0.571615 0.872070 0.565104 0.862305 0.553385 0.859375 0.552083 0.853516 0.545573 0.848633 0.542969 0.845703 0.542969 0.844727 0.541667 0.833984 0.540365 0.833008 0.541667 0.830078 0.541667
0 0.899414 0.595052 0.898438 0.595052 0.897461 0.593750 0.893555 0.593750 0.890625 0.591146 0.888672 0.591146 0.885742 0.588542 0.883789 0.588542 0.882812 0.589844 0.882812 0.591146 0.879883 0.595052 0.879883 0.596354 0.876953 0.600260 0.875977 0.600260 0.869141 0.608073 0.868164 0.608073 0.865234 0.610677 0.863281 0.610677 0.862305 0.611979 0.861328 0.611979 0.861328 0.617188 0.862305 0.618490 0.862305 0.621094 0.866211 0.626302 0.867188 0.626302 0.868164 0.627604 0.870117 0.627604 0.871094 0.628906 0.878906 0.628906 0.882812 0.623698 0.883789 0.623698 0.888672 0.617188 0.889648 0.617188 0.891602 0.614583 0.892578 0.610677 0.896484 0.605469 0.896484 0.602865 0.897461 0.601562 0.897461 0.600260 0.898438 0.598958
0 0.912109 0.526042 0.906250 0.533854 0.905273 0.539062 0.903320 0.541667 0.902344 0.545573 0.892578 0.557292 0.889648 0.563802 0.889648 0.569010 0.888672 0.570312 0.888672 0.575521 0.887695 0.576823 0.887695 0.580729 0.889648 0.584635 0.889648 0.587240 0.891602 0.591146 0.899414 0.591146 0.900391 0.592448 0.909180 0.593750 0.913086 0.596354 0.922852 0.596354 0.923828 0.597656 0.934570 0.596354 0.936523 0.595052 0.938477 0.589844 0.938477 0.585938 0.944336 0.575521 0.944336 0.555990 0.943359 0.554688 0.943359 0.552083 0.939453 0.541667 0.937500 0.540365 0.935547 0.536458 0.927734 0.531250 0.922852 0.529948 0.920898 0.527344 0.914062 0.527344
0 0.942383 0.455729 0.939453 0.455729 0.938477 0.454427 0.921875 0.454427 0.920898 0.455729 0.917969 0.455729 0.916992 0.457031 0.912109 0.458333 0.909180 0.460938 0.907227 0.460938 0.902344 0.466146 0.902344 0.467448 0.899414 0.471354 0.899414 0.475260 0.895508 0.484375 0.894531 0.496094 0.901367 0.510417 0.905273 0.515625 0.909180 0.516927 0.910156 0.518229 0.915039 0.518229 0.916016 0.519531 0.926758 0.519531 0.927734 0.518229 0.931641 0.518229 0.935547 0.514323 0.936523 0.510417 0.940430 0.503906 0.942383 0.496094 0.946289 0.489583 0.949219 0.481771 0.949219 0.479167 0.951172 0.475260 0.951172 0.468750 0.950195 0.466146
