0 0.165039 0.303385 0.162109 0.307292 0.157227 0.309896 0.155273 0.313802 0.149414 0.319010 0.146484 0.325521 0.146484 0.332031 0.142578 0.343750 0.142578 0.365885 0.143555 0.367188 0.144531 0.380208 0.150391 0.398438 0.157227 0.404948 0.166016 0.407552 0.169922 0.401042 0.170898 0.393229 0.178711 0.384115 0.186523 0.381510 0.189453 0.378906 0.197266 0.376302 0.202148 0.376302 0.202148 0.369792 0.201172 0.368490 0.202148 0.356771 0.198242 0.345052 0.196289 0.343750 0.193359 0.346354 0.189453 0.341146 0.178711 0.335938 0.174805 0.330729 0.172852 0.324219 0.168945 0.321615 0.166016 0.321615 0.164062 0.319010 0.163086 0.313802 0.164062 0.308594 0.166016 0.305990 0.166016 0.303385
0 0.177734 0.386719 0.172852 0.393229 0.167969 0.421875 0.168945 0.433594 0.172852 0.441406 0.175781 0.457031 0.181641 0.464844 0.193359 0.468750 0.208008 0.467448 0.216797 0.468750 0.224609 0.467448 0.227539 0.464844 0.232422 0.466146 0.233398 0.464844 0.232422 0.451823 0.231445 0.450521 0.227539 0.453125 0.221680 0.449219 0.216797 0.440104 0.220703 0.433594 0.225586 0.434896 0.224609 0.430990 0.220703 0.433594 0.218750 0.428385 0.223633 0.424479 0.224609 0.419271 0.228516 0.415365 0.230469 0.419271 0.230469 0.433594 0.235352 0.441406 0.234375 0.415365 0.232422 0.408854 0.228516 0.407552 0.225586 0.403646 0.223633 0.395833 0.216797 0.386719 0.205078 0.380208 0.196289 0.380208
0 0.184570 0.250000 0.179688 0.255208 0.176758 0.263021 0.172852 0.269531 0.171875 0.276042 0.168945 0.282552 0.168945 0.290365 0.169922 0.291667 0.168945 0.302083 0.169922 0.303385 0.169922 0.308594 0.172852 0.312500 0.173828 0.319010 0.175781 0.321615 0.177734 0.329427 0.181641 0.334635 0.184570 0.334635 0.191406 0.338542 0.195312 0.338542 0.198242 0.337240 0.213867 0.315104 0.213867 0.309896 0.215820 0.307292 0.218750 0.305990 0.223633 0.298177 0.228516 0.292969 0.223633 0.291667 0.219727 0.285156 0.218750 0.281250 0.214844 0.277344 0.215820 0.276042 0.215820 0.269531 0.216797 0.268229 0.215820 0.265625 0.216797 0.256510 0.214844 0.256510 0.208008 0.251302 0.202148 0.251302 0.201172 0.250000 0.198242 0.251302
0 0.234375 0.291667 0.231445 0.292969 0.218750 0.311198 0.214844 0.320312 0.203125 0.335938 0.202148 0.347656 0.204102 0.356771 0.207031 0.363281 0.215820 0.376302 0.215820 0.381510 0.217773 0.385417 0.220703 0.388021 0.236328 0.394531 0.237305 0.393229 0.244141 0.393229 0.253906 0.382812 0.258789 0.375000 0.254883 0.373698 0.251953 0.375000 0.250977 0.373698 0.251953 0.364583 0.255859 0.351562 0.250977 0.348958 0.250000 0.334635 0.247070 0.325521 0.248047 0.312500 0.250977 0.307292 0.254883 0.308594 0.254883 0.304688 0.251953 0.300781 0.244141 0.299479 0.238281 0.292969
0 0.263672 0.376302 0.259766 0.378906 0.253906 0.386719 0.249023 0.390625 0.245117 0.395833 0.240234 0.407552 0.240234 0.411458 0.238281 0.417969 0.238281 0.441406 0.239258 0.442708 0.239258 0.446615 0.240234 0.449219 0.243164 0.450521 0.246094 0.454427 0.246094 0.457031 0.250977 0.463542 0.259766 0.471354 0.271484 0.472656 0.276367 0.476562 0.285156 0.475260 0.289062 0.472656 0.291016 0.463542 0.291016 0.453125 0.290039 0.451823 0.291016 0.437500 0.290039 0.433594 0.291992 0.425781 0.292969 0.411458 0.295898 0.403646 0.295898 0.391927 0.291016 0.386719 0.288086 0.386719 0.281250 0.380208 0.279297 0.380208 0.273438 0.376302
0 0.317383 0.308594 0.306641 0.313802 0.293945 0.330729 0.290039 0.343750 0.290039 0.355469 0.288086 0.361979 0.288086 0.369792 0.292969 0.376302 0.300781 0.390625 0.304688 0.395833 0.308594 0.398438 0.311523 0.403646 0.319336 0.407552 0.332031 0.407552 0.346680 0.393229 0.346680 0.390625 0.349609 0.384115 0.350586 0.373698 0.351562 0.372396 0.352539 0.352865 0.346680 0.337240 0.346680 0.333333 0.341797 0.317708 0.335938 0.313802 0.327148 0.312500 0.321289 0.308594
0 0.271484 0.230469 0.270508 0.234375 0.263672 0.247396 0.263672 0.252604 0.262695 0.253906 0.262695 0.273438 0.266602 0.286458 0.272461 0.295573 0.274414 0.304688 0.279297 0.311198 0.290039 0.315104 0.303711 0.313802 0.310547 0.308594 0.323242 0.304688 0.326172 0.298177 0.326172 0.289062 0.325195 0.287760 0.326172 0.286458 0.326172 0.281250 0.321289 0.273438 0.326172 0.266927 0.326172 0.251302 0.322266 0.242188 0.319336 0.238281 0.318359 0.234375 0.310547 0.227865 0.278320 0.227865
0 0.235352 0.157552 0.234375 0.158854 0.226562 0.158854 0.216797 0.156250 0.212891 0.158854 0.199219 0.157552 0.189453 0.166667 0.184570 0.182292 0.183594 0.194010 0.180664 0.199219 0.179688 0.204427 0.182617 0.220052 0.182617 0.226562 0.188477 0.243490 0.206055 0.247396 0.207031 0.246094 0.214844 0.246094 0.215820 0.244792 0.225586 0.243490 0.228516 0.240885 0.228516 0.230469 0.233398 0.222656 0.233398 0.212240 0.232422 0.210938 0.233398 0.199219 0.230469 0.191406 0.230469 0.182292 0.222656 0.167969 0.221680 0.162760 0.226562 0.158854 0.231445 0.158854 0.235352 0.164062 0.239258 0.165365 0.241211 0.162760
0 0.270508 0.114583 0.266602 0.119792 0.261719 0.122396 0.258789 0.128906 0.258789 0.132812 0.255859 0.138021 0.254883 0.147135 0.253906 0.148438 0.253906 0.153646 0.254883 0.154948 0.254883 0.161458 0.253906 0.162760 0.255859 0.167969 0.255859 0.171875 0.266602 0.182292 0.268555 0.182292 0.272461 0.186198 0.276367 0.187500 0.281250 0.191406 0.290039 0.194010 0.294922 0.197917 0.304688 0.199219 0.306641 0.196615 0.308594 0.196615 0.313477 0.186198 0.314453 0.179688 0.316406 0.175781 0.319336 0.173177 0.320312 0.169271 0.318359 0.167969 0.316406 0.164062 0.316406 0.161458 0.313477 0.153646 0.313477 0.147135 0.310547 0.138021 0.303711 0.127604 0.303711 0.117188 0.301758 0.114583 0.294922 0.110677 0.292969 0.111979 0.285156 0.110677 0.284180 0.111979 0.277344 0.111979
0 0.319336 0.177083 0.317383 0.179688 0.310547 0.207031 0.311523 0.225260 0.317383 0.229167 0.323242 0.238281 0.333984 0.246094 0.336914 0.246094 0.341797 0.251302 0.350586 0.255208 0.354492 0.255208 0.359375 0.259115 0.365234 0.257812 0.366211 0.252604 0.369141 0.248698 0.373047 0.247396 0.373047 0.225260 0.376953 0.209635 0.379883 0.205729 0.381836 0.199219 0.380859 0.195312 0.379883 0.200521 0.375977 0.204427 0.369141 0.200521 0.366211 0.194010 0.365234 0.186198 0.367188 0.183594 0.369141 0.183594 0.372070 0.188802 0.376953 0.188802 0.380859 0.192708 0.379883 0.187500 0.375977 0.188802 0.374023 0.186198 0.374023 0.174479 0.358398 0.167969 0.334961 0.167969
0 0.356445 0.069010 0.349609 0.076823 0.340820 0.082031 0.332031 0.093750 0.329102 0.095052 0.326172 0.098958 0.325195 0.111979 0.329102 0.118490 0.329102 0.127604 0.332031 0.134115 0.334961 0.151042 0.340820 0.160156 0.344727 0.162760 0.351562 0.162760 0.356445 0.165365 0.374023 0.165365 0.380859 0.156250 0.386719 0.152344 0.389648 0.144531 0.389648 0.141927 0.386719 0.136719 0.385742 0.121094 0.391602 0.095052 0.391602 0.088542 0.388672 0.083333 0.381836 0.079427 0.375977 0.072917 0.365234 0.069010
0 0.413086 0.044271 0.407227 0.046875 0.400391 0.054688 0.395508 0.074219 0.392578 0.079427 0.393555 0.093750 0.390625 0.108073 0.388672 0.111979 0.387695 0.123698 0.389648 0.132812 0.394531 0.140625 0.399414 0.144531 0.406250 0.147135 0.413086 0.154948 0.420898 0.156250 0.424805 0.153646 0.425781 0.148438 0.428711 0.144531 0.429688 0.140625 0.436523 0.131510 0.438477 0.125000 0.440430 0.122396 0.444336 0.105469 0.445312 0.082031 0.446289 0.079427 0.444336 0.074219 0.438477 0.069010 0.436523 0.059896 0.425781 0.053385 0.417969 0.044271
0 0.447266 0.188802 0.439453 0.179688 0.427734 0.174479 0.422852 0.174479 0.413086 0.180990 0.407227 0.180990 0.401367 0.183594 0.391602 0.191406 0.383789 0.201823 0.375977 0.220052 0.375977 0.225260 0.375000 0.226562 0.375977 0.246094 0.379883 0.256510 0.396484 0.265625 0.415039 0.265625 0.416016 0.266927 0.431641 0.265625 0.433594 0.268229 0.435547 0.268229 0.444336 0.253906 0.446289 0.252604 0.448242 0.244792 0.451172 0.240885 0.451172 0.218750 0.450195 0.217448 0.450195 0.210938 0.447266 0.201823
0 0.368164 0.260417 0.360352 0.264323 0.353516 0.272135 0.349609 0.273438 0.345703 0.277344 0.344727 0.279948 0.344727 0.295573 0.342773 0.303385 0.342773 0.316406 0.354492 0.348958 0.360352 0.351562 0.370117 0.352865 0.374023 0.355469 0.382812 0.355469 0.387695 0.351562 0.392578 0.343750 0.395508 0.343750 0.401367 0.335938 0.401367 0.334635 0.396484 0.333333 0.392578 0.329427 0.394531 0.320312 0.398438 0.309896 0.401367 0.292969 0.403320 0.289062 0.403320 0.279948 0.400391 0.273438 0.396484 0.269531 0.393555 0.269531 0.380859 0.260417
0 0.497070 0.148438 0.483398 0.148438 0.472656 0.154948 0.470703 0.157552 0.468750 0.157552 0.458008 0.173177 0.449219 0.192708 0.449219 0.201823 0.457031 0.240885 0.459961 0.247396 0.466797 0.255208 0.471680 0.255208 0.475586 0.257812 0.480469 0.257812 0.481445 0.256510 0.489258 0.257812 0.500977 0.246094 0.506836 0.231771 0.513672 0.221354 0.510742 0.214844 0.510742 0.212240 0.513672 0.205729 0.513672 0.190104 0.516602 0.178385 0.513672 0.170573 0.508789 0.165365 0.506836 0.157552
0 0.474609 0.264323 0.460938 0.273438 0.452148 0.283854 0.445312 0.298177 0.445312 0.307292 0.447266 0.317708 0.452148 0.326823 0.461914 0.354167 0.466797 0.361979 0.475586 0.368490 0.495117 0.369792 0.498047 0.368490 0.502930 0.361979 0.506836 0.347656 0.505859 0.319010 0.504883 0.316406 0.500000 0.312500 0.499023 0.303385 0.497070 0.299479 0.497070 0.292969 0.500000 0.289062 0.501953 0.289062 0.500000 0.286458 0.498047 0.278646 0.499023 0.277344 0.499023 0.272135 0.496094 0.266927 0.489258 0.263021
0 0.438477 0.317708 0.430664 0.317708 0.422852 0.320312 0.416992 0.328125 0.414062 0.329427 0.403320 0.341146 0.400391 0.342448 0.397461 0.347656 0.397461 0.360677 0.396484 0.361979 0.395508 0.381510 0.398438 0.388021 0.398438 0.390625 0.404297 0.402344 0.409180 0.408854 0.420898 0.417969 0.431641 0.419271 0.432617 0.417969 0.440430 0.417969 0.445312 0.415365 0.455078 0.402344 0.458008 0.394531 0.458008 0.390625 0.459961 0.386719 0.461914 0.376302 0.461914 0.368490 0.458984 0.360677 0.458984 0.351562 0.454102 0.341146 0.451172 0.329427 0.446289 0.321615
0 0.395508 0.386719 0.387695 0.385417 0.386719 0.386719 0.368164 0.388021 0.364258 0.390625 0.358398 0.390625 0.351562 0.394531 0.342773 0.408854 0.340820 0.414062 0.340820 0.421875 0.338867 0.428385 0.340820 0.442708 0.344727 0.454427 0.350586 0.463542 0.353516 0.470052 0.353516 0.472656 0.356445 0.476562 0.359375 0.477865 0.368164 0.477865 0.369141 0.479167 0.376953 0.479167 0.388672 0.470052 0.399414 0.468750 0.407227 0.455729 0.408203 0.450521 0.412109 0.445312 0.412109 0.432292 0.407227 0.424479 0.406250 0.411458 0.399414 0.402344 0.399414 0.398438 0.396484 0.394531
0 0.184570 0.470052 0.183594 0.471354 0.176758 0.471354 0.174805 0.473958 0.166992 0.479167 0.164062 0.483073 0.162109 0.488281 0.162109 0.496094 0.161133 0.497396 0.161133 0.503906 0.160156 0.505208 0.160156 0.511719 0.159180 0.513021 0.160156 0.514323 0.160156 0.519531 0.165039 0.533854 0.168945 0.541667 0.169922 0.548177 0.174805 0.549479 0.177734 0.553385 0.178711 0.558594 0.181641 0.559896 0.188477 0.559896 0.189453 0.558594 0.201172 0.555990 0.204102 0.553385 0.210938 0.550781 0.214844 0.545573 0.218750 0.544271 0.218750 0.537760 0.219727 0.536458 0.219727 0.529948 0.220703 0.528646 0.220703 0.515625 0.218750 0.513021 0.218750 0.509115 0.219727 0.507812 0.217773 0.505208 0.217773 0.502604 0.209961 0.493490 0.208008 0.486979 0.205078 0.481771 0.205078 0.479167 0.202148 0.475260 0.198242 0.472656 0.193359 0.472656 0.188477 0.470052
0 0.282227 0.480469 0.271484 0.480469 0.263672 0.484375 0.246094 0.488281 0.242188 0.490885 0.239258 0.490885 0.232422 0.497396 0.230469 0.505208 0.224609 0.519531 0.223633 0.533854 0.222656 0.535156 0.223633 0.545573 0.227539 0.554688 0.232422 0.561198 0.237305 0.563802 0.242188 0.563802 0.252930 0.567708 0.262695 0.576823 0.269531 0.575521 0.270508 0.572917 0.282227 0.562500 0.285156 0.550781 0.285156 0.516927 0.283203 0.510417 0.283203 0.498698 0.284180 0.496094 0.280273 0.492188 0.280273 0.485677 0.282227 0.483073
0 0.224609 0.553385 0.219727 0.553385 0.218750 0.554688 0.214844 0.554688 0.213867 0.555990 0.208008 0.557292 0.196289 0.569010 0.197266 0.579427 0.196289 0.583333 0.194336 0.585938 0.193359 0.591146 0.191406 0.593750 0.191406 0.598958 0.190430 0.600260 0.191406 0.604167 0.196289 0.609375 0.198242 0.617188 0.198242 0.621094 0.202148 0.632812 0.208008 0.639323 0.210938 0.639323 0.211914 0.640625 0.223633 0.640625 0.224609 0.639323 0.231445 0.638021 0.238281 0.632812 0.241211 0.632812 0.248047 0.625000 0.248047 0.621094 0.249023 0.619792 0.249023 0.613281 0.248047 0.611979 0.249023 0.608073 0.249023 0.597656 0.250000 0.596354 0.249023 0.584635 0.247070 0.579427 0.239258 0.567708 0.232422 0.563802 0.228516 0.559896
0 0.330078 0.484375 0.300781 0.486979 0.293945 0.489583 0.286133 0.497396 0.286133 0.515625 0.287109 0.516927 0.287109 0.554688 0.286133 0.559896 0.291016 0.570312 0.297852 0.578125 0.304688 0.579427 0.311523 0.583333 0.322266 0.583333 0.329102 0.580729 0.335938 0.575521 0.340820 0.569010 0.341797 0.557292 0.338867 0.548177 0.337891 0.536458 0.336914 0.535156 0.336914 0.516927 0.337891 0.511719 0.341797 0.506510 0.344727 0.497396 0.341797 0.493490 0.335938 0.492188
0 0.353516 0.488281 0.346680 0.497396 0.338867 0.516927 0.338867 0.526042 0.337891 0.528646 0.343750 0.554688 0.344727 0.565104 0.347656 0.570312 0.363281 0.578125 0.381836 0.578125 0.382812 0.579427 0.388672 0.578125 0.395508 0.570312 0.399414 0.569010 0.402344 0.565104 0.402344 0.563802 0.400391 0.563802 0.397461 0.559896 0.401367 0.553385 0.402344 0.542969 0.405273 0.537760 0.404297 0.536458 0.405273 0.522135 0.395508 0.500000 0.395508 0.486979 0.391602 0.483073 0.375977 0.483073 0.375000 0.481771 0.365234 0.481771
0 0.446289 0.433594 0.431641 0.437500 0.423828 0.437500 0.418945 0.440104 0.412109 0.449219 0.410156 0.455729 0.404297 0.464844 0.400391 0.475260 0.399414 0.483073 0.396484 0.492188 0.397461 0.500000 0.407227 0.522135 0.419922 0.537760 0.430664 0.544271 0.439453 0.541667 0.444336 0.532552 0.450195 0.526042 0.452148 0.511719 0.457031 0.502604 0.461914 0.486979 0.462891 0.475260 0.457031 0.466146 0.458984 0.462240 0.458984 0.457031 0.460938 0.454427 0.465820 0.457031 0.466797 0.455729 0.462891 0.453125 0.459961 0.444010 0.456055 0.438802
0 0.464844 0.386719 0.460938 0.393229 0.455078 0.419271 0.456055 0.429688 0.458984 0.433594 0.462891 0.434896 0.474609 0.451823 0.487305 0.463542 0.496094 0.466146 0.503906 0.466146 0.513672 0.459635 0.516602 0.459635 0.523438 0.451823 0.536133 0.444010 0.542969 0.429688 0.542969 0.415365 0.541016 0.407552 0.537109 0.406250 0.535156 0.403646 0.535156 0.391927 0.534180 0.388021 0.530273 0.382812 0.514648 0.377604 0.508789 0.372396 0.499023 0.372396 0.477539 0.382812 0.473633 0.382812
0 0.430664 0.550781 0.420898 0.562500 0.419922 0.566406 0.411133 0.579427 0.410156 0.584635 0.411133 0.592448 0.414062 0.597656 0.418945 0.613281 0.430664 0.622396 0.448242 0.630208 0.451172 0.630208 0.458008 0.634115 0.466797 0.634115 0.474609 0.619792 0.474609 0.613281 0.473633 0.611979 0.470703 0.617188 0.468750 0.617188 0.466797 0.614583 0.467773 0.595052 0.469727 0.591146 0.473633 0.588542 0.474609 0.584635 0.471680 0.583333 0.470703 0.585938 0.468750 0.583333 0.468750 0.575521 0.465820 0.571615 0.465820 0.558594 0.463867 0.558594 0.458984 0.553385 0.452148 0.553385 0.447266 0.546875 0.438477 0.546875
0 0.330078 0.584635 0.312500 0.585938 0.296875 0.579427 0.291016 0.575521 0.276367 0.589844 0.271484 0.601562 0.268555 0.618490 0.270508 0.622396 0.270508 0.625000 0.273438 0.627604 0.274414 0.631510 0.283203 0.641927 0.286133 0.653646 0.290039 0.658854 0.291016 0.664062 0.293945 0.667969 0.298828 0.666667 0.311523 0.657552 0.320312 0.647135 0.329102 0.641927 0.333984 0.636719 0.333984 0.625000 0.333008 0.623698 0.333008 0.598958 0.333984 0.597656 0.333984 0.588542
0 0.344727 0.574219 0.337891 0.585938 0.334961 0.596354 0.334961 0.621094 0.335938 0.622396 0.335938 0.632812 0.336914 0.634115 0.336914 0.638021 0.338867 0.640625 0.345703 0.644531 0.357422 0.656250 0.360352 0.657552 0.370117 0.657552 0.371094 0.656250 0.379883 0.654948 0.382812 0.644531 0.383789 0.635417 0.389648 0.627604 0.392578 0.626302 0.392578 0.622396 0.388672 0.618490 0.388672 0.614583 0.387695 0.613281 0.387695 0.604167 0.386719 0.602865 0.387695 0.598958 0.387695 0.589844 0.385742 0.583333 0.379883 0.582031 0.378906 0.580729 0.373047 0.580729 0.372070 0.579427 0.361328 0.579427 0.349609 0.572917
0 0.386719 0.636719 0.381836 0.654948 0.383789 0.670573 0.387695 0.677083 0.389648 0.684896 0.393555 0.690104 0.395508 0.697917 0.402344 0.703125 0.404297 0.703125 0.409180 0.709635 0.418945 0.709635 0.428711 0.704427 0.431641 0.704427 0.446289 0.697917 0.454102 0.688802 0.453125 0.684896 0.454102 0.683594 0.456055 0.666667 0.458008 0.662760 0.457031 0.657552 0.455078 0.654948 0.455078 0.652344 0.451172 0.643229 0.439453 0.628906 0.427734 0.622396 0.422852 0.622396 0.417969 0.619792 0.411133 0.619792 0.405273 0.623698 0.395508 0.626302
0 0.504883 0.611979 0.460938 0.657552 0.458984 0.662760 0.456055 0.680990 0.458984 0.687500 0.462891 0.690104 0.465820 0.690104 0.480469 0.705729 0.491211 0.712240 0.506836 0.716146 0.507812 0.714844 0.512695 0.714844 0.522461 0.707031 0.538086 0.686198 0.541992 0.673177 0.540039 0.667969 0.535156 0.665365 0.534180 0.662760 0.535156 0.657552 0.526367 0.636719 0.519531 0.615885
0 0.264648 0.628906 0.263672 0.630208 0.259766 0.630208 0.256836 0.635417 0.249023 0.641927 0.246094 0.641927 0.238281 0.645833 0.231445 0.657552 0.232422 0.697917 0.234375 0.700521 0.239258 0.701823 0.247070 0.714844 0.258789 0.722656 0.268555 0.723958 0.276367 0.717448 0.276367 0.707031 0.277344 0.703125 0.279297 0.700521 0.280273 0.694010 0.283203 0.690104 0.284180 0.686198 0.288086 0.679688 0.289062 0.667969 0.288086 0.666667 0.288086 0.662760 0.283203 0.652344 0.282227 0.645833 0.274414 0.636719 0.270508 0.630208
0 0.312500 0.665365 0.309570 0.665365 0.305664 0.667969 0.300781 0.667969 0.294922 0.673177 0.282227 0.694010 0.282227 0.699219 0.278320 0.707031 0.279297 0.722656 0.281250 0.727865 0.284180 0.744792 0.292969 0.757812 0.303711 0.763021 0.315430 0.763021 0.327148 0.756510 0.330078 0.752604 0.331055 0.747396 0.335938 0.736979 0.333008 0.716146 0.333984 0.714844 0.333984 0.705729 0.336914 0.700521 0.337891 0.695312 0.333984 0.690104 0.333984 0.683594 0.330078 0.680990 0.326172 0.675781 0.321289 0.673177 0.319336 0.677083 0.319336 0.679688 0.317383 0.680990 0.311523 0.673177 0.315430 0.669271
0 0.265625 0.733073 0.261719 0.735677 0.246094 0.753906 0.245117 0.768229 0.243164 0.773438 0.244141 0.774740 0.244141 0.783854 0.245117 0.785156 0.246094 0.794271 0.251953 0.805990 0.252930 0.805990 0.258789 0.815104 0.258789 0.817708 0.262695 0.828125 0.266602 0.830729 0.273438 0.830729 0.282227 0.826823 0.286133 0.820312 0.291992 0.815104 0.292969 0.809896 0.295898 0.804688 0.295898 0.803385 0.291992 0.799479 0.291992 0.796875 0.294922 0.789062 0.295898 0.773438 0.296875 0.772135 0.296875 0.761719 0.290039 0.760417 0.287109 0.756510 0.285156 0.750000 0.282227 0.744792 0.282227 0.742188 0.278320 0.734375 0.275391 0.735677 0.274414 0.734375
0 0.378906 0.674479 0.366211 0.674479 0.361328 0.678385 0.358398 0.678385 0.357422 0.679688 0.361328 0.684896 0.358398 0.687500 0.349609 0.686198 0.342773 0.692708 0.337891 0.701823 0.334961 0.712240 0.335938 0.726562 0.337891 0.735677 0.340820 0.740885 0.344727 0.759115 0.348633 0.769531 0.351562 0.773438 0.358398 0.777344 0.373047 0.776042 0.380859 0.770833 0.386719 0.763021 0.387695 0.756510 0.383789 0.743490 0.386719 0.735677 0.382812 0.730469 0.387695 0.729167 0.388672 0.726562 0.384766 0.718750 0.384766 0.714844 0.381836 0.716146 0.381836 0.722656 0.380859 0.723958 0.378906 0.720052 0.378906 0.714844 0.380859 0.712240 0.379883 0.705729 0.374023 0.696615 0.372070 0.696615 0.362305 0.684896 0.363281 0.682292 0.373047 0.680990 0.379883 0.686198 0.383789 0.686198 0.386719 0.683594 0.385742 0.679688
0 0.400391 0.769531 0.396484 0.768229 0.391602 0.772135 0.382812 0.772135 0.371094 0.778646 0.357422 0.778646 0.356445 0.777344 0.352539 0.777344 0.349609 0.785156 0.349609 0.792969 0.348633 0.794271 0.348633 0.799479 0.349609 0.800781 0.349609 0.804688 0.351562 0.811198 0.358398 0.820312 0.360352 0.821615 0.364258 0.821615 0.368164 0.826823 0.369141 0.830729 0.372070 0.834635 0.375977 0.837240 0.381836 0.838542 0.388672 0.834635 0.394531 0.829427 0.400391 0.820312 0.404297 0.820312 0.410156 0.811198 0.410156 0.805990 0.407227 0.800781 0.406250 0.795573 0.403320 0.789062 0.404297 0.782552 0.403320 0.781250 0.402344 0.772135
0 0.439453 0.755208 0.433594 0.760417 0.430664 0.765625 0.427734 0.761719 0.426758 0.764323 0.426758 0.768229 0.423828 0.774740 0.422852 0.785156 0.421875 0.786458 0.421875 0.808594 0.424805 0.820312 0.426758 0.822917 0.431641 0.837240 0.436523 0.842448 0.439453 0.847656 0.443359 0.850260 0.455078 0.851562 0.456055 0.850260 0.458984 0.850260 0.463867 0.846354 0.466797 0.842448 0.471680 0.829427 0.474609 0.825521 0.475586 0.812500 0.481445 0.800781 0.481445 0.787760 0.468750 0.773438 0.462891 0.769531 0.460938 0.769531 0.458008 0.765625 0.455078 0.764323 0.453125 0.761719 0.455078 0.759115 0.455078 0.756510
0 0.498047 0.746094 0.497070 0.748698 0.500000 0.752604 0.500000 0.757812 0.496094 0.764323 0.494141 0.764323 0.487305 0.773438 0.483398 0.782552 0.483398 0.785156 0.485352 0.791667 0.487305 0.794271 0.491211 0.811198 0.494141 0.819010 0.500977 0.828125 0.507812 0.830729 0.514648 0.838542 0.519531 0.838542 0.545898 0.804688 0.548828 0.799479 0.549805 0.791667 0.547852 0.785156 0.537109 0.773438 0.537109 0.770833 0.541016 0.766927 0.540039 0.764323 0.537109 0.764323 0.535156 0.761719 0.534180 0.756510 0.531250 0.751302 0.528320 0.751302 0.526367 0.748698 0.521484 0.746094 0.514648 0.746094 0.513672 0.744792 0.508789 0.746094 0.502930 0.751302 0.499023 0.751302 0.498047 0.750000
0 0.557617 0.682292 0.554688 0.684896 0.554688 0.687500 0.551758 0.690104 0.546875 0.700521 0.540039 0.709635 0.540039 0.712240 0.536133 0.720052 0.536133 0.727865 0.538086 0.733073 0.538086 0.742188 0.543945 0.757812 0.545898 0.773438 0.549805 0.783854 0.553711 0.785156 0.555664 0.787760 0.575195 0.786458 0.577148 0.783854 0.579102 0.783854 0.583984 0.779948 0.588867 0.773438 0.603516 0.759115 0.612305 0.746094 0.607422 0.735677 0.604492 0.723958 0.601562 0.720052 0.597656 0.709635 0.591797 0.704427 0.584961 0.695312 0.581055 0.687500 0.579102 0.687500 0.575195 0.683594
0 0.543945 0.575521 0.541992 0.578125 0.537109 0.580729 0.529297 0.592448 0.527344 0.598958 0.521484 0.609375 0.521484 0.617188 0.523438 0.619792 0.525391 0.628906 0.536133 0.654948 0.544922 0.669271 0.546875 0.674479 0.550781 0.674479 0.551758 0.675781 0.570312 0.674479 0.577148 0.669271 0.592773 0.649740 0.592773 0.645833 0.588867 0.636719 0.588867 0.631510 0.586914 0.627604 0.584961 0.613281 0.583008 0.610677 0.582031 0.605469 0.569336 0.588542 0.564453 0.584635 0.554688 0.582031 0.552734 0.578125 0.552734 0.575521
0 0.498047 0.054688 0.498047 0.058594 0.497070 0.059896 0.494141 0.058594 0.491211 0.061198 0.488281 0.067708 0.485352 0.069010 0.484375 0.071615 0.479492 0.075521 0.477539 0.082031 0.474609 0.085938 0.475586 0.088542 0.474609 0.101562 0.473633 0.102865 0.474609 0.126302 0.481445 0.145833 0.495117 0.145833 0.504883 0.149740 0.509766 0.154948 0.513672 0.154948 0.517578 0.157552 0.520508 0.156250 0.524414 0.148438 0.535156 0.140625 0.540039 0.132812 0.539062 0.118490 0.536133 0.110677 0.539062 0.106771 0.539062 0.100260 0.541016 0.097656 0.541016 0.084635 0.536133 0.075521 0.538086 0.070312 0.535156 0.069010 0.528320 0.058594 0.518555 0.054688 0.506836 0.054688 0.505859 0.055990 0.499023 0.055990
0 0.591797 0.101562 0.583008 0.100260 0.576172 0.104167 0.568359 0.105469 0.564453 0.113281 0.554688 0.115885 0.554688 0.122396 0.549805 0.128906 0.548828 0.132812 0.542969 0.139323 0.541992 0.143229 0.541992 0.149740 0.544922 0.160156 0.550781 0.174479 0.567383 0.207031 0.580078 0.208333 0.583008 0.204427 0.586914 0.205729 0.597656 0.204427 0.602539 0.199219 0.603516 0.194010 0.601562 0.190104 0.603516 0.183594 0.614258 0.164062 0.615234 0.158854 0.613281 0.154948 0.613281 0.145833 0.608398 0.138021 0.608398 0.135417 0.604492 0.127604 0.605469 0.125000 0.609375 0.123698 0.609375 0.121094 0.607422 0.117188 0.604492 0.115885
0 0.643555 0.200521 0.636719 0.199219 0.629883 0.195312 0.620117 0.195312 0.612305 0.197917 0.602539 0.205729 0.591797 0.220052 0.590820 0.223958 0.583984 0.230469 0.585938 0.264323 0.590820 0.283854 0.594727 0.285156 0.599609 0.291667 0.611328 0.302083 0.626953 0.299479 0.632812 0.294271 0.644531 0.289062 0.653320 0.273438 0.661133 0.269531 0.662109 0.266927 0.662109 0.256510 0.657227 0.252604 0.656250 0.246094 0.658203 0.244792 0.660156 0.250000 0.662109 0.250000 0.663086 0.246094 0.655273 0.236979 0.655273 0.230469 0.657227 0.227865 0.657227 0.225260 0.654297 0.222656 0.648438 0.208333
0 0.556641 0.273438 0.554688 0.276042 0.541992 0.281250 0.538086 0.286458 0.529297 0.317708 0.528320 0.328125 0.526367 0.332031 0.522461 0.351562 0.526367 0.360677 0.531250 0.367188 0.534180 0.368490 0.542969 0.377604 0.550781 0.380208 0.556641 0.380208 0.562500 0.384115 0.576172 0.384115 0.580078 0.381510 0.584961 0.375000 0.585938 0.367188 0.588867 0.361979 0.589844 0.345052 0.585938 0.324219 0.590820 0.315104 0.591797 0.307292 0.594727 0.303385 0.593750 0.298177 0.590820 0.292969 0.583008 0.283854 0.577148 0.282552 0.566406 0.273438
0 0.621094 0.308594 0.616211 0.315104 0.610352 0.329427 0.610352 0.345052 0.616211 0.360677 0.617188 0.373698 0.623047 0.381510 0.639648 0.394531 0.651367 0.399740 0.661133 0.399740 0.673828 0.395833 0.682617 0.384115 0.687500 0.381510 0.689453 0.376302 0.688477 0.365885 0.690430 0.360677 0.691406 0.342448 0.689453 0.338542 0.688477 0.329427 0.683594 0.322917 0.664062 0.303385 0.647461 0.292969 0.643555 0.292969 0.634766 0.296875
0 0.730469 0.220052 0.708984 0.218750 0.685547 0.227865 0.672852 0.238281 0.668945 0.248698 0.666992 0.264323 0.663086 0.277344 0.663086 0.283854 0.665039 0.289062 0.670898 0.292969 0.676758 0.302083 0.688477 0.312500 0.696289 0.324219 0.701172 0.328125 0.704102 0.328125 0.707031 0.325521 0.714844 0.325521 0.718750 0.321615 0.724609 0.320312 0.725586 0.315104 0.732422 0.311198 0.744141 0.296875 0.745117 0.291667 0.748047 0.287760 0.749023 0.283854 0.748047 0.276042 0.750977 0.273438 0.749023 0.268229 0.750000 0.261719 0.748047 0.252604 0.742188 0.243490 0.741211 0.235677 0.736328 0.225260
0 0.750977 0.338542 0.743164 0.335938 0.736328 0.335938 0.732422 0.338542 0.724609 0.339844 0.716797 0.347656 0.702148 0.367188 0.699219 0.368490 0.695312 0.375000 0.696289 0.411458 0.702148 0.427083 0.708008 0.434896 0.717773 0.444010 0.721680 0.445312 0.731445 0.444010 0.772461 0.415365 0.776367 0.407552 0.775391 0.406250 0.776367 0.388021 0.774414 0.380208 0.768555 0.365885 0.761719 0.355469 0.760742 0.346354
0 0.558594 0.407552 0.555664 0.414062 0.553711 0.423177 0.553711 0.442708 0.554688 0.444010 0.553711 0.449219 0.555664 0.458333 0.563477 0.475260 0.564453 0.481771 0.567383 0.485677 0.576172 0.486979 0.580078 0.489583 0.593750 0.489583 0.594727 0.490885 0.605469 0.489583 0.612305 0.486979 0.625977 0.476562 0.631836 0.457031 0.630859 0.437500 0.633789 0.432292 0.629883 0.420573 0.621094 0.408854 0.617188 0.401042 0.609375 0.397135 0.602539 0.397135 0.590820 0.391927 0.580078 0.390625 0.572266 0.393229 0.563477 0.401042
0 0.546875 0.451823 0.541992 0.451823 0.541016 0.450521 0.531250 0.451823 0.525391 0.455729 0.508789 0.475260 0.505859 0.483073 0.500977 0.490885 0.501953 0.511719 0.503906 0.520833 0.508789 0.533854 0.516602 0.544271 0.523438 0.557292 0.529297 0.559896 0.533203 0.559896 0.542969 0.555990 0.551758 0.549479 0.560547 0.536458 0.561523 0.527344 0.563477 0.523438 0.562500 0.510417 0.561523 0.509115 0.561523 0.485677 0.559570 0.480469 0.559570 0.475260 0.554688 0.459635 0.551758 0.454427
0 0.633789 0.496094 0.627930 0.497396 0.612305 0.510417 0.602539 0.515625 0.589844 0.529948 0.587891 0.536458 0.587891 0.554688 0.590820 0.567708 0.594727 0.576823 0.603516 0.585938 0.616211 0.589844 0.625000 0.596354 0.635742 0.595052 0.654297 0.580729 0.659180 0.569010 0.668945 0.559896 0.670898 0.554688 0.669922 0.528646 0.668945 0.527344 0.667969 0.528646 0.667969 0.545573 0.666992 0.550781 0.665039 0.552083 0.663086 0.549479 0.662109 0.527344 0.664062 0.523438 0.657227 0.515625 0.652344 0.506510 0.637695 0.500000
0 0.689453 0.411458 0.686523 0.410156 0.674805 0.410156 0.659180 0.416667 0.656250 0.419271 0.650391 0.420573 0.647461 0.423177 0.643555 0.434896 0.635742 0.449219 0.634766 0.455729 0.635742 0.457031 0.636719 0.479167 0.640625 0.489583 0.649414 0.502604 0.652344 0.503906 0.661133 0.514323 0.670898 0.514323 0.673828 0.513021 0.675781 0.510417 0.679688 0.509115 0.685547 0.502604 0.702148 0.473958 0.708984 0.458333 0.708008 0.449219 0.706055 0.446615 0.702148 0.432292 0.695312 0.424479
0 0.716797 0.463542 0.711914 0.467448 0.708984 0.473958 0.694336 0.492188 0.690430 0.503906 0.690430 0.514323 0.704102 0.546875 0.710938 0.557292 0.711914 0.561198 0.717773 0.569010 0.723633 0.572917 0.738281 0.572917 0.739258 0.574219 0.744141 0.574219 0.750000 0.571615 0.752930 0.567708 0.754883 0.555990 0.766602 0.537760 0.767578 0.533854 0.766602 0.506510 0.750977 0.486979 0.749023 0.476562 0.743164 0.470052 0.735352 0.464844 0.727539 0.462240
0 0.684570 0.552083 0.673828 0.561198 0.671875 0.561198 0.663086 0.572917 0.661133 0.578125 0.660156 0.605469 0.663086 0.621094 0.663086 0.632812 0.667969 0.639323 0.671875 0.640625 0.679688 0.649740 0.683594 0.651042 0.687500 0.654948 0.701172 0.658854 0.708008 0.662760 0.708984 0.661458 0.719727 0.660156 0.730469 0.643229 0.734375 0.634115 0.738281 0.613281 0.736328 0.596354 0.733398 0.588542 0.715820 0.570312 0.708984 0.561198 0.706055 0.559896 0.702148 0.553385 0.699219 0.552083
0 0.614258 0.687500 0.610352 0.705729 0.610352 0.714844 0.614258 0.729167 0.615234 0.739583 0.617188 0.744792 0.624023 0.751302 0.630859 0.752604 0.635742 0.756510 0.648438 0.756510 0.649414 0.757812 0.668945 0.755208 0.677734 0.748698 0.686523 0.731771 0.686523 0.722656 0.687500 0.720052 0.686523 0.718750 0.685547 0.703125 0.680664 0.696615 0.676758 0.687500 0.673828 0.686198 0.670898 0.682292 0.666992 0.680990 0.662109 0.675781 0.656250 0.675781 0.654297 0.671875 0.647461 0.671875 0.646484 0.670573 0.638672 0.671875 0.625977 0.678385 0.623047 0.682292
0 0.693359 0.734375 0.692383 0.751302 0.690430 0.759115 0.690430 0.790365 0.694336 0.799479 0.700195 0.803385 0.712891 0.822917 0.721680 0.830729 0.729492 0.833333 0.741211 0.833333 0.752930 0.826823 0.766602 0.807292 0.766602 0.804688 0.769531 0.799479 0.769531 0.785156 0.763672 0.773438 0.763672 0.770833 0.759766 0.763021 0.758789 0.756510 0.755859 0.753906 0.754883 0.748698 0.751953 0.750000 0.745117 0.746094 0.736328 0.733073 0.730469 0.730469 0.722656 0.730469 0.721680 0.729167 0.712891 0.730469 0.709961 0.734375 0.705078 0.735677 0.697266 0.747396 0.694336 0.743490
0 0.611328 0.759115 0.608398 0.759115 0.607422 0.757812 0.600586 0.765625 0.591797 0.772135 0.591797 0.773438 0.584961 0.781250 0.575195 0.789062 0.575195 0.792969 0.577148 0.798177 0.581055 0.804688 0.587891 0.824219 0.592773 0.833333 0.602539 0.833333 0.606445 0.830729 0.609375 0.830729 0.614258 0.833333 0.622070 0.822917 0.625977 0.820312 0.629883 0.815104 0.632812 0.807292 0.634766 0.804688 0.634766 0.799479 0.629883 0.792969 0.628906 0.792969 0.625977 0.787760 0.621094 0.785156 0.619141 0.781250 0.617188 0.769531 0.614258 0.763021
0 0.685547 0.789062 0.685547 0.785156 0.686523 0.783854 0.686523 0.770833 0.687500 0.769531 0.687500 0.751302 0.685547 0.747396 0.680664 0.747396 0.670898 0.756510 0.659180 0.757812 0.658203 0.759115 0.635742 0.759115 0.625977 0.753906 0.623047 0.753906 0.618164 0.750000 0.617188 0.752604 0.616211 0.763021 0.618164 0.765625 0.619141 0.774740 0.621094 0.781250 0.623047 0.783854 0.625000 0.783854 0.628906 0.790365 0.631836 0.791667 0.633789 0.794271 0.637695 0.795573 0.645508 0.802083 0.647461 0.802083 0.653320 0.807292 0.656250 0.812500 0.666016 0.812500 0.676758 0.805990 0.682617 0.796875 0.683594 0.791667
0 0.764648 0.730469 0.758789 0.742188 0.759766 0.746094 0.760742 0.744792 0.764648 0.746094 0.760742 0.753906 0.761719 0.760417 0.768555 0.768229 0.769531 0.777344 0.773438 0.785156 0.776367 0.796875 0.802734 0.826823 0.815430 0.825521 0.820312 0.821615 0.825195 0.820312 0.837891 0.809896 0.844727 0.798177 0.847656 0.781250 0.846680 0.779948 0.846680 0.764323 0.843750 0.756510 0.842773 0.748698 0.840820 0.746094 0.834961 0.743490 0.827148 0.734375 0.816406 0.727865 0.804688 0.726562 0.799805 0.723958 0.780273 0.725260 0.779297 0.726562 0.774414 0.725260 0.770508 0.729167
0 0.904297 0.634115 0.897461 0.634115 0.894531 0.636719 0.878906 0.639323 0.875977 0.641927 0.867188 0.641927 0.862305 0.644531 0.848633 0.661458 0.840820 0.680990 0.839844 0.699219 0.844727 0.717448 0.849609 0.722656 0.857422 0.742188 0.868164 0.751302 0.873047 0.751302 0.879883 0.746094 0.890625 0.746094 0.910156 0.738281 0.923828 0.729167 0.929688 0.718750 0.935547 0.714844 0.938477 0.709635 0.938477 0.700521 0.936523 0.696615 0.935547 0.686198 0.934570 0.684896 0.931641 0.690104 0.929688 0.683594 0.931641 0.679688 0.926758 0.667969
0 0.749023 0.583333 0.743164 0.596354 0.737305 0.625000 0.738281 0.641927 0.744141 0.651042 0.774414 0.670573 0.791992 0.679688 0.798828 0.679688 0.806641 0.674479 0.816406 0.662760 0.822266 0.647135 0.823242 0.627604 0.818359 0.604167 0.809570 0.585938 0.805664 0.591146 0.800781 0.585938 0.793945 0.587240 0.787109 0.583333 0.762695 0.584635 0.760742 0.582031 0.760742 0.576823 0.763672 0.575521 0.759766 0.576823 0.756836 0.580729
0 0.821289 0.542969 0.816406 0.555990 0.814453 0.569010 0.816406 0.587240 0.821289 0.600260 0.832031 0.619792 0.832031 0.622396 0.838867 0.632812 0.843750 0.635417 0.849609 0.634115 0.856445 0.636719 0.884766 0.636719 0.896484 0.632812 0.904297 0.621094 0.907227 0.614583 0.907227 0.604167 0.896484 0.570312 0.895508 0.562500 0.892578 0.557292 0.892578 0.553385 0.887695 0.540365 0.883789 0.539062 0.880859 0.541667 0.877930 0.541667 0.874023 0.537760 0.871094 0.537760 0.868164 0.540365 0.863281 0.533854 0.853516 0.533854 0.856445 0.537760 0.853516 0.540365 0.842773 0.536458 0.833008 0.541667 0.824219 0.540365
0 0.793945 0.410156 0.789062 0.412760 0.762695 0.438802 0.756836 0.450521 0.752930 0.464844 0.751953 0.483073 0.765625 0.501302 0.795898 0.515625 0.807617 0.523438 0.818359 0.527344 0.833008 0.516927 0.839844 0.506510 0.845703 0.493490 0.847656 0.483073 0.847656 0.470052 0.845703 0.459635 0.841797 0.447917 0.836914 0.441406 0.831055 0.429688 0.829102 0.421875 0.826172 0.417969 0.812500 0.414062 0.802734 0.408854
0 0.810547 0.257812 0.794922 0.270833 0.767578 0.303385 0.765625 0.309896 0.760742 0.315104 0.760742 0.322917 0.764648 0.338542 0.764648 0.345052 0.766602 0.345052 0.770508 0.351562 0.770508 0.361979 0.778320 0.373698 0.790039 0.373698 0.791016 0.376302 0.804688 0.372396 0.820312 0.373698 0.822266 0.381510 0.823242 0.378906 0.831055 0.376302 0.832031 0.369792 0.837891 0.363281 0.852539 0.338542 0.854492 0.324219 0.853516 0.304688 0.851562 0.299479 0.852539 0.294271 0.848633 0.281250 0.836914 0.265625 0.819336 0.257812
