0 0.171875 0.810705 0.163086 0.810705 0.162109 0.812010 0.158203 0.812010 0.157227 0.813316 0.155273 0.813316 0.154297 0.814621 0.152344 0.814621 0.151367 0.813316 0.150391 0.813316 0.150391 0.815927 0.149414 0.817232 0.149414 0.818538 0.139648 0.831593 0.138672 0.831593 0.137695 0.832898 0.137695 0.839426 0.138672 0.840731 0.138672 0.842037 0.149414 0.856397 0.151367 0.856397 0.152344 0.857702 0.153320 0.857702 0.157227 0.862924 0.165039 0.862924 0.166016 0.861619 0.167969 0.861619 0.168945 0.860313 0.175781 0.859008 0.176758 0.857702 0.181641 0.855091 0.183594 0.852480 0.183594 0.848564 0.184570 0.847258 0.183594 0.845953 0.183594 0.832898 0.182617 0.831593 0.182617 0.828982 0.179688 0.823760 0.179688 0.822454
0 0.201172 0.787206 0.201172 0.788512 0.199219 0.792428 0.199219 0.795039 0.198242 0.796345 0.198242 0.815927 0.199219 0.817232 0.200195 0.817232 0.202148 0.819843 0.204102 0.819843 0.205078 0.821149 0.208008 0.821149 0.208984 0.822454 0.211914 0.822454 0.212891 0.823760 0.214844 0.823760 0.215820 0.825065 0.217773 0.825065 0.218750 0.826371 0.222656 0.826371 0.223633 0.827676 0.228516 0.827676 0.229492 0.826371 0.231445 0.826371 0.232422 0.825065 0.232422 0.823760 0.237305 0.817232 0.237305 0.809399 0.238281 0.808094 0.238281 0.795039 0.236328 0.791123 0.232422 0.791123 0.231445 0.789817 0.230469 0.789817 0.228516 0.787206 0.227539 0.787206 0.222656 0.783290 0.220703 0.783290 0.219727 0.781984 0.215820 0.781984 0.214844 0.783290 0.209961 0.783290 0.208984 0.784595 0.204102 0.784595 0.202148 0.787206
0 0.201172 0.736292 0.201172 0.745431 0.202148 0.746736 0.202148 0.754569 0.203125 0.755875 0.203125 0.758486 0.204102 0.759791 0.206055 0.766319 0.211914 0.774151 0.212891 0.774151 0.213867 0.775457 0.222656 0.775457 0.223633 0.774151 0.227539 0.774151 0.228516 0.772846 0.232422 0.772846 0.233398 0.771540 0.235352 0.771540 0.243164 0.762402 0.243164 0.761097 0.245117 0.757180 0.245117 0.749347 0.244141 0.748042 0.242188 0.741514 0.235352 0.732376 0.235352 0.731070 0.232422 0.727154 0.211914 0.727154 0.210938 0.728460 0.208984 0.728460 0.208008 0.729765 0.203125 0.732376
0 0.287109 0.800261 0.280273 0.791123 0.277344 0.789817 0.276367 0.788512 0.274414 0.781984 0.273438 0.781984 0.272461 0.780679 0.267578 0.780679 0.266602 0.781984 0.257812 0.781984 0.256836 0.783290 0.251953 0.784595 0.244141 0.795039 0.244141 0.797650 0.243164 0.798956 0.243164 0.813316 0.244141 0.814621 0.244141 0.815927 0.247070 0.819843 0.247070 0.821149 0.248047 0.821149 0.250977 0.823760 0.254883 0.823760 0.255859 0.825065 0.258789 0.825065 0.259766 0.826371 0.262695 0.826371 0.263672 0.827676 0.268555 0.827676 0.269531 0.826371 0.273438 0.826371 0.277344 0.822454 0.278320 0.822454 0.281250 0.818538 0.281250 0.815927 0.284180 0.812010 0.284180 0.810705 0.287109 0.804178
0 0.326172 0.771540 0.324219 0.771540 0.323242 0.770235 0.321289 0.770235 0.319336 0.767624 0.317383 0.767624 0.316406 0.766319 0.313477 0.766319 0.310547 0.770235 0.309570 0.770235 0.307617 0.772846 0.306641 0.772846 0.305664 0.774151 0.300781 0.776762 0.298828 0.779373 0.296875 0.779373 0.293945 0.781984 0.291992 0.781984 0.291016 0.783290 0.291016 0.798956 0.290039 0.800261 0.291016 0.801567 0.291016 0.802872 0.293945 0.806789 0.294922 0.806789 0.299805 0.812010 0.300781 0.812010 0.301758 0.813316 0.303711 0.813316 0.306641 0.815927 0.311523 0.815927 0.312500 0.814621 0.313477 0.814621 0.314453 0.813316 0.314453 0.812010 0.316406 0.809399 0.317383 0.809399 0.320312 0.805483 0.321289 0.805483 0.324219 0.801567 0.325195 0.801567 0.325195 0.800261 0.327148 0.797650 0.327148 0.796345 0.328125 0.795039 0.328125 0.787206 0.329102 0.785901 0.328125 0.784595 0.328125 0.779373 0.327148 0.778068 0.327148 0.774151 0.326172 0.772846
0 0.252930 0.651436 0.248047 0.651436 0.247070 0.652742 0.243164 0.652742 0.242188 0.654047 0.238281 0.654047 0.237305 0.652742 0.235352 0.652742 0.231445 0.655352 0.229492 0.657963 0.228516 0.657963 0.221680 0.665796 0.221680 0.676240 0.222656 0.678851 0.225586 0.682768 0.225586 0.685379 0.228516 0.693211 0.228516 0.697128 0.230469 0.699739 0.232422 0.704961 0.235352 0.708877 0.237305 0.714099 0.243164 0.714099 0.248047 0.710183 0.250000 0.710183 0.255859 0.704961 0.257812 0.699739 0.259766 0.697128 0.260742 0.697128 0.261719 0.694517 0.261719 0.684073 0.258789 0.676240 0.258789 0.671018 0.257812 0.669713 0.258789 0.668407 0.258789 0.659269 0.255859 0.655352 0.255859 0.654047
0 0.196289 0.563969 0.194336 0.566580 0.194336 0.569191 0.193359 0.570496 0.192383 0.587467 0.193359 0.588773 0.193359 0.593995 0.194336 0.595300 0.194336 0.597911 0.200195 0.607050 0.202148 0.608355 0.226562 0.608355 0.228516 0.607050 0.234375 0.599217 0.234375 0.597911 0.236328 0.595300 0.237305 0.592689 0.237305 0.588773 0.238281 0.587467 0.238281 0.577023 0.237305 0.575718 0.237305 0.573107 0.236328 0.571802 0.236328 0.569191 0.235352 0.566580 0.233398 0.563969 0.231445 0.558747 0.228516 0.554830 0.228516 0.553525 0.210938 0.553525 0.207031 0.556136 0.205078 0.558747 0.204102 0.558747 0.201172 0.562663 0.198242 0.562663
0 0.244141 0.591384 0.237305 0.600522 0.236328 0.600522 0.234375 0.603133 0.233398 0.603133 0.227539 0.610966 0.227539 0.613577 0.226562 0.614883 0.226562 0.621410 0.227539 0.622715 0.227539 0.625326 0.228516 0.626632 0.228516 0.627937 0.229492 0.627937 0.234375 0.634465 0.237305 0.635770 0.240234 0.639687 0.245117 0.642298 0.249023 0.646214 0.250977 0.646214 0.251953 0.647520 0.257812 0.647520 0.259766 0.644909 0.260742 0.644909 0.260742 0.643603 0.265625 0.637076 0.265625 0.635770 0.269531 0.629243 0.269531 0.627937 0.271484 0.624021 0.271484 0.621410 0.272461 0.620104 0.272461 0.617493 0.271484 0.616188 0.271484 0.612272 0.268555 0.607050 0.268555 0.605744 0.263672 0.599217 0.262695 0.599217 0.255859 0.593995 0.252930 0.593995 0.251953 0.592689 0.249023 0.592689 0.248047 0.591384
0 0.253906 0.533943 0.250977 0.536554 0.250977 0.539164 0.246094 0.545692 0.245117 0.548303 0.245117 0.587467 0.247070 0.590078 0.249023 0.590078 0.251953 0.592689 0.255859 0.592689 0.256836 0.593995 0.258789 0.593995 0.262695 0.596606 0.267578 0.596606 0.269531 0.591384 0.273438 0.586162 0.277344 0.583551 0.282227 0.577023 0.283203 0.573107 0.286133 0.570496 0.286133 0.565274 0.284180 0.563969 0.284180 0.560052 0.283203 0.558747 0.283203 0.554830 0.281250 0.550914 0.281250 0.544386 0.280273 0.543081 0.274414 0.543081 0.273438 0.541775 0.268555 0.540470 0.266602 0.537859 0.260742 0.537859 0.258789 0.539164 0.256836 0.537859 0.254883 0.533943
0 0.231445 0.466057 0.230469 0.467363 0.228516 0.467363 0.226562 0.468668 0.224609 0.471279 0.222656 0.476501 0.216797 0.484334 0.215820 0.486945 0.215820 0.492167 0.213867 0.496084 0.213867 0.498695 0.210938 0.502611 0.210938 0.509138 0.212891 0.510444 0.217773 0.516971 0.218750 0.516971 0.220703 0.519582 0.224609 0.522193 0.226562 0.522193 0.230469 0.524804 0.241211 0.524804 0.242188 0.526110 0.244141 0.526110 0.246094 0.524804 0.249023 0.520888 0.249023 0.519582 0.253906 0.513055 0.253906 0.511749 0.255859 0.509138 0.258789 0.501305 0.258789 0.498695 0.259766 0.497389 0.259766 0.492167 0.257812 0.489556 0.254883 0.480418 0.252930 0.479112 0.250000 0.475196 0.248047 0.473890 0.246094 0.473890 0.236328 0.467363
0 0.280273 0.429504 0.275391 0.429504 0.274414 0.430809 0.264648 0.430809 0.263672 0.432115 0.260742 0.432115 0.257812 0.434726 0.255859 0.434726 0.250977 0.441253 0.250977 0.454308 0.250000 0.455614 0.250977 0.456919 0.250977 0.460836 0.251953 0.462141 0.251953 0.464752 0.254883 0.472585 0.256836 0.475196 0.256836 0.476501 0.259766 0.480418 0.259766 0.481723 0.260742 0.481723 0.262695 0.484334 0.262695 0.485640 0.264648 0.488251 0.271484 0.488251 0.274414 0.484334 0.276367 0.483029 0.279297 0.483029 0.285156 0.479112 0.287109 0.479112 0.290039 0.476501 0.291992 0.476501 0.294922 0.471279 0.294922 0.468668 0.295898 0.467363 0.295898 0.454308 0.292969 0.449086 0.290039 0.441253 0.282227 0.430809
0 0.297852 0.485640 0.295898 0.484334 0.291016 0.484334 0.290039 0.483029 0.284180 0.483029 0.283203 0.484334 0.280273 0.484334 0.272461 0.490862 0.271484 0.493473 0.271484 0.497389 0.267578 0.507833 0.267578 0.514360 0.266602 0.515666 0.266602 0.530026 0.267578 0.531332 0.267578 0.533943 0.268555 0.536554 0.270508 0.539164 0.272461 0.540470 0.282227 0.540470 0.283203 0.539164 0.287109 0.539164 0.288086 0.537859 0.294922 0.537859 0.295898 0.536554 0.300781 0.536554 0.301758 0.535248 0.303711 0.535248 0.305664 0.533943 0.306641 0.531332 0.306641 0.528721 0.310547 0.518277 0.310547 0.513055 0.303711 0.494778
0 0.247070 0.289817 0.245117 0.292428 0.244141 0.292428 0.241211 0.295039 0.239258 0.295039 0.238281 0.296345 0.235352 0.296345 0.229492 0.302872 0.228516 0.302872 0.227539 0.304178 0.227539 0.308094 0.228516 0.309399 0.228516 0.314621 0.229492 0.315927 0.229492 0.318538 0.232422 0.322454 0.232422 0.323760 0.233398 0.325065 0.233398 0.328982 0.234375 0.330287 0.235352 0.336815 0.236328 0.338120 0.236328 0.339426 0.239258 0.343342 0.246094 0.343342 0.247070 0.344648 0.253906 0.344648 0.254883 0.345953 0.255859 0.345953 0.256836 0.344648 0.258789 0.344648 0.259766 0.343342 0.259766 0.342037 0.260742 0.340731 0.260742 0.338120 0.261719 0.336815 0.261719 0.331593 0.262695 0.330287 0.262695 0.317232 0.263672 0.315927 0.263672 0.310705 0.262695 0.309399 0.262695 0.306789 0.259766 0.302872 0.257812 0.296345 0.250977 0.292428 0.249023 0.289817
0 0.277344 0.248042 0.276367 0.249347 0.274414 0.249347 0.272461 0.250653 0.267578 0.255875 0.262695 0.258486 0.258789 0.263708 0.256836 0.268930 0.256836 0.272846 0.255859 0.274151 0.255859 0.281984 0.257812 0.287206 0.257812 0.291123 0.258789 0.292428 0.258789 0.296345 0.259766 0.297650 0.259766 0.300261 0.261719 0.301567 0.262695 0.304178 0.266602 0.309399 0.270508 0.309399 0.271484 0.310705 0.275391 0.310705 0.276367 0.312010 0.289062 0.312010 0.293945 0.306789 0.294922 0.306789 0.298828 0.300261 0.298828 0.297650 0.299805 0.296345 0.299805 0.278068 0.298828 0.276762 0.298828 0.272846 0.297852 0.271540 0.297852 0.268930 0.295898 0.263708 0.293945 0.262402 0.290039 0.257180 0.282227 0.251958 0.279297 0.248042
0 0.266602 0.315927 0.263672 0.319843 0.263672 0.330287 0.262695 0.331593 0.262695 0.336815 0.261719 0.338120 0.261719 0.340731 0.259766 0.345953 0.260742 0.352480 0.268555 0.362924 0.274414 0.366841 0.291016 0.366841 0.291992 0.365535 0.295898 0.365535 0.297852 0.362924 0.298828 0.360313 0.298828 0.357702 0.300781 0.355091 0.303711 0.347258 0.303711 0.342037 0.304688 0.340731 0.304688 0.332898 0.303711 0.331593 0.303711 0.327676 0.300781 0.319843 0.297852 0.315927 0.295898 0.314621 0.271484 0.314621 0.270508 0.315927
0 0.302734 0.362924 0.298828 0.366841 0.297852 0.366841 0.294922 0.370757 0.292969 0.372063 0.291016 0.372063 0.289062 0.374674 0.288086 0.374674 0.287109 0.377285 0.287109 0.381201 0.288086 0.382507 0.288086 0.387728 0.286133 0.392950 0.286133 0.407311 0.287109 0.409922 0.294922 0.420366 0.295898 0.420366 0.297852 0.422977 0.301758 0.425587 0.304688 0.425587 0.305664 0.426893 0.310547 0.426893 0.311523 0.425587 0.314453 0.425587 0.316406 0.422977 0.325195 0.417755 0.328125 0.413838 0.328125 0.411227 0.329102 0.409922 0.329102 0.392950 0.326172 0.389034 0.325195 0.385117 0.322266 0.381201 0.322266 0.379896 0.317383 0.373368 0.316406 0.373368 0.315430 0.370757 0.311523 0.365535 0.307617 0.362924
0 0.348633 0.413838 0.342773 0.413838 0.335938 0.419060 0.333008 0.419060 0.332031 0.420366 0.329102 0.420366 0.326172 0.422977 0.324219 0.422977 0.320312 0.426893 0.320312 0.429504 0.317383 0.436031 0.317383 0.438642 0.316406 0.439948 0.316406 0.443864 0.315430 0.445170 0.315430 0.446475 0.316406 0.447781 0.316406 0.449086 0.319336 0.453003 0.321289 0.459530 0.327148 0.467363 0.328125 0.467363 0.329102 0.468668 0.331055 0.468668 0.332031 0.469974 0.334961 0.469974 0.335938 0.468668 0.343750 0.468668 0.344727 0.467363 0.350586 0.467363 0.352539 0.464752 0.353516 0.460836 0.357422 0.454308 0.357422 0.453003 0.359375 0.449086 0.359375 0.436031 0.356445 0.429504 0.356445 0.424282 0.355469 0.422977 0.355469 0.421671
0 0.333008 0.472585 0.330078 0.476501 0.329102 0.479112 0.329102 0.481723 0.328125 0.483029 0.328125 0.485640 0.327148 0.486945 0.327148 0.489556 0.326172 0.490862 0.326172 0.507833 0.328125 0.513055 0.331055 0.516971 0.331055 0.518277 0.337891 0.527415 0.341797 0.530026 0.346680 0.531332 0.347656 0.532637 0.354492 0.531332 0.355469 0.530026 0.357422 0.530026 0.359375 0.527415 0.361328 0.527415 0.363281 0.526110 0.372070 0.515666 0.373047 0.513055 0.372070 0.511749 0.372070 0.509138 0.371094 0.506527 0.361328 0.492167 0.361328 0.490862 0.354492 0.481723 0.354492 0.480418 0.349609 0.472585 0.347656 0.471279 0.334961 0.471279
0 0.346680 0.536554 0.346680 0.537859 0.345703 0.539164 0.345703 0.541775 0.344727 0.543081 0.344727 0.552219 0.345703 0.553525 0.345703 0.557441 0.346680 0.558747 0.346680 0.565274 0.347656 0.566580 0.347656 0.573107 0.348633 0.574413 0.348633 0.577023 0.349609 0.578329 0.350586 0.578329 0.351562 0.579634 0.354492 0.579634 0.355469 0.580940 0.357422 0.580940 0.358398 0.582245 0.361328 0.582245 0.362305 0.583551 0.380859 0.583551 0.381836 0.582245 0.384766 0.582245 0.384766 0.580940 0.386719 0.577023 0.386719 0.573107 0.387695 0.571802 0.387695 0.569191 0.388672 0.567885 0.388672 0.562663 0.389648 0.561358 0.389648 0.560052 0.388672 0.558747 0.388672 0.556136 0.382812 0.548303 0.379883 0.546997 0.369141 0.532637 0.368164 0.532637 0.367188 0.531332 0.365234 0.531332 0.364258 0.530026 0.360352 0.530026 0.359375 0.531332 0.356445 0.531332 0.353516 0.533943 0.350586 0.533943 0.349609 0.535248 0.347656 0.535248
0 0.399414 0.565274 0.398438 0.566580 0.397461 0.566580 0.395508 0.569191 0.395508 0.570496 0.388672 0.579634 0.387695 0.579634 0.383789 0.586162 0.383789 0.599217 0.384766 0.600522 0.384766 0.603133 0.387695 0.607050 0.389648 0.613577 0.392578 0.618799 0.393555 0.618799 0.398438 0.622715 0.401367 0.622715 0.402344 0.624021 0.404297 0.624021 0.405273 0.622715 0.409180 0.622715 0.414062 0.618799 0.416016 0.618799 0.417969 0.616188 0.417969 0.613577 0.418945 0.612272 0.417969 0.610966 0.417969 0.583551 0.416992 0.582245 0.416992 0.578329 0.411133 0.570496 0.405273 0.570496 0.404297 0.569191 0.403320 0.569191 0.400391 0.565274
0 0.294922 0.577023 0.294922 0.582245 0.292969 0.586162 0.292969 0.601828 0.293945 0.603133 0.293945 0.613577 0.294922 0.614883 0.294922 0.616188 0.297852 0.620104 0.321289 0.620104 0.322266 0.618799 0.330078 0.618799 0.331055 0.617493 0.331055 0.616188 0.333008 0.613577 0.333008 0.610966 0.333984 0.609661 0.333984 0.607050 0.334961 0.605744 0.334961 0.596606 0.333984 0.595300 0.333984 0.592689 0.330078 0.583551 0.330078 0.580940 0.328125 0.577023 0.327148 0.577023 0.326172 0.575718 0.316406 0.575718 0.315430 0.574413 0.304688 0.574413 0.303711 0.575718 0.302734 0.575718 0.302734 0.577023 0.298828 0.583551 0.296875 0.583551 0.294922 0.580940
0 0.377930 0.617493 0.375977 0.614883 0.374023 0.614883 0.373047 0.613577 0.370117 0.612272 0.365234 0.605744 0.364258 0.605744 0.363281 0.604439 0.361328 0.604439 0.360352 0.605744 0.357422 0.605744 0.356445 0.607050 0.349609 0.607050 0.348633 0.608355 0.346680 0.608355 0.345703 0.609661 0.344727 0.609661 0.339844 0.616188 0.337891 0.616188 0.334961 0.620104 0.333984 0.620104 0.332031 0.622715 0.331055 0.629243 0.335938 0.637076 0.335938 0.638381 0.337891 0.642298 0.337891 0.644909 0.338867 0.646214 0.338867 0.647520 0.339844 0.648825 0.342773 0.650131 0.344727 0.652742 0.349609 0.652742 0.350586 0.651436 0.354492 0.651436 0.355469 0.650131 0.361328 0.650131 0.364258 0.646214 0.366211 0.646214 0.367188 0.644909 0.368164 0.644909 0.370117 0.642298 0.376953 0.638381 0.378906 0.635770 0.378906 0.634465 0.379883 0.633159 0.379883 0.624021 0.378906 0.622715 0.378906 0.620104 0.377930 0.618799
0 0.292969 0.630548 0.291016 0.630548 0.290039 0.629243 0.287109 0.629243 0.286133 0.627937 0.282227 0.627937 0.279297 0.630548 0.276367 0.630548 0.275391 0.629243 0.275391 0.633159 0.274414 0.634465 0.271484 0.634465 0.271484 0.635770 0.269531 0.638381 0.269531 0.640992 0.267578 0.644909 0.267578 0.647520 0.265625 0.652742 0.264648 0.664491 0.265625 0.665796 0.265625 0.671018 0.267578 0.676240 0.272461 0.682768 0.274414 0.684073 0.276367 0.682768 0.279297 0.682768 0.280273 0.681462 0.284180 0.681462 0.287109 0.678851 0.290039 0.678851 0.291016 0.677546 0.292969 0.677546 0.296875 0.674935 0.299805 0.674935 0.300781 0.673629 0.302734 0.673629 0.304688 0.672324 0.306641 0.669713 0.306641 0.667102 0.307617 0.665796 0.307617 0.660574 0.308594 0.659269 0.307617 0.657963 0.307617 0.648825 0.304688 0.643603 0.304688 0.642298 0.300781 0.637076 0.297852 0.635770
0 0.361328 0.650131 0.357422 0.651436 0.356445 0.652742 0.354492 0.652742 0.353516 0.654047 0.344727 0.654047 0.337891 0.648825 0.334961 0.648825 0.333984 0.650131 0.329102 0.650131 0.327148 0.644909 0.331055 0.639687 0.330078 0.638381 0.324219 0.638381 0.324219 0.646214 0.322266 0.647520 0.321289 0.655352 0.316406 0.668407 0.316406 0.674935 0.318359 0.676240 0.325195 0.685379 0.328125 0.693211 0.328125 0.697128 0.330078 0.699739 0.331055 0.698433 0.333008 0.698433 0.335938 0.694517 0.340820 0.691906 0.343750 0.687990 0.344727 0.687990 0.345703 0.685379 0.349609 0.680157 0.353516 0.668407 0.357422 0.663185 0.360352 0.655352 0.360352 0.651436
0 0.314453 0.704961 0.313477 0.704961 0.310547 0.702350 0.304688 0.702350 0.299805 0.706266 0.297852 0.706266 0.296875 0.707572 0.293945 0.708877 0.291016 0.712794 0.290039 0.712794 0.289062 0.714099 0.287109 0.714099 0.286133 0.715405 0.286133 0.716710 0.285156 0.718016 0.285156 0.728460 0.284180 0.729765 0.284180 0.740209 0.283203 0.741514 0.283203 0.749347 0.285156 0.753264 0.287109 0.753264 0.288086 0.754569 0.290039 0.754569 0.291016 0.755875 0.294922 0.755875 0.295898 0.757180 0.300781 0.757180 0.301758 0.755875 0.303711 0.755875 0.308594 0.751958 0.310547 0.751958 0.311523 0.750653 0.312500 0.750653 0.312500 0.749347 0.315430 0.745431 0.316406 0.741514 0.320312 0.736292 0.320312 0.720627 0.319336 0.719321 0.319336 0.716710 0.317383 0.712794 0.317383 0.710183
0 0.329102 0.719321 0.328125 0.720627 0.328125 0.721932 0.327148 0.723238 0.327148 0.724543 0.325195 0.728460 0.325195 0.732376 0.323242 0.734987 0.322266 0.734987 0.318359 0.740209 0.317383 0.740209 0.316406 0.744125 0.313477 0.748042 0.313477 0.750653 0.315430 0.753264 0.317383 0.753264 0.318359 0.754569 0.319336 0.754569 0.322266 0.757180 0.329102 0.757180 0.330078 0.758486 0.333984 0.758486 0.334961 0.757180 0.337891 0.757180 0.338867 0.755875 0.341797 0.754569 0.344727 0.750653 0.344727 0.749347 0.346680 0.745431 0.346680 0.738903 0.343750 0.738903 0.342773 0.737598 0.339844 0.737598 0.338867 0.736292 0.337891 0.736292 0.336914 0.734987 0.336914 0.733681 0.334961 0.731070 0.334961 0.729765 0.333984 0.728460 0.333984 0.727154 0.333008 0.725849 0.332031 0.721932 0.330078 0.719321
0 0.330078 0.704961 0.330078 0.710183 0.331055 0.711488 0.331055 0.716710 0.335938 0.728460 0.335938 0.731070 0.336914 0.732376 0.336914 0.733681 0.338867 0.736292 0.339844 0.736292 0.340820 0.737598 0.346680 0.737598 0.347656 0.738903 0.353516 0.738903 0.354492 0.737598 0.359375 0.737598 0.360352 0.736292 0.363281 0.734987 0.363281 0.733681 0.364258 0.732376 0.369141 0.729765 0.371094 0.727154 0.371094 0.721932 0.370117 0.720627 0.370117 0.716710 0.369141 0.715405 0.369141 0.711488 0.368164 0.710183 0.368164 0.706266 0.367188 0.704961 0.367188 0.703655 0.358398 0.691906 0.354492 0.691906 0.353516 0.690601 0.344727 0.690601 0.343750 0.691906 0.342773 0.691906 0.338867 0.697128 0.337891 0.697128 0.332031 0.704961
0 0.401367 0.736292 0.400391 0.736292 0.397461 0.733681 0.395508 0.733681 0.394531 0.732376 0.393555 0.732376 0.389648 0.727154 0.386719 0.727154 0.385742 0.725849 0.384766 0.725849 0.380859 0.720627 0.379883 0.720627 0.370117 0.732376 0.365234 0.734987 0.363281 0.737598 0.363281 0.738903 0.361328 0.742820 0.361328 0.757180 0.362305 0.758486 0.362305 0.761097 0.368164 0.775457 0.368164 0.778068 0.373047 0.778068 0.374023 0.776762 0.380859 0.776762 0.381836 0.775457 0.383789 0.775457 0.384766 0.774151 0.389648 0.774151 0.392578 0.771540 0.394531 0.771540 0.395508 0.770235 0.396484 0.770235 0.399414 0.766319 0.400391 0.766319 0.401367 0.762402 0.404297 0.758486 0.404297 0.757180 0.405273 0.755875 0.405273 0.748042 0.402344 0.742820
0 0.400391 0.768930 0.399414 0.770235 0.398438 0.770235 0.397461 0.771540 0.396484 0.771540 0.395508 0.772846 0.394531 0.772846 0.393555 0.774151 0.390625 0.775457 0.389648 0.776762 0.389648 0.778068 0.387695 0.780679 0.384766 0.780679 0.384766 0.792428 0.383789 0.793734 0.383789 0.797650 0.384766 0.798956 0.384766 0.801567 0.385742 0.802872 0.386719 0.802872 0.387695 0.804178 0.390625 0.805483 0.392578 0.808094 0.393555 0.808094 0.396484 0.810705 0.399414 0.810705 0.400391 0.812010 0.406250 0.812010 0.407227 0.810705 0.409180 0.810705 0.410156 0.809399 0.412109 0.809399 0.413086 0.808094 0.416016 0.806789 0.417969 0.804178 0.418945 0.804178 0.420898 0.801567 0.420898 0.800261 0.421875 0.798956 0.421875 0.792428 0.422852 0.791123 0.422852 0.789817 0.421875 0.788512 0.421875 0.785901 0.420898 0.784595 0.419922 0.784595 0.415039 0.778068 0.415039 0.776762 0.413086 0.772846 0.412109 0.772846 0.407227 0.768930
0 0.373047 0.815927 0.359375 0.815927 0.352539 0.825065 0.352539 0.826371 0.348633 0.832898 0.347656 0.831593 0.344727 0.831593 0.343750 0.832898 0.343750 0.835509 0.342773 0.836815 0.342773 0.852480 0.347656 0.859008 0.348633 0.859008 0.349609 0.860313 0.353516 0.860313 0.354492 0.859008 0.367188 0.859008 0.368164 0.857702 0.370117 0.857702 0.378906 0.844648 0.378906 0.843342 0.379883 0.842037 0.379883 0.838120 0.380859 0.836815 0.380859 0.831593 0.379883 0.830287 0.379883 0.826371 0.376953 0.822454 0.376953 0.821149
0 0.380859 0.848564 0.380859 0.860313 0.381836 0.861619 0.381836 0.864230 0.382812 0.865535 0.382812 0.869452 0.384766 0.873368 0.384766 0.875979 0.385742 0.877285 0.385742 0.878590 0.386719 0.878590 0.387695 0.879896 0.389648 0.879896 0.392578 0.883812 0.394531 0.883812 0.395508 0.885117 0.396484 0.883812 0.413086 0.883812 0.414062 0.882507 0.415039 0.882507 0.416016 0.881201 0.416992 0.877285 0.422852 0.869452 0.423828 0.869452 0.423828 0.866841 0.424805 0.865535 0.424805 0.859008 0.423828 0.857702 0.423828 0.856397 0.421875 0.853786 0.420898 0.853786 0.419922 0.852480 0.418945 0.852480 0.417969 0.853786 0.412109 0.853786 0.411133 0.852480 0.410156 0.852480 0.409180 0.851175 0.407227 0.851175 0.406250 0.849869 0.403320 0.849869 0.402344 0.848564 0.399414 0.848564 0.398438 0.847258 0.394531 0.847258 0.393555 0.845953 0.385742 0.845953 0.384766 0.844648 0.383789 0.844648
0 0.460938 0.847258 0.458984 0.844648 0.457031 0.844648 0.454102 0.840731 0.452148 0.840731 0.451172 0.842037 0.450195 0.840731 0.450195 0.839426 0.445312 0.834204 0.442383 0.834204 0.441406 0.835509 0.440430 0.835509 0.437500 0.838120 0.426758 0.838120 0.425781 0.839426 0.425781 0.855091 0.426758 0.856397 0.426758 0.861619 0.427734 0.862924 0.428711 0.866841 0.429688 0.866841 0.432617 0.869452 0.438477 0.869452 0.439453 0.868146 0.441406 0.868146 0.442383 0.866841 0.444336 0.866841 0.447266 0.864230 0.449219 0.864230 0.450195 0.862924 0.452148 0.862924 0.453125 0.861619 0.455078 0.861619 0.456055 0.860313 0.458984 0.859008 0.460938 0.856397
0 0.470703 0.796345 0.466797 0.796345 0.465820 0.795039 0.461914 0.795039 0.460938 0.796345 0.458984 0.796345 0.458008 0.797650 0.456055 0.797650 0.455078 0.798956 0.454102 0.798956 0.452148 0.801567 0.452148 0.802872 0.444336 0.812010 0.444336 0.827676 0.445312 0.828982 0.445312 0.830287 0.448242 0.834204 0.450195 0.834204 0.451172 0.835509 0.452148 0.835509 0.458008 0.843342 0.461914 0.843342 0.465820 0.838120 0.468750 0.838120 0.469727 0.836815 0.475586 0.836815 0.476562 0.835509 0.478516 0.835509 0.483398 0.828982 0.483398 0.827676 0.484375 0.826371 0.484375 0.821149 0.482422 0.817232 0.482422 0.814621 0.481445 0.813316 0.481445 0.812010 0.479492 0.809399 0.479492 0.808094 0.474609 0.801567 0.474609 0.800261 0.472656 0.797650 0.471680 0.797650
0 0.498047 0.840731 0.497070 0.840731 0.490234 0.835509 0.485352 0.835509 0.474609 0.843342 0.470703 0.843342 0.469727 0.842037 0.465820 0.842037 0.464844 0.843342 0.464844 0.849869 0.462891 0.852480 0.462891 0.853786 0.465820 0.860313 0.465820 0.866841 0.466797 0.868146 0.465820 0.869452 0.465820 0.878590 0.468750 0.882507 0.471680 0.882507 0.472656 0.883812 0.475586 0.883812 0.476562 0.885117 0.481445 0.885117 0.482422 0.883812 0.487305 0.882507 0.490234 0.879896 0.495117 0.878590 0.498047 0.874674 0.498047 0.869452 0.499023 0.868146 0.499023 0.865535 0.500000 0.864230 0.500000 0.849869 0.499023 0.848564 0.499023 0.844648 0.498047 0.843342
0 0.493164 0.792428 0.493164 0.793734 0.492188 0.795039 0.492188 0.796345 0.493164 0.797650 0.493164 0.808094 0.491211 0.810705 0.491211 0.817232 0.492188 0.818538 0.492188 0.823760 0.493164 0.825065 0.493164 0.828982 0.496094 0.832898 0.497070 0.832898 0.499023 0.835509 0.500000 0.835509 0.500977 0.836815 0.501953 0.835509 0.503906 0.835509 0.504883 0.834204 0.508789 0.834204 0.510742 0.831593 0.511719 0.831593 0.512695 0.830287 0.517578 0.830287 0.520508 0.827676 0.522461 0.827676 0.523438 0.826371 0.524414 0.826371 0.527344 0.822454 0.527344 0.818538 0.528320 0.817232 0.528320 0.814621 0.527344 0.813316 0.527344 0.809399 0.525391 0.806789 0.524414 0.806789 0.521484 0.804178 0.519531 0.804178 0.518555 0.802872 0.517578 0.802872 0.513672 0.797650 0.512695 0.797650 0.510742 0.795039 0.509766 0.795039 0.506836 0.792428 0.502930 0.792428 0.500000 0.789817 0.497070 0.789817 0.496094 0.791123 0.494141 0.791123
0 0.563477 0.805483 0.561523 0.802872 0.559570 0.802872 0.558594 0.801567 0.557617 0.801567 0.556641 0.800261 0.555664 0.800261 0.554688 0.798956 0.553711 0.798956 0.548828 0.795039 0.547852 0.795039 0.546875 0.796345 0.544922 0.796345 0.542969 0.798956 0.541992 0.798956 0.536133 0.808094 0.533203 0.808094 0.530273 0.810705 0.530273 0.813316 0.529297 0.814621 0.529297 0.819843 0.528320 0.821149 0.528320 0.830287 0.529297 0.831593 0.529297 0.835509 0.532227 0.839426 0.535156 0.839426 0.536133 0.840731 0.543945 0.840731 0.546875 0.838120 0.549805 0.838120 0.552734 0.835509 0.555664 0.835509 0.556641 0.834204 0.559570 0.832898 0.560547 0.831593 0.560547 0.830287 0.562500 0.827676 0.562500 0.825065 0.563477 0.823760 0.563477 0.819843 0.564453 0.818538 0.564453 0.810705 0.563477 0.809399
0 0.508789 0.751958 0.506836 0.754569 0.506836 0.755875 0.504883 0.759791 0.504883 0.763708 0.505859 0.765013 0.505859 0.767624 0.506836 0.768930 0.506836 0.776762 0.507812 0.778068 0.507812 0.783290 0.508789 0.784595 0.508789 0.787206 0.509766 0.788512 0.510742 0.792428 0.511719 0.793734 0.512695 0.793734 0.519531 0.802872 0.521484 0.802872 0.524414 0.805483 0.534180 0.805483 0.545898 0.792428 0.545898 0.785901 0.544922 0.784595 0.544922 0.781984 0.543945 0.780679 0.539062 0.766319 0.537109 0.763708 0.537109 0.762402 0.535156 0.759791 0.535156 0.758486 0.530273 0.751958 0.530273 0.750653 0.528320 0.746736 0.523438 0.746736 0.522461 0.748042 0.520508 0.748042 0.514648 0.753264 0.511719 0.753264 0.510742 0.751958
0 0.464844 0.731070 0.459961 0.737598 0.458984 0.737598 0.458984 0.738903 0.458008 0.740209 0.458008 0.744125 0.457031 0.745431 0.457031 0.750653 0.456055 0.751958 0.456055 0.761097 0.457031 0.762402 0.457031 0.770235 0.458008 0.771540 0.458008 0.774151 0.458984 0.775457 0.459961 0.779373 0.461914 0.781984 0.462891 0.781984 0.467773 0.785901 0.471680 0.785901 0.472656 0.787206 0.482422 0.787206 0.483398 0.785901 0.483398 0.784595 0.489258 0.776762 0.490234 0.776762 0.490234 0.775457 0.492188 0.771540 0.492188 0.768930 0.495117 0.765013 0.495117 0.763708 0.496094 0.762402 0.496094 0.753264 0.493164 0.748042 0.493164 0.745431 0.492188 0.744125 0.491211 0.744125 0.488281 0.740209 0.487305 0.740209 0.486328 0.738903 0.482422 0.738903 0.481445 0.737598 0.477539 0.737598 0.473633 0.732376 0.472656 0.732376 0.471680 0.731070
0 0.420898 0.736292 0.416016 0.741514 0.416016 0.744125 0.414062 0.748042 0.414062 0.751958 0.413086 0.753264 0.413086 0.758486 0.414062 0.759791 0.414062 0.768930 0.415039 0.770235 0.415039 0.772846 0.416016 0.774151 0.416992 0.778068 0.419922 0.781984 0.420898 0.781984 0.422852 0.784595 0.423828 0.784595 0.424805 0.785901 0.435547 0.785901 0.437500 0.783290 0.439453 0.783290 0.442383 0.779373 0.444336 0.771540 0.445312 0.770235 0.446289 0.770235 0.448242 0.767624 0.448242 0.766319 0.449219 0.765013 0.450195 0.765013 0.450195 0.761097 0.449219 0.759791 0.449219 0.758486 0.450195 0.757180 0.450195 0.749347 0.449219 0.748042 0.447266 0.748042 0.444336 0.745431 0.442383 0.745431 0.441406 0.744125 0.439453 0.744125 0.436523 0.741514 0.434570 0.741514 0.433594 0.740209 0.431641 0.740209 0.426758 0.736292
0 0.415039 0.681462 0.413086 0.681462 0.412109 0.680157 0.406250 0.680157 0.405273 0.678851 0.403320 0.678851 0.400391 0.681462 0.400391 0.684073 0.398438 0.686684 0.393555 0.686684 0.392578 0.685379 0.391602 0.686684 0.390625 0.686684 0.387695 0.690601 0.386719 0.689295 0.384766 0.689295 0.383789 0.687990 0.381836 0.687990 0.380859 0.686684 0.379883 0.686684 0.379883 0.687990 0.378906 0.689295 0.378906 0.693211 0.379883 0.694517 0.379883 0.699739 0.380859 0.701044 0.380859 0.706266 0.381836 0.707572 0.381836 0.718016 0.382812 0.719321 0.382812 0.720627 0.384766 0.723238 0.385742 0.723238 0.386719 0.724543 0.388672 0.724543 0.389648 0.725849 0.391602 0.725849 0.395508 0.729765 0.403320 0.729765 0.406250 0.727154 0.411133 0.725849 0.413086 0.723238 0.414062 0.723238 0.416992 0.718016 0.416992 0.711488 0.416016 0.710183 0.416016 0.704961 0.416992 0.703655 0.416992 0.685379
0 0.434570 0.697128 0.433594 0.698433 0.432617 0.698433 0.428711 0.703655 0.428711 0.704961 0.420898 0.715405 0.420898 0.719321 0.421875 0.720627 0.421875 0.721932 0.424805 0.725849 0.424805 0.728460 0.425781 0.729765 0.426758 0.733681 0.427734 0.734987 0.428711 0.734987 0.430664 0.737598 0.431641 0.737598 0.432617 0.738903 0.434570 0.738903 0.435547 0.740209 0.436523 0.740209 0.439453 0.742820 0.441406 0.742820 0.442383 0.744125 0.449219 0.744125 0.450195 0.742820 0.451172 0.742820 0.452148 0.741514 0.457031 0.738903 0.460938 0.733681 0.460938 0.732376 0.462891 0.728460 0.462891 0.725849 0.463867 0.724543 0.463867 0.723238 0.457031 0.712794 0.457031 0.711488 0.455078 0.708877 0.455078 0.707572 0.454102 0.706266 0.453125 0.706266 0.448242 0.699739 0.447266 0.699739 0.442383 0.695822 0.437500 0.695822 0.436523 0.697128
0 0.427734 0.664491 0.427734 0.680157 0.429688 0.682768 0.430664 0.686684 0.435547 0.690601 0.437500 0.690601 0.438477 0.691906 0.441406 0.691906 0.442383 0.693211 0.444336 0.693211 0.445312 0.694517 0.454102 0.694517 0.455078 0.693211 0.457031 0.693211 0.458008 0.691906 0.459961 0.691906 0.468750 0.678851 0.468750 0.663185 0.467773 0.661880 0.467773 0.660574 0.465820 0.657963 0.458984 0.657963 0.458008 0.656658 0.455078 0.656658 0.454102 0.655352 0.451172 0.655352 0.450195 0.654047 0.445312 0.654047 0.444336 0.652742 0.438477 0.652742 0.437500 0.654047 0.436523 0.654047 0.436523 0.655352 0.434570 0.657963 0.433594 0.657963 0.430664 0.661880 0.429688 0.661880
0 0.487305 0.674935 0.485352 0.674935 0.481445 0.678851 0.477539 0.678851 0.476562 0.677546 0.473633 0.677546 0.471680 0.680157 0.470703 0.680157 0.467773 0.685379 0.466797 0.685379 0.465820 0.686684 0.465820 0.687990 0.462891 0.693211 0.462891 0.699739 0.461914 0.701044 0.461914 0.702350 0.462891 0.703655 0.462891 0.707572 0.466797 0.716710 0.466797 0.721932 0.477539 0.733681 0.487305 0.733681 0.488281 0.732376 0.489258 0.732376 0.495117 0.721932 0.496094 0.718016 0.499023 0.714099 0.500977 0.707572 0.503906 0.702350 0.503906 0.699739 0.500000 0.693211 0.500000 0.691906 0.499023 0.690601 0.499023 0.686684 0.496094 0.682768 0.496094 0.681462 0.495117 0.680157 0.492188 0.678851 0.490234 0.676240 0.488281 0.676240
0 0.540039 0.706266 0.539062 0.704961 0.539062 0.702350 0.538086 0.701044 0.538086 0.699739 0.537109 0.698433 0.535156 0.698433 0.534180 0.697128 0.533203 0.697128 0.532227 0.698433 0.531250 0.698433 0.529297 0.701044 0.528320 0.701044 0.522461 0.708877 0.521484 0.708877 0.520508 0.710183 0.519531 0.708877 0.515625 0.708877 0.514648 0.707572 0.512695 0.707572 0.508789 0.702350 0.506836 0.702350 0.505859 0.701044 0.501953 0.710183 0.501953 0.712794 0.500977 0.714099 0.500977 0.718016 0.504883 0.723238 0.505859 0.723238 0.508789 0.727154 0.508789 0.728460 0.513672 0.734987 0.516602 0.734987 0.517578 0.736292 0.530273 0.736292 0.533203 0.732376 0.533203 0.731070 0.534180 0.729765 0.534180 0.727154 0.535156 0.725849 0.535156 0.723238 0.536133 0.721932 0.536133 0.719321 0.539062 0.712794 0.539062 0.708877 0.540039 0.707572
0 0.505859 0.656658 0.503906 0.659269 0.502930 0.659269 0.499023 0.665796 0.499023 0.674935 0.501953 0.681462 0.501953 0.689295 0.500977 0.690601 0.501953 0.691906 0.501953 0.694517 0.512695 0.707572 0.516602 0.707572 0.517578 0.708877 0.521484 0.708877 0.529297 0.698433 0.532227 0.697128 0.539062 0.689295 0.539062 0.687990 0.540039 0.686684 0.540039 0.684073 0.541016 0.682768 0.541016 0.680157 0.542969 0.676240 0.542969 0.671018 0.541992 0.669713 0.537109 0.667102 0.535156 0.664491 0.534180 0.664491 0.525391 0.657963 0.523438 0.657963 0.522461 0.656658 0.517578 0.656658 0.514648 0.654047 0.512695 0.654047 0.510742 0.656658
0 0.550781 0.715405 0.549805 0.716710 0.544922 0.719321 0.542969 0.721932 0.541016 0.721932 0.540039 0.723238 0.541016 0.724543 0.543945 0.724543 0.545898 0.727154 0.543945 0.729765 0.541016 0.729765 0.539062 0.732376 0.540039 0.733681 0.540039 0.738903 0.541016 0.740209 0.544922 0.751958 0.546875 0.754569 0.546875 0.755875 0.550781 0.761097 0.550781 0.762402 0.552734 0.765013 0.552734 0.767624 0.553711 0.767624 0.554688 0.768930 0.557617 0.768930 0.558594 0.767624 0.560547 0.767624 0.561523 0.766319 0.566406 0.765013 0.567383 0.763708 0.568359 0.763708 0.571289 0.759791 0.571289 0.758486 0.573242 0.755875 0.575195 0.749347 0.578125 0.744125 0.578125 0.738903 0.577148 0.737598 0.577148 0.734987 0.576172 0.733681 0.576172 0.732376 0.572266 0.727154 0.572266 0.725849 0.570312 0.721932 0.569336 0.721932 0.568359 0.720627 0.563477 0.720627 0.558594 0.716710 0.554688 0.716710 0.553711 0.715405
0 0.580078 0.745431 0.579102 0.745431 0.577148 0.748042 0.577148 0.749347 0.574219 0.753264 0.574219 0.754569 0.572266 0.757180 0.571289 0.761097 0.569336 0.763708 0.568359 0.763708 0.565430 0.766319 0.563477 0.766319 0.562500 0.767624 0.561523 0.767624 0.560547 0.768930 0.557617 0.770235 0.555664 0.772846 0.555664 0.775457 0.559570 0.780679 0.559570 0.781984 0.563477 0.787206 0.564453 0.787206 0.567383 0.789817 0.568359 0.789817 0.569336 0.788512 0.577148 0.788512 0.578125 0.787206 0.580078 0.787206 0.583008 0.783290 0.584961 0.783290 0.588867 0.778068 0.588867 0.776762 0.589844 0.775457 0.589844 0.770235 0.588867 0.768930 0.587891 0.765013 0.585938 0.762402 0.585938 0.759791 0.584961 0.758486 0.584961 0.754569 0.581055 0.749347
0 0.579102 0.689295 0.575195 0.694517 0.575195 0.698433 0.574219 0.699739 0.574219 0.707572 0.575195 0.708877 0.575195 0.711488 0.576172 0.712794 0.576172 0.715405 0.577148 0.716710 0.577148 0.718016 0.578125 0.719321 0.578125 0.720627 0.579102 0.721932 0.580078 0.725849 0.583008 0.729765 0.584961 0.729765 0.585938 0.728460 0.589844 0.728460 0.590820 0.727154 0.598633 0.727154 0.599609 0.725849 0.600586 0.725849 0.603516 0.721932 0.603516 0.719321 0.604492 0.718016 0.604492 0.712794 0.606445 0.708877 0.606445 0.706266 0.603516 0.703655 0.601562 0.703655 0.600586 0.702350 0.598633 0.702350 0.597656 0.701044 0.595703 0.701044 0.594727 0.699739 0.592773 0.699739 0.591797 0.698433 0.589844 0.698433 0.588867 0.697128 0.587891 0.697128 0.585938 0.694517 0.584961 0.694517 0.582031 0.690601
0 0.569336 0.655352 0.568359 0.655352 0.567383 0.654047 0.561523 0.654047 0.560547 0.655352 0.557617 0.656658 0.552734 0.663185 0.549805 0.664491 0.546875 0.668407 0.546875 0.669713 0.545898 0.671018 0.545898 0.674935 0.542969 0.680157 0.542969 0.682768 0.541992 0.684073 0.541992 0.686684 0.541016 0.687990 0.541016 0.691906 0.541992 0.693211 0.541992 0.695822 0.542969 0.697128 0.542969 0.701044 0.543945 0.702350 0.543945 0.706266 0.545898 0.708877 0.547852 0.708877 0.548828 0.710183 0.552734 0.710183 0.553711 0.711488 0.556641 0.711488 0.557617 0.710183 0.559570 0.710183 0.560547 0.708877 0.562500 0.708877 0.563477 0.707572 0.568359 0.706266 0.572266 0.702350 0.572266 0.699739 0.573242 0.698433 0.573242 0.694517 0.577148 0.686684 0.577148 0.669713 0.576172 0.668407 0.576172 0.665796 0.574219 0.663185 0.573242 0.659269
0 0.552734 0.603133 0.548828 0.603133 0.547852 0.604439 0.542969 0.607050 0.537109 0.616188 0.537109 0.626632 0.536133 0.627937 0.537109 0.629243 0.537109 0.635770 0.535156 0.639687 0.536133 0.640992 0.536133 0.650131 0.537109 0.651436 0.537109 0.655352 0.538086 0.656658 0.538086 0.659269 0.539062 0.660574 0.539062 0.661880 0.542969 0.665796 0.545898 0.665796 0.546875 0.664491 0.549805 0.663185 0.555664 0.656658 0.556641 0.656658 0.559570 0.652742 0.564453 0.650131 0.564453 0.647520 0.565430 0.646214 0.565430 0.643603 0.566406 0.642298 0.566406 0.637076 0.567383 0.635770 0.567383 0.622715 0.566406 0.621410 0.564453 0.614883 0.556641 0.605744 0.555664 0.605744
0 0.469727 0.612272 0.468750 0.613577 0.467773 0.620104 0.468750 0.621410 0.468750 0.624021 0.469727 0.625326 0.470703 0.631854 0.471680 0.633159 0.474609 0.642298 0.480469 0.652742 0.480469 0.654047 0.482422 0.657963 0.482422 0.660574 0.486328 0.665796 0.486328 0.667102 0.487305 0.668407 0.493164 0.668407 0.494141 0.667102 0.495117 0.667102 0.502930 0.655352 0.503906 0.651436 0.507812 0.644909 0.507812 0.642298 0.508789 0.640992 0.508789 0.635770 0.507812 0.634465 0.507812 0.630548 0.506836 0.629243 0.506836 0.626632 0.505859 0.625326 0.505859 0.621410 0.504883 0.620104 0.504883 0.618799 0.502930 0.616188 0.502930 0.614883 0.498047 0.609661 0.490234 0.609661 0.489258 0.610966 0.487305 0.610966 0.486328 0.612272 0.484375 0.612272 0.483398 0.613577 0.481445 0.613577 0.480469 0.614883 0.477539 0.614883 0.475586 0.612272
0 0.438477 0.588773 0.437500 0.590078 0.434570 0.591384 0.432617 0.593995 0.431641 0.593995 0.426758 0.601828 0.423828 0.600522 0.423828 0.603133 0.421875 0.607050 0.421875 0.614883 0.424805 0.618799 0.425781 0.622715 0.429688 0.627937 0.434570 0.630548 0.437500 0.634465 0.438477 0.634465 0.441406 0.638381 0.442383 0.638381 0.443359 0.639687 0.448242 0.639687 0.450195 0.637076 0.451172 0.637076 0.451172 0.635770 0.453125 0.633159 0.453125 0.631854 0.454102 0.630548 0.454102 0.629243 0.455078 0.627937 0.455078 0.626632 0.456055 0.625326 0.456055 0.624021 0.460938 0.612272 0.460938 0.609661 0.461914 0.608355 0.461914 0.607050 0.460938 0.605744 0.460938 0.601828 0.459961 0.600522 0.459961 0.597911 0.455078 0.591384 0.455078 0.590078 0.454102 0.588773
0 0.495117 0.561358 0.494141 0.561358 0.493164 0.560052 0.490234 0.560052 0.489258 0.558747 0.487305 0.558747 0.486328 0.557441 0.483398 0.557441 0.482422 0.556136 0.477539 0.556136 0.473633 0.561358 0.470703 0.561358 0.467773 0.565274 0.467773 0.571802 0.466797 0.573107 0.461914 0.573107 0.460938 0.574413 0.460938 0.577023 0.459961 0.578329 0.459961 0.586162 0.460938 0.587467 0.460938 0.590078 0.461914 0.591384 0.461914 0.601828 0.462891 0.603133 0.463867 0.607050 0.465820 0.609661 0.467773 0.609661 0.468750 0.610966 0.472656 0.610966 0.473633 0.609661 0.477539 0.609661 0.478516 0.610966 0.485352 0.610966 0.486328 0.609661 0.489258 0.608355 0.493164 0.603133 0.493164 0.601828 0.497070 0.596606 0.498047 0.592689 0.501953 0.586162 0.501953 0.578329 0.500977 0.577023 0.500977 0.571802 0.499023 0.569191 0.498047 0.565274
0 0.422852 0.524804 0.422852 0.545692 0.423828 0.546997 0.423828 0.549608 0.425781 0.552219 0.425781 0.553525 0.430664 0.560052 0.430664 0.561358 0.431641 0.562663 0.439453 0.562663 0.440430 0.563969 0.441406 0.563969 0.442383 0.565274 0.444336 0.565274 0.445312 0.566580 0.454102 0.566580 0.456055 0.563969 0.457031 0.563969 0.458984 0.561358 0.459961 0.561358 0.464844 0.554830 0.464844 0.553525 0.467773 0.546997 0.467773 0.537859 0.465820 0.535248 0.465820 0.533943 0.459961 0.526110 0.453125 0.526110 0.450195 0.523499 0.449219 0.524804 0.437500 0.524804 0.436523 0.526110 0.429688 0.526110 0.428711 0.524804 0.428711 0.522193 0.429688 0.520888 0.429688 0.519582 0.428711 0.518277 0.427734 0.518277
0 0.461914 0.506527 0.461914 0.514360 0.465820 0.524804 0.465820 0.527415 0.466797 0.530026 0.468750 0.532637 0.473633 0.545692 0.480469 0.553525 0.482422 0.553525 0.483398 0.554830 0.487305 0.554830 0.488281 0.556136 0.491211 0.556136 0.492188 0.554830 0.494141 0.554830 0.495117 0.553525 0.500000 0.552219 0.501953 0.550914 0.506836 0.544386 0.506836 0.543081 0.509766 0.539164 0.510742 0.536554 0.510742 0.533943 0.508789 0.528721 0.498047 0.513055 0.498047 0.511749 0.491211 0.502611 0.491211 0.501305 0.488281 0.498695 0.486328 0.498695 0.482422 0.496084 0.478516 0.496084 0.472656 0.500000 0.470703 0.500000 0.467773 0.502611 0.465820 0.502611
0 0.422852 0.471279 0.419922 0.471279 0.417969 0.473890 0.412109 0.473890 0.411133 0.475196 0.410156 0.475196 0.405273 0.479112 0.403320 0.479112 0.400391 0.481723 0.398438 0.481723 0.397461 0.480418 0.396484 0.480418 0.388672 0.488251 0.388672 0.489556 0.389648 0.490862 0.389648 0.494778 0.390625 0.496084 0.390625 0.497389 0.391602 0.498695 0.391602 0.501305 0.393555 0.505222 0.393555 0.507833 0.394531 0.509138 0.395508 0.515666 0.397461 0.519582 0.397461 0.522193 0.399414 0.524804 0.413086 0.524804 0.414062 0.523499 0.416016 0.523499 0.416992 0.522193 0.419922 0.520888 0.425781 0.513055 0.425781 0.511749 0.428711 0.507833 0.428711 0.506527 0.429688 0.505222 0.429688 0.501305 0.430664 0.500000 0.430664 0.493473 0.429688 0.492167 0.429688 0.489556 0.425781 0.483029 0.425781 0.480418 0.423828 0.477807 0.423828 0.472585
0 0.375977 0.428198 0.375000 0.429504 0.372070 0.429504 0.371094 0.430809 0.372070 0.432115 0.375000 0.432115 0.376953 0.434726 0.376953 0.436031 0.375977 0.437337 0.371094 0.437337 0.369141 0.434726 0.366211 0.442559 0.364258 0.445170 0.361328 0.453003 0.361328 0.455614 0.360352 0.456919 0.360352 0.464752 0.361328 0.466057 0.362305 0.471279 0.364258 0.473890 0.367188 0.481723 0.372070 0.486945 0.380859 0.492167 0.390625 0.481723 0.391602 0.481723 0.403320 0.467363 0.404297 0.467363 0.405273 0.464752 0.405273 0.455614 0.396484 0.438642 0.394531 0.437337 0.391602 0.437337 0.390625 0.436031 0.387695 0.436031 0.383789 0.433420 0.381836 0.433420 0.376953 0.428198
0 0.388672 0.368146 0.382812 0.372063 0.380859 0.374674 0.378906 0.375979 0.375977 0.375979 0.373047 0.378590 0.373047 0.387728 0.372070 0.389034 0.372070 0.406005 0.373047 0.407311 0.373047 0.412533 0.375977 0.420366 0.377930 0.422977 0.378906 0.422977 0.384766 0.432115 0.388672 0.434726 0.391602 0.434726 0.392578 0.436031 0.400391 0.436031 0.408203 0.424282 0.410156 0.419060 0.418945 0.404700 0.419922 0.402089 0.419922 0.395561 0.416016 0.385117 0.413086 0.381201 0.412109 0.377285 0.406250 0.369452 0.396484 0.368146 0.393555 0.370757 0.390625 0.370757
0 0.436523 0.413838 0.430664 0.413838 0.427734 0.416449 0.424805 0.416449 0.423828 0.415144 0.406250 0.438642 0.406250 0.445170 0.407227 0.446475 0.407227 0.449086 0.409180 0.453003 0.409180 0.455614 0.410156 0.456919 0.410156 0.458225 0.413086 0.462141 0.419922 0.466057 0.421875 0.468668 0.423828 0.468668 0.424805 0.469974 0.425781 0.469974 0.426758 0.471279 0.428711 0.471279 0.429688 0.472585 0.431641 0.472585 0.432617 0.471279 0.437500 0.468668 0.444336 0.459530 0.444336 0.458225 0.448242 0.451697 0.448242 0.442559 0.449219 0.441253 0.448242 0.439948 0.448242 0.433420 0.447266 0.432115 0.447266 0.428198 0.446289 0.426893 0.446289 0.425587 0.443359 0.421671 0.443359 0.420366 0.441406 0.417755 0.440430 0.417755
0 0.462891 0.442559 0.459961 0.442559 0.458984 0.443864 0.458984 0.445170 0.455078 0.450392 0.452148 0.451697 0.448242 0.456919 0.448242 0.458225 0.445312 0.462141 0.444336 0.462141 0.436523 0.472585 0.436523 0.481723 0.437500 0.483029 0.438477 0.486945 0.445312 0.496084 0.446289 0.496084 0.452148 0.503916 0.453125 0.503916 0.454102 0.505222 0.458984 0.505222 0.460938 0.502611 0.466797 0.500000 0.470703 0.494778 0.471680 0.494778 0.473633 0.492167 0.474609 0.492167 0.477539 0.488251 0.477539 0.486945 0.478516 0.485640 0.478516 0.481723 0.479492 0.480418 0.479492 0.463446 0.478516 0.463446 0.476562 0.460836 0.469727 0.456919 0.465820 0.451697 0.465820 0.450392 0.463867 0.446475 0.463867 0.443864
0 0.480469 0.408616 0.480469 0.413838 0.476562 0.419060 0.476562 0.420366 0.469727 0.429504 0.468750 0.429504 0.465820 0.433420 0.465820 0.445170 0.466797 0.446475 0.466797 0.447781 0.469727 0.447781 0.470703 0.449086 0.473633 0.450392 0.474609 0.451697 0.475586 0.455614 0.477539 0.458225 0.478516 0.458225 0.481445 0.460836 0.491211 0.460836 0.492188 0.459530 0.494141 0.459530 0.498047 0.455614 0.499023 0.455614 0.505859 0.446475 0.505859 0.445170 0.506836 0.443864 0.506836 0.437337 0.505859 0.436031 0.505859 0.432115 0.504883 0.430809 0.504883 0.428198 0.503906 0.426893 0.502930 0.422977 0.500977 0.420366 0.496094 0.419060 0.492188 0.413838 0.491211 0.413838 0.487305 0.409922 0.485352 0.409922 0.484375 0.408616
0 0.513672 0.446475 0.510742 0.447781 0.508789 0.450392 0.505859 0.450392 0.501953 0.455614 0.499023 0.456919 0.494141 0.462141 0.490234 0.464752 0.488281 0.464752 0.485352 0.467363 0.485352 0.476501 0.486328 0.477807 0.486328 0.483029 0.487305 0.484334 0.487305 0.488251 0.488281 0.489556 0.488281 0.493473 0.489258 0.496084 0.494141 0.501305 0.497070 0.501305 0.499023 0.503916 0.500977 0.503916 0.501953 0.505222 0.504883 0.505222 0.505859 0.506527 0.513672 0.506527 0.515625 0.505222 0.519531 0.500000 0.522461 0.498695 0.525391 0.494778 0.528320 0.486945 0.528320 0.471279 0.527344 0.469974 0.526367 0.460836 0.524414 0.455614 0.522461 0.454308 0.520508 0.449086 0.518555 0.449086 0.517578 0.447781 0.514648 0.447781
0 0.525391 0.501305 0.521484 0.506527 0.520508 0.506527 0.518555 0.509138 0.517578 0.509138 0.514648 0.513055 0.513672 0.516971 0.512695 0.518277 0.511719 0.518277 0.511719 0.519582 0.512695 0.520888 0.512695 0.528721 0.513672 0.530026 0.513672 0.540470 0.514648 0.541775 0.514648 0.543081 0.520508 0.550914 0.521484 0.550914 0.522461 0.552219 0.524414 0.552219 0.525391 0.553525 0.527344 0.553525 0.528320 0.554830 0.530273 0.554830 0.531250 0.556136 0.543945 0.556136 0.544922 0.554830 0.547852 0.553525 0.556641 0.539164 0.556641 0.537859 0.557617 0.536554 0.557617 0.532637 0.553711 0.527415 0.553711 0.526110 0.551758 0.523499 0.551758 0.520888 0.548828 0.516971 0.548828 0.515666 0.546875 0.513055 0.546875 0.511749 0.545898 0.510444 0.544922 0.510444 0.541992 0.506527 0.541016 0.506527 0.538086 0.503916 0.535156 0.503916 0.534180 0.502611 0.526367 0.502611
0 0.541992 0.561358 0.541992 0.567885 0.542969 0.569191 0.542969 0.571802 0.544922 0.577023 0.552734 0.587467 0.554688 0.588773 0.557617 0.588773 0.561523 0.591384 0.563477 0.591384 0.568359 0.597911 0.570312 0.599217 0.572266 0.599217 0.573242 0.597911 0.575195 0.597911 0.576172 0.596606 0.578125 0.596606 0.579102 0.595300 0.582031 0.595300 0.583984 0.593995 0.583984 0.590078 0.581055 0.587467 0.583008 0.584856 0.583008 0.582245 0.584961 0.578329 0.584961 0.574413 0.585938 0.573107 0.585938 0.567885 0.586914 0.566580 0.586914 0.560052 0.585938 0.558747 0.585938 0.556136 0.583984 0.553525 0.582031 0.553525 0.578125 0.550914 0.575195 0.550914 0.574219 0.549608 0.570312 0.549608 0.569336 0.548303 0.566406 0.548303 0.562500 0.545692 0.558594 0.545692 0.556641 0.544386 0.553711 0.548303 0.552734 0.548303 0.544922 0.558747 0.543945 0.558747
0 0.393555 0.629243 0.392578 0.629243 0.386719 0.635770 0.385742 0.635770 0.384766 0.637076 0.381836 0.637076 0.380859 0.638381 0.375977 0.640992 0.374023 0.643603 0.371094 0.644909 0.369141 0.647520 0.369141 0.650131 0.368164 0.651436 0.368164 0.667102 0.369141 0.668407 0.369141 0.671018 0.371094 0.673629 0.371094 0.674935 0.373047 0.677546 0.374023 0.677546 0.377930 0.682768 0.378906 0.682768 0.381836 0.685379 0.386719 0.686684 0.387695 0.687990 0.390625 0.685379 0.396484 0.685379 0.397461 0.684073 0.399414 0.684073 0.399414 0.682768 0.402344 0.678851 0.402344 0.677546 0.403320 0.676240 0.403320 0.673629 0.404297 0.672324 0.404297 0.669713 0.405273 0.668407 0.405273 0.665796 0.406250 0.664491 0.406250 0.661880 0.407227 0.660574 0.407227 0.656658 0.408203 0.655352 0.408203 0.644909 0.407227 0.643603 0.407227 0.642298 0.406250 0.640992 0.405273 0.640992 0.402344 0.635770 0.401367 0.635770 0.400391 0.634465 0.396484 0.634465
0 0.321289 0.193211 0.315430 0.199739 0.311523 0.201044 0.309570 0.203655 0.308594 0.206266 0.308594 0.212794 0.306641 0.215405 0.308594 0.218016 0.308594 0.223238 0.307617 0.224543 0.307617 0.227154 0.305664 0.232376 0.306641 0.233681 0.306641 0.236292 0.312500 0.244125 0.312500 0.245431 0.321289 0.258486 0.336914 0.257180 0.348633 0.249347 0.351562 0.245431 0.351562 0.244125 0.355469 0.237598 0.355469 0.234987 0.357422 0.231070 0.357422 0.215405 0.353516 0.206266 0.350586 0.202350 0.346680 0.199739 0.343750 0.199739 0.339844 0.195822 0.333984 0.194517 0.333008 0.193211
0 0.375977 0.268930 0.373047 0.267624 0.369141 0.262402 0.361328 0.259791 0.356445 0.254569 0.352539 0.254569 0.349609 0.257180 0.346680 0.257180 0.342773 0.259791 0.337891 0.259791 0.333984 0.262402 0.332031 0.265013 0.332031 0.266319 0.330078 0.267624 0.327148 0.275457 0.327148 0.278068 0.326172 0.279373 0.326172 0.287206 0.331055 0.300261 0.331055 0.302872 0.333008 0.308094 0.335938 0.312010 0.335938 0.313316 0.340820 0.318538 0.341797 0.318538 0.349609 0.313316 0.354492 0.312010 0.356445 0.309399 0.360352 0.306789 0.362305 0.306789 0.366211 0.302872 0.368164 0.302872 0.375000 0.297650 0.378906 0.296345 0.380859 0.292428 0.380859 0.288512 0.377930 0.283290 0.375977 0.275457 0.374023 0.272846
0 0.354492 0.317232 0.349609 0.323760 0.348633 0.326371 0.348633 0.336815 0.351562 0.343342 0.352539 0.349869 0.356445 0.360313 0.361328 0.366841 0.369141 0.372063 0.376953 0.372063 0.377930 0.370757 0.380859 0.370757 0.381836 0.369452 0.383789 0.369452 0.391602 0.364230 0.391602 0.360313 0.392578 0.359008 0.392578 0.356397 0.391602 0.355091 0.391602 0.345953 0.390625 0.344648 0.390625 0.340731 0.389648 0.339426 0.389648 0.332898 0.388672 0.331593 0.388672 0.327676 0.387695 0.326371 0.387695 0.323760 0.382812 0.315927 0.382812 0.314621 0.381836 0.314621 0.379883 0.312010 0.371094 0.312010 0.370117 0.313316 0.366211 0.313316 0.365234 0.314621 0.362305 0.314621 0.361328 0.315927 0.356445 0.315927
0 0.363281 0.178851 0.361328 0.180157 0.360352 0.186684 0.356445 0.191906 0.356445 0.193211 0.353516 0.195822 0.356445 0.203655 0.356445 0.207572 0.359375 0.212794 0.360352 0.236292 0.369141 0.248042 0.373047 0.250653 0.375000 0.250653 0.375977 0.251958 0.382812 0.251958 0.383789 0.250653 0.385742 0.250653 0.391602 0.244125 0.392578 0.244125 0.396484 0.238903 0.397461 0.238903 0.401367 0.233681 0.404297 0.232376 0.405273 0.229765 0.405273 0.220627 0.404297 0.219321 0.404297 0.211488 0.403320 0.210183 0.403320 0.207572 0.394531 0.195822 0.390625 0.193211 0.383789 0.185379 0.379883 0.182768 0.377930 0.182768 0.375000 0.180157 0.372070 0.180157 0.371094 0.178851
0 0.412109 0.248042 0.406250 0.248042 0.405273 0.249347 0.400391 0.249347 0.399414 0.250653 0.395508 0.250653 0.392578 0.253264 0.388672 0.253264 0.384766 0.257180 0.380859 0.267624 0.380859 0.271540 0.379883 0.272846 0.379883 0.280679 0.383789 0.289817 0.383789 0.293734 0.385742 0.297650 0.386719 0.304178 0.387695 0.306789 0.391602 0.312010 0.393555 0.312010 0.394531 0.313316 0.401367 0.313316 0.402344 0.312010 0.411133 0.312010 0.412109 0.310705 0.414062 0.310705 0.416016 0.309399 0.418945 0.302872 0.418945 0.296345 0.419922 0.295039 0.419922 0.291123 0.420898 0.289817 0.420898 0.276762 0.421875 0.275457 0.421875 0.261097 0.420898 0.258486 0.414062 0.249347
0 0.400391 0.135770 0.391602 0.147520 0.391602 0.150131 0.390625 0.151436 0.390625 0.161880 0.388672 0.168407 0.387695 0.182768 0.386719 0.185379 0.393555 0.190601 0.394531 0.187990 0.394531 0.174935 0.396484 0.172324 0.397461 0.173629 0.397461 0.178851 0.399414 0.184073 0.397461 0.187990 0.397461 0.193211 0.396484 0.194517 0.398438 0.194517 0.399414 0.195822 0.400391 0.194517 0.407227 0.194517 0.410156 0.197128 0.413086 0.197128 0.414062 0.198433 0.421875 0.198433 0.426758 0.195822 0.436523 0.184073 0.436523 0.181462 0.437500 0.180157 0.437500 0.157963 0.435547 0.154047 0.434570 0.148825 0.432617 0.146214 0.431641 0.138381 0.426758 0.134465 0.421875 0.134465 0.420898 0.133159 0.405273 0.133159
0 0.418945 0.206266 0.416016 0.210183 0.416016 0.212794 0.416992 0.214099 0.416992 0.229765 0.414062 0.237598 0.414062 0.244125 0.415039 0.246736 0.422852 0.251958 0.424805 0.254569 0.428711 0.255875 0.438477 0.262402 0.442383 0.262402 0.443359 0.263708 0.446289 0.263708 0.450195 0.266319 0.455078 0.266319 0.458984 0.263708 0.459961 0.261097 0.459961 0.246736 0.460938 0.245431 0.460938 0.240209 0.461914 0.238903 0.461914 0.231070 0.458984 0.223238 0.456055 0.219321 0.455078 0.214099 0.452148 0.206266 0.446289 0.199739 0.444336 0.198433 0.441406 0.198433 0.440430 0.197128 0.434570 0.197128 0.433594 0.198433 0.428711 0.199739 0.422852 0.204961
0 0.447266 0.142298 0.447266 0.151436 0.446289 0.152742 0.446289 0.157963 0.447266 0.159269 0.447266 0.163185 0.449219 0.168407 0.450195 0.176240 0.453125 0.181462 0.453125 0.185379 0.454102 0.186684 0.454102 0.190601 0.455078 0.191906 0.458984 0.191906 0.459961 0.190601 0.463867 0.190601 0.464844 0.189295 0.466797 0.189295 0.467773 0.190601 0.470703 0.190601 0.473633 0.193211 0.480469 0.193211 0.481445 0.191906 0.485352 0.190601 0.489258 0.185379 0.491211 0.185379 0.499023 0.180157 0.500000 0.177546 0.500000 0.154047 0.497070 0.146214 0.497070 0.143603 0.496094 0.142298 0.495117 0.137076 0.482422 0.137076 0.481445 0.135770 0.459961 0.135770 0.456055 0.138381 0.453125 0.138381 0.450195 0.142298
0 0.505859 0.167102 0.503906 0.169713 0.503906 0.174935 0.500000 0.185379 0.497070 0.189295 0.497070 0.190601 0.492188 0.195822 0.492188 0.197128 0.488281 0.202350 0.488281 0.203655 0.485352 0.206266 0.485352 0.208877 0.484375 0.210183 0.484375 0.216710 0.485352 0.218016 0.489258 0.219321 0.496094 0.228460 0.498047 0.229765 0.506836 0.229765 0.507812 0.231070 0.517578 0.231070 0.518555 0.229765 0.521484 0.229765 0.523438 0.224543 0.529297 0.216710 0.529297 0.215405 0.532227 0.210183 0.532227 0.204961 0.533203 0.203655 0.532227 0.177546 0.529297 0.172324 0.525391 0.169713 0.519531 0.169713 0.518555 0.168407 0.513672 0.168407 0.512695 0.167102
0 0.544922 0.096606 0.536133 0.096606 0.534180 0.099217 0.522461 0.107050 0.523438 0.124021 0.521484 0.127937 0.522461 0.130548 0.522461 0.133159 0.521484 0.134465 0.521484 0.147520 0.522461 0.148825 0.522461 0.154047 0.523438 0.155352 0.523438 0.157963 0.526367 0.161880 0.527344 0.165796 0.531250 0.169713 0.536133 0.169713 0.537109 0.168407 0.541016 0.168407 0.541992 0.167102 0.548828 0.167102 0.549805 0.165796 0.552734 0.165796 0.554688 0.164491 0.559570 0.157963 0.564453 0.154047 0.568359 0.148825 0.568359 0.143603 0.567383 0.142298 0.566406 0.133159 0.565430 0.131854 0.565430 0.129243 0.562500 0.120104 0.557617 0.113577 0.557617 0.112272 0.551758 0.105744 0.550781 0.105744 0.547852 0.101828 0.547852 0.100522 0.544922 0.097911
0 0.470703 0.223238 0.463867 0.233681 0.463867 0.236292 0.461914 0.241514 0.461914 0.249347 0.462891 0.250653 0.462891 0.255875 0.463867 0.257180 0.463867 0.261097 0.465820 0.266319 0.465820 0.274151 0.464844 0.275457 0.464844 0.278068 0.467773 0.281984 0.471680 0.284595 0.473633 0.284595 0.477539 0.289817 0.477539 0.291123 0.481445 0.293734 0.486328 0.293734 0.496094 0.283290 0.496094 0.281984 0.499023 0.278068 0.500977 0.272846 0.500977 0.270235 0.501953 0.268930 0.501953 0.249347 0.500977 0.248042 0.500977 0.245431 0.496094 0.236292 0.489258 0.232376 0.487305 0.229765 0.484375 0.228460 0.479492 0.223238 0.476562 0.223238 0.475586 0.221932 0.473633 0.223238
0 0.437500 0.270235 0.431641 0.276762 0.430664 0.276762 0.425781 0.283290 0.421875 0.293734 0.421875 0.304178 0.422852 0.305483 0.422852 0.308094 0.426758 0.318538 0.429688 0.322454 0.441406 0.330287 0.446289 0.330287 0.447266 0.331593 0.451172 0.331593 0.464844 0.322454 0.469727 0.315927 0.469727 0.313316 0.471680 0.308094 0.471680 0.297650 0.469727 0.293734 0.468750 0.287206 0.460938 0.278068 0.455078 0.274151 0.453125 0.274151 0.450195 0.271540 0.448242 0.271540 0.447266 0.270235
0 0.478516 0.297650 0.474609 0.302872 0.474609 0.306789 0.473633 0.308094 0.472656 0.314621 0.469727 0.322454 0.469727 0.331593 0.470703 0.334204 0.472656 0.336815 0.474609 0.338120 0.477539 0.338120 0.478516 0.339426 0.480469 0.339426 0.487305 0.345953 0.493164 0.349869 0.495117 0.349869 0.496094 0.351175 0.503906 0.351175 0.504883 0.349869 0.506836 0.349869 0.508789 0.348564 0.510742 0.344648 0.510742 0.339426 0.511719 0.338120 0.511719 0.332898 0.512695 0.331593 0.512695 0.319843 0.514648 0.315927 0.514648 0.312010 0.513672 0.310705 0.513672 0.308094 0.511719 0.302872 0.507812 0.297650 0.506836 0.293734 0.502930 0.289817 0.496094 0.289817 0.495117 0.291123 0.492188 0.291123 0.484375 0.297650 0.482422 0.297650 0.481445 0.298956 0.479492 0.298956
0 0.419922 0.330287 0.419922 0.338120 0.417969 0.344648 0.416016 0.347258 0.416016 0.357702 0.418945 0.366841 0.419922 0.374674 0.421875 0.379896 0.425781 0.385117 0.439453 0.394256 0.442383 0.398172 0.447266 0.398172 0.452148 0.391645 0.458008 0.389034 0.466797 0.378590 0.468750 0.372063 0.470703 0.369452 0.470703 0.364230 0.458984 0.351175 0.458984 0.347258 0.456055 0.347258 0.454102 0.345953 0.451172 0.340731 0.447266 0.340731 0.443359 0.336815 0.440430 0.336815 0.438477 0.335509 0.432617 0.343342 0.429688 0.344648 0.426758 0.348564 0.423828 0.340731 0.425781 0.336815 0.421875 0.335509
0 0.525391 0.357702 0.523438 0.356397 0.520508 0.356397 0.519531 0.355091 0.503906 0.355091 0.502930 0.356397 0.498047 0.357702 0.496094 0.360313 0.495117 0.365535 0.493164 0.370757 0.489258 0.377285 0.488281 0.383812 0.486328 0.387728 0.486328 0.395561 0.487305 0.396867 0.487305 0.400783 0.488281 0.402089 0.489258 0.408616 0.492188 0.409922 0.495117 0.415144 0.499023 0.416449 0.500000 0.417755 0.506836 0.417755 0.507812 0.416449 0.513672 0.416449 0.514648 0.415144 0.516602 0.415144 0.519531 0.411227 0.524414 0.408616 0.528320 0.403394 0.528320 0.399478 0.529297 0.396867 0.533203 0.391645 0.533203 0.390339 0.540039 0.382507 0.539062 0.381201 0.539062 0.377285 0.538086 0.374674 0.536133 0.372063 0.535156 0.372063 0.533203 0.369452 0.532227 0.365535 0.529297 0.361619 0.526367 0.360313
0 0.520508 0.304178 0.519531 0.305483 0.520508 0.308094 0.519531 0.310705 0.519531 0.313316 0.516602 0.317232 0.515625 0.319843 0.515625 0.323760 0.514648 0.325065 0.514648 0.343342 0.515625 0.344648 0.516602 0.351175 0.519531 0.353786 0.521484 0.353786 0.522461 0.355091 0.524414 0.355091 0.526367 0.356397 0.530273 0.361619 0.534180 0.364230 0.545898 0.364230 0.555664 0.357702 0.556641 0.355091 0.556641 0.343342 0.555664 0.342037 0.555664 0.331593 0.554688 0.330287 0.554688 0.325065 0.553711 0.323760 0.553711 0.319843 0.552734 0.318538 0.552734 0.315927 0.551758 0.314621 0.551758 0.312010 0.550781 0.309399 0.548828 0.306789 0.544922 0.304178 0.542969 0.304178 0.541992 0.302872 0.531250 0.302872 0.530273 0.304178
0 0.514648 0.237598 0.510742 0.244125 0.510742 0.248042 0.508789 0.251958 0.508789 0.255875 0.506836 0.261097 0.506836 0.284595 0.507812 0.285901 0.507812 0.289817 0.509766 0.292428 0.513672 0.293734 0.517578 0.297650 0.520508 0.297650 0.521484 0.298956 0.537109 0.298956 0.539062 0.296345 0.539062 0.295039 0.548828 0.283290 0.550781 0.278068 0.551758 0.263708 0.550781 0.262402 0.550781 0.257180 0.549805 0.255875 0.549805 0.253264 0.547852 0.248042 0.543945 0.242820 0.543945 0.241514 0.540039 0.238903 0.538086 0.238903 0.537109 0.237598 0.523438 0.237598 0.522461 0.236292 0.517578 0.236292 0.516602 0.237598
0 0.585938 0.101828 0.583984 0.104439 0.582031 0.109661 0.582031 0.112272 0.580078 0.116188 0.580078 0.120104 0.579102 0.122715 0.581055 0.127937 0.581055 0.131854 0.586914 0.147520 0.586914 0.152742 0.588867 0.154047 0.590820 0.154047 0.594727 0.156658 0.596680 0.159269 0.599609 0.160574 0.603516 0.164491 0.606445 0.164491 0.616211 0.151436 0.617188 0.147520 0.619141 0.144909 0.617188 0.121410 0.613281 0.114883 0.612305 0.112272 0.612305 0.109661 0.611328 0.108355 0.611328 0.105744 0.609375 0.104439 0.605469 0.099217 0.601562 0.099217 0.600586 0.097911 0.597656 0.097911 0.596680 0.099217 0.592773 0.099217 0.591797 0.100522 0.588867 0.100522 0.587891 0.101828
0 0.618164 0.057441 0.617188 0.058747 0.614258 0.058747 0.613281 0.060052 0.612305 0.060052 0.612305 0.061358 0.610352 0.063969 0.610352 0.065274 0.611328 0.066580 0.611328 0.073107 0.610352 0.074413 0.610352 0.080940 0.608398 0.084856 0.608398 0.090078 0.607422 0.091384 0.607422 0.093995 0.606445 0.095300 0.606445 0.096606 0.607422 0.097911 0.607422 0.099217 0.612305 0.105744 0.612305 0.107050 0.614258 0.110966 0.614258 0.113577 0.615234 0.114883 0.615234 0.116188 0.618164 0.120104 0.619141 0.120104 0.620117 0.121410 0.626953 0.121410 0.627930 0.120104 0.630859 0.118799 0.635742 0.113577 0.635742 0.112272 0.636719 0.110966 0.636719 0.108355 0.637695 0.107050 0.637695 0.103133 0.638672 0.101828 0.638672 0.099217 0.639648 0.097911 0.639648 0.095300 0.640625 0.093995 0.640625 0.088773 0.637695 0.082245 0.637695 0.079634 0.636719 0.078329 0.636719 0.075718 0.634766 0.071802 0.634766 0.067885 0.633789 0.066580 0.632812 0.062663 0.627930 0.058747 0.625000 0.058747 0.624023 0.057441
0 0.664062 0.126632 0.661133 0.125326 0.650391 0.131854 0.638672 0.131854 0.632812 0.134465 0.632812 0.147520 0.631836 0.151436 0.629883 0.152742 0.626953 0.147520 0.625977 0.157963 0.622070 0.164491 0.625977 0.167102 0.628906 0.164491 0.628906 0.155352 0.630859 0.154047 0.632812 0.157963 0.632812 0.173629 0.636719 0.176240 0.638672 0.180157 0.630859 0.189295 0.631836 0.194517 0.636719 0.197128 0.643555 0.197128 0.644531 0.198433 0.657227 0.198433 0.658203 0.197128 0.661133 0.197128 0.665039 0.191906 0.669922 0.189295 0.671875 0.186684 0.675781 0.172324 0.675781 0.163185 0.677734 0.159269 0.677734 0.156658 0.673828 0.143603
0 0.585938 0.155352 0.584961 0.156658 0.583008 0.156658 0.580078 0.159269 0.576172 0.160574 0.572266 0.167102 0.566406 0.182768 0.566406 0.193211 0.569336 0.198433 0.569336 0.201044 0.570312 0.202350 0.571289 0.207572 0.578125 0.216710 0.580078 0.216710 0.585938 0.220627 0.590820 0.220627 0.591797 0.219321 0.595703 0.219321 0.596680 0.218016 0.599609 0.218016 0.600586 0.216710 0.602539 0.216710 0.608398 0.212794 0.609375 0.207572 0.610352 0.206266 0.611328 0.198433 0.614258 0.190601 0.614258 0.185379 0.611328 0.180157 0.611328 0.173629 0.608398 0.168407 0.601562 0.164491 0.591797 0.155352
0 0.619141 0.193211 0.618164 0.193211 0.618164 0.194517 0.614258 0.199739 0.611328 0.207572 0.611328 0.211488 0.610352 0.214099 0.606445 0.219321 0.602539 0.220627 0.598633 0.225849 0.595703 0.227154 0.591797 0.232376 0.592773 0.233681 0.592773 0.236292 0.594727 0.241514 0.597656 0.241514 0.597656 0.234987 0.598633 0.233681 0.599609 0.233681 0.601562 0.236292 0.601562 0.238903 0.600586 0.240209 0.600586 0.246736 0.603516 0.250653 0.603516 0.253264 0.605469 0.255875 0.606445 0.259791 0.610352 0.263708 0.613281 0.263708 0.614258 0.262402 0.618164 0.262402 0.620117 0.261097 0.625977 0.254569 0.629883 0.253264 0.631836 0.248042 0.631836 0.244125 0.630859 0.242820 0.630859 0.210183 0.631836 0.208877 0.631836 0.203655 0.630859 0.201044
0 0.591797 0.240209 0.586914 0.238903 0.583008 0.244125 0.580078 0.245431 0.578125 0.248042 0.577148 0.248042 0.569336 0.255875 0.566406 0.257180 0.564453 0.259791 0.564453 0.271540 0.563477 0.272846 0.563477 0.279373 0.565430 0.283290 0.565430 0.289817 0.566406 0.291123 0.566406 0.295039 0.567383 0.296345 0.567383 0.298956 0.571289 0.302872 0.579102 0.302872 0.580078 0.301567 0.583008 0.301567 0.584961 0.298956 0.590820 0.295039 0.593750 0.291123 0.597656 0.288512 0.600586 0.284595 0.603516 0.283290 0.606445 0.279373 0.606445 0.276762 0.607422 0.275457 0.607422 0.266319 0.606445 0.265013 0.606445 0.262402 0.604492 0.259791 0.602539 0.251958 0.598633 0.246736 0.594727 0.244125
0 0.557617 0.300261 0.554688 0.304178 0.554688 0.306789 0.557617 0.310705 0.556641 0.330287 0.558594 0.334204 0.559570 0.340731 0.561523 0.343342 0.561523 0.345953 0.562500 0.347258 0.563477 0.352480 0.567383 0.359008 0.575195 0.364230 0.577148 0.364230 0.581055 0.366841 0.587891 0.366841 0.591797 0.362924 0.593750 0.357702 0.593750 0.348564 0.594727 0.347258 0.594727 0.338120 0.593750 0.336815 0.593750 0.313316 0.591797 0.308094 0.577148 0.308094 0.576172 0.306789 0.571289 0.305483 0.565430 0.300261 0.561523 0.300261 0.560547 0.298956
0 0.565430 0.362924 0.562500 0.366841 0.563477 0.368146 0.568359 0.368146 0.570312 0.372063 0.570312 0.374674 0.563477 0.387728 0.563477 0.400783 0.562500 0.402089 0.563477 0.404700 0.563477 0.408616 0.566406 0.412533 0.573242 0.417755 0.576172 0.417755 0.577148 0.419060 0.580078 0.419060 0.581055 0.420366 0.583984 0.420366 0.584961 0.421671 0.590820 0.421671 0.591797 0.420366 0.595703 0.420366 0.597656 0.417755 0.600586 0.408616 0.603516 0.404700 0.604492 0.399478 0.605469 0.398172 0.605469 0.394256 0.606445 0.392950 0.606445 0.383812 0.604492 0.379896 0.604492 0.377285 0.602539 0.372063 0.590820 0.368146 0.583008 0.373368 0.578125 0.373368 0.577148 0.372063 0.579102 0.370757 0.580078 0.368146 0.578125 0.368146 0.577148 0.366841 0.570312 0.366841 0.567383 0.362924
0 0.606445 0.409922 0.607422 0.409922 0.612305 0.413838 0.621094 0.413838 0.622070 0.415144 0.629883 0.415144 0.630859 0.413838 0.633789 0.413838 0.634766 0.412533 0.635742 0.412533 0.637695 0.409922 0.638672 0.409922 0.646484 0.399478 0.646484 0.398172 0.648438 0.394256 0.649414 0.387728 0.650391 0.386423 0.650391 0.377285 0.645508 0.370757 0.643555 0.370757 0.642578 0.369452 0.614258 0.369452 0.613281 0.370757 0.612305 0.370757 0.611328 0.372063 0.611328 0.374674 0.608398 0.381201 0.608398 0.386423 0.607422 0.387728 0.607422 0.399478 0.606445 0.400783
0 0.598633 0.438642 0.595703 0.438642 0.590820 0.442559 0.586914 0.442559 0.583984 0.445170 0.582031 0.445170 0.581055 0.446475 0.581055 0.450392 0.579102 0.455614 0.574219 0.460836 0.571289 0.469974 0.569336 0.472585 0.569336 0.476501 0.568359 0.477807 0.568359 0.481723 0.569336 0.484334 0.580078 0.497389 0.583008 0.497389 0.586914 0.500000 0.591797 0.500000 0.594727 0.497389 0.598633 0.497389 0.599609 0.496084 0.602539 0.496084 0.606445 0.493473 0.607422 0.490862 0.610352 0.486945 0.611328 0.486945 0.611328 0.485640 0.614258 0.481723 0.614258 0.466057 0.615234 0.464752 0.615234 0.455614 0.610352 0.447781 0.609375 0.447781 0.603516 0.441253 0.601562 0.441253
0 0.622070 0.462141 0.618164 0.462141 0.615234 0.466057 0.615234 0.473890 0.616211 0.475196 0.616211 0.477807 0.615234 0.479112 0.615234 0.481723 0.614258 0.484334 0.605469 0.496084 0.603516 0.497389 0.601562 0.497389 0.594727 0.502611 0.594727 0.503916 0.597656 0.507833 0.597656 0.509138 0.604492 0.518277 0.604492 0.519582 0.612305 0.530026 0.615234 0.531332 0.617188 0.526110 0.620117 0.524804 0.625000 0.518277 0.625977 0.518277 0.629883 0.514360 0.631836 0.514360 0.634766 0.511749 0.634766 0.505222 0.635742 0.503916 0.635742 0.483029 0.633789 0.477807 0.631836 0.475196 0.631836 0.473890 0.624023 0.463446
0 0.660156 0.443864 0.660156 0.445170 0.657227 0.447781 0.653320 0.447781 0.652344 0.449086 0.649414 0.450392 0.647461 0.453003 0.647461 0.454308 0.643555 0.458225 0.643555 0.459530 0.641602 0.462141 0.641602 0.463446 0.640625 0.464752 0.640625 0.467363 0.639648 0.468668 0.639648 0.477807 0.641602 0.481723 0.641602 0.484334 0.642578 0.485640 0.642578 0.486945 0.645508 0.490862 0.646484 0.490862 0.650391 0.494778 0.653320 0.496084 0.655273 0.498695 0.655273 0.500000 0.658203 0.501305 0.660156 0.503916 0.663086 0.503916 0.664062 0.502611 0.666016 0.502611 0.667969 0.500000 0.668945 0.500000 0.672852 0.494778 0.673828 0.490862 0.676758 0.486945 0.676758 0.485640 0.678711 0.481723 0.680664 0.469974 0.679688 0.468668 0.679688 0.464752 0.678711 0.463446 0.678711 0.460836 0.677734 0.459530 0.676758 0.453003 0.675781 0.451697 0.675781 0.450392 0.672852 0.446475 0.670898 0.446475 0.669922 0.445170 0.665039 0.445170 0.664062 0.443864
0 0.663086 0.398172 0.663086 0.399478 0.661133 0.403394 0.661133 0.406005 0.660156 0.407311 0.660156 0.412533 0.659180 0.413838 0.659180 0.417755 0.658203 0.419060 0.658203 0.424282 0.659180 0.425587 0.659180 0.430809 0.660156 0.432115 0.661133 0.432115 0.664062 0.434726 0.668945 0.436031 0.669922 0.437337 0.672852 0.437337 0.673828 0.438642 0.692383 0.438642 0.693359 0.439948 0.696289 0.439948 0.699219 0.436031 0.699219 0.432115 0.700195 0.430809 0.700195 0.413838 0.699219 0.412533 0.699219 0.409922 0.698242 0.408616 0.698242 0.402089 0.696289 0.398172 0.695312 0.398172 0.692383 0.395561 0.689453 0.395561 0.684570 0.391645 0.677734 0.391645 0.676758 0.392950 0.674805 0.392950 0.673828 0.394256 0.667969 0.394256 0.666016 0.396867
0 0.619141 0.553525 0.618164 0.553525 0.613281 0.549608 0.609375 0.549608 0.608398 0.548303 0.606445 0.548303 0.605469 0.549608 0.602539 0.550914 0.596680 0.558747 0.596680 0.560052 0.595703 0.561358 0.594727 0.561358 0.591797 0.557441 0.591797 0.556136 0.590820 0.556136 0.590820 0.558747 0.589844 0.560052 0.589844 0.565274 0.588867 0.566580 0.588867 0.569191 0.587891 0.570496 0.587891 0.574413 0.586914 0.575718 0.586914 0.579634 0.585938 0.580940 0.585938 0.583551 0.584961 0.584856 0.584961 0.587467 0.585938 0.588773 0.585938 0.590078 0.589844 0.596606 0.590820 0.596606 0.593750 0.599217 0.598633 0.599217 0.599609 0.600522 0.603516 0.600522 0.604492 0.599217 0.607422 0.597911 0.610352 0.593995 0.611328 0.593995 0.620117 0.582245 0.620117 0.580940 0.622070 0.577023 0.622070 0.573107 0.623047 0.571802 0.623047 0.570496 0.622070 0.569191 0.622070 0.560052 0.621094 0.558747 0.621094 0.556136
0 0.659180 0.545692 0.649414 0.545692 0.648438 0.546997 0.643555 0.546997 0.642578 0.548303 0.640625 0.548303 0.639648 0.549608 0.638672 0.553525 0.636719 0.556136 0.636719 0.558747 0.634766 0.561358 0.634766 0.565274 0.633789 0.566580 0.630859 0.566580 0.630859 0.567885 0.629883 0.569191 0.628906 0.569191 0.625977 0.571802 0.625977 0.580940 0.626953 0.582245 0.626953 0.584856 0.627930 0.586162 0.627930 0.587467 0.632812 0.593995 0.633789 0.593995 0.634766 0.595300 0.636719 0.595300 0.639648 0.597911 0.644531 0.597911 0.645508 0.599217 0.646484 0.599217 0.647461 0.597911 0.651367 0.597911 0.652344 0.596606 0.655273 0.595300 0.657227 0.592689 0.657227 0.591384 0.662109 0.584856 0.662109 0.583551 0.663086 0.582245 0.664062 0.578329 0.666016 0.575718 0.666016 0.573107 0.666992 0.571802 0.666992 0.560052 0.664062 0.554830 0.664062 0.553525 0.661133 0.549608 0.661133 0.548303 0.660156 0.548303 0.659180 0.546997
0 0.571289 0.603133 0.571289 0.612272 0.572266 0.613577 0.572266 0.617493 0.571289 0.618799 0.571289 0.622715 0.570312 0.624021 0.570312 0.627937 0.569336 0.629243 0.569336 0.631854 0.570312 0.633159 0.570312 0.637076 0.574219 0.642298 0.574219 0.644909 0.576172 0.647520 0.576172 0.648825 0.583008 0.657963 0.585938 0.657963 0.586914 0.656658 0.591797 0.656658 0.592773 0.655352 0.594727 0.655352 0.602539 0.650131 0.604492 0.647520 0.609375 0.644909 0.615234 0.635770 0.616211 0.633159 0.616211 0.627937 0.614258 0.622715 0.611328 0.618799 0.608398 0.617493 0.600586 0.607050 0.599609 0.604439 0.595703 0.604439 0.594727 0.603133 0.588867 0.603133 0.587891 0.601828 0.584961 0.601828 0.583984 0.600522 0.578125 0.600522 0.577148 0.601828 0.574219 0.601828 0.573242 0.603133
0 0.584961 0.660574 0.583008 0.663185 0.583008 0.664491 0.582031 0.665796 0.582031 0.669713 0.581055 0.671018 0.581055 0.685379 0.582031 0.686684 0.582031 0.687990 0.587891 0.695822 0.588867 0.695822 0.589844 0.697128 0.591797 0.697128 0.592773 0.698433 0.594727 0.698433 0.595703 0.699739 0.598633 0.699739 0.599609 0.701044 0.602539 0.701044 0.603516 0.702350 0.608398 0.702350 0.609375 0.701044 0.610352 0.701044 0.618164 0.691906 0.619141 0.687990 0.623047 0.682768 0.623047 0.681462 0.625000 0.677546 0.625000 0.668407 0.623047 0.665796 0.622070 0.665796 0.619141 0.663185 0.616211 0.663185 0.615234 0.661880 0.610352 0.661880 0.609375 0.660574 0.607422 0.660574 0.606445 0.659269 0.603516 0.659269 0.602539 0.657963 0.600586 0.657963 0.599609 0.656658 0.597656 0.656658 0.596680 0.657963 0.593750 0.657963 0.592773 0.659269 0.587891 0.659269 0.586914 0.660574
0 0.656250 0.677546 0.655273 0.676240 0.654297 0.676240 0.647461 0.667102 0.646484 0.667102 0.645508 0.665796 0.644531 0.665796 0.643555 0.667102 0.641602 0.667102 0.640625 0.665796 0.637695 0.665796 0.635742 0.668407 0.629883 0.671018 0.629883 0.672324 0.625000 0.678851 0.624023 0.682768 0.621094 0.686684 0.621094 0.687990 0.619141 0.690601 0.619141 0.698433 0.620117 0.699739 0.620117 0.701044 0.621094 0.702350 0.622070 0.706266 0.625000 0.710183 0.635742 0.710183 0.636719 0.708877 0.638672 0.708877 0.641602 0.706266 0.643555 0.706266 0.644531 0.704961 0.645508 0.704961 0.646484 0.703655 0.647461 0.703655 0.648438 0.702350 0.651367 0.701044 0.653320 0.698433 0.654297 0.698433 0.654297 0.697128 0.655273 0.695822 0.655273 0.693211 0.656250 0.691906 0.656250 0.686684 0.657227 0.685379 0.657227 0.680157 0.656250 0.678851
0 0.659180 0.678851 0.658203 0.680157 0.658203 0.685379 0.657227 0.686684 0.657227 0.691906 0.656250 0.693211 0.655273 0.697128 0.651367 0.702350 0.650391 0.702350 0.650391 0.703655 0.648438 0.706266 0.648438 0.710183 0.650391 0.712794 0.651367 0.716710 0.652344 0.716710 0.657227 0.720627 0.659180 0.720627 0.660156 0.721932 0.662109 0.721932 0.663086 0.723238 0.671875 0.723238 0.672852 0.724543 0.677734 0.720627 0.680664 0.720627 0.681641 0.719321 0.682617 0.719321 0.683594 0.718016 0.683594 0.708877 0.684570 0.707572 0.684570 0.704961 0.685547 0.703655 0.685547 0.701044 0.684570 0.699739 0.684570 0.695822 0.683594 0.694517 0.683594 0.691906 0.680664 0.687990 0.677734 0.686684 0.675781 0.684073 0.674805 0.684073 0.673828 0.682768 0.671875 0.682768 0.670898 0.681462 0.668945 0.681462 0.667969 0.680157 0.666016 0.680157 0.663086 0.677546 0.661133 0.677546 0.660156 0.678851
0 0.650391 0.609661 0.649414 0.609661 0.648438 0.610966 0.646484 0.610966 0.645508 0.612272 0.642578 0.613577 0.640625 0.616188 0.637695 0.617493 0.634766 0.621410 0.633789 0.621410 0.633789 0.622715 0.630859 0.627937 0.630859 0.630548 0.629883 0.631854 0.629883 0.639687 0.627930 0.643603 0.627930 0.644909 0.628906 0.646214 0.629883 0.650131 0.631836 0.652742 0.632812 0.656658 0.635742 0.660574 0.636719 0.660574 0.637695 0.661880 0.639648 0.661880 0.640625 0.663185 0.644531 0.663185 0.645508 0.664491 0.646484 0.663185 0.648438 0.663185 0.649414 0.661880 0.652344 0.660574 0.657227 0.655352 0.659180 0.648825 0.661133 0.646214 0.661133 0.644909 0.663086 0.642298 0.664062 0.638381 0.666016 0.635770 0.666016 0.634465 0.668945 0.629243 0.666992 0.622715 0.663086 0.617493 0.662109 0.617493 0.660156 0.614883 0.659180 0.614883 0.654297 0.610966 0.651367 0.610966
0 0.669922 0.629243 0.668945 0.630548 0.668945 0.633159 0.666992 0.635770 0.666016 0.639687 0.662109 0.644909 0.662109 0.646214 0.660156 0.648825 0.660156 0.650131 0.659180 0.651436 0.659180 0.654047 0.658203 0.655352 0.658203 0.665796 0.659180 0.667102 0.659180 0.668407 0.662109 0.671018 0.666016 0.671018 0.666992 0.672324 0.670898 0.672324 0.671875 0.673629 0.674805 0.673629 0.675781 0.674935 0.678711 0.674935 0.679688 0.676240 0.688477 0.676240 0.690430 0.673629 0.691406 0.673629 0.695312 0.668407 0.695312 0.665796 0.696289 0.664491 0.696289 0.659269 0.697266 0.657963 0.697266 0.646214 0.696289 0.644909 0.696289 0.638381 0.695312 0.638381 0.694336 0.637076 0.692383 0.637076 0.691406 0.635770 0.690430 0.635770 0.688477 0.633159 0.687500 0.633159 0.684570 0.630548 0.678711 0.630548 0.677734 0.631854 0.676758 0.631854 0.675781 0.630548 0.672852 0.630548 0.671875 0.629243
0 0.661133 0.588773 0.658203 0.596606 0.661133 0.600522 0.661133 0.601828 0.663086 0.603133 0.669922 0.612272 0.671875 0.613577 0.673828 0.613577 0.680664 0.618799 0.691406 0.620104 0.697266 0.624021 0.700195 0.622715 0.704102 0.617493 0.706055 0.612272 0.706055 0.608355 0.708008 0.605744 0.708984 0.603133 0.708984 0.599217 0.709961 0.597911 0.709961 0.591384 0.708984 0.590078 0.704102 0.587467 0.702148 0.584856 0.700195 0.584856 0.698242 0.582245 0.692383 0.578329 0.690430 0.578329 0.684570 0.573107 0.681641 0.573107 0.678711 0.569191 0.676758 0.569191 0.667969 0.582245 0.666016 0.582245
0 0.708984 0.531332 0.706055 0.535248 0.705078 0.535248 0.702148 0.537859 0.700195 0.537859 0.697266 0.541775 0.697266 0.544386 0.696289 0.545692 0.696289 0.549608 0.695312 0.550914 0.695312 0.562663 0.694336 0.563969 0.694336 0.565274 0.696289 0.567885 0.696289 0.569191 0.697266 0.570496 0.698242 0.570496 0.699219 0.571802 0.704102 0.574413 0.706055 0.577023 0.707031 0.577023 0.708008 0.578329 0.711914 0.578329 0.712891 0.577023 0.713867 0.577023 0.715820 0.574413 0.722656 0.574413 0.724609 0.571802 0.724609 0.569191 0.725586 0.567885 0.725586 0.565274 0.729492 0.560052 0.729492 0.558747 0.731445 0.554830 0.731445 0.549608 0.732422 0.548303 0.732422 0.544386 0.731445 0.543081 0.730469 0.543081 0.728516 0.540470 0.727539 0.540470 0.724609 0.537859 0.722656 0.537859 0.720703 0.535248 0.719727 0.535248 0.718750 0.533943 0.715820 0.533943 0.712891 0.531332
0 0.739258 0.532637 0.738281 0.533943 0.737305 0.533943 0.735352 0.536554 0.735352 0.537859 0.734375 0.539164 0.734375 0.541775 0.733398 0.543081 0.733398 0.548303 0.732422 0.549608 0.732422 0.554830 0.731445 0.556136 0.731445 0.558747 0.730469 0.560052 0.730469 0.567885 0.729492 0.569191 0.729492 0.575718 0.734375 0.579634 0.736328 0.579634 0.738281 0.582245 0.740234 0.582245 0.741211 0.583551 0.743164 0.583551 0.744141 0.584856 0.746094 0.584856 0.747070 0.586162 0.751953 0.588773 0.753906 0.584856 0.753906 0.577023 0.757812 0.571802 0.757812 0.569191 0.758789 0.567885 0.758789 0.563969 0.759766 0.562663 0.759766 0.554830 0.760742 0.553525 0.760742 0.545692 0.759766 0.544386 0.759766 0.541775 0.758789 0.540470 0.758789 0.539164 0.752930 0.532637 0.748047 0.532637 0.747070 0.531332 0.744141 0.531332 0.743164 0.532637
0 0.767578 0.541775 0.766602 0.543081 0.766602 0.544386 0.764648 0.548303 0.764648 0.550914 0.763672 0.552219 0.763672 0.554830 0.762695 0.556136 0.762695 0.567885 0.761719 0.569191 0.761719 0.571802 0.763672 0.574413 0.774414 0.574413 0.775391 0.575718 0.784180 0.575718 0.785156 0.574413 0.788086 0.574413 0.789062 0.573107 0.790039 0.573107 0.791016 0.571802 0.791016 0.570496 0.791992 0.569191 0.791992 0.567885 0.793945 0.563969 0.793945 0.561358 0.794922 0.560052 0.794922 0.553525 0.793945 0.552219 0.793945 0.549608 0.792969 0.548303 0.791992 0.544386 0.790039 0.541775 0.789062 0.541775 0.786133 0.539164 0.774414 0.539164 0.773438 0.540470 0.769531 0.540470 0.768555 0.541775
0 0.713867 0.485640 0.711914 0.485640 0.710938 0.484334 0.707031 0.484334 0.706055 0.483029 0.699219 0.483029 0.698242 0.484334 0.695312 0.484334 0.694336 0.485640 0.691406 0.485640 0.690430 0.484334 0.685547 0.484334 0.685547 0.485640 0.684570 0.486945 0.681641 0.486945 0.684570 0.486945 0.685547 0.488251 0.685547 0.493473 0.683594 0.497389 0.683594 0.506527 0.682617 0.507833 0.682617 0.509138 0.683594 0.510444 0.683594 0.514360 0.684570 0.515666 0.684570 0.519582 0.686523 0.523499 0.685547 0.530026 0.687500 0.532637 0.689453 0.532637 0.692383 0.535248 0.700195 0.535248 0.703125 0.532637 0.705078 0.532637 0.709961 0.526110 0.709961 0.523499 0.710938 0.522193 0.710938 0.520888 0.711914 0.519582 0.711914 0.516971 0.712891 0.515666 0.712891 0.511749 0.713867 0.510444 0.713867 0.509138 0.714844 0.507833 0.714844 0.505222 0.716797 0.501305 0.716797 0.492167 0.715820 0.490862 0.715820 0.488251
0 0.762695 0.002611 0.754883 0.005222 0.752930 0.007833 0.750977 0.013055 0.748047 0.016971 0.745117 0.018277 0.743164 0.020888 0.741211 0.027415 0.738281 0.031332 0.736328 0.036554 0.736328 0.045692 0.738281 0.049608 0.737305 0.050914 0.737305 0.053525 0.740234 0.061358 0.740234 0.063969 0.745117 0.071802 0.745117 0.073107 0.750977 0.080940 0.760742 0.080940 0.762695 0.079634 0.765625 0.075718 0.766602 0.075718 0.775391 0.062663 0.778320 0.054830 0.778320 0.048303 0.775391 0.040470 0.775391 0.022193
0 0.682617 0.054830 0.682617 0.058747 0.680664 0.061358 0.679688 0.061358 0.679688 0.067885 0.678711 0.069191 0.678711 0.091384 0.680664 0.095300 0.680664 0.097911 0.682617 0.099217 0.686523 0.105744 0.684570 0.108355 0.681641 0.108355 0.681641 0.112272 0.683594 0.112272 0.687500 0.114883 0.691406 0.114883 0.693359 0.112272 0.696289 0.112272 0.698242 0.109661 0.700195 0.109661 0.703125 0.107050 0.705078 0.107050 0.706055 0.105744 0.708008 0.105744 0.708984 0.104439 0.712891 0.103133 0.716797 0.096606 0.716797 0.091384 0.718750 0.086162 0.718750 0.080940 0.719727 0.079634 0.719727 0.067885 0.718750 0.066580 0.718750 0.063969 0.715820 0.060052 0.708008 0.054830 0.700195 0.054830 0.699219 0.053525 0.684570 0.053525
0 0.728516 0.126632 0.720703 0.121410 0.714844 0.120104 0.708984 0.124021 0.707031 0.124021 0.704102 0.126632 0.696289 0.126632 0.689453 0.131854 0.687500 0.137076 0.687500 0.146214 0.686523 0.147520 0.686523 0.156658 0.687500 0.157963 0.687500 0.163185 0.685547 0.167102 0.685547 0.174935 0.693359 0.180157 0.696289 0.185379 0.698242 0.185379 0.699219 0.186684 0.708008 0.186684 0.710938 0.189295 0.717773 0.189295 0.726562 0.182768 0.728516 0.182768 0.735352 0.178851 0.737305 0.174935 0.737305 0.171018 0.738281 0.169713 0.738281 0.164491 0.737305 0.163185 0.737305 0.157963 0.736328 0.156658 0.736328 0.148825 0.733398 0.143603 0.733398 0.133159
0 0.777344 0.090078 0.775391 0.090078 0.774414 0.088773 0.770508 0.088773 0.769531 0.090078 0.764648 0.090078 0.763672 0.091384 0.760742 0.091384 0.759766 0.092689 0.754883 0.092689 0.752930 0.093995 0.752930 0.101828 0.750977 0.104439 0.750977 0.113577 0.750000 0.114883 0.750000 0.121410 0.749023 0.122715 0.749023 0.127937 0.750000 0.129243 0.750000 0.134465 0.755859 0.150131 0.762695 0.150131 0.763672 0.148825 0.765625 0.148825 0.767578 0.146214 0.771484 0.143603 0.773438 0.143603 0.776367 0.140992 0.778320 0.140992 0.784180 0.137076 0.788086 0.133159 0.788086 0.130548 0.789062 0.129243 0.789062 0.120104 0.788086 0.118799 0.788086 0.113577 0.787109 0.112272 0.787109 0.109661 0.786133 0.107050 0.783203 0.103133 0.782227 0.099217 0.780273 0.096606 0.780273 0.095300
0 0.791016 0.099217 0.789062 0.101828 0.788086 0.107050 0.790039 0.112272 0.790039 0.120104 0.791016 0.121410 0.791016 0.134465 0.791992 0.135770 0.791992 0.138381 0.796875 0.140992 0.797852 0.142298 0.797852 0.146214 0.798828 0.147520 0.798828 0.143603 0.800781 0.140992 0.801758 0.140992 0.803711 0.143603 0.803711 0.148825 0.805664 0.151436 0.811523 0.155352 0.813477 0.155352 0.814453 0.156658 0.827148 0.156658 0.829102 0.155352 0.833984 0.146214 0.833984 0.142298 0.834961 0.140992 0.834961 0.134465 0.833984 0.133159 0.833984 0.117493 0.833008 0.114883 0.831055 0.112272 0.830078 0.112272 0.827148 0.108355 0.827148 0.107050 0.824219 0.105744 0.822266 0.103133 0.818359 0.101828 0.817383 0.100522 0.813477 0.100522 0.810547 0.097911 0.806641 0.097911 0.805664 0.096606 0.796875 0.096606 0.795898 0.097911 0.792969 0.097911
0 0.700195 0.202350 0.692383 0.193211 0.688477 0.191906 0.687500 0.190601 0.683594 0.190601 0.682617 0.189295 0.675781 0.190601 0.669922 0.194517 0.666992 0.198433 0.663086 0.199739 0.662109 0.201044 0.660156 0.201044 0.662109 0.204961 0.658203 0.211488 0.658203 0.228460 0.657227 0.229765 0.657227 0.233681 0.658203 0.236292 0.663086 0.242820 0.656250 0.251958 0.658203 0.253264 0.664062 0.253264 0.665039 0.254569 0.672852 0.254569 0.677734 0.250653 0.679688 0.250653 0.682617 0.248042 0.684570 0.248042 0.685547 0.246736 0.687500 0.246736 0.688477 0.245431 0.692383 0.244125 0.694336 0.241514 0.696289 0.236292 0.696289 0.225849 0.697266 0.224543 0.697266 0.220627 0.698242 0.219321 0.698242 0.214099 0.700195 0.208877
0 0.721680 0.194517 0.721680 0.195822 0.723633 0.195822 0.724609 0.197128 0.729492 0.197128 0.732422 0.199739 0.732422 0.201044 0.726562 0.207572 0.725586 0.207572 0.725586 0.208877 0.720703 0.215405 0.720703 0.221932 0.719727 0.223238 0.719727 0.227154 0.720703 0.228460 0.720703 0.232376 0.721680 0.233681 0.721680 0.236292 0.723633 0.241514 0.730469 0.251958 0.736328 0.253264 0.737305 0.254569 0.741211 0.254569 0.742188 0.255875 0.745117 0.255875 0.747070 0.254569 0.753906 0.234987 0.755859 0.232376 0.758789 0.224543 0.758789 0.221932 0.760742 0.216710 0.760742 0.212794 0.761719 0.211488 0.759766 0.203655 0.758789 0.203655 0.754883 0.198433 0.750977 0.195822 0.748047 0.195822 0.747070 0.194517 0.742188 0.194517 0.741211 0.193211 0.730469 0.193211 0.729492 0.191906 0.725586 0.194517
0 0.795898 0.176240 0.789062 0.176240 0.786133 0.178851 0.785156 0.177546 0.782227 0.177546 0.781250 0.178851 0.781250 0.180157 0.783203 0.182768 0.784180 0.182768 0.785156 0.185379 0.780273 0.189295 0.777344 0.197128 0.775391 0.199739 0.775391 0.203655 0.773438 0.207572 0.773438 0.212794 0.774414 0.215405 0.778320 0.220627 0.780273 0.225849 0.780273 0.229765 0.781250 0.231070 0.780273 0.233681 0.780273 0.236292 0.786133 0.240209 0.791016 0.240209 0.791992 0.238903 0.794922 0.238903 0.795898 0.237598 0.797852 0.237598 0.802734 0.231070 0.805664 0.231070 0.807617 0.229765 0.809570 0.227154 0.809570 0.224543 0.810547 0.223238 0.810547 0.212794 0.809570 0.211488 0.809570 0.198433 0.808594 0.197128 0.808594 0.194517 0.806641 0.189295 0.802734 0.182768 0.801758 0.178851 0.799805 0.177546 0.796875 0.177546
0 0.806641 0.182768 0.806641 0.187990 0.807617 0.189295 0.807617 0.191906 0.808594 0.193211 0.808594 0.195822 0.809570 0.197128 0.809570 0.207572 0.810547 0.208877 0.810547 0.215405 0.811523 0.216710 0.810547 0.218016 0.810547 0.224543 0.809570 0.225849 0.809570 0.229765 0.805664 0.234987 0.804688 0.234987 0.803711 0.236292 0.803711 0.237598 0.806641 0.240209 0.817383 0.240209 0.818359 0.238903 0.820312 0.238903 0.821289 0.237598 0.822266 0.237598 0.830078 0.227154 0.831055 0.223238 0.835938 0.216710 0.835938 0.190601 0.834961 0.189295 0.834961 0.186684 0.833984 0.185379 0.830078 0.185379 0.829102 0.184073 0.807617 0.184073
0 0.699219 0.274151 0.696289 0.274151 0.695312 0.272846 0.686523 0.272846 0.685547 0.271540 0.683594 0.271540 0.681641 0.272846 0.681641 0.274151 0.683594 0.275457 0.686523 0.275457 0.688477 0.276762 0.689453 0.279373 0.685547 0.281984 0.683594 0.284595 0.681641 0.284595 0.677734 0.288512 0.673828 0.288512 0.669922 0.292428 0.668945 0.295039 0.668945 0.312010 0.670898 0.315927 0.670898 0.325065 0.671875 0.326371 0.679688 0.331593 0.686523 0.331593 0.688477 0.328982 0.693359 0.326371 0.695312 0.323760 0.701172 0.319843 0.707031 0.310705 0.708984 0.305483 0.708984 0.300261 0.709961 0.298956 0.708984 0.284595 0.704102 0.278068 0.703125 0.278068
0 0.756836 0.248042 0.755859 0.248042 0.754883 0.246736 0.753906 0.248042 0.750977 0.248042 0.750000 0.249347 0.749023 0.253264 0.746094 0.257180 0.740234 0.257180 0.737305 0.259791 0.737305 0.261097 0.736328 0.262402 0.736328 0.265013 0.732422 0.274151 0.732422 0.279373 0.731445 0.280679 0.731445 0.284595 0.730469 0.285901 0.730469 0.288512 0.729492 0.289817 0.729492 0.295039 0.725586 0.298956 0.725586 0.300261 0.726562 0.300261 0.728516 0.302872 0.728516 0.304178 0.729492 0.304178 0.732422 0.306789 0.734375 0.306789 0.735352 0.308094 0.738281 0.308094 0.739258 0.306789 0.747070 0.306789 0.748047 0.305483 0.752930 0.302872 0.757812 0.297650 0.758789 0.297650 0.758789 0.296345 0.760742 0.292428 0.760742 0.289817 0.761719 0.288512 0.761719 0.278068 0.762695 0.276762 0.762695 0.266319 0.760742 0.262402 0.758789 0.250653
0 0.813477 0.279373 0.805664 0.279373 0.804688 0.280679 0.801758 0.281984 0.794922 0.289817 0.788086 0.292428 0.785156 0.298956 0.785156 0.300261 0.786133 0.301567 0.786133 0.309399 0.785156 0.310705 0.786133 0.312010 0.786133 0.317232 0.787109 0.318538 0.787109 0.330287 0.790039 0.334204 0.790039 0.335509 0.792969 0.339426 0.793945 0.339426 0.794922 0.340731 0.795898 0.339426 0.798828 0.339426 0.799805 0.338120 0.801758 0.338120 0.802734 0.336815 0.803711 0.336815 0.806641 0.332898 0.807617 0.332898 0.809570 0.330287 0.810547 0.330287 0.810547 0.328982 0.811523 0.327676 0.812500 0.327676 0.816406 0.322454 0.819336 0.321149 0.824219 0.314621 0.825195 0.308094 0.824219 0.306789 0.824219 0.304178 0.823242 0.302872 0.822266 0.296345 0.821289 0.295039 0.817383 0.283290
0 0.825195 0.248042 0.824219 0.249347 0.824219 0.251958 0.821289 0.255875 0.819336 0.262402 0.816406 0.267624 0.816406 0.270235 0.815430 0.271540 0.815430 0.278068 0.818359 0.281984 0.818359 0.283290 0.821289 0.289817 0.821289 0.292428 0.822266 0.293734 0.822266 0.295039 0.823242 0.296345 0.826172 0.305483 0.827148 0.305483 0.828125 0.306789 0.830078 0.306789 0.833008 0.304178 0.838867 0.304178 0.839844 0.302872 0.841797 0.302872 0.845703 0.298956 0.845703 0.297650 0.847656 0.293734 0.847656 0.285901 0.848633 0.284595 0.848633 0.281984 0.850586 0.278068 0.850586 0.271540 0.847656 0.266319 0.845703 0.259791 0.844727 0.259791 0.842773 0.257180 0.839844 0.255875 0.837891 0.253264 0.836914 0.253264 0.833984 0.250653 0.829102 0.250653 0.828125 0.249347 0.826172 0.249347
0 0.753906 0.322454 0.751953 0.322454 0.749023 0.325065 0.744141 0.326371 0.741211 0.330287 0.740234 0.330287 0.738281 0.332898 0.735352 0.334204 0.732422 0.338120 0.732422 0.342037 0.731445 0.343342 0.731445 0.349869 0.730469 0.351175 0.730469 0.366841 0.733398 0.370757 0.733398 0.372063 0.736328 0.375979 0.737305 0.375979 0.738281 0.377285 0.742188 0.377285 0.743164 0.375979 0.745117 0.375979 0.746094 0.374674 0.748047 0.374674 0.749023 0.373368 0.750977 0.373368 0.751953 0.372063 0.753906 0.372063 0.754883 0.370757 0.757812 0.370757 0.758789 0.369452 0.761719 0.369452 0.765625 0.364230 0.765625 0.362924 0.766602 0.361619 0.766602 0.348564 0.765625 0.347258 0.765625 0.343342 0.764648 0.342037 0.764648 0.338120 0.763672 0.336815 0.763672 0.331593 0.760742 0.327676 0.759766 0.327676 0.757812 0.325065 0.756836 0.325065
0 0.697266 0.330287 0.694336 0.335509 0.694336 0.340731 0.692383 0.343342 0.691406 0.345953 0.691406 0.348564 0.690430 0.349869 0.690430 0.352480 0.688477 0.355091 0.688477 0.357702 0.687500 0.359008 0.687500 0.365535 0.688477 0.366841 0.688477 0.379896 0.690430 0.383812 0.692383 0.383812 0.694336 0.386423 0.695312 0.389034 0.695312 0.392950 0.697266 0.392950 0.698242 0.394256 0.702148 0.394256 0.704102 0.392950 0.707031 0.389034 0.711914 0.389034 0.712891 0.387728 0.714844 0.387728 0.716797 0.386423 0.724609 0.375979 0.727539 0.368146 0.727539 0.364230 0.728516 0.362924 0.728516 0.356397 0.724609 0.351175 0.721680 0.349869 0.713867 0.340731 0.712891 0.340731 0.708984 0.335509 0.701172 0.330287
0 0.767578 0.377285 0.761719 0.373368 0.755859 0.373368 0.754883 0.374674 0.752930 0.374674 0.749023 0.377285 0.746094 0.377285 0.745117 0.378590 0.743164 0.378590 0.742188 0.379896 0.737305 0.381201 0.735352 0.383812 0.734375 0.383812 0.734375 0.385117 0.731445 0.389034 0.732422 0.390339 0.732422 0.395561 0.728516 0.399478 0.728516 0.415144 0.734375 0.421671 0.742188 0.426893 0.743164 0.429504 0.748047 0.429504 0.751953 0.426893 0.761719 0.426893 0.762695 0.425587 0.764648 0.425587 0.767578 0.420366 0.771484 0.409922 0.771484 0.406005 0.773438 0.400783 0.773438 0.391645 0.772461 0.390339 0.771484 0.383812 0.767578 0.378590
0 0.800781 0.342037 0.793945 0.342037 0.792969 0.343342 0.791016 0.343342 0.788086 0.347258 0.788086 0.348564 0.784180 0.353786 0.783203 0.353786 0.775391 0.364230 0.770508 0.364230 0.770508 0.365535 0.769531 0.366841 0.769531 0.369452 0.768555 0.370757 0.768555 0.373368 0.772461 0.381201 0.772461 0.383812 0.774414 0.387728 0.775391 0.394256 0.776367 0.394256 0.777344 0.395561 0.779297 0.395561 0.782227 0.398172 0.783203 0.398172 0.784180 0.396867 0.788086 0.396867 0.789062 0.395561 0.791016 0.395561 0.791992 0.394256 0.792969 0.394256 0.794922 0.391645 0.795898 0.391645 0.795898 0.390339 0.802734 0.381201 0.802734 0.379896 0.810547 0.368146 0.810547 0.364230 0.811523 0.362924 0.808594 0.356397 0.808594 0.353786 0.805664 0.348564 0.805664 0.347258 0.802734 0.343342 0.801758 0.343342
0 0.822266 0.375979 0.816406 0.375979 0.814453 0.378590 0.812500 0.378590 0.811523 0.379896 0.808594 0.381201 0.805664 0.385117 0.804688 0.385117 0.798828 0.392950 0.797852 0.392950 0.796875 0.394256 0.796875 0.395561 0.795898 0.396867 0.795898 0.400783 0.794922 0.402089 0.794922 0.407311 0.795898 0.408616 0.795898 0.421671 0.796875 0.422977 0.796875 0.424282 0.797852 0.424282 0.799805 0.426893 0.800781 0.426893 0.803711 0.429504 0.806641 0.429504 0.807617 0.430809 0.809570 0.430809 0.810547 0.432115 0.815430 0.433420 0.816406 0.432115 0.817383 0.432115 0.831055 0.413838 0.831055 0.412533 0.834961 0.408616 0.834961 0.407311 0.835938 0.406005 0.835938 0.396867 0.834961 0.395561 0.834961 0.391645 0.833984 0.390339 0.833008 0.386423 0.830078 0.382507 0.829102 0.382507 0.827148 0.379896 0.826172 0.379896
0 0.823242 0.319843 0.819336 0.325065 0.819336 0.331593 0.816406 0.336815 0.816406 0.342037 0.815430 0.343342 0.815430 0.347258 0.813477 0.351175 0.813477 0.355091 0.814453 0.356397 0.813477 0.357702 0.813477 0.364230 0.815430 0.368146 0.817383 0.368146 0.820312 0.372063 0.822266 0.373368 0.824219 0.373368 0.825195 0.374674 0.835938 0.374674 0.836914 0.375979 0.842773 0.375979 0.843750 0.377285 0.848633 0.377285 0.858398 0.362924 0.858398 0.360313 0.859375 0.359008 0.859375 0.355091 0.858398 0.353786 0.858398 0.347258 0.857422 0.345953 0.857422 0.342037 0.856445 0.340731 0.856445 0.336815 0.855469 0.334204 0.849609 0.326371 0.845703 0.323760 0.843750 0.323760 0.842773 0.322454 0.837891 0.322454 0.833984 0.319843 0.827148 0.319843 0.826172 0.318538 0.825195 0.319843
0 0.875977 0.434726 0.874023 0.434726 0.873047 0.433420 0.872070 0.433420 0.867188 0.437337 0.863281 0.437337 0.862305 0.438642 0.859375 0.438642 0.857422 0.436031 0.857422 0.434726 0.853516 0.434726 0.850586 0.439948 0.845703 0.442559 0.843750 0.446475 0.843750 0.458225 0.842773 0.459530 0.842773 0.464752 0.843750 0.466057 0.843750 0.471279 0.842773 0.472585 0.842773 0.476501 0.844727 0.479112 0.851562 0.479112 0.852539 0.477807 0.853516 0.477807 0.854492 0.476501 0.856445 0.476501 0.857422 0.475196 0.860352 0.475196 0.861328 0.473890 0.864258 0.473890 0.865234 0.472585 0.867188 0.472585 0.868164 0.471279 0.870117 0.471279 0.871094 0.469974 0.874023 0.469974 0.875000 0.468668 0.875977 0.468668 0.877930 0.466057 0.877930 0.464752 0.880859 0.459530 0.880859 0.453003 0.881836 0.451697 0.880859 0.450392 0.880859 0.447781 0.879883 0.446475 0.879883 0.445170 0.877930 0.442559 0.877930 0.439948 0.876953 0.438642 0.876953 0.436031
0 0.783203 0.472585 0.783203 0.475196 0.782227 0.476501 0.783203 0.479112 0.783203 0.486945 0.784180 0.488251 0.784180 0.493473 0.783203 0.494778 0.783203 0.498695 0.794922 0.506527 0.796875 0.506527 0.797852 0.507833 0.802734 0.509138 0.808594 0.513055 0.812500 0.513055 0.813477 0.514360 0.817383 0.511749 0.820312 0.511749 0.823242 0.507833 0.825195 0.502611 0.825195 0.500000 0.826172 0.498695 0.826172 0.490862 0.825195 0.489556 0.825195 0.484334 0.826172 0.481723 0.824219 0.477807 0.822266 0.477807 0.816406 0.472585 0.814453 0.472585 0.810547 0.468668 0.808594 0.468668 0.805664 0.466057 0.805664 0.463446 0.806641 0.462141 0.793945 0.462141 0.790039 0.466057 0.787109 0.467363 0.786133 0.469974
0 0.741211 0.434726 0.731445 0.434726 0.730469 0.436031 0.728516 0.436031 0.727539 0.437337 0.721680 0.437337 0.720703 0.438642 0.718750 0.438642 0.711914 0.443864 0.711914 0.445170 0.710938 0.446475 0.710938 0.447781 0.708984 0.450392 0.708984 0.453003 0.708008 0.454308 0.708008 0.469974 0.708984 0.471279 0.708984 0.472585 0.711914 0.476501 0.711914 0.477807 0.712891 0.477807 0.715820 0.480418 0.716797 0.480418 0.717773 0.479112 0.721680 0.479112 0.722656 0.477807 0.727539 0.477807 0.728516 0.476501 0.732422 0.476501 0.733398 0.475196 0.736328 0.475196 0.737305 0.473890 0.739258 0.473890 0.740234 0.472585 0.743164 0.472585 0.744141 0.471279 0.745117 0.471279 0.747070 0.468668 0.747070 0.464752 0.748047 0.463446 0.748047 0.453003 0.747070 0.451697 0.747070 0.447781 0.746094 0.446475 0.744141 0.439948 0.742188 0.437337 0.742188 0.436031
0 0.762695 0.459530 0.758789 0.459530 0.758789 0.462141 0.753906 0.468668 0.751953 0.469974 0.748047 0.469974 0.747070 0.471279 0.747070 0.477807 0.744141 0.484334 0.744141 0.486945 0.738281 0.494778 0.737305 0.497389 0.737305 0.503916 0.741211 0.509138 0.745117 0.511749 0.751953 0.519582 0.753906 0.519582 0.754883 0.520888 0.757812 0.519582 0.762695 0.513055 0.764648 0.511749 0.766602 0.511749 0.770508 0.509138 0.773438 0.505222 0.773438 0.503916 0.777344 0.501305 0.780273 0.497389 0.781250 0.494778 0.781250 0.480418 0.778320 0.472585 0.775391 0.468668 0.775391 0.467363 0.771484 0.463446 0.766602 0.464752
