0 0.032227 0.397135 0.032227 0.398438 0.029297 0.401042 0.026367 0.406250 0.023438 0.417969 0.023438 0.434896 0.026367 0.444010 0.027344 0.444010 0.033203 0.453125 0.039062 0.457031 0.040039 0.459635 0.042969 0.460938 0.045898 0.464844 0.047852 0.464844 0.051758 0.468750 0.063477 0.476562 0.066406 0.476562 0.070312 0.473958 0.076172 0.466146 0.077148 0.466146 0.084961 0.454427 0.084961 0.442708 0.086914 0.438802 0.086914 0.436198 0.084961 0.433594 0.080078 0.433594 0.077148 0.428385 0.068359 0.417969 0.068359 0.416667 0.064453 0.414062 0.059570 0.414062 0.058594 0.411458 0.050781 0.402344 0.050781 0.398438 0.049805 0.397135 0.043945 0.395833 0.041992 0.399740 0.038086 0.399740 0.037109 0.397135
0 0.059570 0.321615 0.057617 0.328125 0.057617 0.345052 0.060547 0.351562 0.060547 0.355469 0.061523 0.355469 0.064453 0.359375 0.064453 0.360677 0.068359 0.364583 0.071289 0.371094 0.071289 0.375000 0.074219 0.382812 0.079102 0.389323 0.086914 0.393229 0.089844 0.393229 0.090820 0.394531 0.097656 0.394531 0.098633 0.393229 0.102539 0.393229 0.108398 0.389323 0.114258 0.382812 0.114258 0.375000 0.113281 0.373698 0.112305 0.367188 0.109375 0.363281 0.109375 0.360677 0.107422 0.358073 0.104492 0.348958 0.101562 0.345052 0.094727 0.342448 0.092773 0.339844 0.091797 0.333333 0.090820 0.332031 0.090820 0.328125 0.089844 0.326823 0.089844 0.322917 0.088867 0.321615 0.083984 0.319010 0.080078 0.319010 0.079102 0.317708 0.074219 0.317708 0.073242 0.319010 0.070312 0.319010 0.067383 0.321615 0.066406 0.320312 0.060547 0.320312
0 0.095703 0.296875 0.090820 0.308594 0.090820 0.322917 0.091797 0.324219 0.091797 0.328125 0.094727 0.332031 0.098633 0.332031 0.101562 0.335938 0.104492 0.343750 0.107422 0.345052 0.113281 0.351562 0.130859 0.363281 0.134766 0.363281 0.137695 0.365885 0.146484 0.364583 0.156250 0.355469 0.160156 0.345052 0.160156 0.337240 0.161133 0.335938 0.161133 0.329427 0.158203 0.320312 0.160156 0.316406 0.160156 0.312500 0.159180 0.311198 0.159180 0.304688 0.157227 0.302083 0.151367 0.302083 0.142578 0.292969 0.138672 0.291667 0.134766 0.286458 0.127930 0.282552 0.117188 0.282552 0.110352 0.286458 0.107422 0.286458 0.102539 0.289062
0 0.168945 0.356771 0.162109 0.355469 0.161133 0.359375 0.155273 0.365885 0.148438 0.365885 0.144531 0.368490 0.134766 0.368490 0.132812 0.365885 0.126953 0.364583 0.123047 0.368490 0.119141 0.376302 0.116211 0.386719 0.116211 0.399740 0.117188 0.401042 0.117188 0.404948 0.120117 0.411458 0.134766 0.429688 0.151367 0.438802 0.158203 0.438802 0.163086 0.432292 0.177734 0.406250 0.179688 0.399740 0.179688 0.395833 0.183594 0.389323 0.183594 0.382812 0.182617 0.378906 0.178711 0.373698 0.178711 0.371094
0 0.093750 0.421875 0.092773 0.424479 0.092773 0.430990 0.091797 0.432292 0.091797 0.444010 0.092773 0.445312 0.092773 0.449219 0.095703 0.455729 0.105469 0.468750 0.111328 0.473958 0.126953 0.483073 0.133789 0.483073 0.140625 0.479167 0.147461 0.479167 0.149414 0.476562 0.150391 0.470052 0.152344 0.466146 0.152344 0.458333 0.140625 0.444010 0.136719 0.436198 0.134766 0.434896 0.124023 0.419271 0.114258 0.412760 0.113281 0.414062 0.110352 0.414062 0.107422 0.416667 0.096680 0.419271
0 0.072266 0.475260 0.069336 0.477865 0.065430 0.479167 0.060547 0.485677 0.059570 0.488281 0.059570 0.490885 0.057617 0.496094 0.057617 0.507812 0.058594 0.509115 0.058594 0.515625 0.060547 0.520833 0.064453 0.526042 0.064453 0.527344 0.068359 0.532552 0.068359 0.533854 0.073242 0.541667 0.075195 0.541667 0.078125 0.544271 0.083984 0.544271 0.084961 0.542969 0.088867 0.541667 0.096680 0.532552 0.100586 0.529948 0.108398 0.519531 0.112305 0.509115 0.112305 0.500000 0.110352 0.497396 0.107422 0.489583 0.104492 0.485677 0.099609 0.481771 0.097656 0.481771 0.093750 0.479167 0.090820 0.479167 0.089844 0.477865 0.073242 0.476562
0 0.088867 0.548177 0.087891 0.550781 0.087891 0.565104 0.088867 0.566406 0.088867 0.571615 0.089844 0.572917 0.089844 0.576823 0.090820 0.578125 0.091797 0.588542 0.094727 0.593750 0.098633 0.595052 0.099609 0.596354 0.102539 0.596354 0.103516 0.597656 0.108398 0.597656 0.109375 0.598958 0.117188 0.598958 0.118164 0.597656 0.121094 0.597656 0.122070 0.596354 0.126953 0.595052 0.131836 0.591146 0.133789 0.591146 0.135742 0.589844 0.139648 0.584635 0.140625 0.579427 0.142578 0.575521 0.142578 0.570312 0.138672 0.565104 0.133789 0.562500 0.131836 0.559896 0.128906 0.558594 0.123047 0.552083 0.122070 0.552083 0.115234 0.542969 0.115234 0.541667 0.101562 0.541667 0.098633 0.544271 0.094727 0.544271
0 0.117188 0.511719 0.114258 0.516927 0.114258 0.523438 0.115234 0.524740 0.115234 0.529948 0.116211 0.531250 0.116211 0.533854 0.118164 0.537760 0.118164 0.544271 0.122070 0.549479 0.125000 0.550781 0.130859 0.557292 0.139648 0.562500 0.141602 0.565104 0.144531 0.566406 0.148438 0.570312 0.156250 0.570312 0.162109 0.563802 0.163086 0.561198 0.163086 0.546875 0.164062 0.545573 0.164062 0.531250 0.165039 0.529948 0.165039 0.518229 0.162109 0.509115 0.158203 0.509115 0.156250 0.506510 0.154297 0.505208 0.151367 0.505208 0.150391 0.503906 0.134766 0.503906 0.133789 0.505208 0.125000 0.506510
0 0.180664 0.554688 0.179688 0.555990 0.173828 0.555990 0.172852 0.557292 0.168945 0.557292 0.167969 0.558594 0.166016 0.558594 0.163086 0.563802 0.163086 0.565104 0.158203 0.571615 0.153320 0.572917 0.152344 0.575521 0.147461 0.580729 0.147461 0.588542 0.152344 0.597656 0.152344 0.600260 0.155273 0.605469 0.155273 0.606771 0.157227 0.608073 0.161133 0.613281 0.170898 0.619792 0.176758 0.619792 0.177734 0.618490 0.181641 0.618490 0.185547 0.613281 0.188477 0.611979 0.196289 0.601562 0.196289 0.597656 0.195312 0.595052 0.192383 0.591146 0.192383 0.589844 0.188477 0.583333 0.187500 0.579427 0.185547 0.576823 0.185547 0.574219 0.184570 0.572917 0.184570 0.569010 0.182617 0.563802 0.182617 0.559896
0 0.111328 0.627604 0.107422 0.630208 0.103516 0.635417 0.102539 0.635417 0.100586 0.638021 0.098633 0.643229 0.098633 0.653646 0.097656 0.654948 0.097656 0.658854 0.098633 0.660156 0.098633 0.671875 0.102539 0.678385 0.105469 0.679688 0.110352 0.686198 0.114258 0.688802 0.116211 0.688802 0.117188 0.690104 0.121094 0.690104 0.123047 0.691406 0.128906 0.687500 0.130859 0.687500 0.133789 0.683594 0.134766 0.683594 0.137695 0.679688 0.138672 0.679688 0.139648 0.677083 0.146484 0.671875 0.150391 0.665365 0.151367 0.657552 0.150391 0.656250 0.150391 0.652344 0.146484 0.647135 0.146484 0.645833 0.144531 0.644531 0.141602 0.644531 0.137695 0.640625 0.134766 0.639323 0.131836 0.635417 0.130859 0.635417 0.126953 0.628906 0.125000 0.628906 0.124023 0.627604
0 0.231445 0.653646 0.230469 0.652344 0.230469 0.649740 0.229492 0.648438 0.228516 0.643229 0.224609 0.638021 0.220703 0.636719 0.219727 0.635417 0.218750 0.636719 0.207031 0.636719 0.203125 0.640625 0.195312 0.643229 0.192383 0.645833 0.187500 0.645833 0.186523 0.647135 0.183594 0.647135 0.182617 0.648438 0.180664 0.648438 0.177734 0.644531 0.177734 0.641927 0.176758 0.643229 0.176758 0.645833 0.172852 0.652344 0.172852 0.664062 0.176758 0.670573 0.176758 0.671875 0.180664 0.675781 0.182617 0.675781 0.185547 0.678385 0.188477 0.678385 0.189453 0.679688 0.195312 0.679688 0.196289 0.680990 0.199219 0.680990 0.200195 0.683594 0.203125 0.683594 0.204102 0.682292 0.206055 0.683594 0.208984 0.683594 0.212891 0.680990 0.216797 0.680990 0.217773 0.679688 0.219727 0.679688 0.222656 0.675781 0.223633 0.675781 0.228516 0.669271 0.229492 0.666667 0.229492 0.662760 0.230469 0.661458 0.230469 0.654948
0 0.183594 0.550781 0.182617 0.554688 0.183594 0.555990 0.183594 0.559896 0.184570 0.561198 0.184570 0.565104 0.185547 0.566406 0.185547 0.571615 0.186523 0.572917 0.186523 0.575521 0.189453 0.580729 0.190430 0.584635 0.193359 0.588542 0.193359 0.591146 0.199219 0.600260 0.201172 0.601562 0.209961 0.601562 0.210938 0.600260 0.215820 0.600260 0.216797 0.598958 0.219727 0.598958 0.220703 0.597656 0.224609 0.596354 0.226562 0.593750 0.230469 0.591146 0.230469 0.589844 0.232422 0.587240 0.232422 0.584635 0.229492 0.580729 0.226562 0.572917 0.226562 0.567708 0.225586 0.566406 0.225586 0.557292 0.224609 0.554688 0.222656 0.553385 0.213867 0.541667 0.211914 0.540365 0.203125 0.540365 0.202148 0.541667 0.197266 0.541667 0.196289 0.542969 0.193359 0.542969 0.192383 0.544271 0.190430 0.544271
0 0.161133 0.454427 0.161133 0.459635 0.158203 0.463542 0.155273 0.472656 0.155273 0.481771 0.158203 0.489583 0.166992 0.498698 0.169922 0.505208 0.173828 0.510417 0.175781 0.515625 0.177734 0.515625 0.178711 0.516927 0.182617 0.516927 0.183594 0.515625 0.185547 0.516927 0.199219 0.516927 0.200195 0.515625 0.204102 0.515625 0.208008 0.513021 0.215820 0.501302 0.216797 0.498698 0.216797 0.492188 0.211914 0.492188 0.210938 0.496094 0.208984 0.498698 0.199219 0.498698 0.191406 0.493490 0.189453 0.493490 0.176758 0.479167 0.175781 0.476562 0.175781 0.468750 0.174805 0.467448 0.174805 0.460938 0.173828 0.458333 0.169922 0.455729 0.166992 0.451823 0.164062 0.451823
0 0.209961 0.416667 0.204102 0.417969 0.202148 0.424479 0.187500 0.425781 0.177734 0.436198 0.174805 0.436198 0.173828 0.434896 0.171875 0.442708 0.171875 0.453125 0.175781 0.460938 0.175781 0.468750 0.177734 0.475260 0.177734 0.480469 0.181641 0.485677 0.186523 0.488281 0.188477 0.490885 0.193359 0.492188 0.197266 0.496094 0.201172 0.496094 0.204102 0.498698 0.208984 0.497396 0.212891 0.492188 0.215820 0.490885 0.224609 0.477865 0.227539 0.476562 0.232422 0.471354 0.236328 0.464844 0.236328 0.445312 0.235352 0.444010 0.236328 0.440104 0.235352 0.436198 0.230469 0.436198 0.227539 0.432292 0.227539 0.429688 0.224609 0.428385 0.223633 0.425781 0.219727 0.423177 0.217773 0.419271 0.215820 0.417969 0.210938 0.417969
0 0.243164 0.319010 0.230469 0.317708 0.220703 0.320312 0.218750 0.322917 0.214844 0.324219 0.210938 0.329427 0.205078 0.330729 0.192383 0.347656 0.191406 0.350260 0.192383 0.361979 0.199219 0.386719 0.201172 0.403646 0.205078 0.410156 0.214844 0.414062 0.229492 0.414062 0.230469 0.415365 0.237305 0.414062 0.245117 0.406250 0.253906 0.402344 0.258789 0.394531 0.261719 0.386719 0.260742 0.385417 0.261719 0.372396 0.254883 0.348958 0.249023 0.342448 0.237305 0.335938 0.232422 0.329427 0.240234 0.322917 0.242188 0.328125 0.247070 0.332031 0.250000 0.337240 0.251953 0.337240 0.252930 0.335938 0.249023 0.329427 0.249023 0.325521
0 0.180664 0.244792 0.177734 0.250000 0.177734 0.253906 0.174805 0.261719 0.174805 0.277344 0.181641 0.298177 0.187500 0.305990 0.194336 0.312500 0.207031 0.320312 0.219727 0.319010 0.228516 0.313802 0.230469 0.309896 0.230469 0.257812 0.229492 0.256510 0.229492 0.252604 0.222656 0.248698 0.220703 0.246094 0.218750 0.246094 0.210938 0.240885 0.207031 0.240885 0.206055 0.239583 0.192383 0.239583 0.185547 0.244792
0 0.287109 0.194010 0.273438 0.203125 0.263672 0.217448 0.262695 0.229167 0.261719 0.230469 0.262695 0.231771 0.263672 0.242188 0.268555 0.257812 0.279297 0.272135 0.294922 0.282552 0.297852 0.282552 0.302734 0.285156 0.309570 0.285156 0.314453 0.279948 0.315430 0.274740 0.317383 0.272135 0.317383 0.269531 0.322266 0.256510 0.322266 0.252604 0.325195 0.244792 0.326172 0.236979 0.328125 0.231771 0.328125 0.221354 0.326172 0.220052 0.317383 0.207031 0.311523 0.201823 0.304688 0.197917 0.299805 0.197917 0.291992 0.194010
0 0.267578 0.281250 0.252930 0.304688 0.252930 0.312500 0.251953 0.313802 0.252930 0.316406 0.252930 0.325521 0.257812 0.338542 0.267578 0.351562 0.271484 0.355469 0.277344 0.358073 0.281250 0.363281 0.285156 0.365885 0.288086 0.365885 0.292969 0.363281 0.305664 0.361979 0.314453 0.355469 0.320312 0.345052 0.324219 0.332031 0.324219 0.328125 0.326172 0.325521 0.326172 0.312500 0.322266 0.304688 0.309570 0.290365 0.297852 0.287760 0.295898 0.285156 0.284180 0.279948
0 0.325195 0.378906 0.316406 0.378906 0.310547 0.382812 0.304688 0.384115 0.301758 0.386719 0.298828 0.386719 0.295898 0.389323 0.291016 0.389323 0.287109 0.393229 0.283203 0.393229 0.279297 0.398438 0.279297 0.401042 0.278320 0.402344 0.278320 0.412760 0.284180 0.424479 0.291992 0.434896 0.295898 0.437500 0.300781 0.438802 0.307617 0.445312 0.313477 0.445312 0.317383 0.442708 0.325195 0.442708 0.333984 0.436198 0.339844 0.434896 0.341797 0.432292 0.342773 0.424479 0.343750 0.423177 0.343750 0.415365 0.344727 0.414062 0.344727 0.408854 0.343750 0.407552 0.342773 0.397135 0.341797 0.394531 0.340820 0.394531 0.339844 0.391927 0.338867 0.391927 0.334961 0.386719 0.334961 0.385417
0 0.247070 0.432292 0.245117 0.442708 0.241211 0.454427 0.241211 0.466146 0.242188 0.467448 0.242188 0.471354 0.244141 0.476562 0.245117 0.484375 0.249023 0.492188 0.250977 0.493490 0.255859 0.492188 0.262695 0.497396 0.264648 0.496094 0.268555 0.496094 0.278320 0.489583 0.283203 0.488281 0.290039 0.483073 0.298828 0.480469 0.304688 0.475260 0.305664 0.468750 0.302734 0.458333 0.301758 0.449219 0.295898 0.441406 0.285156 0.432292 0.282227 0.428385 0.281250 0.423177 0.278320 0.419271 0.272461 0.416667 0.262695 0.416667 0.261719 0.417969 0.258789 0.417969 0.251953 0.423177
0 0.220703 0.490885 0.219727 0.493490 0.219727 0.498698 0.218750 0.500000 0.218750 0.505208 0.217773 0.506510 0.217773 0.514323 0.215820 0.519531 0.215820 0.523438 0.213867 0.527344 0.212891 0.536458 0.213867 0.539062 0.214844 0.539062 0.221680 0.549479 0.223633 0.550781 0.229492 0.550781 0.230469 0.552083 0.242188 0.552083 0.243164 0.550781 0.248047 0.550781 0.261719 0.542969 0.263672 0.540365 0.270508 0.536458 0.273438 0.531250 0.273438 0.524740 0.274414 0.523438 0.274414 0.516927 0.270508 0.503906 0.266602 0.503906 0.257812 0.498698 0.250977 0.497396 0.243164 0.489583 0.238281 0.489583 0.237305 0.488281 0.224609 0.488281
0 0.273438 0.541667 0.259766 0.550781 0.250977 0.562500 0.250977 0.565104 0.250000 0.566406 0.250000 0.578125 0.250977 0.579427 0.250977 0.583333 0.251953 0.584635 0.252930 0.591146 0.258789 0.601562 0.267578 0.609375 0.271484 0.614583 0.273438 0.615885 0.281250 0.615885 0.282227 0.617188 0.283203 0.615885 0.286133 0.615885 0.288086 0.614583 0.292969 0.605469 0.296875 0.593750 0.301758 0.584635 0.303711 0.579427 0.303711 0.576823 0.306641 0.570312 0.306641 0.562500 0.305664 0.559896 0.292969 0.553385 0.287109 0.545573 0.287109 0.544271 0.284180 0.541667
0 0.228516 0.610677 0.228516 0.614583 0.227539 0.615885 0.227539 0.623698 0.228516 0.625000 0.229492 0.636719 0.231445 0.639323 0.243164 0.647135 0.246094 0.647135 0.247070 0.648438 0.263672 0.648438 0.264648 0.647135 0.273438 0.647135 0.274414 0.645833 0.277344 0.645833 0.282227 0.641927 0.282227 0.630208 0.283203 0.628906 0.283203 0.626302 0.282227 0.625000 0.282227 0.621094 0.280273 0.618490 0.274414 0.618490 0.268555 0.614583 0.264648 0.609375 0.262695 0.608073 0.257812 0.606771 0.256836 0.608073 0.250977 0.608073 0.250000 0.609375 0.243164 0.609375 0.237305 0.605469 0.235352 0.605469 0.233398 0.602865 0.232422 0.602865 0.230469 0.605469
0 0.274414 0.652344 0.269531 0.651042 0.268555 0.652344 0.261719 0.652344 0.260742 0.653646 0.251953 0.653646 0.250977 0.654948 0.247070 0.654948 0.245117 0.656250 0.240234 0.662760 0.238281 0.667969 0.238281 0.670573 0.237305 0.671875 0.237305 0.677083 0.236328 0.678385 0.236328 0.686198 0.237305 0.687500 0.237305 0.690104 0.248047 0.704427 0.254883 0.704427 0.255859 0.703125 0.264648 0.701823 0.265625 0.700521 0.267578 0.700521 0.273438 0.696615 0.275391 0.696615 0.276367 0.695312 0.278320 0.695312 0.280273 0.694010 0.282227 0.687500 0.284180 0.684896 0.284180 0.683594 0.287109 0.678385 0.286133 0.677083 0.286133 0.673177 0.281250 0.666667 0.279297 0.661458 0.278320 0.661458 0.275391 0.657552 0.275391 0.654948
0 0.125977 0.750000 0.125977 0.756510 0.129883 0.766927 0.133789 0.772135 0.143555 0.778646 0.146484 0.778646 0.147461 0.779948 0.151367 0.779948 0.152344 0.781250 0.154297 0.781250 0.158203 0.783854 0.166992 0.783854 0.167969 0.782552 0.169922 0.782552 0.173828 0.779948 0.180664 0.772135 0.180664 0.766927 0.179688 0.765625 0.174805 0.763021 0.167969 0.755208 0.166992 0.755208 0.163086 0.750000 0.160156 0.748698 0.146484 0.731771 0.141602 0.731771 0.139648 0.734375 0.137695 0.734375 0.135742 0.735677 0.134766 0.738281 0.132812 0.738281 0.128906 0.743490 0.127930 0.743490 0.127930 0.746094
0 0.230469 0.734375 0.230469 0.736979 0.232422 0.742188 0.232422 0.746094 0.236328 0.756510 0.238281 0.759115 0.239258 0.763021 0.241211 0.765625 0.243164 0.770833 0.245117 0.770833 0.246094 0.772135 0.255859 0.772135 0.256836 0.770833 0.259766 0.770833 0.260742 0.769531 0.266602 0.769531 0.279297 0.757812 0.279297 0.751302 0.280273 0.750000 0.280273 0.743490 0.281250 0.742188 0.280273 0.739583 0.280273 0.735677 0.278320 0.733073 0.275391 0.733073 0.272461 0.727865 0.270508 0.727865 0.269531 0.726562 0.266602 0.726562 0.264648 0.723958 0.249023 0.723958 0.248047 0.725260 0.243164 0.725260 0.242188 0.726562 0.240234 0.726562 0.237305 0.729167 0.235352 0.729167 0.231445 0.731771
0 0.329102 0.722656 0.324219 0.722656 0.323242 0.721354 0.319336 0.721354 0.318359 0.720052 0.315430 0.720052 0.314453 0.718750 0.311523 0.718750 0.310547 0.717448 0.304688 0.717448 0.302734 0.718750 0.302734 0.720052 0.300781 0.721354 0.299805 0.723958 0.292969 0.733073 0.291992 0.736979 0.290039 0.739583 0.286133 0.750000 0.286133 0.753906 0.285156 0.755208 0.285156 0.757812 0.288086 0.761719 0.293945 0.765625 0.298828 0.766927 0.299805 0.768229 0.310547 0.768229 0.311523 0.766927 0.313477 0.766927 0.314453 0.765625 0.317383 0.765625 0.320312 0.763021 0.322266 0.763021 0.324219 0.760417 0.325195 0.760417 0.329102 0.755208 0.330078 0.752604 0.329102 0.750000 0.329102 0.747396 0.331055 0.743490 0.331055 0.735677 0.328125 0.730469 0.331055 0.726562
0 0.342773 0.709635 0.341797 0.712240 0.338867 0.716146 0.337891 0.716146 0.337891 0.718750 0.336914 0.720052 0.336914 0.722656 0.334961 0.727865 0.333984 0.738281 0.331055 0.746094 0.332031 0.751302 0.333008 0.752604 0.333008 0.755208 0.334961 0.757812 0.338867 0.760417 0.340820 0.760417 0.344727 0.763021 0.350586 0.763021 0.351562 0.764323 0.361328 0.763021 0.365234 0.760417 0.369141 0.760417 0.370117 0.759115 0.374023 0.757812 0.377930 0.752604 0.378906 0.748698 0.382812 0.743490 0.383789 0.740885 0.383789 0.721354 0.379883 0.710938 0.376953 0.708333 0.368164 0.708333 0.367188 0.709635 0.355469 0.709635 0.354492 0.708333 0.348633 0.708333 0.347656 0.709635
0 0.428711 0.709635 0.421875 0.708333 0.420898 0.709635 0.416992 0.709635 0.416016 0.710938 0.406250 0.710938 0.405273 0.712240 0.403320 0.712240 0.402344 0.713542 0.398438 0.713542 0.397461 0.714844 0.394531 0.714844 0.392578 0.712240 0.391602 0.712240 0.391602 0.713542 0.388672 0.717448 0.388672 0.727865 0.390625 0.731771 0.390625 0.734375 0.391602 0.736979 0.398438 0.746094 0.398438 0.747396 0.401367 0.751302 0.402344 0.751302 0.404297 0.753906 0.405273 0.753906 0.407227 0.756510 0.411133 0.759115 0.415039 0.759115 0.416016 0.760417 0.420898 0.760417 0.421875 0.759115 0.424805 0.759115 0.425781 0.757812 0.427734 0.757812 0.429688 0.756510 0.431641 0.752604 0.431641 0.750000 0.434570 0.742188 0.434570 0.738281 0.435547 0.736979 0.435547 0.730469 0.436523 0.729167 0.436523 0.720052 0.435547 0.717448 0.434570 0.717448
0 0.430664 0.699219 0.431641 0.704427 0.433594 0.707031 0.436523 0.708333 0.441406 0.716146 0.445312 0.717448 0.447266 0.720052 0.451172 0.722656 0.453125 0.721354 0.466797 0.721354 0.467773 0.720052 0.469727 0.720052 0.472656 0.717448 0.474609 0.717448 0.481445 0.713542 0.486328 0.704427 0.486328 0.700521 0.488281 0.696615 0.488281 0.694010 0.487305 0.691406 0.482422 0.684896 0.482422 0.683594 0.479492 0.683594 0.478516 0.684896 0.477539 0.683594 0.473633 0.682292 0.470703 0.684896 0.449219 0.686198 0.448242 0.684896 0.445312 0.684896 0.444336 0.683594 0.445312 0.682292 0.448242 0.682292 0.450195 0.680990 0.450195 0.678385 0.442383 0.678385 0.441406 0.679688 0.438477 0.679688 0.438477 0.680990 0.434570 0.684896 0.431641 0.692708 0.431641 0.697917
0 0.337891 0.666667 0.333984 0.660156 0.328125 0.660156 0.327148 0.661458 0.324219 0.661458 0.323242 0.662760 0.318359 0.662760 0.317383 0.664062 0.305664 0.664062 0.304688 0.665365 0.302734 0.665365 0.297852 0.670573 0.295898 0.670573 0.289062 0.679688 0.289062 0.680990 0.286133 0.684896 0.284180 0.690104 0.284180 0.695312 0.285156 0.697917 0.290039 0.704427 0.299805 0.710938 0.301758 0.710938 0.307617 0.714844 0.310547 0.714844 0.317383 0.718750 0.321289 0.718750 0.322266 0.720052 0.327148 0.720052 0.328125 0.718750 0.330078 0.718750 0.333008 0.714844 0.338867 0.710938 0.340820 0.707031 0.340820 0.692708 0.339844 0.691406 0.339844 0.684896 0.338867 0.683594 0.338867 0.671875 0.337891 0.670573
0 0.348633 0.648438 0.350586 0.648438 0.353516 0.652344 0.346680 0.660156 0.344727 0.669271 0.343750 0.670573 0.343750 0.677083 0.342773 0.678385 0.343750 0.679688 0.343750 0.687500 0.345703 0.691406 0.345703 0.694010 0.352539 0.705729 0.355469 0.705729 0.356445 0.707031 0.368164 0.707031 0.369141 0.705729 0.375000 0.705729 0.375977 0.704427 0.386719 0.701823 0.393555 0.696615 0.395508 0.691406 0.395508 0.687500 0.396484 0.686198 0.396484 0.680990 0.397461 0.679688 0.397461 0.670573 0.398438 0.669271 0.398438 0.662760 0.395508 0.654948 0.387695 0.654948 0.382812 0.652344 0.375977 0.652344 0.375000 0.653646 0.364258 0.653646 0.363281 0.652344 0.353516 0.651042 0.352539 0.648438
0 0.442383 0.619792 0.438477 0.623698 0.430664 0.623698 0.429688 0.625000 0.426758 0.625000 0.425781 0.626302 0.420898 0.626302 0.417969 0.630208 0.417969 0.631510 0.413086 0.636719 0.411133 0.641927 0.411133 0.644531 0.412109 0.645833 0.412109 0.653646 0.413086 0.654948 0.413086 0.660156 0.414062 0.662760 0.422852 0.673177 0.426758 0.675781 0.433594 0.677083 0.434570 0.675781 0.437500 0.675781 0.438477 0.674479 0.440430 0.674479 0.446289 0.669271 0.448242 0.669271 0.452148 0.666667 0.454102 0.664062 0.456055 0.664062 0.458008 0.662760 0.461914 0.657552 0.462891 0.657552 0.462891 0.654948 0.463867 0.653646 0.463867 0.645833 0.462891 0.644531 0.462891 0.641927 0.461914 0.639323 0.454102 0.628906 0.453125 0.628906 0.451172 0.626302 0.448242 0.625000 0.446289 0.622396
0 0.472656 0.631510 0.470703 0.636719 0.470703 0.639323 0.469727 0.640625 0.469727 0.651042 0.470703 0.652344 0.470703 0.656250 0.473633 0.664062 0.483398 0.677083 0.485352 0.678385 0.488281 0.678385 0.489258 0.679688 0.503906 0.679688 0.505859 0.677083 0.506836 0.677083 0.507812 0.674479 0.512695 0.667969 0.513672 0.667969 0.513672 0.666667 0.516602 0.662760 0.518555 0.657552 0.524414 0.648438 0.524414 0.644531 0.521484 0.636719 0.515625 0.628906 0.511719 0.626302 0.507812 0.626302 0.506836 0.625000 0.503906 0.625000 0.502930 0.623698 0.496094 0.623698 0.492188 0.621094 0.487305 0.621094 0.486328 0.622396 0.484375 0.622396 0.481445 0.626302 0.479492 0.626302 0.475586 0.630208
0 0.497070 0.600260 0.494141 0.593750 0.493164 0.585938 0.490234 0.580729 0.490234 0.575521 0.486328 0.569010 0.481445 0.569010 0.475586 0.572917 0.467773 0.572917 0.466797 0.574219 0.461914 0.574219 0.458984 0.576823 0.453125 0.578125 0.449219 0.580729 0.447266 0.583333 0.444336 0.584635 0.442383 0.588542 0.442383 0.596354 0.440430 0.600260 0.439453 0.610677 0.442383 0.615885 0.446289 0.618490 0.450195 0.623698 0.453125 0.625000 0.458984 0.631510 0.462891 0.632812 0.486328 0.617188 0.488281 0.617188 0.496094 0.611979 0.497070 0.609375
0 0.409180 0.626302 0.408203 0.625000 0.408203 0.622396 0.406250 0.619792 0.404297 0.619792 0.400391 0.615885 0.398438 0.615885 0.397461 0.614583 0.393555 0.614583 0.392578 0.613281 0.384766 0.613281 0.383789 0.614583 0.375000 0.614583 0.374023 0.615885 0.360352 0.615885 0.359375 0.614583 0.356445 0.614583 0.354492 0.617188 0.353516 0.617188 0.350586 0.622396 0.350586 0.638021 0.351562 0.639323 0.351562 0.641927 0.352539 0.644531 0.355469 0.645833 0.357422 0.648438 0.359375 0.648438 0.360352 0.649740 0.363281 0.649740 0.364258 0.651042 0.373047 0.651042 0.374023 0.649740 0.375977 0.649740 0.379883 0.647135 0.386719 0.647135 0.387695 0.648438 0.395508 0.648438 0.399414 0.645833 0.405273 0.638021 0.406250 0.634115 0.408203 0.631510 0.408203 0.627604
0 0.341797 0.622396 0.338867 0.618490 0.336914 0.613281 0.331055 0.605469 0.327148 0.604167 0.326172 0.602865 0.323242 0.602865 0.321289 0.604167 0.317383 0.601562 0.311523 0.605469 0.309570 0.605469 0.307617 0.608073 0.300781 0.611979 0.298828 0.614583 0.296875 0.614583 0.295898 0.615885 0.291016 0.615885 0.290039 0.617188 0.290039 0.621094 0.289062 0.623698 0.286133 0.627604 0.285156 0.640625 0.284180 0.641927 0.287109 0.645833 0.290039 0.653646 0.294922 0.660156 0.297852 0.660156 0.298828 0.661458 0.314453 0.661458 0.315430 0.660156 0.318359 0.660156 0.319336 0.658854 0.325195 0.658854 0.333008 0.652344 0.333984 0.649740 0.338867 0.643229 0.341797 0.641927 0.342773 0.639323 0.342773 0.628906 0.341797 0.627604
0 0.336914 0.542969 0.331055 0.548177 0.327148 0.553385 0.325195 0.553385 0.325195 0.555990 0.322266 0.561198 0.322266 0.563802 0.320312 0.569010 0.320312 0.572917 0.319336 0.574219 0.319336 0.585938 0.330078 0.602865 0.333984 0.605469 0.342773 0.617188 0.347656 0.618490 0.353516 0.613281 0.353516 0.611979 0.362305 0.600260 0.366211 0.592448 0.373047 0.583333 0.374023 0.580729 0.374023 0.572917 0.370117 0.567708 0.368164 0.562500 0.361328 0.555990 0.359375 0.555990 0.358398 0.554688 0.353516 0.554688 0.350586 0.552083 0.347656 0.552083 0.346680 0.550781 0.335938 0.550781 0.334961 0.549479 0.334961 0.546875 0.335938 0.545573 0.342773 0.545573 0.343750 0.544271 0.343750 0.542969
0 0.311523 0.488281 0.305664 0.488281 0.291016 0.496094 0.289062 0.500000 0.284180 0.505208 0.281250 0.511719 0.277344 0.516927 0.277344 0.526042 0.278320 0.528646 0.281250 0.531250 0.286133 0.537760 0.287109 0.541667 0.288086 0.541667 0.293945 0.549479 0.298828 0.553385 0.301758 0.553385 0.302734 0.554688 0.303711 0.553385 0.305664 0.553385 0.306641 0.552083 0.308594 0.552083 0.309570 0.550781 0.311523 0.550781 0.312500 0.549479 0.314453 0.549479 0.315430 0.548177 0.317383 0.548177 0.327148 0.542969 0.330078 0.542969 0.337891 0.537760 0.339844 0.533854 0.337891 0.518229 0.333984 0.513021 0.325195 0.507812 0.319336 0.496094 0.318359 0.496094
0 0.364258 0.541667 0.364258 0.546875 0.369141 0.561198 0.375000 0.570312 0.377930 0.571615 0.381836 0.576823 0.383789 0.578125 0.392578 0.578125 0.393555 0.579427 0.398438 0.579427 0.399414 0.580729 0.401367 0.579427 0.406250 0.579427 0.407227 0.578125 0.409180 0.578125 0.411133 0.576823 0.415039 0.571615 0.418945 0.569010 0.418945 0.567708 0.421875 0.563802 0.422852 0.558594 0.423828 0.557292 0.423828 0.545573 0.422852 0.542969 0.417969 0.536458 0.414062 0.535156 0.413086 0.533854 0.405273 0.533854 0.404297 0.532552 0.381836 0.532552 0.380859 0.533854 0.374023 0.533854 0.373047 0.532552 0.372070 0.533854 0.368164 0.533854 0.365234 0.537760 0.365234 0.540365
0 0.461914 0.502604 0.454102 0.502604 0.454102 0.506510 0.451172 0.510417 0.446289 0.511719 0.439453 0.516927 0.432617 0.526042 0.430664 0.527344 0.427734 0.533854 0.427734 0.536458 0.425781 0.541667 0.426758 0.550781 0.431641 0.559896 0.441406 0.566406 0.443359 0.569010 0.447266 0.570312 0.454102 0.575521 0.458008 0.575521 0.462891 0.571615 0.464844 0.571615 0.470703 0.565104 0.475586 0.552083 0.475586 0.549479 0.477539 0.546875 0.482422 0.532552 0.481445 0.531250 0.481445 0.515625 0.479492 0.511719 0.474609 0.509115 0.470703 0.509115 0.469727 0.507812 0.464844 0.506510
0 0.514648 0.475260 0.509766 0.468750 0.508789 0.468750 0.501953 0.460938 0.501953 0.458333 0.500000 0.454427 0.491211 0.454427 0.490234 0.455729 0.471680 0.455729 0.467773 0.458333 0.465820 0.460938 0.462891 0.462240 0.460938 0.464844 0.459961 0.464844 0.459961 0.466146 0.457031 0.471354 0.457031 0.473958 0.456055 0.475260 0.456055 0.480469 0.457031 0.481771 0.458008 0.488281 0.465820 0.500000 0.471680 0.503906 0.473633 0.503906 0.474609 0.505208 0.480469 0.505208 0.481445 0.506510 0.482422 0.505208 0.486328 0.505208 0.487305 0.503906 0.492188 0.503906 0.493164 0.502604 0.501953 0.502604 0.503906 0.501302 0.511719 0.488281 0.511719 0.485677 0.513672 0.483073 0.513672 0.480469 0.514648 0.479167
0 0.435547 0.468750 0.431641 0.466146 0.429688 0.466146 0.426758 0.463542 0.422852 0.466146 0.412109 0.466146 0.411133 0.467448 0.407227 0.467448 0.403320 0.470052 0.398438 0.470052 0.393555 0.473958 0.390625 0.473958 0.388672 0.470052 0.388672 0.467448 0.387695 0.468750 0.387695 0.475260 0.386719 0.476562 0.384766 0.476562 0.382812 0.481771 0.382812 0.486979 0.381836 0.488281 0.381836 0.498698 0.383789 0.503906 0.385742 0.505208 0.387695 0.509115 0.393555 0.514323 0.400391 0.523438 0.401367 0.523438 0.405273 0.529948 0.407227 0.531250 0.416016 0.531250 0.419922 0.528646 0.425781 0.528646 0.432617 0.523438 0.437500 0.516927 0.439453 0.510417 0.439453 0.506510 0.440430 0.505208 0.440430 0.498698 0.441406 0.497396 0.441406 0.492188 0.442383 0.490885 0.442383 0.477865 0.439453 0.477865 0.437500 0.475260 0.437500 0.471354
0 0.340820 0.437500 0.336914 0.440104 0.333984 0.440104 0.331055 0.444010 0.326172 0.445312 0.323242 0.449219 0.319336 0.450521 0.317383 0.454427 0.314453 0.457031 0.312500 0.462240 0.312500 0.466146 0.311523 0.467448 0.311523 0.476562 0.312500 0.477865 0.312500 0.483073 0.314453 0.489583 0.325195 0.502604 0.326172 0.506510 0.333984 0.510417 0.338867 0.515625 0.346680 0.516927 0.354492 0.509115 0.361328 0.500000 0.361328 0.498698 0.372070 0.485677 0.375000 0.476562 0.375000 0.472656 0.374023 0.471354 0.373047 0.462240 0.369141 0.451823 0.364258 0.445312 0.354492 0.438802 0.351562 0.438802 0.350586 0.437500
0 0.408203 0.402344 0.406250 0.399740 0.400391 0.395833 0.398438 0.395833 0.395508 0.393229 0.392578 0.393229 0.391602 0.391927 0.387695 0.391927 0.385742 0.390625 0.380859 0.382812 0.380859 0.381510 0.378906 0.381510 0.374023 0.385417 0.371094 0.389323 0.367188 0.391927 0.366211 0.394531 0.360352 0.398438 0.352539 0.408854 0.350586 0.417969 0.349609 0.419271 0.349609 0.424479 0.351562 0.429688 0.354492 0.433594 0.355469 0.433594 0.359375 0.438802 0.363281 0.440104 0.366211 0.444010 0.370117 0.446615 0.378906 0.446615 0.379883 0.445312 0.383789 0.445312 0.387695 0.442708 0.391602 0.442708 0.401367 0.436198 0.403320 0.433594 0.407227 0.432292 0.409180 0.429688 0.409180 0.421875 0.410156 0.420573 0.410156 0.408854 0.409180 0.407552
0 0.435547 0.386719 0.432617 0.390625 0.428711 0.391927 0.420898 0.398438 0.418945 0.406250 0.418945 0.411458 0.419922 0.412760 0.417969 0.420573 0.415039 0.425781 0.415039 0.441406 0.417969 0.449219 0.423828 0.457031 0.435547 0.466146 0.454102 0.466146 0.458984 0.462240 0.469727 0.449219 0.474609 0.449219 0.481445 0.438802 0.481445 0.433594 0.482422 0.432292 0.482422 0.408854 0.481445 0.404948 0.478516 0.410156 0.475586 0.407552 0.475586 0.398438 0.474609 0.395833 0.471680 0.397135 0.463867 0.397135 0.462891 0.395833 0.456055 0.395833 0.451172 0.393229 0.444336 0.393229 0.442383 0.394531 0.439453 0.391927 0.439453 0.388021
0 0.387695 0.204427 0.375977 0.204427 0.375000 0.205729 0.369141 0.205729 0.360352 0.209635 0.357422 0.212240 0.357422 0.213542 0.351562 0.221354 0.351562 0.223958 0.348633 0.230469 0.345703 0.233073 0.342773 0.238281 0.342773 0.242188 0.345703 0.247396 0.346680 0.259115 0.347656 0.260417 0.348633 0.268229 0.351562 0.273438 0.355469 0.276042 0.359375 0.281250 0.371094 0.289062 0.375000 0.289062 0.376953 0.290365 0.379883 0.289062 0.384766 0.283854 0.396484 0.264323 0.408203 0.247396 0.408203 0.238281 0.400391 0.216146 0.396484 0.209635
0 0.378906 0.326823 0.374023 0.333333 0.373047 0.347656 0.376953 0.361979 0.376953 0.367188 0.383789 0.385417 0.389648 0.389323 0.407227 0.397135 0.420898 0.394531 0.428711 0.389323 0.431641 0.385417 0.432617 0.382812 0.432617 0.368490 0.431641 0.367188 0.431641 0.361979 0.428711 0.350260 0.429688 0.348958 0.429688 0.343750 0.428711 0.342448 0.428711 0.330729 0.426758 0.322917 0.424805 0.322917 0.419922 0.317708 0.399414 0.317708 0.388672 0.322917 0.384766 0.322917
0 0.449219 0.263021 0.449219 0.264323 0.443359 0.272135 0.442383 0.272135 0.436523 0.281250 0.433594 0.291667 0.433594 0.295573 0.432617 0.296875 0.432617 0.309896 0.435547 0.316406 0.436523 0.322917 0.438477 0.325521 0.439453 0.329427 0.445312 0.337240 0.455078 0.342448 0.464844 0.342448 0.465820 0.341146 0.473633 0.341146 0.474609 0.339844 0.483398 0.339844 0.494141 0.322917 0.495117 0.320312 0.495117 0.315104 0.482422 0.270833 0.479492 0.266927 0.472656 0.261719 0.461914 0.260417 0.460938 0.261719 0.451172 0.261719
0 0.546875 0.213542 0.543945 0.213542 0.542969 0.212240 0.534180 0.213542 0.532227 0.212240 0.531250 0.213542 0.524414 0.214844 0.513672 0.231771 0.507812 0.244792 0.497070 0.261719 0.494141 0.261719 0.495117 0.273438 0.498047 0.285156 0.506836 0.298177 0.508789 0.299479 0.527344 0.299479 0.528320 0.298177 0.532227 0.298177 0.536133 0.300781 0.541016 0.300781 0.543945 0.296875 0.544922 0.292969 0.551758 0.286458 0.560547 0.273438 0.564453 0.257812 0.562500 0.252604 0.562500 0.239583 0.564453 0.236979 0.563477 0.231771 0.560547 0.235677 0.553711 0.226562 0.549805 0.217448
0 0.618164 0.201823 0.609375 0.205729 0.603516 0.205729 0.599609 0.208333 0.586914 0.220052 0.579102 0.229167 0.578125 0.231771 0.578125 0.256510 0.600586 0.276042 0.614258 0.285156 0.623047 0.286458 0.628906 0.281250 0.632812 0.279948 0.636719 0.273438 0.638672 0.260417 0.641602 0.250000 0.641602 0.242188 0.642578 0.240885 0.642578 0.234375 0.644531 0.229167 0.644531 0.221354 0.641602 0.209635 0.637695 0.204427 0.633789 0.208333 0.630859 0.205729
0 0.711914 0.268229 0.710938 0.268229 0.708008 0.263021 0.704102 0.261719 0.700195 0.257812 0.690430 0.252604 0.680664 0.255208 0.676758 0.259115 0.671875 0.260417 0.668945 0.263021 0.662109 0.273438 0.657227 0.276042 0.657227 0.277344 0.652344 0.282552 0.650391 0.282552 0.650391 0.286458 0.651367 0.287760 0.650391 0.289062 0.649414 0.305990 0.648438 0.307292 0.648438 0.316406 0.649414 0.320312 0.658203 0.325521 0.671875 0.326823 0.672852 0.328125 0.674805 0.326823 0.684570 0.326823 0.685547 0.328125 0.689453 0.328125 0.695312 0.332031 0.700195 0.330729 0.711914 0.316406 0.713867 0.309896 0.713867 0.303385 0.716797 0.290365 0.716797 0.282552 0.712891 0.273438
0 0.541992 0.319010 0.540039 0.319010 0.536133 0.315104 0.524414 0.315104 0.524414 0.319010 0.521484 0.324219 0.516602 0.326823 0.515625 0.324219 0.518555 0.319010 0.519531 0.315104 0.518555 0.313802 0.515625 0.313802 0.513672 0.316406 0.500977 0.317708 0.496094 0.326823 0.485352 0.341146 0.483398 0.346354 0.483398 0.356771 0.485352 0.363281 0.485352 0.368490 0.490234 0.380208 0.508789 0.395833 0.513672 0.395833 0.517578 0.393229 0.521484 0.393229 0.524414 0.390625 0.528320 0.390625 0.540039 0.381510 0.548828 0.368490 0.552734 0.354167 0.552734 0.348958 0.547852 0.334635 0.548828 0.333333 0.547852 0.326823
0 0.564453 0.342448 0.559570 0.350260 0.559570 0.365885 0.560547 0.367188 0.561523 0.373698 0.565430 0.381510 0.579102 0.401042 0.599609 0.401042 0.600586 0.399740 0.603516 0.399740 0.610352 0.395833 0.617188 0.388021 0.617188 0.385417 0.618164 0.384115 0.618164 0.375000 0.617188 0.373698 0.617188 0.364583 0.616211 0.363281 0.616211 0.354167 0.615234 0.352865 0.614258 0.333333 0.611328 0.332031 0.609375 0.329427 0.587891 0.329427 0.581055 0.333333 0.574219 0.334635
0 0.688477 0.361979 0.680664 0.350260 0.677734 0.348958 0.677734 0.346354 0.672852 0.346354 0.676758 0.350260 0.674805 0.352865 0.670898 0.352865 0.666992 0.346354 0.665039 0.346354 0.665039 0.352865 0.667969 0.351562 0.670898 0.352865 0.670898 0.355469 0.668945 0.358073 0.661133 0.355469 0.657227 0.351562 0.656250 0.347656 0.653320 0.347656 0.648438 0.352865 0.641602 0.355469 0.638672 0.359375 0.625977 0.368490 0.622070 0.373698 0.622070 0.382812 0.624023 0.385417 0.626953 0.403646 0.628906 0.408854 0.633789 0.414062 0.677734 0.412760 0.684570 0.403646 0.689453 0.388021 0.690430 0.367188
0 0.544922 0.389323 0.543945 0.389323 0.541992 0.393229 0.532227 0.393229 0.529297 0.395833 0.520508 0.399740 0.518555 0.402344 0.514648 0.412760 0.514648 0.415365 0.512695 0.419271 0.512695 0.423177 0.510742 0.427083 0.510742 0.429688 0.508789 0.433594 0.507812 0.440104 0.504883 0.446615 0.503906 0.454427 0.502930 0.455729 0.503906 0.457031 0.503906 0.460938 0.518555 0.476562 0.529297 0.476562 0.530273 0.475260 0.533203 0.475260 0.541992 0.470052 0.543945 0.467448 0.547852 0.466146 0.556641 0.451823 0.559570 0.440104 0.564453 0.430990 0.564453 0.419271 0.563477 0.417969 0.563477 0.414062 0.561523 0.411458 0.560547 0.407552 0.554688 0.402344 0.551758 0.395833 0.546875 0.394531 0.544922 0.391927
0 0.596680 0.417969 0.587891 0.417969 0.586914 0.419271 0.583984 0.419271 0.582031 0.421875 0.580078 0.421875 0.574219 0.428385 0.574219 0.430990 0.567383 0.437500 0.567383 0.438802 0.563477 0.444010 0.562500 0.451823 0.560547 0.455729 0.560547 0.459635 0.557617 0.468750 0.557617 0.476562 0.568359 0.492188 0.575195 0.497396 0.582031 0.497396 0.583008 0.496094 0.587891 0.494792 0.593750 0.489583 0.597656 0.488281 0.601562 0.484375 0.610352 0.479167 0.618164 0.471354 0.618164 0.468750 0.619141 0.467448 0.619141 0.446615 0.611328 0.436198 0.611328 0.433594 0.607422 0.429688 0.602539 0.430990 0.598633 0.425781 0.597656 0.425781 0.596680 0.424479 0.596680 0.420573 0.597656 0.419271
0 0.658203 0.417969 0.653320 0.419271 0.647461 0.425781 0.642578 0.427083 0.636719 0.430990 0.627930 0.442708 0.627930 0.444010 0.623047 0.449219 0.621094 0.455729 0.621094 0.473958 0.628906 0.481771 0.634766 0.490885 0.643555 0.496094 0.654297 0.496094 0.660156 0.490885 0.685547 0.451823 0.685547 0.447917 0.682617 0.444010 0.680664 0.438802 0.676758 0.436198 0.668945 0.425781 0.667969 0.427083 0.665039 0.427083 0.660156 0.423177 0.661133 0.419271 0.659180 0.419271
0 0.736328 0.406250 0.720703 0.407552 0.715820 0.411458 0.712891 0.411458 0.711914 0.412760 0.706055 0.414062 0.705078 0.415365 0.701172 0.415365 0.697266 0.417969 0.693359 0.417969 0.692383 0.419271 0.690430 0.419271 0.689453 0.420573 0.682617 0.423177 0.681641 0.425781 0.681641 0.433594 0.683594 0.438802 0.684570 0.438802 0.687500 0.444010 0.687500 0.450521 0.688477 0.451823 0.688477 0.454427 0.689453 0.454427 0.697266 0.466146 0.704102 0.466146 0.705078 0.464844 0.715820 0.464844 0.721680 0.460938 0.723633 0.460938 0.732422 0.454427 0.737305 0.447917 0.737305 0.446615 0.740234 0.444010 0.745117 0.430990 0.745117 0.423177 0.741211 0.415365 0.740234 0.411458 0.738281 0.410156
0 0.555664 0.468750 0.553711 0.468750 0.552734 0.467448 0.547852 0.467448 0.546875 0.468750 0.542969 0.470052 0.541016 0.472656 0.537109 0.475260 0.535156 0.475260 0.534180 0.476562 0.529297 0.476562 0.528320 0.477865 0.522461 0.477865 0.518555 0.481771 0.518555 0.483073 0.515625 0.486979 0.514648 0.490885 0.512695 0.493490 0.510742 0.498698 0.510742 0.503906 0.521484 0.526042 0.537109 0.524740 0.538086 0.523438 0.541016 0.523438 0.541992 0.522135 0.548828 0.520833 0.549805 0.519531 0.551758 0.519531 0.552734 0.518229 0.560547 0.515625 0.565430 0.510417 0.566406 0.505208 0.567383 0.503906 0.566406 0.496094 0.565430 0.494792 0.565430 0.492188 0.556641 0.480469 0.555664 0.477865
0 0.639648 0.498698 0.635742 0.496094 0.625000 0.484375 0.617188 0.480469 0.611328 0.481771 0.594727 0.494792 0.586914 0.497396 0.582031 0.506510 0.582031 0.513021 0.583008 0.514323 0.583984 0.528646 0.585938 0.533854 0.587891 0.548177 0.591797 0.549479 0.600586 0.544271 0.596680 0.539062 0.599609 0.527344 0.602539 0.523438 0.607422 0.520833 0.615234 0.510417 0.622070 0.518229 0.625977 0.527344 0.626953 0.541667 0.625000 0.544271 0.625000 0.549479 0.626953 0.549479 0.628906 0.545573 0.634766 0.541667 0.637695 0.536458 0.637695 0.527344 0.639648 0.523438 0.639648 0.518229 0.641602 0.511719 0.641602 0.503906
0 0.646484 0.515625 0.647461 0.524740 0.649414 0.529948 0.653320 0.532552 0.660156 0.540365 0.671875 0.546875 0.676758 0.544271 0.681641 0.544271 0.682617 0.542969 0.689453 0.541667 0.693359 0.539062 0.696289 0.535156 0.702148 0.531250 0.707031 0.520833 0.707031 0.511719 0.705078 0.509115 0.703125 0.497396 0.694336 0.489583 0.690430 0.489583 0.690430 0.493490 0.694336 0.496094 0.694336 0.497396 0.692383 0.498698 0.691406 0.497396 0.689453 0.497396 0.687500 0.493490 0.681641 0.492188 0.679688 0.489583 0.676758 0.489583 0.675781 0.488281 0.665039 0.488281 0.660156 0.494792 0.657227 0.496094 0.653320 0.501302
0 0.713867 0.470052 0.710938 0.475260 0.709961 0.480469 0.708008 0.484375 0.708008 0.488281 0.709961 0.492188 0.709961 0.498698 0.710938 0.500000 0.709961 0.518229 0.712891 0.527344 0.723633 0.539062 0.725586 0.539062 0.727539 0.541667 0.730469 0.541667 0.731445 0.542969 0.748047 0.542969 0.750000 0.541667 0.768555 0.502604 0.769531 0.496094 0.767578 0.490885 0.764648 0.486979 0.755859 0.480469 0.753906 0.480469 0.746094 0.471354 0.744141 0.471354 0.743164 0.470052 0.737305 0.470052 0.736328 0.471354 0.733398 0.468750 0.723633 0.468750 0.722656 0.467448 0.718750 0.467448
0 0.492188 0.554688 0.492188 0.561198 0.493164 0.562500 0.493164 0.565104 0.495117 0.569010 0.495117 0.571615 0.496094 0.572917 0.496094 0.575521 0.498047 0.580729 0.504883 0.589844 0.505859 0.592448 0.507812 0.592448 0.508789 0.593750 0.510742 0.592448 0.530273 0.592448 0.531250 0.591146 0.536133 0.591146 0.538086 0.588542 0.541016 0.587240 0.543945 0.583333 0.543945 0.582031 0.547852 0.575521 0.547852 0.571615 0.548828 0.570312 0.548828 0.557292 0.547852 0.555990 0.547852 0.552083 0.544922 0.548177 0.541992 0.548177 0.541016 0.549479 0.528320 0.549479 0.527344 0.548177 0.521484 0.548177 0.520508 0.546875 0.511719 0.546875 0.510742 0.545573 0.502930 0.545573 0.501953 0.546875 0.500977 0.545573 0.497070 0.545573 0.494141 0.548177 0.493164 0.553385
0 0.564453 0.544271 0.559570 0.550781 0.554688 0.553385 0.552734 0.563802 0.553711 0.565104 0.554688 0.574219 0.558594 0.580729 0.559570 0.585938 0.561523 0.589844 0.561523 0.592448 0.566406 0.600260 0.572266 0.601562 0.573242 0.602865 0.576172 0.602865 0.580078 0.605469 0.584961 0.605469 0.585938 0.604167 0.587891 0.604167 0.603516 0.584635 0.603516 0.583333 0.610352 0.574219 0.611328 0.571615 0.609375 0.561198 0.607422 0.557292 0.604492 0.557292 0.602539 0.554688 0.597656 0.554688 0.596680 0.553385 0.589844 0.553385 0.583008 0.546875 0.576172 0.545573 0.572266 0.542969 0.570312 0.542969 0.567383 0.545573 0.566406 0.544271
0 0.646484 0.529948 0.640625 0.529948 0.639648 0.531250 0.638672 0.537760 0.633789 0.544271 0.632812 0.544271 0.629883 0.548177 0.628906 0.548177 0.628906 0.549479 0.626953 0.552083 0.626953 0.554688 0.625977 0.555990 0.625977 0.559896 0.625000 0.561198 0.624023 0.565104 0.620117 0.570312 0.620117 0.571615 0.619141 0.572917 0.620117 0.576823 0.625000 0.583333 0.625977 0.583333 0.626953 0.584635 0.628906 0.584635 0.633789 0.588542 0.646484 0.588542 0.647461 0.587240 0.649414 0.587240 0.650391 0.585938 0.655273 0.584635 0.656250 0.583333 0.659180 0.582031 0.661133 0.579427 0.661133 0.544271 0.654297 0.536458 0.653320 0.536458 0.651367 0.533854 0.650391 0.533854
0 0.710938 0.531250 0.705078 0.531250 0.704102 0.532552 0.702148 0.532552 0.698242 0.536458 0.695312 0.537760 0.691406 0.542969 0.689453 0.544271 0.684570 0.544271 0.683594 0.545573 0.679688 0.545573 0.678711 0.546875 0.676758 0.546875 0.672852 0.549479 0.671875 0.552083 0.671875 0.569010 0.672852 0.571615 0.679688 0.580729 0.680664 0.580729 0.685547 0.585938 0.690430 0.588542 0.692383 0.591146 0.700195 0.591146 0.701172 0.589844 0.705078 0.589844 0.706055 0.588542 0.713867 0.585938 0.719727 0.582031 0.721680 0.579427 0.721680 0.574219 0.720703 0.572917 0.720703 0.561198 0.719727 0.559896 0.719727 0.555990 0.718750 0.554688 0.718750 0.541667 0.717773 0.539062 0.712891 0.532552
0 0.533203 0.601562 0.529297 0.608073 0.528320 0.611979 0.525391 0.615885 0.525391 0.618490 0.524414 0.619792 0.524414 0.630208 0.525391 0.631510 0.525391 0.636719 0.526367 0.638021 0.527344 0.643229 0.537109 0.654948 0.541992 0.658854 0.545898 0.660156 0.547852 0.662760 0.549805 0.662760 0.550781 0.664062 0.558594 0.664062 0.559570 0.665365 0.560547 0.664062 0.564453 0.662760 0.569336 0.654948 0.573242 0.645833 0.576172 0.641927 0.582031 0.628906 0.582031 0.621094 0.577148 0.610677 0.563477 0.601562 0.561523 0.602865 0.556641 0.602865 0.553711 0.600260 0.546875 0.600260 0.545898 0.598958 0.538086 0.598958 0.537109 0.600260
0 0.587891 0.617188 0.588867 0.621094 0.585938 0.625000 0.583984 0.630208 0.583984 0.634115 0.582031 0.639323 0.582031 0.644531 0.581055 0.647135 0.588867 0.661458 0.592773 0.662760 0.593750 0.664062 0.600586 0.664062 0.601562 0.662760 0.605469 0.662760 0.606445 0.664062 0.613281 0.664062 0.614258 0.662760 0.619141 0.662760 0.620117 0.661458 0.623047 0.661458 0.625000 0.658854 0.628906 0.657552 0.631836 0.653646 0.633789 0.648438 0.634766 0.641927 0.636719 0.638021 0.636719 0.631510 0.631836 0.621094 0.627930 0.615885 0.620117 0.610677 0.617188 0.610677 0.616211 0.609375 0.612305 0.609375 0.609375 0.611979 0.606445 0.611979 0.605469 0.613281 0.600586 0.613281 0.598633 0.614583 0.596680 0.611979 0.595703 0.606771 0.594727 0.608073 0.594727 0.611979 0.590820 0.617188
0 0.637695 0.615885 0.637695 0.622396 0.640625 0.630208 0.649414 0.639323 0.652344 0.640625 0.654297 0.643229 0.656250 0.643229 0.660156 0.645833 0.669922 0.645833 0.674805 0.643229 0.678711 0.643229 0.686523 0.638021 0.686523 0.636719 0.694336 0.627604 0.694336 0.625000 0.696289 0.621094 0.696289 0.610677 0.693359 0.605469 0.692383 0.597656 0.690430 0.595052 0.687500 0.595052 0.686523 0.596354 0.686523 0.600260 0.682617 0.604167 0.673828 0.604167 0.672852 0.602865 0.666992 0.602865 0.666016 0.601562 0.658203 0.601562 0.655273 0.597656 0.656250 0.589844 0.651367 0.589844 0.650391 0.591146 0.648438 0.591146 0.648438 0.593750 0.647461 0.595052 0.648438 0.600260 0.638672 0.611979 0.638672 0.614583
0 0.748047 0.597656 0.747070 0.595052 0.746094 0.595052 0.744141 0.592448 0.739258 0.589844 0.737305 0.587240 0.731445 0.583333 0.730469 0.584635 0.726562 0.584635 0.724609 0.587240 0.721680 0.587240 0.720703 0.588542 0.717773 0.588542 0.716797 0.587240 0.713867 0.589844 0.707031 0.591146 0.705078 0.593750 0.701172 0.593750 0.699219 0.595052 0.699219 0.597656 0.700195 0.598958 0.702148 0.597656 0.708008 0.597656 0.709961 0.600260 0.706055 0.602865 0.703125 0.606771 0.699219 0.608073 0.698242 0.609375 0.698242 0.615885 0.697266 0.617188 0.697266 0.623698 0.696289 0.625000 0.696289 0.628906 0.704102 0.634115 0.706055 0.634115 0.707031 0.635417 0.710938 0.635417 0.711914 0.636719 0.720703 0.636719 0.723633 0.634115 0.732422 0.632812 0.734375 0.630208 0.735352 0.630208 0.736328 0.627604 0.743164 0.618490 0.747070 0.608073
0 0.771484 0.532552 0.762695 0.532552 0.761719 0.533854 0.762695 0.535156 0.762695 0.537760 0.761719 0.539062 0.757812 0.539062 0.756836 0.540365 0.754883 0.540365 0.747070 0.546875 0.744141 0.550781 0.743164 0.550781 0.743164 0.553385 0.741211 0.555990 0.741211 0.557292 0.734375 0.567708 0.734375 0.571615 0.733398 0.572917 0.735352 0.578125 0.735352 0.580729 0.739258 0.585938 0.744141 0.589844 0.746094 0.589844 0.748047 0.592448 0.752930 0.593750 0.756836 0.597656 0.758789 0.597656 0.759766 0.598958 0.765625 0.598958 0.766602 0.597656 0.770508 0.597656 0.771484 0.596354 0.775391 0.595052 0.776367 0.592448 0.784180 0.582031 0.785156 0.578125 0.791016 0.569010 0.791016 0.566406 0.791992 0.565104 0.790039 0.553385 0.788086 0.549479 0.787109 0.544271 0.781250 0.540365 0.774414 0.539062 0.772461 0.536458
0 0.520508 0.665365 0.517578 0.669271 0.517578 0.671875 0.516602 0.673177 0.516602 0.683594 0.517578 0.684896 0.517578 0.694010 0.523438 0.703125 0.524414 0.707031 0.530273 0.710938 0.532227 0.710938 0.537109 0.716146 0.540039 0.716146 0.541016 0.717448 0.548828 0.717448 0.550781 0.716146 0.556641 0.705729 0.562500 0.690104 0.566406 0.684896 0.566406 0.673177 0.563477 0.670573 0.555664 0.670573 0.554688 0.669271 0.549805 0.667969 0.544922 0.664062 0.540039 0.662760 0.537109 0.660156 0.535156 0.660156 0.534180 0.661458 0.530273 0.661458 0.529297 0.660156 0.526367 0.662760 0.524414 0.662760
0 0.610352 0.665365 0.603516 0.665365 0.602539 0.666667 0.593750 0.666667 0.592773 0.665365 0.586914 0.665365 0.583008 0.670573 0.582031 0.670573 0.581055 0.674479 0.579102 0.677083 0.578125 0.677083 0.576172 0.680990 0.575195 0.680990 0.574219 0.682292 0.571289 0.682292 0.570312 0.683594 0.570312 0.686198 0.569336 0.687500 0.569336 0.694010 0.572266 0.700521 0.572266 0.703125 0.573242 0.704427 0.575195 0.704427 0.576172 0.705729 0.581055 0.705729 0.582031 0.707031 0.586914 0.707031 0.587891 0.708333 0.589844 0.708333 0.590820 0.709635 0.591797 0.709635 0.592773 0.708333 0.598633 0.708333 0.600586 0.705729 0.601562 0.705729 0.605469 0.701823 0.606445 0.701823 0.607422 0.700521 0.607422 0.699219 0.617188 0.686198 0.617188 0.678385 0.616211 0.677083 0.615234 0.673177 0.613281 0.670573 0.612305 0.666667 0.611328 0.666667
0 0.666016 0.652344 0.657227 0.647135 0.656250 0.648438 0.652344 0.648438 0.649414 0.652344 0.645508 0.653646 0.643555 0.651042 0.643555 0.648438 0.641602 0.648438 0.640625 0.649740 0.640625 0.652344 0.638672 0.654948 0.634766 0.653646 0.628906 0.662760 0.625000 0.664062 0.622070 0.666667 0.622070 0.683594 0.625000 0.691406 0.629883 0.699219 0.629883 0.704427 0.630859 0.707031 0.634766 0.712240 0.636719 0.712240 0.637695 0.713542 0.646484 0.713542 0.650391 0.710938 0.655273 0.705729 0.658203 0.704427 0.663086 0.697917 0.669922 0.692708 0.675781 0.684896 0.675781 0.673177 0.674805 0.671875 0.674805 0.667969 0.670898 0.658854
0 0.680664 0.649740 0.679688 0.653646 0.677734 0.656250 0.677734 0.691406 0.679688 0.694010 0.705078 0.694010 0.706055 0.692708 0.710938 0.692708 0.711914 0.691406 0.714844 0.691406 0.715820 0.690104 0.724609 0.690104 0.726562 0.686198 0.726562 0.682292 0.727539 0.680990 0.727539 0.658854 0.723633 0.648438 0.723633 0.645833 0.720703 0.641927 0.716797 0.640625 0.715820 0.639323 0.712891 0.639323 0.711914 0.638021 0.708008 0.638021 0.707031 0.636719 0.698242 0.636719 0.692383 0.643229 0.685547 0.644531
0 0.731445 0.648438 0.729492 0.653646 0.732422 0.657552 0.732422 0.658854 0.730469 0.662760 0.730469 0.667969 0.729492 0.669271 0.729492 0.682292 0.728516 0.683594 0.731445 0.688802 0.737305 0.690104 0.738281 0.691406 0.744141 0.692708 0.745117 0.694010 0.754883 0.695312 0.758789 0.697917 0.764648 0.697917 0.765625 0.696615 0.770508 0.696615 0.771484 0.695312 0.772461 0.690104 0.775391 0.686198 0.776367 0.686198 0.778320 0.680990 0.778320 0.664062 0.779297 0.662760 0.779297 0.656250 0.774414 0.648438 0.770508 0.648438 0.764648 0.644531 0.756836 0.643229 0.754883 0.640625 0.752930 0.640625 0.751953 0.638021 0.750977 0.638021 0.751953 0.640625 0.750977 0.643229 0.749023 0.643229 0.748047 0.641927 0.747070 0.643229 0.744141 0.643229 0.743164 0.644531 0.735352 0.644531
0 0.781250 0.652344 0.781250 0.660156 0.780273 0.661458 0.780273 0.679688 0.778320 0.684896 0.779297 0.686198 0.779297 0.690104 0.781250 0.694010 0.781250 0.699219 0.782227 0.700521 0.793945 0.700521 0.794922 0.699219 0.797852 0.699219 0.801758 0.696615 0.805664 0.696615 0.806641 0.695312 0.809570 0.695312 0.815430 0.691406 0.819336 0.686198 0.823242 0.684896 0.828125 0.679688 0.828125 0.677083 0.829102 0.675781 0.829102 0.667969 0.828125 0.666667 0.828125 0.664062 0.826172 0.658854 0.822266 0.653646 0.821289 0.653646 0.819336 0.651042 0.815430 0.648438 0.813477 0.648438 0.812500 0.647135 0.786133 0.647135 0.785156 0.648438 0.783203 0.648438
0 0.838867 0.647135 0.838867 0.648438 0.841797 0.652344 0.841797 0.653646 0.838867 0.657552 0.837891 0.657552 0.837891 0.662760 0.839844 0.665365 0.839844 0.670573 0.837891 0.674479 0.837891 0.679688 0.839844 0.682292 0.841797 0.687500 0.848633 0.695312 0.861328 0.695312 0.862305 0.694010 0.879883 0.694010 0.887695 0.683594 0.888672 0.683594 0.888672 0.680990 0.889648 0.679688 0.888672 0.677083 0.888672 0.673177 0.885742 0.669271 0.884766 0.661458 0.881836 0.657552 0.880859 0.653646 0.877930 0.649740 0.875977 0.644531 0.873047 0.644531 0.872070 0.645833 0.854492 0.645833 0.853516 0.647135 0.852539 0.645833 0.848633 0.645833 0.845703 0.641927 0.844727 0.641927 0.839844 0.647135
0 0.806641 0.604167 0.798828 0.595052 0.797852 0.595052 0.797852 0.600260 0.796875 0.601562 0.787109 0.601562 0.786133 0.600260 0.784180 0.600260 0.780273 0.597656 0.773438 0.597656 0.772461 0.598958 0.769531 0.598958 0.768555 0.600260 0.766602 0.600260 0.762695 0.602865 0.761719 0.601562 0.757812 0.601562 0.756836 0.600260 0.754883 0.600260 0.754883 0.601562 0.750000 0.608073 0.750000 0.610677 0.749023 0.611979 0.749023 0.617188 0.750000 0.618490 0.750977 0.626302 0.754883 0.630208 0.754883 0.632812 0.757812 0.638021 0.761719 0.639323 0.762695 0.640625 0.764648 0.640625 0.767578 0.643229 0.772461 0.643229 0.773438 0.644531 0.780273 0.644531 0.781250 0.643229 0.784180 0.643229 0.785156 0.641927 0.787109 0.641927 0.790039 0.639323 0.793945 0.638021 0.803711 0.627604 0.805664 0.622396 0.805664 0.618490 0.806641 0.617188
0 0.856445 0.597656 0.855469 0.597656 0.854492 0.595052 0.852539 0.592448 0.851562 0.592448 0.847656 0.585938 0.843750 0.585938 0.840820 0.589844 0.837891 0.589844 0.836914 0.591146 0.833984 0.591146 0.830078 0.593750 0.826172 0.593750 0.825195 0.595052 0.822266 0.595052 0.820312 0.596354 0.816406 0.605469 0.816406 0.609375 0.815430 0.610677 0.815430 0.615885 0.814453 0.617188 0.814453 0.619792 0.811523 0.627604 0.811523 0.640625 0.813477 0.643229 0.817383 0.645833 0.831055 0.645833 0.848633 0.634115 0.852539 0.628906 0.855469 0.621094 0.855469 0.614583 0.856445 0.613281 0.856445 0.608073 0.857422 0.606771 0.857422 0.600260
0 0.910156 0.574219 0.908203 0.572917 0.905273 0.572917 0.904297 0.570312 0.903320 0.570312 0.902344 0.572917 0.892578 0.574219 0.892578 0.575521 0.896484 0.575521 0.899414 0.579427 0.898438 0.580729 0.892578 0.580729 0.889648 0.583333 0.886719 0.583333 0.885742 0.584635 0.879883 0.584635 0.877930 0.587240 0.877930 0.589844 0.876953 0.591146 0.876953 0.598958 0.875977 0.600260 0.875977 0.604167 0.876953 0.605469 0.875977 0.606771 0.875977 0.611979 0.872070 0.621094 0.872070 0.627604 0.874023 0.632812 0.875977 0.632812 0.879883 0.636719 0.882812 0.636719 0.883789 0.638021 0.889648 0.636719 0.895508 0.632812 0.900391 0.626302 0.904297 0.623698 0.906250 0.621094 0.908203 0.615885 0.910156 0.614583 0.916016 0.606771 0.916016 0.604167 0.918945 0.598958 0.919922 0.593750 0.918945 0.592448 0.918945 0.589844
0 0.923828 0.604167 0.922852 0.604167 0.919922 0.609375 0.915039 0.609375 0.911133 0.614583 0.911133 0.615885 0.907227 0.621094 0.907227 0.622396 0.903320 0.626302 0.902344 0.626302 0.896484 0.634115 0.890625 0.638021 0.888672 0.640625 0.884766 0.640625 0.884766 0.643229 0.886719 0.645833 0.886719 0.647135 0.888672 0.648438 0.891602 0.652344 0.891602 0.653646 0.892578 0.653646 0.895508 0.657552 0.896484 0.657552 0.900391 0.662760 0.906250 0.662760 0.907227 0.661458 0.910156 0.661458 0.911133 0.660156 0.916016 0.658854 0.917969 0.657552 0.920898 0.653646 0.920898 0.652344 0.925781 0.647135 0.926758 0.644531 0.930664 0.644531 0.930664 0.641927 0.932617 0.638021 0.932617 0.632812 0.933594 0.631510 0.933594 0.627604 0.932617 0.626302 0.932617 0.622396 0.930664 0.617188 0.927734 0.613281 0.927734 0.611979 0.925781 0.609375
0 0.852539 0.548177 0.850586 0.546875 0.834961 0.546875 0.833984 0.545573 0.825195 0.545573 0.824219 0.544271 0.820312 0.544271 0.819336 0.545573 0.817383 0.545573 0.816406 0.546875 0.814453 0.546875 0.813477 0.548177 0.805664 0.550781 0.798828 0.558594 0.797852 0.561198 0.797852 0.566406 0.796875 0.567708 0.797852 0.572917 0.798828 0.574219 0.798828 0.578125 0.799805 0.579427 0.799805 0.584635 0.801758 0.589844 0.803711 0.589844 0.804688 0.591146 0.810547 0.591146 0.814453 0.593750 0.822266 0.593750 0.826172 0.591146 0.830078 0.591146 0.831055 0.589844 0.833008 0.589844 0.834961 0.587240 0.842773 0.582031 0.844727 0.579427 0.845703 0.579427 0.846680 0.576823 0.850586 0.574219 0.851562 0.569010 0.853516 0.565104 0.853516 0.557292 0.854492 0.555990 0.854492 0.553385
0 0.907227 0.532552 0.905273 0.529948 0.902344 0.528646 0.900391 0.526042 0.896484 0.523438 0.891602 0.523438 0.890625 0.522135 0.880859 0.522135 0.879883 0.520833 0.876953 0.520833 0.873047 0.518229 0.873047 0.522135 0.871094 0.524740 0.870117 0.524740 0.867188 0.529948 0.865234 0.531250 0.860352 0.531250 0.860352 0.532552 0.855469 0.537760 0.855469 0.540365 0.854492 0.541667 0.854492 0.548177 0.855469 0.549479 0.856445 0.555990 0.855469 0.557292 0.855469 0.565104 0.853516 0.570312 0.854492 0.571615 0.854492 0.574219 0.860352 0.582031 0.864258 0.583333 0.865234 0.584635 0.868164 0.584635 0.871094 0.582031 0.875000 0.580729 0.876953 0.578125 0.890625 0.569010 0.892578 0.566406 0.901367 0.561198 0.904297 0.557292 0.905273 0.557292 0.907227 0.553385 0.907227 0.549479 0.908203 0.548177 0.908203 0.535156
0 0.943359 0.498698 0.940430 0.498698 0.933594 0.507812 0.929688 0.510417 0.926758 0.510417 0.924805 0.513021 0.920898 0.514323 0.915039 0.518229 0.915039 0.523438 0.911133 0.533854 0.911133 0.540365 0.910156 0.541667 0.909180 0.550781 0.905273 0.562500 0.905273 0.565104 0.908203 0.569010 0.910156 0.570312 0.919922 0.570312 0.920898 0.569010 0.923828 0.569010 0.929688 0.565104 0.931641 0.562500 0.932617 0.562500 0.951172 0.536458 0.953125 0.531250 0.953125 0.515625 0.952148 0.514323 0.952148 0.511719 0.949219 0.507812 0.949219 0.506510
0 0.833008 0.486979 0.830078 0.483073 0.824219 0.481771 0.817383 0.477865 0.810547 0.485677 0.805664 0.488281 0.799805 0.488281 0.794922 0.490885 0.776367 0.490885 0.772461 0.494792 0.772461 0.497396 0.771484 0.498698 0.771484 0.505208 0.770508 0.506510 0.772461 0.510417 0.774414 0.520833 0.777344 0.528646 0.782227 0.536458 0.783203 0.536458 0.787109 0.541667 0.792969 0.541667 0.798828 0.545573 0.801758 0.545573 0.802734 0.546875 0.807617 0.548177 0.808594 0.546875 0.813477 0.545573 0.816406 0.542969 0.818359 0.542969 0.822266 0.539062 0.823242 0.535156 0.825195 0.532552 0.826172 0.527344 0.829102 0.520833 0.829102 0.516927 0.830078 0.515625 0.832031 0.505208 0.833984 0.501302 0.833984 0.489583
0 0.897461 0.470052 0.894531 0.467448 0.894531 0.466146 0.890625 0.459635 0.889648 0.459635 0.887695 0.457031 0.883789 0.455729 0.879883 0.449219 0.877930 0.449219 0.876953 0.447917 0.868164 0.447917 0.858398 0.458333 0.850586 0.462240 0.845703 0.467448 0.840820 0.480469 0.840820 0.484375 0.839844 0.485677 0.839844 0.493490 0.843750 0.505208 0.847656 0.507812 0.849609 0.507812 0.850586 0.509115 0.860352 0.509115 0.861328 0.510417 0.872070 0.510417 0.873047 0.511719 0.876953 0.511719 0.884766 0.506510 0.889648 0.500000 0.891602 0.479167 0.893555 0.476562 0.896484 0.476562 0.897461 0.475260
0 0.955078 0.462240 0.952148 0.459635 0.948242 0.459635 0.942383 0.454427 0.941406 0.455729 0.938477 0.455729 0.938477 0.458333 0.939453 0.459635 0.934570 0.464844 0.922852 0.464844 0.918945 0.467448 0.915039 0.467448 0.914062 0.466146 0.907227 0.466146 0.906250 0.467448 0.904297 0.467448 0.901367 0.470052 0.901367 0.473958 0.903320 0.479167 0.902344 0.485677 0.896484 0.493490 0.894531 0.493490 0.892578 0.496094 0.892578 0.498698 0.890625 0.502604 0.894531 0.511719 0.899414 0.515625 0.901367 0.515625 0.902344 0.516927 0.912109 0.516927 0.913086 0.515625 0.918945 0.514323 0.927734 0.507812 0.929688 0.507812 0.933594 0.505208 0.944336 0.492188 0.949219 0.480469 0.949219 0.477865 0.952148 0.473958 0.955078 0.467448
0 0.821289 0.444010 0.818359 0.441406 0.813477 0.433594 0.811523 0.433594 0.808594 0.429688 0.803711 0.427083 0.801758 0.423177 0.801758 0.419271 0.798828 0.415365 0.787109 0.414062 0.785156 0.416667 0.781250 0.417969 0.777344 0.421875 0.772461 0.424479 0.769531 0.424479 0.768555 0.425781 0.758789 0.425781 0.756836 0.427083 0.750977 0.438802 0.750977 0.455729 0.754883 0.466146 0.757812 0.468750 0.765625 0.481771 0.765625 0.484375 0.767578 0.486979 0.770508 0.486979 0.771484 0.488281 0.772461 0.486979 0.775391 0.486979 0.776367 0.488281 0.788086 0.488281 0.789062 0.486979 0.795898 0.488281 0.796875 0.486979 0.804688 0.486979 0.808594 0.484375 0.811523 0.479167 0.814453 0.476562 0.816406 0.471354 0.819336 0.467448 0.823242 0.455729 0.823242 0.449219
0 0.860352 0.384115 0.855469 0.384115 0.849609 0.389323 0.847656 0.389323 0.844727 0.386719 0.836914 0.386719 0.836914 0.393229 0.833984 0.395833 0.829102 0.394531 0.825195 0.403646 0.820312 0.406250 0.818359 0.410156 0.815430 0.411458 0.815430 0.419271 0.820312 0.427083 0.821289 0.430990 0.824219 0.434896 0.829102 0.446615 0.838867 0.462240 0.842773 0.462240 0.843750 0.460938 0.857422 0.455729 0.862305 0.450521 0.865234 0.449219 0.868164 0.445312 0.875000 0.429688 0.875000 0.425781 0.876953 0.419271 0.876953 0.408854 0.875977 0.407552 0.875977 0.403646 0.872070 0.395833 0.869141 0.394531 0.864258 0.386719
0 0.747070 0.341146 0.746094 0.345052 0.748047 0.348958 0.748047 0.351562 0.745117 0.355469 0.745117 0.359375 0.744141 0.363281 0.742188 0.365885 0.741211 0.371094 0.739258 0.373698 0.737305 0.373698 0.734375 0.380208 0.734375 0.389323 0.735352 0.391927 0.744141 0.404948 0.759766 0.421875 0.766602 0.423177 0.772461 0.417969 0.786133 0.411458 0.796875 0.402344 0.798828 0.398438 0.798828 0.393229 0.797852 0.391927 0.796875 0.378906 0.795898 0.377604 0.794922 0.352865 0.791992 0.345052 0.789062 0.345052 0.788086 0.343750 0.772461 0.343750 0.771484 0.345052 0.765625 0.346354 0.764648 0.345052 0.752930 0.343750
0 0.797852 0.260417 0.791016 0.259115 0.790039 0.260417 0.778320 0.260417 0.777344 0.261719 0.774414 0.261719 0.771484 0.265625 0.769531 0.265625 0.763672 0.269531 0.758789 0.276042 0.756836 0.281250 0.751953 0.286458 0.749023 0.300781 0.747070 0.304688 0.747070 0.313802 0.750000 0.321615 0.750000 0.332031 0.749023 0.335938 0.752930 0.339844 0.761719 0.339844 0.763672 0.338542 0.767578 0.341146 0.788086 0.341146 0.791016 0.342448 0.796875 0.339844 0.798828 0.337240 0.801758 0.335938 0.805664 0.330729 0.809570 0.322917 0.809570 0.308594 0.806641 0.299479 0.806641 0.294271 0.803711 0.283854 0.803711 0.277344 0.802734 0.276042 0.801758 0.265625
0 0.853516 0.296875 0.852539 0.296875 0.848633 0.291667 0.827148 0.291667 0.825195 0.292969 0.821289 0.298177 0.815430 0.309896 0.812500 0.319010 0.812500 0.324219 0.811523 0.326823 0.804688 0.337240 0.799805 0.341146 0.796875 0.348958 0.796875 0.355469 0.801758 0.360677 0.807617 0.364583 0.810547 0.364583 0.811523 0.365885 0.822266 0.365885 0.823242 0.364583 0.828125 0.364583 0.833984 0.360677 0.835938 0.358073 0.842773 0.355469 0.845703 0.351562 0.848633 0.350260 0.852539 0.342448 0.855469 0.332031 0.855469 0.321615 0.856445 0.320312 0.856445 0.308594 0.857422 0.307292 0.857422 0.303385
