0 0.126953 0.169713 0.125000 0.169713 0.124023 0.171018 0.119141 0.171018 0.118164 0.172324 0.117188 0.172324 0.116211 0.173629 0.114258 0.173629 0.112305 0.176240 0.111328 0.176240 0.109375 0.178851 0.109375 0.180157 0.106445 0.186684 0.106445 0.189295 0.105469 0.190601 0.105469 0.194517 0.104492 0.195822 0.104492 0.199739 0.103516 0.201044 0.104492 0.202350 0.104492 0.204961 0.107422 0.211488 0.107422 0.215405 0.108398 0.216710 0.109375 0.220627 0.116211 0.229765 0.117188 0.229765 0.119141 0.232376 0.121094 0.232376 0.122070 0.233681 0.125000 0.232376 0.125000 0.231070 0.126953 0.227154 0.126953 0.224543 0.127930 0.223238 0.127930 0.221932 0.132812 0.215405 0.135742 0.214099 0.137695 0.211488 0.137695 0.210183 0.138672 0.208877 0.138672 0.206266 0.139648 0.204961 0.139648 0.202350 0.140625 0.201044 0.138672 0.191906 0.134766 0.186684 0.134766 0.185379 0.132812 0.182768 0.132812 0.181462 0.130859 0.178851 0.129883 0.174935 0.126953 0.171018
0 0.133789 0.142298 0.127930 0.152742 0.127930 0.155352 0.126953 0.156658 0.126953 0.164491 0.129883 0.173629 0.131836 0.176240 0.132812 0.181462 0.136719 0.186684 0.141602 0.197128 0.143555 0.198433 0.146484 0.198433 0.147461 0.199739 0.152344 0.199739 0.153320 0.201044 0.166992 0.201044 0.167969 0.199739 0.170898 0.199739 0.172852 0.197128 0.175781 0.195822 0.179688 0.190601 0.180664 0.190601 0.180664 0.187990 0.185547 0.176240 0.184570 0.168407 0.179688 0.163185 0.178711 0.159269 0.174805 0.154047 0.173828 0.154047 0.166992 0.146214 0.166016 0.140992 0.162109 0.134465 0.156250 0.134465 0.155273 0.135770 0.148438 0.137076 0.144531 0.139687 0.140625 0.139687 0.136719 0.142298
0 0.191406 0.093995 0.188477 0.093995 0.186523 0.096606 0.185547 0.096606 0.177734 0.105744 0.176758 0.105744 0.173828 0.109661 0.172852 0.109661 0.165039 0.120104 0.162109 0.121410 0.163086 0.130548 0.165039 0.133159 0.165039 0.135770 0.166992 0.138381 0.166992 0.139687 0.172852 0.147520 0.175781 0.148825 0.183594 0.159269 0.188477 0.159269 0.189453 0.157963 0.196289 0.157963 0.197266 0.156658 0.202148 0.155352 0.204102 0.154047 0.209961 0.146214 0.210938 0.143603 0.210938 0.138381 0.209961 0.137076 0.209961 0.133159 0.208984 0.131854 0.208984 0.125326 0.208008 0.124021 0.208008 0.121410 0.206055 0.118799 0.203125 0.109661 0.199219 0.104439 0.198242 0.104439
0 0.197266 0.161880 0.194336 0.167102 0.188477 0.182768 0.184570 0.189295 0.184570 0.191906 0.182617 0.194517 0.182617 0.201044 0.184570 0.204961 0.193359 0.212794 0.198242 0.219321 0.200195 0.219321 0.201172 0.220627 0.202148 0.219321 0.216797 0.219321 0.217773 0.218016 0.221680 0.218016 0.222656 0.216710 0.231445 0.216710 0.235352 0.211488 0.235352 0.208877 0.237305 0.204961 0.236328 0.202350 0.236328 0.194517 0.234375 0.189295 0.233398 0.172324 0.232422 0.171018 0.235352 0.164491 0.232422 0.160574 0.232422 0.159269 0.231445 0.157963 0.229492 0.160574 0.229492 0.164491 0.227539 0.167102 0.225586 0.167102 0.224609 0.168407 0.216797 0.165796 0.214844 0.163185 0.216797 0.159269 0.202148 0.157963
0 0.146484 0.207572 0.134766 0.216710 0.129883 0.224543 0.125977 0.233681 0.125977 0.245431 0.126953 0.248042 0.136719 0.259791 0.141602 0.262402 0.143555 0.265013 0.145508 0.265013 0.154297 0.272846 0.160156 0.272846 0.169922 0.261097 0.173828 0.253264 0.174805 0.254569 0.176758 0.254569 0.178711 0.249347 0.178711 0.241514 0.177734 0.238903 0.170898 0.231070 0.170898 0.228460 0.168945 0.228460 0.164062 0.221932 0.164062 0.220627 0.165039 0.219321 0.166992 0.219321 0.168945 0.220627 0.170898 0.224543 0.175781 0.225849 0.176758 0.227154 0.176758 0.224543 0.173828 0.219321 0.165039 0.211488 0.160156 0.210183 0.154297 0.206266 0.152344 0.207572
0 0.115234 0.251958 0.108398 0.261097 0.107422 0.261097 0.102539 0.267624 0.101562 0.267624 0.099609 0.271540 0.098633 0.271540 0.096680 0.274151 0.095703 0.279373 0.098633 0.283290 0.099609 0.288512 0.104492 0.293734 0.105469 0.293734 0.108398 0.297650 0.108398 0.298956 0.110352 0.300261 0.123047 0.317232 0.131836 0.317232 0.132812 0.318538 0.134766 0.318538 0.138672 0.315927 0.139648 0.309399 0.143555 0.300261 0.143555 0.297650 0.145508 0.292428 0.145508 0.288512 0.146484 0.287206 0.146484 0.279373 0.144531 0.274151 0.142578 0.271540 0.141602 0.271540 0.132812 0.258486 0.131836 0.258486 0.125000 0.251958
0 0.176758 0.263708 0.174805 0.266319 0.172852 0.266319 0.169922 0.268930 0.166992 0.268930 0.159180 0.276762 0.155273 0.278068 0.150391 0.284595 0.148438 0.289817 0.146484 0.300261 0.148438 0.305483 0.150391 0.308094 0.157227 0.313316 0.164062 0.321149 0.167969 0.323760 0.169922 0.323760 0.173828 0.328982 0.184570 0.328982 0.188477 0.325065 0.190430 0.317232 0.194336 0.314621 0.197266 0.309399 0.201172 0.306789 0.201172 0.300261 0.200195 0.297650 0.190430 0.284595 0.190430 0.283290 0.185547 0.276762 0.184570 0.276762 0.180664 0.272846 0.178711 0.267624 0.178711 0.263708
0 0.142578 0.321149 0.139648 0.325065 0.138672 0.325065 0.135742 0.330287 0.133789 0.331593 0.133789 0.334204 0.128906 0.340731 0.128906 0.343342 0.126953 0.347258 0.126953 0.353786 0.125977 0.355091 0.125977 0.360313 0.126953 0.362924 0.129883 0.366841 0.130859 0.370757 0.134766 0.375979 0.136719 0.375979 0.137695 0.377285 0.150391 0.377285 0.151367 0.375979 0.161133 0.375979 0.162109 0.374674 0.166992 0.373368 0.174805 0.362924 0.175781 0.359008 0.179688 0.352480 0.180664 0.345953 0.177734 0.338120 0.174805 0.334204 0.173828 0.334204 0.164062 0.325065 0.162109 0.325065 0.161133 0.323760 0.156250 0.323760 0.155273 0.322454 0.152344 0.322454 0.148438 0.319843 0.144531 0.319843
0 0.124023 0.391645 0.124023 0.395561 0.129883 0.406005 0.130859 0.409922 0.134766 0.413838 0.135742 0.413838 0.138672 0.417755 0.140625 0.417755 0.141602 0.419060 0.142578 0.419060 0.145508 0.422977 0.151367 0.422977 0.152344 0.421671 0.154297 0.421671 0.155273 0.420366 0.159180 0.420366 0.160156 0.421671 0.163086 0.421671 0.166016 0.419060 0.166016 0.416449 0.167969 0.412533 0.167969 0.396867 0.166992 0.395561 0.166992 0.392950 0.164062 0.387728 0.164062 0.386423 0.159180 0.379896 0.156250 0.379896 0.155273 0.378590 0.152344 0.378590 0.151367 0.379896 0.146484 0.379896 0.145508 0.381201 0.141602 0.381201 0.140625 0.382507 0.137695 0.382507 0.136719 0.383812 0.131836 0.385117 0.130859 0.386423 0.125977 0.389034
0 0.187500 0.381201 0.186523 0.382507 0.184570 0.382507 0.183594 0.383812 0.180664 0.385117 0.179688 0.386423 0.179688 0.387728 0.174805 0.392950 0.174805 0.394256 0.172852 0.398172 0.172852 0.412533 0.171875 0.413838 0.171875 0.419060 0.172852 0.420366 0.173828 0.424282 0.175781 0.426893 0.175781 0.428198 0.180664 0.434726 0.181641 0.434726 0.183594 0.437337 0.184570 0.437337 0.187500 0.439948 0.189453 0.439948 0.190430 0.441253 0.192383 0.441253 0.193359 0.442559 0.198242 0.442559 0.199219 0.441253 0.201172 0.441253 0.204102 0.437337 0.204102 0.434726 0.205078 0.433420 0.205078 0.430809 0.206055 0.429504 0.206055 0.428198 0.210938 0.420366 0.210938 0.417755 0.211914 0.416449 0.211914 0.408616 0.210938 0.407311 0.210938 0.404700 0.209961 0.403394 0.209961 0.399478 0.207031 0.395561 0.207031 0.394256 0.205078 0.391645 0.204102 0.387728 0.203125 0.387728 0.196289 0.382507 0.192383 0.382507 0.191406 0.381201
0 0.168945 0.436031 0.167969 0.437337 0.166016 0.437337 0.165039 0.438642 0.163086 0.438642 0.162109 0.439948 0.161133 0.439948 0.157227 0.445170 0.157227 0.446475 0.152344 0.453003 0.152344 0.454308 0.151367 0.455614 0.151367 0.462141 0.152344 0.463446 0.153320 0.467363 0.155273 0.469974 0.155273 0.473890 0.156250 0.475196 0.156250 0.481723 0.158203 0.485640 0.158203 0.488251 0.162109 0.492167 0.166992 0.493473 0.167969 0.494778 0.168945 0.494778 0.169922 0.496084 0.171875 0.496084 0.172852 0.497389 0.173828 0.496084 0.174805 0.496084 0.175781 0.494778 0.177734 0.494778 0.180664 0.492167 0.185547 0.490862 0.190430 0.484334 0.190430 0.483029 0.191406 0.481723 0.191406 0.479112 0.192383 0.477807 0.192383 0.473890 0.191406 0.472585 0.191406 0.467363 0.190430 0.466057 0.190430 0.463446 0.189453 0.462141 0.187500 0.455614 0.184570 0.451697 0.184570 0.449086 0.185547 0.447781 0.185547 0.443864 0.182617 0.442559 0.179688 0.438642 0.178711 0.438642 0.177734 0.437337 0.172852 0.437337 0.171875 0.436031
0 0.219727 0.437337 0.217773 0.437337 0.216797 0.438642 0.210938 0.438642 0.209961 0.439948 0.208008 0.439948 0.205078 0.443864 0.203125 0.443864 0.202148 0.445170 0.199219 0.445170 0.199219 0.453003 0.196289 0.459530 0.196289 0.463446 0.197266 0.464752 0.198242 0.471279 0.199219 0.472585 0.199219 0.473890 0.201172 0.476501 0.202148 0.480418 0.206055 0.485640 0.208008 0.485640 0.208984 0.486945 0.210938 0.486945 0.211914 0.488251 0.215820 0.488251 0.216797 0.486945 0.219727 0.485640 0.225586 0.479112 0.226562 0.479112 0.227539 0.477807 0.228516 0.477807 0.230469 0.475196 0.233398 0.473890 0.238281 0.467363 0.237305 0.460836 0.235352 0.458225 0.234375 0.454308 0.224609 0.441253 0.223633 0.441253 0.221680 0.438642 0.220703 0.438642
0 0.187500 0.490862 0.185547 0.493473 0.185547 0.498695 0.184570 0.500000 0.184570 0.509138 0.185547 0.510444 0.185547 0.511749 0.190430 0.518277 0.190430 0.519582 0.193359 0.523499 0.194336 0.523499 0.197266 0.527415 0.197266 0.528721 0.202148 0.535248 0.203125 0.535248 0.204102 0.536554 0.206055 0.536554 0.207031 0.537859 0.211914 0.537859 0.212891 0.536554 0.213867 0.536554 0.217773 0.531332 0.218750 0.531332 0.220703 0.528721 0.220703 0.527415 0.222656 0.524804 0.222656 0.523499 0.225586 0.518277 0.225586 0.513055 0.226562 0.511749 0.226562 0.500000 0.224609 0.496084 0.222656 0.496084 0.215820 0.490862 0.213867 0.490862 0.212891 0.489556 0.209961 0.489556 0.208984 0.488251 0.206055 0.488251 0.205078 0.486945 0.204102 0.486945 0.203125 0.488251 0.198242 0.488251 0.197266 0.489556 0.191406 0.489556 0.190430 0.490862
0 0.232422 0.477807 0.229492 0.481723 0.229492 0.484334 0.228516 0.485640 0.228516 0.500000 0.230469 0.503916 0.230469 0.507833 0.231445 0.509138 0.231445 0.510444 0.238281 0.519582 0.239258 0.519582 0.241211 0.522193 0.242188 0.522193 0.245117 0.526110 0.246094 0.526110 0.249023 0.528721 0.250977 0.528721 0.253906 0.531332 0.255859 0.531332 0.256836 0.530026 0.257812 0.530026 0.259766 0.527415 0.259766 0.526110 0.260742 0.524804 0.260742 0.522193 0.261719 0.520888 0.261719 0.518277 0.263672 0.515666 0.263672 0.514360 0.265625 0.510444 0.265625 0.492167 0.264648 0.490862 0.264648 0.488251 0.263672 0.486945 0.263672 0.481723 0.262695 0.480418 0.259766 0.480418 0.257812 0.477807 0.253906 0.477807 0.252930 0.476501 0.251953 0.476501 0.250977 0.475196 0.249023 0.475196 0.248047 0.473890 0.245117 0.473890 0.244141 0.475196 0.242188 0.475196 0.240234 0.477807 0.237305 0.477807 0.236328 0.479112 0.233398 0.479112
0 0.236328 0.451697 0.236328 0.454308 0.238281 0.459530 0.240234 0.462141 0.240234 0.463446 0.247070 0.471279 0.250977 0.473890 0.252930 0.473890 0.253906 0.475196 0.257812 0.475196 0.258789 0.476501 0.264648 0.476501 0.265625 0.477807 0.268555 0.477807 0.269531 0.479112 0.271484 0.479112 0.273438 0.477807 0.274414 0.475196 0.281250 0.466057 0.282227 0.462141 0.283203 0.460836 0.286133 0.460836 0.287109 0.458225 0.287109 0.453003 0.286133 0.450392 0.284180 0.449086 0.281250 0.439948 0.277344 0.434726 0.277344 0.432115 0.278320 0.430809 0.277344 0.430809 0.275391 0.428198 0.269531 0.428198 0.268555 0.426893 0.263672 0.426893 0.262695 0.428198 0.259766 0.428198 0.257812 0.429504 0.254883 0.434726 0.252930 0.434726 0.249023 0.437337 0.244141 0.443864 0.243164 0.443864
0 0.291016 0.466057 0.288086 0.469974 0.287109 0.469974 0.287109 0.471279 0.285156 0.475196 0.285156 0.492167 0.286133 0.493473 0.287109 0.500000 0.288086 0.501305 0.290039 0.507833 0.291016 0.507833 0.293945 0.510444 0.295898 0.510444 0.296875 0.511749 0.301758 0.513055 0.302734 0.514360 0.305664 0.514360 0.306641 0.515666 0.311523 0.515666 0.312500 0.514360 0.314453 0.514360 0.316406 0.511749 0.317383 0.511749 0.322266 0.505222 0.324219 0.497389 0.323242 0.496084 0.323242 0.492167 0.322266 0.490862 0.319336 0.481723 0.314453 0.475196 0.312500 0.468668 0.310547 0.466057 0.308594 0.466057 0.307617 0.464752 0.304688 0.464752 0.303711 0.463446 0.294922 0.463446 0.293945 0.464752
0 0.214844 0.381201 0.214844 0.390339 0.215820 0.391645 0.215820 0.403394 0.217773 0.408616 0.217773 0.412533 0.218750 0.413838 0.218750 0.417755 0.219727 0.419060 0.219727 0.421671 0.221680 0.425587 0.225586 0.428198 0.229492 0.428198 0.230469 0.429504 0.238281 0.429504 0.239258 0.428198 0.242188 0.428198 0.250000 0.422977 0.256836 0.415144 0.257812 0.412533 0.257812 0.400783 0.256836 0.399478 0.256836 0.396867 0.255859 0.394256 0.250977 0.387728 0.250977 0.385117 0.248047 0.377285 0.243164 0.377285 0.241211 0.374674 0.237305 0.374674 0.233398 0.372063 0.229492 0.372063 0.223633 0.377285 0.220703 0.377285 0.219727 0.378590 0.217773 0.378590
0 0.204102 0.314621 0.202148 0.315927 0.199219 0.319843 0.196289 0.321149 0.190430 0.328982 0.189453 0.328982 0.185547 0.335509 0.185547 0.339426 0.184570 0.340731 0.185547 0.342037 0.186523 0.348564 0.188477 0.351175 0.190430 0.356397 0.190430 0.364230 0.192383 0.366841 0.197266 0.369452 0.202148 0.375979 0.204102 0.377285 0.207031 0.377285 0.208008 0.378590 0.212891 0.378590 0.213867 0.377285 0.215820 0.377285 0.219727 0.374674 0.225586 0.368146 0.225586 0.365535 0.227539 0.361619 0.226562 0.360313 0.226562 0.355091 0.227539 0.353786 0.227539 0.351175 0.221680 0.340731 0.220703 0.338120 0.220703 0.335509 0.216797 0.330287 0.216797 0.327676 0.215820 0.325065 0.213867 0.322454 0.212891 0.322454 0.209961 0.318538 0.208984 0.315927
0 0.215820 0.309399 0.215820 0.314621 0.216797 0.317232 0.221680 0.325065 0.221680 0.326371 0.225586 0.332898 0.226562 0.336815 0.233398 0.345953 0.233398 0.347258 0.236328 0.351175 0.241211 0.351175 0.242188 0.349869 0.247070 0.349869 0.248047 0.348564 0.250000 0.348564 0.251953 0.347258 0.254883 0.343342 0.255859 0.343342 0.258789 0.339426 0.259766 0.336815 0.262695 0.336815 0.262695 0.335509 0.260742 0.332898 0.260742 0.319843 0.258789 0.315927 0.258789 0.309399 0.257812 0.308094 0.257812 0.305483 0.254883 0.301567 0.253906 0.301567 0.250977 0.297650 0.249023 0.296345 0.247070 0.296345 0.243164 0.293734 0.229492 0.293734 0.228516 0.295039 0.223633 0.296345 0.221680 0.298956 0.220703 0.298956
0 0.191406 0.231070 0.188477 0.234987 0.187500 0.234987 0.186523 0.237598 0.186523 0.250653 0.187500 0.251958 0.187500 0.262402 0.188477 0.263708 0.189453 0.275457 0.190430 0.278068 0.194336 0.283290 0.194336 0.284595 0.196289 0.287206 0.198242 0.287206 0.199219 0.288512 0.204102 0.288512 0.205078 0.287206 0.208984 0.287206 0.209961 0.285901 0.217773 0.284595 0.222656 0.279373 0.223633 0.279373 0.229492 0.270235 0.229492 0.265013 0.231445 0.259791 0.231445 0.250653 0.229492 0.246736 0.229492 0.244125 0.227539 0.241514 0.225586 0.236292 0.221680 0.231070 0.223633 0.228460 0.226562 0.227154 0.225586 0.225849 0.206055 0.225849 0.205078 0.227154 0.203125 0.225849 0.200195 0.225849
0 0.278320 0.246736 0.271484 0.251958 0.262695 0.262402 0.259766 0.270235 0.258789 0.276762 0.257812 0.278068 0.256836 0.289817 0.257812 0.291123 0.257812 0.295039 0.261719 0.300261 0.269531 0.305483 0.271484 0.305483 0.279297 0.312010 0.281250 0.312010 0.282227 0.313316 0.284180 0.313316 0.288086 0.315927 0.291016 0.315927 0.292969 0.313316 0.299805 0.309399 0.301758 0.306789 0.304688 0.298956 0.307617 0.295039 0.306641 0.268930 0.304688 0.266319 0.302734 0.261097 0.299805 0.259791 0.294922 0.253264 0.289062 0.249347 0.286133 0.249347 0.283203 0.246736
0 0.263672 0.344648 0.261719 0.348564 0.261719 0.362924 0.260742 0.364230 0.260742 0.375979 0.259766 0.377285 0.259766 0.387728 0.262695 0.392950 0.262695 0.394256 0.263672 0.395561 0.265625 0.395561 0.266602 0.396867 0.269531 0.396867 0.270508 0.398172 0.274414 0.398172 0.275391 0.399478 0.279297 0.399478 0.280273 0.398172 0.284180 0.398172 0.285156 0.396867 0.290039 0.396867 0.291016 0.395561 0.292969 0.395561 0.293945 0.394256 0.294922 0.394256 0.296875 0.391645 0.296875 0.390339 0.297852 0.389034 0.297852 0.386423 0.298828 0.385117 0.298828 0.369452 0.297852 0.368146 0.296875 0.361619 0.292969 0.356397 0.292969 0.355091 0.291992 0.353786 0.291016 0.353786 0.288086 0.349869 0.286133 0.349869 0.285156 0.348564 0.280273 0.348564 0.279297 0.347258 0.275391 0.347258 0.274414 0.345953 0.271484 0.345953 0.270508 0.344648
0 0.310547 0.306789 0.306641 0.309399 0.295898 0.322454 0.292969 0.323760 0.285156 0.334204 0.285156 0.339426 0.287109 0.342037 0.291992 0.344648 0.297852 0.352480 0.305664 0.357702 0.308594 0.357702 0.309570 0.359008 0.312500 0.359008 0.313477 0.360313 0.319336 0.360313 0.323242 0.357702 0.327148 0.352480 0.329102 0.351175 0.329102 0.349869 0.332031 0.345953 0.332031 0.344648 0.336914 0.336815 0.336914 0.335509 0.334961 0.331593 0.334961 0.326371 0.333984 0.323760 0.331055 0.319843 0.330078 0.319843 0.327148 0.314621 0.323242 0.312010 0.321289 0.312010 0.319336 0.309399 0.315430 0.306789
0 0.318359 0.399478 0.316406 0.399478 0.315430 0.398172 0.313477 0.398172 0.310547 0.400783 0.304688 0.400783 0.303711 0.399478 0.297852 0.399478 0.293945 0.402089 0.289062 0.402089 0.288086 0.403394 0.286133 0.403394 0.282227 0.406005 0.281250 0.408616 0.281250 0.413838 0.282227 0.415144 0.282227 0.417755 0.283203 0.419060 0.283203 0.421671 0.284180 0.422977 0.284180 0.425587 0.285156 0.426893 0.285156 0.429504 0.286133 0.430809 0.286133 0.433420 0.287109 0.434726 0.288086 0.441253 0.291992 0.450392 0.295898 0.453003 0.297852 0.453003 0.298828 0.454308 0.306641 0.454308 0.314453 0.449086 0.318359 0.443864 0.319336 0.439948 0.322266 0.436031 0.323242 0.432115 0.326172 0.426893 0.326172 0.412533 0.325195 0.411227 0.325195 0.408616 0.324219 0.408616 0.322266 0.403394 0.321289 0.403394
0 0.365234 0.451697 0.361328 0.446475 0.360352 0.442559 0.352539 0.433420 0.350586 0.433420 0.349609 0.430809 0.344727 0.430809 0.344727 0.432115 0.342773 0.434726 0.338867 0.432115 0.335938 0.432115 0.334961 0.433420 0.333008 0.433420 0.331055 0.436031 0.330078 0.436031 0.329102 0.439948 0.326172 0.443864 0.325195 0.446475 0.325195 0.450392 0.324219 0.451697 0.324219 0.456919 0.323242 0.458225 0.323242 0.466057 0.322266 0.467363 0.322266 0.475196 0.321289 0.476501 0.321289 0.479112 0.323242 0.483029 0.325195 0.483029 0.330078 0.486945 0.342773 0.486945 0.348633 0.483029 0.350586 0.483029 0.353516 0.480418 0.355469 0.480418 0.359375 0.477807 0.362305 0.473890 0.363281 0.471279 0.363281 0.462141 0.365234 0.459530
0 0.338867 0.498695 0.338867 0.500000 0.337891 0.501305 0.337891 0.506527 0.340820 0.513055 0.340820 0.516971 0.341797 0.518277 0.342773 0.522193 0.345703 0.526110 0.346680 0.526110 0.347656 0.527415 0.347656 0.528721 0.348633 0.528721 0.350586 0.531332 0.351562 0.531332 0.353516 0.535248 0.355469 0.535248 0.356445 0.536554 0.362305 0.536554 0.363281 0.535248 0.368164 0.535248 0.369141 0.533943 0.371094 0.533943 0.374023 0.531332 0.375977 0.531332 0.379883 0.524804 0.379883 0.520888 0.380859 0.519582 0.380859 0.510444 0.379883 0.509138 0.378906 0.509138 0.377930 0.510444 0.375977 0.510444 0.374023 0.507833 0.374023 0.506527 0.373047 0.505222 0.372070 0.505222 0.371094 0.503916 0.368164 0.503916 0.366211 0.501305 0.363281 0.500000 0.355469 0.490862 0.344727 0.490862
0 0.387695 0.515666 0.386719 0.516971 0.386719 0.518277 0.382812 0.523499 0.382812 0.524804 0.378906 0.530026 0.378906 0.531332 0.376953 0.533943 0.375977 0.533943 0.375000 0.535248 0.375000 0.536554 0.372070 0.540470 0.372070 0.544386 0.374023 0.546997 0.376953 0.548303 0.381836 0.553525 0.384766 0.554830 0.386719 0.557441 0.391602 0.560052 0.393555 0.562663 0.394531 0.562663 0.397461 0.565274 0.400391 0.565274 0.401367 0.563969 0.403320 0.563969 0.404297 0.562663 0.405273 0.562663 0.409180 0.557441 0.409180 0.556136 0.411133 0.553525 0.411133 0.552219 0.412109 0.550914 0.412109 0.545692 0.413086 0.544386 0.413086 0.536554 0.414062 0.535248 0.413086 0.533943 0.413086 0.531332 0.412109 0.530026 0.411133 0.526110 0.408203 0.522193 0.403320 0.522193 0.402344 0.520888 0.399414 0.520888 0.398438 0.519582 0.396484 0.519582 0.394531 0.516971 0.392578 0.516971 0.391602 0.515666
0 0.423828 0.528721 0.422852 0.531332 0.425781 0.533943 0.419922 0.541775 0.418945 0.544386 0.418945 0.546997 0.417969 0.548303 0.417969 0.550914 0.416992 0.552219 0.416992 0.561358 0.418945 0.566580 0.419922 0.566580 0.421875 0.569191 0.423828 0.569191 0.425781 0.571802 0.427734 0.571802 0.428711 0.573107 0.430664 0.573107 0.431641 0.574413 0.436523 0.575718 0.439453 0.578329 0.441406 0.578329 0.442383 0.579634 0.447266 0.579634 0.453125 0.571802 0.456055 0.563969 0.456055 0.561358 0.457031 0.560052 0.457031 0.556136 0.458008 0.554830 0.458008 0.550914 0.458984 0.549608 0.458984 0.540470 0.458008 0.537859 0.456055 0.535248 0.456055 0.533943 0.450195 0.527415 0.447266 0.527415 0.443359 0.524804 0.438477 0.524804 0.436523 0.526110 0.435547 0.528721 0.431641 0.532637 0.427734 0.532637 0.425781 0.528721
0 0.456055 0.475196 0.453125 0.475196 0.452148 0.476501 0.450195 0.476501 0.449219 0.477807 0.445312 0.477807 0.444336 0.479112 0.441406 0.479112 0.436523 0.485640 0.436523 0.501305 0.437500 0.502611 0.437500 0.511749 0.438477 0.513055 0.438477 0.516971 0.439453 0.518277 0.439453 0.519582 0.440430 0.519582 0.443359 0.522193 0.446289 0.522193 0.447266 0.523499 0.451172 0.523499 0.452148 0.522193 0.455078 0.522193 0.456055 0.520888 0.458008 0.520888 0.458984 0.519582 0.461914 0.518277 0.471680 0.505222 0.471680 0.503916 0.472656 0.502611 0.472656 0.500000 0.473633 0.498695 0.473633 0.497389 0.472656 0.496084 0.472656 0.493473 0.470703 0.490862 0.470703 0.489556 0.466797 0.484334 0.464844 0.484334 0.462891 0.481723 0.461914 0.481723 0.459961 0.479112 0.458984 0.479112
0 0.401367 0.468668 0.400391 0.469974 0.395508 0.472585 0.391602 0.477807 0.392578 0.479112 0.392578 0.483029 0.386719 0.490862 0.386719 0.498695 0.387695 0.500000 0.387695 0.501305 0.396484 0.511749 0.398438 0.511749 0.399414 0.513055 0.402344 0.513055 0.403320 0.514360 0.407227 0.514360 0.408203 0.515666 0.414062 0.515666 0.417969 0.511749 0.418945 0.511749 0.422852 0.506527 0.423828 0.506527 0.429688 0.498695 0.429688 0.496084 0.430664 0.494778 0.430664 0.488251 0.429688 0.486945 0.429688 0.484334 0.428711 0.483029 0.428711 0.481723 0.425781 0.477807 0.424805 0.477807 0.418945 0.469974 0.417969 0.469974 0.416992 0.468668 0.415039 0.468668 0.414062 0.467363 0.410156 0.467363 0.409180 0.468668
0 0.375977 0.408616 0.373047 0.411227 0.373047 0.412533 0.371094 0.416449 0.371094 0.419060 0.368164 0.424282 0.368164 0.426893 0.366211 0.429504 0.364258 0.436031 0.377930 0.453003 0.378906 0.453003 0.385742 0.462141 0.386719 0.462141 0.388672 0.464752 0.391602 0.464752 0.392578 0.463446 0.393555 0.463446 0.396484 0.459530 0.397461 0.459530 0.399414 0.456919 0.400391 0.456919 0.402344 0.454308 0.403320 0.454308 0.405273 0.451697 0.406250 0.451697 0.406250 0.449086 0.407227 0.447781 0.407227 0.433420 0.406250 0.432115 0.406250 0.426893 0.401367 0.417755 0.398438 0.416449 0.395508 0.412533 0.394531 0.412533 0.393555 0.411227 0.391602 0.411227 0.388672 0.408616 0.385742 0.408616 0.384766 0.407311 0.383789 0.408616
0 0.440430 0.419060 0.437500 0.419060 0.436523 0.420366 0.434570 0.420366 0.433594 0.421671 0.430664 0.422977 0.425781 0.428198 0.425781 0.429504 0.424805 0.430809 0.424805 0.433420 0.422852 0.437337 0.422852 0.441253 0.421875 0.442559 0.421875 0.446475 0.420898 0.447781 0.420898 0.451697 0.419922 0.453003 0.419922 0.455614 0.418945 0.456919 0.419922 0.458225 0.419922 0.462141 0.421875 0.464752 0.422852 0.464752 0.427734 0.468668 0.429688 0.468668 0.430664 0.469974 0.442383 0.469974 0.443359 0.468668 0.445312 0.468668 0.446289 0.467363 0.451172 0.466057 0.456055 0.458225 0.456055 0.456919 0.457031 0.455614 0.457031 0.453003 0.458008 0.451697 0.458008 0.443864 0.457031 0.442559 0.457031 0.439948 0.456055 0.438642 0.456055 0.437337 0.454102 0.434726 0.454102 0.433420 0.453125 0.432115 0.452148 0.432115 0.450195 0.429504 0.450195 0.428198 0.448242 0.425587 0.447266 0.425587 0.443359 0.420366 0.441406 0.420366
0 0.340820 0.349869 0.338867 0.352480 0.337891 0.352480 0.329102 0.364230 0.329102 0.365535 0.325195 0.369452 0.325195 0.370757 0.324219 0.372063 0.323242 0.372063 0.323242 0.373368 0.321289 0.377285 0.321289 0.381201 0.322266 0.382507 0.323242 0.386423 0.325195 0.389034 0.325195 0.390339 0.329102 0.395561 0.332031 0.396867 0.335938 0.400783 0.340820 0.400783 0.341797 0.402089 0.349609 0.402089 0.350586 0.400783 0.353516 0.400783 0.357422 0.396867 0.359375 0.396867 0.364258 0.392950 0.364258 0.390339 0.365234 0.389034 0.365234 0.385117 0.366211 0.383812 0.366211 0.381201 0.365234 0.379896 0.365234 0.375979 0.364258 0.374674 0.364258 0.372063 0.363281 0.370757 0.363281 0.368146 0.362305 0.366841 0.362305 0.365535 0.359375 0.361619 0.359375 0.359008 0.357422 0.356397 0.356445 0.356397 0.355469 0.355091 0.353516 0.355091 0.352539 0.353786 0.350586 0.353786 0.346680 0.349869
0 0.373047 0.323760 0.370117 0.331593 0.368164 0.334204 0.366211 0.345953 0.363281 0.352480 0.364258 0.353786 0.364258 0.359008 0.366211 0.364230 0.366211 0.368146 0.372070 0.374674 0.374023 0.374674 0.376953 0.377285 0.382812 0.377285 0.383789 0.378590 0.386719 0.378590 0.387695 0.379896 0.392578 0.379896 0.393555 0.381201 0.401367 0.381201 0.402344 0.379896 0.403320 0.373368 0.405273 0.370757 0.405273 0.368146 0.406250 0.366841 0.406250 0.352480 0.405273 0.351175 0.405273 0.348564 0.404297 0.347258 0.404297 0.344648 0.402344 0.339426 0.399414 0.335509 0.400391 0.334204 0.400391 0.330287 0.397461 0.326371 0.395508 0.325065 0.391602 0.325065 0.390625 0.323760 0.384766 0.323760 0.383789 0.325065 0.377930 0.325065 0.376953 0.323760
0 0.251953 0.125326 0.246094 0.129243 0.244141 0.129243 0.234375 0.142298 0.232422 0.147520 0.232422 0.151436 0.235352 0.159269 0.237305 0.161880 0.238281 0.165796 0.243164 0.173629 0.249023 0.190601 0.251953 0.194517 0.255859 0.194517 0.256836 0.193211 0.261719 0.193211 0.262695 0.191906 0.265625 0.191906 0.272461 0.186684 0.272461 0.185379 0.275391 0.181462 0.276367 0.181462 0.280273 0.172324 0.280273 0.167102 0.281250 0.165796 0.281250 0.157963 0.280273 0.156658 0.280273 0.147520 0.278320 0.143603 0.275391 0.142298 0.273438 0.139687 0.267578 0.138381 0.266602 0.137076 0.264648 0.137076 0.260742 0.134465 0.254883 0.126632
0 0.272461 0.190601 0.270508 0.194517 0.270508 0.211488 0.271484 0.212794 0.271484 0.215405 0.283203 0.229765 0.285156 0.234987 0.290039 0.241514 0.291016 0.244125 0.291992 0.244125 0.295898 0.248042 0.299805 0.248042 0.301758 0.246736 0.307617 0.238903 0.308594 0.238903 0.310547 0.236292 0.310547 0.234987 0.314453 0.228460 0.314453 0.225849 0.315430 0.224543 0.315430 0.208877 0.316406 0.207572 0.316406 0.201044 0.315430 0.198433 0.311523 0.194517 0.310547 0.194517 0.304688 0.187990 0.300781 0.185379 0.296875 0.185379 0.295898 0.184073 0.291016 0.184073 0.290039 0.185379 0.287109 0.185379 0.286133 0.186684 0.284180 0.186684 0.281250 0.189295
0 0.360352 0.180157 0.358398 0.178851 0.355469 0.178851 0.348633 0.173629 0.338867 0.173629 0.330078 0.180157 0.330078 0.181462 0.325195 0.187990 0.321289 0.189295 0.318359 0.195822 0.318359 0.208877 0.317383 0.210183 0.317383 0.214099 0.322266 0.227154 0.329102 0.237598 0.335938 0.237598 0.336914 0.236292 0.343750 0.234987 0.344727 0.233681 0.349609 0.232376 0.351562 0.229765 0.353516 0.229765 0.360352 0.224543 0.361328 0.221932 0.361328 0.218016 0.362305 0.216710 0.362305 0.212794 0.363281 0.211488 0.363281 0.202350 0.365234 0.197128 0.364258 0.187990 0.362305 0.185379
0 0.296875 0.118799 0.288086 0.130548 0.286133 0.135770 0.286133 0.138381 0.285156 0.139687 0.285156 0.144909 0.286133 0.146214 0.286133 0.154047 0.287109 0.155352 0.287109 0.157963 0.288086 0.159269 0.288086 0.163185 0.290039 0.167102 0.290039 0.169713 0.291016 0.172324 0.294922 0.177546 0.296875 0.177546 0.297852 0.178851 0.303711 0.178851 0.304688 0.180157 0.318359 0.180157 0.320312 0.178851 0.326172 0.171018 0.326172 0.169713 0.330078 0.164491 0.330078 0.161880 0.331055 0.160574 0.331055 0.156658 0.330078 0.155352 0.330078 0.150131 0.328125 0.146214 0.328125 0.143603 0.327148 0.142298 0.327148 0.139687 0.326172 0.138381 0.324219 0.127937 0.321289 0.120104 0.317383 0.116188 0.308594 0.114883 0.304688 0.117493 0.301758 0.117493 0.300781 0.118799
0 0.275391 0.039164 0.274414 0.041775 0.274414 0.045692 0.273438 0.046997 0.273438 0.058747 0.272461 0.060052 0.271484 0.075718 0.270508 0.077023 0.270508 0.082245 0.271484 0.083551 0.271484 0.090078 0.272461 0.092689 0.283203 0.105744 0.285156 0.105744 0.286133 0.107050 0.288086 0.105744 0.291992 0.105744 0.292969 0.104439 0.296875 0.104439 0.306641 0.097911 0.308594 0.097911 0.310547 0.095300 0.313477 0.095300 0.313477 0.091384 0.314453 0.090078 0.314453 0.080940 0.313477 0.079634 0.313477 0.063969 0.308594 0.054830 0.308594 0.049608 0.306641 0.045692 0.306641 0.043081 0.304688 0.041775 0.297852 0.043081 0.296875 0.041775 0.294922 0.041775 0.288086 0.037859 0.285156 0.037859 0.282227 0.033943 0.280273 0.033943 0.276367 0.039164
0 0.326172 0.010444 0.325195 0.014360 0.322266 0.018277 0.322266 0.019582 0.309570 0.039164 0.309570 0.045692 0.313477 0.056136 0.315430 0.058747 0.316406 0.063969 0.318359 0.066580 0.320312 0.067885 0.323242 0.067885 0.328125 0.071802 0.331055 0.071802 0.332031 0.073107 0.337891 0.074413 0.340820 0.077023 0.346680 0.077023 0.352539 0.070496 0.358398 0.053525 0.358398 0.044386 0.357422 0.043081 0.357422 0.037859 0.356445 0.036554 0.356445 0.033943 0.347656 0.010444 0.345703 0.009138 0.338867 0.009138 0.337891 0.007833
0 0.322266 0.100522 0.321289 0.101828 0.320312 0.108355 0.321289 0.109661 0.321289 0.113577 0.323242 0.118799 0.326172 0.122715 0.326172 0.124021 0.328125 0.126632 0.328125 0.127937 0.330078 0.130548 0.333984 0.139687 0.342773 0.152742 0.344727 0.154047 0.350586 0.154047 0.351562 0.152742 0.355469 0.152742 0.369141 0.142298 0.370117 0.139687 0.370117 0.130548 0.369141 0.129243 0.369141 0.122715 0.368164 0.121410 0.367188 0.110966 0.365234 0.108355 0.363281 0.103133 0.360352 0.100522 0.360352 0.099217 0.353516 0.088773 0.346680 0.088773 0.345703 0.090078 0.340820 0.090078 0.339844 0.091384 0.337891 0.091384 0.335938 0.093995 0.328125 0.099217
0 0.358398 0.069191 0.357422 0.071802 0.357422 0.079634 0.359375 0.083551 0.360352 0.091384 0.363281 0.097911 0.367188 0.099217 0.368164 0.100522 0.370117 0.100522 0.371094 0.101828 0.373047 0.101828 0.374023 0.103133 0.376953 0.103133 0.377930 0.104439 0.380859 0.104439 0.381836 0.105744 0.383789 0.105744 0.384766 0.107050 0.388672 0.107050 0.389648 0.108355 0.398438 0.108355 0.400391 0.107050 0.405273 0.100522 0.406250 0.095300 0.409180 0.088773 0.409180 0.086162 0.411133 0.080940 0.410156 0.074413 0.408203 0.073107 0.394531 0.053525 0.386719 0.048303 0.379883 0.048303 0.378906 0.049608 0.376953 0.049608 0.375000 0.052219 0.371094 0.053525 0.369141 0.056136 0.368164 0.056136
0 0.381836 0.127937 0.375977 0.134465 0.375977 0.135770 0.371094 0.143603 0.371094 0.146214 0.369141 0.151436 0.369141 0.155352 0.370117 0.157963 0.398438 0.197128 0.404297 0.197128 0.408203 0.190601 0.410156 0.184073 0.415039 0.174935 0.416016 0.167102 0.416992 0.165796 0.416992 0.160574 0.418945 0.155352 0.418945 0.148825 0.417969 0.151436 0.416016 0.152742 0.415039 0.151436 0.415039 0.148825 0.412109 0.140992 0.409180 0.137076 0.408203 0.133159 0.405273 0.129243 0.399414 0.129243 0.395508 0.126632 0.384766 0.126632 0.383789 0.127937
0 0.378906 0.199739 0.376953 0.204961 0.373047 0.210183 0.372070 0.214099 0.370117 0.216710 0.368164 0.221932 0.368164 0.228460 0.369141 0.229765 0.369141 0.233681 0.373047 0.244125 0.378906 0.250653 0.381836 0.251958 0.383789 0.254569 0.391602 0.259791 0.397461 0.259791 0.398438 0.258486 0.406250 0.258486 0.408203 0.257180 0.409180 0.254569 0.409180 0.251958 0.414062 0.241514 0.414062 0.237598 0.413086 0.236292 0.413086 0.229765 0.412109 0.228460 0.412109 0.224543 0.407227 0.218016 0.407227 0.215405 0.406250 0.214099 0.406250 0.211488 0.405273 0.208877 0.400391 0.202350 0.394531 0.198433 0.380859 0.198433
0 0.377930 0.265013 0.371094 0.278068 0.371094 0.280679 0.370117 0.281984 0.370117 0.295039 0.371094 0.296345 0.371094 0.298956 0.373047 0.301567 0.375000 0.306789 0.377930 0.308094 0.379883 0.310705 0.385742 0.314621 0.392578 0.321149 0.398438 0.321149 0.399414 0.319843 0.408203 0.319843 0.414062 0.312010 0.414062 0.310705 0.416016 0.308094 0.418945 0.300261 0.418945 0.295039 0.419922 0.293734 0.418945 0.292428 0.418945 0.288512 0.416992 0.285901 0.416992 0.284595 0.406250 0.268930 0.403320 0.267624 0.398438 0.262402 0.381836 0.262402
0 0.422852 0.304178 0.421875 0.306789 0.410156 0.322454 0.409180 0.325065 0.409180 0.327676 0.408203 0.328982 0.408203 0.331593 0.407227 0.332898 0.407227 0.336815 0.406250 0.338120 0.406250 0.343342 0.408203 0.345953 0.419922 0.353786 0.421875 0.353786 0.434570 0.362924 0.437500 0.362924 0.441406 0.359008 0.442383 0.359008 0.450195 0.348564 0.451172 0.345953 0.450195 0.344648 0.450195 0.331593 0.454102 0.321149 0.452148 0.317232 0.452148 0.314621 0.449219 0.310705 0.447266 0.309399 0.445312 0.309399 0.444336 0.308094 0.438477 0.308094 0.437500 0.306789 0.434570 0.306789 0.433594 0.305483 0.430664 0.305483 0.429688 0.304178
0 0.421875 0.361619 0.414062 0.361619 0.410156 0.368146 0.409180 0.372063 0.405273 0.377285 0.405273 0.378590 0.397461 0.398172 0.397461 0.400783 0.396484 0.402089 0.396484 0.406005 0.397461 0.407311 0.397461 0.408616 0.398438 0.408616 0.400391 0.411227 0.401367 0.411227 0.404297 0.413838 0.407227 0.413838 0.408203 0.415144 0.411133 0.415144 0.412109 0.416449 0.415039 0.416449 0.416016 0.417755 0.416992 0.416449 0.420898 0.416449 0.421875 0.415144 0.428711 0.411227 0.433594 0.406005 0.435547 0.406005 0.438477 0.403394 0.438477 0.402089 0.440430 0.398172 0.440430 0.391645 0.441406 0.390339 0.441406 0.386423 0.440430 0.385117 0.440430 0.377285 0.439453 0.375979 0.439453 0.373368 0.436523 0.369452 0.435547 0.369452 0.434570 0.368146 0.431641 0.368146 0.430664 0.366841 0.429688 0.366841 0.426758 0.364230 0.424805 0.364230
0 0.457031 0.399478 0.457031 0.402089 0.456055 0.403394 0.456055 0.404700 0.457031 0.406005 0.458008 0.409922 0.456055 0.413838 0.456055 0.416449 0.454102 0.419060 0.454102 0.420366 0.452148 0.424282 0.452148 0.426893 0.453125 0.428198 0.453125 0.429504 0.456055 0.433420 0.456055 0.434726 0.460938 0.441253 0.464844 0.441253 0.465820 0.442559 0.476562 0.442559 0.477539 0.441253 0.478516 0.441253 0.479492 0.442559 0.482422 0.442559 0.483398 0.441253 0.485352 0.441253 0.488281 0.438642 0.490234 0.438642 0.493164 0.434726 0.493164 0.432115 0.494141 0.430809 0.494141 0.428198 0.495117 0.426893 0.495117 0.407311 0.492188 0.402089 0.489258 0.402089 0.488281 0.400783 0.486328 0.400783 0.483398 0.396867 0.482422 0.396867 0.481445 0.395561 0.477539 0.395561 0.476562 0.394256 0.463867 0.394256 0.460938 0.396867 0.458984 0.396867
0 0.491211 0.445170 0.484375 0.445170 0.483398 0.446475 0.482422 0.446475 0.480469 0.449086 0.477539 0.450392 0.471680 0.458225 0.470703 0.458225 0.467773 0.462141 0.467773 0.477807 0.468750 0.479112 0.468750 0.483029 0.471680 0.488251 0.471680 0.489556 0.473633 0.492167 0.473633 0.493473 0.476562 0.497389 0.477539 0.497389 0.478516 0.498695 0.480469 0.498695 0.481445 0.500000 0.482422 0.500000 0.483398 0.498695 0.485352 0.498695 0.488281 0.496084 0.490234 0.496084 0.497070 0.490862 0.499023 0.490862 0.500000 0.489556 0.504883 0.486945 0.505859 0.485640 0.505859 0.483029 0.506836 0.481723 0.505859 0.480418 0.505859 0.464752 0.504883 0.463446 0.504883 0.460836 0.500000 0.454308 0.500000 0.453003 0.497070 0.449086 0.496094 0.449086
0 0.505859 0.493473 0.500000 0.493473 0.499023 0.494778 0.495117 0.494778 0.494141 0.496084 0.492188 0.496084 0.487305 0.500000 0.485352 0.500000 0.484375 0.501305 0.481445 0.502611 0.481445 0.509138 0.480469 0.510444 0.480469 0.523499 0.481445 0.524804 0.481445 0.527415 0.483398 0.530026 0.484375 0.533943 0.486328 0.536554 0.487305 0.536554 0.488281 0.535248 0.511719 0.535248 0.512695 0.533943 0.513672 0.533943 0.517578 0.528721 0.517578 0.527415 0.518555 0.526110 0.518555 0.520888 0.517578 0.519582 0.517578 0.518277 0.515625 0.515666 0.514648 0.511749 0.513672 0.510444 0.508789 0.510444 0.506836 0.507833 0.506836 0.503916 0.507812 0.502611 0.507812 0.496084
0 0.514648 0.554830 0.512695 0.554830 0.511719 0.553525 0.507812 0.553525 0.506836 0.552219 0.502930 0.552219 0.501953 0.550914 0.500000 0.550914 0.499023 0.552219 0.493164 0.552219 0.490234 0.556136 0.487305 0.556136 0.486328 0.557441 0.485352 0.557441 0.485352 0.558747 0.483398 0.562663 0.483398 0.571802 0.484375 0.573107 0.484375 0.577023 0.485352 0.578329 0.485352 0.580940 0.486328 0.582245 0.486328 0.586162 0.490234 0.592689 0.491211 0.592689 0.494141 0.596606 0.496094 0.596606 0.497070 0.597911 0.498047 0.597911 0.499023 0.596606 0.501953 0.596606 0.502930 0.595300 0.503906 0.595300 0.505859 0.592689 0.506836 0.592689 0.511719 0.587467 0.513672 0.587467 0.514648 0.586162 0.516602 0.586162 0.516602 0.584856 0.517578 0.583551 0.517578 0.580940 0.518555 0.579634 0.518555 0.562663 0.517578 0.561358 0.517578 0.558747
0 0.525391 0.575718 0.525391 0.577023 0.524414 0.578329 0.524414 0.582245 0.522461 0.586162 0.522461 0.595300 0.521484 0.596606 0.521484 0.603133 0.522461 0.604439 0.522461 0.608355 0.523438 0.609661 0.523438 0.610966 0.525391 0.613577 0.528320 0.613577 0.529297 0.614883 0.531250 0.614883 0.532227 0.616188 0.534180 0.616188 0.535156 0.617493 0.541016 0.617493 0.541992 0.616188 0.549805 0.616188 0.550781 0.614883 0.552734 0.614883 0.555664 0.610966 0.557617 0.610966 0.558594 0.609661 0.558594 0.608355 0.559570 0.607050 0.559570 0.601828 0.558594 0.600522 0.558594 0.597911 0.557617 0.596606 0.557617 0.595300 0.548828 0.583551 0.547852 0.583551 0.543945 0.578329 0.539062 0.575718 0.537109 0.573107 0.532227 0.573107 0.529297 0.570496
0 0.523438 0.522193 0.522461 0.523499 0.522461 0.526110 0.521484 0.527415 0.521484 0.535248 0.520508 0.536554 0.520508 0.539164 0.519531 0.540470 0.519531 0.548303 0.520508 0.549608 0.520508 0.550914 0.522461 0.553525 0.523438 0.553525 0.525391 0.556136 0.526367 0.556136 0.528320 0.558747 0.529297 0.558747 0.531250 0.561358 0.532227 0.561358 0.535156 0.563969 0.541992 0.563969 0.542969 0.565274 0.548828 0.565274 0.550781 0.562663 0.550781 0.561358 0.551758 0.560052 0.551758 0.557441 0.552734 0.556136 0.552734 0.552219 0.553711 0.550914 0.553711 0.546997 0.554688 0.545692 0.554688 0.539164 0.555664 0.537859 0.555664 0.527415 0.552734 0.523499 0.552734 0.522193 0.549805 0.519582 0.535156 0.519582 0.534180 0.520888 0.527344 0.520888 0.526367 0.522193
0 0.519531 0.472585 0.517578 0.475196 0.517578 0.476501 0.514648 0.479112 0.514648 0.483029 0.512695 0.485640 0.512695 0.486945 0.510742 0.490862 0.510742 0.493473 0.509766 0.494778 0.509766 0.498695 0.507812 0.502611 0.507812 0.507833 0.508789 0.509138 0.513672 0.509138 0.517578 0.513055 0.520508 0.513055 0.521484 0.514360 0.523438 0.514360 0.524414 0.515666 0.528320 0.515666 0.529297 0.516971 0.541016 0.516971 0.541992 0.518277 0.544922 0.518277 0.545898 0.516971 0.547852 0.516971 0.549805 0.514360 0.549805 0.507833 0.548828 0.506527 0.548828 0.489556 0.547852 0.488251 0.547852 0.484334 0.546875 0.483029 0.546875 0.481723 0.548828 0.479112 0.548828 0.476501 0.547852 0.475196 0.540039 0.475196 0.539062 0.473890 0.538086 0.473890 0.534180 0.467363 0.527344 0.467363 0.526367 0.468668 0.525391 0.468668 0.524414 0.469974 0.522461 0.469974 0.520508 0.472585
0 0.563477 0.565274 0.562500 0.566580 0.561523 0.570496 0.557617 0.575718 0.557617 0.592689 0.560547 0.596606 0.561523 0.600522 0.567383 0.607050 0.568359 0.607050 0.571289 0.609661 0.573242 0.609661 0.574219 0.610966 0.575195 0.610966 0.577148 0.613577 0.579102 0.613577 0.582031 0.616188 0.583984 0.616188 0.584961 0.614883 0.585938 0.614883 0.589844 0.609661 0.589844 0.608355 0.590820 0.607050 0.590820 0.600522 0.591797 0.599217 0.591797 0.590078 0.592773 0.588773 0.592773 0.578329 0.591797 0.577023 0.591797 0.573107 0.590820 0.571802 0.590820 0.570496 0.589844 0.569191 0.586914 0.567885 0.583008 0.562663 0.579102 0.562663 0.578125 0.561358 0.573242 0.561358 0.572266 0.562663 0.570312 0.562663 0.568359 0.565274
0 0.594727 0.600522 0.594727 0.601828 0.593750 0.603133 0.593750 0.605744 0.592773 0.607050 0.592773 0.614883 0.591797 0.616188 0.591797 0.622715 0.590820 0.624021 0.590820 0.634465 0.593750 0.638381 0.593750 0.639687 0.595703 0.642298 0.597656 0.642298 0.598633 0.643603 0.599609 0.643603 0.600586 0.642298 0.606445 0.642298 0.610352 0.646214 0.612305 0.646214 0.613281 0.644909 0.625000 0.644909 0.625977 0.643603 0.626953 0.643603 0.626953 0.639687 0.628906 0.637076 0.628906 0.630548 0.629883 0.629243 0.629883 0.622715 0.630859 0.621410 0.630859 0.617493 0.629883 0.616188 0.628906 0.612272 0.626953 0.609661 0.626953 0.605744 0.625977 0.604439 0.625977 0.603133 0.618164 0.603133 0.615234 0.599217 0.614258 0.599217 0.613281 0.597911 0.609375 0.597911 0.608398 0.596606 0.603516 0.596606 0.602539 0.597911 0.599609 0.597911 0.598633 0.599217 0.596680 0.599217 0.595703 0.600522
0 0.632812 0.592689 0.632812 0.596606 0.631836 0.597911 0.631836 0.604439 0.632812 0.605744 0.632812 0.609661 0.633789 0.610966 0.633789 0.613577 0.635742 0.616188 0.635742 0.617493 0.638672 0.621410 0.641602 0.622715 0.643555 0.625326 0.644531 0.625326 0.645508 0.626632 0.647461 0.626632 0.648438 0.627937 0.650391 0.627937 0.651367 0.629243 0.653320 0.629243 0.654297 0.630548 0.659180 0.630548 0.660156 0.629243 0.661133 0.629243 0.662109 0.627937 0.666992 0.625326 0.673828 0.616188 0.673828 0.614883 0.674805 0.613577 0.674805 0.608355 0.673828 0.607050 0.673828 0.604439 0.672852 0.603133 0.672852 0.601828 0.670898 0.599217 0.669922 0.599217 0.668945 0.597911 0.666992 0.597911 0.666016 0.596606 0.663086 0.596606 0.662109 0.595300 0.659180 0.595300 0.658203 0.596606 0.650391 0.596606 0.649414 0.595300 0.646484 0.595300 0.645508 0.593995 0.643555 0.593995 0.642578 0.592689 0.638672 0.592689 0.637695 0.591384 0.636719 0.592689
0 0.641602 0.578329 0.641602 0.582245 0.642578 0.583551 0.644531 0.590078 0.646484 0.592689 0.647461 0.592689 0.650391 0.595300 0.652344 0.595300 0.653320 0.596606 0.658203 0.596606 0.659180 0.595300 0.665039 0.595300 0.666016 0.596606 0.670898 0.596606 0.671875 0.595300 0.673828 0.595300 0.674805 0.593995 0.676758 0.593995 0.677734 0.592689 0.677734 0.591384 0.680664 0.587467 0.681641 0.587467 0.681641 0.586162 0.683594 0.583551 0.683594 0.582245 0.684570 0.580940 0.684570 0.578329 0.685547 0.577023 0.685547 0.570496 0.684570 0.569191 0.684570 0.565274 0.682617 0.562663 0.680664 0.562663 0.679688 0.561358 0.672852 0.561358 0.671875 0.562663 0.659180 0.562663 0.658203 0.561358 0.655273 0.561358 0.654297 0.560052 0.653320 0.560052 0.651367 0.562663 0.650391 0.562663 0.646484 0.567885 0.645508 0.567885 0.642578 0.571802 0.642578 0.577023
0 0.690430 0.587467 0.688477 0.590078 0.688477 0.591384 0.684570 0.596606 0.680664 0.596606 0.680664 0.601828 0.679688 0.603133 0.679688 0.605744 0.678711 0.607050 0.678711 0.613577 0.680664 0.616188 0.680664 0.617493 0.687500 0.626632 0.688477 0.626632 0.691406 0.629243 0.693359 0.629243 0.697266 0.634465 0.698242 0.634465 0.700195 0.637076 0.701172 0.637076 0.702148 0.635770 0.703125 0.635770 0.709961 0.626632 0.710938 0.626632 0.714844 0.621410 0.715820 0.621410 0.718750 0.618799 0.718750 0.609661 0.717773 0.608355 0.717773 0.607050 0.716797 0.607050 0.709961 0.597911 0.708984 0.593995 0.707031 0.591384 0.707031 0.590078 0.706055 0.588773 0.705078 0.588773 0.702148 0.586162 0.695312 0.586162 0.694336 0.587467
0 0.594727 0.565274 0.594727 0.571802 0.596680 0.574413 0.596680 0.575718 0.598633 0.578329 0.598633 0.579634 0.600586 0.582245 0.600586 0.583551 0.602539 0.586162 0.602539 0.587467 0.603516 0.587467 0.610352 0.592689 0.622070 0.592689 0.623047 0.591384 0.625977 0.591384 0.628906 0.588773 0.630859 0.588773 0.631836 0.587467 0.633789 0.587467 0.634766 0.586162 0.635742 0.586162 0.637695 0.582245 0.637695 0.571802 0.636719 0.570496 0.636719 0.565274 0.635742 0.563969 0.635742 0.562663 0.630859 0.556136 0.630859 0.554830 0.628906 0.552219 0.625977 0.550914 0.620117 0.544386 0.615234 0.544386 0.614258 0.545692 0.614258 0.548303 0.606445 0.560052 0.604492 0.560052 0.603516 0.561358 0.597656 0.561358 0.596680 0.562663 0.595703 0.562663 0.595703 0.563969
0 0.604492 0.511749 0.601562 0.511749 0.600586 0.513055 0.596680 0.513055 0.595703 0.514360 0.593750 0.514360 0.590820 0.516971 0.588867 0.516971 0.587891 0.518277 0.584961 0.519582 0.583008 0.522193 0.583008 0.523499 0.582031 0.524804 0.582031 0.527415 0.581055 0.528721 0.581055 0.545692 0.582031 0.546997 0.582031 0.548303 0.583984 0.550914 0.584961 0.550914 0.587891 0.554830 0.588867 0.554830 0.591797 0.558747 0.593750 0.558747 0.594727 0.560052 0.604492 0.560052 0.605469 0.558747 0.606445 0.558747 0.610352 0.552219 0.610352 0.550914 0.612305 0.546997 0.612305 0.544386 0.613281 0.543081 0.613281 0.541775 0.614258 0.540470 0.614258 0.539164 0.618164 0.530026 0.618164 0.526110 0.617188 0.524804 0.617188 0.522193 0.615234 0.519582 0.610352 0.516971 0.608398 0.514360 0.607422 0.514360
0 0.583984 0.459530 0.583008 0.459530 0.580078 0.456919 0.578125 0.456919 0.577148 0.458225 0.573242 0.458225 0.569336 0.462141 0.566406 0.463446 0.557617 0.473890 0.557617 0.475196 0.554688 0.479112 0.554688 0.480418 0.552734 0.484334 0.551758 0.490862 0.550781 0.492167 0.550781 0.501305 0.552734 0.505222 0.553711 0.505222 0.554688 0.506527 0.556641 0.506527 0.557617 0.507833 0.559570 0.507833 0.560547 0.509138 0.567383 0.510444 0.568359 0.511749 0.570312 0.511749 0.571289 0.513055 0.576172 0.513055 0.577148 0.514360 0.580078 0.514360 0.582031 0.511749 0.583008 0.511749 0.586914 0.506527 0.586914 0.505222 0.589844 0.498695 0.589844 0.496084 0.590820 0.494778 0.590820 0.489556 0.589844 0.488251 0.589844 0.485640 0.588867 0.484334 0.588867 0.472585 0.587891 0.471279 0.587891 0.467363 0.586914 0.466057 0.585938 0.462141
0 0.548828 0.412533 0.545898 0.416449 0.541016 0.419060 0.535156 0.425587 0.535156 0.426893 0.534180 0.428198 0.534180 0.436031 0.535156 0.437337 0.535156 0.441253 0.536133 0.442559 0.536133 0.445170 0.538086 0.447781 0.538086 0.449086 0.540039 0.451697 0.540039 0.453003 0.541016 0.453003 0.542969 0.455614 0.543945 0.455614 0.547852 0.460836 0.548828 0.460836 0.549805 0.462141 0.551758 0.462141 0.552734 0.463446 0.563477 0.463446 0.564453 0.462141 0.567383 0.460836 0.570312 0.456919 0.571289 0.456919 0.571289 0.455614 0.573242 0.453003 0.573242 0.443864 0.572266 0.442559 0.572266 0.437337 0.571289 0.436031 0.571289 0.428198 0.570312 0.426893 0.570312 0.419060 0.567383 0.413838 0.565430 0.413838 0.564453 0.415144 0.563477 0.415144 0.562500 0.413838 0.560547 0.413838 0.559570 0.412533 0.556641 0.412533 0.555664 0.411227 0.554688 0.412533
0 0.509766 0.373368 0.508789 0.374674 0.506836 0.374674 0.505859 0.375979 0.504883 0.375979 0.501953 0.379896 0.500977 0.379896 0.495117 0.387728 0.495117 0.389034 0.494141 0.390339 0.494141 0.392950 0.493164 0.394256 0.494141 0.395561 0.495117 0.402089 0.498047 0.406005 0.498047 0.407311 0.499023 0.408616 0.499023 0.411227 0.500000 0.412533 0.500000 0.415144 0.502930 0.420366 0.502930 0.421671 0.505859 0.425587 0.506836 0.425587 0.509766 0.428198 0.516602 0.429504 0.517578 0.428198 0.518555 0.428198 0.524414 0.420366 0.525391 0.420366 0.533203 0.411227 0.533203 0.398172 0.534180 0.396867 0.534180 0.391645 0.528320 0.382507 0.529297 0.381201 0.529297 0.379896 0.530273 0.378590 0.532227 0.378590 0.532227 0.377285 0.528320 0.377285 0.527344 0.378590 0.525391 0.378590 0.521484 0.374674 0.513672 0.374674 0.512695 0.373368
0 0.458984 0.336815 0.457031 0.339426 0.454102 0.347258 0.454102 0.352480 0.453125 0.353786 0.453125 0.369452 0.454102 0.370757 0.454102 0.374674 0.456055 0.377285 0.456055 0.378590 0.461914 0.383812 0.463867 0.383812 0.467773 0.386423 0.470703 0.386423 0.473633 0.389034 0.475586 0.389034 0.476562 0.387728 0.478516 0.387728 0.482422 0.385117 0.485352 0.385117 0.486328 0.383812 0.488281 0.383812 0.494141 0.375979 0.496094 0.370757 0.496094 0.340731 0.494141 0.335509 0.489258 0.336815 0.486328 0.339426 0.478516 0.339426 0.474609 0.334204 0.467773 0.334204 0.466797 0.335509 0.460938 0.335509
0 0.433594 0.238903 0.429688 0.241514 0.426758 0.241514 0.420898 0.245431 0.418945 0.248042 0.417969 0.248042 0.416992 0.250653 0.408203 0.262402 0.409180 0.266319 0.415039 0.274151 0.416016 0.274151 0.425781 0.287206 0.425781 0.288512 0.430664 0.293734 0.431641 0.296345 0.432617 0.296345 0.436523 0.300261 0.440430 0.300261 0.444336 0.297650 0.448242 0.297650 0.451172 0.292428 0.451172 0.287206 0.454102 0.279373 0.454102 0.271540 0.455078 0.270235 0.455078 0.266319 0.454102 0.265013 0.454102 0.257180 0.453125 0.255875 0.453125 0.251958 0.444336 0.241514 0.440430 0.238903
0 0.470703 0.271540 0.462891 0.280679 0.462891 0.281984 0.460938 0.284595 0.458984 0.289817 0.458984 0.305483 0.459961 0.306789 0.459961 0.310705 0.461914 0.315927 0.467773 0.325065 0.468750 0.325065 0.478516 0.335509 0.488281 0.335509 0.489258 0.334204 0.493164 0.334204 0.497070 0.331593 0.500977 0.321149 0.500977 0.318538 0.501953 0.317232 0.501953 0.304178 0.502930 0.302872 0.502930 0.293734 0.500000 0.285901 0.490234 0.275457 0.486328 0.275457 0.485352 0.274151 0.477539 0.274151 0.475586 0.271540
0 0.430664 0.160574 0.429688 0.161880 0.425781 0.163185 0.415039 0.178851 0.414062 0.184073 0.413086 0.185379 0.413086 0.194517 0.414062 0.195822 0.413086 0.207572 0.420898 0.220627 0.420898 0.221932 0.426758 0.228460 0.430664 0.231070 0.440430 0.231070 0.441406 0.229765 0.445312 0.228460 0.450195 0.223238 0.453125 0.221932 0.456055 0.218016 0.457031 0.215405 0.457031 0.208877 0.458008 0.207572 0.458008 0.201044 0.457031 0.199739 0.457031 0.187990 0.455078 0.185379 0.455078 0.184073 0.439453 0.161880 0.437500 0.160574
0 0.437500 0.071802 0.429688 0.074413 0.425781 0.078329 0.422852 0.079634 0.416016 0.088773 0.415039 0.088773 0.413086 0.092689 0.413086 0.099217 0.414062 0.100522 0.414062 0.103133 0.413086 0.104439 0.413086 0.121410 0.416016 0.129243 0.418945 0.133159 0.429688 0.139687 0.435547 0.139687 0.436523 0.138381 0.444336 0.137076 0.445312 0.135770 0.448242 0.135770 0.450195 0.134465 0.458984 0.121410 0.460938 0.116188 0.459961 0.114883 0.459961 0.108355 0.458984 0.107050 0.459961 0.104439 0.459961 0.095300 0.458008 0.092689 0.455078 0.083551 0.449219 0.079634 0.447266 0.077023 0.447266 0.075718 0.445312 0.074413 0.442383 0.074413 0.441406 0.073107 0.438477 0.073107
0 0.481445 0.040470 0.470703 0.048303 0.465820 0.056136 0.465820 0.058747 0.464844 0.060052 0.464844 0.070496 0.466797 0.075718 0.466797 0.086162 0.467773 0.088773 0.470703 0.091384 0.475586 0.091384 0.481445 0.095300 0.490234 0.096606 0.493164 0.099217 0.498047 0.099217 0.501953 0.093995 0.504883 0.092689 0.508789 0.086162 0.509766 0.079634 0.511719 0.077023 0.513672 0.071802 0.513672 0.056136 0.514648 0.054830 0.512695 0.049608 0.506836 0.041775 0.504883 0.041775 0.500977 0.037859 0.492188 0.037859 0.491211 0.039164
0 0.465820 0.117493 0.458984 0.125326 0.455078 0.135770 0.455078 0.150131 0.454102 0.151436 0.454102 0.169713 0.456055 0.172324 0.457031 0.176240 0.460938 0.181462 0.464844 0.182768 0.465820 0.184073 0.470703 0.184073 0.474609 0.187990 0.477539 0.187990 0.481445 0.181462 0.484375 0.180157 0.488281 0.176240 0.492188 0.174935 0.497070 0.168407 0.498047 0.163185 0.499023 0.161880 0.499023 0.146214 0.500000 0.143603 0.497070 0.137076 0.497070 0.131854 0.493164 0.126632 0.491211 0.126632 0.488281 0.122715 0.486328 0.121410 0.481445 0.122715 0.480469 0.121410 0.476562 0.121410 0.475586 0.120104 0.472656 0.120104 0.468750 0.117493
0 0.498047 0.190601 0.496094 0.189295 0.493164 0.189295 0.492188 0.187990 0.489258 0.187990 0.488281 0.189295 0.485352 0.189295 0.482422 0.191906 0.479492 0.191906 0.478516 0.190601 0.474609 0.191906 0.472656 0.194517 0.471680 0.194517 0.461914 0.207572 0.460938 0.212794 0.459961 0.214099 0.459961 0.216710 0.457031 0.223238 0.457031 0.227154 0.459961 0.233681 0.459961 0.236292 0.464844 0.244125 0.468750 0.246736 0.470703 0.246736 0.471680 0.248042 0.477539 0.249347 0.478516 0.250653 0.483398 0.250653 0.484375 0.251958 0.486328 0.251958 0.487305 0.250653 0.491211 0.249347 0.493164 0.246736 0.497070 0.244125 0.505859 0.233681 0.506836 0.231070 0.506836 0.216710 0.505859 0.215405 0.505859 0.211488 0.502930 0.206266 0.502930 0.203655 0.500977 0.199739 0.500977 0.197128 0.498047 0.191906
0 0.537109 0.026110 0.536133 0.027415 0.532227 0.027415 0.528320 0.030026 0.523438 0.037859 0.517578 0.053525 0.517578 0.056136 0.516602 0.057441 0.516602 0.065274 0.527344 0.080940 0.527344 0.082245 0.529297 0.083551 0.539062 0.096606 0.540039 0.099217 0.541992 0.100522 0.544922 0.100522 0.545898 0.097911 0.546875 0.097911 0.555664 0.087467 0.556641 0.083551 0.558594 0.080940 0.558594 0.078329 0.560547 0.073107 0.564453 0.066580 0.564453 0.062663 0.562500 0.058747 0.562500 0.056136 0.560547 0.052219 0.560547 0.049608 0.558594 0.046997 0.557617 0.043081 0.554688 0.039164 0.554688 0.037859
0 0.519531 0.110966 0.510742 0.134465 0.510742 0.138381 0.509766 0.139687 0.509766 0.148825 0.510742 0.150131 0.510742 0.154047 0.512695 0.159269 0.514648 0.161880 0.524414 0.168407 0.526367 0.168407 0.530273 0.171018 0.546875 0.171018 0.548828 0.169713 0.553711 0.160574 0.553711 0.155352 0.554688 0.154047 0.554688 0.131854 0.553711 0.130548 0.553711 0.124021 0.552734 0.122715 0.551758 0.117493 0.544922 0.108355 0.536133 0.108355 0.535156 0.109661 0.527344 0.109661 0.526367 0.108355 0.524414 0.108355 0.523438 0.109661
0 0.523438 0.178851 0.522461 0.180157 0.520508 0.180157 0.514648 0.184073 0.509766 0.191906 0.509766 0.194517 0.508789 0.195822 0.510742 0.201044 0.510742 0.207572 0.512695 0.212794 0.512695 0.216710 0.514648 0.220627 0.514648 0.224543 0.516602 0.229765 0.516602 0.233681 0.517578 0.234987 0.518555 0.241514 0.521484 0.245431 0.523438 0.245431 0.524414 0.246736 0.532227 0.246736 0.545898 0.237598 0.547852 0.234987 0.550781 0.227154 0.550781 0.223238 0.551758 0.221932 0.551758 0.214099 0.550781 0.212794 0.550781 0.207572 0.549805 0.206266 0.549805 0.198433 0.548828 0.195822 0.540039 0.182768 0.536133 0.180157 0.532227 0.180157 0.531250 0.178851
0 0.522461 0.249347 0.520508 0.250653 0.517578 0.254569 0.514648 0.254569 0.513672 0.255875 0.511719 0.255875 0.504883 0.265013 0.503906 0.267624 0.503906 0.270235 0.502930 0.271540 0.502930 0.284595 0.503906 0.285901 0.503906 0.289817 0.505859 0.292428 0.507812 0.297650 0.508789 0.297650 0.511719 0.301567 0.515625 0.304178 0.518555 0.304178 0.519531 0.305483 0.521484 0.305483 0.524414 0.308094 0.527344 0.308094 0.528320 0.309399 0.530273 0.308094 0.534180 0.302872 0.537109 0.301567 0.546875 0.288512 0.548828 0.283290 0.548828 0.266319 0.547852 0.265013 0.547852 0.262402 0.545898 0.257180 0.542969 0.253264 0.541016 0.251958 0.538086 0.251958 0.537109 0.250653 0.534180 0.250653 0.533203 0.249347
0 0.547852 0.326371 0.542969 0.331593 0.536133 0.345953 0.536133 0.352480 0.537109 0.353786 0.539062 0.362924 0.544922 0.370757 0.545898 0.374674 0.548828 0.378590 0.560547 0.378590 0.561523 0.379896 0.565430 0.379896 0.566406 0.381201 0.570312 0.379896 0.573242 0.375979 0.577148 0.365535 0.581055 0.359008 0.582031 0.349869 0.581055 0.348564 0.581055 0.344648 0.580078 0.342037 0.576172 0.336815 0.572266 0.334204 0.570312 0.334204 0.565430 0.338120 0.565430 0.342037 0.563477 0.348564 0.560547 0.348564 0.558594 0.349869 0.556641 0.353786 0.554688 0.355091 0.551758 0.355091 0.547852 0.351175 0.547852 0.345953 0.552734 0.338120 0.554688 0.338120 0.558594 0.335509 0.558594 0.332898 0.559570 0.331593 0.553711 0.326371
0 0.613281 0.351175 0.591797 0.351175 0.587891 0.348564 0.586914 0.348564 0.584961 0.351175 0.582031 0.360313 0.579102 0.364230 0.577148 0.369452 0.577148 0.377285 0.578125 0.378590 0.578125 0.390339 0.579102 0.391645 0.579102 0.404700 0.580078 0.406005 0.585938 0.406005 0.586914 0.407311 0.595703 0.407311 0.596680 0.406005 0.599609 0.406005 0.606445 0.398172 0.611328 0.396867 0.613281 0.394256 0.615234 0.389034 0.615234 0.382507 0.616211 0.381201 0.616211 0.375979 0.617188 0.374674 0.617188 0.369452 0.618164 0.368146 0.617188 0.365535 0.617188 0.361619 0.616211 0.360313 0.616211 0.356397
0 0.577148 0.429504 0.577148 0.434726 0.578125 0.436031 0.578125 0.438642 0.581055 0.443864 0.581055 0.445170 0.583008 0.447781 0.583984 0.447781 0.586914 0.453003 0.587891 0.453003 0.591797 0.458225 0.592773 0.458225 0.593750 0.459530 0.603516 0.459530 0.604492 0.458225 0.607422 0.458225 0.608398 0.456919 0.610352 0.456919 0.611328 0.455614 0.614258 0.454308 0.622070 0.443864 0.623047 0.443864 0.623047 0.442559 0.624023 0.441253 0.624023 0.439948 0.623047 0.438642 0.623047 0.434726 0.619141 0.429504 0.619141 0.426893 0.618164 0.425587 0.615234 0.425587 0.614258 0.424282 0.614258 0.420366 0.611328 0.421671 0.608398 0.417755 0.603516 0.415144 0.599609 0.411227 0.592773 0.411227 0.591797 0.412533 0.589844 0.412533 0.584961 0.417755 0.582031 0.419060 0.581055 0.420366 0.581055 0.421671 0.578125 0.425587 0.578125 0.428198
0 0.625977 0.456919 0.623047 0.459530 0.618164 0.459530 0.617188 0.458225 0.613281 0.458225 0.612305 0.459530 0.610352 0.459530 0.609375 0.460836 0.606445 0.462141 0.601562 0.468668 0.598633 0.469974 0.596680 0.472585 0.596680 0.484334 0.595703 0.485640 0.595703 0.488251 0.594727 0.489556 0.594727 0.496084 0.595703 0.497389 0.595703 0.498695 0.602539 0.506527 0.603516 0.506527 0.604492 0.507833 0.606445 0.507833 0.607422 0.509138 0.610352 0.509138 0.611328 0.510444 0.619141 0.510444 0.631836 0.490862 0.631836 0.486945 0.632812 0.485640 0.632812 0.483029 0.633789 0.481723 0.633789 0.479112 0.634766 0.477807 0.634766 0.476501 0.633789 0.475196 0.633789 0.472585 0.629883 0.466057 0.629883 0.463446
0 0.665039 0.528721 0.664062 0.527415 0.664062 0.523499 0.661133 0.518277 0.660156 0.514360 0.659180 0.514360 0.655273 0.510444 0.651367 0.510444 0.650391 0.509138 0.649414 0.510444 0.646484 0.510444 0.639648 0.515666 0.637695 0.515666 0.636719 0.516971 0.633789 0.516971 0.632812 0.518277 0.630859 0.518277 0.629883 0.519582 0.625977 0.519582 0.623047 0.516971 0.623047 0.519582 0.622070 0.520888 0.622070 0.524804 0.621094 0.526110 0.621094 0.531332 0.620117 0.532637 0.620117 0.535248 0.621094 0.536554 0.621094 0.539164 0.623047 0.541775 0.624023 0.541775 0.625000 0.543081 0.626953 0.543081 0.629883 0.546997 0.630859 0.546997 0.635742 0.550914 0.640625 0.550914 0.643555 0.548303 0.648438 0.548303 0.649414 0.546997 0.652344 0.546997 0.653320 0.545692 0.654297 0.545692 0.657227 0.541775 0.658203 0.541775 0.660156 0.539164 0.661133 0.539164 0.664062 0.535248 0.664062 0.531332 0.665039 0.530026
0 0.641602 0.450392 0.641602 0.451697 0.637695 0.460836 0.637695 0.463446 0.636719 0.464752 0.636719 0.472585 0.637695 0.473890 0.637695 0.477807 0.638672 0.479112 0.640625 0.485640 0.646484 0.494778 0.647461 0.494778 0.648438 0.496084 0.650391 0.496084 0.651367 0.497389 0.652344 0.497389 0.653320 0.498695 0.655273 0.498695 0.656250 0.500000 0.659180 0.500000 0.660156 0.498695 0.664062 0.498695 0.665039 0.497389 0.669922 0.494778 0.676758 0.485640 0.677734 0.485640 0.679688 0.483029 0.679688 0.481723 0.680664 0.480418 0.680664 0.477807 0.681641 0.476501 0.681641 0.468668 0.682617 0.467363 0.682617 0.466057 0.672852 0.451697 0.666992 0.451697 0.666016 0.450392 0.651367 0.450392 0.650391 0.449086 0.642578 0.449086
0 0.680664 0.488251 0.676758 0.492167 0.675781 0.492167 0.672852 0.497389 0.670898 0.497389 0.669922 0.498695 0.668945 0.498695 0.668945 0.501305 0.670898 0.505222 0.670898 0.507833 0.666992 0.513055 0.666992 0.515666 0.666016 0.516971 0.666016 0.524804 0.666992 0.526110 0.666992 0.528721 0.671875 0.535248 0.672852 0.535248 0.678711 0.543081 0.678711 0.544386 0.680664 0.546997 0.685547 0.549608 0.686523 0.548303 0.689453 0.548303 0.690430 0.546997 0.695312 0.544386 0.697266 0.541775 0.697266 0.540470 0.698242 0.539164 0.699219 0.539164 0.702148 0.535248 0.702148 0.533943 0.703125 0.532637 0.703125 0.530026 0.704102 0.528721 0.704102 0.506527 0.701172 0.502611 0.698242 0.501305 0.693359 0.494778 0.692383 0.494778 0.689453 0.492167 0.682617 0.490862
0 0.708984 0.523499 0.707031 0.526110 0.707031 0.528721 0.705078 0.531332 0.705078 0.533943 0.703125 0.536554 0.702148 0.536554 0.697266 0.543081 0.697266 0.544386 0.696289 0.545692 0.696289 0.552219 0.697266 0.553525 0.697266 0.556136 0.698242 0.557441 0.698242 0.561358 0.700195 0.565274 0.700195 0.567885 0.701172 0.569191 0.701172 0.570496 0.702148 0.570496 0.703125 0.571802 0.725586 0.571802 0.726562 0.570496 0.732422 0.570496 0.733398 0.569191 0.734375 0.569191 0.736328 0.566580 0.736328 0.565274 0.735352 0.563969 0.735352 0.545692 0.734375 0.544386 0.734375 0.541775 0.733398 0.540470 0.733398 0.537859 0.732422 0.536554 0.732422 0.535248 0.728516 0.531332 0.725586 0.531332 0.724609 0.530026 0.721680 0.530026 0.718750 0.527415 0.716797 0.527415 0.715820 0.526110 0.712891 0.526110 0.711914 0.524804 0.709961 0.524804
0 0.774414 0.577023 0.771484 0.577023 0.769531 0.579634 0.767578 0.579634 0.765625 0.582245 0.764648 0.582245 0.763672 0.583551 0.760742 0.584856 0.755859 0.590078 0.755859 0.592689 0.754883 0.593995 0.754883 0.599217 0.753906 0.600522 0.753906 0.608355 0.752930 0.609661 0.752930 0.620104 0.753906 0.621410 0.754883 0.621410 0.759766 0.627937 0.761719 0.627937 0.762695 0.629243 0.763672 0.629243 0.764648 0.627937 0.766602 0.627937 0.768555 0.625326 0.769531 0.625326 0.770508 0.624021 0.775391 0.624021 0.776367 0.622715 0.778320 0.622715 0.781250 0.620104 0.783203 0.620104 0.783203 0.618799 0.785156 0.614883 0.785156 0.597911 0.784180 0.596606 0.784180 0.593995 0.783203 0.592689 0.783203 0.590078 0.782227 0.588773 0.781250 0.584856 0.777344 0.579634 0.776367 0.579634
0 0.712891 0.500000 0.712891 0.510444 0.713867 0.511749 0.713867 0.513055 0.716797 0.516971 0.717773 0.520888 0.721680 0.526110 0.722656 0.526110 0.725586 0.528721 0.728516 0.528721 0.729492 0.530026 0.732422 0.530026 0.733398 0.531332 0.744141 0.531332 0.745117 0.530026 0.748047 0.530026 0.750977 0.527415 0.752930 0.527415 0.755859 0.524804 0.755859 0.522193 0.756836 0.520888 0.756836 0.514360 0.752930 0.509138 0.752930 0.507833 0.751953 0.506527 0.750000 0.500000 0.748047 0.497389 0.746094 0.490862 0.742188 0.485640 0.741211 0.485640 0.740234 0.484334 0.731445 0.484334 0.730469 0.485640 0.728516 0.485640 0.726562 0.488251 0.720703 0.490862
0 0.715820 0.438642 0.711914 0.438642 0.710938 0.439948 0.704102 0.439948 0.703125 0.441253 0.700195 0.442559 0.694336 0.449086 0.693359 0.449086 0.692383 0.450392 0.690430 0.450392 0.688477 0.453003 0.687500 0.453003 0.687500 0.454308 0.685547 0.458225 0.685547 0.463446 0.684570 0.464752 0.684570 0.467363 0.683594 0.468668 0.683594 0.471279 0.682617 0.472585 0.682617 0.477807 0.683594 0.479112 0.683594 0.480418 0.692383 0.492167 0.693359 0.492167 0.696289 0.494778 0.699219 0.494778 0.700195 0.496084 0.701172 0.496084 0.702148 0.494778 0.704102 0.494778 0.706055 0.492167 0.707031 0.492167 0.711914 0.485640 0.712891 0.485640 0.716797 0.480418 0.717773 0.480418 0.719727 0.477807 0.720703 0.477807 0.727539 0.469974 0.727539 0.464752 0.726562 0.463446 0.724609 0.456919 0.720703 0.451697 0.719727 0.447781 0.717773 0.447781 0.715820 0.445170 0.717773 0.441253
0 0.651367 0.399478 0.644531 0.408616 0.643555 0.412533 0.640625 0.416449 0.640625 0.425587 0.642578 0.429504 0.642578 0.432115 0.643555 0.433420 0.643555 0.437337 0.655273 0.447781 0.659180 0.447781 0.660156 0.449086 0.672852 0.449086 0.673828 0.447781 0.674805 0.447781 0.679688 0.441253 0.679688 0.439948 0.680664 0.438642 0.681641 0.438642 0.684570 0.434726 0.684570 0.433420 0.685547 0.432115 0.685547 0.429504 0.690430 0.422977 0.690430 0.416449 0.682617 0.406005 0.677734 0.406005 0.676758 0.404700 0.673828 0.404700 0.668945 0.400783 0.660156 0.400783 0.659180 0.399478 0.655273 0.399478 0.654297 0.398172 0.653320 0.399478
0 0.781250 0.490862 0.775391 0.490862 0.774414 0.492167 0.771484 0.493473 0.767578 0.498695 0.767578 0.500000 0.763672 0.505222 0.761719 0.513055 0.758789 0.516971 0.758789 0.519582 0.757812 0.520888 0.757812 0.523499 0.756836 0.524804 0.756836 0.539164 0.759766 0.543081 0.760742 0.543081 0.764648 0.546997 0.765625 0.546997 0.768555 0.549608 0.770508 0.549608 0.771484 0.550914 0.777344 0.550914 0.778320 0.549608 0.779297 0.549608 0.791992 0.531332 0.791992 0.530026 0.796875 0.523499 0.796875 0.522193 0.797852 0.520888 0.797852 0.514360 0.795898 0.511749 0.794922 0.511749 0.792969 0.509138 0.792969 0.507833 0.788086 0.502611 0.786133 0.494778
0 0.780273 0.573107 0.781250 0.574413 0.781250 0.575718 0.783203 0.575718 0.784180 0.577023 0.790039 0.577023 0.791016 0.578329 0.799805 0.578329 0.800781 0.577023 0.803711 0.577023 0.804688 0.575718 0.809570 0.573107 0.816406 0.565274 0.816406 0.563969 0.820312 0.557441 0.820312 0.550914 0.819336 0.549608 0.819336 0.548303 0.817383 0.545692 0.817383 0.544386 0.816406 0.544386 0.814453 0.541775 0.814453 0.540470 0.813477 0.540470 0.810547 0.543081 0.803711 0.543081 0.802734 0.541775 0.796875 0.541775 0.795898 0.540470 0.789062 0.540470 0.788086 0.541775 0.787109 0.541775 0.782227 0.548303 0.782227 0.549608 0.780273 0.553525
0 0.807617 0.476501 0.805664 0.479112 0.804688 0.479112 0.802734 0.481723 0.801758 0.481723 0.800781 0.483029 0.800781 0.484334 0.797852 0.486945 0.797852 0.489556 0.799805 0.492167 0.799805 0.498695 0.798828 0.500000 0.798828 0.503916 0.799805 0.505222 0.799805 0.513055 0.801758 0.516971 0.802734 0.516971 0.809570 0.522193 0.811523 0.522193 0.820312 0.528721 0.826172 0.528721 0.828125 0.526110 0.831055 0.524804 0.833984 0.520888 0.834961 0.520888 0.839844 0.516971 0.839844 0.515666 0.840820 0.514360 0.840820 0.503916 0.839844 0.502611 0.839844 0.497389 0.838867 0.496084 0.838867 0.493473 0.837891 0.492167 0.837891 0.490862 0.833984 0.484334 0.833008 0.484334 0.830078 0.480418 0.829102 0.480418 0.828125 0.479112 0.821289 0.477807 0.820312 0.476501 0.818359 0.476501 0.817383 0.475196 0.811523 0.475196 0.810547 0.476501
0 0.770508 0.434726 0.768555 0.432115 0.767578 0.432115 0.764648 0.429504 0.755859 0.429504 0.750000 0.437337 0.749023 0.437337 0.744141 0.443864 0.743164 0.443864 0.739258 0.449086 0.738281 0.449086 0.735352 0.453003 0.734375 0.453003 0.729492 0.459530 0.729492 0.460836 0.728516 0.462141 0.729492 0.463446 0.729492 0.467363 0.734375 0.475196 0.735352 0.475196 0.738281 0.477807 0.745117 0.477807 0.746094 0.476501 0.750000 0.476501 0.750977 0.475196 0.756836 0.475196 0.757812 0.473890 0.760742 0.473890 0.761719 0.472585 0.763672 0.472585 0.764648 0.471279 0.766602 0.464752 0.769531 0.460836 0.769531 0.458225 0.771484 0.455614 0.771484 0.450392 0.772461 0.449086 0.772461 0.439948 0.771484 0.438642
0 0.807617 0.445170 0.802734 0.438642 0.800781 0.438642 0.798828 0.441253 0.796875 0.441253 0.795898 0.442559 0.793945 0.442559 0.792969 0.443864 0.791992 0.443864 0.790039 0.446475 0.788086 0.446475 0.787109 0.447781 0.785156 0.447781 0.782227 0.450392 0.780273 0.450392 0.779297 0.451697 0.777344 0.451697 0.776367 0.453003 0.775391 0.453003 0.771484 0.458225 0.771484 0.460836 0.770508 0.462141 0.770508 0.463446 0.768555 0.467363 0.768555 0.469974 0.767578 0.471279 0.769531 0.475196 0.769531 0.477807 0.773438 0.483029 0.774414 0.483029 0.777344 0.485640 0.787109 0.485640 0.788086 0.484334 0.792969 0.484334 0.793945 0.483029 0.795898 0.483029 0.796875 0.481723 0.801758 0.479112 0.803711 0.476501 0.803711 0.475196 0.807617 0.468668 0.807617 0.467363 0.808594 0.466057 0.808594 0.463446 0.809570 0.462141 0.809570 0.454308 0.808594 0.453003 0.808594 0.447781 0.807617 0.446475
0 0.812500 0.442559 0.812500 0.447781 0.814453 0.451697 0.813477 0.453003 0.813477 0.456919 0.812500 0.458225 0.812500 0.467363 0.814453 0.471279 0.818359 0.473890 0.823242 0.475196 0.824219 0.476501 0.829102 0.476501 0.833008 0.473890 0.835938 0.473890 0.836914 0.472585 0.838867 0.472585 0.839844 0.471279 0.844727 0.469974 0.853516 0.463446 0.855469 0.463446 0.857422 0.462141 0.860352 0.458225 0.860352 0.454308 0.859375 0.451697 0.855469 0.446475 0.852539 0.438642 0.848633 0.433420 0.848633 0.432115 0.847656 0.432115 0.844727 0.428198 0.842773 0.426893 0.838867 0.426893 0.837891 0.428198 0.835938 0.426893 0.829102 0.426893 0.821289 0.432115 0.818359 0.437337 0.813477 0.439948
0 0.716797 0.378590 0.713867 0.378590 0.712891 0.379896 0.709961 0.379896 0.708984 0.378590 0.702148 0.379896 0.699219 0.383812 0.697266 0.385117 0.695312 0.385117 0.692383 0.390339 0.690430 0.387728 0.690430 0.382507 0.688477 0.381201 0.684570 0.387728 0.684570 0.391645 0.683594 0.394256 0.685547 0.398172 0.685547 0.400783 0.686523 0.402089 0.686523 0.407311 0.687500 0.409922 0.696289 0.422977 0.696289 0.424282 0.697266 0.424282 0.702148 0.430809 0.702148 0.432115 0.703125 0.432115 0.705078 0.434726 0.706055 0.433420 0.709961 0.433420 0.710938 0.432115 0.713867 0.432115 0.715820 0.430809 0.721680 0.424282 0.721680 0.422977 0.724609 0.419060 0.726562 0.413838 0.726562 0.409922 0.727539 0.408616 0.727539 0.400783 0.728516 0.399478 0.727539 0.398172 0.727539 0.392950 0.725586 0.387728
0 0.670898 0.332898 0.668945 0.332898 0.667969 0.334204 0.666992 0.334204 0.660156 0.342037 0.653320 0.345953 0.649414 0.351175 0.649414 0.352480 0.645508 0.357702 0.645508 0.359008 0.644531 0.360313 0.644531 0.362924 0.645508 0.364230 0.646484 0.368146 0.649414 0.372063 0.649414 0.373368 0.652344 0.377285 0.652344 0.378590 0.655273 0.382507 0.655273 0.383812 0.665039 0.396867 0.668945 0.396867 0.672852 0.390339 0.673828 0.390339 0.677734 0.385117 0.680664 0.383812 0.686523 0.375979 0.686523 0.374674 0.687500 0.373368 0.687500 0.368146 0.688477 0.366841 0.688477 0.362924 0.687500 0.361619 0.687500 0.359008 0.686523 0.357702 0.686523 0.349869 0.685547 0.348564 0.684570 0.344648 0.681641 0.343342 0.674805 0.334204 0.671875 0.334204
0 0.599609 0.279373 0.596680 0.281984 0.591797 0.283290 0.587891 0.288512 0.583984 0.291123 0.580078 0.296345 0.580078 0.297650 0.575195 0.306789 0.575195 0.318538 0.576172 0.321149 0.580078 0.326371 0.582031 0.332898 0.584961 0.336815 0.584961 0.338120 0.588867 0.344648 0.590820 0.344648 0.595703 0.348564 0.605469 0.348564 0.609375 0.344648 0.609375 0.343342 0.615234 0.334204 0.615234 0.331593 0.617188 0.326371 0.619141 0.323760 0.620117 0.318538 0.622070 0.315927 0.623047 0.308094 0.622070 0.306789 0.621094 0.301567 0.615234 0.293734 0.611328 0.291123 0.608398 0.291123 0.606445 0.288512 0.608398 0.285901 0.607422 0.283290 0.601562 0.281984
0 0.599609 0.220627 0.597656 0.219321 0.593750 0.219321 0.592773 0.220627 0.589844 0.220627 0.586914 0.223238 0.584961 0.223238 0.582031 0.225849 0.580078 0.225849 0.575195 0.229765 0.573242 0.229765 0.565430 0.234987 0.561523 0.240209 0.561523 0.254569 0.562500 0.255875 0.562500 0.258486 0.564453 0.261097 0.564453 0.263708 0.565430 0.265013 0.565430 0.268930 0.567383 0.271540 0.573242 0.271540 0.574219 0.272846 0.577148 0.272846 0.583008 0.276762 0.586914 0.276762 0.590820 0.272846 0.591797 0.272846 0.593750 0.270235 0.594727 0.270235 0.596680 0.267624 0.601562 0.265013 0.603516 0.262402 0.604492 0.259791 0.604492 0.255875 0.605469 0.254569 0.605469 0.244125 0.606445 0.242820 0.606445 0.236292 0.605469 0.234987 0.605469 0.232376 0.604492 0.229765 0.599609 0.221932
0 0.560547 0.156658 0.555664 0.163185 0.554688 0.165796 0.553711 0.173629 0.552734 0.174935 0.552734 0.178851 0.551758 0.180157 0.551758 0.184073 0.552734 0.185379 0.552734 0.187990 0.553711 0.189295 0.555664 0.199739 0.557617 0.202350 0.561523 0.214099 0.565430 0.216710 0.570312 0.216710 0.571289 0.218016 0.583984 0.218016 0.594727 0.211488 0.599609 0.197128 0.599609 0.191906 0.600586 0.190601 0.600586 0.181462 0.599609 0.180157 0.598633 0.174935 0.594727 0.168407 0.592773 0.160574 0.590820 0.157963 0.588867 0.157963 0.587891 0.156658 0.583008 0.156658 0.577148 0.152742 0.566406 0.152742
0 0.628906 0.228460 0.627930 0.229765 0.625977 0.229765 0.625000 0.231070 0.622070 0.231070 0.618164 0.233681 0.613281 0.240209 0.608398 0.251958 0.608398 0.265013 0.610352 0.270235 0.613281 0.274151 0.614258 0.278068 0.619141 0.284595 0.619141 0.285901 0.622070 0.291123 0.624023 0.292428 0.630859 0.292428 0.631836 0.293734 0.638672 0.293734 0.639648 0.292428 0.644531 0.291123 0.651367 0.283290 0.651367 0.281984 0.656250 0.272846 0.656250 0.266319 0.655273 0.265013 0.655273 0.262402 0.653320 0.259791 0.651367 0.254569 0.651367 0.251958 0.648438 0.244125 0.642578 0.234987 0.641602 0.231070 0.639648 0.231070 0.635742 0.228460
0 0.606445 0.026110 0.601562 0.026110 0.597656 0.030026 0.589844 0.032637 0.586914 0.035248 0.584961 0.035248 0.583008 0.037859 0.580078 0.037859 0.577148 0.043081 0.577148 0.048303 0.576172 0.050914 0.570312 0.060052 0.570312 0.066580 0.571289 0.067885 0.571289 0.073107 0.572266 0.074413 0.570312 0.078329 0.570312 0.080940 0.572266 0.083551 0.572266 0.086162 0.573242 0.087467 0.575195 0.087467 0.578125 0.092689 0.583008 0.095300 0.585938 0.099217 0.589844 0.101828 0.598633 0.101828 0.599609 0.100522 0.604492 0.099217 0.611328 0.093995 0.613281 0.093995 0.617188 0.091384 0.619141 0.086162 0.619141 0.080940 0.618164 0.079634 0.618164 0.070496 0.617188 0.069191 0.617188 0.063969 0.616211 0.062663 0.616211 0.058747 0.615234 0.057441 0.615234 0.052219 0.613281 0.048303 0.613281 0.044386 0.612305 0.043081 0.610352 0.032637
0 0.618164 0.093995 0.616211 0.095300 0.609375 0.104439 0.608398 0.104439 0.607422 0.107050 0.605469 0.108355 0.594727 0.122715 0.593750 0.127937 0.592773 0.129243 0.592773 0.143603 0.594727 0.147520 0.595703 0.147520 0.597656 0.150131 0.600586 0.151436 0.602539 0.154047 0.606445 0.156658 0.608398 0.156658 0.609375 0.157963 0.614258 0.157963 0.615234 0.159269 0.623047 0.159269 0.634766 0.151436 0.637695 0.146214 0.637695 0.143603 0.639648 0.138381 0.638672 0.135770 0.638672 0.126632 0.639648 0.125326 0.639648 0.113577 0.638672 0.112272 0.638672 0.109661 0.631836 0.100522 0.625977 0.096606 0.624023 0.093995
0 0.631836 0.159269 0.629883 0.159269 0.625000 0.163185 0.621094 0.164491 0.616211 0.171018 0.615234 0.171018 0.613281 0.173629 0.609375 0.174935 0.605469 0.180157 0.605469 0.189295 0.604492 0.190601 0.603516 0.197128 0.601562 0.201044 0.601562 0.206266 0.606445 0.210183 0.614258 0.219321 0.618164 0.221932 0.620117 0.221932 0.621094 0.223238 0.626953 0.223238 0.630859 0.220627 0.634766 0.220627 0.636719 0.219321 0.640625 0.214099 0.642578 0.212794 0.648438 0.197128 0.652344 0.190601 0.652344 0.182768 0.650391 0.177546 0.648438 0.174935 0.648438 0.173629 0.647461 0.173629 0.644531 0.169713 0.643555 0.169713 0.641602 0.167102 0.640625 0.167102 0.638672 0.164491 0.635742 0.163185
0 0.669922 0.138381 0.666992 0.142298 0.663086 0.144909 0.663086 0.147520 0.661133 0.150131 0.660156 0.150131 0.660156 0.151436 0.654297 0.160574 0.653320 0.163185 0.653320 0.172324 0.652344 0.174935 0.654297 0.177546 0.655273 0.182768 0.660156 0.190601 0.660156 0.193211 0.662109 0.198433 0.664062 0.201044 0.666016 0.202350 0.669922 0.202350 0.672852 0.204961 0.675781 0.204961 0.676758 0.206266 0.685547 0.206266 0.688477 0.203655 0.690430 0.203655 0.696289 0.199739 0.701172 0.193211 0.701172 0.180157 0.698242 0.174935 0.694336 0.164491 0.694336 0.161880 0.691406 0.156658 0.687500 0.144909 0.685547 0.142298 0.682617 0.142298 0.678711 0.139687
0 0.681641 0.233681 0.677734 0.236292 0.675781 0.234987 0.672852 0.234987 0.669922 0.238903 0.665039 0.238903 0.664062 0.240209 0.661133 0.240209 0.657227 0.246736 0.654297 0.246736 0.658203 0.246736 0.660156 0.249347 0.660156 0.253264 0.656250 0.258486 0.657227 0.259791 0.657227 0.263708 0.659180 0.267624 0.659180 0.270235 0.658203 0.271540 0.658203 0.276762 0.657227 0.279373 0.659180 0.281984 0.661133 0.287206 0.665039 0.292428 0.666016 0.292428 0.669922 0.296345 0.672852 0.296345 0.676758 0.298956 0.680664 0.297650 0.683594 0.293734 0.684570 0.289817 0.690430 0.281984 0.692383 0.276762 0.696289 0.271540 0.697266 0.271540 0.698242 0.267624 0.701172 0.263708 0.701172 0.258486 0.700195 0.257180 0.700195 0.246736 0.696289 0.242820 0.692383 0.242820 0.691406 0.241514 0.687500 0.240209
0 0.712891 0.284595 0.711914 0.284595 0.708008 0.280679 0.706055 0.281984 0.702148 0.281984 0.701172 0.283290 0.695312 0.283290 0.693359 0.284595 0.693359 0.287206 0.691406 0.289817 0.689453 0.289817 0.685547 0.293734 0.684570 0.297650 0.682617 0.300261 0.682617 0.312010 0.681641 0.313316 0.681641 0.315927 0.678711 0.323760 0.678711 0.327676 0.679688 0.330287 0.681641 0.331593 0.684570 0.336815 0.686523 0.338120 0.688477 0.338120 0.689453 0.339426 0.691406 0.339426 0.692383 0.340731 0.708984 0.340731 0.708984 0.339426 0.711914 0.335509 0.711914 0.332898 0.713867 0.327676 0.717773 0.322454 0.719727 0.321149 0.719727 0.315927 0.720703 0.314621 0.720703 0.302872 0.721680 0.301567 0.721680 0.298956
0 0.738281 0.323760 0.737305 0.325065 0.735352 0.325065 0.724609 0.339426 0.724609 0.348564 0.725586 0.349869 0.725586 0.355091 0.726562 0.356397 0.726562 0.364230 0.728516 0.368146 0.728516 0.373368 0.729492 0.374674 0.730469 0.378590 0.732422 0.381201 0.748047 0.381201 0.749023 0.379896 0.750977 0.379896 0.752930 0.377285 0.752930 0.375979 0.757812 0.369452 0.757812 0.368146 0.758789 0.366841 0.759766 0.366841 0.763672 0.361619 0.763672 0.345953 0.762695 0.344648 0.762695 0.336815 0.761719 0.335509 0.760742 0.331593 0.755859 0.323760 0.750000 0.323760 0.749023 0.325065 0.742188 0.325065 0.741211 0.323760
0 0.789062 0.375979 0.787109 0.374674 0.784180 0.374674 0.783203 0.375979 0.772461 0.375979 0.770508 0.378590 0.766602 0.377285 0.765625 0.375979 0.761719 0.375979 0.760742 0.377285 0.758789 0.377285 0.755859 0.382507 0.751953 0.383812 0.751953 0.392950 0.751953 0.386423 0.753906 0.383812 0.754883 0.383812 0.756836 0.386423 0.756836 0.391645 0.755859 0.392950 0.756836 0.395561 0.756836 0.399478 0.754883 0.404700 0.755859 0.406005 0.755859 0.408616 0.759766 0.413838 0.761719 0.421671 0.765625 0.426893 0.772461 0.426893 0.773438 0.425587 0.779297 0.425587 0.780273 0.424282 0.784180 0.424282 0.785156 0.422977 0.791992 0.421671 0.794922 0.419060 0.799805 0.417755 0.802734 0.415144 0.801758 0.407311 0.800781 0.406005 0.800781 0.398172 0.799805 0.396867 0.799805 0.394256 0.795898 0.385117 0.794922 0.385117
0 0.772461 0.326371 0.769531 0.330287 0.768555 0.332898 0.768555 0.336815 0.767578 0.338120 0.767578 0.342037 0.766602 0.343342 0.766602 0.349869 0.765625 0.351175 0.766602 0.352480 0.766602 0.361619 0.768555 0.364230 0.768555 0.365535 0.772461 0.369452 0.780273 0.369452 0.781250 0.370757 0.785156 0.370757 0.786133 0.372063 0.801758 0.372063 0.803711 0.369452 0.807617 0.359008 0.809570 0.356397 0.807617 0.332898 0.806641 0.331593 0.805664 0.325065 0.803711 0.322454 0.803711 0.321149 0.799805 0.318538 0.787109 0.318538 0.780273 0.323760 0.778320 0.323760 0.777344 0.325065
0 0.840820 0.366841 0.838867 0.366841 0.837891 0.365535 0.835938 0.365535 0.834961 0.364230 0.829102 0.364230 0.828125 0.365535 0.825195 0.365535 0.824219 0.366841 0.822266 0.366841 0.821289 0.368146 0.820312 0.368146 0.818359 0.370757 0.817383 0.370757 0.809570 0.378590 0.808594 0.378590 0.807617 0.377285 0.805664 0.377285 0.805664 0.378590 0.806641 0.379896 0.806641 0.385117 0.805664 0.386423 0.805664 0.394256 0.806641 0.395561 0.806641 0.399478 0.807617 0.400783 0.808594 0.404700 0.810547 0.407311 0.810547 0.408616 0.813477 0.412533 0.814453 0.412533 0.816406 0.415144 0.817383 0.415144 0.818359 0.416449 0.820312 0.416449 0.821289 0.417755 0.833984 0.417755 0.834961 0.416449 0.837891 0.416449 0.838867 0.415144 0.839844 0.415144 0.842773 0.411227 0.842773 0.409922 0.843750 0.408616 0.843750 0.406005 0.844727 0.404700 0.843750 0.398172 0.844727 0.396867 0.844727 0.392950 0.845703 0.391645 0.845703 0.372063
0 0.880859 0.351175 0.877930 0.351175 0.876953 0.352480 0.875000 0.352480 0.874023 0.353786 0.873047 0.353786 0.869141 0.359008 0.869141 0.361619 0.863281 0.370757 0.862305 0.370757 0.860352 0.373368 0.855469 0.375979 0.855469 0.381201 0.858398 0.387728 0.858398 0.396867 0.859375 0.398172 0.861328 0.404700 0.864258 0.408616 0.867188 0.408616 0.868164 0.409922 0.869141 0.409922 0.870117 0.408616 0.875977 0.408616 0.876953 0.407311 0.882812 0.407311 0.883789 0.406005 0.885742 0.406005 0.886719 0.404700 0.891602 0.402089 0.893555 0.399478 0.894531 0.399478 0.896484 0.396867 0.897461 0.396867 0.900391 0.392950 0.900391 0.383812 0.899414 0.382507 0.896484 0.373368 0.894531 0.370757 0.894531 0.369452 0.892578 0.366841 0.892578 0.365535 0.888672 0.360313 0.888672 0.359008
0 0.748047 0.245431 0.744141 0.245431 0.740234 0.249347 0.731445 0.249347 0.730469 0.250653 0.727539 0.250653 0.722656 0.255875 0.721680 0.255875 0.719727 0.259791 0.719727 0.279373 0.723633 0.288512 0.723633 0.297650 0.725586 0.300261 0.727539 0.300261 0.730469 0.304178 0.736328 0.308094 0.749023 0.308094 0.750000 0.306789 0.751953 0.306789 0.757812 0.302872 0.763672 0.302872 0.767578 0.298956 0.767578 0.292428 0.765625 0.287206 0.765625 0.283290 0.761719 0.272846 0.761719 0.270235 0.759766 0.266319 0.757812 0.254569 0.754883 0.249347 0.750977 0.248042
0 0.707031 0.182768 0.706055 0.184073 0.704102 0.184073 0.704102 0.189295 0.703125 0.190601 0.702148 0.195822 0.700195 0.198433 0.700195 0.199739 0.696289 0.204961 0.694336 0.206266 0.694336 0.208877 0.692383 0.211488 0.692383 0.212794 0.690430 0.215405 0.689453 0.215405 0.689453 0.216710 0.691406 0.216710 0.693359 0.219321 0.693359 0.225849 0.694336 0.227154 0.695312 0.236292 0.697266 0.240209 0.708984 0.248042 0.711914 0.248042 0.712891 0.249347 0.721680 0.249347 0.722656 0.248042 0.724609 0.248042 0.726562 0.245431 0.730469 0.244125 0.736328 0.236292 0.737305 0.228460 0.736328 0.227154 0.736328 0.224543 0.734375 0.219321 0.733398 0.208877 0.732422 0.207572 0.731445 0.201044 0.728516 0.194517 0.728516 0.190601 0.725586 0.185379 0.719727 0.185379 0.718750 0.184073 0.714844 0.184073 0.713867 0.182768
0 0.718750 0.092689 0.714844 0.099217 0.714844 0.100522 0.710938 0.105744 0.710938 0.107050 0.705078 0.117493 0.704102 0.124021 0.707031 0.129243 0.708008 0.133159 0.715820 0.147520 0.717773 0.154047 0.719727 0.156658 0.725586 0.160574 0.731445 0.160574 0.732422 0.159269 0.734375 0.159269 0.738281 0.156658 0.744141 0.148825 0.746094 0.143603 0.750977 0.137076 0.750977 0.130548 0.751953 0.129243 0.751953 0.125326 0.750977 0.124021 0.750977 0.120104 0.749023 0.114883 0.738281 0.097911 0.736328 0.096606 0.734375 0.096606 0.733398 0.095300 0.729492 0.095300 0.728516 0.093995 0.721680 0.093995 0.720703 0.092689
0 0.765625 0.178851 0.762695 0.182768 0.759766 0.184073 0.745117 0.204961 0.745117 0.206266 0.741211 0.211488 0.740234 0.214099 0.740234 0.218016 0.739258 0.219321 0.739258 0.221932 0.742188 0.228460 0.743164 0.233681 0.748047 0.238903 0.750977 0.238903 0.751953 0.240209 0.753906 0.240209 0.757812 0.242820 0.761719 0.242820 0.762695 0.244125 0.765625 0.244125 0.766602 0.245431 0.771484 0.245431 0.772461 0.244125 0.774414 0.244125 0.779297 0.238903 0.784180 0.225849 0.787109 0.221932 0.787109 0.214099 0.782227 0.201044 0.782227 0.198433 0.781250 0.197128 0.779297 0.186684 0.768555 0.178851
0 0.787109 0.224543 0.782227 0.233681 0.781250 0.237598 0.778320 0.241514 0.778320 0.242820 0.770508 0.251958 0.768555 0.257180 0.768555 0.259791 0.769531 0.261097 0.769531 0.267624 0.770508 0.268930 0.770508 0.271540 0.772461 0.276762 0.778320 0.284595 0.786133 0.289817 0.795898 0.289817 0.796875 0.288512 0.799805 0.288512 0.800781 0.287206 0.802734 0.287206 0.806641 0.284595 0.808594 0.281984 0.809570 0.281984 0.811523 0.279373 0.813477 0.274151 0.813477 0.266319 0.812500 0.265013 0.812500 0.259791 0.810547 0.254569 0.810547 0.250653 0.808594 0.246736 0.808594 0.244125 0.806641 0.238903 0.806641 0.234987 0.805664 0.233681 0.805664 0.231070 0.803711 0.229765 0.801758 0.229765 0.800781 0.228460 0.798828 0.228460 0.797852 0.227154 0.795898 0.227154 0.792969 0.224543
0 0.822266 0.250653 0.820312 0.253264 0.820312 0.254569 0.815430 0.259791 0.814453 0.262402 0.816406 0.267624 0.816406 0.278068 0.813477 0.285901 0.813477 0.291123 0.812500 0.292428 0.812500 0.300261 0.813477 0.301567 0.814453 0.306789 0.815430 0.306789 0.817383 0.309399 0.821289 0.310705 0.829102 0.318538 0.834961 0.322454 0.839844 0.322454 0.841797 0.321149 0.849609 0.310705 0.852539 0.302872 0.852539 0.300261 0.853516 0.298956 0.853516 0.288512 0.856445 0.283290 0.855469 0.281984 0.855469 0.278068 0.849609 0.270235 0.848633 0.270235 0.841797 0.259791 0.837891 0.257180 0.835938 0.257180 0.827148 0.250653
0 0.310547 0.255875 0.310547 0.258486 0.309570 0.259791 0.309570 0.266319 0.308594 0.267624 0.308594 0.270235 0.309570 0.271540 0.309570 0.279373 0.313477 0.283290 0.314453 0.283290 0.320312 0.291123 0.326172 0.295039 0.328125 0.295039 0.329102 0.296345 0.340820 0.296345 0.341797 0.295039 0.345703 0.295039 0.346680 0.292428 0.353516 0.283290 0.353516 0.281984 0.355469 0.279373 0.357422 0.274151 0.358398 0.262402 0.357422 0.261097 0.357422 0.257180 0.354492 0.253264 0.353516 0.250653 0.353516 0.248042 0.352539 0.246736 0.350586 0.248042 0.348633 0.246736 0.328125 0.246736 0.327148 0.248042 0.325195 0.248042 0.324219 0.246736 0.321289 0.246736 0.313477 0.251958
