0 0.104492 0.459635 0.096680 0.459635 0.095703 0.460938 0.093750 0.460938 0.092773 0.459635 0.084961 0.459635 0.083984 0.460938 0.079102 0.460938 0.076172 0.463542 0.067383 0.464844 0.065430 0.472656 0.059570 0.481771 0.057617 0.486979 0.057617 0.489583 0.056641 0.490885 0.056641 0.496094 0.055664 0.497396 0.055664 0.503906 0.054688 0.505208 0.055664 0.513021 0.065430 0.527344 0.068359 0.528646 0.069336 0.527344 0.075195 0.526042 0.082031 0.519531 0.083984 0.519531 0.089844 0.515625 0.091797 0.515625 0.101562 0.509115 0.103516 0.506510 0.108398 0.496094 0.107422 0.479167 0.105469 0.473958 0.105469 0.468750 0.107422 0.467448 0.107422 0.462240
0 0.119141 0.548177 0.107422 0.548177 0.102539 0.552083 0.099609 0.552083 0.095703 0.555990 0.095703 0.565104 0.091797 0.574219 0.091797 0.576823 0.085938 0.597656 0.085938 0.610677 0.090820 0.628906 0.093750 0.632812 0.102539 0.638021 0.112305 0.639323 0.114258 0.636719 0.117188 0.628906 0.117188 0.626302 0.120117 0.619792 0.120117 0.617188 0.124023 0.610677 0.128906 0.597656 0.128906 0.595052 0.131836 0.585938 0.130859 0.579427 0.134766 0.570312 0.132812 0.565104 0.132812 0.555990 0.128906 0.552083 0.123047 0.550781
0 0.153320 0.602865 0.148438 0.605469 0.142578 0.610677 0.138672 0.615885 0.136719 0.621094 0.135742 0.630208 0.132812 0.635417 0.132812 0.639323 0.131836 0.640625 0.131836 0.651042 0.134766 0.658854 0.144531 0.671875 0.145508 0.675781 0.147461 0.678385 0.149414 0.678385 0.150391 0.679688 0.166992 0.678385 0.167969 0.677083 0.169922 0.677083 0.171875 0.673177 0.173828 0.671875 0.173828 0.670573 0.179688 0.664062 0.180664 0.658854 0.183594 0.652344 0.183594 0.647135 0.184570 0.645833 0.185547 0.638021 0.183594 0.631510 0.176758 0.621094 0.175781 0.617188 0.174805 0.617188 0.167969 0.608073 0.162109 0.602865
0 0.166992 0.531250 0.162109 0.533854 0.156250 0.540365 0.154297 0.540365 0.143555 0.553385 0.138672 0.567708 0.138672 0.584635 0.140625 0.591146 0.142578 0.593750 0.144531 0.593750 0.145508 0.595052 0.153320 0.595052 0.154297 0.596354 0.159180 0.597656 0.166992 0.604167 0.174805 0.604167 0.193359 0.591146 0.193359 0.589844 0.198242 0.583333 0.203125 0.571615 0.203125 0.565104 0.204102 0.563802 0.204102 0.550781 0.203125 0.549479 0.202148 0.542969 0.199219 0.539062 0.192383 0.537760 0.183594 0.532552 0.178711 0.532552 0.177734 0.531250
0 0.233398 0.536458 0.226562 0.537760 0.223633 0.540365 0.219727 0.541667 0.216797 0.545573 0.215820 0.545573 0.210938 0.555990 0.210938 0.559896 0.208984 0.563802 0.208984 0.566406 0.206055 0.575521 0.207031 0.576823 0.207031 0.585938 0.208008 0.587240 0.208008 0.589844 0.210938 0.593750 0.210938 0.595052 0.215820 0.601562 0.220703 0.604167 0.227539 0.611979 0.232422 0.611979 0.233398 0.610677 0.239258 0.610677 0.240234 0.609375 0.242188 0.609375 0.248047 0.600260 0.253906 0.596354 0.255859 0.593750 0.256836 0.589844 0.259766 0.585938 0.259766 0.583333 0.261719 0.579427 0.261719 0.572917 0.262695 0.571615 0.261719 0.562500 0.258789 0.558594 0.258789 0.555990 0.255859 0.552083 0.251953 0.549479 0.249023 0.545573 0.242188 0.541667 0.240234 0.539062 0.234375 0.537760
0 0.253906 0.598958 0.252930 0.600260 0.250977 0.600260 0.247070 0.604167 0.238281 0.621094 0.238281 0.623698 0.236328 0.627604 0.235352 0.652344 0.236328 0.653646 0.236328 0.657552 0.238281 0.661458 0.245117 0.670573 0.251953 0.673177 0.255859 0.677083 0.260742 0.679688 0.261719 0.678385 0.267578 0.677083 0.273438 0.671875 0.278320 0.669271 0.290039 0.653646 0.291016 0.653646 0.292969 0.648438 0.291992 0.622396 0.280273 0.609375 0.275391 0.606771 0.272461 0.602865 0.266602 0.598958
0 0.325195 0.597656 0.321289 0.600260 0.313477 0.611979 0.309570 0.623698 0.307617 0.640625 0.306641 0.641927 0.306641 0.647135 0.308594 0.651042 0.308594 0.653646 0.310547 0.656250 0.310547 0.658854 0.318359 0.670573 0.322266 0.674479 0.330078 0.678385 0.333984 0.683594 0.340820 0.682292 0.344727 0.678385 0.353516 0.665365 0.356445 0.657552 0.357422 0.648438 0.361328 0.635417 0.362305 0.625000 0.359375 0.618490 0.357422 0.608073 0.354492 0.604167 0.346680 0.604167 0.344727 0.601562 0.341797 0.601562 0.340820 0.600260 0.339844 0.601562 0.336914 0.601562 0.335938 0.600260 0.333008 0.600260 0.330078 0.597656
0 0.418945 0.583333 0.416992 0.583333 0.416016 0.584635 0.413086 0.580729 0.409180 0.578125 0.404297 0.576823 0.398438 0.572917 0.390625 0.571615 0.389648 0.572917 0.384766 0.574219 0.380859 0.578125 0.376953 0.584635 0.375977 0.584635 0.372070 0.589844 0.369141 0.591146 0.366211 0.595052 0.365234 0.626302 0.368164 0.635417 0.374023 0.644531 0.382812 0.652344 0.384766 0.652344 0.385742 0.653646 0.389648 0.653646 0.390625 0.652344 0.393555 0.652344 0.399414 0.648438 0.401367 0.648438 0.405273 0.643229 0.409180 0.640625 0.421875 0.625000 0.421875 0.622396 0.422852 0.621094 0.422852 0.602865 0.421875 0.601562 0.421875 0.585938
0 0.441406 0.569010 0.434570 0.576823 0.429688 0.588542 0.429688 0.591146 0.426758 0.596354 0.426758 0.604167 0.425781 0.605469 0.426758 0.606771 0.426758 0.610677 0.428711 0.614583 0.428711 0.617188 0.438477 0.631510 0.441406 0.640625 0.444336 0.643229 0.446289 0.643229 0.447266 0.644531 0.448242 0.643229 0.452148 0.643229 0.453125 0.644531 0.460938 0.644531 0.461914 0.643229 0.465820 0.643229 0.468750 0.640625 0.472656 0.639323 0.479492 0.630208 0.486328 0.611979 0.486328 0.609375 0.485352 0.608073 0.485352 0.605469 0.483398 0.602865 0.482422 0.596354 0.477539 0.585938 0.475586 0.575521 0.469727 0.567708 0.465820 0.565104 0.451172 0.565104 0.450195 0.566406 0.447266 0.566406 0.446289 0.567708
0 0.502930 0.529948 0.491211 0.537760 0.486328 0.542969 0.484375 0.546875 0.482422 0.554688 0.482422 0.561198 0.479492 0.572917 0.479492 0.578125 0.478516 0.579427 0.482422 0.585938 0.484375 0.592448 0.493164 0.606771 0.495117 0.608073 0.499023 0.608073 0.500000 0.609375 0.509766 0.610677 0.513672 0.613281 0.518555 0.613281 0.527344 0.605469 0.538086 0.591146 0.540039 0.584635 0.541016 0.575521 0.543945 0.569010 0.545898 0.558594 0.544922 0.557292 0.544922 0.553385 0.537109 0.545573 0.535156 0.545573 0.533203 0.542969 0.523438 0.539062 0.515625 0.532552 0.510742 0.532552 0.506836 0.529948
0 0.289062 0.531250 0.283203 0.535156 0.278320 0.542969 0.278320 0.545573 0.271484 0.563802 0.271484 0.567708 0.269531 0.574219 0.269531 0.585938 0.274414 0.593750 0.274414 0.596354 0.281250 0.604167 0.283203 0.604167 0.290039 0.609375 0.299805 0.609375 0.312500 0.601562 0.314453 0.598958 0.317383 0.591146 0.317383 0.588542 0.318359 0.587240 0.318359 0.557292 0.319336 0.555990 0.319336 0.552083 0.315430 0.545573 0.314453 0.541667 0.309570 0.537760 0.308594 0.539062 0.300781 0.537760 0.295898 0.535156 0.291992 0.531250
0 0.361328 0.518229 0.358398 0.518229 0.357422 0.516927 0.351562 0.516927 0.350586 0.518229 0.343750 0.519531 0.340820 0.522135 0.333984 0.522135 0.329102 0.528646 0.327148 0.535156 0.324219 0.539062 0.324219 0.541667 0.321289 0.550781 0.321289 0.554688 0.320312 0.555990 0.320312 0.571615 0.321289 0.572917 0.321289 0.575521 0.325195 0.583333 0.330078 0.589844 0.332031 0.591146 0.335938 0.591146 0.336914 0.592448 0.338867 0.591146 0.343750 0.591146 0.357422 0.582031 0.359375 0.582031 0.363281 0.578125 0.370117 0.575521 0.373047 0.571615 0.373047 0.569010 0.375977 0.561198 0.375977 0.555990 0.376953 0.554688 0.375977 0.552083 0.375977 0.542969 0.372070 0.529948
0 0.393555 0.494792 0.387695 0.501302 0.382812 0.510417 0.382812 0.513021 0.380859 0.516927 0.380859 0.528646 0.383789 0.535156 0.384766 0.540365 0.388672 0.548177 0.401367 0.565104 0.404297 0.565104 0.405273 0.566406 0.414062 0.566406 0.415039 0.565104 0.420898 0.563802 0.426758 0.559896 0.429688 0.555990 0.429688 0.554688 0.433594 0.550781 0.434570 0.546875 0.437500 0.541667 0.437500 0.536458 0.438477 0.535156 0.438477 0.515625 0.439453 0.514323 0.439453 0.511719 0.435547 0.506510 0.435547 0.505208 0.426758 0.494792 0.424805 0.490885 0.401367 0.490885 0.395508 0.494792
0 0.475586 0.472656 0.465820 0.477865 0.462891 0.477865 0.459961 0.480469 0.452148 0.492188 0.452148 0.496094 0.451172 0.497396 0.451172 0.505208 0.450195 0.506510 0.451172 0.509115 0.451172 0.529948 0.464844 0.545573 0.471680 0.549479 0.481445 0.550781 0.483398 0.545573 0.488281 0.539062 0.500977 0.529948 0.502930 0.523438 0.503906 0.506510 0.502930 0.505208 0.502930 0.497396 0.501953 0.496094 0.501953 0.492188 0.498047 0.486979 0.494141 0.484375 0.489258 0.477865 0.485352 0.475260 0.483398 0.475260 0.480469 0.472656
0 0.544922 0.466146 0.539062 0.467448 0.528320 0.476562 0.522461 0.479167 0.518555 0.484375 0.515625 0.493490 0.511719 0.497396 0.510742 0.501302 0.510742 0.514323 0.516602 0.528646 0.520508 0.533854 0.525391 0.536458 0.527344 0.539062 0.538086 0.542969 0.540039 0.545573 0.542969 0.545573 0.544922 0.542969 0.546875 0.542969 0.552734 0.537760 0.562500 0.532552 0.572266 0.522135 0.578125 0.518229 0.580078 0.514323 0.580078 0.509115 0.577148 0.502604 0.574219 0.490885 0.564453 0.479167 0.561523 0.477865 0.559570 0.475260 0.549805 0.472656
0 0.588867 0.536458 0.583008 0.536458 0.579102 0.539062 0.573242 0.539062 0.564453 0.542969 0.560547 0.546875 0.556641 0.553385 0.555664 0.553385 0.549805 0.563802 0.547852 0.584635 0.549805 0.587240 0.555664 0.602865 0.560547 0.609375 0.570312 0.617188 0.589844 0.615885 0.590820 0.614583 0.598633 0.613281 0.606445 0.608073 0.611328 0.600260 0.613281 0.595052 0.613281 0.588542 0.614258 0.587240 0.613281 0.574219 0.609375 0.565104 0.608398 0.558594 0.598633 0.546875 0.594727 0.544271
0 0.130859 0.475260 0.129883 0.476562 0.125000 0.477865 0.121094 0.481771 0.121094 0.484375 0.117188 0.492188 0.116211 0.500000 0.115234 0.501302 0.115234 0.514323 0.116211 0.515625 0.117188 0.526042 0.120117 0.535156 0.129883 0.541667 0.134766 0.546875 0.138672 0.548177 0.149414 0.541667 0.160156 0.528646 0.161133 0.523438 0.162109 0.522135 0.162109 0.518229 0.164062 0.514323 0.164062 0.497396 0.163086 0.496094 0.163086 0.493490 0.160156 0.489583 0.155273 0.486979 0.153320 0.484375 0.138672 0.475260
0 0.191406 0.459635 0.190430 0.460938 0.188477 0.460938 0.182617 0.467448 0.179688 0.468750 0.168945 0.483073 0.165039 0.494792 0.165039 0.500000 0.166016 0.501302 0.166016 0.505208 0.165039 0.506510 0.166016 0.507812 0.166016 0.513021 0.171875 0.520833 0.172852 0.523438 0.177734 0.526042 0.180664 0.526042 0.181641 0.527344 0.190430 0.528646 0.191406 0.529948 0.198242 0.529948 0.199219 0.528646 0.202148 0.528646 0.207031 0.524740 0.219727 0.505208 0.220703 0.502604 0.220703 0.492188 0.221680 0.490885 0.221680 0.485677 0.219727 0.480469 0.220703 0.479167 0.220703 0.476562 0.216797 0.470052 0.203125 0.460938 0.200195 0.460938 0.199219 0.459635
0 0.278320 0.471354 0.273438 0.470052 0.272461 0.468750 0.269531 0.468750 0.268555 0.467448 0.260742 0.467448 0.259766 0.468750 0.249023 0.470052 0.233398 0.480469 0.224609 0.488281 0.223633 0.490885 0.223633 0.500000 0.225586 0.506510 0.233398 0.519531 0.234375 0.524740 0.236328 0.528646 0.245117 0.539062 0.250000 0.541667 0.265625 0.541667 0.266602 0.540365 0.268555 0.540365 0.272461 0.535156 0.275391 0.527344 0.275391 0.524740 0.279297 0.518229 0.282227 0.510417 0.282227 0.498698 0.281250 0.497396 0.281250 0.490885 0.279297 0.486979 0.279297 0.479167 0.280273 0.477865 0.280273 0.473958
0 0.333008 0.459635 0.331055 0.459635 0.327148 0.455729 0.313477 0.455729 0.312500 0.457031 0.308594 0.457031 0.307617 0.458333 0.301758 0.458333 0.300781 0.459635 0.295898 0.459635 0.294922 0.460938 0.289062 0.460938 0.287109 0.463542 0.286133 0.467448 0.284180 0.470052 0.284180 0.473958 0.283203 0.475260 0.284180 0.503906 0.290039 0.522135 0.293945 0.527344 0.295898 0.527344 0.296875 0.528646 0.306641 0.528646 0.307617 0.527344 0.314453 0.526042 0.326172 0.515625 0.328125 0.515625 0.331055 0.513021 0.334961 0.502604 0.334961 0.497396 0.336914 0.492188 0.336914 0.489583 0.335938 0.488281 0.335938 0.468750 0.336914 0.466146
0 0.354492 0.433594 0.346680 0.442708 0.343750 0.450521 0.343750 0.453125 0.337891 0.473958 0.337891 0.488281 0.339844 0.493490 0.344727 0.500000 0.350586 0.505208 0.354492 0.506510 0.357422 0.509115 0.360352 0.509115 0.361328 0.510417 0.373047 0.510417 0.374023 0.509115 0.378906 0.507812 0.383789 0.501302 0.384766 0.497396 0.391602 0.485677 0.392578 0.475260 0.394531 0.471354 0.394531 0.464844 0.390625 0.458333 0.389648 0.446615 0.384766 0.438802 0.377930 0.434896 0.375000 0.434896 0.370117 0.432292 0.358398 0.432292 0.357422 0.433594
0 0.438477 0.378906 0.437500 0.380208 0.434570 0.380208 0.431641 0.382812 0.429688 0.382812 0.426758 0.388021 0.418945 0.389323 0.418945 0.403646 0.417969 0.404948 0.417969 0.410156 0.418945 0.411458 0.418945 0.425781 0.419922 0.427083 0.422852 0.446615 0.428711 0.457031 0.431641 0.459635 0.447266 0.460938 0.456055 0.455729 0.458008 0.455729 0.459961 0.453125 0.464844 0.450521 0.465820 0.447917 0.470703 0.442708 0.472656 0.438802 0.471680 0.433594 0.473633 0.429688 0.474609 0.410156 0.473633 0.408854 0.473633 0.403646 0.471680 0.398438 0.468750 0.394531 0.463867 0.391927 0.459961 0.386719 0.445312 0.378906
0 0.496094 0.393229 0.486328 0.401042 0.480469 0.411458 0.479492 0.421875 0.478516 0.423177 0.478516 0.455729 0.487305 0.460938 0.490234 0.466146 0.500977 0.473958 0.513672 0.473958 0.520508 0.470052 0.523438 0.470052 0.524414 0.468750 0.529297 0.467448 0.533203 0.462240 0.533203 0.453125 0.532227 0.451823 0.532227 0.444010 0.531250 0.442708 0.530273 0.424479 0.529297 0.423177 0.529297 0.419271 0.527344 0.414062 0.527344 0.408854 0.524414 0.398438 0.522461 0.395833 0.512695 0.390625 0.506836 0.390625 0.505859 0.391927
0 0.534180 0.420573 0.534180 0.430990 0.538086 0.444010 0.538086 0.447917 0.539062 0.449219 0.540039 0.455729 0.545898 0.460938 0.555664 0.466146 0.570312 0.466146 0.571289 0.464844 0.576172 0.463542 0.591797 0.451823 0.595703 0.445312 0.595703 0.433594 0.594727 0.432292 0.593750 0.417969 0.591797 0.412760 0.591797 0.408854 0.588867 0.404948 0.581055 0.399740 0.579102 0.399740 0.566406 0.393229 0.551758 0.390625 0.541992 0.402344
0 0.539062 0.319010 0.536133 0.322917 0.530273 0.334635 0.530273 0.337240 0.527344 0.342448 0.527344 0.345052 0.526367 0.346354 0.525391 0.359375 0.526367 0.360677 0.526367 0.368490 0.527344 0.369792 0.527344 0.373698 0.529297 0.377604 0.533203 0.381510 0.542969 0.386719 0.546875 0.386719 0.547852 0.388021 0.556641 0.388021 0.557617 0.389323 0.567383 0.389323 0.573242 0.381510 0.573242 0.380208 0.576172 0.377604 0.580078 0.368490 0.580078 0.365885 0.582031 0.360677 0.582031 0.358073 0.581055 0.356771 0.581055 0.343750 0.578125 0.335938 0.578125 0.329427 0.575195 0.324219 0.571289 0.324219 0.570312 0.322917 0.568359 0.322917 0.561523 0.319010 0.558594 0.319010 0.554688 0.316406 0.544922 0.316406 0.543945 0.317708
0 0.490234 0.328125 0.488281 0.329427 0.484375 0.329427 0.476562 0.334635 0.471680 0.339844 0.465820 0.354167 0.465820 0.356771 0.463867 0.360677 0.462891 0.369792 0.461914 0.371094 0.461914 0.375000 0.462891 0.376302 0.463867 0.384115 0.469727 0.391927 0.480469 0.399740 0.486328 0.398438 0.488281 0.395833 0.496094 0.390625 0.500000 0.390625 0.500977 0.389323 0.509766 0.389323 0.510742 0.388021 0.512695 0.388021 0.515625 0.382812 0.519531 0.372396 0.519531 0.361979 0.518555 0.360677 0.518555 0.355469 0.514648 0.346354 0.510742 0.343750 0.504883 0.337240 0.502930 0.337240 0.500977 0.334635
0 0.449219 0.341146 0.443359 0.333333 0.439453 0.333333 0.438477 0.334635 0.431641 0.334635 0.428711 0.337240 0.415039 0.337240 0.410156 0.341146 0.406250 0.342448 0.405273 0.343750 0.404297 0.352865 0.402344 0.358073 0.402344 0.367188 0.403320 0.368490 0.403320 0.375000 0.404297 0.376302 0.404297 0.380208 0.405273 0.382812 0.410156 0.386719 0.417969 0.388021 0.423828 0.384115 0.426758 0.384115 0.428711 0.381510 0.432617 0.378906 0.434570 0.378906 0.435547 0.377604 0.447266 0.377604 0.448242 0.378906 0.455078 0.378906 0.456055 0.376302 0.456055 0.359375
0 0.338867 0.365885 0.331055 0.376302 0.329102 0.381510 0.329102 0.390625 0.333008 0.399740 0.333984 0.404948 0.336914 0.408854 0.337891 0.408854 0.344727 0.419271 0.355469 0.425781 0.360352 0.425781 0.361328 0.427083 0.373047 0.427083 0.375000 0.425781 0.377930 0.419271 0.386719 0.408854 0.390625 0.397135 0.390625 0.390625 0.389648 0.389323 0.389648 0.385417 0.387695 0.381510 0.386719 0.372396 0.383789 0.365885 0.382812 0.365885 0.379883 0.361979 0.369141 0.355469 0.356445 0.355469 0.355469 0.356771 0.352539 0.356771 0.350586 0.359375
0 0.290039 0.381510 0.289062 0.382812 0.286133 0.382812 0.283203 0.386719 0.282227 0.386719 0.275391 0.397135 0.273438 0.403646 0.273438 0.407552 0.272461 0.408854 0.272461 0.423177 0.273438 0.424479 0.273438 0.428385 0.275391 0.434896 0.280273 0.442708 0.287109 0.447917 0.293945 0.455729 0.299805 0.455729 0.315430 0.445312 0.319336 0.441406 0.329102 0.420573 0.330078 0.402344 0.326172 0.395833 0.321289 0.394531 0.318359 0.391927 0.308594 0.390625 0.302734 0.386719 0.297852 0.385417 0.294922 0.382812 0.291992 0.382812
0 0.233398 0.391927 0.222656 0.391927 0.221680 0.393229 0.216797 0.394531 0.211914 0.398438 0.209961 0.398438 0.206055 0.401042 0.200195 0.410156 0.196289 0.419271 0.195312 0.427083 0.194336 0.428385 0.194336 0.442708 0.195312 0.444010 0.195312 0.453125 0.196289 0.455729 0.198242 0.455729 0.205078 0.459635 0.208984 0.459635 0.209961 0.460938 0.221680 0.460938 0.225586 0.458333 0.234375 0.457031 0.238281 0.453125 0.239258 0.449219 0.245117 0.438802 0.245117 0.434896 0.246094 0.433594 0.246094 0.417969 0.242188 0.407552 0.240234 0.404948 0.236328 0.395833
0 0.179688 0.419271 0.177734 0.419271 0.174805 0.416667 0.171875 0.416667 0.170898 0.415365 0.163086 0.414062 0.162109 0.412760 0.154297 0.412760 0.152344 0.414062 0.147461 0.420573 0.147461 0.421875 0.144531 0.425781 0.144531 0.427083 0.141602 0.430990 0.138672 0.437500 0.137695 0.445312 0.136719 0.446615 0.136719 0.450521 0.135742 0.451823 0.136719 0.471354 0.145508 0.477865 0.147461 0.477865 0.148438 0.479167 0.152344 0.479167 0.154297 0.480469 0.157227 0.477865 0.159180 0.477865 0.163086 0.475260 0.165039 0.472656 0.180664 0.462240 0.184570 0.457031 0.184570 0.454427 0.185547 0.453125 0.185547 0.446615 0.184570 0.445312 0.184570 0.441406 0.183594 0.440104 0.183594 0.436198 0.182617 0.434896 0.182617 0.424479
0 0.107422 0.380208 0.104492 0.381510 0.095703 0.390625 0.092773 0.391927 0.089844 0.395833 0.086914 0.397135 0.083984 0.401042 0.077148 0.406250 0.073242 0.414062 0.073242 0.428385 0.074219 0.429688 0.074219 0.434896 0.076172 0.440104 0.079102 0.444010 0.087891 0.451823 0.092773 0.451823 0.093750 0.453125 0.103516 0.453125 0.106445 0.450521 0.109375 0.450521 0.114258 0.446615 0.116211 0.446615 0.120117 0.444010 0.126953 0.434896 0.127930 0.432292 0.127930 0.428385 0.128906 0.427083 0.128906 0.414062 0.127930 0.412760 0.126953 0.402344 0.122070 0.393229
0 0.135742 0.325521 0.129883 0.326823 0.125977 0.329427 0.122070 0.334635 0.122070 0.337240 0.117188 0.347656 0.117188 0.350260 0.116211 0.351562 0.114258 0.361979 0.111328 0.369792 0.111328 0.377604 0.113281 0.382812 0.118164 0.388021 0.128906 0.394531 0.138672 0.394531 0.146484 0.389323 0.147461 0.386719 0.147461 0.377604 0.148438 0.375000 0.150391 0.372396 0.151367 0.368490 0.161133 0.355469 0.161133 0.351562 0.159180 0.346354 0.153320 0.337240 0.152344 0.337240 0.147461 0.330729 0.143555 0.328125 0.141602 0.328125 0.140625 0.326823 0.136719 0.326823
0 0.168945 0.347656 0.155273 0.365885 0.154297 0.369792 0.149414 0.377604 0.149414 0.381510 0.148438 0.382812 0.148438 0.393229 0.149414 0.394531 0.150391 0.402344 0.154297 0.404948 0.164062 0.404948 0.165039 0.406250 0.184570 0.406250 0.185547 0.407552 0.191406 0.407552 0.192383 0.406250 0.194336 0.406250 0.197266 0.399740 0.203125 0.391927 0.206055 0.384115 0.206055 0.381510 0.208984 0.372396 0.208008 0.369792 0.208008 0.364583 0.206055 0.359375 0.200195 0.352865 0.194336 0.351562 0.193359 0.350260 0.190430 0.350260 0.189453 0.348958 0.179688 0.347656 0.178711 0.346354 0.170898 0.346354
0 0.281250 0.354167 0.264648 0.354167 0.263672 0.355469 0.261719 0.355469 0.253906 0.360677 0.250977 0.364583 0.247070 0.367188 0.247070 0.368490 0.245117 0.369792 0.239258 0.378906 0.238281 0.384115 0.237305 0.385417 0.237305 0.389323 0.238281 0.390625 0.238281 0.393229 0.241211 0.398438 0.241211 0.403646 0.247070 0.414062 0.248047 0.419271 0.250977 0.421875 0.252930 0.420573 0.256836 0.420573 0.257812 0.419271 0.259766 0.419271 0.260742 0.417969 0.262695 0.417969 0.265625 0.415365 0.269531 0.414062 0.271484 0.410156 0.273438 0.398438 0.276367 0.391927 0.280273 0.386719 0.281250 0.386719 0.286133 0.381510 0.289062 0.380208 0.290039 0.377604 0.289062 0.376302 0.289062 0.373698 0.285156 0.367188 0.282227 0.359375 0.282227 0.355469
0 0.324219 0.320312 0.317383 0.320312 0.316406 0.321615 0.302734 0.322917 0.295898 0.326823 0.291992 0.330729 0.291992 0.333333 0.290039 0.338542 0.285156 0.346354 0.285156 0.348958 0.284180 0.350260 0.284180 0.358073 0.287109 0.367188 0.293945 0.378906 0.301758 0.384115 0.303711 0.384115 0.310547 0.388021 0.316406 0.389323 0.324219 0.384115 0.326172 0.381510 0.330078 0.372396 0.335938 0.365885 0.335938 0.363281 0.336914 0.361979 0.336914 0.354167 0.337891 0.352865 0.337891 0.339844 0.335938 0.334635
0 0.343750 0.302083 0.342773 0.305990 0.339844 0.311198 0.339844 0.322917 0.340820 0.324219 0.342773 0.334635 0.346680 0.342448 0.351562 0.348958 0.352539 0.352865 0.379883 0.355469 0.380859 0.354167 0.382812 0.354167 0.388672 0.345052 0.391602 0.348958 0.392578 0.348958 0.394531 0.345052 0.396484 0.343750 0.398438 0.338542 0.398438 0.333333 0.400391 0.326823 0.400391 0.324219 0.399414 0.322917 0.399414 0.316406 0.398438 0.315104 0.398438 0.311198 0.396484 0.304688 0.388672 0.295573 0.386719 0.295573 0.384766 0.292969 0.380859 0.292969 0.379883 0.291667 0.378906 0.292969 0.375000 0.292969 0.374023 0.291667 0.358398 0.291667 0.357422 0.292969 0.352539 0.292969 0.348633 0.295573
0 0.395508 0.257812 0.388672 0.268229 0.387695 0.270833 0.387695 0.274740 0.386719 0.276042 0.386719 0.290365 0.387695 0.292969 0.393555 0.296875 0.395508 0.299479 0.401367 0.300781 0.406250 0.304688 0.408203 0.304688 0.412109 0.307292 0.416016 0.307292 0.416992 0.308594 0.419922 0.308594 0.420898 0.309896 0.424805 0.309896 0.426758 0.311198 0.430664 0.307292 0.433594 0.305990 0.441406 0.292969 0.441406 0.290365 0.443359 0.285156 0.443359 0.276042 0.442383 0.274740 0.442383 0.269531 0.443359 0.268229 0.440430 0.264323 0.440430 0.261719 0.436523 0.256510 0.436523 0.255208 0.430664 0.251302 0.427734 0.251302 0.426758 0.250000 0.418945 0.247396 0.416992 0.250000 0.407227 0.250000 0.406250 0.251302 0.403320 0.251302
0 0.452148 0.291667 0.451172 0.296875 0.448242 0.304688 0.448242 0.308594 0.447266 0.309896 0.447266 0.319010 0.450195 0.328125 0.455078 0.332031 0.460938 0.333333 0.461914 0.334635 0.471680 0.335938 0.472656 0.334635 0.474609 0.334635 0.481445 0.328125 0.487305 0.328125 0.488281 0.326823 0.493164 0.326823 0.494141 0.328125 0.495117 0.326823 0.498047 0.326823 0.498047 0.325521 0.501953 0.319010 0.502930 0.308594 0.503906 0.307292 0.503906 0.303385 0.502930 0.302083 0.502930 0.294271 0.490234 0.278646 0.488281 0.277344 0.471680 0.277344 0.470703 0.276042 0.463867 0.276042 0.461914 0.278646 0.461914 0.279948
0 0.512695 0.263021 0.512695 0.264323 0.508789 0.269531 0.506836 0.274740 0.506836 0.277344 0.505859 0.278646 0.505859 0.289062 0.506836 0.290365 0.506836 0.294271 0.509766 0.302083 0.510742 0.302083 0.514648 0.307292 0.524414 0.308594 0.536133 0.315104 0.543945 0.315104 0.544922 0.313802 0.550781 0.313802 0.551758 0.312500 0.553711 0.312500 0.557617 0.307292 0.557617 0.305990 0.561523 0.299479 0.561523 0.296875 0.562500 0.295573 0.562500 0.277344 0.559570 0.272135 0.558594 0.268229 0.554688 0.261719 0.551758 0.253906 0.549805 0.252604 0.541992 0.252604 0.541016 0.251302 0.529297 0.251302 0.528320 0.252604 0.526367 0.252604 0.519531 0.256510
0 0.600586 0.240885 0.584961 0.240885 0.579102 0.244792 0.570312 0.255208 0.569336 0.259115 0.567383 0.261719 0.567383 0.264323 0.566406 0.265625 0.566406 0.272135 0.565430 0.273438 0.565430 0.282552 0.569336 0.295573 0.577148 0.303385 0.580078 0.304688 0.589844 0.317708 0.591797 0.319010 0.601562 0.311198 0.608398 0.309896 0.612305 0.307292 0.616211 0.302083 0.620117 0.291667 0.620117 0.286458 0.624023 0.274740 0.624023 0.270833 0.620117 0.263021 0.618164 0.256510 0.611328 0.247396
0 0.594727 0.152344 0.583984 0.158854 0.578125 0.164062 0.566406 0.179688 0.564453 0.184896 0.564453 0.195312 0.565430 0.196615 0.565430 0.200521 0.569336 0.207031 0.569336 0.209635 0.571289 0.209635 0.574219 0.212240 0.578125 0.217448 0.579102 0.221354 0.583008 0.225260 0.590820 0.225260 0.591797 0.226562 0.604492 0.227865 0.612305 0.222656 0.621094 0.212240 0.624023 0.205729 0.624023 0.201823 0.625000 0.200521 0.625000 0.192708 0.621094 0.179688 0.616211 0.171875 0.614258 0.165365 0.609375 0.158854 0.609375 0.157552 0.606445 0.153646 0.604492 0.153646 0.603516 0.152344
0 0.535156 0.125000 0.529297 0.125000 0.519531 0.131510 0.516602 0.138021 0.516602 0.140625 0.508789 0.151042 0.504883 0.161458 0.500977 0.167969 0.501953 0.179688 0.508789 0.195312 0.515625 0.203125 0.517578 0.203125 0.521484 0.205729 0.525391 0.205729 0.526367 0.207031 0.536133 0.205729 0.540039 0.203125 0.553711 0.186198 0.556641 0.184896 0.558594 0.179688 0.558594 0.175781 0.557617 0.174479 0.557617 0.171875 0.558594 0.170573 0.558594 0.158854 0.555664 0.153646 0.552734 0.145833 0.552734 0.143229 0.548828 0.136719 0.544922 0.134115 0.540039 0.127604
0 0.505859 0.148438 0.498047 0.140625 0.496094 0.140625 0.495117 0.141927 0.492188 0.141927 0.491211 0.140625 0.489258 0.140625 0.488281 0.141927 0.482422 0.141927 0.481445 0.140625 0.480469 0.141927 0.471680 0.141927 0.470703 0.143229 0.464844 0.143229 0.460938 0.145833 0.458984 0.148438 0.458008 0.158854 0.457031 0.160156 0.457031 0.165365 0.456055 0.166667 0.456055 0.182292 0.457031 0.183594 0.457031 0.188802 0.458008 0.190104 0.458984 0.195312 0.462891 0.200521 0.472656 0.199219 0.473633 0.197917 0.476562 0.197917 0.477539 0.199219 0.484375 0.199219 0.485352 0.200521 0.494141 0.200521 0.502930 0.190104 0.502930 0.184896 0.501953 0.183594 0.500977 0.175781 0.500000 0.174479 0.500000 0.167969 0.502930 0.160156 0.506836 0.153646
0 0.451172 0.223958 0.450195 0.226562 0.450195 0.230469 0.449219 0.231771 0.449219 0.238281 0.450195 0.239583 0.450195 0.247396 0.451172 0.248698 0.451172 0.251302 0.453125 0.253906 0.456055 0.255208 0.459961 0.259115 0.464844 0.259115 0.465820 0.260417 0.494141 0.260417 0.496094 0.259115 0.503906 0.247396 0.504883 0.239583 0.506836 0.236979 0.506836 0.233073 0.507812 0.231771 0.505859 0.227865 0.504883 0.220052 0.501953 0.216146 0.500000 0.209635 0.495117 0.204427 0.493164 0.204427 0.492188 0.203125 0.488281 0.203125 0.487305 0.201823 0.475586 0.201823 0.474609 0.200521 0.469727 0.200521 0.468750 0.201823 0.466797 0.201823 0.456055 0.214844 0.456055 0.216146
0 0.390625 0.178385 0.388672 0.183594 0.389648 0.196615 0.397461 0.217448 0.397461 0.220052 0.399414 0.225260 0.403320 0.227865 0.411133 0.238281 0.416016 0.238281 0.416992 0.236979 0.424805 0.236979 0.425781 0.238281 0.427734 0.238281 0.428711 0.236979 0.430664 0.236979 0.443359 0.227865 0.452148 0.214844 0.452148 0.207031 0.447266 0.192708 0.445312 0.190104 0.440430 0.177083 0.434570 0.171875 0.427734 0.170573 0.426758 0.169271 0.422852 0.169271 0.421875 0.167969 0.409180 0.167969 0.408203 0.169271 0.405273 0.169271 0.400391 0.173177 0.395508 0.174479 0.393555 0.177083
0 0.451172 0.109375 0.447266 0.105469 0.444336 0.105469 0.443359 0.106771 0.440430 0.106771 0.436523 0.109375 0.415039 0.113281 0.414062 0.114583 0.411133 0.114583 0.404297 0.118490 0.400391 0.127604 0.400391 0.132812 0.399414 0.134115 0.399414 0.147135 0.400391 0.148438 0.400391 0.153646 0.404297 0.164062 0.407227 0.164062 0.411133 0.166667 0.413086 0.165365 0.430664 0.166667 0.438477 0.171875 0.443359 0.169271 0.445312 0.160156 0.453125 0.149740 0.454102 0.145833 0.456055 0.143229 0.456055 0.132812 0.457031 0.131510 0.457031 0.126302 0.456055 0.125000 0.456055 0.121094 0.452148 0.113281
0 0.329102 0.114583 0.326172 0.122396 0.326172 0.135417 0.327148 0.136719 0.327148 0.140625 0.328125 0.141927 0.329102 0.149740 0.333008 0.156250 0.342773 0.156250 0.343750 0.154948 0.351562 0.153646 0.352539 0.152344 0.365234 0.152344 0.366211 0.151042 0.370117 0.151042 0.371094 0.152344 0.376953 0.152344 0.378906 0.147135 0.383789 0.140625 0.384766 0.138021 0.384766 0.123698 0.382812 0.119792 0.373047 0.113281 0.370117 0.113281 0.369141 0.111979 0.361328 0.109375 0.358398 0.106771 0.356445 0.106771 0.348633 0.101562 0.345703 0.101562 0.337891 0.106771 0.335938 0.109375 0.333008 0.110677 0.330078 0.114583
0 0.376953 0.154948 0.375000 0.153646 0.372070 0.153646 0.371094 0.152344 0.364258 0.152344 0.363281 0.153646 0.351562 0.153646 0.350586 0.154948 0.346680 0.154948 0.345703 0.156250 0.342773 0.156250 0.341797 0.157552 0.337891 0.157552 0.333984 0.160156 0.332031 0.162760 0.331055 0.165365 0.331055 0.171875 0.332031 0.173177 0.332031 0.182292 0.333008 0.183594 0.333008 0.187500 0.338867 0.203125 0.347656 0.216146 0.349609 0.217448 0.362305 0.217448 0.370117 0.212240 0.374023 0.210938 0.375977 0.208333 0.378906 0.207031 0.385742 0.199219 0.387695 0.194010 0.386719 0.192708 0.386719 0.186198 0.385742 0.184896 0.385742 0.180990 0.386719 0.178385 0.384766 0.174479 0.382812 0.165365 0.380859 0.162760 0.379883 0.158854
0 0.320312 0.174479 0.319336 0.175781 0.317383 0.175781 0.316406 0.177083 0.312500 0.178385 0.310547 0.180990 0.306641 0.183594 0.299805 0.192708 0.298828 0.192708 0.296875 0.195312 0.295898 0.200521 0.294922 0.201823 0.294922 0.210938 0.295898 0.212240 0.296875 0.218750 0.299805 0.226562 0.302734 0.230469 0.314453 0.234375 0.319336 0.239583 0.325195 0.243490 0.330078 0.243490 0.339844 0.231771 0.341797 0.226562 0.341797 0.223958 0.342773 0.222656 0.342773 0.217448 0.339844 0.212240 0.336914 0.204427 0.336914 0.200521 0.333984 0.192708 0.332031 0.190104 0.332031 0.187500 0.326172 0.174479
0 0.297852 0.233073 0.291992 0.242188 0.288086 0.242188 0.287109 0.244792 0.287109 0.250000 0.288086 0.251302 0.288086 0.261719 0.287109 0.263021 0.287109 0.294271 0.289062 0.300781 0.294922 0.305990 0.298828 0.311198 0.303711 0.311198 0.304688 0.312500 0.306641 0.312500 0.307617 0.311198 0.311523 0.311198 0.312500 0.309896 0.317383 0.308594 0.322266 0.304688 0.326172 0.299479 0.327148 0.299479 0.327148 0.292969 0.330078 0.286458 0.330078 0.283854 0.332031 0.278646 0.332031 0.268229 0.331055 0.266927 0.331055 0.260417 0.332031 0.259115 0.332031 0.256510 0.331055 0.253906 0.325195 0.246094 0.321289 0.243490 0.318359 0.239583 0.306641 0.233073
0 0.280273 0.220052 0.279297 0.221354 0.276367 0.221354 0.270508 0.225260 0.268555 0.227865 0.267578 0.227865 0.265625 0.230469 0.265625 0.231771 0.260742 0.240885 0.260742 0.244792 0.259766 0.246094 0.261719 0.251302 0.261719 0.255208 0.260742 0.256510 0.260742 0.277344 0.262695 0.277344 0.263672 0.278646 0.266602 0.278646 0.270508 0.281250 0.274414 0.281250 0.275391 0.282552 0.280273 0.283854 0.282227 0.286458 0.285156 0.286458 0.286133 0.285156 0.286133 0.259115 0.287109 0.257812 0.287109 0.252604 0.286133 0.251302 0.286133 0.244792 0.288086 0.240885 0.291016 0.240885 0.292969 0.239583 0.293945 0.236979 0.297852 0.231771 0.297852 0.229167 0.291016 0.222656 0.289062 0.222656 0.288086 0.221354 0.284180 0.221354 0.283203 0.220052
0 0.258789 0.279948 0.253906 0.283854 0.250977 0.287760 0.248047 0.289062 0.243164 0.298177 0.241211 0.315104 0.242188 0.316406 0.242188 0.319010 0.243164 0.320312 0.244141 0.325521 0.243164 0.326823 0.243164 0.332031 0.242188 0.334635 0.247070 0.341146 0.250000 0.342448 0.251953 0.345052 0.253906 0.345052 0.257812 0.347656 0.260742 0.347656 0.261719 0.348958 0.279297 0.348958 0.280273 0.347656 0.282227 0.347656 0.287109 0.341146 0.289062 0.335938 0.290039 0.329427 0.291016 0.328125 0.291016 0.321615 0.290039 0.320312 0.289062 0.307292 0.285156 0.296875 0.285156 0.292969 0.282227 0.287760 0.274414 0.282552 0.272461 0.282552 0.271484 0.281250 0.267578 0.281250 0.266602 0.279948
0 0.208984 0.285156 0.207031 0.287760 0.204102 0.289062 0.200195 0.294271 0.199219 0.294271 0.193359 0.302083 0.192383 0.307292 0.191406 0.308594 0.191406 0.313802 0.190430 0.315104 0.190430 0.320312 0.189453 0.321615 0.189453 0.326823 0.188477 0.328125 0.188477 0.338542 0.189453 0.339844 0.189453 0.342448 0.193359 0.346354 0.195312 0.346354 0.208008 0.355469 0.214844 0.355469 0.217773 0.352865 0.223633 0.351562 0.234375 0.343750 0.241211 0.334635 0.242188 0.324219 0.241211 0.322917 0.241211 0.319010 0.238281 0.312500 0.238281 0.303385 0.235352 0.302083 0.231445 0.296875 0.227539 0.294271 0.222656 0.294271 0.221680 0.292969 0.219727 0.292969 0.212891 0.285156
0 0.159180 0.268229 0.146484 0.278646 0.137695 0.289062 0.133789 0.299479 0.133789 0.315104 0.136719 0.317708 0.140625 0.319010 0.142578 0.321615 0.149414 0.322917 0.158203 0.328125 0.163086 0.328125 0.166992 0.330729 0.173828 0.330729 0.175781 0.329427 0.182617 0.320312 0.185547 0.319010 0.187500 0.316406 0.188477 0.313802 0.188477 0.309896 0.189453 0.308594 0.189453 0.304688 0.193359 0.294271 0.193359 0.286458 0.192383 0.283854 0.187500 0.278646 0.183594 0.277344 0.178711 0.273438 0.172852 0.272135 0.167969 0.268229
0 0.210938 0.242188 0.208984 0.246094 0.208984 0.272135 0.209961 0.273438 0.210938 0.279948 0.215820 0.286458 0.217773 0.287760 0.219727 0.287760 0.220703 0.289062 0.223633 0.289062 0.228516 0.292969 0.238281 0.292969 0.239258 0.294271 0.240234 0.292969 0.242188 0.292969 0.250000 0.282552 0.250977 0.282552 0.250977 0.281250 0.252930 0.278646 0.255859 0.270833 0.255859 0.251302 0.254883 0.250000 0.254883 0.247396 0.250000 0.239583 0.249023 0.239583 0.246094 0.235677 0.235352 0.235677 0.234375 0.236979 0.229492 0.236979 0.228516 0.238281 0.225586 0.238281 0.224609 0.239583 0.218750 0.239583 0.217773 0.240885 0.213867 0.240885 0.212891 0.242188
0 0.637695 0.221354 0.625000 0.236979 0.625000 0.242188 0.624023 0.243490 0.624023 0.248698 0.623047 0.250000 0.623047 0.259115 0.624023 0.260417 0.624023 0.264323 0.625977 0.268229 0.625977 0.270833 0.627930 0.274740 0.628906 0.283854 0.631836 0.287760 0.637695 0.287760 0.642578 0.290365 0.657227 0.290365 0.660156 0.287760 0.660156 0.286458 0.665039 0.279948 0.667969 0.277344 0.672852 0.276042 0.678711 0.269531 0.679688 0.266927 0.679688 0.263021 0.676758 0.256510 0.676758 0.251302 0.672852 0.242188 0.669922 0.238281 0.668945 0.234375 0.665039 0.227865 0.662109 0.220052 0.660156 0.220052 0.659180 0.218750 0.645508 0.218750 0.644531 0.220052
0 0.707031 0.238281 0.703125 0.240885 0.699219 0.246094 0.694336 0.265625 0.692383 0.268229 0.691406 0.278646 0.700195 0.286458 0.703125 0.291667 0.705078 0.298177 0.708984 0.303385 0.709961 0.309896 0.711914 0.312500 0.717773 0.315104 0.723633 0.320312 0.726562 0.320312 0.731445 0.315104 0.739258 0.312500 0.744141 0.305990 0.746094 0.300781 0.753906 0.290365 0.754883 0.287760 0.754883 0.279948 0.755859 0.278646 0.755859 0.270833 0.756836 0.269531 0.757812 0.259115 0.756836 0.256510 0.747070 0.252604 0.739258 0.246094 0.736328 0.246094 0.731445 0.243490 0.726562 0.243490 0.725586 0.242188 0.722656 0.242188 0.717773 0.239583 0.713867 0.239583 0.712891 0.238281
0 0.831055 0.240885 0.823242 0.236979 0.817383 0.236979 0.816406 0.235677 0.809570 0.235677 0.803711 0.233073 0.798828 0.233073 0.797852 0.234375 0.791992 0.235677 0.783203 0.247396 0.781250 0.251302 0.781250 0.255208 0.779297 0.261719 0.779297 0.295573 0.780273 0.298177 0.787109 0.305990 0.791016 0.315104 0.792969 0.316406 0.799805 0.316406 0.812500 0.309896 0.818359 0.308594 0.826172 0.300781 0.833984 0.295573 0.835938 0.290365 0.835938 0.270833 0.837891 0.264323 0.837891 0.253906 0.838867 0.251302 0.837891 0.248698
0 0.848633 0.260417 0.846680 0.265625 0.844727 0.266927 0.839844 0.276042 0.839844 0.278646 0.841797 0.282552 0.841797 0.294271 0.843750 0.300781 0.844727 0.313802 0.850586 0.315104 0.859375 0.321615 0.864258 0.322917 0.868164 0.326823 0.881836 0.332031 0.883789 0.334635 0.892578 0.334635 0.895508 0.333333 0.898438 0.328125 0.899414 0.319010 0.903320 0.305990 0.903320 0.295573 0.901367 0.287760 0.901367 0.276042 0.900391 0.273438 0.889648 0.268229 0.880859 0.259115 0.875000 0.257812 0.874023 0.256510 0.870117 0.256510 0.869141 0.255208 0.857422 0.255208
0 0.855469 0.350260 0.852539 0.356771 0.857422 0.364583 0.855469 0.393229 0.863281 0.414062 0.867188 0.419271 0.875000 0.423177 0.883789 0.423177 0.884766 0.421875 0.890625 0.421875 0.892578 0.423177 0.900391 0.419271 0.904297 0.410156 0.908203 0.404948 0.909180 0.401042 0.914062 0.393229 0.914062 0.386719 0.911133 0.378906 0.910156 0.372396 0.908203 0.369792 0.908203 0.367188 0.904297 0.359375 0.901367 0.355469 0.899414 0.350260 0.883789 0.350260 0.879883 0.347656 0.875000 0.347656 0.874023 0.346354 0.862305 0.346354 0.859375 0.348958
0 0.817383 0.325521 0.816406 0.326823 0.813477 0.326823 0.796875 0.345052 0.795898 0.347656 0.795898 0.352865 0.793945 0.356771 0.794922 0.358073 0.794922 0.363281 0.793945 0.364583 0.794922 0.378906 0.792969 0.384115 0.792969 0.388021 0.795898 0.393229 0.798828 0.394531 0.810547 0.410156 0.814453 0.412760 0.829102 0.412760 0.830078 0.411458 0.835938 0.410156 0.843750 0.404948 0.849609 0.398438 0.852539 0.393229 0.855469 0.382812 0.856445 0.367188 0.855469 0.363281 0.849609 0.352865 0.841797 0.345052 0.835938 0.341146 0.831055 0.334635 0.825195 0.329427 0.823242 0.329427 0.821289 0.326823
0 0.757812 0.290365 0.747070 0.303385 0.746094 0.307292 0.735352 0.322917 0.734375 0.326823 0.732422 0.329427 0.732422 0.333333 0.731445 0.334635 0.735352 0.350260 0.739258 0.360677 0.741211 0.363281 0.749023 0.368490 0.750977 0.371094 0.752930 0.371094 0.761719 0.377604 0.768555 0.378906 0.776367 0.375000 0.785156 0.363281 0.793945 0.341146 0.794922 0.334635 0.793945 0.333333 0.793945 0.328125 0.791016 0.317708 0.785156 0.309896 0.781250 0.302083 0.777344 0.298177 0.775391 0.298177 0.770508 0.294271 0.765625 0.292969 0.762695 0.290365
0 0.668945 0.278646 0.666992 0.279948 0.659180 0.291667 0.657227 0.296875 0.656250 0.304688 0.651367 0.313802 0.647461 0.324219 0.648438 0.330729 0.655273 0.342448 0.656250 0.342448 0.661133 0.348958 0.668945 0.354167 0.671875 0.354167 0.672852 0.355469 0.679688 0.355469 0.680664 0.356771 0.686523 0.356771 0.687500 0.355469 0.693359 0.354167 0.697266 0.351562 0.697266 0.350260 0.701172 0.346354 0.705078 0.337240 0.707031 0.328125 0.710938 0.321615 0.710938 0.317708 0.708984 0.312500 0.708008 0.304688 0.704102 0.299479 0.699219 0.287760 0.694336 0.282552 0.689453 0.279948 0.679688 0.278646 0.678711 0.277344
0 0.609375 0.311198 0.608398 0.312500 0.605469 0.312500 0.602539 0.315104 0.600586 0.315104 0.598633 0.317708 0.590820 0.322917 0.590820 0.324219 0.586914 0.329427 0.586914 0.332031 0.584961 0.337240 0.584961 0.348958 0.585938 0.351562 0.589844 0.355469 0.591797 0.360677 0.602539 0.376302 0.602539 0.377604 0.603516 0.377604 0.610352 0.386719 0.617188 0.386719 0.624023 0.381510 0.625977 0.381510 0.631836 0.373698 0.636719 0.371094 0.638672 0.368490 0.643555 0.358073 0.643555 0.354167 0.644531 0.352865 0.644531 0.343750 0.643555 0.342448 0.642578 0.335938 0.640625 0.332031 0.630859 0.320312 0.629883 0.316406 0.625977 0.312500 0.618164 0.313802 0.613281 0.311198
0 0.628906 0.380208 0.624023 0.399740 0.622070 0.404948 0.619141 0.408854 0.618164 0.414062 0.619141 0.415365 0.619141 0.420573 0.623047 0.428385 0.625977 0.429688 0.627930 0.432292 0.633789 0.445312 0.640625 0.446615 0.641602 0.447917 0.659180 0.447917 0.667969 0.444010 0.670898 0.441406 0.672852 0.441406 0.675781 0.438802 0.677734 0.438802 0.682617 0.434896 0.684570 0.430990 0.684570 0.425781 0.685547 0.424479 0.684570 0.420573 0.684570 0.407552 0.683594 0.406250 0.681641 0.391927 0.678711 0.385417 0.676758 0.384115 0.670898 0.384115 0.662109 0.378906 0.649414 0.376302 0.644531 0.373698 0.635742 0.373698 0.631836 0.376302
0 0.714844 0.352865 0.713867 0.354167 0.706055 0.355469 0.701172 0.359375 0.698242 0.367188 0.692383 0.372396 0.683594 0.386719 0.683594 0.393229 0.686523 0.402344 0.692383 0.408854 0.694336 0.414062 0.702148 0.423177 0.705078 0.429688 0.707031 0.429688 0.708008 0.430990 0.722656 0.430990 0.735352 0.424479 0.742188 0.415365 0.747070 0.404948 0.748047 0.397135 0.749023 0.395833 0.749023 0.388021 0.748047 0.386719 0.748047 0.384115 0.746094 0.381510 0.738281 0.376302 0.735352 0.372396 0.733398 0.363281 0.726562 0.354167 0.724609 0.352865
0 0.619141 0.450521 0.614258 0.450521 0.610352 0.453125 0.604492 0.454427 0.599609 0.458333 0.597656 0.458333 0.593750 0.464844 0.589844 0.468750 0.585938 0.470052 0.583008 0.472656 0.581055 0.476562 0.581055 0.484375 0.583984 0.492188 0.585938 0.503906 0.589844 0.513021 0.603516 0.522135 0.620117 0.522135 0.625000 0.516927 0.630859 0.513021 0.632812 0.513021 0.636719 0.510417 0.639648 0.510417 0.640625 0.509115 0.643555 0.509115 0.644531 0.507812 0.647461 0.507812 0.648438 0.506510 0.648438 0.494792 0.646484 0.490885 0.646484 0.484375 0.641602 0.472656 0.628906 0.458333 0.624023 0.455729
0 0.666016 0.462240 0.664062 0.464844 0.662109 0.472656 0.658203 0.480469 0.656250 0.489583 0.654297 0.492188 0.654297 0.497396 0.658203 0.505208 0.662109 0.507812 0.677734 0.529948 0.681641 0.529948 0.687500 0.532552 0.704102 0.532552 0.705078 0.531250 0.708984 0.531250 0.712891 0.524740 0.713867 0.510417 0.720703 0.483073 0.720703 0.471354 0.719727 0.468750 0.710938 0.458333 0.694336 0.449219 0.688477 0.449219 0.687500 0.450521 0.680664 0.451823
0 0.761719 0.416667 0.753906 0.417969 0.745117 0.421875 0.738281 0.427083 0.735352 0.427083 0.730469 0.430990 0.723633 0.433594 0.721680 0.440104 0.719727 0.442708 0.717773 0.450521 0.718750 0.462240 0.725586 0.480469 0.737305 0.494792 0.744141 0.498698 0.751953 0.498698 0.752930 0.497396 0.755859 0.497396 0.760742 0.493490 0.764648 0.492188 0.769531 0.486979 0.774414 0.485677 0.778320 0.480469 0.778320 0.476562 0.780273 0.471354 0.780273 0.463542 0.781250 0.462240 0.781250 0.445312 0.775391 0.429688 0.766602 0.419271
0 0.791016 0.434896 0.791016 0.436198 0.787109 0.440104 0.784180 0.449219 0.784180 0.451823 0.787109 0.454427 0.787109 0.458333 0.786133 0.459635 0.783203 0.458333 0.783203 0.460938 0.785156 0.462240 0.785156 0.473958 0.789062 0.480469 0.790039 0.486979 0.800781 0.500000 0.812500 0.507812 0.825195 0.509115 0.826172 0.510417 0.833984 0.510417 0.836914 0.507812 0.843750 0.488281 0.845703 0.476562 0.849609 0.467448 0.849609 0.457031 0.846680 0.447917 0.836914 0.434896 0.824219 0.425781 0.821289 0.425781 0.818359 0.423177 0.809570 0.424479 0.797852 0.434896 0.796875 0.433594
0 0.852539 0.454427 0.850586 0.458333 0.850586 0.463542 0.851562 0.464844 0.850586 0.466146 0.850586 0.470052 0.847656 0.476562 0.847656 0.480469 0.844727 0.492188 0.841797 0.498698 0.841797 0.506510 0.843750 0.507812 0.847656 0.507812 0.848633 0.506510 0.858398 0.513021 0.866211 0.520833 0.872070 0.524740 0.875977 0.529948 0.882812 0.529948 0.885742 0.527344 0.888672 0.527344 0.894531 0.523438 0.900391 0.514323 0.900391 0.480469 0.896484 0.467448 0.892578 0.463542 0.890625 0.455729 0.884766 0.455729 0.876953 0.449219 0.874023 0.450521 0.865234 0.449219 0.861328 0.451823 0.858398 0.451823
0 0.849609 0.509115 0.842773 0.509115 0.821289 0.518229 0.815430 0.527344 0.815430 0.533854 0.812500 0.544271 0.812500 0.562500 0.827148 0.583333 0.831055 0.585938 0.837891 0.595052 0.841797 0.595052 0.867188 0.583333 0.875000 0.575521 0.875977 0.571615 0.877930 0.569010 0.878906 0.559896 0.879883 0.558594 0.880859 0.545573 0.876953 0.533854 0.871094 0.526042
0 0.883789 0.544271 0.882812 0.557292 0.881836 0.558594 0.881836 0.565104 0.883789 0.572917 0.882812 0.580729 0.885742 0.584635 0.885742 0.587240 0.903320 0.610677 0.909180 0.613281 0.927734 0.611979 0.930664 0.614583 0.937500 0.614583 0.938477 0.613281 0.940430 0.614583 0.947266 0.614583 0.952148 0.611979 0.958008 0.605469 0.957031 0.597656 0.960938 0.592448 0.962891 0.585938 0.962891 0.578125 0.950195 0.554688 0.937500 0.540365 0.927734 0.533854 0.916016 0.532552 0.915039 0.533854 0.900391 0.533854 0.893555 0.537760 0.887695 0.539062
0 0.848633 0.617188 0.848633 0.621094 0.843750 0.627604 0.843750 0.631510 0.841797 0.635417 0.840820 0.648438 0.842773 0.653646 0.845703 0.673177 0.849609 0.679688 0.852539 0.682292 0.864258 0.684896 0.869141 0.688802 0.881836 0.690104 0.888672 0.692708 0.897461 0.692708 0.900391 0.695312 0.908203 0.688802 0.911133 0.688802 0.913086 0.683594 0.913086 0.675781 0.917969 0.667969 0.917969 0.657552 0.915039 0.648438 0.915039 0.636719 0.916016 0.635417 0.915039 0.631510 0.914062 0.631510 0.914062 0.638021 0.912109 0.640625 0.907227 0.632812 0.907227 0.630208 0.905273 0.627604 0.900391 0.626302 0.894531 0.615885 0.889648 0.610677 0.858398 0.610677 0.854492 0.611979
0 0.813477 0.583333 0.806641 0.579427 0.791992 0.580729 0.791016 0.582031 0.778320 0.585938 0.775391 0.588542 0.769531 0.588542 0.762695 0.595052 0.759766 0.606771 0.759766 0.611979 0.758789 0.613281 0.758789 0.623698 0.759766 0.625000 0.759766 0.631510 0.762695 0.643229 0.766602 0.649740 0.766602 0.652344 0.769531 0.656250 0.776367 0.660156 0.782227 0.660156 0.783203 0.661458 0.797852 0.661458 0.798828 0.660156 0.812500 0.658854 0.818359 0.654948 0.818359 0.645833 0.819336 0.641927 0.826172 0.628906 0.826172 0.610677 0.825195 0.609375 0.824219 0.600260 0.819336 0.591146
0 0.780273 0.502604 0.777344 0.503906 0.764648 0.503906 0.763672 0.505208 0.754883 0.507812 0.749023 0.511719 0.746094 0.515625 0.740234 0.518229 0.737305 0.522135 0.734375 0.529948 0.734375 0.535156 0.737305 0.542969 0.743164 0.554688 0.748047 0.559896 0.749023 0.563802 0.753906 0.570312 0.757812 0.572917 0.763672 0.582031 0.770508 0.585938 0.776367 0.584635 0.777344 0.583333 0.782227 0.583333 0.788086 0.580729 0.790039 0.578125 0.792969 0.576823 0.798828 0.567708 0.804688 0.549479 0.803711 0.532552 0.801758 0.528646 0.792969 0.516927 0.788086 0.513021 0.783203 0.503906
0 0.694336 0.542969 0.690430 0.548177 0.689453 0.553385 0.686523 0.557292 0.686523 0.559896 0.684570 0.563802 0.684570 0.569010 0.686523 0.574219 0.687500 0.585938 0.692383 0.596354 0.693359 0.604167 0.696289 0.608073 0.701172 0.608073 0.713867 0.614583 0.731445 0.614583 0.736328 0.611979 0.749023 0.597656 0.752930 0.585938 0.751953 0.579427 0.742188 0.554688 0.735352 0.544271 0.733398 0.537760 0.731445 0.535156 0.725586 0.533854 0.724609 0.532552 0.710938 0.532552 0.708008 0.535156 0.705078 0.535156
0 0.658203 0.510417 0.647461 0.509115 0.646484 0.510417 0.637695 0.511719 0.632812 0.515625 0.625977 0.518229 0.621094 0.524740 0.614258 0.541667 0.614258 0.550781 0.620117 0.570312 0.624023 0.576823 0.627930 0.579427 0.632812 0.585938 0.634766 0.591146 0.638672 0.593750 0.643555 0.593750 0.644531 0.592448 0.649414 0.592448 0.650391 0.591146 0.653320 0.592448 0.654297 0.591146 0.658203 0.591146 0.663086 0.588542 0.665039 0.585938 0.671875 0.582031 0.673828 0.575521 0.679688 0.565104 0.680664 0.542969 0.677734 0.535156 0.668945 0.520833
0 0.352539 0.227865 0.338867 0.247396 0.338867 0.248698 0.333008 0.259115 0.333008 0.272135 0.333984 0.273438 0.334961 0.278646 0.340820 0.286458 0.347656 0.291667 0.355469 0.291667 0.356445 0.290365 0.363281 0.290365 0.364258 0.289062 0.368164 0.289062 0.369141 0.290365 0.377930 0.290365 0.379883 0.289062 0.383789 0.282552 0.383789 0.278646 0.384766 0.277344 0.385742 0.269531 0.389648 0.260417 0.389648 0.251302 0.386719 0.247396 0.385742 0.247396 0.378906 0.236979 0.371094 0.230469 0.369141 0.230469 0.365234 0.227865 0.362305 0.227865 0.361328 0.226562 0.355469 0.226562 0.354492 0.227865
