0 0.042969 0.221354 0.042969 0.223958 0.041016 0.227865 0.041016 0.235677 0.040039 0.236979 0.040039 0.256510 0.044922 0.273438 0.052734 0.281250 0.095703 0.279948 0.101562 0.269531 0.106445 0.266927 0.108398 0.261719 0.108398 0.243490 0.110352 0.235677 0.106445 0.218750 0.101562 0.210938 0.098633 0.210938 0.088867 0.204427 0.067383 0.203125 0.061523 0.205729 0.054688 0.213542
0 0.106445 0.186198 0.101562 0.192708 0.101562 0.197917 0.105469 0.205729 0.105469 0.209635 0.107422 0.213542 0.108398 0.221354 0.112305 0.233073 0.112305 0.235677 0.114258 0.239583 0.117188 0.252604 0.123047 0.257812 0.128906 0.259115 0.129883 0.260417 0.136719 0.260417 0.137695 0.259115 0.140625 0.259115 0.141602 0.260417 0.142578 0.259115 0.148438 0.259115 0.151367 0.256510 0.160156 0.243490 0.159180 0.229167 0.161133 0.225260 0.161133 0.218750 0.162109 0.217448 0.162109 0.200521 0.156250 0.191406 0.155273 0.187500 0.149414 0.180990 0.140625 0.174479 0.134766 0.174479 0.125977 0.179688 0.121094 0.179688
0 0.134766 0.263021 0.123047 0.273438 0.121094 0.278646 0.121094 0.289062 0.119141 0.292969 0.119141 0.295573 0.120117 0.296875 0.120117 0.305990 0.121094 0.307292 0.121094 0.330729 0.122070 0.333333 0.132812 0.341146 0.141602 0.345052 0.145508 0.345052 0.146484 0.346354 0.164062 0.346354 0.166992 0.345052 0.181641 0.326823 0.183594 0.320312 0.183594 0.315104 0.185547 0.311198 0.185547 0.302083 0.182617 0.296875 0.181641 0.283854 0.177734 0.273438 0.165039 0.268229 0.151367 0.265625 0.147461 0.263021
0 0.067383 0.312500 0.063477 0.317708 0.061523 0.324219 0.061523 0.341146 0.062500 0.342448 0.062500 0.348958 0.064453 0.355469 0.067383 0.358073 0.070312 0.364583 0.074219 0.369792 0.080078 0.372396 0.087891 0.377604 0.104492 0.377604 0.107422 0.376302 0.109375 0.373698 0.110352 0.368490 0.117188 0.360677 0.121094 0.345052 0.121094 0.335938 0.119141 0.329427 0.120117 0.328125 0.120117 0.321615 0.119141 0.320312 0.119141 0.304688 0.118164 0.303385 0.102539 0.303385 0.093750 0.299479 0.083984 0.299479 0.080078 0.303385 0.075195 0.305990 0.070312 0.311198
0 0.196289 0.242188 0.190430 0.250000 0.185547 0.252604 0.179688 0.263021 0.179688 0.272135 0.184570 0.285156 0.184570 0.290365 0.190430 0.307292 0.192383 0.317708 0.196289 0.321615 0.202148 0.322917 0.204102 0.325521 0.207031 0.326823 0.213867 0.326823 0.214844 0.325521 0.221680 0.325521 0.224609 0.324219 0.228516 0.317708 0.236328 0.315104 0.237305 0.311198 0.239258 0.309896 0.239258 0.308594 0.236328 0.311198 0.235352 0.309896 0.235352 0.304688 0.238281 0.300781 0.240234 0.292969 0.237305 0.282552 0.237305 0.266927 0.236328 0.265625 0.236328 0.261719 0.234375 0.259115 0.234375 0.256510 0.232422 0.252604 0.226562 0.247396 0.215820 0.240885 0.199219 0.240885
0 0.291992 0.312500 0.280273 0.311198 0.279297 0.309896 0.276367 0.311198 0.274414 0.309896 0.249023 0.309896 0.243164 0.312500 0.240234 0.319010 0.231445 0.329427 0.224609 0.341146 0.224609 0.354167 0.226562 0.360677 0.226562 0.367188 0.230469 0.377604 0.236328 0.385417 0.242188 0.390625 0.249023 0.390625 0.253906 0.388021 0.255859 0.385417 0.263672 0.382812 0.268555 0.377604 0.271484 0.377604 0.274414 0.380208 0.282227 0.377604 0.290039 0.369792 0.293945 0.361979 0.292969 0.358073 0.291992 0.326823 0.294922 0.320312 0.294922 0.317708
0 0.145508 0.358073 0.138672 0.367188 0.136719 0.373698 0.136719 0.378906 0.140625 0.388021 0.141602 0.404948 0.150391 0.423177 0.164062 0.432292 0.166016 0.434896 0.168945 0.434896 0.169922 0.436198 0.185547 0.436198 0.191406 0.432292 0.193359 0.428385 0.193359 0.423177 0.201172 0.410156 0.204102 0.403646 0.204102 0.399740 0.206055 0.397135 0.208008 0.397135 0.208984 0.394531 0.208984 0.385417 0.204102 0.382812 0.204102 0.377604 0.208008 0.371094 0.205078 0.371094 0.200195 0.363281 0.187500 0.355469 0.160156 0.352865 0.159180 0.354167 0.152344 0.354167
0 0.097656 0.385417 0.096680 0.394531 0.094727 0.399740 0.092773 0.417969 0.097656 0.432292 0.100586 0.434896 0.100586 0.436198 0.106445 0.445312 0.108398 0.446615 0.119141 0.447917 0.120117 0.449219 0.128906 0.449219 0.129883 0.447917 0.130859 0.449219 0.138672 0.449219 0.139648 0.447917 0.142578 0.447917 0.145508 0.445312 0.150391 0.436198 0.151367 0.428385 0.145508 0.417969 0.144531 0.414062 0.141602 0.410156 0.139648 0.399740 0.135742 0.391927 0.134766 0.386719 0.130859 0.381510 0.128906 0.380208 0.102539 0.380208
0 0.151367 0.442708 0.144531 0.451823 0.144531 0.454427 0.142578 0.458333 0.142578 0.460938 0.141602 0.462240 0.141602 0.477865 0.144531 0.483073 0.149414 0.497396 0.155273 0.505208 0.165039 0.510417 0.178711 0.510417 0.179688 0.509115 0.182617 0.509115 0.187500 0.506510 0.195312 0.498698 0.196289 0.494792 0.198242 0.492188 0.199219 0.485677 0.201172 0.481771 0.201172 0.471354 0.200195 0.468750 0.195312 0.463542 0.194336 0.460938 0.194336 0.455729 0.192383 0.450521 0.187500 0.444010 0.180664 0.440104 0.173828 0.440104 0.172852 0.438802 0.159180 0.438802
0 0.099609 0.472656 0.099609 0.483073 0.100586 0.484375 0.100586 0.489583 0.101562 0.490885 0.101562 0.496094 0.102539 0.498698 0.106445 0.502604 0.109375 0.503906 0.111328 0.506510 0.111328 0.507812 0.114258 0.510417 0.117188 0.510417 0.118164 0.511719 0.121094 0.511719 0.122070 0.513021 0.131836 0.513021 0.132812 0.511719 0.136719 0.511719 0.137695 0.510417 0.139648 0.510417 0.143555 0.507812 0.148438 0.502604 0.148438 0.496094 0.144531 0.485677 0.142578 0.483073 0.141602 0.477865 0.140625 0.476562 0.140625 0.462240 0.141602 0.460938 0.139648 0.455729 0.138672 0.455729 0.134766 0.451823 0.132812 0.451823 0.131836 0.450521 0.113281 0.450521 0.108398 0.458333 0.107422 0.462240
0 0.228516 0.380208 0.220703 0.384115 0.212891 0.393229 0.207031 0.404948 0.200195 0.415365 0.196289 0.423177 0.196289 0.425781 0.195312 0.427083 0.196289 0.434896 0.201172 0.442708 0.201172 0.444010 0.205078 0.449219 0.208008 0.450521 0.215820 0.458333 0.217773 0.458333 0.218750 0.459635 0.229492 0.459635 0.230469 0.458333 0.236328 0.457031 0.245117 0.447917 0.248047 0.446615 0.250000 0.442708 0.250977 0.421875 0.250000 0.420573 0.250000 0.414062 0.249023 0.412760 0.248047 0.406250 0.243164 0.397135 0.242188 0.393229 0.234375 0.384115
0 0.260742 0.407552 0.257812 0.411458 0.254883 0.419271 0.253906 0.429688 0.252930 0.430990 0.252930 0.441406 0.251953 0.442708 0.251953 0.446615 0.252930 0.450521 0.262695 0.464844 0.275391 0.473958 0.279297 0.473958 0.280273 0.475260 0.290039 0.475260 0.291016 0.473958 0.299805 0.473958 0.310547 0.467448 0.315430 0.460938 0.318359 0.451823 0.318359 0.442708 0.316406 0.434896 0.317383 0.428385 0.314453 0.420573 0.314453 0.412760 0.308594 0.407552 0.303711 0.401042 0.302734 0.397135 0.287109 0.397135 0.280273 0.401042 0.274414 0.399740
0 0.255859 0.475260 0.250977 0.468750 0.241211 0.463542 0.235352 0.463542 0.234375 0.464844 0.215820 0.464844 0.211914 0.467448 0.208008 0.475260 0.206055 0.485677 0.203125 0.492188 0.203125 0.494792 0.202148 0.496094 0.202148 0.502604 0.200195 0.507812 0.196289 0.513021 0.196289 0.515625 0.195312 0.516927 0.196289 0.519531 0.205078 0.531250 0.213867 0.536458 0.230469 0.537760 0.231445 0.536458 0.235352 0.536458 0.238281 0.533854 0.245117 0.531250 0.250000 0.524740 0.251953 0.514323 0.257812 0.498698 0.258789 0.490885 0.257812 0.489583 0.257812 0.481771 0.255859 0.477865
0 0.271484 0.477865 0.266602 0.481771 0.262695 0.488281 0.261719 0.493490 0.259766 0.497396 0.259766 0.500000 0.253906 0.515625 0.253906 0.522135 0.257812 0.529948 0.261719 0.535156 0.262695 0.539062 0.270508 0.548177 0.276367 0.552083 0.282227 0.553385 0.283203 0.554688 0.292969 0.554688 0.295898 0.552083 0.297852 0.546875 0.297852 0.542969 0.300781 0.539062 0.303711 0.526042 0.307617 0.519531 0.307617 0.516927 0.308594 0.515625 0.308594 0.507812 0.306641 0.502604 0.306641 0.496094 0.305664 0.494792 0.304688 0.488281 0.302734 0.486979 0.299805 0.481771 0.293945 0.477865 0.282227 0.477865 0.281250 0.476562 0.278320 0.476562 0.277344 0.477865
0 0.340820 0.490885 0.332031 0.490885 0.330078 0.492188 0.321289 0.505208 0.317383 0.514323 0.314453 0.518229 0.313477 0.523438 0.311523 0.527344 0.310547 0.536458 0.309570 0.537760 0.309570 0.545573 0.308594 0.546875 0.307617 0.558594 0.310547 0.563802 0.317383 0.570312 0.319336 0.570312 0.320312 0.571615 0.326172 0.571615 0.327148 0.570312 0.333008 0.570312 0.333984 0.569010 0.349609 0.569010 0.357422 0.562500 0.363281 0.552083 0.364258 0.544271 0.367188 0.536458 0.367188 0.527344 0.366211 0.526042 0.366211 0.522135 0.364258 0.516927 0.359375 0.510417 0.350586 0.503906 0.346680 0.502604
0 0.375977 0.559896 0.360352 0.561198 0.352539 0.569010 0.348633 0.571615 0.343750 0.571615 0.341797 0.574219 0.340820 0.580729 0.338867 0.584635 0.338867 0.589844 0.337891 0.591146 0.337891 0.600260 0.339844 0.602865 0.340820 0.606771 0.343750 0.610677 0.343750 0.611979 0.353516 0.618490 0.358398 0.618490 0.359375 0.619792 0.370117 0.619792 0.371094 0.618490 0.373047 0.618490 0.379883 0.611979 0.384766 0.609375 0.386719 0.606771 0.386719 0.604167 0.387695 0.602865 0.387695 0.592448 0.388672 0.591146 0.388672 0.578125 0.384766 0.575521 0.382812 0.572917 0.379883 0.565104
0 0.306641 0.562500 0.303711 0.562500 0.302734 0.563802 0.294922 0.563802 0.291992 0.567708 0.291016 0.567708 0.290039 0.570312 0.283203 0.579427 0.282227 0.579427 0.280273 0.582031 0.277344 0.589844 0.277344 0.596354 0.280273 0.601562 0.285156 0.614583 0.292969 0.626302 0.297852 0.630208 0.309570 0.630208 0.310547 0.628906 0.314453 0.628906 0.324219 0.621094 0.330078 0.613281 0.330078 0.610677 0.331055 0.609375 0.331055 0.601562 0.333008 0.596354 0.333008 0.592448 0.332031 0.589844 0.328125 0.584635 0.328125 0.583333 0.325195 0.580729 0.324219 0.576823 0.314453 0.570312 0.311523 0.566406 0.308594 0.565104
0 0.247070 0.533854 0.235352 0.541667 0.224609 0.554688 0.223633 0.557292 0.223633 0.567708 0.219727 0.580729 0.220703 0.582031 0.220703 0.588542 0.223633 0.596354 0.227539 0.601562 0.227539 0.602865 0.229492 0.604167 0.236328 0.605469 0.241211 0.608073 0.256836 0.608073 0.264648 0.602865 0.269531 0.601562 0.275391 0.596354 0.275391 0.592448 0.276367 0.591146 0.275391 0.574219 0.277344 0.569010 0.273438 0.563802 0.271484 0.563802 0.267578 0.559896 0.267578 0.552083 0.266602 0.550781 0.266602 0.548177 0.260742 0.542969 0.258789 0.533854
0 0.168945 0.537760 0.166992 0.541667 0.165039 0.542969 0.161133 0.542969 0.149414 0.553385 0.145508 0.559896 0.144531 0.566406 0.145508 0.567708 0.145508 0.572917 0.148438 0.579427 0.148438 0.584635 0.154297 0.597656 0.154297 0.601562 0.156250 0.609375 0.161133 0.613281 0.173828 0.615885 0.180664 0.611979 0.182617 0.609375 0.186523 0.608073 0.191406 0.602865 0.194336 0.597656 0.195312 0.591146 0.197266 0.588542 0.200195 0.593750 0.202148 0.588542 0.201172 0.558594 0.200195 0.555990 0.196289 0.555990 0.194336 0.552083 0.192383 0.550781 0.187500 0.550781 0.184570 0.548177 0.176758 0.548177 0.173828 0.546875 0.169922 0.542969 0.171875 0.540365 0.174805 0.539062 0.174805 0.537760
0 0.046875 0.566406 0.046875 0.569010 0.044922 0.572917 0.044922 0.580729 0.046875 0.587240 0.048828 0.589844 0.053711 0.591146 0.057617 0.596354 0.058594 0.596354 0.063477 0.604167 0.070312 0.606771 0.078125 0.611979 0.085938 0.613281 0.086914 0.614583 0.091797 0.614583 0.092773 0.613281 0.098633 0.611979 0.108398 0.605469 0.110352 0.601562 0.110352 0.597656 0.108398 0.591146 0.109375 0.588542 0.109375 0.583333 0.108398 0.582031 0.107422 0.572917 0.104492 0.567708 0.100586 0.563802 0.098633 0.558594 0.097656 0.559896 0.095703 0.559896 0.093750 0.557292 0.092773 0.553385 0.088867 0.546875 0.078125 0.546875 0.074219 0.550781 0.071289 0.550781 0.070312 0.552083 0.060547 0.552083 0.054688 0.558594 0.050781 0.559896
0 0.144531 0.580729 0.140625 0.582031 0.134766 0.589844 0.126953 0.595052 0.123047 0.600260 0.121094 0.606771 0.118164 0.609375 0.111328 0.619792 0.112305 0.626302 0.115234 0.630208 0.118164 0.636719 0.119141 0.644531 0.124023 0.647135 0.130859 0.658854 0.135742 0.661458 0.140625 0.661458 0.141602 0.660156 0.143555 0.660156 0.150391 0.654948 0.153320 0.651042 0.163086 0.644531 0.164062 0.641927 0.169922 0.635417 0.169922 0.632812 0.170898 0.631510 0.169922 0.619792 0.164062 0.615885 0.160156 0.615885 0.154297 0.609375 0.152344 0.596354 0.146484 0.584635 0.146484 0.582031
0 0.177734 0.644531 0.169922 0.649740 0.162109 0.660156 0.162109 0.661458 0.153320 0.671875 0.151367 0.677083 0.151367 0.680990 0.150391 0.682292 0.150391 0.690104 0.155273 0.697917 0.157227 0.703125 0.157227 0.705729 0.165039 0.718750 0.166016 0.718750 0.169922 0.723958 0.171875 0.723958 0.172852 0.725260 0.175781 0.722656 0.185547 0.722656 0.186523 0.721354 0.189453 0.721354 0.194336 0.714844 0.195312 0.709635 0.199219 0.705729 0.200195 0.700521 0.203125 0.696615 0.204102 0.692708 0.207031 0.687500 0.207031 0.679688 0.200195 0.667969 0.201172 0.658854 0.199219 0.656250 0.187500 0.649740 0.184570 0.645833 0.180664 0.647135
0 0.211914 0.592448 0.210938 0.593750 0.208984 0.593750 0.205078 0.596354 0.198242 0.604167 0.195312 0.605469 0.189453 0.613281 0.187500 0.614583 0.187500 0.625000 0.186523 0.626302 0.186523 0.643229 0.188477 0.647135 0.192383 0.648438 0.195312 0.651042 0.198242 0.651042 0.199219 0.652344 0.202148 0.652344 0.203125 0.653646 0.207031 0.653646 0.208008 0.654948 0.210938 0.654948 0.211914 0.656250 0.216797 0.656250 0.217773 0.657552 0.225586 0.660156 0.226562 0.658854 0.228516 0.658854 0.231445 0.654948 0.232422 0.654948 0.234375 0.651042 0.234375 0.645833 0.235352 0.644531 0.235352 0.640625 0.234375 0.639323 0.234375 0.627604 0.235352 0.626302 0.235352 0.622396 0.236328 0.621094 0.235352 0.619792 0.235352 0.615885 0.233398 0.613281 0.233398 0.611979 0.231445 0.609375 0.230469 0.609375 0.220703 0.596354 0.219727 0.593750
0 0.267578 0.608073 0.265625 0.608073 0.262695 0.610677 0.253906 0.611979 0.252930 0.613281 0.246094 0.613281 0.240234 0.619792 0.239258 0.619792 0.237305 0.625000 0.237305 0.651042 0.236328 0.652344 0.239258 0.656250 0.239258 0.660156 0.250000 0.673177 0.253906 0.674479 0.254883 0.675781 0.257812 0.675781 0.258789 0.677083 0.262695 0.677083 0.263672 0.678385 0.264648 0.677083 0.269531 0.677083 0.270508 0.675781 0.272461 0.675781 0.277344 0.670573 0.280273 0.669271 0.282227 0.666667 0.286133 0.664062 0.287109 0.661458 0.287109 0.656250 0.285156 0.651042 0.285156 0.647135 0.281250 0.638021 0.281250 0.634115 0.277344 0.623698 0.276367 0.615885 0.270508 0.609375 0.268555 0.609375
0 0.240234 0.665365 0.235352 0.665365 0.234375 0.666667 0.232422 0.666667 0.225586 0.671875 0.220703 0.678385 0.220703 0.679688 0.216797 0.684896 0.210938 0.704427 0.203125 0.716146 0.203125 0.722656 0.204102 0.725260 0.213867 0.738281 0.217773 0.740885 0.219727 0.740885 0.220703 0.742188 0.226562 0.742188 0.231445 0.744792 0.237305 0.744792 0.246094 0.738281 0.250977 0.736979 0.253906 0.734375 0.260742 0.723958 0.262695 0.718750 0.262695 0.716146 0.263672 0.714844 0.263672 0.707031 0.264648 0.705729 0.264648 0.687500 0.263672 0.684896 0.258789 0.679688 0.254883 0.678385 0.247070 0.673177
0 0.295898 0.657552 0.293945 0.658854 0.293945 0.660156 0.287109 0.670573 0.286133 0.670573 0.278320 0.679688 0.273438 0.682292 0.271484 0.687500 0.271484 0.697917 0.272461 0.699219 0.273438 0.712240 0.275391 0.716146 0.276367 0.723958 0.280273 0.730469 0.282227 0.731771 0.286133 0.731771 0.291992 0.735677 0.301758 0.736979 0.302734 0.735677 0.306641 0.735677 0.307617 0.734375 0.312500 0.733073 0.317383 0.726562 0.318359 0.717448 0.319336 0.716146 0.318359 0.713542 0.318359 0.699219 0.314453 0.688802 0.311523 0.683594 0.311523 0.680990 0.308594 0.674479 0.308594 0.671875 0.305664 0.667969 0.308594 0.662760 0.307617 0.661458 0.307617 0.658854 0.306641 0.657552
0 0.351562 0.623698 0.349609 0.623698 0.348633 0.622396 0.337891 0.622396 0.336914 0.623698 0.332031 0.625000 0.323242 0.634115 0.319336 0.636719 0.314453 0.643229 0.312500 0.648438 0.312500 0.651042 0.311523 0.652344 0.311523 0.674479 0.312500 0.675781 0.312500 0.678385 0.314453 0.680990 0.315430 0.686198 0.319336 0.696615 0.328125 0.705729 0.337891 0.705729 0.338867 0.704427 0.340820 0.704427 0.343750 0.701823 0.353516 0.697917 0.362305 0.690104 0.362305 0.686198 0.363281 0.684896 0.363281 0.669271 0.364258 0.667969 0.364258 0.660156 0.365234 0.658854 0.365234 0.636719 0.358398 0.628906
0 0.365234 0.692708 0.364258 0.694010 0.358398 0.695312 0.358398 0.696615 0.350586 0.705729 0.345703 0.707031 0.333984 0.717448 0.332031 0.717448 0.326172 0.722656 0.321289 0.723958 0.317383 0.730469 0.317383 0.734375 0.315430 0.740885 0.315430 0.746094 0.316406 0.747396 0.316406 0.752604 0.317383 0.753906 0.318359 0.761719 0.320312 0.763021 0.326172 0.763021 0.332031 0.766927 0.338867 0.768229 0.339844 0.769531 0.349609 0.768229 0.353516 0.761719 0.353516 0.757812 0.349609 0.750000 0.348633 0.750000 0.343750 0.742188 0.345703 0.736979 0.349609 0.731771 0.354492 0.727865 0.361328 0.727865 0.364258 0.731771 0.367188 0.731771 0.368164 0.730469 0.374023 0.731771 0.375977 0.730469 0.375977 0.726562 0.376953 0.725260 0.375977 0.723958 0.375977 0.717448 0.373047 0.712240 0.372070 0.705729 0.367188 0.699219
0 0.399414 0.613281 0.398438 0.614583 0.387695 0.614583 0.383789 0.618490 0.382812 0.618490 0.379883 0.622396 0.375977 0.623698 0.372070 0.630208 0.372070 0.635417 0.371094 0.636719 0.371094 0.639323 0.370117 0.640625 0.370117 0.643229 0.368164 0.648438 0.368164 0.657552 0.370117 0.660156 0.371094 0.664062 0.374023 0.667969 0.376953 0.669271 0.380859 0.674479 0.384766 0.677083 0.400391 0.677083 0.401367 0.675781 0.404297 0.675781 0.410156 0.671875 0.412109 0.671875 0.415039 0.666667 0.415039 0.662760 0.416016 0.661458 0.416016 0.652344 0.415039 0.651042 0.414062 0.643229 0.412109 0.640625 0.411133 0.635417 0.408203 0.631510 0.408203 0.630208 0.404297 0.623698 0.402344 0.618490 0.402344 0.615885
0 0.176758 0.735677 0.176758 0.747396 0.177734 0.748698 0.177734 0.751302 0.179688 0.752604 0.183594 0.757812 0.187500 0.760417 0.191406 0.765625 0.199219 0.770833 0.201172 0.770833 0.202148 0.772135 0.213867 0.772135 0.214844 0.770833 0.216797 0.770833 0.220703 0.766927 0.225586 0.764323 0.225586 0.763021 0.228516 0.757812 0.228516 0.746094 0.226562 0.744792 0.222656 0.744792 0.221680 0.743490 0.218750 0.743490 0.214844 0.740885 0.212891 0.738281 0.211914 0.738281 0.204102 0.727865 0.203125 0.727865 0.200195 0.723958 0.198242 0.723958 0.197266 0.722656 0.194336 0.722656 0.193359 0.721354 0.192383 0.722656 0.189453 0.722656 0.188477 0.723958 0.183594 0.725260 0.179688 0.729167 0.178711 0.733073
0 0.275391 0.743490 0.271484 0.742188 0.263672 0.736979 0.254883 0.735677 0.251953 0.738281 0.250000 0.738281 0.247070 0.740885 0.245117 0.740885 0.236328 0.747396 0.232422 0.747396 0.231445 0.750000 0.231445 0.757812 0.232422 0.759115 0.233398 0.765625 0.235352 0.770833 0.237305 0.773438 0.237305 0.776042 0.238281 0.777344 0.238281 0.786458 0.242188 0.792969 0.244141 0.792969 0.245117 0.794271 0.251953 0.794271 0.252930 0.795573 0.261719 0.794271 0.267578 0.790365 0.277344 0.777344 0.277344 0.776042 0.279297 0.773438 0.279297 0.769531 0.280273 0.768229 0.280273 0.751302 0.276367 0.746094
0 0.330078 0.769531 0.327148 0.765625 0.320312 0.765625 0.317383 0.763021 0.316406 0.760417 0.316406 0.757812 0.315430 0.756510 0.315430 0.751302 0.314453 0.750000 0.314453 0.736979 0.313477 0.735677 0.310547 0.735677 0.309570 0.736979 0.305664 0.736979 0.304688 0.738281 0.290039 0.738281 0.288086 0.740885 0.288086 0.744792 0.284180 0.755208 0.282227 0.757812 0.282227 0.766927 0.286133 0.772135 0.286133 0.773438 0.299805 0.776042 0.300781 0.777344 0.305664 0.778646 0.308594 0.781250 0.310547 0.781250 0.313477 0.783854 0.319336 0.783854 0.320312 0.782552 0.322266 0.782552 0.323242 0.781250 0.325195 0.781250 0.327148 0.779948 0.329102 0.777344 0.329102 0.774740 0.330078 0.773438
0 0.322266 0.795573 0.319336 0.799479 0.319336 0.802083 0.318359 0.803385 0.319336 0.809896 0.317383 0.812500 0.314453 0.820312 0.309570 0.826823 0.308594 0.829427 0.308594 0.841146 0.313477 0.847656 0.316406 0.848958 0.318359 0.851562 0.326172 0.852865 0.327148 0.854167 0.329102 0.854167 0.332031 0.856771 0.333984 0.856771 0.337891 0.859375 0.346680 0.859375 0.347656 0.858073 0.349609 0.858073 0.355469 0.851562 0.355469 0.848958 0.358398 0.842448 0.358398 0.835938 0.353516 0.830729 0.350586 0.829427 0.344727 0.821615 0.343750 0.815104 0.340820 0.808594 0.340820 0.804688 0.336914 0.798177 0.336914 0.792969 0.332031 0.791667 0.331055 0.792969 0.328125 0.792969 0.325195 0.795573
0 0.359375 0.770833 0.358398 0.772135 0.356445 0.772135 0.350586 0.779948 0.350586 0.781250 0.342773 0.792969 0.341797 0.795573 0.341797 0.805990 0.342773 0.807292 0.343750 0.813802 0.345703 0.817708 0.345703 0.820312 0.347656 0.824219 0.357422 0.830729 0.361328 0.834635 0.372070 0.834635 0.373047 0.833333 0.375000 0.833333 0.377930 0.829427 0.378906 0.825521 0.392578 0.799479 0.392578 0.794271 0.391602 0.792969 0.391602 0.789062 0.387695 0.782552 0.383789 0.779948 0.380859 0.779948 0.372070 0.773438 0.370117 0.773438 0.366211 0.770833
0 0.300781 0.781250 0.288086 0.781250 0.287109 0.779948 0.286133 0.781250 0.279297 0.782552 0.275391 0.786458 0.260742 0.807292 0.258789 0.812500 0.258789 0.817708 0.257812 0.819010 0.258789 0.834635 0.259766 0.835938 0.259766 0.838542 0.267578 0.852865 0.269531 0.852865 0.277344 0.858073 0.282227 0.858073 0.287109 0.854167 0.293945 0.858073 0.301758 0.850260 0.306641 0.839844 0.306641 0.828125 0.307617 0.826823 0.307617 0.821615 0.306641 0.819010 0.307617 0.817708 0.307617 0.809896 0.304688 0.803385 0.299805 0.798177 0.299805 0.794271 0.300781 0.792969 0.303711 0.792969 0.305664 0.795573 0.306641 0.792969 0.306641 0.787760
0 0.219727 0.778646 0.217773 0.777344 0.203125 0.777344 0.204102 0.787760 0.201172 0.791667 0.194336 0.794271 0.187500 0.794271 0.186523 0.795573 0.177734 0.796875 0.172852 0.802083 0.171875 0.805990 0.165039 0.817708 0.165039 0.821615 0.167969 0.821615 0.168945 0.820312 0.169922 0.821615 0.172852 0.834635 0.171875 0.842448 0.168945 0.845052 0.171875 0.846354 0.176758 0.851562 0.182617 0.851562 0.183594 0.850260 0.182617 0.847656 0.176758 0.847656 0.175781 0.846354 0.176758 0.842448 0.183594 0.845052 0.204102 0.843750 0.205078 0.842448 0.208984 0.842448 0.215820 0.835938 0.223633 0.832031 0.229492 0.820312 0.231445 0.813802 0.225586 0.789062 0.223633 0.783854
0 0.253906 0.824219 0.247070 0.824219 0.246094 0.825521 0.242188 0.825521 0.239258 0.828125 0.234375 0.828125 0.233398 0.830729 0.227539 0.829427 0.227539 0.830729 0.220703 0.839844 0.219727 0.839844 0.217773 0.843750 0.216797 0.843750 0.214844 0.846354 0.214844 0.851562 0.213867 0.852865 0.213867 0.871094 0.215820 0.873698 0.217773 0.880208 0.219727 0.882812 0.220703 0.882812 0.222656 0.885417 0.224609 0.885417 0.228516 0.888021 0.231445 0.888021 0.232422 0.889323 0.234375 0.889323 0.236328 0.891927 0.239258 0.891927 0.240234 0.893229 0.248047 0.891927 0.250977 0.888021 0.251953 0.877604 0.254883 0.869792 0.254883 0.865885 0.255859 0.864583 0.255859 0.856771 0.256836 0.855469 0.256836 0.833333 0.255859 0.832031 0.255859 0.828125
0 0.307617 0.855469 0.305664 0.852865 0.302734 0.851562 0.297852 0.858073 0.295898 0.858073 0.294922 0.859375 0.291016 0.858073 0.290039 0.856771 0.288086 0.856771 0.287109 0.855469 0.286133 0.855469 0.282227 0.859375 0.270508 0.858073 0.268555 0.863281 0.268555 0.865885 0.266602 0.868490 0.264648 0.873698 0.263672 0.880208 0.260742 0.886719 0.260742 0.901042 0.261719 0.903646 0.266602 0.908854 0.270508 0.908854 0.271484 0.910156 0.273438 0.910156 0.274414 0.908854 0.281250 0.908854 0.282227 0.907552 0.291016 0.906250 0.299805 0.899740 0.301758 0.899740 0.305664 0.888021 0.309570 0.881510 0.310547 0.868490 0.309570 0.867188 0.309570 0.863281 0.308594 0.861979
0 0.321289 0.861979 0.321289 0.863281 0.319336 0.865885 0.318359 0.865885 0.318359 0.867188 0.314453 0.872396 0.313477 0.878906 0.307617 0.888021 0.304688 0.894531 0.304688 0.903646 0.305664 0.904948 0.306641 0.910156 0.315430 0.919271 0.319336 0.920573 0.322266 0.923177 0.326172 0.923177 0.327148 0.924479 0.333984 0.924479 0.334961 0.923177 0.343750 0.923177 0.344727 0.921875 0.346680 0.921875 0.357422 0.906250 0.358398 0.902344 0.361328 0.897135 0.361328 0.881510 0.360352 0.880208 0.359375 0.873698 0.353516 0.864583 0.349609 0.861979 0.334961 0.861979 0.333984 0.860677 0.330078 0.860677 0.329102 0.859375 0.325195 0.859375
0 0.363281 0.871094 0.363281 0.877604 0.370117 0.894531 0.370117 0.897135 0.372070 0.899740 0.376953 0.914062 0.379883 0.917969 0.381836 0.917969 0.382812 0.919271 0.390625 0.919271 0.391602 0.917969 0.393555 0.917969 0.394531 0.916667 0.396484 0.916667 0.397461 0.915365 0.398438 0.915365 0.399414 0.914062 0.399414 0.912760 0.402344 0.908854 0.402344 0.907552 0.404297 0.904948 0.405273 0.901042 0.408203 0.895833 0.408203 0.893229 0.409180 0.891927 0.409180 0.889323 0.410156 0.888021 0.410156 0.882812 0.405273 0.882812 0.404297 0.881510 0.401367 0.880208 0.397461 0.875000 0.396484 0.875000 0.395508 0.873698 0.393555 0.873698 0.392578 0.872396 0.388672 0.872396 0.387695 0.871094 0.381836 0.871094 0.380859 0.869792 0.375977 0.868490 0.374023 0.865885 0.371094 0.865885 0.370117 0.867188 0.369141 0.867188 0.368164 0.868490 0.366211 0.868490
0 0.395508 0.816406 0.393555 0.817708 0.393555 0.819010 0.387695 0.825521 0.386719 0.825521 0.384766 0.828125 0.382812 0.828125 0.375000 0.839844 0.374023 0.845052 0.373047 0.846354 0.373047 0.848958 0.374023 0.850260 0.374023 0.863281 0.375000 0.865885 0.375977 0.865885 0.377930 0.868490 0.395508 0.872396 0.399414 0.875000 0.403320 0.880208 0.408203 0.880208 0.409180 0.878906 0.414062 0.877604 0.419922 0.869792 0.419922 0.868490 0.422852 0.863281 0.422852 0.859375 0.423828 0.858073 0.423828 0.850260 0.424805 0.848958 0.424805 0.834635 0.423828 0.833333 0.423828 0.830729 0.422852 0.829427 0.420898 0.829427 0.418945 0.826823 0.416992 0.826823 0.411133 0.822917 0.406250 0.821615 0.402344 0.819010 0.400391 0.816406
0 0.435547 0.760417 0.427734 0.755208 0.421875 0.753906 0.420898 0.755208 0.416992 0.756510 0.413086 0.760417 0.410156 0.760417 0.409180 0.761719 0.403320 0.761719 0.399414 0.765625 0.398438 0.768229 0.398438 0.773438 0.395508 0.778646 0.395508 0.783854 0.398438 0.791667 0.398438 0.811198 0.399414 0.813802 0.403320 0.816406 0.406250 0.820312 0.409180 0.820312 0.410156 0.821615 0.417969 0.821615 0.418945 0.820312 0.421875 0.820312 0.422852 0.819010 0.432617 0.819010 0.435547 0.815104 0.436523 0.809896 0.442383 0.796875 0.443359 0.789062 0.444336 0.787760 0.444336 0.779948 0.443359 0.778646 0.443359 0.774740
0 0.446289 0.809896 0.444336 0.809896 0.443359 0.808594 0.440430 0.809896 0.438477 0.812500 0.438477 0.815104 0.434570 0.820312 0.433594 0.820312 0.432617 0.821615 0.430664 0.821615 0.429688 0.822917 0.427734 0.822917 0.426758 0.824219 0.426758 0.830729 0.425781 0.832031 0.425781 0.837240 0.426758 0.838542 0.426758 0.843750 0.425781 0.845052 0.425781 0.854167 0.424805 0.855469 0.424805 0.861979 0.427734 0.864583 0.432617 0.864583 0.433594 0.863281 0.439453 0.863281 0.440430 0.861979 0.443359 0.861979 0.444336 0.860677 0.447266 0.859375 0.454102 0.850260 0.454102 0.847656 0.455078 0.846354 0.455078 0.843750 0.456055 0.842448 0.456055 0.832031 0.455078 0.830729 0.456055 0.829427 0.456055 0.820312 0.455078 0.819010 0.455078 0.817708 0.453125 0.815104 0.448242 0.812500
0 0.449219 0.760417 0.448242 0.761719 0.448242 0.779948 0.447266 0.781250 0.447266 0.783854 0.445312 0.787760 0.445312 0.790365 0.444336 0.791667 0.444336 0.792969 0.443359 0.794271 0.443359 0.796875 0.442383 0.798177 0.442383 0.804688 0.445312 0.805990 0.450195 0.811198 0.451172 0.811198 0.456055 0.815104 0.460938 0.815104 0.461914 0.816406 0.462891 0.815104 0.464844 0.815104 0.467773 0.811198 0.467773 0.809896 0.469727 0.807292 0.469727 0.805990 0.470703 0.804688 0.471680 0.804688 0.471680 0.803385 0.470703 0.802083 0.469727 0.798177 0.468750 0.798177 0.466797 0.795573 0.464844 0.795573 0.463867 0.794271 0.462891 0.794271 0.458008 0.787760 0.458008 0.786458 0.455078 0.779948 0.455078 0.774740 0.454102 0.773438 0.454102 0.770833 0.453125 0.769531 0.453125 0.765625 0.452148 0.764323 0.452148 0.761719 0.451172 0.760417
0 0.501953 0.808594 0.499023 0.807292 0.497070 0.804688 0.494141 0.804688 0.493164 0.803385 0.489258 0.803385 0.488281 0.804688 0.481445 0.804688 0.480469 0.805990 0.476562 0.805990 0.471680 0.811198 0.471680 0.812500 0.468750 0.816406 0.467773 0.822917 0.464844 0.828125 0.464844 0.835938 0.465820 0.837240 0.465820 0.841146 0.466797 0.842448 0.466797 0.845052 0.467773 0.846354 0.467773 0.848958 0.468750 0.850260 0.468750 0.851562 0.471680 0.855469 0.484375 0.855469 0.485352 0.854167 0.488281 0.854167 0.489258 0.852865 0.495117 0.852865 0.496094 0.851562 0.500977 0.850260 0.507812 0.842448 0.507812 0.841146 0.508789 0.839844 0.508789 0.833333 0.507812 0.832031 0.507812 0.825521 0.506836 0.824219 0.506836 0.819010 0.505859 0.817708 0.505859 0.815104 0.504883 0.813802 0.504883 0.812500
0 0.502930 0.744792 0.500977 0.742188 0.498047 0.747396 0.490234 0.747396 0.489258 0.746094 0.483398 0.746094 0.482422 0.744792 0.477539 0.744792 0.476562 0.743490 0.466797 0.743490 0.464844 0.744792 0.464844 0.746094 0.462891 0.748698 0.458984 0.748698 0.457031 0.750000 0.455078 0.752604 0.455078 0.755208 0.454102 0.756510 0.454102 0.764323 0.456055 0.769531 0.456055 0.779948 0.459961 0.789062 0.462891 0.792969 0.468750 0.795573 0.473633 0.800781 0.476562 0.800781 0.477539 0.802083 0.487305 0.802083 0.489258 0.800781 0.494141 0.792969 0.497070 0.791667 0.500000 0.787760 0.500977 0.782552 0.501953 0.781250 0.501953 0.778646 0.502930 0.777344 0.502930 0.774740 0.503906 0.773438 0.503906 0.770833 0.504883 0.769531 0.504883 0.764323 0.505859 0.763021 0.505859 0.752604 0.502930 0.747396
0 0.524414 0.753906 0.509766 0.753906 0.506836 0.756510 0.506836 0.760417 0.505859 0.761719 0.505859 0.768229 0.504883 0.769531 0.504883 0.772135 0.503906 0.773438 0.503906 0.776042 0.502930 0.777344 0.502930 0.781250 0.501953 0.782552 0.501953 0.785156 0.500977 0.786458 0.500977 0.787760 0.496094 0.794271 0.496094 0.795573 0.495117 0.796875 0.495117 0.799479 0.499023 0.804688 0.500000 0.804688 0.502930 0.807292 0.507812 0.807292 0.508789 0.808594 0.514648 0.808594 0.515625 0.807292 0.517578 0.807292 0.518555 0.805990 0.519531 0.805990 0.526367 0.795573 0.528320 0.789062 0.531250 0.783854 0.531250 0.779948 0.532227 0.778646 0.532227 0.772135 0.531250 0.770833 0.531250 0.768229 0.529297 0.764323 0.529297 0.761719 0.528320 0.760417 0.527344 0.756510
0 0.542969 0.768229 0.541992 0.769531 0.540039 0.769531 0.537109 0.773438 0.537109 0.777344 0.536133 0.778646 0.536133 0.786458 0.535156 0.787760 0.535156 0.798177 0.534180 0.799479 0.534180 0.813802 0.535156 0.815104 0.535156 0.816406 0.539062 0.821615 0.541992 0.821615 0.542969 0.822917 0.546875 0.822917 0.547852 0.824219 0.553711 0.824219 0.554688 0.822917 0.559570 0.821615 0.561523 0.819010 0.564453 0.817708 0.569336 0.809896 0.569336 0.808594 0.571289 0.804688 0.571289 0.802083 0.572266 0.800781 0.572266 0.795573 0.573242 0.794271 0.573242 0.792969 0.572266 0.791667 0.572266 0.785156 0.571289 0.783854 0.571289 0.782552 0.568359 0.778646 0.566406 0.772135 0.564453 0.769531 0.560547 0.769531 0.559570 0.768229
0 0.597656 0.756510 0.595703 0.757812 0.594727 0.761719 0.590820 0.768229 0.588867 0.773438 0.588867 0.777344 0.584961 0.782552 0.583984 0.785156 0.583984 0.787760 0.583008 0.789062 0.583984 0.790365 0.583984 0.794271 0.585938 0.799479 0.585938 0.804688 0.586914 0.805990 0.586914 0.811198 0.587891 0.813802 0.592773 0.820312 0.596680 0.822917 0.598633 0.822917 0.599609 0.824219 0.606445 0.824219 0.608398 0.821615 0.611328 0.820312 0.611328 0.819010 0.622070 0.804688 0.622070 0.803385 0.625000 0.799479 0.625000 0.796875 0.625977 0.795573 0.625977 0.778646 0.625000 0.777344 0.625000 0.774740 0.621094 0.769531 0.620117 0.769531 0.615234 0.763021 0.614258 0.760417 0.613281 0.760417 0.610352 0.756510
0 0.557617 0.714844 0.549805 0.721354 0.546875 0.730469 0.543945 0.734375 0.541016 0.734375 0.539062 0.736979 0.539062 0.738281 0.536133 0.742188 0.536133 0.747396 0.537109 0.747396 0.539062 0.750000 0.540039 0.752604 0.540039 0.760417 0.541992 0.763021 0.543945 0.763021 0.547852 0.765625 0.554688 0.765625 0.555664 0.766927 0.564453 0.766927 0.565430 0.768229 0.572266 0.768229 0.576172 0.765625 0.578125 0.763021 0.578125 0.761719 0.581055 0.757812 0.581055 0.755208 0.582031 0.753906 0.582031 0.738281 0.581055 0.736979 0.580078 0.730469 0.579102 0.727865 0.572266 0.718750 0.570312 0.718750 0.566406 0.716146 0.564453 0.713542
0 0.478516 0.679688 0.479492 0.680990 0.479492 0.683594 0.473633 0.691406 0.473633 0.694010 0.470703 0.703125 0.470703 0.708333 0.471680 0.709635 0.471680 0.721354 0.473633 0.723958 0.474609 0.729167 0.477539 0.734375 0.477539 0.736979 0.487305 0.736979 0.488281 0.738281 0.495117 0.738281 0.496094 0.739583 0.505859 0.739583 0.506836 0.740885 0.511719 0.740885 0.513672 0.736979 0.518555 0.731771 0.520508 0.727865 0.520508 0.725260 0.522461 0.720052 0.522461 0.712240 0.523438 0.710938 0.523438 0.695312 0.519531 0.682292 0.517578 0.679688 0.508789 0.679688 0.503906 0.677083 0.498047 0.677083 0.494141 0.673177 0.493164 0.673177 0.493164 0.675781 0.490234 0.678385 0.485352 0.677083 0.482422 0.679688
0 0.468750 0.648438 0.466797 0.645833 0.460938 0.645833 0.457031 0.643229 0.456055 0.640625 0.454102 0.640625 0.452148 0.644531 0.447266 0.644531 0.446289 0.643229 0.445312 0.644531 0.441406 0.644531 0.437500 0.647135 0.429688 0.647135 0.423828 0.651042 0.418945 0.658854 0.418945 0.661458 0.416992 0.666667 0.416992 0.690104 0.419922 0.699219 0.421875 0.700521 0.435547 0.701823 0.436523 0.703125 0.440430 0.703125 0.445312 0.705729 0.451172 0.705729 0.452148 0.707031 0.456055 0.707031 0.457031 0.705729 0.458984 0.705729 0.459961 0.701823 0.464844 0.694010 0.469727 0.680990 0.469727 0.677083 0.470703 0.675781 0.470703 0.657552 0.469727 0.656250 0.469727 0.651042
0 0.446289 0.565104 0.443359 0.565104 0.445312 0.567708 0.445312 0.571615 0.443359 0.575521 0.441406 0.574219 0.432617 0.574219 0.431641 0.572917 0.425781 0.572917 0.423828 0.571615 0.421875 0.574219 0.416016 0.578125 0.407227 0.589844 0.407227 0.592448 0.404297 0.596354 0.402344 0.602865 0.402344 0.613281 0.406250 0.625000 0.410156 0.630208 0.416016 0.641927 0.425781 0.643229 0.426758 0.644531 0.436523 0.644531 0.437500 0.643229 0.439453 0.643229 0.448242 0.635417 0.458008 0.619792 0.458984 0.613281 0.459961 0.611979 0.459961 0.605469 0.457031 0.595052 0.457031 0.589844 0.455078 0.584635 0.455078 0.579427
0 0.383789 0.511719 0.378906 0.519531 0.377930 0.531250 0.376953 0.532552 0.376953 0.545573 0.375000 0.550781 0.375000 0.555990 0.380859 0.563802 0.383789 0.572917 0.385742 0.574219 0.416992 0.574219 0.417969 0.572917 0.419922 0.572917 0.423828 0.566406 0.423828 0.563802 0.426758 0.557292 0.426758 0.553385 0.428711 0.548177 0.428711 0.540365 0.427734 0.539062 0.427734 0.536458 0.428711 0.535156 0.428711 0.528646 0.419922 0.523438 0.407227 0.507812 0.395508 0.507812 0.394531 0.509115 0.389648 0.509115 0.388672 0.510417
0 0.386719 0.438802 0.377930 0.438802 0.375977 0.437500 0.375000 0.438802 0.368164 0.440104 0.364258 0.442708 0.361328 0.442708 0.357422 0.447917 0.354492 0.455729 0.354492 0.459635 0.340820 0.479167 0.340820 0.484375 0.342773 0.489583 0.351562 0.501302 0.365234 0.513021 0.375977 0.513021 0.376953 0.511719 0.379883 0.511719 0.388672 0.505208 0.391602 0.500000 0.395508 0.498698 0.399414 0.492188 0.399414 0.477865 0.400391 0.476562 0.400391 0.470052 0.403320 0.462240 0.403320 0.457031 0.401367 0.454427 0.398438 0.453125 0.391602 0.444010 0.391602 0.442708
0 0.341797 0.372396 0.340820 0.373698 0.335938 0.375000 0.332031 0.378906 0.327148 0.381510 0.323242 0.386719 0.322266 0.393229 0.321289 0.394531 0.321289 0.398438 0.317383 0.408854 0.317383 0.416667 0.318359 0.417969 0.318359 0.421875 0.319336 0.423177 0.320312 0.429688 0.327148 0.440104 0.336914 0.449219 0.338867 0.449219 0.339844 0.450521 0.348633 0.450521 0.349609 0.449219 0.354492 0.447917 0.358398 0.442708 0.362305 0.440104 0.370117 0.437500 0.373047 0.433594 0.373047 0.429688 0.374023 0.428385 0.374023 0.411458 0.373047 0.410156 0.373047 0.402344 0.375000 0.398438 0.375000 0.395833 0.374023 0.394531 0.374023 0.391927 0.367188 0.391927 0.355469 0.375000 0.350586 0.372396
0 0.317383 0.296875 0.316406 0.298177 0.309570 0.299479 0.306641 0.302083 0.304688 0.302083 0.297852 0.305990 0.296875 0.308594 0.296875 0.320312 0.293945 0.328125 0.294922 0.351562 0.296875 0.358073 0.297852 0.358073 0.299805 0.361979 0.306641 0.369792 0.311523 0.372396 0.316406 0.377604 0.325195 0.378906 0.333008 0.373698 0.344727 0.363281 0.346680 0.356771 0.346680 0.352865 0.347656 0.351562 0.348633 0.339844 0.349609 0.338542 0.349609 0.329427 0.348633 0.328125 0.347656 0.321615 0.340820 0.311198 0.336914 0.308594 0.332031 0.307292 0.323242 0.296875
0 0.392578 0.309896 0.386719 0.308594 0.385742 0.307292 0.375977 0.307292 0.375000 0.308594 0.373047 0.308594 0.364258 0.317708 0.354492 0.333333 0.354492 0.337240 0.353516 0.338542 0.353516 0.342448 0.354492 0.343750 0.354492 0.363281 0.355469 0.364583 0.356445 0.371094 0.359375 0.375000 0.360352 0.380208 0.367188 0.389323 0.373047 0.389323 0.375000 0.388021 0.375977 0.382812 0.378906 0.378906 0.384766 0.378906 0.387695 0.381510 0.392578 0.381510 0.395508 0.378906 0.404297 0.376302 0.409180 0.365885 0.409180 0.358073 0.410156 0.355469 0.408203 0.348958 0.408203 0.329427 0.406250 0.324219 0.400391 0.316406
0 0.391602 0.384115 0.387695 0.389323 0.381836 0.403646 0.381836 0.406250 0.379883 0.411458 0.379883 0.419271 0.384766 0.430990 0.385742 0.430990 0.386719 0.433594 0.399414 0.450521 0.401367 0.450521 0.402344 0.451823 0.408203 0.451823 0.409180 0.450521 0.420898 0.450521 0.421875 0.449219 0.426758 0.447917 0.429688 0.445312 0.438477 0.433594 0.440430 0.427083 0.440430 0.415365 0.441406 0.414062 0.439453 0.402344 0.437500 0.397135 0.424805 0.380208 0.422852 0.378906 0.418945 0.378906 0.417969 0.380208 0.413086 0.380208 0.412109 0.378906 0.401367 0.378906
0 0.438477 0.440104 0.437500 0.441406 0.435547 0.441406 0.425781 0.451823 0.422852 0.451823 0.421875 0.453125 0.418945 0.453125 0.417969 0.454427 0.410156 0.457031 0.405273 0.464844 0.401367 0.479167 0.402344 0.492188 0.405273 0.498698 0.406250 0.503906 0.412109 0.511719 0.416016 0.514323 0.419922 0.519531 0.424805 0.523438 0.428711 0.523438 0.431641 0.520833 0.433594 0.520833 0.437500 0.518229 0.440430 0.518229 0.444336 0.515625 0.453125 0.506510 0.454102 0.501302 0.456055 0.500000 0.460938 0.492188 0.460938 0.473958 0.459961 0.472656 0.459961 0.466146 0.458984 0.464844 0.458008 0.458333 0.453125 0.450521 0.440430 0.444010
0 0.461914 0.498698 0.454102 0.509115 0.451172 0.510417 0.447266 0.515625 0.443359 0.518229 0.441406 0.518229 0.437500 0.520833 0.435547 0.523438 0.435547 0.526042 0.432617 0.531250 0.432617 0.540365 0.433594 0.541667 0.433594 0.544271 0.434570 0.545573 0.434570 0.548177 0.436523 0.553385 0.441406 0.558594 0.443359 0.558594 0.449219 0.562500 0.459961 0.562500 0.460938 0.563802 0.475586 0.563802 0.478516 0.561198 0.482422 0.550781 0.482422 0.546875 0.483398 0.545573 0.483398 0.532552 0.482422 0.531250 0.481445 0.520833 0.477539 0.509115 0.474609 0.507812 0.469727 0.502604 0.463867 0.498698
0 0.491211 0.532552 0.490234 0.533854 0.490234 0.549479 0.489258 0.550781 0.487305 0.548177 0.485352 0.549479 0.480469 0.561198 0.480469 0.563802 0.476562 0.569010 0.476562 0.584635 0.479492 0.595052 0.479492 0.601562 0.482422 0.606771 0.485352 0.609375 0.488281 0.609375 0.489258 0.610677 0.492188 0.610677 0.493164 0.611979 0.500000 0.613281 0.500977 0.614583 0.510742 0.614583 0.516602 0.606771 0.520508 0.604167 0.525391 0.595052 0.527344 0.589844 0.527344 0.584635 0.530273 0.579427 0.529297 0.569010 0.525391 0.557292 0.517578 0.541667 0.514648 0.539062 0.508789 0.537760 0.504883 0.535156 0.500977 0.535156 0.496094 0.532552
0 0.525391 0.604167 0.522461 0.606771 0.521484 0.610677 0.519531 0.613281 0.518555 0.618490 0.513672 0.628906 0.513672 0.632812 0.512695 0.634115 0.509766 0.632812 0.506836 0.638021 0.510742 0.644531 0.510742 0.648438 0.506836 0.652344 0.505859 0.654948 0.505859 0.658854 0.508789 0.665365 0.509766 0.665365 0.514648 0.671875 0.520508 0.675781 0.524414 0.675781 0.525391 0.677083 0.536133 0.677083 0.542969 0.673177 0.555664 0.657552 0.555664 0.648438 0.554688 0.647135 0.555664 0.645833 0.555664 0.635417 0.554688 0.634115 0.554688 0.630208 0.552734 0.626302 0.552734 0.623698 0.550781 0.621094 0.551758 0.619792 0.551758 0.615885 0.549805 0.613281 0.549805 0.610677 0.543945 0.604167 0.542969 0.605469 0.536133 0.605469 0.535156 0.604167 0.530273 0.604167 0.528320 0.605469 0.527344 0.604167
0 0.557617 0.574219 0.555664 0.575521 0.554688 0.583333 0.552734 0.584635 0.548828 0.591146 0.550781 0.593750 0.549805 0.608073 0.551758 0.613281 0.553711 0.615885 0.553711 0.618490 0.554688 0.619792 0.554688 0.627604 0.556641 0.632812 0.557617 0.643229 0.559570 0.645833 0.563477 0.648438 0.566406 0.648438 0.567383 0.649740 0.570312 0.649740 0.571289 0.648438 0.576172 0.648438 0.580078 0.645833 0.589844 0.632812 0.589844 0.631510 0.591797 0.628906 0.591797 0.626302 0.592773 0.625000 0.592773 0.604167 0.589844 0.595052 0.584961 0.588542 0.584961 0.585938 0.583008 0.583333 0.583008 0.582031 0.582031 0.582031 0.580078 0.579427 0.578125 0.578125 0.572266 0.578125 0.571289 0.576823 0.564453 0.576823 0.561523 0.574219
0 0.574219 0.515625 0.573242 0.516927 0.571289 0.516927 0.569336 0.518229 0.563477 0.524740 0.562500 0.524740 0.558594 0.529948 0.557617 0.529948 0.554688 0.533854 0.553711 0.533854 0.550781 0.537760 0.550781 0.544271 0.551758 0.545573 0.551758 0.548177 0.553711 0.550781 0.555664 0.555990 0.555664 0.558594 0.556641 0.561198 0.559570 0.565104 0.561523 0.566406 0.564453 0.566406 0.567383 0.569010 0.569336 0.569010 0.570312 0.570312 0.573242 0.570312 0.574219 0.571615 0.580078 0.571615 0.581055 0.570312 0.583008 0.570312 0.583984 0.569010 0.586914 0.569010 0.590820 0.566406 0.596680 0.557292 0.596680 0.554688 0.597656 0.553385 0.597656 0.548177 0.596680 0.546875 0.596680 0.541667 0.595703 0.540365 0.595703 0.531250 0.592773 0.523438 0.591797 0.522135 0.584961 0.520833 0.581055 0.518229 0.578125 0.518229
0 0.543945 0.484375 0.541992 0.484375 0.541016 0.483073 0.537109 0.483073 0.533203 0.479167 0.531250 0.479167 0.530273 0.477865 0.528320 0.479167 0.526367 0.479167 0.523438 0.481771 0.520508 0.481771 0.519531 0.483073 0.516602 0.483073 0.515625 0.484375 0.513672 0.484375 0.510742 0.489583 0.510742 0.490885 0.507812 0.494792 0.505859 0.496094 0.503906 0.496094 0.502930 0.497396 0.500977 0.497396 0.499023 0.501302 0.500000 0.513021 0.501953 0.516927 0.501953 0.519531 0.503906 0.524740 0.506836 0.528646 0.509766 0.529948 0.514648 0.535156 0.516602 0.536458 0.518555 0.536458 0.519531 0.537760 0.532227 0.537760 0.533203 0.536458 0.537109 0.536458 0.539062 0.533854 0.540039 0.533854 0.540039 0.532552 0.543945 0.527344 0.544922 0.524740 0.544922 0.519531 0.545898 0.518229 0.545898 0.488281
0 0.488281 0.428385 0.482422 0.434896 0.477539 0.437500 0.472656 0.442708 0.471680 0.447917 0.468750 0.454427 0.468750 0.458333 0.467773 0.460938 0.468750 0.462240 0.468750 0.464844 0.475586 0.476562 0.479492 0.488281 0.482422 0.492188 0.482422 0.493490 0.488281 0.500000 0.496094 0.500000 0.497070 0.498698 0.499023 0.498698 0.502930 0.494792 0.506836 0.493490 0.510742 0.488281 0.511719 0.484375 0.513672 0.481771 0.517578 0.472656 0.517578 0.470052 0.518555 0.468750 0.518555 0.463542 0.519531 0.462240 0.519531 0.453125 0.513672 0.437500 0.510742 0.433594 0.507812 0.432292 0.505859 0.429688 0.497070 0.430990 0.494141 0.428385
0 0.480469 0.368490 0.477539 0.368490 0.472656 0.365885 0.467773 0.365885 0.466797 0.364583 0.461914 0.364583 0.457031 0.372396 0.454102 0.373698 0.452148 0.376302 0.451172 0.380208 0.447266 0.385417 0.443359 0.388021 0.441406 0.393229 0.441406 0.403646 0.442383 0.404948 0.443359 0.414062 0.448242 0.420573 0.454102 0.433594 0.458008 0.438802 0.460938 0.438802 0.461914 0.437500 0.464844 0.437500 0.465820 0.436198 0.473633 0.433594 0.478516 0.429688 0.480469 0.429688 0.490234 0.421875 0.493164 0.423177 0.497070 0.419271 0.498047 0.404948 0.497070 0.403646 0.496094 0.391927 0.492188 0.384115 0.486328 0.376302 0.486328 0.375000
0 0.537109 0.360677 0.511719 0.361979 0.510742 0.363281 0.507812 0.363281 0.505859 0.365885 0.500977 0.365885 0.500977 0.368490 0.498047 0.373698 0.498047 0.384115 0.499023 0.385417 0.499023 0.389323 0.500000 0.390625 0.500000 0.393229 0.500977 0.393229 0.502930 0.397135 0.500000 0.403646 0.500000 0.408854 0.511719 0.424479 0.515625 0.425781 0.516602 0.427083 0.519531 0.427083 0.520508 0.428385 0.531250 0.427083 0.532227 0.425781 0.537109 0.424479 0.546875 0.411458 0.547852 0.408854 0.547852 0.404948 0.548828 0.403646 0.548828 0.380208 0.547852 0.377604 0.544922 0.375000 0.544922 0.373698 0.541016 0.368490 0.541016 0.367188
0 0.418945 0.311198 0.416992 0.313802 0.415039 0.324219 0.411133 0.332031 0.411133 0.348958 0.412109 0.350260 0.412109 0.354167 0.413086 0.355469 0.413086 0.360677 0.416016 0.365885 0.423828 0.367188 0.424805 0.368490 0.430664 0.368490 0.431641 0.369792 0.439453 0.369792 0.440430 0.371094 0.455078 0.371094 0.457031 0.369792 0.459961 0.363281 0.461914 0.354167 0.466797 0.341146 0.466797 0.326823 0.464844 0.320312 0.460938 0.312500 0.453125 0.302083 0.448242 0.299479 0.437500 0.299479 0.436523 0.300781 0.433594 0.300781 0.429688 0.303385 0.426758 0.307292 0.424805 0.307292
0 0.332031 0.184896 0.324219 0.186198 0.315430 0.180990 0.309570 0.180990 0.301758 0.184896 0.298828 0.188802 0.291016 0.190104 0.285156 0.195312 0.285156 0.201823 0.286133 0.203125 0.286133 0.209635 0.285156 0.210938 0.285156 0.216146 0.284180 0.217448 0.284180 0.229167 0.285156 0.230469 0.285156 0.234375 0.289062 0.243490 0.295898 0.251302 0.297852 0.252604 0.302734 0.251302 0.309570 0.255208 0.320312 0.253906 0.324219 0.251302 0.329102 0.244792 0.333008 0.236979 0.335938 0.235677 0.337891 0.233073 0.339844 0.233073 0.343750 0.230469 0.343750 0.214844 0.340820 0.208333 0.340820 0.205729 0.337891 0.200521 0.336914 0.195312 0.334961 0.192708 0.333984 0.187500
0 0.381836 0.248698 0.372070 0.236979 0.363281 0.231771 0.347656 0.233073 0.346680 0.234375 0.343750 0.234375 0.334961 0.238281 0.328125 0.248698 0.322266 0.263021 0.322266 0.266927 0.321289 0.268229 0.322266 0.278646 0.326172 0.291667 0.327148 0.299479 0.332031 0.304688 0.342773 0.305990 0.343750 0.307292 0.350586 0.307292 0.354492 0.304688 0.370117 0.304688 0.371094 0.303385 0.375000 0.303385 0.376953 0.300781 0.377930 0.292969 0.382812 0.283854 0.385742 0.274740 0.385742 0.265625 0.384766 0.264323 0.384766 0.260417
0 0.411133 0.225260 0.402344 0.230469 0.399414 0.234375 0.399414 0.236979 0.396484 0.244792 0.390625 0.255208 0.389648 0.265625 0.388672 0.266927 0.388672 0.273438 0.389648 0.274740 0.389648 0.277344 0.399414 0.290365 0.399414 0.292969 0.403320 0.292969 0.405273 0.295573 0.407227 0.295573 0.409180 0.298177 0.416992 0.302083 0.426758 0.302083 0.427734 0.300781 0.430664 0.300781 0.433594 0.298177 0.435547 0.298177 0.440430 0.294271 0.442383 0.294271 0.440430 0.287760 0.444336 0.278646 0.446289 0.264323 0.445312 0.263021 0.445312 0.251302 0.443359 0.246094 0.441406 0.233073 0.438477 0.230469 0.433594 0.229167 0.426758 0.223958 0.416016 0.223958 0.415039 0.225260
0 0.469727 0.235677 0.461914 0.240885 0.459961 0.240885 0.457031 0.244792 0.453125 0.247396 0.449219 0.253906 0.447266 0.260417 0.447266 0.268229 0.448242 0.269531 0.448242 0.283854 0.453125 0.291667 0.455078 0.299479 0.462891 0.309896 0.462891 0.311198 0.466797 0.312500 0.469727 0.315104 0.475586 0.315104 0.477539 0.313802 0.481445 0.307292 0.482422 0.307292 0.496094 0.290365 0.496094 0.289062 0.500000 0.283854 0.501953 0.278646 0.502930 0.272135 0.498047 0.264323 0.497070 0.260417 0.489258 0.244792 0.485352 0.242188 0.482422 0.238281 0.480469 0.238281 0.476562 0.235677
0 0.530273 0.281250 0.520508 0.281250 0.519531 0.282552 0.509766 0.283854 0.508789 0.285156 0.500977 0.287760 0.499023 0.290365 0.497070 0.296875 0.492188 0.303385 0.487305 0.315104 0.487305 0.328125 0.488281 0.329427 0.488281 0.333333 0.492188 0.342448 0.498047 0.350260 0.509766 0.359375 0.518555 0.359375 0.520508 0.360677 0.521484 0.359375 0.529297 0.359375 0.530273 0.358073 0.532227 0.358073 0.534180 0.355469 0.536133 0.347656 0.538086 0.343750 0.541992 0.339844 0.543945 0.333333 0.551758 0.319010 0.552734 0.308594 0.539062 0.287760
0 0.557617 0.261719 0.553711 0.265625 0.550781 0.266927 0.546875 0.272135 0.549805 0.278646 0.545898 0.287760 0.545898 0.295573 0.552734 0.304688 0.554688 0.309896 0.554688 0.320312 0.557617 0.324219 0.563477 0.328125 0.567383 0.328125 0.571289 0.330729 0.579102 0.330729 0.580078 0.329427 0.583008 0.329427 0.598633 0.321615 0.600586 0.315104 0.599609 0.312500 0.599609 0.299479 0.597656 0.292969 0.597656 0.283854 0.599609 0.279948 0.599609 0.274740 0.600586 0.273438 0.598633 0.261719 0.595703 0.261719 0.594727 0.260417 0.586914 0.260417 0.585938 0.259115 0.579102 0.259115 0.578125 0.257812 0.574219 0.257812 0.573242 0.259115 0.564453 0.259115 0.560547 0.261719
0 0.598633 0.325521 0.596680 0.326823 0.593750 0.326823 0.590820 0.329427 0.588867 0.329427 0.586914 0.330729 0.583984 0.335938 0.577148 0.338542 0.573242 0.343750 0.572266 0.348958 0.570312 0.352865 0.570312 0.355469 0.567383 0.363281 0.567383 0.372396 0.568359 0.373698 0.569336 0.381510 0.571289 0.385417 0.578125 0.393229 0.582031 0.394531 0.583008 0.395833 0.586914 0.395833 0.593750 0.401042 0.599609 0.401042 0.605469 0.395833 0.612305 0.377604 0.613281 0.367188 0.618164 0.360677 0.620117 0.360677 0.621094 0.359375 0.621094 0.354167 0.620117 0.352865 0.620117 0.350260 0.617188 0.345052 0.616211 0.341146 0.610352 0.334635 0.607422 0.333333 0.604492 0.329427
0 0.616211 0.199219 0.610352 0.199219 0.609375 0.200521 0.602539 0.201823 0.596680 0.210938 0.594727 0.216146 0.594727 0.222656 0.580078 0.240885 0.579102 0.252604 0.581055 0.253906 0.582031 0.256510 0.586914 0.256510 0.587891 0.257812 0.595703 0.257812 0.597656 0.259115 0.600586 0.263021 0.601562 0.268229 0.604492 0.273438 0.612305 0.273438 0.613281 0.272135 0.616211 0.272135 0.622070 0.268229 0.624023 0.268229 0.626953 0.265625 0.628906 0.261719 0.629883 0.253906 0.630859 0.252604 0.630859 0.248698 0.633789 0.239583 0.633789 0.226562 0.632812 0.225260 0.632812 0.221354 0.630859 0.217448 0.629883 0.212240 0.624023 0.204427
0 0.618164 0.273438 0.610352 0.283854 0.606445 0.291667 0.605469 0.296875 0.603516 0.299479 0.603516 0.302083 0.602539 0.303385 0.604492 0.311198 0.608398 0.315104 0.610352 0.324219 0.618164 0.339844 0.622070 0.342448 0.632812 0.342448 0.639648 0.347656 0.647461 0.347656 0.657227 0.341146 0.663086 0.333333 0.666016 0.325521 0.666016 0.307292 0.664062 0.300781 0.659180 0.294271 0.658203 0.290365 0.655273 0.285156 0.646484 0.273438 0.640625 0.272135 0.639648 0.270833 0.625000 0.270833 0.621094 0.273438
0 0.637695 0.351562 0.630859 0.355469 0.624023 0.364583 0.622070 0.365885 0.616211 0.380208 0.616211 0.384115 0.614258 0.389323 0.614258 0.398438 0.616211 0.404948 0.618164 0.407552 0.618164 0.410156 0.620117 0.415365 0.622070 0.417969 0.629883 0.423177 0.646484 0.423177 0.648438 0.420573 0.655273 0.417969 0.665039 0.410156 0.673828 0.386719 0.674805 0.377604 0.673828 0.376302 0.673828 0.373698 0.670898 0.369792 0.660156 0.361979 0.658203 0.361979 0.655273 0.358073 0.653320 0.358073 0.646484 0.351562
0 0.586914 0.398438 0.583984 0.398438 0.583008 0.397135 0.572266 0.397135 0.571289 0.398438 0.566406 0.399740 0.563477 0.402344 0.556641 0.403646 0.552734 0.406250 0.551758 0.408854 0.551758 0.417969 0.548828 0.424479 0.547852 0.429688 0.545898 0.432292 0.544922 0.442708 0.552734 0.458333 0.559570 0.467448 0.561523 0.468750 0.569336 0.468750 0.570312 0.470052 0.572266 0.470052 0.573242 0.468750 0.578125 0.468750 0.588867 0.462240 0.594727 0.455729 0.595703 0.449219 0.600586 0.437500 0.601562 0.427083 0.600586 0.425781 0.600586 0.420573 0.599609 0.419271 0.599609 0.415365 0.598633 0.412760 0.591797 0.402344 0.588867 0.401042
0 0.613281 0.457031 0.611328 0.455729 0.608398 0.455729 0.607422 0.454427 0.601562 0.454427 0.600586 0.455729 0.597656 0.455729 0.593750 0.459635 0.592773 0.459635 0.589844 0.463542 0.582031 0.468750 0.582031 0.471354 0.581055 0.472656 0.581055 0.479167 0.580078 0.480469 0.580078 0.485677 0.579102 0.486979 0.579102 0.494792 0.578125 0.496094 0.578125 0.501302 0.577148 0.502604 0.576172 0.510417 0.575195 0.511719 0.575195 0.513021 0.577148 0.515625 0.579102 0.515625 0.580078 0.516927 0.582031 0.516927 0.585938 0.519531 0.589844 0.519531 0.590820 0.520833 0.595703 0.520833 0.596680 0.519531 0.605469 0.518229 0.609375 0.515625 0.609375 0.514323 0.618164 0.502604 0.619141 0.497396 0.620117 0.496094 0.620117 0.492188 0.621094 0.490885 0.621094 0.481771 0.620117 0.480469 0.620117 0.476562 0.619141 0.475260 0.618164 0.468750 0.616211 0.464844 0.616211 0.462240
0 0.666016 0.299479 0.666016 0.304688 0.666992 0.305990 0.666992 0.326823 0.664062 0.332031 0.664062 0.333333 0.661133 0.337240 0.661133 0.338542 0.655273 0.345052 0.656250 0.354167 0.660156 0.360677 0.663086 0.361979 0.665039 0.364583 0.674805 0.371094 0.683594 0.369792 0.687500 0.367188 0.693359 0.359375 0.694336 0.355469 0.697266 0.350260 0.697266 0.333333 0.698242 0.332031 0.698242 0.328125 0.697266 0.326823 0.695312 0.316406 0.693359 0.311198 0.691406 0.308594 0.690430 0.308594 0.688477 0.305990 0.684570 0.305990 0.677734 0.300781 0.674805 0.300781 0.673828 0.299479
0 0.783203 0.240885 0.780273 0.239583 0.771484 0.239583 0.770508 0.240885 0.757812 0.240885 0.754883 0.242188 0.755859 0.246094 0.753906 0.250000 0.752930 0.259115 0.747070 0.268229 0.742188 0.270833 0.741211 0.277344 0.739258 0.281250 0.739258 0.294271 0.743164 0.300781 0.744141 0.315104 0.750000 0.315104 0.750977 0.313802 0.753906 0.315104 0.765625 0.315104 0.770508 0.312500 0.777344 0.312500 0.778320 0.311198 0.785156 0.311198 0.786133 0.312500 0.791016 0.309896 0.795898 0.302083 0.800781 0.291667 0.804688 0.276042 0.802734 0.269531 0.799805 0.265625 0.795898 0.256510 0.788086 0.246094 0.785156 0.244792
0 0.783203 0.313802 0.778320 0.313802 0.777344 0.315104 0.774414 0.315104 0.773438 0.316406 0.770508 0.316406 0.769531 0.317708 0.761719 0.320312 0.753906 0.330729 0.752930 0.330729 0.751953 0.333333 0.751953 0.335938 0.750977 0.337240 0.750000 0.356771 0.750977 0.358073 0.751953 0.363281 0.754883 0.367188 0.756836 0.372396 0.756836 0.375000 0.759766 0.381510 0.762695 0.381510 0.766602 0.384115 0.769531 0.384115 0.772461 0.386719 0.779297 0.386719 0.785156 0.382812 0.788086 0.378906 0.790039 0.372396 0.802734 0.352865 0.804688 0.347656 0.804688 0.337240 0.803711 0.335938 0.803711 0.332031 0.799805 0.324219 0.793945 0.319010 0.791992 0.319010 0.787109 0.315104 0.784180 0.315104
0 0.798828 0.361979 0.794922 0.367188 0.791016 0.377604 0.792969 0.378906 0.793945 0.381510 0.796875 0.385417 0.797852 0.385417 0.804688 0.395833 0.805664 0.398438 0.805664 0.402344 0.806641 0.403646 0.806641 0.407552 0.807617 0.408854 0.807617 0.417969 0.808594 0.420573 0.812500 0.420573 0.816406 0.417969 0.819336 0.417969 0.825195 0.414062 0.828125 0.414062 0.832031 0.411458 0.833984 0.408854 0.834961 0.404948 0.839844 0.395833 0.840820 0.390625 0.841797 0.389323 0.841797 0.371094 0.840820 0.369792 0.840820 0.367188 0.837891 0.363281 0.833984 0.360677 0.826172 0.360677 0.825195 0.359375 0.823242 0.359375 0.822266 0.358073 0.820312 0.358073 0.816406 0.355469 0.805664 0.355469 0.799805 0.361979
0 0.797852 0.386719 0.793945 0.384115 0.792969 0.385417 0.787109 0.384115 0.782227 0.389323 0.780273 0.389323 0.779297 0.390625 0.777344 0.389323 0.771484 0.389323 0.762695 0.401042 0.761719 0.404948 0.755859 0.414062 0.752930 0.423177 0.752930 0.437500 0.756836 0.441406 0.757812 0.445312 0.762695 0.451823 0.769531 0.455729 0.773438 0.455729 0.774414 0.457031 0.781250 0.458333 0.782227 0.457031 0.788086 0.455729 0.790039 0.453125 0.791992 0.453125 0.797852 0.447917 0.799805 0.441406 0.803711 0.434896 0.803711 0.432292 0.805664 0.428385 0.805664 0.424479 0.806641 0.423177 0.806641 0.412760 0.805664 0.411458 0.804688 0.398438 0.801758 0.391927
0 0.685547 0.388021 0.681641 0.391927 0.680664 0.395833 0.678711 0.398438 0.676758 0.398438 0.676758 0.401042 0.673828 0.403646 0.673828 0.407552 0.675781 0.403646 0.677734 0.403646 0.678711 0.404948 0.678711 0.408854 0.674805 0.417969 0.674805 0.425781 0.680664 0.432292 0.682617 0.438802 0.685547 0.442708 0.690430 0.455729 0.691406 0.468750 0.692383 0.471354 0.694336 0.471354 0.695312 0.472656 0.705078 0.471354 0.712891 0.466146 0.716797 0.462240 0.721680 0.450521 0.721680 0.447917 0.723633 0.442708 0.723633 0.437500 0.725586 0.432292 0.725586 0.420573 0.723633 0.415365 0.708008 0.393229 0.704102 0.390625 0.700195 0.390625 0.696289 0.388021 0.691406 0.388021 0.690430 0.386719
0 0.665039 0.425781 0.659180 0.427083 0.658203 0.428385 0.645508 0.428385 0.644531 0.429688 0.642578 0.429688 0.640625 0.433594 0.641602 0.434896 0.645508 0.434896 0.647461 0.438802 0.647461 0.445312 0.645508 0.450521 0.645508 0.455729 0.643555 0.462240 0.643555 0.470052 0.642578 0.471354 0.642578 0.476562 0.641602 0.477865 0.641602 0.484375 0.640625 0.486979 0.641602 0.488281 0.641602 0.490885 0.647461 0.498698 0.652344 0.501302 0.656250 0.501302 0.657227 0.502604 0.659180 0.502604 0.660156 0.501302 0.665039 0.501302 0.666016 0.500000 0.672852 0.500000 0.674805 0.498698 0.676758 0.492188 0.684570 0.481771 0.685547 0.481771 0.689453 0.471354 0.689453 0.458333 0.685547 0.447917 0.685547 0.445312 0.675781 0.429688 0.673828 0.428385 0.668945 0.428385
0 0.708008 0.473958 0.701172 0.473958 0.700195 0.475260 0.689453 0.475260 0.687500 0.480469 0.678711 0.490885 0.678711 0.493490 0.674805 0.502604 0.674805 0.515625 0.675781 0.516927 0.675781 0.523438 0.678711 0.529948 0.684570 0.533854 0.686523 0.533854 0.687500 0.535156 0.690430 0.535156 0.691406 0.533854 0.696289 0.532552 0.701172 0.528646 0.703125 0.528646 0.704102 0.527344 0.707031 0.527344 0.711914 0.523438 0.713867 0.523438 0.716797 0.520833 0.718750 0.520833 0.722656 0.516927 0.722656 0.505208 0.721680 0.503906 0.721680 0.501302 0.720703 0.500000 0.719727 0.493490 0.717773 0.488281
0 0.754883 0.449219 0.753906 0.450521 0.748047 0.451823 0.738281 0.458333 0.734375 0.463542 0.733398 0.468750 0.732422 0.470052 0.732422 0.472656 0.731445 0.473958 0.731445 0.476562 0.730469 0.477865 0.730469 0.485677 0.731445 0.486979 0.731445 0.494792 0.730469 0.496094 0.741211 0.511719 0.745117 0.514323 0.748047 0.514323 0.749023 0.515625 0.753906 0.515625 0.754883 0.516927 0.757812 0.514323 0.759766 0.514323 0.761719 0.511719 0.761719 0.510417 0.773438 0.494792 0.774414 0.490885 0.781250 0.477865 0.782227 0.472656 0.783203 0.471354 0.781250 0.467448 0.781250 0.464844 0.778320 0.460938 0.774414 0.459635 0.773438 0.458333 0.771484 0.458333 0.770508 0.457031 0.767578 0.457031 0.766602 0.455729 0.760742 0.454427 0.758789 0.451823
0 0.797852 0.451823 0.796875 0.453125 0.793945 0.453125 0.792969 0.454427 0.791016 0.454427 0.782227 0.460938 0.782227 0.464844 0.783203 0.466146 0.784180 0.472656 0.783203 0.473958 0.783203 0.476562 0.780273 0.480469 0.780273 0.481771 0.778320 0.484375 0.775391 0.492188 0.776367 0.493490 0.776367 0.496094 0.777344 0.498698 0.779297 0.501302 0.780273 0.505208 0.784180 0.511719 0.784180 0.514323 0.785156 0.516927 0.787109 0.516927 0.788086 0.518229 0.795898 0.518229 0.796875 0.516927 0.801758 0.516927 0.805664 0.514323 0.809570 0.509115 0.810547 0.509115 0.810547 0.507812 0.812500 0.505208 0.814453 0.500000 0.814453 0.497396 0.815430 0.496094 0.815430 0.493490 0.817383 0.489583 0.817383 0.485677 0.818359 0.484375 0.818359 0.477865 0.814453 0.472656 0.814453 0.470052 0.812500 0.464844 0.807617 0.458333
0 0.852539 0.421875 0.850586 0.427083 0.850586 0.432292 0.849609 0.433594 0.849609 0.436198 0.847656 0.438802 0.845703 0.438802 0.842773 0.442708 0.841797 0.442708 0.839844 0.447917 0.837891 0.450521 0.837891 0.454427 0.835938 0.459635 0.835938 0.467448 0.836914 0.468750 0.836914 0.471354 0.835938 0.472656 0.835938 0.477865 0.838867 0.480469 0.844727 0.480469 0.845703 0.481771 0.859375 0.481771 0.860352 0.483073 0.863281 0.483073 0.864258 0.481771 0.865234 0.483073 0.873047 0.483073 0.876953 0.480469 0.876953 0.479167 0.881836 0.473958 0.885742 0.463542 0.888672 0.459635 0.889648 0.457031 0.889648 0.447917 0.888672 0.445312 0.872070 0.424479 0.866211 0.423177 0.865234 0.421875
0 0.896484 0.490885 0.897461 0.493490 0.902344 0.496094 0.899414 0.498698 0.896484 0.498698 0.893555 0.501302 0.894531 0.507812 0.892578 0.513021 0.892578 0.518229 0.890625 0.522135 0.890625 0.527344 0.891602 0.528646 0.890625 0.542969 0.891602 0.545573 0.897461 0.549479 0.913086 0.550781 0.914062 0.552083 0.918945 0.552083 0.921875 0.554688 0.927734 0.554688 0.927734 0.553385 0.934570 0.544271 0.935547 0.541667 0.935547 0.537760 0.939453 0.528646 0.939453 0.524740 0.941406 0.518229 0.941406 0.514323 0.936523 0.501302 0.933594 0.497396 0.930664 0.496094 0.928711 0.493490 0.918945 0.488281 0.912109 0.488281 0.911133 0.486979 0.910156 0.488281 0.906250 0.488281 0.905273 0.486979 0.903320 0.486979 0.899414 0.490885
0 0.841797 0.505208 0.840820 0.507812 0.837891 0.511719 0.836914 0.511719 0.836914 0.513021 0.833008 0.518229 0.832031 0.524740 0.828125 0.531250 0.825195 0.539062 0.825195 0.550781 0.827148 0.554688 0.827148 0.557292 0.829102 0.562500 0.833008 0.569010 0.833984 0.569010 0.836914 0.572917 0.842773 0.576823 0.849609 0.576823 0.854492 0.571615 0.857422 0.570312 0.860352 0.559896 0.862305 0.557292 0.866211 0.546875 0.871094 0.539062 0.871094 0.531250 0.870117 0.529948 0.870117 0.518229 0.869141 0.516927 0.861328 0.515625 0.858398 0.513021 0.856445 0.513021 0.853516 0.510417 0.851562 0.510417 0.844727 0.505208
0 0.857422 0.572917 0.854492 0.574219 0.850586 0.578125 0.848633 0.578125 0.847656 0.579427 0.843750 0.579427 0.841797 0.580729 0.840820 0.589844 0.837891 0.595052 0.837891 0.597656 0.836914 0.598958 0.836914 0.602865 0.833008 0.611979 0.833008 0.614583 0.831055 0.619792 0.831055 0.627604 0.832031 0.627604 0.835938 0.632812 0.837891 0.632812 0.842773 0.639323 0.844727 0.639323 0.845703 0.640625 0.853516 0.640625 0.865234 0.632812 0.871094 0.626302 0.871094 0.625000 0.873047 0.622396 0.875000 0.617188 0.875000 0.613281 0.875977 0.611979 0.875977 0.596354 0.875000 0.593750 0.873047 0.591146 0.873047 0.589844 0.872070 0.589844 0.860352 0.574219 0.858398 0.574219
0 0.778320 0.515625 0.776367 0.515625 0.775391 0.514323 0.772461 0.514323 0.771484 0.513021 0.764648 0.513021 0.762695 0.515625 0.753906 0.520833 0.753906 0.522135 0.750977 0.526042 0.750000 0.526042 0.745117 0.531250 0.744141 0.533854 0.744141 0.540365 0.745117 0.541667 0.745117 0.544271 0.744141 0.545573 0.744141 0.549479 0.743164 0.550781 0.743164 0.563802 0.745117 0.569010 0.747070 0.571615 0.750977 0.574219 0.752930 0.574219 0.753906 0.575521 0.758789 0.575521 0.759766 0.576823 0.765625 0.576823 0.766602 0.575521 0.770508 0.575521 0.773438 0.572917 0.775391 0.572917 0.783203 0.567708 0.787109 0.562500 0.787109 0.550781 0.786133 0.549479 0.786133 0.544271 0.785156 0.542969 0.785156 0.535156 0.784180 0.533854 0.784180 0.529948 0.783203 0.528646 0.782227 0.519531
0 0.803711 0.569010 0.800781 0.565104 0.800781 0.563802 0.799805 0.563802 0.794922 0.557292 0.793945 0.557292 0.791992 0.554688 0.789062 0.554688 0.789062 0.558594 0.788086 0.559896 0.787109 0.563802 0.782227 0.570312 0.777344 0.571615 0.770508 0.576823 0.767578 0.576823 0.766602 0.578125 0.761719 0.579427 0.759766 0.582031 0.759766 0.589844 0.762695 0.595052 0.763672 0.595052 0.772461 0.601562 0.774414 0.601562 0.775391 0.602865 0.780273 0.602865 0.781250 0.601562 0.784180 0.601562 0.785156 0.600260 0.787109 0.600260 0.789062 0.597656 0.793945 0.595052 0.796875 0.591146 0.797852 0.591146 0.802734 0.583333 0.802734 0.580729 0.803711 0.579427 0.803711 0.576823 0.804688 0.575521
0 0.637695 0.500000 0.637695 0.501302 0.635742 0.503906 0.634766 0.503906 0.633789 0.506510 0.627930 0.514323 0.627930 0.516927 0.626953 0.518229 0.626953 0.531250 0.625977 0.532552 0.625977 0.535156 0.626953 0.536458 0.626953 0.544271 0.627930 0.545573 0.627930 0.548177 0.634766 0.554688 0.640625 0.558594 0.642578 0.558594 0.643555 0.559896 0.649414 0.559896 0.650391 0.558594 0.654297 0.558594 0.655273 0.557292 0.657227 0.557292 0.659180 0.554688 0.662109 0.553385 0.665039 0.549479 0.666992 0.544271 0.672852 0.540365 0.674805 0.537760 0.674805 0.528646 0.673828 0.527344 0.673828 0.523438 0.669922 0.516927 0.668945 0.516927 0.660156 0.505208 0.658203 0.503906 0.654297 0.503906 0.653320 0.502604 0.650391 0.502604 0.646484 0.500000
0 0.669922 0.542969 0.666016 0.548177 0.666016 0.549479 0.657227 0.559896 0.657227 0.567708 0.653320 0.578125 0.653320 0.585938 0.655273 0.591146 0.657227 0.593750 0.664062 0.593750 0.665039 0.595052 0.677734 0.595052 0.678711 0.596354 0.691406 0.596354 0.697266 0.592448 0.699219 0.588542 0.699219 0.584635 0.700195 0.583333 0.700195 0.571615 0.701172 0.570312 0.701172 0.562500 0.700195 0.561198 0.700195 0.558594 0.693359 0.548177 0.693359 0.546875 0.692383 0.546875 0.687500 0.541667 0.683594 0.541667 0.682617 0.540365 0.675781 0.540365 0.672852 0.542969
0 0.642578 0.567708 0.640625 0.566406 0.638672 0.566406 0.637695 0.565104 0.631836 0.565104 0.630859 0.563802 0.628906 0.563802 0.627930 0.565104 0.620117 0.565104 0.610352 0.571615 0.606445 0.578125 0.606445 0.589844 0.607422 0.591146 0.607422 0.595052 0.608398 0.596354 0.608398 0.601562 0.609375 0.602865 0.609375 0.606771 0.610352 0.608073 0.610352 0.614583 0.611328 0.615885 0.611328 0.618490 0.615234 0.623698 0.619141 0.626302 0.631836 0.626302 0.632812 0.625000 0.634766 0.625000 0.648438 0.606771 0.649414 0.604167 0.649414 0.597656 0.648438 0.596354 0.648438 0.591146 0.647461 0.589844 0.647461 0.579427 0.646484 0.578125 0.646484 0.574219
0 0.591797 0.647135 0.590820 0.648438 0.592773 0.652344 0.592773 0.664062 0.594727 0.667969 0.594727 0.673177 0.596680 0.678385 0.601562 0.680990 0.603516 0.683594 0.621094 0.695312 0.626953 0.695312 0.631836 0.688802 0.631836 0.687500 0.634766 0.683594 0.634766 0.682292 0.636719 0.679688 0.639648 0.678385 0.640625 0.675781 0.637695 0.651042 0.635742 0.645833 0.632812 0.641927 0.632812 0.638021 0.630859 0.635417 0.625000 0.631510 0.619141 0.631510 0.618164 0.632812 0.615234 0.632812 0.613281 0.634115 0.610352 0.638021 0.607422 0.639323 0.598633 0.649740 0.595703 0.645833
0 0.653320 0.604167 0.640625 0.622396 0.640625 0.625000 0.639648 0.626302 0.639648 0.635417 0.641602 0.641927 0.645508 0.647135 0.645508 0.651042 0.646484 0.653646 0.651367 0.658854 0.658203 0.660156 0.661133 0.664062 0.661133 0.665365 0.664062 0.667969 0.669922 0.669271 0.676758 0.673177 0.682617 0.673177 0.689453 0.662760 0.691406 0.657552 0.692383 0.648438 0.693359 0.647135 0.693359 0.644531 0.695312 0.639323 0.695312 0.635417 0.696289 0.634115 0.696289 0.630208 0.697266 0.628906 0.696289 0.622396 0.689453 0.611979 0.689453 0.610677 0.680664 0.604167 0.678711 0.604167 0.674805 0.600260 0.660156 0.600260 0.655273 0.604167
0 0.699219 0.623698 0.698242 0.625000 0.698242 0.627604 0.697266 0.628906 0.697266 0.634115 0.696289 0.635417 0.696289 0.639323 0.695312 0.640625 0.695312 0.641927 0.694336 0.643229 0.694336 0.645833 0.693359 0.647135 0.693359 0.652344 0.692383 0.653646 0.691406 0.660156 0.688477 0.665365 0.688477 0.666667 0.685547 0.670573 0.684570 0.674479 0.685547 0.675781 0.692383 0.679688 0.694336 0.682292 0.699219 0.684896 0.702148 0.688802 0.708984 0.688802 0.712891 0.684896 0.714844 0.678385 0.719727 0.671875 0.719727 0.670573 0.721680 0.666667 0.721680 0.664062 0.722656 0.662760 0.722656 0.657552 0.721680 0.656250 0.721680 0.648438 0.720703 0.647135 0.720703 0.643229 0.719727 0.641927 0.718750 0.638021 0.716797 0.635417 0.716797 0.634115 0.713867 0.631510 0.712891 0.627604 0.710938 0.625000 0.709961 0.625000 0.708984 0.623698
0 0.727539 0.563802 0.725586 0.563802 0.724609 0.562500 0.718750 0.562500 0.717773 0.563802 0.712891 0.565104 0.708008 0.569010 0.706055 0.569010 0.702148 0.572917 0.702148 0.575521 0.701172 0.576823 0.701172 0.584635 0.700195 0.585938 0.700195 0.588542 0.699219 0.589844 0.699219 0.591146 0.695312 0.596354 0.694336 0.596354 0.694336 0.597656 0.693359 0.598958 0.693359 0.606771 0.694336 0.608073 0.694336 0.610677 0.696289 0.613281 0.697266 0.613281 0.699219 0.615885 0.700195 0.615885 0.703125 0.618490 0.705078 0.618490 0.706055 0.619792 0.712891 0.619792 0.715820 0.617188 0.717773 0.617188 0.718750 0.615885 0.720703 0.615885 0.723633 0.613281 0.725586 0.613281 0.727539 0.610677 0.728516 0.610677 0.728516 0.609375 0.731445 0.605469 0.732422 0.605469 0.732422 0.604167 0.734375 0.600260 0.735352 0.593750 0.736328 0.592448 0.736328 0.580729 0.735352 0.579427 0.732422 0.570312
0 0.772461 0.613281 0.769531 0.613281 0.764648 0.618490 0.758789 0.618490 0.756836 0.621094 0.755859 0.626302 0.750977 0.638021 0.750977 0.640625 0.748047 0.645833 0.747070 0.651042 0.744141 0.657552 0.744141 0.662760 0.745117 0.665365 0.751953 0.675781 0.752930 0.675781 0.759766 0.682292 0.765625 0.683594 0.766602 0.684896 0.771484 0.684896 0.775391 0.682292 0.785156 0.667969 0.785156 0.666667 0.787109 0.664062 0.787109 0.661458 0.791016 0.656250 0.791992 0.653646 0.791992 0.649740 0.787109 0.639323 0.787109 0.635417 0.785156 0.631510 0.785156 0.628906 0.782227 0.621094 0.781250 0.621094 0.777344 0.615885 0.775391 0.615885
0 0.827148 0.630208 0.825195 0.628906 0.824219 0.630208 0.822266 0.630208 0.813477 0.640625 0.812500 0.640625 0.810547 0.644531 0.804688 0.648438 0.802734 0.648438 0.798828 0.651042 0.794922 0.651042 0.793945 0.656250 0.788086 0.664062 0.785156 0.671875 0.783203 0.674479 0.784180 0.678385 0.786133 0.679688 0.792969 0.690104 0.794922 0.690104 0.795898 0.691406 0.808594 0.691406 0.809570 0.692708 0.810547 0.691406 0.815430 0.691406 0.819336 0.688802 0.821289 0.686198 0.822266 0.686198 0.826172 0.680990 0.827148 0.674479 0.830078 0.666667 0.830078 0.662760 0.832031 0.657552 0.832031 0.653646 0.833008 0.652344 0.833008 0.641927 0.830078 0.636719 0.830078 0.634115
0 0.753906 0.683594 0.744141 0.677083 0.742188 0.677083 0.741211 0.675781 0.738281 0.675781 0.737305 0.677083 0.735352 0.677083 0.732422 0.680990 0.729492 0.680990 0.727539 0.682292 0.724609 0.686198 0.721680 0.686198 0.720703 0.684896 0.718750 0.686198 0.717773 0.688802 0.717773 0.691406 0.719727 0.695312 0.719727 0.703125 0.718750 0.704427 0.718750 0.720052 0.721680 0.727865 0.723633 0.730469 0.724609 0.730469 0.726562 0.733073 0.733398 0.733073 0.739258 0.729167 0.742188 0.729167 0.743164 0.727865 0.748047 0.727865 0.750000 0.725260 0.753906 0.722656 0.758789 0.721354 0.764648 0.713542 0.765625 0.710938 0.765625 0.705729 0.764648 0.704427 0.764648 0.701823 0.763672 0.699219 0.759766 0.694010 0.757812 0.688802
0 0.649414 0.667969 0.646484 0.671875 0.645508 0.675781 0.643555 0.678385 0.641602 0.683594 0.640625 0.699219 0.643555 0.703125 0.644531 0.708333 0.649414 0.717448 0.649414 0.720052 0.651367 0.722656 0.652344 0.726562 0.654297 0.729167 0.658203 0.730469 0.659180 0.731771 0.661133 0.731771 0.662109 0.733073 0.670898 0.733073 0.671875 0.731771 0.677734 0.731771 0.678711 0.733073 0.680664 0.733073 0.684570 0.730469 0.688477 0.725260 0.692383 0.714844 0.689453 0.707031 0.688477 0.699219 0.686523 0.695312 0.686523 0.692708 0.684570 0.688802 0.684570 0.686198 0.682617 0.680990 0.677734 0.675781 0.669922 0.675781 0.668945 0.674479 0.666016 0.674479 0.662109 0.670573 0.659180 0.670573 0.657227 0.671875 0.653320 0.667969
0 0.690430 0.700521 0.690430 0.707031 0.692383 0.710938 0.692383 0.717448 0.690430 0.720052 0.690430 0.721354 0.689453 0.722656 0.689453 0.725260 0.684570 0.731771 0.683594 0.731771 0.681641 0.734375 0.674805 0.734375 0.673828 0.733073 0.672852 0.733073 0.670898 0.735677 0.670898 0.744792 0.672852 0.747396 0.673828 0.747396 0.678711 0.751302 0.680664 0.751302 0.685547 0.755208 0.697266 0.755208 0.698242 0.753906 0.705078 0.752604 0.708008 0.748698 0.708008 0.747396 0.708984 0.746094 0.708984 0.733073 0.708008 0.731771 0.708008 0.725260 0.707031 0.723958 0.707031 0.718750 0.706055 0.717448 0.706055 0.713542 0.705078 0.712240 0.705078 0.709635 0.701172 0.704427 0.700195 0.704427 0.696289 0.700521
0 0.623047 0.699219 0.622070 0.699219 0.619141 0.696615 0.617188 0.696615 0.616211 0.695312 0.606445 0.695312 0.605469 0.696615 0.602539 0.697917 0.599609 0.701823 0.598633 0.701823 0.591797 0.710938 0.591797 0.712240 0.589844 0.714844 0.589844 0.716146 0.588867 0.717448 0.588867 0.730469 0.589844 0.731771 0.589844 0.735677 0.590820 0.736979 0.591797 0.740885 0.593750 0.743490 0.593750 0.744792 0.594727 0.746094 0.595703 0.746094 0.600586 0.752604 0.611328 0.752604 0.612305 0.751302 0.614258 0.751302 0.615234 0.750000 0.619141 0.750000 0.620117 0.748698 0.623047 0.747396 0.625977 0.743490 0.626953 0.743490 0.631836 0.736979 0.631836 0.730469 0.630859 0.729167 0.630859 0.725260 0.629883 0.723958 0.628906 0.714844 0.627930 0.713542 0.627930 0.710938 0.626953 0.709635 0.625977 0.703125
0 0.638672 0.726562 0.635742 0.730469 0.635742 0.731771 0.632812 0.735677 0.632812 0.736979 0.629883 0.740885 0.629883 0.742188 0.622070 0.751302 0.622070 0.760417 0.623047 0.761719 0.623047 0.765625 0.625977 0.770833 0.625977 0.772135 0.629883 0.777344 0.630859 0.777344 0.633789 0.779948 0.637695 0.779948 0.638672 0.781250 0.643555 0.781250 0.644531 0.782552 0.653320 0.782552 0.654297 0.781250 0.659180 0.778646 0.663086 0.773438 0.663086 0.772135 0.665039 0.769531 0.665039 0.768229 0.666992 0.764323 0.666992 0.761719 0.666016 0.760417 0.666016 0.755208 0.665039 0.753906 0.665039 0.750000 0.664062 0.748698 0.664062 0.746094 0.662109 0.742188 0.662109 0.738281 0.658203 0.733073 0.657227 0.733073 0.650391 0.727865 0.648438 0.727865 0.647461 0.726562
