0 0.155273 0.238281 0.147461 0.238281 0.145508 0.243490 0.143555 0.242188 0.140625 0.243490 0.135742 0.243490 0.133789 0.242188 0.123047 0.248698 0.116211 0.248698 0.114258 0.251302 0.114258 0.259115 0.115234 0.260417 0.115234 0.279948 0.118164 0.278646 0.121094 0.282552 0.121094 0.287760 0.126953 0.305990 0.138672 0.313802 0.153320 0.313802 0.160156 0.304688 0.161133 0.304688 0.166016 0.296875 0.169922 0.295573 0.169922 0.292969 0.166992 0.287760 0.168945 0.285156 0.168945 0.279948 0.165039 0.277344 0.165039 0.273438 0.166992 0.270833 0.169922 0.269531 0.169922 0.256510 0.166992 0.255208 0.163086 0.250000 0.163086 0.247396 0.161133 0.244792 0.158203 0.243490
0 0.122070 0.296875 0.121094 0.298177 0.117188 0.299479 0.113281 0.303385 0.109375 0.304688 0.105469 0.309896 0.105469 0.312500 0.104492 0.313802 0.104492 0.317708 0.105469 0.319010 0.104492 0.320312 0.104492 0.324219 0.103516 0.325521 0.104492 0.338542 0.107422 0.346354 0.107422 0.350260 0.109375 0.355469 0.115234 0.363281 0.121094 0.363281 0.122070 0.361979 0.125000 0.361979 0.125977 0.360677 0.136719 0.356771 0.141602 0.352865 0.147461 0.351562 0.149414 0.348958 0.149414 0.343750 0.146484 0.339844 0.146484 0.337240 0.144531 0.334635 0.144531 0.330729 0.146484 0.328125 0.148438 0.328125 0.151367 0.325521 0.150391 0.319010 0.149414 0.317708 0.142578 0.317708 0.141602 0.316406 0.136719 0.315104 0.130859 0.309896 0.127930 0.309896 0.125977 0.308594 0.124023 0.305990 0.124023 0.300781
0 0.102539 0.356771 0.099609 0.356771 0.097656 0.359375 0.090820 0.360677 0.088867 0.363281 0.086914 0.363281 0.085938 0.364583 0.082031 0.364583 0.075195 0.369792 0.069336 0.380208 0.067383 0.386719 0.067383 0.390625 0.066406 0.391927 0.066406 0.408854 0.071289 0.416667 0.074219 0.417969 0.079102 0.425781 0.089844 0.432292 0.096680 0.432292 0.097656 0.430990 0.105469 0.429688 0.116211 0.423177 0.119141 0.417969 0.119141 0.415365 0.121094 0.410156 0.121094 0.404948 0.120117 0.403646 0.119141 0.394531 0.118164 0.393229 0.118164 0.386719 0.120117 0.380208 0.123047 0.376302 0.124023 0.371094 0.119141 0.368490 0.117188 0.365885 0.112305 0.364583 0.107422 0.360677 0.104492 0.360677
0 0.138672 0.444010 0.134766 0.436198 0.129883 0.436198 0.125977 0.429688 0.125977 0.428385 0.123047 0.424479 0.121094 0.424479 0.120117 0.425781 0.115234 0.427083 0.106445 0.433594 0.096680 0.433594 0.095703 0.434896 0.093750 0.433594 0.087891 0.433594 0.085938 0.438802 0.085938 0.455729 0.086914 0.458333 0.089844 0.460938 0.092773 0.468750 0.099609 0.472656 0.101562 0.475260 0.107422 0.476562 0.108398 0.477865 0.116211 0.477865 0.117188 0.479167 0.120117 0.479167 0.122070 0.480469 0.125977 0.477865 0.130859 0.471354 0.131836 0.466146 0.134766 0.458333 0.134766 0.451823 0.137695 0.447917 0.138672 0.447917
0 0.153320 0.361979 0.149414 0.361979 0.146484 0.365885 0.134766 0.365885 0.130859 0.368490 0.124023 0.377604 0.120117 0.386719 0.120117 0.393229 0.122070 0.399740 0.122070 0.404948 0.125977 0.416667 0.135742 0.430990 0.141602 0.433594 0.144531 0.433594 0.145508 0.434896 0.148438 0.434896 0.149414 0.436198 0.151367 0.434896 0.162109 0.433594 0.164062 0.432292 0.164062 0.430990 0.168945 0.424479 0.172852 0.424479 0.173828 0.423177 0.174805 0.410156 0.175781 0.408854 0.174805 0.399740 0.170898 0.394531 0.166016 0.393229 0.160156 0.385417 0.152344 0.377604 0.152344 0.375000 0.154297 0.372396 0.155273 0.373698 0.158203 0.373698 0.161133 0.376302 0.164062 0.373698 0.164062 0.371094 0.163086 0.371094 0.161133 0.367188 0.157227 0.363281 0.154297 0.363281
0 0.202148 0.302083 0.200195 0.300781 0.196289 0.300781 0.193359 0.298177 0.186523 0.298177 0.185547 0.299479 0.177734 0.300781 0.157227 0.315104 0.153320 0.320312 0.153320 0.325521 0.155273 0.329427 0.153320 0.333333 0.153320 0.338542 0.154297 0.339844 0.153320 0.346354 0.157227 0.356771 0.165039 0.368490 0.169922 0.369792 0.170898 0.371094 0.176758 0.371094 0.177734 0.372396 0.182617 0.372396 0.183594 0.371094 0.195312 0.371094 0.197266 0.372396 0.198242 0.371094 0.201172 0.371094 0.203125 0.368490 0.203125 0.365885 0.206055 0.360677 0.206055 0.358073 0.209961 0.347656 0.209961 0.337240 0.210938 0.334635 0.209961 0.333333 0.209961 0.324219 0.208984 0.322917 0.208984 0.320312 0.207031 0.317708 0.205078 0.308594
0 0.151367 0.438802 0.151367 0.441406 0.150391 0.442708 0.150391 0.447917 0.149414 0.449219 0.149414 0.459635 0.152344 0.466146 0.153320 0.466146 0.155273 0.468750 0.156250 0.468750 0.157227 0.470052 0.158203 0.470052 0.159180 0.471354 0.160156 0.471354 0.161133 0.472656 0.162109 0.472656 0.172852 0.480469 0.177734 0.481771 0.180664 0.484375 0.183594 0.484375 0.190430 0.479167 0.190430 0.477865 0.191406 0.476562 0.190430 0.475260 0.190430 0.471354 0.189453 0.470052 0.189453 0.467448 0.188477 0.466146 0.186523 0.459635 0.184570 0.457031 0.182617 0.450521 0.179688 0.446615 0.178711 0.442708 0.174805 0.437500 0.173828 0.437500 0.172852 0.436198 0.169922 0.436198 0.168945 0.434896 0.160156 0.434896 0.159180 0.436198 0.154297 0.436198
0 0.125000 0.483073 0.124023 0.484375 0.122070 0.484375 0.113281 0.497396 0.111328 0.502604 0.111328 0.506510 0.110352 0.507812 0.110352 0.519531 0.111328 0.520833 0.111328 0.523438 0.112305 0.524740 0.113281 0.529948 0.115234 0.532552 0.115234 0.533854 0.123047 0.544271 0.123047 0.546875 0.125977 0.552083 0.132812 0.552083 0.133789 0.550781 0.138672 0.552083 0.142578 0.548177 0.143555 0.544271 0.147461 0.539062 0.148438 0.539062 0.151367 0.535156 0.154297 0.533854 0.162109 0.524740 0.163086 0.522135 0.163086 0.516927 0.161133 0.514323 0.158203 0.503906 0.152344 0.497396 0.150391 0.492188 0.147461 0.490885 0.145508 0.488281 0.137695 0.488281 0.133789 0.485677 0.129883 0.485677 0.126953 0.483073
0 0.153320 0.544271 0.152344 0.545573 0.150391 0.545573 0.144531 0.552083 0.138672 0.555990 0.125000 0.574219 0.125000 0.580729 0.125977 0.582031 0.125977 0.584635 0.128906 0.592448 0.136719 0.604167 0.140625 0.605469 0.141602 0.606771 0.143555 0.606771 0.151367 0.611979 0.157227 0.611979 0.158203 0.610677 0.160156 0.610677 0.167969 0.600260 0.167969 0.598958 0.179688 0.584635 0.175781 0.578125 0.173828 0.572917 0.173828 0.570312 0.171875 0.567708 0.169922 0.561198 0.159180 0.549479 0.158203 0.544271
0 0.162109 0.611979 0.162109 0.625000 0.164062 0.626302 0.166016 0.630208 0.168945 0.630208 0.170898 0.632812 0.172852 0.638021 0.174805 0.639323 0.176758 0.639323 0.177734 0.640625 0.179688 0.640625 0.185547 0.644531 0.191406 0.644531 0.192383 0.645833 0.194336 0.644531 0.199219 0.644531 0.201172 0.643229 0.205078 0.638021 0.207031 0.632812 0.212891 0.625000 0.215820 0.617188 0.215820 0.615885 0.211914 0.611979 0.209961 0.611979 0.208984 0.610677 0.204102 0.609375 0.201172 0.606771 0.199219 0.606771 0.195312 0.602865 0.187500 0.597656 0.184570 0.597656 0.183594 0.596354 0.176758 0.596354 0.175781 0.597656 0.170898 0.598958
0 0.270508 0.604167 0.263672 0.598958 0.261719 0.598958 0.250000 0.591146 0.246094 0.591146 0.245117 0.592448 0.234375 0.592448 0.231445 0.596354 0.229492 0.611979 0.228516 0.613281 0.228516 0.615885 0.226562 0.621094 0.226562 0.634115 0.225586 0.635417 0.225586 0.639323 0.223633 0.641927 0.223633 0.645833 0.227539 0.649740 0.233398 0.649740 0.234375 0.651042 0.238281 0.651042 0.239258 0.652344 0.247070 0.652344 0.248047 0.651042 0.251953 0.651042 0.252930 0.649740 0.254883 0.649740 0.255859 0.648438 0.259766 0.647135 0.266602 0.638021 0.267578 0.634115 0.269531 0.631510 0.273438 0.621094 0.274414 0.615885 0.273438 0.614583 0.273438 0.611979
0 0.190430 0.567708 0.189453 0.569010 0.189453 0.570312 0.186523 0.576823 0.186523 0.579427 0.184570 0.583333 0.184570 0.595052 0.185547 0.595052 0.186523 0.596354 0.188477 0.596354 0.189453 0.597656 0.191406 0.597656 0.196289 0.602865 0.197266 0.602865 0.204102 0.608073 0.207031 0.608073 0.209961 0.610677 0.211914 0.610677 0.212891 0.611979 0.214844 0.611979 0.215820 0.613281 0.217773 0.613281 0.218750 0.611979 0.221680 0.611979 0.224609 0.608073 0.224609 0.606771 0.227539 0.602865 0.227539 0.601562 0.230469 0.595052 0.230469 0.580729 0.229492 0.579427 0.227539 0.579427 0.226562 0.578125 0.225586 0.578125 0.219727 0.571615 0.218750 0.571615 0.217773 0.570312 0.215820 0.570312 0.213867 0.567708 0.210938 0.566406 0.207031 0.562500 0.199219 0.562500 0.198242 0.563802 0.195312 0.563802 0.191406 0.567708
0 0.219727 0.480469 0.215820 0.481771 0.216797 0.483073 0.216797 0.485677 0.215820 0.486979 0.214844 0.485677 0.199219 0.485677 0.198242 0.486979 0.195312 0.486979 0.191406 0.489583 0.188477 0.489583 0.186523 0.492188 0.186523 0.494792 0.185547 0.496094 0.185547 0.500000 0.184570 0.501302 0.184570 0.503906 0.183594 0.505208 0.183594 0.509115 0.182617 0.510417 0.182617 0.519531 0.187500 0.532552 0.189453 0.533854 0.195312 0.533854 0.196289 0.535156 0.197266 0.533854 0.203125 0.533854 0.204102 0.532552 0.214844 0.532552 0.215820 0.531250 0.221680 0.531250 0.224609 0.528646 0.225586 0.523438 0.226562 0.522135 0.226562 0.519531 0.230469 0.510417 0.230469 0.501302 0.225586 0.488281 0.223633 0.485677 0.222656 0.485677
0 0.193359 0.415365 0.191406 0.416667 0.184570 0.425781 0.183594 0.429688 0.181641 0.432292 0.180664 0.432292 0.179688 0.434896 0.179688 0.444010 0.184570 0.451823 0.185547 0.457031 0.189453 0.463542 0.190430 0.468750 0.191406 0.470052 0.192383 0.477865 0.197266 0.484375 0.198242 0.483073 0.208008 0.483073 0.208984 0.481771 0.211914 0.481771 0.213867 0.479167 0.219727 0.476562 0.223633 0.471354 0.224609 0.471354 0.232422 0.457031 0.233398 0.449219 0.230469 0.444010 0.230469 0.437500 0.227539 0.433594 0.227539 0.430990 0.228516 0.429688 0.226562 0.430990 0.222656 0.430990 0.218750 0.427083 0.216797 0.421875 0.208984 0.416667 0.206055 0.416667 0.205078 0.415365 0.203125 0.416667
0 0.237305 0.454427 0.233398 0.459635 0.233398 0.460938 0.227539 0.471354 0.227539 0.473958 0.226562 0.475260 0.227539 0.477865 0.227539 0.485677 0.229492 0.489583 0.229492 0.492188 0.237305 0.503906 0.237305 0.505208 0.240234 0.507812 0.247070 0.507812 0.248047 0.509115 0.261719 0.509115 0.263672 0.507812 0.267578 0.502604 0.268555 0.500000 0.268555 0.494792 0.269531 0.493490 0.269531 0.490885 0.271484 0.488281 0.272461 0.485677 0.272461 0.483073 0.273438 0.481771 0.273438 0.473958 0.272461 0.472656 0.272461 0.468750 0.269531 0.463542 0.268555 0.459635 0.264648 0.457031 0.262695 0.454427 0.259766 0.454427 0.258789 0.453125 0.252930 0.453125 0.251953 0.451823 0.241211 0.451823
0 0.240234 0.542969 0.236328 0.548177 0.236328 0.553385 0.235352 0.554688 0.235352 0.561198 0.234375 0.562500 0.234375 0.574219 0.235352 0.575521 0.235352 0.576823 0.238281 0.580729 0.239258 0.580729 0.240234 0.582031 0.242188 0.582031 0.244141 0.584635 0.246094 0.584635 0.247070 0.585938 0.251953 0.588542 0.253906 0.591146 0.254883 0.591146 0.259766 0.595052 0.261719 0.595052 0.262695 0.596354 0.266602 0.596354 0.268555 0.593750 0.269531 0.593750 0.271484 0.591146 0.272461 0.591146 0.272461 0.589844 0.279297 0.579427 0.279297 0.576823 0.280273 0.575521 0.280273 0.570312 0.277344 0.566406 0.276367 0.566406 0.272461 0.562500 0.271484 0.562500 0.263672 0.553385 0.262695 0.553385 0.259766 0.550781 0.257812 0.550781 0.255859 0.548177 0.254883 0.548177 0.251953 0.545573 0.250000 0.545573 0.249023 0.544271 0.244141 0.544271 0.243164 0.542969
0 0.318359 0.565104 0.313477 0.559896 0.311523 0.559896 0.310547 0.558594 0.300781 0.558594 0.299805 0.559896 0.297852 0.559896 0.293945 0.563802 0.290039 0.563802 0.289062 0.566406 0.289062 0.569010 0.282227 0.578125 0.281250 0.578125 0.279297 0.580729 0.277344 0.585938 0.271484 0.595052 0.271484 0.600260 0.276367 0.608073 0.276367 0.610677 0.279297 0.614583 0.281250 0.614583 0.282227 0.615885 0.284180 0.615885 0.288086 0.618490 0.295898 0.618490 0.296875 0.619792 0.300781 0.619792 0.304688 0.617188 0.315430 0.604167 0.316406 0.600260 0.321289 0.591146 0.321289 0.588542 0.322266 0.587240 0.322266 0.575521
0 0.336914 0.563802 0.333008 0.567708 0.333008 0.569010 0.327148 0.579427 0.327148 0.582031 0.325195 0.587240 0.325195 0.596354 0.322266 0.601562 0.322266 0.605469 0.324219 0.609375 0.324219 0.611979 0.328125 0.617188 0.332031 0.618490 0.333984 0.621094 0.335938 0.621094 0.336914 0.622396 0.339844 0.622396 0.340820 0.623698 0.356445 0.623698 0.361328 0.618490 0.361328 0.617188 0.368164 0.606771 0.368164 0.604167 0.369141 0.602865 0.369141 0.600260 0.370117 0.598958 0.370117 0.596354 0.372070 0.591146 0.372070 0.584635 0.371094 0.583333 0.371094 0.580729 0.370117 0.578125 0.364258 0.570312 0.363281 0.570312 0.358398 0.565104 0.352539 0.565104 0.349609 0.562500
0 0.349609 0.500000 0.343750 0.500000 0.340820 0.497396 0.335938 0.497396 0.334961 0.498698 0.330078 0.500000 0.319336 0.513021 0.319336 0.515625 0.317383 0.519531 0.317383 0.536458 0.318359 0.537760 0.318359 0.540365 0.320312 0.545573 0.322266 0.548177 0.324219 0.554688 0.328125 0.559896 0.332031 0.562500 0.338867 0.562500 0.341797 0.559896 0.346680 0.558594 0.352539 0.554688 0.355469 0.550781 0.360352 0.549479 0.364258 0.544271 0.366211 0.544271 0.367188 0.542969 0.367188 0.540365 0.368164 0.539062 0.368164 0.532552 0.367188 0.531250 0.367188 0.526042 0.366211 0.524740 0.366211 0.520833 0.365234 0.519531 0.364258 0.513021 0.362305 0.510417 0.354492 0.505208
0 0.293945 0.464844 0.289062 0.470052 0.288086 0.470052 0.287109 0.472656 0.283203 0.468750 0.282227 0.470052 0.282227 0.473958 0.284180 0.473958 0.286133 0.471354 0.287109 0.472656 0.287109 0.475260 0.283203 0.477865 0.279297 0.477865 0.278320 0.480469 0.273438 0.486979 0.270508 0.494792 0.270508 0.505208 0.273438 0.513021 0.277344 0.518229 0.283203 0.519531 0.286133 0.522135 0.296875 0.524740 0.297852 0.523438 0.299805 0.523438 0.300781 0.522135 0.311523 0.518229 0.314453 0.514323 0.315430 0.509115 0.317383 0.506510 0.321289 0.496094 0.322266 0.488281 0.321289 0.486979 0.312500 0.485677 0.300781 0.477865 0.297852 0.472656 0.297852 0.468750 0.294922 0.464844
0 0.244141 0.324219 0.242188 0.324219 0.239258 0.326823 0.235352 0.326823 0.231445 0.329427 0.228516 0.329427 0.222656 0.333333 0.218750 0.333333 0.216797 0.334635 0.216797 0.339844 0.214844 0.345052 0.210938 0.350260 0.208984 0.355469 0.208984 0.361979 0.210938 0.364583 0.210938 0.367188 0.221680 0.382812 0.225586 0.385417 0.227539 0.389323 0.228516 0.389323 0.235352 0.397135 0.239258 0.397135 0.240234 0.395833 0.242188 0.395833 0.243164 0.394531 0.247070 0.393229 0.250000 0.389323 0.250977 0.389323 0.251953 0.386719 0.254883 0.382812 0.255859 0.382812 0.255859 0.381510 0.257812 0.378906 0.258789 0.378906 0.262695 0.372396 0.261719 0.367188 0.256836 0.356771 0.256836 0.343750 0.255859 0.342448 0.254883 0.335938 0.253906 0.334635 0.251953 0.334635 0.249023 0.330729 0.249023 0.329427
0 0.263672 0.385417 0.258789 0.391927 0.255859 0.399740 0.254883 0.406250 0.251953 0.412760 0.251953 0.416667 0.250977 0.417969 0.250977 0.421875 0.249023 0.427083 0.248047 0.436198 0.249023 0.438802 0.254883 0.445312 0.260742 0.446615 0.263672 0.449219 0.268555 0.450521 0.271484 0.453125 0.275391 0.453125 0.279297 0.450521 0.285156 0.449219 0.291992 0.440104 0.295898 0.437500 0.298828 0.430990 0.298828 0.428385 0.299805 0.427083 0.299805 0.424479 0.300781 0.423177 0.301758 0.417969 0.298828 0.414062 0.298828 0.410156 0.293945 0.397135 0.291016 0.397135 0.290039 0.395833 0.283203 0.394531 0.280273 0.390625 0.278320 0.390625 0.275391 0.386719 0.271484 0.386719 0.270508 0.385417
0 0.306641 0.425781 0.301758 0.438802 0.301758 0.447917 0.300781 0.449219 0.300781 0.454427 0.299805 0.455729 0.299805 0.463542 0.298828 0.464844 0.298828 0.471354 0.300781 0.476562 0.301758 0.476562 0.303711 0.479167 0.308594 0.480469 0.314453 0.484375 0.323242 0.484375 0.324219 0.483073 0.327148 0.483073 0.328125 0.481771 0.333984 0.480469 0.337891 0.477865 0.341797 0.471354 0.342773 0.464844 0.344727 0.460938 0.344727 0.458333 0.346680 0.453125 0.346680 0.447917 0.347656 0.446615 0.347656 0.442708 0.345703 0.442708 0.343750 0.440104 0.343750 0.437500 0.345703 0.434896 0.348633 0.437500 0.348633 0.433594 0.347656 0.433594 0.341797 0.427083 0.339844 0.428385 0.333008 0.428385 0.332031 0.427083 0.326172 0.427083 0.325195 0.425781 0.319336 0.425781 0.318359 0.424479 0.310547 0.424479 0.309570 0.425781
0 0.375977 0.441406 0.374023 0.445312 0.374023 0.446615 0.375977 0.449219 0.373047 0.451823 0.370117 0.451823 0.369141 0.450521 0.366211 0.453125 0.361328 0.453125 0.360352 0.454427 0.359375 0.453125 0.356445 0.453125 0.355469 0.454427 0.352539 0.454427 0.348633 0.459635 0.347656 0.464844 0.344727 0.472656 0.342773 0.475260 0.342773 0.484375 0.343750 0.486979 0.347656 0.492188 0.347656 0.493490 0.353516 0.501302 0.355469 0.502604 0.363281 0.502604 0.364258 0.501302 0.369141 0.501302 0.370117 0.500000 0.379883 0.498698 0.380859 0.497396 0.385742 0.496094 0.388672 0.492188 0.388672 0.485677 0.391602 0.477865 0.391602 0.470052 0.388672 0.462240 0.388672 0.454427 0.387695 0.454427 0.384766 0.449219 0.383789 0.449219 0.378906 0.442708
0 0.395508 0.511719 0.393555 0.511719 0.392578 0.510417 0.382812 0.510417 0.376953 0.514323 0.373047 0.514323 0.371094 0.516927 0.370117 0.516927 0.368164 0.520833 0.368164 0.524740 0.369141 0.526042 0.369141 0.542969 0.368164 0.545573 0.364258 0.549479 0.365234 0.550781 0.365234 0.554688 0.367188 0.557292 0.368164 0.561198 0.373047 0.567708 0.374023 0.571615 0.376953 0.574219 0.380859 0.574219 0.388672 0.569010 0.393555 0.569010 0.394531 0.567708 0.397461 0.567708 0.398438 0.566406 0.403320 0.565104 0.406250 0.562500 0.406250 0.559896 0.408203 0.554688 0.408203 0.550781 0.407227 0.549479 0.407227 0.546875 0.406250 0.545573 0.406250 0.541667 0.403320 0.533854 0.403320 0.531250 0.402344 0.529948 0.401367 0.523438 0.399414 0.518229
0 0.410156 0.566406 0.404297 0.566406 0.403320 0.567708 0.401367 0.567708 0.400391 0.569010 0.398438 0.569010 0.394531 0.571615 0.391602 0.571615 0.390625 0.572917 0.388672 0.572917 0.385742 0.578125 0.385742 0.585938 0.384766 0.587240 0.384766 0.600260 0.385742 0.601562 0.385742 0.619792 0.386719 0.621094 0.386719 0.623698 0.390625 0.628906 0.407227 0.628906 0.408203 0.627604 0.411133 0.627604 0.418945 0.622396 0.421875 0.618490 0.421875 0.617188 0.426758 0.609375 0.428711 0.604167 0.428711 0.600260 0.429688 0.598958 0.429688 0.596354 0.416016 0.580729 0.416016 0.579427 0.414062 0.576823 0.412109 0.571615 0.412109 0.569010
0 0.174805 0.203125 0.174805 0.216146 0.179688 0.229167 0.183594 0.231771 0.185547 0.235677 0.187500 0.236979 0.190430 0.240885 0.190430 0.242188 0.197266 0.251302 0.199219 0.252604 0.203125 0.252604 0.204102 0.253906 0.205078 0.252604 0.209961 0.252604 0.210938 0.251302 0.214844 0.251302 0.215820 0.252604 0.216797 0.251302 0.224609 0.250000 0.228516 0.246094 0.232422 0.236979 0.232422 0.222656 0.233398 0.221354 0.232422 0.218750 0.232422 0.213542 0.231445 0.210938 0.226562 0.205729 0.220703 0.194010 0.214844 0.187500 0.207031 0.187500 0.206055 0.188802 0.203125 0.188802 0.202148 0.190104 0.197266 0.191406 0.194336 0.194010 0.192383 0.194010 0.188477 0.196615 0.185547 0.196615 0.182617 0.199219 0.176758 0.200521
0 0.223633 0.110677 0.218750 0.115885 0.215820 0.117188 0.211914 0.135417 0.208984 0.140625 0.209961 0.153646 0.211914 0.158854 0.210938 0.169271 0.218750 0.184896 0.220703 0.187500 0.227539 0.191406 0.231445 0.196615 0.255859 0.196615 0.257812 0.194010 0.257812 0.190104 0.255859 0.183594 0.256836 0.182292 0.257812 0.171875 0.259766 0.165365 0.259766 0.161458 0.258789 0.160156 0.259766 0.139323 0.256836 0.132812 0.256836 0.130208 0.255859 0.127604 0.250977 0.122396 0.246094 0.119792 0.242188 0.115885 0.240234 0.115885 0.239258 0.114583 0.227539 0.114583
0 0.273438 0.196615 0.269531 0.196615 0.268555 0.197917 0.265625 0.197917 0.264648 0.199219 0.258789 0.200521 0.252930 0.207031 0.251953 0.207031 0.250000 0.209635 0.243164 0.214844 0.240234 0.218750 0.239258 0.218750 0.234375 0.225260 0.234375 0.234375 0.235352 0.235677 0.235352 0.239583 0.239258 0.250000 0.242188 0.253906 0.245117 0.255208 0.247070 0.257812 0.250977 0.260417 0.258789 0.261719 0.259766 0.263021 0.265625 0.263021 0.269531 0.260417 0.274414 0.260417 0.275391 0.259115 0.277344 0.259115 0.278320 0.257812 0.282227 0.256510 0.282227 0.251302 0.283203 0.250000 0.283203 0.243490 0.282227 0.242188 0.282227 0.238281 0.283203 0.236979 0.283203 0.214844 0.280273 0.209635 0.280273 0.205729
0 0.241211 0.256510 0.228516 0.256510 0.227539 0.257812 0.223633 0.257812 0.222656 0.259115 0.219727 0.259115 0.218750 0.260417 0.214844 0.260417 0.211914 0.263021 0.210938 0.266927 0.205078 0.277344 0.205078 0.292969 0.207031 0.298177 0.207031 0.303385 0.208008 0.304688 0.208008 0.312500 0.212891 0.320312 0.214844 0.321615 0.218750 0.321615 0.222656 0.324219 0.229492 0.324219 0.235352 0.320312 0.241211 0.313802 0.242188 0.308594 0.250977 0.292969 0.252930 0.287760 0.252930 0.285156 0.253906 0.283854 0.253906 0.277344 0.251953 0.274740 0.250977 0.272135 0.250977 0.268229 0.249023 0.265625 0.248047 0.261719
0 0.260742 0.272135 0.255859 0.283854 0.255859 0.286458 0.253906 0.291667 0.245117 0.304688 0.242188 0.315104 0.243164 0.316406 0.243164 0.319010 0.245117 0.321615 0.252930 0.326823 0.259766 0.334635 0.261719 0.334635 0.265625 0.337240 0.268555 0.337240 0.269531 0.338542 0.275391 0.338542 0.276367 0.337240 0.286133 0.334635 0.291016 0.330729 0.294922 0.330729 0.295898 0.329427 0.291016 0.326823 0.290039 0.324219 0.295898 0.319010 0.297852 0.321615 0.297852 0.325521 0.297852 0.320312 0.295898 0.317708 0.295898 0.315104 0.298828 0.308594 0.298828 0.290365 0.297852 0.289062 0.297852 0.285156 0.298828 0.283854 0.296875 0.281250 0.295898 0.277344 0.292969 0.273438 0.288086 0.270833 0.264648 0.269531
0 0.291016 0.115885 0.288086 0.119792 0.287109 0.125000 0.286133 0.126302 0.285156 0.143229 0.284180 0.144531 0.284180 0.151042 0.283203 0.152344 0.283203 0.157552 0.282227 0.158854 0.282227 0.170573 0.283203 0.171875 0.283203 0.174479 0.291016 0.182292 0.292969 0.180990 0.297852 0.180990 0.298828 0.182292 0.305664 0.182292 0.309570 0.184896 0.311523 0.183594 0.314453 0.183594 0.316406 0.180990 0.320312 0.178385 0.321289 0.173177 0.322266 0.171875 0.322266 0.169271 0.326172 0.160156 0.326172 0.156250 0.327148 0.154948 0.327148 0.138021 0.328125 0.136719 0.328125 0.126302 0.322266 0.119792 0.315430 0.115885 0.305664 0.115885 0.304688 0.114583 0.293945 0.114583 0.292969 0.115885
0 0.294922 0.203125 0.288086 0.213542 0.286133 0.218750 0.285156 0.229167 0.286133 0.230469 0.289062 0.243490 0.297852 0.256510 0.301758 0.264323 0.307617 0.265625 0.308594 0.266927 0.312500 0.266927 0.313477 0.268229 0.326172 0.268229 0.327148 0.266927 0.329102 0.266927 0.340820 0.252604 0.342773 0.252604 0.345703 0.246094 0.351562 0.236979 0.351562 0.234375 0.342773 0.225260 0.342773 0.222656 0.334961 0.210938 0.334961 0.209635 0.331055 0.204427 0.327148 0.203125 0.323242 0.199219 0.321289 0.199219 0.317383 0.196615 0.309570 0.196615 0.308594 0.197917 0.304688 0.197917
0 0.349609 0.092448 0.341797 0.096354 0.337891 0.101562 0.337891 0.105469 0.333984 0.115885 0.333008 0.123698 0.331055 0.127604 0.331055 0.132812 0.328125 0.141927 0.328125 0.153646 0.331055 0.158854 0.345703 0.174479 0.351562 0.177083 0.362305 0.177083 0.364258 0.174479 0.366211 0.174479 0.367188 0.170573 0.370117 0.166667 0.380859 0.167969 0.382812 0.165365 0.385742 0.164062 0.387695 0.160156 0.387695 0.154948 0.385742 0.152344 0.384766 0.136719 0.381836 0.125000 0.377930 0.114583 0.371094 0.105469 0.362305 0.100260 0.357422 0.092448
0 0.389648 0.170573 0.382812 0.170573 0.371094 0.177083 0.367188 0.182292 0.367188 0.183594 0.360352 0.191406 0.359375 0.194010 0.359375 0.201823 0.358398 0.203125 0.357422 0.214844 0.358398 0.216146 0.358398 0.222656 0.359375 0.223958 0.359375 0.227865 0.360352 0.230469 0.370117 0.242188 0.372070 0.243490 0.375000 0.243490 0.375977 0.244792 0.378906 0.244792 0.379883 0.246094 0.387695 0.243490 0.393555 0.238281 0.396484 0.236979 0.396484 0.235677 0.399414 0.231771 0.409180 0.223958 0.412109 0.218750 0.412109 0.205729 0.411133 0.204427 0.410156 0.195312 0.408203 0.191406 0.407227 0.186198 0.398438 0.177083
0 0.361328 0.252604 0.351562 0.252604 0.347656 0.256510 0.342773 0.256510 0.340820 0.257812 0.340820 0.260417 0.336914 0.263021 0.336914 0.265625 0.334961 0.268229 0.331055 0.270833 0.328125 0.278646 0.328125 0.285156 0.327148 0.286458 0.327148 0.302083 0.328125 0.303385 0.328125 0.305990 0.332031 0.312500 0.334961 0.313802 0.338867 0.319010 0.342773 0.321615 0.345703 0.321615 0.349609 0.319010 0.352539 0.319010 0.358398 0.315104 0.360352 0.312500 0.368164 0.309896 0.371094 0.307292 0.373047 0.307292 0.375000 0.304688 0.375000 0.302083 0.376953 0.296875 0.376953 0.290365 0.377930 0.289062 0.377930 0.283854 0.376953 0.282552 0.376953 0.279948 0.372070 0.272135 0.372070 0.269531 0.373047 0.268229 0.371094 0.265625 0.370117 0.261719
0 0.310547 0.315104 0.304688 0.332031 0.301758 0.335938 0.301758 0.339844 0.300781 0.341146 0.300781 0.355469 0.301758 0.356771 0.301758 0.360677 0.310547 0.376302 0.313477 0.376302 0.318359 0.380208 0.324219 0.381510 0.325195 0.382812 0.332031 0.382812 0.333008 0.381510 0.336914 0.380208 0.338867 0.377604 0.341797 0.368490 0.346680 0.360677 0.345703 0.356771 0.346680 0.355469 0.346680 0.352865 0.347656 0.351562 0.347656 0.348958 0.349609 0.343750 0.349609 0.334635 0.348633 0.332031 0.342773 0.322917 0.340820 0.322917 0.330078 0.315104
0 0.346680 0.364583 0.346680 0.365885 0.341797 0.372396 0.340820 0.375000 0.340820 0.377604 0.336914 0.382812 0.336914 0.404948 0.337891 0.406250 0.337891 0.408854 0.340820 0.414062 0.341797 0.414062 0.344727 0.417969 0.346680 0.419271 0.348633 0.419271 0.349609 0.420573 0.362305 0.420573 0.363281 0.419271 0.371094 0.419271 0.373047 0.417969 0.375000 0.415365 0.381836 0.397135 0.381836 0.382812 0.380859 0.381510 0.380859 0.378906 0.378906 0.378906 0.377930 0.377604 0.372070 0.377604 0.371094 0.376302 0.369141 0.376302 0.365234 0.372396 0.362305 0.371094 0.356445 0.364583 0.353516 0.364583 0.352539 0.363281 0.348633 0.363281
0 0.375000 0.308594 0.374023 0.309896 0.371094 0.309896 0.370117 0.311198 0.368164 0.311198 0.364258 0.313802 0.358398 0.320312 0.357422 0.322917 0.357422 0.333333 0.356445 0.334635 0.356445 0.352865 0.357422 0.354167 0.357422 0.363281 0.362305 0.369792 0.365234 0.371094 0.369141 0.375000 0.375977 0.375000 0.376953 0.376302 0.380859 0.376302 0.381836 0.375000 0.384766 0.375000 0.386719 0.372396 0.387695 0.372396 0.391602 0.367188 0.392578 0.363281 0.396484 0.358073 0.398438 0.356771 0.399414 0.354167 0.399414 0.332031 0.398438 0.330729 0.398438 0.321615 0.397461 0.319010 0.393555 0.317708 0.391602 0.315104 0.385742 0.311198 0.383789 0.311198 0.379883 0.308594
0 0.383789 0.397135 0.377930 0.412760 0.377930 0.416667 0.376953 0.417969 0.377930 0.419271 0.377930 0.424479 0.378906 0.425781 0.378906 0.429688 0.379883 0.430990 0.379883 0.434896 0.380859 0.437500 0.384766 0.442708 0.387695 0.444010 0.389648 0.446615 0.391602 0.447917 0.393555 0.447917 0.399414 0.451823 0.402344 0.451823 0.403320 0.453125 0.412109 0.453125 0.416016 0.450521 0.418945 0.450521 0.421875 0.445312 0.421875 0.433594 0.420898 0.432292 0.420898 0.428385 0.419922 0.427083 0.419922 0.424479 0.418945 0.423177 0.417969 0.416667 0.416016 0.412760 0.416016 0.410156 0.414062 0.404948 0.400391 0.390625 0.395508 0.390625 0.394531 0.391927 0.391602 0.391927
0 0.421875 0.454427 0.414062 0.454427 0.413086 0.455729 0.408203 0.455729 0.407227 0.457031 0.404297 0.457031 0.400391 0.459635 0.397461 0.463542 0.396484 0.463542 0.393555 0.470052 0.393555 0.481771 0.390625 0.488281 0.390625 0.493490 0.393555 0.500000 0.393555 0.502604 0.395508 0.507812 0.400391 0.515625 0.404297 0.518229 0.409180 0.519531 0.410156 0.520833 0.414062 0.520833 0.415039 0.519531 0.416992 0.519531 0.418945 0.516927 0.426758 0.513021 0.435547 0.501302 0.435547 0.498698 0.436523 0.497396 0.436523 0.490885 0.435547 0.489583 0.435547 0.486979 0.433594 0.481771 0.431641 0.479167 0.431641 0.476562 0.430664 0.475260 0.430664 0.471354 0.425781 0.458333
0 0.422852 0.518229 0.418945 0.520833 0.415039 0.526042 0.414062 0.526042 0.411133 0.531250 0.411133 0.562500 0.412109 0.563802 0.412109 0.567708 0.416016 0.578125 0.426758 0.591146 0.430664 0.593750 0.440430 0.593750 0.443359 0.591146 0.443359 0.589844 0.448242 0.582031 0.449219 0.576823 0.452148 0.569010 0.455078 0.565104 0.457031 0.565104 0.459961 0.562500 0.459961 0.557292 0.458008 0.553385 0.455078 0.539062 0.449219 0.531250 0.444336 0.520833 0.440430 0.519531 0.437500 0.516927 0.427734 0.516927 0.426758 0.518229
0 0.473633 0.562500 0.472656 0.563802 0.466797 0.563802 0.465820 0.565104 0.464844 0.563802 0.462891 0.563802 0.461914 0.565104 0.457031 0.566406 0.455078 0.569010 0.454102 0.569010 0.450195 0.578125 0.450195 0.580729 0.448242 0.585938 0.445312 0.589844 0.445312 0.597656 0.446289 0.598958 0.446289 0.601562 0.452148 0.605469 0.458008 0.613281 0.461914 0.615885 0.466797 0.622396 0.468750 0.623698 0.471680 0.623698 0.477539 0.619792 0.484375 0.610677 0.484375 0.609375 0.486328 0.606771 0.488281 0.601562 0.488281 0.597656 0.489258 0.596354 0.489258 0.589844 0.488281 0.588542 0.488281 0.584635 0.486328 0.580729 0.486328 0.578125 0.484375 0.576823 0.483398 0.574219
0 0.448242 0.605469 0.445312 0.605469 0.442383 0.608073 0.439453 0.608073 0.437500 0.610677 0.436523 0.610677 0.434570 0.613281 0.430664 0.615885 0.429688 0.614583 0.426758 0.614583 0.426758 0.615885 0.423828 0.619792 0.423828 0.632812 0.424805 0.634115 0.424805 0.640625 0.425781 0.641927 0.425781 0.645833 0.426758 0.647135 0.427734 0.653646 0.435547 0.662760 0.437500 0.664062 0.439453 0.664062 0.440430 0.665365 0.446289 0.665365 0.447266 0.664062 0.450195 0.664062 0.454102 0.661458 0.457031 0.661458 0.459961 0.657552 0.460938 0.657552 0.462891 0.654948 0.466797 0.652344 0.469727 0.647135 0.468750 0.645833 0.468750 0.638021 0.465820 0.631510 0.465820 0.628906 0.464844 0.627604 0.464844 0.625000 0.463867 0.622396 0.454102 0.609375
0 0.493164 0.636719 0.486328 0.636719 0.484375 0.640625 0.482422 0.641927 0.479492 0.641927 0.475586 0.645833 0.473633 0.645833 0.460938 0.662760 0.460938 0.680990 0.461914 0.682292 0.462891 0.688802 0.466797 0.695312 0.467773 0.695312 0.469727 0.697917 0.473633 0.700521 0.476562 0.700521 0.478516 0.701823 0.479492 0.700521 0.490234 0.700521 0.491211 0.699219 0.494141 0.699219 0.501953 0.688802 0.501953 0.687500 0.504883 0.683594 0.505859 0.683594 0.506836 0.680990 0.506836 0.678385 0.507812 0.677083 0.507812 0.673177 0.506836 0.671875 0.506836 0.666667 0.505859 0.665365 0.505859 0.662760 0.501953 0.653646 0.501953 0.651042 0.500977 0.649740 0.500977 0.647135 0.500000 0.644531
0 0.528320 0.630208 0.527344 0.631510 0.521484 0.631510 0.520508 0.632812 0.517578 0.632812 0.516602 0.634115 0.514648 0.634115 0.513672 0.635417 0.509766 0.636719 0.507812 0.640625 0.506836 0.648438 0.505859 0.649740 0.505859 0.657552 0.506836 0.658854 0.506836 0.661458 0.507812 0.662760 0.507812 0.665365 0.508789 0.666667 0.509766 0.674479 0.511719 0.678385 0.511719 0.680990 0.514648 0.684896 0.516602 0.691406 0.518555 0.694010 0.520508 0.694010 0.521484 0.695312 0.523438 0.694010 0.536133 0.694010 0.538086 0.688802 0.543945 0.684896 0.548828 0.678385 0.548828 0.677083 0.551758 0.671875 0.552734 0.664062 0.553711 0.662760 0.553711 0.657552 0.547852 0.647135 0.542969 0.644531 0.541992 0.641927 0.540039 0.640625 0.539062 0.638021 0.533203 0.631510 0.529297 0.631510
0 0.497070 0.585938 0.497070 0.587240 0.493164 0.592448 0.493164 0.593750 0.491211 0.597656 0.491211 0.600260 0.489258 0.604167 0.489258 0.608073 0.488281 0.609375 0.488281 0.619792 0.489258 0.621094 0.489258 0.625000 0.491211 0.627604 0.491211 0.628906 0.493164 0.631510 0.494141 0.631510 0.497070 0.634115 0.506836 0.634115 0.507812 0.632812 0.509766 0.632812 0.510742 0.631510 0.512695 0.631510 0.513672 0.630208 0.517578 0.630208 0.518555 0.628906 0.522461 0.628906 0.523438 0.627604 0.525391 0.627604 0.526367 0.626302 0.526367 0.618490 0.527344 0.617188 0.527344 0.605469 0.525391 0.601562 0.525391 0.598958 0.524414 0.597656 0.524414 0.595052 0.523438 0.593750 0.523438 0.592448 0.522461 0.592448 0.513672 0.585938 0.510742 0.585938 0.509766 0.584635 0.499023 0.584635 0.498047 0.585938
0 0.555664 0.593750 0.553711 0.595052 0.553711 0.596354 0.547852 0.602865 0.539062 0.602865 0.536133 0.605469 0.536133 0.609375 0.535156 0.610677 0.535156 0.615885 0.534180 0.617188 0.534180 0.621094 0.535156 0.622396 0.535156 0.625000 0.540039 0.631510 0.540039 0.632812 0.543945 0.639323 0.544922 0.643229 0.545898 0.643229 0.554688 0.654948 0.554688 0.656250 0.558594 0.657552 0.559570 0.658854 0.564453 0.658854 0.567383 0.656250 0.571289 0.654948 0.572266 0.652344 0.578125 0.645833 0.578125 0.644531 0.582031 0.638021 0.582031 0.635417 0.583008 0.634115 0.583008 0.622396 0.577148 0.606771 0.569336 0.596354 0.565430 0.593750
0 0.584961 0.626302 0.583984 0.627604 0.583984 0.634115 0.583008 0.635417 0.583008 0.638021 0.582031 0.639323 0.582031 0.640625 0.579102 0.644531 0.579102 0.645833 0.574219 0.652344 0.573242 0.652344 0.573242 0.653646 0.572266 0.654948 0.571289 0.658854 0.573242 0.662760 0.574219 0.662760 0.576172 0.665365 0.577148 0.665365 0.578125 0.666667 0.581055 0.666667 0.582031 0.667969 0.591797 0.667969 0.593750 0.665365 0.594727 0.665365 0.595703 0.664062 0.596680 0.664062 0.597656 0.662760 0.600586 0.661458 0.601562 0.660156 0.601562 0.658854 0.604492 0.654948 0.604492 0.653646 0.605469 0.652344 0.605469 0.631510 0.603516 0.628906 0.600586 0.628906 0.599609 0.627604 0.591797 0.627604 0.590820 0.626302
0 0.576172 0.688802 0.574219 0.690104 0.575195 0.694010 0.573242 0.696615 0.562500 0.696615 0.561523 0.697917 0.555664 0.697917 0.553711 0.696615 0.551758 0.692708 0.549805 0.692708 0.548828 0.694010 0.546875 0.694010 0.544922 0.695312 0.540039 0.700521 0.541016 0.703125 0.541016 0.709635 0.541992 0.710938 0.541992 0.714844 0.542969 0.716146 0.542969 0.721354 0.543945 0.722656 0.544922 0.729167 0.549805 0.736979 0.551758 0.738281 0.554688 0.738281 0.558594 0.740885 0.562500 0.740885 0.564453 0.742188 0.565430 0.740885 0.571289 0.740885 0.579102 0.735677 0.582031 0.731771 0.584961 0.730469 0.584961 0.729167 0.586914 0.726562 0.586914 0.713542 0.585938 0.712240 0.584961 0.703125 0.583984 0.701823 0.583984 0.699219
0 0.601562 0.697917 0.600586 0.699219 0.598633 0.699219 0.597656 0.700521 0.594727 0.701823 0.593750 0.703125 0.593750 0.704427 0.588867 0.709635 0.588867 0.718750 0.589844 0.720052 0.589844 0.729167 0.590820 0.730469 0.590820 0.733073 0.594727 0.739583 0.595703 0.743490 0.598633 0.747396 0.599609 0.747396 0.602539 0.751302 0.611328 0.751302 0.613281 0.748698 0.614258 0.748698 0.618164 0.744792 0.619141 0.744792 0.626953 0.731771 0.626953 0.723958 0.628906 0.720052 0.628906 0.712240 0.627930 0.710938 0.627930 0.708333 0.623047 0.703125 0.622070 0.703125 0.622070 0.704427 0.621094 0.705729 0.618164 0.707031 0.617188 0.705729 0.616211 0.705729 0.615234 0.704427 0.614258 0.700521 0.613281 0.700521 0.612305 0.699219 0.606445 0.699219 0.605469 0.697917
0 0.407227 0.251302 0.406250 0.252604 0.389648 0.252604 0.386719 0.255208 0.384766 0.255208 0.381836 0.259115 0.380859 0.259115 0.378906 0.261719 0.378906 0.264323 0.376953 0.266927 0.376953 0.269531 0.378906 0.273438 0.378906 0.283854 0.379883 0.285156 0.379883 0.290365 0.378906 0.291667 0.378906 0.300781 0.381836 0.305990 0.394531 0.313802 0.400391 0.313802 0.404297 0.309896 0.410156 0.305990 0.412109 0.305990 0.413086 0.303385 0.417969 0.296875 0.421875 0.294271 0.424805 0.289062 0.424805 0.278646 0.423828 0.277344 0.423828 0.274740 0.420898 0.266927 0.410156 0.252604 0.408203 0.252604
0 0.418945 0.199219 0.417969 0.201823 0.414062 0.205729 0.414062 0.216146 0.413086 0.217448 0.413086 0.220052 0.411133 0.225260 0.411133 0.238281 0.412109 0.239583 0.414062 0.250000 0.416992 0.253906 0.418945 0.253906 0.426758 0.259115 0.434570 0.260417 0.438477 0.263021 0.448242 0.263021 0.450195 0.261719 0.455078 0.255208 0.455078 0.253906 0.458984 0.247396 0.458984 0.243490 0.459961 0.242188 0.459961 0.229167 0.458984 0.227865 0.458984 0.223958 0.455078 0.218750 0.453125 0.208333 0.450195 0.204427 0.445312 0.201823 0.443359 0.199219 0.439453 0.196615 0.437500 0.196615 0.436523 0.195312 0.433594 0.195312 0.432617 0.194010 0.427734 0.194010
0 0.462891 0.118490 0.456055 0.125000 0.450195 0.140625 0.447266 0.143229 0.446289 0.145833 0.446289 0.149740 0.450195 0.153646 0.449219 0.154948 0.449219 0.164062 0.450195 0.165365 0.450195 0.169271 0.447266 0.174479 0.449219 0.179688 0.447266 0.180990 0.446289 0.183594 0.446289 0.188802 0.449219 0.192708 0.449219 0.195312 0.451172 0.197917 0.454102 0.197917 0.458008 0.201823 0.466797 0.203125 0.467773 0.201823 0.472656 0.201823 0.473633 0.200521 0.479492 0.199219 0.481445 0.197917 0.486328 0.190104 0.490234 0.188802 0.495117 0.184896 0.497070 0.178385 0.498047 0.166667 0.500977 0.160156 0.500977 0.152344 0.495117 0.143229 0.490234 0.138021 0.487305 0.136719 0.484375 0.132812 0.478516 0.130208 0.473633 0.122396 0.472656 0.123698 0.469727 0.123698 0.465820 0.118490
0 0.541016 0.147135 0.529297 0.145833 0.527344 0.148438 0.522461 0.149740 0.518555 0.152344 0.515625 0.156250 0.510742 0.158854 0.504883 0.165365 0.501953 0.166667 0.500000 0.170573 0.500000 0.175781 0.500977 0.177083 0.503906 0.177083 0.505859 0.179688 0.504883 0.190104 0.500000 0.199219 0.500977 0.204427 0.503906 0.212240 0.509766 0.221354 0.515625 0.225260 0.523438 0.226562 0.524414 0.225260 0.533203 0.225260 0.534180 0.223958 0.537109 0.223958 0.545898 0.213542 0.551758 0.209635 0.553711 0.205729 0.553711 0.203125 0.555664 0.199219 0.555664 0.191406 0.558594 0.187500 0.558594 0.182292 0.554688 0.173177 0.554688 0.169271 0.548828 0.160156 0.547852 0.154948
0 0.491211 0.227865 0.490234 0.229167 0.490234 0.231771 0.488281 0.235677 0.488281 0.239583 0.487305 0.240885 0.487305 0.281250 0.488281 0.283854 0.493164 0.290365 0.495117 0.291667 0.497070 0.291667 0.498047 0.292969 0.503906 0.292969 0.504883 0.294271 0.509766 0.292969 0.521484 0.276042 0.521484 0.274740 0.524414 0.270833 0.525391 0.268229 0.525391 0.259115 0.524414 0.257812 0.524414 0.252604 0.523438 0.251302 0.523438 0.248698 0.521484 0.244792 0.521484 0.242188 0.519531 0.240885 0.513672 0.233073 0.511719 0.231771 0.509766 0.231771 0.506836 0.229167 0.500977 0.229167 0.500000 0.227865
0 0.437500 0.274740 0.432617 0.279948 0.431641 0.279948 0.428711 0.286458 0.424805 0.291667 0.424805 0.292969 0.420898 0.299479 0.419922 0.304688 0.417969 0.307292 0.417969 0.313802 0.419922 0.319010 0.421875 0.321615 0.421875 0.324219 0.424805 0.332031 0.431641 0.342448 0.433594 0.343750 0.436523 0.343750 0.440430 0.346354 0.452148 0.346354 0.456055 0.342448 0.457031 0.338542 0.458984 0.335938 0.460938 0.330729 0.461914 0.325521 0.463867 0.322917 0.463867 0.320312 0.468750 0.308594 0.469727 0.296875 0.465820 0.290365 0.464844 0.290365 0.459961 0.285156 0.453125 0.281250 0.451172 0.278646 0.449219 0.278646 0.443359 0.274740
0 0.417969 0.341146 0.414062 0.343750 0.409180 0.350260 0.406250 0.351562 0.406250 0.352865 0.404297 0.355469 0.404297 0.360677 0.402344 0.364583 0.402344 0.369792 0.401367 0.371094 0.402344 0.373698 0.402344 0.384115 0.403320 0.385417 0.403320 0.389323 0.404297 0.391927 0.408203 0.397135 0.409180 0.397135 0.417969 0.407552 0.421875 0.408854 0.422852 0.410156 0.431641 0.408854 0.437500 0.404948 0.448242 0.391927 0.448242 0.380208 0.449219 0.378906 0.449219 0.360677 0.441406 0.348958 0.437500 0.346354 0.435547 0.346354 0.431641 0.343750 0.423828 0.342448 0.422852 0.341146
0 0.463867 0.355469 0.457031 0.361979 0.456055 0.361979 0.452148 0.368490 0.452148 0.371094 0.451172 0.372396 0.451172 0.380208 0.450195 0.381510 0.450195 0.390625 0.452148 0.394531 0.452148 0.397135 0.453125 0.399740 0.458008 0.406250 0.458008 0.407552 0.468750 0.420573 0.476562 0.425781 0.480469 0.425781 0.481445 0.427083 0.482422 0.425781 0.485352 0.425781 0.487305 0.424479 0.493164 0.415365 0.494141 0.407552 0.497070 0.401042 0.497070 0.397135 0.498047 0.395833 0.498047 0.386719 0.497070 0.385417 0.497070 0.381510 0.495117 0.380208 0.490234 0.367188 0.490234 0.364583 0.487305 0.360677 0.483398 0.358073 0.480469 0.358073 0.479492 0.356771 0.474609 0.355469 0.473633 0.354167 0.466797 0.354167 0.465820 0.355469
0 0.438477 0.417969 0.436523 0.423177 0.436523 0.438802 0.441406 0.451823 0.442383 0.451823 0.449219 0.460938 0.451172 0.462240 0.465820 0.462240 0.466797 0.460938 0.473633 0.460938 0.480469 0.455729 0.481445 0.453125 0.481445 0.450521 0.482422 0.449219 0.482422 0.441406 0.483398 0.440104 0.483398 0.429688 0.480469 0.427083 0.476562 0.427083 0.475586 0.425781 0.473633 0.425781 0.461914 0.414062 0.458008 0.411458 0.456055 0.412760 0.454102 0.412760 0.449219 0.408854 0.446289 0.408854
0 0.452148 0.466146 0.449219 0.468750 0.445312 0.470052 0.442383 0.475260 0.441406 0.480469 0.440430 0.481771 0.440430 0.489583 0.441406 0.490885 0.441406 0.496094 0.442383 0.497396 0.442383 0.501302 0.443359 0.502604 0.444336 0.513021 0.445312 0.514323 0.446289 0.519531 0.449219 0.524740 0.450195 0.529948 0.453125 0.533854 0.455078 0.535156 0.466797 0.535156 0.472656 0.531250 0.474609 0.531250 0.478516 0.528646 0.481445 0.524740 0.482422 0.524740 0.486328 0.514323 0.486328 0.510417 0.487305 0.509115 0.487305 0.506510 0.486328 0.505208 0.486328 0.497396 0.483398 0.490885 0.483398 0.486979 0.482422 0.485677 0.482422 0.481771 0.481445 0.479167 0.475586 0.470052 0.471680 0.468750 0.470703 0.467448 0.468750 0.467448 0.467773 0.466146
0 0.482422 0.531250 0.482422 0.539062 0.480469 0.542969 0.480469 0.545573 0.479492 0.546875 0.479492 0.550781 0.480469 0.552083 0.480469 0.557292 0.481445 0.558594 0.481445 0.563802 0.482422 0.565104 0.482422 0.567708 0.484375 0.570312 0.485352 0.570312 0.492188 0.575521 0.499023 0.575521 0.500000 0.574219 0.504883 0.574219 0.505859 0.572917 0.508789 0.572917 0.509766 0.571615 0.514648 0.570312 0.515625 0.569010 0.516602 0.569010 0.520508 0.563802 0.520508 0.562500 0.521484 0.561198 0.521484 0.558594 0.523438 0.555990 0.523438 0.554688 0.524414 0.553385 0.524414 0.550781 0.525391 0.549479 0.525391 0.541667 0.524414 0.540365 0.524414 0.539062 0.516602 0.528646 0.515625 0.528646 0.514648 0.529948 0.506836 0.529948 0.505859 0.528646 0.496094 0.528646 0.495117 0.529948 0.493164 0.529948 0.491211 0.532552 0.487305 0.532552 0.486328 0.531250
0 0.578125 0.214844 0.576172 0.213542 0.573242 0.213542 0.572266 0.212240 0.559570 0.212240 0.558594 0.213542 0.551758 0.213542 0.548828 0.217448 0.546875 0.217448 0.543945 0.221354 0.538086 0.225260 0.534180 0.230469 0.534180 0.231771 0.531250 0.235677 0.531250 0.238281 0.529297 0.240885 0.529297 0.248698 0.528320 0.250000 0.528320 0.252604 0.531250 0.257812 0.532227 0.264323 0.538086 0.273438 0.541016 0.273438 0.541992 0.274740 0.547852 0.274740 0.548828 0.273438 0.549805 0.274740 0.564453 0.274740 0.565430 0.273438 0.568359 0.273438 0.575195 0.265625 0.576172 0.265625 0.582031 0.257812 0.582031 0.256510 0.585938 0.250000 0.585938 0.246094 0.584961 0.244792 0.584961 0.230469 0.583008 0.226562 0.583008 0.223958 0.581055 0.218750
0 0.526367 0.281250 0.518555 0.295573 0.518555 0.298177 0.517578 0.299479 0.517578 0.305990 0.522461 0.312500 0.522461 0.315104 0.524414 0.319010 0.524414 0.321615 0.529297 0.330729 0.529297 0.332031 0.539062 0.338542 0.555664 0.338542 0.557617 0.337240 0.559570 0.334635 0.562500 0.325521 0.567383 0.317708 0.567383 0.302083 0.566406 0.300781 0.566406 0.294271 0.564453 0.290365 0.564453 0.287760 0.552734 0.279948 0.528320 0.279948
0 0.521484 0.345052 0.516602 0.352865 0.513672 0.354167 0.511719 0.356771 0.507812 0.365885 0.507812 0.376302 0.508789 0.377604 0.508789 0.382812 0.510742 0.388021 0.517578 0.398438 0.520508 0.399740 0.522461 0.402344 0.522461 0.403646 0.527344 0.407552 0.532227 0.414062 0.536133 0.414062 0.537109 0.412760 0.540039 0.412760 0.541016 0.411458 0.548828 0.411458 0.551758 0.407552 0.552734 0.399740 0.560547 0.382812 0.560547 0.368490 0.557617 0.361979 0.557617 0.359375 0.553711 0.354167 0.553711 0.352865 0.548828 0.346354 0.546875 0.345052 0.542969 0.345052 0.541992 0.343750 0.524414 0.343750 0.523438 0.345052
0 0.499023 0.401042 0.496094 0.404948 0.496094 0.406250 0.495117 0.407552 0.495117 0.410156 0.494141 0.411458 0.494141 0.414062 0.493164 0.415365 0.492188 0.419271 0.489258 0.423177 0.489258 0.425781 0.488281 0.427083 0.490234 0.440104 0.492188 0.442708 0.494141 0.442708 0.499023 0.446615 0.500977 0.446615 0.501953 0.447917 0.504883 0.447917 0.505859 0.449219 0.517578 0.449219 0.518555 0.447917 0.520508 0.447917 0.528320 0.437500 0.528320 0.434896 0.531250 0.430990 0.531250 0.428385 0.532227 0.427083 0.532227 0.417969 0.531250 0.416667 0.531250 0.415365 0.524414 0.406250 0.523438 0.406250 0.521484 0.403646 0.520508 0.403646 0.517578 0.401042 0.503906 0.401042 0.502930 0.399740 0.500977 0.399740 0.500000 0.401042
0 0.492188 0.459635 0.489258 0.467448 0.489258 0.471354 0.488281 0.472656 0.488281 0.477865 0.489258 0.479167 0.490234 0.488281 0.492188 0.493490 0.494141 0.496094 0.494141 0.497396 0.498047 0.501302 0.501953 0.501302 0.502930 0.502604 0.504883 0.502604 0.511719 0.507812 0.517578 0.507812 0.518555 0.509115 0.524414 0.509115 0.530273 0.500000 0.532227 0.494792 0.532227 0.492188 0.533203 0.490885 0.533203 0.481771 0.532227 0.480469 0.532227 0.476562 0.530273 0.472656 0.530273 0.470052 0.527344 0.466146 0.525391 0.460938 0.523438 0.458333 0.519531 0.455729 0.516602 0.455729 0.515625 0.454427 0.501953 0.454427 0.500977 0.455729 0.498047 0.454427 0.496094 0.457031
0 0.560547 0.477865 0.555664 0.477865 0.554688 0.479167 0.546875 0.479167 0.545898 0.477865 0.541016 0.477865 0.540039 0.479167 0.539062 0.479167 0.537109 0.481771 0.536133 0.481771 0.536133 0.483073 0.535156 0.484375 0.535156 0.488281 0.534180 0.489583 0.534180 0.494792 0.533203 0.496094 0.533203 0.497396 0.534180 0.498698 0.534180 0.511719 0.535156 0.513021 0.535156 0.516927 0.536133 0.518229 0.536133 0.520833 0.537109 0.522135 0.537109 0.523438 0.539062 0.526042 0.540039 0.526042 0.542969 0.528646 0.544922 0.528646 0.545898 0.529948 0.549805 0.529948 0.550781 0.528646 0.552734 0.528646 0.553711 0.527344 0.554688 0.527344 0.556641 0.524740 0.557617 0.524740 0.564453 0.515625 0.565430 0.511719 0.567383 0.509115 0.567383 0.505208 0.568359 0.503906 0.568359 0.490885 0.567383 0.489583 0.567383 0.486979 0.566406 0.486979
0 0.547852 0.414062 0.546875 0.415365 0.544922 0.415365 0.543945 0.416667 0.541016 0.416667 0.537109 0.419271 0.536133 0.421875 0.536133 0.425781 0.535156 0.427083 0.535156 0.430990 0.534180 0.432292 0.534180 0.434896 0.530273 0.441406 0.530273 0.444010 0.529297 0.445312 0.529297 0.453125 0.528320 0.454427 0.531250 0.462240 0.537109 0.470052 0.538086 0.470052 0.541992 0.473958 0.544922 0.473958 0.547852 0.476562 0.552734 0.476562 0.556641 0.473958 0.560547 0.473958 0.561523 0.472656 0.563477 0.472656 0.565430 0.470052 0.570312 0.467448 0.574219 0.462240 0.575195 0.459635 0.575195 0.457031 0.576172 0.455729 0.576172 0.444010 0.575195 0.442708 0.575195 0.440104 0.573242 0.434896 0.569336 0.428385 0.568359 0.428385 0.565430 0.424479 0.562500 0.423177 0.560547 0.420573 0.558594 0.420573 0.553711 0.415365 0.551758 0.414062
0 0.646484 0.196615 0.644531 0.196615 0.643555 0.195312 0.639648 0.195312 0.635742 0.197917 0.627930 0.197917 0.625977 0.196615 0.624023 0.197917 0.624023 0.199219 0.621094 0.203125 0.619141 0.203125 0.616211 0.210938 0.612305 0.216146 0.611328 0.216146 0.610352 0.218750 0.610352 0.229167 0.609375 0.230469 0.609375 0.235677 0.610352 0.236979 0.611328 0.243490 0.615234 0.247396 0.617188 0.252604 0.617188 0.255208 0.618164 0.256510 0.622070 0.257812 0.623047 0.259115 0.626953 0.259115 0.627930 0.260417 0.637695 0.260417 0.641602 0.257812 0.644531 0.252604 0.645508 0.247396 0.646484 0.246094 0.646484 0.242188 0.647461 0.240885 0.647461 0.238281 0.649414 0.233073 0.650391 0.225260 0.653320 0.221354 0.654297 0.221354 0.653320 0.214844 0.651367 0.210938 0.650391 0.203125
0 0.587891 0.253906 0.582031 0.263021 0.581055 0.266927 0.580078 0.268229 0.576172 0.268229 0.576172 0.269531 0.573242 0.273438 0.572266 0.286458 0.573242 0.287760 0.573242 0.291667 0.575195 0.295573 0.575195 0.299479 0.576172 0.302083 0.582031 0.308594 0.585938 0.311198 0.587891 0.311198 0.590820 0.313802 0.594727 0.313802 0.595703 0.315104 0.601562 0.315104 0.602539 0.316406 0.608398 0.316406 0.609375 0.317708 0.615234 0.316406 0.620117 0.308594 0.622070 0.303385 0.622070 0.299479 0.623047 0.298177 0.623047 0.290365 0.624023 0.289062 0.623047 0.287760 0.623047 0.282552 0.621094 0.278646 0.620117 0.273438 0.612305 0.261719 0.606445 0.257812 0.598633 0.256510 0.594727 0.253906
0 0.573242 0.309896 0.570312 0.313802 0.568359 0.319010 0.565430 0.322917 0.565430 0.324219 0.563477 0.326823 0.563477 0.329427 0.560547 0.334635 0.560547 0.338542 0.559570 0.339844 0.559570 0.346354 0.558594 0.347656 0.558594 0.354167 0.562500 0.360677 0.563477 0.360677 0.569336 0.368490 0.571289 0.369792 0.574219 0.369792 0.575195 0.371094 0.577148 0.371094 0.578125 0.369792 0.585938 0.369792 0.586914 0.368490 0.588867 0.368490 0.594727 0.364583 0.600586 0.356771 0.600586 0.351562 0.601562 0.350260 0.601562 0.339844 0.598633 0.334635 0.598633 0.333333 0.595703 0.329427 0.592773 0.321615 0.587891 0.313802 0.586914 0.313802 0.584961 0.311198 0.581055 0.311198 0.580078 0.309896
0 0.579102 0.375000 0.575195 0.378906 0.574219 0.378906 0.567383 0.388021 0.567383 0.389323 0.562500 0.394531 0.561523 0.397135 0.561523 0.404948 0.565430 0.411458 0.566406 0.415365 0.569336 0.419271 0.569336 0.423177 0.578125 0.433594 0.582031 0.434896 0.583008 0.436198 0.585938 0.436198 0.586914 0.437500 0.591797 0.437500 0.592773 0.436198 0.595703 0.436198 0.600586 0.430990 0.601562 0.430990 0.604492 0.427083 0.605469 0.427083 0.608398 0.423177 0.608398 0.421875 0.612305 0.416667 0.612305 0.415365 0.614258 0.414062 0.615234 0.408854 0.609375 0.401042 0.607422 0.395833 0.595703 0.378906 0.591797 0.376302 0.588867 0.376302 0.587891 0.375000
0 0.541992 0.533854 0.541992 0.539062 0.540039 0.541667 0.538086 0.542969 0.529297 0.541667 0.527344 0.545573 0.527344 0.549479 0.525391 0.554688 0.525391 0.557292 0.520508 0.570312 0.521484 0.571615 0.522461 0.580729 0.525391 0.588542 0.527344 0.591146 0.528320 0.591146 0.533203 0.596354 0.535156 0.596354 0.537109 0.598958 0.545898 0.601562 0.546875 0.600260 0.548828 0.600260 0.552734 0.595052 0.553711 0.592448 0.553711 0.589844 0.554688 0.588542 0.554688 0.585938 0.559570 0.576823 0.559570 0.574219 0.560547 0.572917 0.560547 0.558594 0.559570 0.557292 0.559570 0.553385 0.556641 0.549479 0.554688 0.544271 0.551758 0.540365 0.547852 0.537760 0.544922 0.533854
0 0.626953 0.675781 0.626953 0.684896 0.625000 0.688802 0.625000 0.695312 0.625977 0.696615 0.625977 0.699219 0.628906 0.704427 0.628906 0.705729 0.629883 0.707031 0.629883 0.709635 0.630859 0.710938 0.630859 0.723958 0.635742 0.727865 0.642578 0.727865 0.643555 0.726562 0.645508 0.726562 0.650391 0.722656 0.652344 0.722656 0.653320 0.721354 0.656250 0.720052 0.660156 0.714844 0.660156 0.713542 0.662109 0.710938 0.662109 0.703125 0.661133 0.701823 0.660156 0.697917 0.657227 0.695312 0.656250 0.691406 0.650391 0.683594 0.650391 0.682292 0.647461 0.682292 0.646484 0.683594 0.639648 0.683594 0.638672 0.682292 0.636719 0.682292 0.635742 0.683594 0.633789 0.683594 0.630859 0.679688 0.630859 0.677083 0.629883 0.675781
0 0.636719 0.621094 0.635742 0.622396 0.641602 0.631510 0.638672 0.634115 0.636719 0.634115 0.635742 0.632812 0.627930 0.632812 0.626953 0.631510 0.624023 0.634115 0.622070 0.634115 0.620117 0.635417 0.617188 0.643229 0.616211 0.652344 0.620117 0.658854 0.622070 0.665365 0.624023 0.667969 0.626953 0.669271 0.634766 0.678385 0.640625 0.682292 0.644531 0.682292 0.645508 0.680990 0.647461 0.680990 0.650391 0.677083 0.651367 0.677083 0.656250 0.669271 0.656250 0.665365 0.657227 0.664062 0.657227 0.661458 0.658203 0.660156 0.658203 0.654948 0.659180 0.653646 0.659180 0.645833 0.658203 0.644531 0.658203 0.640625 0.654297 0.634115 0.654297 0.632812 0.653320 0.632812 0.646484 0.625000 0.644531 0.625000 0.638672 0.621094
0 0.722656 0.704427 0.721680 0.703125 0.721680 0.700521 0.720703 0.699219 0.717773 0.699219 0.716797 0.697917 0.715820 0.697917 0.713867 0.700521 0.712891 0.700521 0.711914 0.701823 0.709961 0.701823 0.708984 0.703125 0.704102 0.703125 0.701172 0.705729 0.697266 0.705729 0.696289 0.707031 0.692383 0.707031 0.691406 0.708333 0.689453 0.708333 0.688477 0.709635 0.686523 0.709635 0.685547 0.710938 0.681641 0.710938 0.681641 0.712240 0.679688 0.714844 0.680664 0.714844 0.684570 0.720052 0.684570 0.723958 0.683594 0.725260 0.684570 0.725260 0.687500 0.727865 0.689453 0.727865 0.692383 0.731771 0.695312 0.731771 0.696289 0.730469 0.697266 0.730469 0.699219 0.734375 0.700195 0.734375 0.701172 0.735677 0.705078 0.735677 0.709961 0.730469 0.710938 0.730469 0.711914 0.729167 0.713867 0.729167 0.714844 0.727865 0.714844 0.726562 0.721680 0.717448 0.721680 0.714844 0.722656 0.713542
0 0.583008 0.536458 0.580078 0.541667 0.577148 0.542969 0.574219 0.546875 0.573242 0.546875 0.569336 0.552083 0.569336 0.553385 0.568359 0.554688 0.567383 0.554688 0.564453 0.557292 0.564453 0.572917 0.563477 0.574219 0.563477 0.580729 0.564453 0.582031 0.564453 0.584635 0.566406 0.587240 0.567383 0.587240 0.570312 0.591146 0.571289 0.591146 0.576172 0.595052 0.584961 0.595052 0.585938 0.596354 0.588867 0.596354 0.589844 0.595052 0.593750 0.595052 0.594727 0.593750 0.595703 0.593750 0.599609 0.588542 0.599609 0.587240 0.601562 0.583333 0.601562 0.574219 0.600586 0.572917 0.600586 0.570312 0.599609 0.569010 0.599609 0.565104 0.598633 0.563802 0.598633 0.557292 0.597656 0.555990 0.597656 0.553385 0.596680 0.552083 0.594727 0.545573 0.591797 0.541667
0 0.603516 0.582031 0.601562 0.584635 0.601562 0.585938 0.599609 0.588542 0.599609 0.589844 0.595703 0.595052 0.594727 0.595052 0.593750 0.596354 0.590820 0.596354 0.589844 0.597656 0.588867 0.597656 0.586914 0.600260 0.586914 0.606771 0.587891 0.608073 0.588867 0.611979 0.592773 0.617188 0.595703 0.618490 0.597656 0.621094 0.598633 0.621094 0.601562 0.623698 0.609375 0.623698 0.610352 0.622396 0.614258 0.622396 0.615234 0.621094 0.616211 0.621094 0.618164 0.618490 0.619141 0.618490 0.622070 0.614583 0.625000 0.613281 0.627930 0.609375 0.627930 0.608073 0.628906 0.606771 0.628906 0.601562 0.627930 0.600260 0.627930 0.598958 0.626953 0.598958 0.625977 0.597656 0.622070 0.597656 0.621094 0.596354 0.619141 0.596354 0.618164 0.595052 0.617188 0.595052 0.615234 0.592448 0.614258 0.592448 0.609375 0.585938 0.609375 0.584635 0.608398 0.583333 0.607422 0.583333 0.606445 0.582031
0 0.665039 0.582031 0.662109 0.578125 0.659180 0.576823 0.654297 0.571615 0.650391 0.571615 0.649414 0.572917 0.649414 0.574219 0.648438 0.575521 0.648438 0.576823 0.647461 0.578125 0.646484 0.582031 0.642578 0.587240 0.641602 0.587240 0.640625 0.588542 0.638672 0.588542 0.632812 0.596354 0.631836 0.596354 0.629883 0.598958 0.629883 0.611979 0.631836 0.614583 0.633789 0.614583 0.634766 0.615885 0.638672 0.615885 0.639648 0.617188 0.641602 0.617188 0.642578 0.618490 0.650391 0.618490 0.651367 0.617188 0.653320 0.617188 0.655273 0.614583 0.658203 0.613281 0.664062 0.605469 0.664062 0.601562 0.666016 0.597656 0.666016 0.585938 0.665039 0.584635
0 0.613281 0.531250 0.610352 0.533854 0.611328 0.536458 0.614258 0.536458 0.615234 0.537760 0.613281 0.540365 0.606445 0.540365 0.603516 0.542969 0.603516 0.546875 0.602539 0.548177 0.602539 0.570312 0.604492 0.572917 0.606445 0.579427 0.615234 0.592448 0.622070 0.596354 0.629883 0.596354 0.630859 0.595052 0.632812 0.595052 0.634766 0.592448 0.635742 0.588542 0.638672 0.584635 0.639648 0.584635 0.642578 0.580729 0.645508 0.580729 0.645508 0.578125 0.647461 0.574219 0.647461 0.571615 0.649414 0.566406 0.649414 0.555990 0.648438 0.554688 0.648438 0.552083 0.642578 0.539062 0.641602 0.539062 0.634766 0.532552 0.630859 0.532552 0.629883 0.531250 0.624023 0.531250 0.623047 0.529948 0.621094 0.531250
0 0.599609 0.446615 0.587891 0.446615 0.585938 0.447917 0.577148 0.458333 0.576172 0.460938 0.576172 0.463542 0.574219 0.467448 0.574219 0.471354 0.573242 0.472656 0.573242 0.485677 0.577148 0.496094 0.579102 0.498698 0.579102 0.500000 0.587891 0.511719 0.590820 0.511719 0.591797 0.510417 0.593750 0.510417 0.597656 0.506510 0.603516 0.502604 0.606445 0.502604 0.610352 0.496094 0.614258 0.493490 0.618164 0.488281 0.618164 0.485677 0.619141 0.484375 0.619141 0.477865 0.618164 0.476562 0.618164 0.472656 0.617188 0.471354 0.617188 0.466146 0.615234 0.460938 0.610352 0.454427 0.609375 0.454427 0.604492 0.449219 0.602539 0.447917 0.600586 0.447917
0 0.639648 0.471354 0.630859 0.471354 0.627930 0.473958 0.625000 0.473958 0.624023 0.475260 0.622070 0.475260 0.621094 0.476562 0.621094 0.480469 0.620117 0.481771 0.620117 0.486979 0.617188 0.493490 0.616211 0.500000 0.611328 0.506510 0.610352 0.506510 0.610352 0.514323 0.611328 0.515625 0.614258 0.516927 0.615234 0.518229 0.615234 0.519531 0.619141 0.524740 0.620117 0.524740 0.621094 0.526042 0.630859 0.528646 0.631836 0.527344 0.634766 0.527344 0.635742 0.526042 0.638672 0.526042 0.639648 0.524740 0.642578 0.524740 0.643555 0.523438 0.644531 0.523438 0.644531 0.522135 0.651367 0.505208 0.651367 0.502604 0.652344 0.501302 0.652344 0.492188 0.651367 0.490885 0.651367 0.485677 0.650391 0.484375 0.649414 0.480469 0.646484 0.476562 0.644531 0.476562 0.641602 0.472656 0.640625 0.472656
0 0.618164 0.412760 0.613281 0.417969 0.613281 0.419271 0.610352 0.423177 0.609375 0.425781 0.609375 0.428385 0.608398 0.429688 0.609375 0.430990 0.609375 0.445312 0.610352 0.447917 0.612305 0.450521 0.613281 0.454427 0.618164 0.460938 0.622070 0.463542 0.625977 0.463542 0.626953 0.464844 0.635742 0.464844 0.636719 0.466146 0.641602 0.466146 0.642578 0.463542 0.653320 0.450521 0.655273 0.444010 0.658203 0.440104 0.659180 0.440104 0.659180 0.433594 0.658203 0.432292 0.658203 0.429688 0.656250 0.424479 0.652344 0.417969 0.648438 0.415365 0.643555 0.414062 0.642578 0.412760 0.639648 0.412760 0.638672 0.411458 0.628906 0.411458 0.626953 0.410156 0.623047 0.412760
0 0.607422 0.334635 0.603516 0.339844 0.603516 0.351562 0.602539 0.352865 0.602539 0.359375 0.601562 0.360677 0.601562 0.364583 0.602539 0.365885 0.602539 0.380208 0.604492 0.384115 0.606445 0.384115 0.612305 0.388021 0.614258 0.390625 0.616211 0.390625 0.617188 0.391927 0.621094 0.391927 0.622070 0.393229 0.629883 0.393229 0.630859 0.391927 0.635742 0.390625 0.643555 0.380208 0.644531 0.377604 0.643555 0.375000 0.643555 0.368490 0.642578 0.367188 0.642578 0.358073 0.641602 0.356771 0.641602 0.348958 0.640625 0.346354 0.636719 0.341146 0.635742 0.341146 0.633789 0.338542 0.632812 0.338542 0.625977 0.332031 0.623047 0.332031 0.622070 0.330729 0.613281 0.330729
0 0.638672 0.274740 0.633789 0.279948 0.631836 0.279948 0.628906 0.283854 0.627930 0.287760 0.625977 0.290365 0.625977 0.292969 0.624023 0.298177 0.624023 0.312500 0.623047 0.315104 0.625000 0.320312 0.635742 0.334635 0.636719 0.338542 0.640625 0.343750 0.642578 0.345052 0.653320 0.345052 0.657227 0.342448 0.662109 0.335938 0.665039 0.334635 0.668945 0.328125 0.669922 0.328125 0.675781 0.320312 0.676758 0.320312 0.677734 0.317708 0.678711 0.307292 0.670898 0.289062 0.665039 0.286458 0.655273 0.277344 0.652344 0.277344 0.651367 0.276042 0.646484 0.276042 0.645508 0.274740
0 0.683594 0.242188 0.686523 0.246094 0.684570 0.248698 0.684570 0.255208 0.685547 0.256510 0.684570 0.264323 0.680664 0.273438 0.676758 0.278646 0.676758 0.281250 0.674805 0.285156 0.674805 0.289062 0.676758 0.291667 0.678711 0.296875 0.683594 0.303385 0.685547 0.303385 0.686523 0.304688 0.690430 0.304688 0.691406 0.303385 0.694336 0.303385 0.695312 0.302083 0.700195 0.302083 0.701172 0.300781 0.704102 0.300781 0.708008 0.298177 0.711914 0.298177 0.712891 0.296875 0.716797 0.295573 0.716797 0.294271 0.721680 0.285156 0.721680 0.279948 0.720703 0.278646 0.720703 0.274740 0.719727 0.273438 0.718750 0.266927 0.716797 0.261719 0.710938 0.252604 0.710938 0.250000 0.708008 0.244792 0.708008 0.243490 0.706055 0.242188 0.702148 0.242188 0.701172 0.243490 0.700195 0.242188 0.696289 0.242188 0.695312 0.240885 0.686523 0.240885 0.685547 0.242188
0 0.684570 0.321615 0.680664 0.326823 0.679688 0.326823 0.676758 0.330729 0.676758 0.332031 0.675781 0.333333 0.675781 0.342448 0.676758 0.343750 0.676758 0.351562 0.677734 0.352865 0.677734 0.361979 0.679688 0.365885 0.680664 0.365885 0.683594 0.368490 0.685547 0.368490 0.686523 0.369792 0.687500 0.369792 0.690430 0.373698 0.691406 0.373698 0.692383 0.375000 0.698242 0.375000 0.699219 0.373698 0.701172 0.373698 0.702148 0.372396 0.705078 0.371094 0.707031 0.367188 0.707031 0.359375 0.708008 0.358073 0.708008 0.354167 0.708984 0.352865 0.708984 0.338542 0.708008 0.337240 0.708008 0.333333 0.706055 0.329427 0.705078 0.329427 0.701172 0.324219 0.700195 0.324219 0.698242 0.321615 0.695312 0.321615 0.694336 0.320312 0.688477 0.320312 0.687500 0.321615
0 0.650391 0.371094 0.645508 0.382812 0.645508 0.386719 0.644531 0.388021 0.642578 0.388021 0.642578 0.403646 0.643555 0.403646 0.650391 0.414062 0.653320 0.415365 0.658203 0.421875 0.660156 0.421875 0.663086 0.424479 0.666016 0.424479 0.666992 0.425781 0.676758 0.427083 0.678711 0.424479 0.679688 0.424479 0.680664 0.421875 0.684570 0.419271 0.689453 0.412760 0.691406 0.407552 0.694336 0.403646 0.694336 0.399740 0.695312 0.398438 0.695312 0.391927 0.696289 0.390625 0.695312 0.381510 0.692383 0.376302 0.689453 0.375000 0.687500 0.372396 0.683594 0.371094 0.676758 0.365885 0.673828 0.365885 0.672852 0.364583 0.666016 0.364583 0.662109 0.367188 0.656250 0.367188
0 0.711914 0.364583 0.709961 0.365885 0.704102 0.373698 0.703125 0.373698 0.701172 0.376302 0.697266 0.378906 0.697266 0.386719 0.698242 0.388021 0.698242 0.407552 0.701172 0.412760 0.701172 0.415365 0.699219 0.417969 0.700195 0.419271 0.705078 0.420573 0.708984 0.425781 0.710938 0.427083 0.715820 0.427083 0.716797 0.425781 0.718750 0.425781 0.720703 0.424479 0.722656 0.421875 0.722656 0.420573 0.724609 0.419271 0.724609 0.417969 0.728516 0.412760 0.728516 0.411458 0.730469 0.408854 0.731445 0.408854 0.740234 0.397135 0.740234 0.395833 0.739258 0.394531 0.739258 0.390625 0.737305 0.388021 0.736328 0.384115 0.731445 0.377604 0.729492 0.372396 0.721680 0.367188 0.719727 0.367188 0.718750 0.365885 0.715820 0.365885 0.714844 0.364583
0 0.658203 0.467448 0.658203 0.468750 0.654297 0.473958 0.653320 0.473958 0.653320 0.484375 0.654297 0.485677 0.654297 0.488281 0.656250 0.493490 0.656250 0.497396 0.662109 0.505208 0.663086 0.505208 0.665039 0.507812 0.668945 0.510417 0.671875 0.514323 0.673828 0.515625 0.675781 0.515625 0.678711 0.518229 0.685547 0.518229 0.689453 0.514323 0.690430 0.514323 0.696289 0.506510 0.697266 0.503906 0.697266 0.496094 0.698242 0.494792 0.698242 0.484375 0.697266 0.483073 0.697266 0.473958 0.694336 0.468750 0.690430 0.466146 0.685547 0.459635 0.682617 0.459635 0.680664 0.458333 0.676758 0.462240 0.674805 0.460938 0.669922 0.460938 0.668945 0.464844 0.666992 0.467448 0.664062 0.467448 0.661133 0.472656
0 0.650391 0.522135 0.648438 0.524740 0.648438 0.527344 0.647461 0.528646 0.647461 0.531250 0.646484 0.532552 0.645508 0.539062 0.649414 0.548177 0.649414 0.550781 0.651367 0.555990 0.651367 0.559896 0.652344 0.561198 0.652344 0.566406 0.653320 0.569010 0.655273 0.570312 0.658203 0.574219 0.664062 0.578125 0.673828 0.578125 0.680664 0.570312 0.684570 0.559896 0.684570 0.557292 0.685547 0.555990 0.685547 0.553385 0.687500 0.549479 0.687500 0.545573 0.688477 0.544271 0.688477 0.541667 0.687500 0.540365 0.687500 0.536458 0.685547 0.533854 0.685547 0.532552 0.684570 0.532552 0.676758 0.522135 0.674805 0.520833 0.671875 0.520833 0.670898 0.519531 0.662109 0.519531 0.661133 0.520833 0.653320 0.520833 0.652344 0.522135
0 0.740234 0.653646 0.735352 0.653646 0.734375 0.654948 0.727539 0.656250 0.724609 0.661458 0.721680 0.661458 0.718750 0.666667 0.718750 0.678385 0.715820 0.682292 0.714844 0.682292 0.714844 0.686198 0.715820 0.687500 0.716797 0.692708 0.718750 0.694010 0.722656 0.694010 0.723633 0.692708 0.733398 0.692708 0.734375 0.694010 0.737305 0.694010 0.738281 0.695312 0.737305 0.696615 0.737305 0.699219 0.735352 0.701823 0.734375 0.700521 0.731445 0.700521 0.728516 0.697917 0.724609 0.699219 0.723633 0.700521 0.723633 0.705729 0.724609 0.707031 0.732422 0.707031 0.733398 0.708333 0.737305 0.708333 0.739258 0.705729 0.743164 0.704427 0.744141 0.703125 0.744141 0.696615 0.748047 0.690104 0.750000 0.684896 0.750000 0.680990 0.747070 0.673177 0.746094 0.664062 0.744141 0.658854
0 0.666992 0.604167 0.666992 0.605469 0.662109 0.611979 0.662109 0.613281 0.660156 0.615885 0.660156 0.625000 0.661133 0.626302 0.661133 0.631510 0.662109 0.632812 0.664062 0.639323 0.667969 0.644531 0.668945 0.644531 0.669922 0.645833 0.671875 0.645833 0.674805 0.648438 0.679688 0.648438 0.680664 0.649740 0.684570 0.649740 0.685547 0.651042 0.689453 0.651042 0.690430 0.652344 0.697266 0.652344 0.698242 0.651042 0.699219 0.651042 0.704102 0.639323 0.704102 0.621094 0.703125 0.619792 0.703125 0.617188 0.702148 0.615885 0.701172 0.611979 0.696289 0.605469 0.694336 0.605469 0.693359 0.604167 0.686523 0.604167 0.685547 0.602865 0.682617 0.602865 0.681641 0.601562 0.678711 0.601562 0.677734 0.600260 0.676758 0.600260 0.675781 0.601562 0.670898 0.601562 0.669922 0.602865
0 0.688477 0.552083 0.687500 0.553385 0.687500 0.555990 0.686523 0.557292 0.683594 0.566406 0.681641 0.569010 0.681641 0.570312 0.679688 0.574219 0.679688 0.576823 0.676758 0.580729 0.677734 0.582031 0.677734 0.588542 0.676758 0.589844 0.679688 0.593750 0.679688 0.595052 0.686523 0.600260 0.688477 0.600260 0.689453 0.601562 0.692383 0.601562 0.693359 0.602865 0.695312 0.602865 0.696289 0.604167 0.699219 0.604167 0.700195 0.605469 0.701172 0.605469 0.702148 0.604167 0.704102 0.604167 0.707031 0.598958 0.707031 0.597656 0.708984 0.595052 0.709961 0.595052 0.710938 0.593750 0.716797 0.593750 0.717773 0.592448 0.717773 0.579427 0.716797 0.578125 0.716797 0.575521 0.715820 0.574219 0.715820 0.565104 0.714844 0.563802 0.713867 0.559896 0.712891 0.559896 0.708984 0.555990 0.707031 0.555990 0.704102 0.553385 0.701172 0.553385 0.700195 0.552083
0 0.781250 0.628906 0.778320 0.627604 0.774414 0.632812 0.773438 0.631510 0.766602 0.631510 0.756836 0.644531 0.755859 0.644531 0.752930 0.647135 0.749023 0.647135 0.748047 0.645833 0.748047 0.647135 0.747070 0.648438 0.747070 0.652344 0.748047 0.653646 0.748047 0.662760 0.749023 0.664062 0.749023 0.666667 0.750000 0.667969 0.750000 0.671875 0.750977 0.673177 0.750977 0.674479 0.755859 0.682292 0.763672 0.682292 0.766602 0.679688 0.768555 0.679688 0.769531 0.678385 0.774414 0.677083 0.775391 0.675781 0.778320 0.674479 0.781250 0.670573 0.782227 0.670573 0.784180 0.667969 0.785156 0.667969 0.788086 0.664062 0.788086 0.660156 0.789062 0.658854 0.789062 0.656250 0.790039 0.654948 0.790039 0.647135 0.789062 0.645833 0.788086 0.639323 0.783203 0.632812 0.783203 0.631510
0 0.747070 0.591146 0.746094 0.591146 0.741211 0.587240 0.738281 0.587240 0.737305 0.585938 0.730469 0.585938 0.729492 0.587240 0.727539 0.587240 0.720703 0.592448 0.720703 0.595052 0.719727 0.596354 0.719727 0.600260 0.717773 0.602865 0.715820 0.602865 0.714844 0.604167 0.710938 0.604167 0.709961 0.605469 0.707031 0.605469 0.706055 0.606771 0.706055 0.608073 0.707031 0.609375 0.707031 0.611979 0.708008 0.613281 0.708008 0.614583 0.709961 0.617188 0.709961 0.618490 0.711914 0.621094 0.711914 0.622396 0.713867 0.625000 0.714844 0.625000 0.717773 0.627604 0.719727 0.627604 0.725586 0.632812 0.731445 0.632812 0.732422 0.631510 0.733398 0.631510 0.735352 0.628906 0.736328 0.628906 0.736328 0.627604 0.741211 0.621094 0.741211 0.619792 0.743164 0.617188 0.743164 0.615885 0.749023 0.606771 0.749023 0.595052 0.747070 0.592448
0 0.748047 0.544271 0.746094 0.544271 0.745117 0.542969 0.743164 0.542969 0.742188 0.541667 0.740234 0.541667 0.739258 0.540365 0.737305 0.540365 0.736328 0.539062 0.728516 0.539062 0.727539 0.540365 0.723633 0.540365 0.722656 0.541667 0.721680 0.541667 0.719727 0.544271 0.718750 0.544271 0.715820 0.546875 0.715820 0.548177 0.714844 0.549479 0.714844 0.557292 0.715820 0.558594 0.715820 0.561198 0.716797 0.562500 0.716797 0.572917 0.718750 0.576823 0.718750 0.582031 0.719727 0.583333 0.719727 0.585938 0.720703 0.587240 0.723633 0.587240 0.724609 0.585938 0.727539 0.585938 0.728516 0.584635 0.735352 0.584635 0.736328 0.583333 0.739258 0.583333 0.740234 0.582031 0.741211 0.582031 0.743164 0.579427 0.744141 0.579427 0.745117 0.578125 0.747070 0.578125 0.750000 0.575521 0.750000 0.574219 0.751953 0.570312 0.751953 0.566406 0.752930 0.565104 0.752930 0.558594 0.751953 0.557292 0.751953 0.554688 0.750977 0.553385 0.750977 0.548177
0 0.727539 0.506510 0.723633 0.506510 0.722656 0.505208 0.718750 0.505208 0.717773 0.503906 0.715820 0.503906 0.714844 0.502604 0.712891 0.502604 0.711914 0.501302 0.707031 0.501302 0.706055 0.502604 0.704102 0.502604 0.703125 0.503906 0.700195 0.503906 0.699219 0.505208 0.698242 0.505208 0.697266 0.506510 0.697266 0.507812 0.694336 0.511719 0.693359 0.511719 0.691406 0.515625 0.688477 0.516927 0.686523 0.519531 0.686523 0.529948 0.687500 0.531250 0.690430 0.540365 0.693359 0.544271 0.694336 0.544271 0.697266 0.546875 0.707031 0.546875 0.708008 0.545573 0.712891 0.544271 0.713867 0.542969 0.716797 0.541667 0.718750 0.539062 0.719727 0.539062 0.724609 0.532552 0.724609 0.531250 0.726562 0.528646 0.726562 0.527344 0.727539 0.526042 0.727539 0.523438 0.728516 0.522135 0.728516 0.515625 0.727539 0.514323
0 0.719727 0.440104 0.719727 0.442708 0.720703 0.444010 0.715820 0.451823 0.713867 0.449219 0.713867 0.445312 0.711914 0.445312 0.711914 0.446615 0.709961 0.449219 0.708984 0.449219 0.708984 0.450521 0.712891 0.450521 0.714844 0.453125 0.714844 0.455729 0.713867 0.457031 0.713867 0.466146 0.708984 0.473958 0.708008 0.473958 0.705078 0.468750 0.703125 0.470052 0.703125 0.472656 0.702148 0.473958 0.702148 0.476562 0.703125 0.477865 0.703125 0.486979 0.704102 0.488281 0.704102 0.490885 0.708984 0.498698 0.712891 0.500000 0.715820 0.502604 0.718750 0.502604 0.719727 0.503906 0.727539 0.503906 0.728516 0.502604 0.733398 0.502604 0.736328 0.498698 0.737305 0.494792 0.742188 0.486979 0.747070 0.473958 0.747070 0.466146 0.746094 0.463542 0.740234 0.455729 0.736328 0.446615 0.732422 0.444010 0.723633 0.442708 0.722656 0.440104
0 0.754883 0.481771 0.746094 0.488281 0.744141 0.488281 0.739258 0.494792 0.738281 0.498698 0.734375 0.503906 0.733398 0.506510 0.733398 0.524740 0.735352 0.529948 0.744141 0.535156 0.748047 0.539062 0.750977 0.539062 0.751953 0.540365 0.764648 0.540365 0.766602 0.541667 0.768555 0.540365 0.772461 0.535156 0.772461 0.533854 0.781250 0.522135 0.782227 0.519531 0.782227 0.515625 0.781250 0.514323 0.781250 0.511719 0.780273 0.509115 0.774414 0.501302 0.772461 0.494792 0.765625 0.485677 0.759766 0.481771
0 0.790039 0.563802 0.789062 0.563802 0.785156 0.559896 0.781250 0.559896 0.780273 0.558594 0.778320 0.558594 0.775391 0.562500 0.766602 0.562500 0.765625 0.563802 0.760742 0.563802 0.759766 0.562500 0.758789 0.562500 0.756836 0.565104 0.755859 0.565104 0.753906 0.571615 0.751953 0.574219 0.751953 0.575521 0.750000 0.579427 0.750000 0.582031 0.750977 0.583333 0.750977 0.587240 0.750000 0.588542 0.750000 0.589844 0.753906 0.593750 0.754883 0.597656 0.755859 0.597656 0.757812 0.600260 0.757812 0.601562 0.758789 0.601562 0.765625 0.606771 0.772461 0.606771 0.773438 0.605469 0.778320 0.605469 0.779297 0.604167 0.781250 0.604167 0.782227 0.602865 0.785156 0.602865 0.786133 0.601562 0.788086 0.601562 0.790039 0.598958 0.791016 0.598958 0.793945 0.595052 0.793945 0.593750 0.794922 0.592448 0.794922 0.583333 0.793945 0.582031 0.793945 0.570312 0.792969 0.569010 0.792969 0.567708
0 0.805664 0.584635 0.800781 0.584635 0.798828 0.587240 0.797852 0.587240 0.796875 0.588542 0.796875 0.591146 0.794922 0.593750 0.794922 0.595052 0.792969 0.597656 0.792969 0.598958 0.791992 0.600260 0.791016 0.600260 0.787109 0.605469 0.785156 0.605469 0.784180 0.606771 0.782227 0.606771 0.781250 0.608073 0.779297 0.608073 0.778320 0.609375 0.775391 0.610677 0.775391 0.611979 0.776367 0.613281 0.776367 0.615885 0.778320 0.618490 0.778320 0.619792 0.782227 0.625000 0.782227 0.626302 0.785156 0.630208 0.785156 0.631510 0.788086 0.635417 0.789062 0.635417 0.790039 0.636719 0.792969 0.636719 0.793945 0.638021 0.794922 0.636719 0.797852 0.636719 0.798828 0.635417 0.801758 0.634115 0.802734 0.632812 0.803711 0.628906 0.811523 0.618490 0.812500 0.618490 0.815430 0.614583 0.815430 0.613281 0.816406 0.611979 0.816406 0.608073 0.815430 0.606771 0.815430 0.598958 0.816406 0.597656 0.816406 0.595052 0.809570 0.587240 0.808594 0.587240
0 0.875000 0.595052 0.868164 0.595052 0.867188 0.596354 0.866211 0.596354 0.866211 0.600260 0.863281 0.604167 0.861328 0.610677 0.859375 0.613281 0.859375 0.614583 0.858398 0.615885 0.858398 0.617188 0.854492 0.626302 0.854492 0.631510 0.853516 0.632812 0.852539 0.632812 0.850586 0.635417 0.850586 0.639323 0.853516 0.643229 0.854492 0.643229 0.856445 0.645833 0.857422 0.645833 0.858398 0.647135 0.863281 0.647135 0.864258 0.648438 0.865234 0.647135 0.871094 0.647135 0.872070 0.645833 0.874023 0.645833 0.875977 0.643229 0.875977 0.641927 0.876953 0.640625 0.876953 0.638021 0.877930 0.636719 0.877930 0.634115 0.878906 0.632812 0.878906 0.623698 0.879883 0.622396 0.879883 0.618490 0.880859 0.617188 0.881836 0.613281 0.883789 0.610677 0.882812 0.609375 0.882812 0.606771 0.880859 0.604167 0.880859 0.602865 0.876953 0.597656 0.876953 0.596354 0.875977 0.596354
0 0.802734 0.533854 0.800781 0.536458 0.799805 0.536458 0.797852 0.539062 0.796875 0.539062 0.792969 0.544271 0.791992 0.544271 0.791016 0.545573 0.788086 0.545573 0.787109 0.546875 0.787109 0.550781 0.786133 0.552083 0.786133 0.555990 0.787109 0.557292 0.788086 0.561198 0.790039 0.563802 0.791016 0.563802 0.793945 0.567708 0.793945 0.569010 0.794922 0.570312 0.794922 0.582031 0.795898 0.582031 0.796875 0.583333 0.803711 0.583333 0.804688 0.582031 0.806641 0.582031 0.811523 0.575521 0.812500 0.575521 0.813477 0.574219 0.813477 0.572917 0.815430 0.570312 0.815430 0.567708 0.817383 0.565104 0.817383 0.563802 0.818359 0.562500 0.818359 0.552083 0.817383 0.550781 0.817383 0.548177 0.816406 0.546875 0.816406 0.544271 0.815430 0.542969 0.815430 0.540365 0.814453 0.540365 0.813477 0.539062 0.810547 0.539062 0.809570 0.537760 0.808594 0.537760 0.807617 0.536458 0.805664 0.536458
0 0.802734 0.510417 0.800781 0.507812 0.799805 0.507812 0.798828 0.506510 0.794922 0.506510 0.792969 0.509115 0.791992 0.509115 0.787109 0.515625 0.785156 0.515625 0.784180 0.516927 0.783203 0.516927 0.783203 0.518229 0.782227 0.519531 0.782227 0.520833 0.780273 0.523438 0.780273 0.524740 0.774414 0.532552 0.774414 0.533854 0.772461 0.537760 0.774414 0.540365 0.776367 0.540365 0.779297 0.542969 0.790039 0.542969 0.791016 0.541667 0.793945 0.541667 0.797852 0.536458 0.798828 0.536458 0.801758 0.532552 0.801758 0.522135 0.802734 0.520833
0 0.782227 0.438802 0.779297 0.442708 0.776367 0.444010 0.767578 0.454427 0.764648 0.455729 0.764648 0.467448 0.767578 0.471354 0.770508 0.472656 0.774414 0.479167 0.777344 0.479167 0.778320 0.477865 0.781250 0.477865 0.782227 0.476562 0.783203 0.476562 0.790039 0.485677 0.793945 0.485677 0.794922 0.484375 0.795898 0.480469 0.799805 0.475260 0.799805 0.473958 0.802734 0.467448 0.802734 0.464844 0.803711 0.463542 0.803711 0.457031 0.802734 0.455729 0.802734 0.454427 0.793945 0.442708 0.792969 0.442708 0.790039 0.438802 0.788086 0.438802 0.787109 0.437500 0.786133 0.437500 0.785156 0.438802
0 0.748047 0.394531 0.744141 0.398438 0.742188 0.408854 0.744141 0.410156 0.747070 0.403646 0.750000 0.403646 0.752930 0.407552 0.752930 0.408854 0.750977 0.411458 0.748047 0.420573 0.748047 0.427083 0.749023 0.428385 0.748047 0.433594 0.745117 0.437500 0.742188 0.437500 0.740234 0.438802 0.740234 0.441406 0.742188 0.444010 0.747070 0.446615 0.751953 0.453125 0.752930 0.458333 0.756836 0.459635 0.761719 0.455729 0.763672 0.455729 0.771484 0.446615 0.774414 0.445312 0.777344 0.441406 0.778320 0.441406 0.783203 0.434896 0.783203 0.432292 0.784180 0.430990 0.784180 0.421875 0.783203 0.420573 0.783203 0.415365 0.782227 0.412760 0.778320 0.407552 0.774414 0.404948 0.772461 0.404948 0.769531 0.402344 0.767578 0.402344 0.762695 0.398438 0.758789 0.398438 0.756836 0.395833 0.750977 0.395833 0.750000 0.394531
0 0.787109 0.341146 0.786133 0.341146 0.783203 0.345052 0.782227 0.345052 0.784180 0.350260 0.783203 0.351562 0.781250 0.351562 0.779297 0.348958 0.777344 0.350260 0.776367 0.354167 0.773438 0.358073 0.772461 0.358073 0.767578 0.363281 0.766602 0.365885 0.766602 0.369792 0.764648 0.373698 0.764648 0.382812 0.765625 0.384115 0.765625 0.388021 0.762695 0.391927 0.765625 0.394531 0.767578 0.394531 0.774414 0.402344 0.778320 0.404948 0.782227 0.404948 0.783203 0.403646 0.785156 0.403646 0.790039 0.393229 0.794922 0.393229 0.795898 0.391927 0.795898 0.388021 0.802734 0.377604 0.805664 0.369792 0.804688 0.363281 0.802734 0.360677 0.802734 0.359375 0.800781 0.358073 0.800781 0.356771 0.794922 0.347656 0.794922 0.346354
0 0.835938 0.325521 0.835938 0.326823 0.833984 0.329427 0.833984 0.335938 0.836914 0.337240 0.838867 0.339844 0.837891 0.341146 0.837891 0.343750 0.836914 0.345052 0.836914 0.347656 0.835938 0.348958 0.835938 0.351562 0.834961 0.354167 0.830078 0.360677 0.830078 0.363281 0.829102 0.364583 0.829102 0.368490 0.828125 0.369792 0.828125 0.375000 0.827148 0.376302 0.828125 0.377604 0.828125 0.380208 0.829102 0.381510 0.831055 0.381510 0.834961 0.384115 0.837891 0.384115 0.838867 0.385417 0.847656 0.385417 0.848633 0.384115 0.854492 0.384115 0.862305 0.377604 0.862305 0.372396 0.861328 0.371094 0.861328 0.364583 0.863281 0.361979 0.866211 0.354167 0.866211 0.351562 0.868164 0.347656 0.868164 0.341146 0.860352 0.328125 0.848633 0.328125 0.847656 0.326823 0.843750 0.326823 0.842773 0.325521
0 0.815430 0.364583 0.812500 0.364583 0.811523 0.363281 0.808594 0.363281 0.805664 0.360677 0.801758 0.360677 0.801758 0.368490 0.802734 0.369792 0.802734 0.371094 0.801758 0.372396 0.801758 0.376302 0.800781 0.377604 0.800781 0.378906 0.792969 0.389323 0.791992 0.389323 0.787109 0.395833 0.786133 0.395833 0.786133 0.397135 0.784180 0.399740 0.784180 0.401042 0.783203 0.402344 0.783203 0.404948 0.785156 0.408854 0.788086 0.410156 0.790039 0.412760 0.792969 0.412760 0.793945 0.414062 0.797852 0.414062 0.799805 0.411458 0.800781 0.411458 0.804688 0.406250 0.804688 0.404948 0.807617 0.401042 0.807617 0.399740 0.808594 0.398438 0.810547 0.391927 0.812500 0.389323 0.812500 0.386719 0.813477 0.385417 0.813477 0.384115 0.817383 0.375000 0.817383 0.367188
0 0.869141 0.348958 0.869141 0.350260 0.865234 0.355469 0.865234 0.356771 0.864258 0.358073 0.864258 0.359375 0.863281 0.360677 0.863281 0.364583 0.862305 0.365885 0.862305 0.377604 0.863281 0.378906 0.868164 0.378906 0.869141 0.380208 0.873047 0.380208 0.874023 0.381510 0.876953 0.381510 0.877930 0.382812 0.878906 0.382812 0.879883 0.384115 0.881836 0.381510 0.881836 0.380208 0.882812 0.378906 0.882812 0.367188 0.883789 0.365885 0.883789 0.361979 0.879883 0.356771 0.878906 0.356771 0.873047 0.348958
0 0.818359 0.398438 0.814453 0.401042 0.810547 0.401042 0.807617 0.404948 0.806641 0.404948 0.801758 0.412760 0.799805 0.414062 0.799805 0.419271 0.800781 0.420573 0.804688 0.420573 0.805664 0.421875 0.805664 0.425781 0.807617 0.428385 0.807617 0.433594 0.805664 0.436198 0.805664 0.437500 0.802734 0.440104 0.798828 0.437500 0.797852 0.438802 0.797852 0.444010 0.799805 0.445312 0.802734 0.449219 0.802734 0.450521 0.803711 0.450521 0.806641 0.454427 0.810547 0.455729 0.813477 0.463542 0.817383 0.466146 0.822266 0.464844 0.830078 0.455729 0.833008 0.454427 0.838867 0.446615 0.841797 0.445312 0.843750 0.442708 0.845703 0.437500 0.845703 0.423177 0.843750 0.417969 0.832031 0.403646 0.828125 0.401042 0.823242 0.401042 0.822266 0.399740 0.819336 0.399740
0 0.889648 0.388021 0.883789 0.388021 0.880859 0.385417 0.875977 0.385417 0.873047 0.382812 0.869141 0.385417 0.866211 0.385417 0.865234 0.386719 0.858398 0.386719 0.855469 0.390625 0.853516 0.390625 0.851562 0.393229 0.850586 0.399740 0.852539 0.402344 0.852539 0.403646 0.850586 0.408854 0.845703 0.414062 0.845703 0.419271 0.848633 0.424479 0.851562 0.425781 0.853516 0.428385 0.853516 0.429688 0.856445 0.434896 0.858398 0.434896 0.864258 0.438802 0.869141 0.438802 0.871094 0.437500 0.878906 0.427083 0.879883 0.427083 0.881836 0.424479 0.885742 0.421875 0.888672 0.421875 0.889648 0.420573 0.893555 0.420573 0.894531 0.419271 0.894531 0.416667 0.893555 0.415365 0.893555 0.404948 0.892578 0.403646 0.892578 0.397135 0.891602 0.395833 0.891602 0.390625
0 0.891602 0.397135 0.890625 0.398438 0.891602 0.399740 0.891602 0.403646 0.890625 0.404948 0.890625 0.407552 0.887695 0.411458 0.887695 0.412760 0.883789 0.417969 0.883789 0.423177 0.885742 0.423177 0.886719 0.421875 0.894531 0.421875 0.894531 0.420573 0.895508 0.419271 0.895508 0.416667 0.894531 0.415365 0.894531 0.410156 0.893555 0.408854 0.893555 0.407552 0.892578 0.406250 0.892578 0.401042 0.891602 0.399740
0 0.848633 0.436198 0.846680 0.438802 0.846680 0.440104 0.844727 0.442708 0.844727 0.444010 0.840820 0.449219 0.837891 0.450521 0.835938 0.457031 0.833008 0.462240 0.833008 0.470052 0.833984 0.471354 0.833984 0.473958 0.835938 0.477865 0.835938 0.481771 0.838867 0.486979 0.839844 0.486979 0.842773 0.489583 0.860352 0.489583 0.863281 0.486979 0.867188 0.475260 0.870117 0.470052 0.870117 0.467448 0.871094 0.466146 0.871094 0.463542 0.872070 0.462240 0.872070 0.455729 0.873047 0.454427 0.873047 0.449219 0.870117 0.444010 0.869141 0.444010 0.867188 0.441406 0.866211 0.441406 0.863281 0.438802 0.860352 0.438802 0.857422 0.436198
0 0.805664 0.492188 0.805664 0.500000 0.809570 0.506510 0.809570 0.509115 0.812500 0.516927 0.807617 0.522135 0.806641 0.528646 0.808594 0.529948 0.810547 0.529948 0.811523 0.531250 0.814453 0.531250 0.818359 0.535156 0.820312 0.535156 0.825195 0.539062 0.833984 0.539062 0.843750 0.532552 0.848633 0.526042 0.849609 0.526042 0.851562 0.520833 0.851562 0.518229 0.852539 0.516927 0.852539 0.513021 0.853516 0.511719 0.853516 0.505208 0.849609 0.500000 0.846680 0.498698 0.841797 0.493490 0.839844 0.493490 0.833984 0.489583 0.832031 0.489583 0.830078 0.486979 0.828125 0.485677 0.826172 0.485677 0.825195 0.484375 0.823242 0.484375 0.822266 0.485677 0.814453 0.485677 0.810547 0.488281 0.808594 0.490885
0 0.894531 0.481771 0.890625 0.477865 0.885742 0.477865 0.884766 0.476562 0.881836 0.476562 0.880859 0.475260 0.872070 0.475260 0.871094 0.476562 0.869141 0.476562 0.866211 0.481771 0.866211 0.483073 0.863281 0.488281 0.863281 0.489583 0.860352 0.493490 0.860352 0.496094 0.857422 0.502604 0.857422 0.505208 0.856445 0.506510 0.856445 0.507812 0.854492 0.511719 0.854492 0.514323 0.853516 0.515625 0.853516 0.522135 0.855469 0.524740 0.857422 0.524740 0.858398 0.526042 0.863281 0.526042 0.864258 0.527344 0.869141 0.527344 0.870117 0.526042 0.872070 0.526042 0.873047 0.524740 0.876953 0.524740 0.877930 0.523438 0.880859 0.523438 0.884766 0.519531 0.885742 0.519531 0.888672 0.515625 0.889648 0.515625 0.892578 0.511719 0.892578 0.510417 0.893555 0.509115 0.893555 0.484375 0.894531 0.483073
0 0.883789 0.424479 0.881836 0.427083 0.880859 0.427083 0.878906 0.429688 0.878906 0.430990 0.877930 0.432292 0.876953 0.432292 0.874023 0.436198 0.874023 0.437500 0.873047 0.438802 0.873047 0.442708 0.874023 0.444010 0.875000 0.450521 0.874023 0.451823 0.874023 0.457031 0.873047 0.458333 0.873047 0.464844 0.872070 0.466146 0.872070 0.470052 0.873047 0.471354 0.876953 0.471354 0.877930 0.472656 0.879883 0.472656 0.880859 0.473958 0.883789 0.473958 0.884766 0.475260 0.887695 0.475260 0.888672 0.476562 0.892578 0.476562 0.893555 0.477865 0.895508 0.477865 0.896484 0.479167 0.897461 0.479167 0.898438 0.477865 0.902344 0.477865 0.903320 0.476562 0.904297 0.476562 0.907227 0.471354 0.907227 0.468750 0.908203 0.467448 0.908203 0.464844 0.909180 0.463542 0.909180 0.459635 0.910156 0.458333 0.910156 0.454427 0.911133 0.453125 0.911133 0.447917 0.912109 0.446615 0.912109 0.440104 0.905273 0.430990 0.902344 0.429688 0.899414 0.425781 0.898438 0.425781 0.897461 0.424479 0.890625 0.424479 0.889648 0.423177 0.887695 0.423177 0.886719 0.424479
0 0.916992 0.440104 0.914062 0.440104 0.913086 0.441406 0.913086 0.445312 0.912109 0.446615 0.912109 0.450521 0.911133 0.451823 0.911133 0.454427 0.910156 0.455729 0.910156 0.458333 0.909180 0.459635 0.909180 0.464844 0.908203 0.466146 0.908203 0.467448 0.907227 0.468750 0.907227 0.470052 0.903320 0.475260 0.902344 0.475260 0.902344 0.476562 0.904297 0.479167 0.910156 0.479167 0.911133 0.477865 0.912109 0.477865 0.915039 0.473958 0.916016 0.473958 0.916992 0.472656 0.917969 0.472656 0.920898 0.468750 0.921875 0.468750 0.924805 0.464844 0.924805 0.463542 0.925781 0.462240 0.925781 0.459635 0.926758 0.458333 0.926758 0.453125 0.925781 0.451823 0.925781 0.450521 0.923828 0.447917 0.923828 0.446615 0.922852 0.445312 0.921875 0.445312 0.918945 0.441406 0.917969 0.441406
0 0.900391 0.484375 0.900391 0.485677 0.897461 0.489583 0.896484 0.489583 0.896484 0.490885 0.895508 0.492188 0.895508 0.516927 0.896484 0.518229 0.896484 0.520833 0.899414 0.522135 0.903320 0.528646 0.904297 0.528646 0.905273 0.529948 0.907227 0.529948 0.908203 0.531250 0.914062 0.531250 0.915039 0.529948 0.918945 0.529948 0.919922 0.528646 0.922852 0.528646 0.925781 0.526042 0.927734 0.526042 0.930664 0.522135 0.930664 0.520833 0.932617 0.516927 0.932617 0.505208 0.931641 0.503906 0.930664 0.500000 0.929688 0.500000 0.925781 0.494792 0.924805 0.494792 0.922852 0.492188 0.921875 0.492188 0.917969 0.486979 0.912109 0.486979 0.911133 0.485677 0.908203 0.485677 0.907227 0.484375
0 0.861328 0.532552 0.861328 0.533854 0.864258 0.535156 0.866211 0.537760 0.866211 0.539062 0.865234 0.540365 0.865234 0.541667 0.862305 0.545573 0.862305 0.549479 0.861328 0.550781 0.861328 0.553385 0.860352 0.554688 0.860352 0.559896 0.859375 0.561198 0.859375 0.566406 0.858398 0.567708 0.858398 0.579427 0.861328 0.582031 0.863281 0.582031 0.868164 0.585938 0.870117 0.585938 0.871094 0.587240 0.873047 0.587240 0.874023 0.588542 0.878906 0.588542 0.879883 0.587240 0.881836 0.587240 0.883789 0.584635 0.885742 0.584635 0.887695 0.587240 0.887695 0.584635 0.888672 0.583333 0.888672 0.544271 0.884766 0.539062 0.881836 0.537760 0.879883 0.535156 0.878906 0.535156 0.875977 0.532552
0 0.488281 0.291667 0.487305 0.292969 0.483398 0.292969 0.482422 0.294271 0.480469 0.294271 0.476562 0.296875 0.472656 0.302083 0.467773 0.316406 0.467773 0.320312 0.466797 0.321615 0.466797 0.332031 0.467773 0.333333 0.467773 0.337240 0.469727 0.342448 0.473633 0.347656 0.481445 0.354167 0.483398 0.354167 0.484375 0.355469 0.489258 0.356771 0.492188 0.359375 0.494141 0.359375 0.495117 0.358073 0.497070 0.358073 0.498047 0.356771 0.500000 0.356771 0.500977 0.355469 0.502930 0.355469 0.503906 0.354167 0.507812 0.352865 0.517578 0.341146 0.520508 0.334635 0.520508 0.330729 0.521484 0.329427 0.521484 0.317708 0.520508 0.316406 0.520508 0.313802 0.517578 0.309896 0.512695 0.307292 0.509766 0.303385 0.503906 0.299479 0.501953 0.299479 0.494141 0.292969
