0 0.107422 0.523438 0.102539 0.524740 0.094727 0.529948 0.091797 0.529948 0.090820 0.531250 0.085938 0.532552 0.080078 0.536458 0.077148 0.541667 0.077148 0.553385 0.078125 0.554688 0.078125 0.557292 0.079102 0.559896 0.082031 0.563802 0.082031 0.565104 0.087891 0.572917 0.088867 0.572917 0.094727 0.579427 0.097656 0.579427 0.098633 0.580729 0.102539 0.580729 0.103516 0.582031 0.105469 0.580729 0.107422 0.580729 0.109375 0.578125 0.111328 0.578125 0.114258 0.575521 0.121094 0.574219 0.121094 0.569010 0.119141 0.565104 0.120117 0.562500 0.120117 0.559896 0.121094 0.558594 0.121094 0.545573 0.120117 0.544271 0.120117 0.539062 0.118164 0.539062 0.116211 0.536458 0.114258 0.536458 0.112305 0.533854 0.112305 0.531250 0.110352 0.526042
0 0.127930 0.464844 0.126953 0.467448 0.126953 0.475260 0.127930 0.477865 0.131836 0.483073 0.132812 0.485677 0.132812 0.488281 0.133789 0.489583 0.133789 0.492188 0.136719 0.497396 0.136719 0.500000 0.137695 0.501302 0.137695 0.505208 0.138672 0.506510 0.142578 0.509115 0.146484 0.514323 0.148438 0.514323 0.149414 0.515625 0.154297 0.515625 0.155273 0.514323 0.158203 0.514323 0.162109 0.510417 0.167969 0.506510 0.167969 0.505208 0.169922 0.502604 0.169922 0.501302 0.172852 0.496094 0.171875 0.492188 0.174805 0.488281 0.174805 0.484375 0.171875 0.479167 0.171875 0.477865 0.163086 0.466146 0.162109 0.462240 0.160156 0.459635 0.149414 0.459635 0.148438 0.460938 0.143555 0.460938 0.142578 0.462240 0.140625 0.462240 0.136719 0.464844
0 0.213867 0.411458 0.206055 0.411458 0.205078 0.412760 0.200195 0.412760 0.199219 0.414062 0.190430 0.415365 0.184570 0.419271 0.182617 0.419271 0.181641 0.420573 0.173828 0.423177 0.170898 0.427083 0.168945 0.432292 0.168945 0.449219 0.171875 0.453125 0.172852 0.457031 0.175781 0.460938 0.178711 0.462240 0.181641 0.466146 0.185547 0.468750 0.196289 0.468750 0.200195 0.466146 0.203125 0.466146 0.204102 0.464844 0.207031 0.464844 0.208984 0.463542 0.210938 0.460938 0.211914 0.457031 0.216797 0.450521 0.217773 0.450521 0.218750 0.447917 0.218750 0.444010 0.219727 0.442708 0.219727 0.433594 0.218750 0.432292 0.217773 0.424479 0.213867 0.421875 0.211914 0.419271 0.213867 0.414062
0 0.223633 0.354167 0.217773 0.361979 0.216797 0.361979 0.212891 0.367188 0.212891 0.368490 0.211914 0.369792 0.211914 0.375000 0.210938 0.376302 0.210938 0.381510 0.211914 0.382812 0.211914 0.386719 0.216797 0.391927 0.217773 0.391927 0.232422 0.402344 0.234375 0.402344 0.235352 0.403646 0.241211 0.403646 0.242188 0.402344 0.244141 0.402344 0.247070 0.398438 0.247070 0.395833 0.243164 0.388021 0.243164 0.380208 0.245117 0.376302 0.245117 0.372396 0.246094 0.371094 0.246094 0.369792 0.249023 0.365885 0.249023 0.364583 0.250000 0.363281 0.250000 0.360677 0.248047 0.358073 0.241211 0.358073 0.241211 0.363281 0.240234 0.364583 0.239258 0.364583 0.238281 0.363281 0.235352 0.363281 0.233398 0.360677 0.233398 0.358073 0.234375 0.356771 0.229492 0.355469 0.227539 0.352865 0.226562 0.352865 0.225586 0.354167
0 0.245117 0.308594 0.244141 0.311198 0.244141 0.316406 0.245117 0.317708 0.245117 0.320312 0.247070 0.322917 0.250000 0.330729 0.255859 0.338542 0.257812 0.343750 0.263672 0.351562 0.283203 0.351562 0.284180 0.350260 0.287109 0.350260 0.290039 0.347656 0.291992 0.347656 0.294922 0.345052 0.296875 0.339844 0.297852 0.333333 0.296875 0.332031 0.296875 0.320312 0.293945 0.315104 0.291016 0.315104 0.290039 0.313802 0.287109 0.313802 0.286133 0.312500 0.278320 0.312500 0.275391 0.309896 0.272461 0.309896 0.270508 0.308594 0.264648 0.300781 0.262695 0.295573 0.258789 0.291667 0.254883 0.292969 0.250977 0.298177 0.250977 0.299479
0 0.269531 0.242188 0.263672 0.250000 0.260742 0.259115 0.255859 0.268229 0.255859 0.274740 0.258789 0.282552 0.258789 0.287760 0.263672 0.294271 0.265625 0.299479 0.271484 0.307292 0.275391 0.309896 0.277344 0.309896 0.278320 0.311198 0.292969 0.311198 0.293945 0.309896 0.301758 0.309896 0.302734 0.308594 0.300781 0.303385 0.305664 0.298177 0.306641 0.294271 0.309570 0.291667 0.310547 0.289062 0.310547 0.279948 0.308594 0.274740 0.308594 0.269531 0.306641 0.264323 0.306641 0.260417 0.303711 0.251302 0.304688 0.250000 0.304688 0.244792 0.300781 0.240885 0.298828 0.240885 0.294922 0.238281 0.291992 0.238281 0.291016 0.236979 0.278320 0.236979 0.275391 0.239583 0.273438 0.239583
0 0.336914 0.246094 0.335938 0.248698 0.335938 0.252604 0.334961 0.253906 0.334961 0.257812 0.333984 0.259115 0.333984 0.266927 0.333008 0.268229 0.332031 0.285156 0.333008 0.287760 0.339844 0.296875 0.343750 0.299479 0.346680 0.299479 0.347656 0.300781 0.351562 0.300781 0.352539 0.302083 0.360352 0.302083 0.361328 0.300781 0.363281 0.300781 0.364258 0.299479 0.366211 0.299479 0.368164 0.298177 0.374023 0.291667 0.375000 0.289062 0.375000 0.281250 0.374023 0.279948 0.374023 0.268229 0.373047 0.266927 0.373047 0.261719 0.374023 0.260417 0.374023 0.252604 0.373047 0.251302 0.372070 0.251302 0.366211 0.244792 0.360352 0.240885 0.344727 0.240885
0 0.325195 0.303385 0.317383 0.313802 0.315430 0.319010 0.309570 0.326823 0.309570 0.328125 0.307617 0.330729 0.307617 0.333333 0.306641 0.334635 0.306641 0.338542 0.305664 0.339844 0.306641 0.346354 0.312500 0.352865 0.317383 0.355469 0.321289 0.359375 0.323242 0.359375 0.327148 0.361979 0.338867 0.361979 0.339844 0.360677 0.345703 0.360677 0.346680 0.359375 0.348633 0.359375 0.351562 0.355469 0.353516 0.350260 0.353516 0.347656 0.354492 0.346354 0.354492 0.333333 0.353516 0.332031 0.353516 0.325521 0.351562 0.320312 0.349609 0.317708 0.348633 0.313802 0.347656 0.313802 0.338867 0.303385 0.336914 0.303385 0.335938 0.302083 0.327148 0.302083
0 0.310547 0.364583 0.309570 0.365885 0.309570 0.367188 0.306641 0.371094 0.306641 0.373698 0.305664 0.375000 0.305664 0.377604 0.304688 0.378906 0.304688 0.382812 0.303711 0.384115 0.303711 0.394531 0.304688 0.395833 0.304688 0.398438 0.305664 0.399740 0.306641 0.403646 0.309570 0.407552 0.310547 0.407552 0.313477 0.410156 0.315430 0.410156 0.316406 0.411458 0.319336 0.411458 0.320312 0.412760 0.324219 0.412760 0.325195 0.414062 0.333008 0.414062 0.333984 0.412760 0.334961 0.412760 0.335938 0.411458 0.337891 0.411458 0.339844 0.408854 0.340820 0.408854 0.345703 0.401042 0.345703 0.399740 0.347656 0.395833 0.347656 0.381510 0.346680 0.380208 0.346680 0.377604 0.344727 0.375000 0.344727 0.373698 0.343750 0.373698 0.340820 0.369792 0.339844 0.369792 0.338867 0.368490 0.336914 0.368490 0.335938 0.367188 0.333008 0.367188 0.332031 0.365885 0.327148 0.365885 0.326172 0.364583 0.323242 0.364583 0.322266 0.363281 0.319336 0.363281 0.318359 0.361979 0.313477 0.361979 0.311523 0.364583
0 0.255859 0.361979 0.253906 0.364583 0.252930 0.364583 0.246094 0.373698 0.245117 0.376302 0.245117 0.378906 0.244141 0.380208 0.244141 0.388021 0.246094 0.390625 0.247070 0.394531 0.250977 0.399740 0.251953 0.399740 0.254883 0.403646 0.255859 0.403646 0.266602 0.414062 0.268555 0.414062 0.269531 0.415365 0.278320 0.415365 0.279297 0.414062 0.281250 0.414062 0.285156 0.411458 0.288086 0.406250 0.288086 0.399740 0.289062 0.397135 0.294922 0.393229 0.294922 0.378906 0.295898 0.377604 0.294922 0.375000 0.291992 0.373698 0.290039 0.371094 0.287109 0.371094 0.285156 0.368490 0.284180 0.365885 0.286133 0.360677 0.276367 0.360677 0.275391 0.359375 0.266602 0.358073 0.265625 0.359375 0.261719 0.359375 0.260742 0.360677 0.257812 0.360677
0 0.229492 0.407552 0.224609 0.414062 0.222656 0.420573 0.220703 0.423177 0.220703 0.429688 0.222656 0.432292 0.222656 0.433594 0.224609 0.436198 0.225586 0.440104 0.228516 0.444010 0.228516 0.445312 0.239258 0.460938 0.251953 0.460938 0.254883 0.458333 0.256836 0.458333 0.257812 0.457031 0.262695 0.455729 0.267578 0.449219 0.267578 0.442708 0.268555 0.441406 0.268555 0.424479 0.267578 0.423177 0.267578 0.420573 0.266602 0.417969 0.263672 0.417969 0.255859 0.408854 0.251953 0.406250 0.250000 0.406250 0.249023 0.404948 0.243164 0.404948 0.242188 0.406250 0.231445 0.406250
0 0.235352 0.468750 0.233398 0.467448 0.230469 0.467448 0.229492 0.466146 0.219727 0.466146 0.218750 0.467448 0.214844 0.467448 0.213867 0.468750 0.201172 0.468750 0.199219 0.470052 0.199219 0.471354 0.195312 0.476562 0.192383 0.484375 0.192383 0.501302 0.194336 0.506510 0.201172 0.515625 0.202148 0.515625 0.207031 0.520833 0.209961 0.520833 0.210938 0.522135 0.224609 0.522135 0.228516 0.519531 0.231445 0.515625 0.235352 0.513021 0.235352 0.511719 0.238281 0.507812 0.238281 0.498698 0.237305 0.497396 0.237305 0.472656
0 0.200195 0.522135 0.199219 0.522135 0.196289 0.518229 0.192383 0.516927 0.192383 0.519531 0.194336 0.522135 0.194336 0.526042 0.193359 0.527344 0.192383 0.526042 0.189453 0.526042 0.186523 0.520833 0.171875 0.520833 0.170898 0.519531 0.168945 0.519531 0.166016 0.523438 0.165039 0.523438 0.161133 0.529948 0.158203 0.531250 0.156250 0.536458 0.154297 0.539062 0.154297 0.542969 0.153320 0.544271 0.153320 0.552083 0.154297 0.553385 0.154297 0.559896 0.156250 0.565104 0.160156 0.569010 0.173828 0.569010 0.174805 0.570312 0.189453 0.570312 0.190430 0.569010 0.193359 0.569010 0.195312 0.566406 0.196289 0.566406 0.199219 0.562500 0.199219 0.561198 0.201172 0.559896 0.202148 0.557292 0.202148 0.552083 0.203125 0.550781 0.203125 0.545573 0.204102 0.544271 0.202148 0.536458 0.201172 0.536458 0.199219 0.533854 0.199219 0.532552 0.202148 0.529948 0.202148 0.526042 0.200195 0.523438
0 0.149414 0.558594 0.146484 0.562500 0.146484 0.563802 0.143555 0.570312 0.143555 0.572917 0.142578 0.574219 0.142578 0.575521 0.143555 0.576823 0.143555 0.597656 0.144531 0.598958 0.144531 0.601562 0.149414 0.608073 0.150391 0.608073 0.153320 0.610677 0.155273 0.610677 0.156250 0.611979 0.159180 0.611979 0.166016 0.617188 0.166992 0.615885 0.168945 0.615885 0.172852 0.611979 0.173828 0.611979 0.177734 0.606771 0.177734 0.602865 0.178711 0.601562 0.178711 0.600260 0.177734 0.598958 0.177734 0.592448 0.178711 0.591146 0.178711 0.588542 0.179688 0.587240 0.179688 0.583333 0.180664 0.582031 0.180664 0.579427 0.179688 0.578125 0.179688 0.576823 0.175781 0.571615 0.172852 0.571615 0.171875 0.570312 0.160156 0.570312 0.159180 0.569010 0.158203 0.569010 0.153320 0.561198 0.152344 0.561198 0.150391 0.558594
0 0.212891 0.563802 0.205078 0.563802 0.203125 0.566406 0.201172 0.566406 0.200195 0.567708 0.198242 0.567708 0.197266 0.569010 0.195312 0.569010 0.191406 0.571615 0.188477 0.571615 0.184570 0.575521 0.184570 0.576823 0.181641 0.580729 0.180664 0.587240 0.178711 0.591146 0.178711 0.598958 0.179688 0.600260 0.178711 0.602865 0.178711 0.606771 0.179688 0.608073 0.179688 0.611979 0.181641 0.614583 0.184570 0.615885 0.189453 0.621094 0.191406 0.622396 0.194336 0.622396 0.195312 0.623698 0.201172 0.623698 0.202148 0.622396 0.205078 0.622396 0.206055 0.621094 0.210938 0.621094 0.211914 0.619792 0.213867 0.619792 0.215820 0.618490 0.217773 0.615885 0.217773 0.614583 0.221680 0.609375 0.222656 0.606771 0.222656 0.604167 0.223633 0.602865 0.223633 0.600260 0.224609 0.598958 0.224609 0.596354 0.226562 0.591146 0.226562 0.585938 0.225586 0.584635 0.225586 0.579427
0 0.129883 0.608073 0.124023 0.615885 0.124023 0.619792 0.125000 0.621094 0.125000 0.623698 0.126953 0.627604 0.126953 0.631510 0.129883 0.638021 0.129883 0.640625 0.130859 0.641927 0.130859 0.645833 0.131836 0.647135 0.132812 0.651042 0.133789 0.652344 0.134766 0.652344 0.135742 0.653646 0.137695 0.653646 0.138672 0.654948 0.144531 0.654948 0.145508 0.656250 0.146484 0.656250 0.147461 0.654948 0.149414 0.654948 0.151367 0.652344 0.152344 0.652344 0.158203 0.644531 0.159180 0.640625 0.161133 0.638021 0.161133 0.636719 0.162109 0.635417 0.162109 0.632812 0.164062 0.628906 0.164062 0.625000 0.165039 0.623698 0.165039 0.621094 0.164062 0.619792 0.164062 0.618490 0.162109 0.615885 0.161133 0.615885 0.158203 0.613281 0.153320 0.611979 0.144531 0.605469 0.134766 0.605469 0.133789 0.606771 0.131836 0.606771 0.130859 0.608073
0 0.175781 0.613281 0.174805 0.614583 0.171875 0.615885 0.166992 0.621094 0.166992 0.622396 0.166016 0.623698 0.166016 0.626302 0.164062 0.630208 0.164062 0.632812 0.163086 0.634115 0.162109 0.640625 0.161133 0.641927 0.161133 0.648438 0.162109 0.649740 0.162109 0.652344 0.163086 0.653646 0.163086 0.654948 0.167969 0.661458 0.168945 0.661458 0.169922 0.662760 0.173828 0.662760 0.176758 0.665365 0.181641 0.666667 0.184570 0.669271 0.185547 0.669271 0.186523 0.667969 0.189453 0.667969 0.191406 0.665365 0.198242 0.661458 0.201172 0.657552 0.201172 0.656250 0.203125 0.653646 0.203125 0.649740 0.204102 0.648438 0.204102 0.639323 0.205078 0.638021 0.205078 0.636719 0.204102 0.635417 0.204102 0.632812 0.203125 0.631510 0.203125 0.630208 0.201172 0.627604 0.198242 0.627604 0.195312 0.625000 0.190430 0.623698 0.189453 0.622396 0.184570 0.619792 0.178711 0.613281
0 0.161133 0.658854 0.156250 0.658854 0.155273 0.661458 0.153320 0.661458 0.151367 0.658854 0.149414 0.658854 0.145508 0.661458 0.143555 0.664062 0.140625 0.665365 0.136719 0.670573 0.135742 0.670573 0.126953 0.683594 0.126953 0.686198 0.125977 0.687500 0.125000 0.694010 0.123047 0.697917 0.123047 0.700521 0.121094 0.704427 0.121094 0.707031 0.122070 0.708333 0.123047 0.713542 0.125977 0.717448 0.126953 0.717448 0.133789 0.727865 0.139648 0.726562 0.140625 0.725260 0.146484 0.725260 0.147461 0.723958 0.154297 0.722656 0.156250 0.721354 0.156250 0.720052 0.166016 0.708333 0.166992 0.699219 0.168945 0.695312 0.168945 0.688802 0.169922 0.687500 0.169922 0.683594 0.167969 0.679688 0.166992 0.673177 0.165039 0.669271 0.166016 0.664062
0 0.204102 0.731771 0.202148 0.730469 0.198242 0.730469 0.193359 0.722656 0.193359 0.720052 0.191406 0.720052 0.188477 0.717448 0.184570 0.720052 0.180664 0.720052 0.174805 0.723958 0.172852 0.723958 0.169922 0.721354 0.167969 0.722656 0.165039 0.726562 0.164062 0.729167 0.164062 0.733073 0.159180 0.746094 0.159180 0.751302 0.166992 0.764323 0.168945 0.764323 0.169922 0.765625 0.173828 0.765625 0.176758 0.768229 0.179688 0.768229 0.180664 0.769531 0.185547 0.769531 0.186523 0.770833 0.189453 0.770833 0.190430 0.769531 0.195312 0.769531 0.202148 0.759115 0.203125 0.756510 0.203125 0.753906 0.204102 0.752604 0.204102 0.748698 0.205078 0.747396 0.205078 0.742188 0.206055 0.740885 0.205078 0.739583 0.205078 0.734375
0 0.223633 0.739583 0.220703 0.743490 0.215820 0.746094 0.213867 0.751302 0.207031 0.757812 0.207031 0.759115 0.202148 0.768229 0.202148 0.772135 0.201172 0.773438 0.201172 0.779948 0.202148 0.781250 0.203125 0.786458 0.216797 0.804688 0.219727 0.805990 0.223633 0.811198 0.226562 0.811198 0.228516 0.809896 0.228516 0.808594 0.235352 0.799479 0.236328 0.799479 0.238281 0.795573 0.239258 0.795573 0.240234 0.791667 0.243164 0.787760 0.244141 0.783854 0.247070 0.778646 0.247070 0.774740 0.248047 0.773438 0.248047 0.765625 0.249023 0.763021 0.243164 0.759115 0.239258 0.752604 0.238281 0.752604 0.233398 0.746094 0.230469 0.744792 0.228516 0.742188 0.228516 0.740885 0.226562 0.739583
0 0.266602 0.688802 0.260742 0.688802 0.259766 0.690104 0.258789 0.688802 0.253906 0.688802 0.250000 0.696615 0.248047 0.697917 0.246094 0.697917 0.245117 0.696615 0.240234 0.697917 0.238281 0.700521 0.235352 0.701823 0.235352 0.703125 0.231445 0.707031 0.230469 0.712240 0.228516 0.716146 0.227539 0.723958 0.226562 0.725260 0.227539 0.736979 0.232422 0.743490 0.237305 0.747396 0.239258 0.750000 0.239258 0.751302 0.240234 0.751302 0.246094 0.757812 0.259766 0.756510 0.260742 0.755208 0.267578 0.753906 0.271484 0.747396 0.272461 0.736979 0.278320 0.718750 0.277344 0.717448 0.277344 0.714844 0.274414 0.710938 0.271484 0.701823 0.269531 0.699219 0.269531 0.696615 0.266602 0.696615 0.264648 0.694010 0.267578 0.691406
0 0.199219 0.673177 0.199219 0.683594 0.200195 0.684896 0.201172 0.688802 0.208984 0.699219 0.209961 0.699219 0.212891 0.701823 0.215820 0.701823 0.220703 0.705729 0.221680 0.704427 0.225586 0.704427 0.226562 0.703125 0.229492 0.703125 0.230469 0.701823 0.233398 0.700521 0.240234 0.691406 0.241211 0.691406 0.243164 0.688802 0.244141 0.688802 0.247070 0.683594 0.247070 0.673177 0.246094 0.671875 0.245117 0.671875 0.244141 0.670573 0.243164 0.671875 0.240234 0.671875 0.237305 0.674479 0.228516 0.674479 0.227539 0.673177 0.226562 0.673177 0.222656 0.667969 0.221680 0.667969 0.219727 0.665365 0.218750 0.665365 0.217773 0.664062 0.217773 0.662760 0.212891 0.656250 0.210938 0.656250 0.209961 0.654948 0.207031 0.656250 0.207031 0.657552 0.202148 0.664062 0.202148 0.665365 0.200195 0.669271 0.200195 0.671875
0 0.249023 0.614583 0.238281 0.614583 0.236328 0.613281 0.233398 0.615885 0.228516 0.615885 0.225586 0.618490 0.223633 0.618490 0.222656 0.619792 0.219727 0.619792 0.218750 0.621094 0.214844 0.622396 0.214844 0.623698 0.212891 0.625000 0.212891 0.626302 0.207031 0.635417 0.206055 0.640625 0.205078 0.641927 0.205078 0.647135 0.209961 0.654948 0.212891 0.656250 0.219727 0.665365 0.220703 0.665365 0.227539 0.673177 0.230469 0.673177 0.232422 0.674479 0.233398 0.673177 0.237305 0.673177 0.241211 0.670573 0.244141 0.666667 0.245117 0.666667 0.249023 0.662760 0.250000 0.657552 0.250977 0.656250 0.250977 0.651042 0.254883 0.644531 0.254883 0.635417 0.255859 0.634115 0.255859 0.631510 0.250000 0.619792 0.250000 0.615885
0 0.291016 0.640625 0.286133 0.640625 0.285156 0.641927 0.282227 0.641927 0.281250 0.643229 0.273438 0.643229 0.272461 0.641927 0.265625 0.641927 0.263672 0.644531 0.262695 0.644531 0.261719 0.645833 0.261719 0.647135 0.256836 0.652344 0.256836 0.653646 0.253906 0.657552 0.253906 0.658854 0.251953 0.662760 0.251953 0.670573 0.252930 0.671875 0.252930 0.675781 0.255859 0.679688 0.258789 0.680990 0.260742 0.683594 0.261719 0.683594 0.262695 0.684896 0.264648 0.684896 0.265625 0.686198 0.270508 0.688802 0.274414 0.692708 0.281250 0.692708 0.282227 0.691406 0.285156 0.690104 0.290039 0.683594 0.290039 0.682292 0.295898 0.673177 0.295898 0.671875 0.297852 0.667969 0.297852 0.661458 0.296875 0.660156 0.296875 0.657552 0.295898 0.656250 0.295898 0.654948 0.290039 0.648438 0.290039 0.647135 0.291016 0.645833
0 0.290039 0.708333 0.290039 0.709635 0.286133 0.714844 0.286133 0.716146 0.279297 0.725260 0.276367 0.734375 0.274414 0.736979 0.274414 0.739583 0.273438 0.740885 0.273438 0.746094 0.274414 0.747396 0.274414 0.748698 0.281250 0.759115 0.284180 0.759115 0.285156 0.760417 0.306641 0.760417 0.315430 0.750000 0.315430 0.748698 0.319336 0.742188 0.319336 0.740885 0.316406 0.735677 0.316406 0.729167 0.313477 0.723958 0.312500 0.720052 0.309570 0.718750 0.307617 0.716146 0.306641 0.716146 0.304688 0.713542 0.303711 0.713542 0.300781 0.709635 0.293945 0.709635 0.292969 0.708333
0 0.324219 0.763021 0.323242 0.763021 0.320312 0.760417 0.317383 0.760417 0.316406 0.759115 0.310547 0.759115 0.309570 0.760417 0.307617 0.760417 0.306641 0.761719 0.289062 0.761719 0.288086 0.763021 0.287109 0.763021 0.287109 0.765625 0.286133 0.766927 0.286133 0.786458 0.287109 0.787760 0.287109 0.790365 0.288086 0.791667 0.288086 0.794271 0.289062 0.795573 0.289062 0.799479 0.291016 0.802083 0.291992 0.802083 0.295898 0.805990 0.310547 0.805990 0.311523 0.804688 0.314453 0.804688 0.318359 0.800781 0.321289 0.799479 0.322266 0.798177 0.322266 0.795573 0.324219 0.791667 0.324219 0.789062 0.325195 0.787760 0.325195 0.786458 0.326172 0.785156 0.326172 0.782552 0.327148 0.781250 0.327148 0.776042 0.326172 0.774740 0.326172 0.768229 0.325195 0.766927 0.325195 0.764323
0 0.222656 0.526042 0.217773 0.532552 0.217773 0.533854 0.215820 0.536458 0.215820 0.539062 0.214844 0.540365 0.214844 0.553385 0.215820 0.554688 0.215820 0.559896 0.216797 0.561198 0.216797 0.563802 0.218750 0.566406 0.218750 0.567708 0.219727 0.567708 0.222656 0.571615 0.223633 0.571615 0.226562 0.574219 0.241211 0.574219 0.242188 0.575521 0.246094 0.575521 0.247070 0.574219 0.249023 0.574219 0.256836 0.566406 0.256836 0.565104 0.257812 0.563802 0.257812 0.533854 0.254883 0.529948 0.250000 0.527344 0.248047 0.524740 0.245117 0.524740 0.244141 0.523438 0.235352 0.523438 0.234375 0.524740 0.224609 0.524740 0.223633 0.526042
0 0.264648 0.460938 0.258789 0.460938 0.256836 0.463542 0.254883 0.463542 0.251953 0.466146 0.250000 0.464844 0.244141 0.464844 0.241211 0.468750 0.239258 0.473958 0.239258 0.489583 0.240234 0.490885 0.240234 0.494792 0.241211 0.496094 0.241211 0.503906 0.242188 0.505208 0.242188 0.507812 0.243164 0.509115 0.243164 0.511719 0.245117 0.516927 0.250000 0.522135 0.252930 0.522135 0.253906 0.523438 0.259766 0.523438 0.263672 0.520833 0.268555 0.520833 0.271484 0.518229 0.273438 0.518229 0.279297 0.511719 0.278320 0.510417 0.278320 0.505208 0.279297 0.503906 0.279297 0.501302 0.282227 0.493490 0.282227 0.480469 0.281250 0.479167 0.281250 0.476562 0.274414 0.467448
0 0.291992 0.520833 0.288086 0.520833 0.287109 0.519531 0.284180 0.522135 0.282227 0.522135 0.281250 0.523438 0.276367 0.524740 0.262695 0.533854 0.262695 0.535156 0.260742 0.537760 0.260742 0.554688 0.261719 0.555990 0.261719 0.558594 0.263672 0.563802 0.265625 0.566406 0.268555 0.567708 0.270508 0.570312 0.274414 0.572917 0.277344 0.572917 0.278320 0.574219 0.287109 0.574219 0.288086 0.572917 0.291016 0.572917 0.302734 0.565104 0.304688 0.562500 0.305664 0.559896 0.305664 0.555990 0.306641 0.554688 0.306641 0.549479 0.307617 0.548177 0.307617 0.544271 0.306641 0.542969 0.306641 0.537760 0.305664 0.535156 0.302734 0.531250 0.298828 0.528646
0 0.269531 0.578125 0.268555 0.579427 0.266602 0.579427 0.261719 0.584635 0.255859 0.588542 0.250977 0.595052 0.250977 0.597656 0.250000 0.598958 0.250000 0.604167 0.250977 0.605469 0.250977 0.608073 0.252930 0.613281 0.252930 0.617188 0.255859 0.625000 0.264648 0.638021 0.266602 0.639323 0.277344 0.639323 0.278320 0.640625 0.279297 0.639323 0.283203 0.639323 0.284180 0.638021 0.286133 0.638021 0.290039 0.635417 0.295898 0.627604 0.295898 0.625000 0.296875 0.623698 0.296875 0.617188 0.298828 0.611979 0.299805 0.604167 0.301758 0.601562 0.301758 0.597656 0.299805 0.595052 0.299805 0.591146 0.298828 0.588542 0.292969 0.580729 0.291016 0.579427 0.289062 0.579427 0.288086 0.578125 0.279297 0.578125 0.278320 0.579427
0 0.310547 0.412760 0.303711 0.412760 0.298828 0.408854 0.293945 0.414062 0.290039 0.414062 0.287109 0.417969 0.284180 0.417969 0.282227 0.419271 0.281250 0.421875 0.279297 0.423177 0.272461 0.432292 0.271484 0.434896 0.271484 0.445312 0.270508 0.446615 0.271484 0.455729 0.274414 0.463542 0.280273 0.471354 0.286133 0.475260 0.291016 0.475260 0.297852 0.468750 0.301758 0.467448 0.314453 0.455729 0.315430 0.453125 0.315430 0.441406 0.314453 0.440104 0.317383 0.436198 0.317383 0.432292 0.314453 0.428385 0.313477 0.428385 0.308594 0.420573 0.306641 0.419271 0.307617 0.416667 0.311523 0.415365
0 0.315430 0.470052 0.305664 0.470052 0.304688 0.471354 0.302734 0.471354 0.301758 0.472656 0.293945 0.475260 0.291992 0.477865 0.291016 0.477865 0.289062 0.480469 0.281250 0.501302 0.281250 0.507812 0.285156 0.514323 0.292969 0.519531 0.294922 0.522135 0.298828 0.524740 0.302734 0.529948 0.304688 0.531250 0.308594 0.531250 0.309570 0.532552 0.311523 0.531250 0.314453 0.531250 0.316406 0.528646 0.317383 0.528646 0.325195 0.518229 0.328125 0.516927 0.332031 0.511719 0.333984 0.506510 0.333984 0.494792 0.333008 0.493490 0.333008 0.490885 0.329102 0.486979 0.329102 0.481771 0.328125 0.479167 0.321289 0.472656 0.319336 0.472656
0 0.358398 0.417969 0.356445 0.417969 0.355469 0.416667 0.350586 0.416667 0.349609 0.415365 0.344727 0.415365 0.343750 0.416667 0.336914 0.416667 0.335938 0.417969 0.333984 0.417969 0.324219 0.430990 0.324219 0.432292 0.322266 0.433594 0.321289 0.436198 0.321289 0.438802 0.320312 0.440104 0.320312 0.444010 0.319336 0.445312 0.319336 0.451823 0.320312 0.453125 0.320312 0.457031 0.321289 0.458333 0.321289 0.460938 0.323242 0.466146 0.330078 0.475260 0.333984 0.477865 0.335938 0.477865 0.336914 0.479167 0.342773 0.479167 0.350586 0.470052 0.353516 0.468750 0.357422 0.463542 0.358398 0.463542 0.364258 0.457031 0.364258 0.454427 0.365234 0.453125 0.365234 0.446615 0.366211 0.445312 0.366211 0.441406 0.367188 0.438802 0.365234 0.434896 0.365234 0.428385 0.364258 0.425781 0.362305 0.423177 0.361328 0.423177
0 0.354492 0.359375 0.352539 0.363281 0.352539 0.368490 0.351562 0.369792 0.351562 0.378906 0.350586 0.380208 0.350586 0.390625 0.351562 0.391927 0.351562 0.403646 0.353516 0.408854 0.357422 0.414062 0.361328 0.416667 0.364258 0.416667 0.365234 0.417969 0.367188 0.416667 0.376953 0.416667 0.386719 0.410156 0.389648 0.403646 0.389648 0.401042 0.391602 0.397135 0.391602 0.391927 0.392578 0.390625 0.392578 0.388021 0.391602 0.386719 0.391602 0.384115 0.390625 0.382812 0.389648 0.376302 0.383789 0.368490 0.381836 0.367188 0.375977 0.367188 0.373047 0.364583 0.368164 0.363281 0.363281 0.359375
0 0.361328 0.311198 0.356445 0.320312 0.356445 0.330729 0.363281 0.348958 0.364258 0.354167 0.368164 0.360677 0.372070 0.363281 0.374023 0.363281 0.375000 0.364583 0.386719 0.364583 0.387695 0.363281 0.392578 0.363281 0.393555 0.361979 0.395508 0.361979 0.402344 0.354167 0.402344 0.352865 0.404297 0.350260 0.404297 0.347656 0.406250 0.342448 0.406250 0.337240 0.405273 0.335938 0.403320 0.325521 0.402344 0.325521 0.400391 0.322917 0.398438 0.316406 0.394531 0.309896 0.390625 0.308594 0.389648 0.307292 0.386719 0.307292 0.383789 0.304688 0.377930 0.304688 0.376953 0.303385 0.372070 0.307292 0.369141 0.307292 0.368164 0.308594 0.366211 0.308594 0.365234 0.309896
0 0.406250 0.272135 0.404297 0.274740 0.401367 0.276042 0.398438 0.282552 0.398438 0.285156 0.397461 0.286458 0.397461 0.290365 0.396484 0.291667 0.396484 0.299479 0.395508 0.300781 0.395508 0.307292 0.397461 0.312500 0.403320 0.320312 0.405273 0.325521 0.411133 0.332031 0.413086 0.333333 0.424805 0.333333 0.425781 0.332031 0.427734 0.332031 0.430664 0.328125 0.433594 0.320312 0.433594 0.317708 0.436523 0.309896 0.437500 0.303385 0.440430 0.299479 0.441406 0.299479 0.441406 0.298177 0.439453 0.295573 0.438477 0.291667 0.435547 0.287760 0.435547 0.286458 0.425781 0.273438 0.421875 0.270833 0.409180 0.270833 0.408203 0.272135
0 0.415039 0.165365 0.409180 0.164062 0.408203 0.162760 0.405273 0.162760 0.404297 0.161458 0.396484 0.164062 0.391602 0.167969 0.391602 0.169271 0.384766 0.178385 0.383789 0.178385 0.380859 0.183594 0.380859 0.194010 0.379883 0.195312 0.379883 0.210938 0.380859 0.212240 0.380859 0.216146 0.382812 0.218750 0.383789 0.222656 0.392578 0.233073 0.394531 0.230469 0.401367 0.230469 0.411133 0.223958 0.416016 0.218750 0.419922 0.216146 0.421875 0.216146 0.423828 0.213542 0.424805 0.213542 0.424805 0.212240 0.426758 0.209635 0.426758 0.207031 0.430664 0.200521 0.428711 0.179688 0.423828 0.173177 0.422852 0.173177
0 0.447266 0.199219 0.443359 0.201823 0.436523 0.212240 0.435547 0.214844 0.435547 0.218750 0.434570 0.220052 0.434570 0.226562 0.435547 0.227865 0.435547 0.230469 0.439453 0.239583 0.439453 0.243490 0.443359 0.253906 0.444336 0.260417 0.447266 0.264323 0.449219 0.264323 0.450195 0.265625 0.458984 0.265625 0.459961 0.266927 0.466797 0.266927 0.470703 0.263021 0.474609 0.261719 0.479492 0.255208 0.480469 0.247396 0.481445 0.246094 0.481445 0.230469 0.480469 0.229167 0.480469 0.225260 0.477539 0.218750 0.476562 0.210938 0.474609 0.205729 0.472656 0.203125 0.471680 0.203125 0.469727 0.199219 0.467773 0.197917 0.458984 0.197917 0.458008 0.196615 0.457031 0.197917 0.450195 0.197917 0.449219 0.199219
0 0.512695 0.177083 0.508789 0.177083 0.506836 0.178385 0.502930 0.184896 0.500977 0.184896 0.499023 0.187500 0.498047 0.187500 0.497070 0.190104 0.488281 0.200521 0.488281 0.201823 0.485352 0.205729 0.485352 0.208333 0.484375 0.209635 0.484375 0.235677 0.485352 0.238281 0.490234 0.243490 0.492188 0.248698 0.497070 0.250000 0.500977 0.253906 0.508789 0.252604 0.511719 0.248698 0.518555 0.248698 0.520508 0.247396 0.531250 0.234375 0.532227 0.229167 0.533203 0.227865 0.533203 0.225260 0.534180 0.223958 0.534180 0.221354 0.535156 0.220052 0.535156 0.214844 0.534180 0.213542 0.534180 0.209635 0.533203 0.207031 0.522461 0.192708 0.522461 0.191406 0.518555 0.184896 0.517578 0.180990 0.515625 0.178385 0.513672 0.178385
0 0.495117 0.252604 0.490234 0.252604 0.488281 0.255208 0.487305 0.255208 0.486328 0.256510 0.484375 0.256510 0.483398 0.257812 0.478516 0.260417 0.476562 0.263021 0.469727 0.266927 0.466797 0.270833 0.466797 0.272135 0.465820 0.273438 0.465820 0.286458 0.466797 0.287760 0.466797 0.291667 0.467773 0.292969 0.467773 0.294271 0.469727 0.296875 0.470703 0.296875 0.479492 0.308594 0.480469 0.308594 0.481445 0.309896 0.489258 0.309896 0.490234 0.308594 0.495117 0.305990 0.498047 0.302083 0.499023 0.302083 0.503906 0.295573 0.503906 0.294271 0.504883 0.292969 0.504883 0.272135 0.503906 0.270833 0.503906 0.266927 0.500977 0.261719 0.499023 0.255208 0.498047 0.255208
0 0.470703 0.302083 0.468750 0.302083 0.467773 0.300781 0.466797 0.300781 0.465820 0.299479 0.463867 0.299479 0.462891 0.298177 0.453125 0.298177 0.452148 0.299479 0.449219 0.299479 0.448242 0.300781 0.446289 0.300781 0.441406 0.308594 0.441406 0.309896 0.440430 0.311198 0.440430 0.313802 0.439453 0.315104 0.439453 0.317708 0.435547 0.326823 0.435547 0.332031 0.436523 0.333333 0.438477 0.339844 0.440430 0.342448 0.441406 0.346354 0.447266 0.354167 0.447266 0.355469 0.448242 0.356771 0.449219 0.356771 0.450195 0.358073 0.452148 0.358073 0.453125 0.356771 0.456055 0.356771 0.459961 0.352865 0.462891 0.351562 0.475586 0.334635 0.475586 0.333333 0.477539 0.330729 0.477539 0.324219 0.478516 0.322917 0.477539 0.313802 0.476562 0.312500 0.475586 0.308594
0 0.406250 0.350260 0.406250 0.351562 0.403320 0.358073 0.403320 0.360677 0.402344 0.361979 0.402344 0.367188 0.401367 0.368490 0.401367 0.372396 0.402344 0.373698 0.402344 0.377604 0.403320 0.378906 0.404297 0.382812 0.407227 0.386719 0.408203 0.386719 0.409180 0.388021 0.414062 0.388021 0.415039 0.389323 0.419922 0.389323 0.420898 0.388021 0.425781 0.388021 0.426758 0.386719 0.432617 0.386719 0.433594 0.385417 0.435547 0.385417 0.438477 0.382812 0.438477 0.380208 0.440430 0.376302 0.440430 0.358073 0.439453 0.356771 0.439453 0.354167 0.438477 0.352865 0.437500 0.348958 0.434570 0.345052 0.433594 0.345052 0.430664 0.342448 0.428711 0.342448 0.427734 0.341146 0.417969 0.341146 0.416992 0.342448 0.415039 0.342448 0.414062 0.343750 0.412109 0.343750 0.411133 0.345052 0.410156 0.345052
0 0.532227 0.238281 0.530273 0.239583 0.525391 0.246094 0.524414 0.246094 0.517578 0.256510 0.516602 0.259115 0.516602 0.261719 0.515625 0.263021 0.515625 0.266927 0.513672 0.270833 0.513672 0.277344 0.514648 0.278646 0.514648 0.281250 0.526367 0.299479 0.528320 0.300781 0.535156 0.300781 0.536133 0.302083 0.539062 0.299479 0.541016 0.299479 0.542969 0.298177 0.548828 0.291667 0.551758 0.290365 0.557617 0.282552 0.558594 0.279948 0.558594 0.272135 0.557617 0.270833 0.557617 0.266927 0.556641 0.265625 0.556641 0.263021 0.553711 0.259115 0.552734 0.255208 0.551758 0.255208 0.548828 0.251302 0.548828 0.250000 0.541992 0.240885 0.540039 0.240885 0.539062 0.239583 0.536133 0.239583 0.535156 0.238281
0 0.593750 0.227865 0.584961 0.227865 0.579102 0.231771 0.576172 0.231771 0.575195 0.233073 0.572266 0.233073 0.571289 0.234375 0.566406 0.235677 0.563477 0.239583 0.562500 0.243490 0.558594 0.248698 0.558594 0.250000 0.556641 0.251302 0.556641 0.253906 0.555664 0.256510 0.558594 0.260417 0.558594 0.263021 0.559570 0.264323 0.559570 0.269531 0.560547 0.270833 0.560547 0.277344 0.564453 0.282552 0.568359 0.282552 0.572266 0.289062 0.583984 0.289062 0.595703 0.281250 0.599609 0.274740 0.599609 0.272135 0.600586 0.270833 0.600586 0.266927 0.602539 0.263021 0.602539 0.255208 0.603516 0.252604 0.602539 0.251302 0.602539 0.244792 0.601562 0.243490 0.601562 0.240885 0.600586 0.238281 0.598633 0.235677 0.596680 0.230469
0 0.566406 0.287760 0.561523 0.287760 0.557617 0.290365 0.554688 0.290365 0.550781 0.292969 0.548828 0.295573 0.543945 0.298177 0.541992 0.300781 0.539062 0.302083 0.537109 0.307292 0.537109 0.313802 0.536133 0.315104 0.536133 0.326823 0.537109 0.328125 0.537109 0.332031 0.538086 0.333333 0.539062 0.339844 0.541016 0.343750 0.542969 0.343750 0.544922 0.346354 0.546875 0.346354 0.550781 0.348958 0.555664 0.348958 0.556641 0.347656 0.559570 0.347656 0.564453 0.343750 0.566406 0.343750 0.573242 0.334635 0.574219 0.334635 0.574219 0.333333 0.576172 0.330729 0.578125 0.325521 0.578125 0.316406 0.579102 0.315104 0.579102 0.309896 0.578125 0.308594 0.578125 0.304688 0.577148 0.303385 0.577148 0.300781 0.576172 0.298177 0.570312 0.290365
0 0.522461 0.305990 0.520508 0.304688 0.516602 0.304688 0.515625 0.303385 0.512695 0.303385 0.511719 0.304688 0.507812 0.304688 0.506836 0.305990 0.502930 0.305990 0.501953 0.307292 0.499023 0.307292 0.492188 0.317708 0.487305 0.330729 0.487305 0.339844 0.488281 0.341146 0.488281 0.343750 0.490234 0.348958 0.495117 0.356771 0.497070 0.358073 0.503906 0.358073 0.504883 0.359375 0.507812 0.359375 0.508789 0.358073 0.510742 0.359375 0.516602 0.359375 0.517578 0.358073 0.525391 0.358073 0.528320 0.354167 0.532227 0.343750 0.532227 0.338542 0.533203 0.337240 0.533203 0.328125 0.532227 0.326823 0.532227 0.322917 0.531250 0.321615 0.531250 0.319010 0.529297 0.313802
0 0.587891 0.294271 0.587891 0.295573 0.582031 0.305990 0.582031 0.309896 0.581055 0.311198 0.581055 0.317708 0.580078 0.319010 0.580078 0.324219 0.579102 0.325521 0.579102 0.329427 0.578125 0.330729 0.577148 0.339844 0.578125 0.341146 0.578125 0.342448 0.582031 0.347656 0.584961 0.348958 0.588867 0.352865 0.599609 0.352865 0.600586 0.351562 0.607422 0.351562 0.611328 0.347656 0.611328 0.346354 0.614258 0.339844 0.614258 0.337240 0.615234 0.335938 0.615234 0.329427 0.616211 0.328125 0.616211 0.312500 0.615234 0.311198 0.615234 0.309896 0.611328 0.304688 0.611328 0.303385 0.607422 0.299479 0.605469 0.299479 0.604492 0.298177 0.602539 0.298177 0.601562 0.296875 0.595703 0.296875 0.594727 0.295573 0.592773 0.295573 0.591797 0.294271
0 0.321289 0.531250 0.319336 0.532552 0.314453 0.539062 0.313477 0.539062 0.313477 0.540365 0.311523 0.542969 0.311523 0.545573 0.309570 0.550781 0.309570 0.555990 0.308594 0.557292 0.308594 0.566406 0.313477 0.578125 0.313477 0.580729 0.317383 0.585938 0.319336 0.585938 0.323242 0.588542 0.326172 0.588542 0.327148 0.589844 0.338867 0.589844 0.342773 0.587240 0.344727 0.584635 0.345703 0.584635 0.348633 0.580729 0.349609 0.578125 0.349609 0.574219 0.353516 0.566406 0.353516 0.563802 0.354492 0.562500 0.354492 0.553385 0.353516 0.552083 0.352539 0.545573 0.348633 0.536458 0.343750 0.536458 0.342773 0.535156 0.340820 0.535156 0.336914 0.532552 0.333984 0.532552 0.333008 0.531250
0 0.341797 0.592448 0.331055 0.592448 0.329102 0.593750 0.328125 0.592448 0.322266 0.592448 0.320312 0.591146 0.319336 0.592448 0.316406 0.592448 0.315430 0.593750 0.313477 0.593750 0.311523 0.596354 0.305664 0.600260 0.301758 0.606771 0.301758 0.609375 0.298828 0.617188 0.298828 0.632812 0.299805 0.634115 0.299805 0.638021 0.300781 0.640625 0.306641 0.647135 0.308594 0.647135 0.309570 0.648438 0.328125 0.648438 0.333008 0.643229 0.336914 0.640625 0.339844 0.636719 0.339844 0.635417 0.343750 0.628906 0.346680 0.621094 0.346680 0.618490 0.347656 0.617188 0.347656 0.610677 0.345703 0.608073 0.345703 0.602865
0 0.310547 0.652344 0.306641 0.656250 0.305664 0.656250 0.304688 0.660156 0.301758 0.664062 0.297852 0.674479 0.297852 0.682292 0.296875 0.683594 0.296875 0.695312 0.301758 0.701823 0.306641 0.714844 0.308594 0.714844 0.309570 0.716146 0.322266 0.716146 0.323242 0.714844 0.327148 0.714844 0.328125 0.713542 0.330078 0.713542 0.332031 0.712240 0.333984 0.708333 0.333984 0.701823 0.333008 0.700521 0.333008 0.673177 0.335938 0.667969 0.334961 0.661458 0.331055 0.654948 0.327148 0.652344
0 0.340820 0.669271 0.336914 0.673177 0.336914 0.675781 0.334961 0.679688 0.334961 0.686198 0.333984 0.687500 0.333984 0.699219 0.334961 0.700521 0.335938 0.707031 0.343750 0.714844 0.346680 0.716146 0.352539 0.722656 0.354492 0.722656 0.355469 0.723958 0.360352 0.723958 0.364258 0.721354 0.364258 0.720052 0.376953 0.703125 0.376953 0.701823 0.378906 0.699219 0.378906 0.694010 0.379883 0.692708 0.379883 0.684896 0.375977 0.684896 0.373047 0.680990 0.373047 0.678385 0.370117 0.673177 0.368164 0.671875 0.366211 0.671875 0.361328 0.667969 0.359375 0.669271 0.353516 0.669271 0.349609 0.671875 0.347656 0.671875 0.346680 0.670573 0.342773 0.670573
0 0.370117 0.720052 0.368164 0.720052 0.363281 0.725260 0.354492 0.726562 0.353516 0.725260 0.346680 0.723958 0.344727 0.726562 0.336914 0.727865 0.333984 0.730469 0.330078 0.740885 0.330078 0.746094 0.331055 0.747396 0.331055 0.751302 0.332031 0.752604 0.332031 0.755208 0.333984 0.760417 0.334961 0.768229 0.342773 0.781250 0.344727 0.782552 0.348633 0.782552 0.349609 0.783854 0.356445 0.783854 0.357422 0.782552 0.361328 0.781250 0.363281 0.778646 0.364258 0.778646 0.365234 0.774740 0.369141 0.769531 0.371094 0.764323 0.375977 0.757812 0.375977 0.751302 0.375000 0.750000 0.375000 0.735677 0.375977 0.734375 0.375977 0.729167 0.371094 0.725260
0 0.333008 0.774740 0.331055 0.777344 0.331055 0.781250 0.326172 0.790365 0.326172 0.792969 0.325195 0.794271 0.325195 0.802083 0.326172 0.803385 0.326172 0.812500 0.325195 0.815104 0.326172 0.816406 0.327148 0.821615 0.331055 0.825521 0.336914 0.829427 0.338867 0.829427 0.339844 0.830729 0.341797 0.830729 0.345703 0.833333 0.348633 0.833333 0.349609 0.834635 0.353516 0.834635 0.357422 0.832031 0.359375 0.829427 0.361328 0.829427 0.364258 0.825521 0.365234 0.825521 0.365234 0.824219 0.368164 0.820312 0.368164 0.819010 0.372070 0.813802 0.372070 0.811198 0.373047 0.809896 0.373047 0.802083 0.372070 0.800781 0.372070 0.796875 0.369141 0.791667 0.369141 0.785156 0.370117 0.783854 0.369141 0.781250 0.367188 0.779948 0.357422 0.786458 0.355469 0.785156 0.348633 0.785156 0.347656 0.783854 0.343750 0.783854 0.341797 0.782552 0.336914 0.776042 0.336914 0.774740
0 0.379883 0.770833 0.379883 0.772135 0.378906 0.773438 0.378906 0.779948 0.377930 0.781250 0.377930 0.792969 0.378906 0.794271 0.377930 0.795573 0.377930 0.798177 0.378906 0.799479 0.378906 0.803385 0.381836 0.807292 0.382812 0.807292 0.391602 0.813802 0.400391 0.813802 0.401367 0.812500 0.408203 0.808594 0.411133 0.804688 0.411133 0.803385 0.412109 0.802083 0.412109 0.799479 0.414062 0.796875 0.414062 0.795573 0.415039 0.794271 0.416016 0.794271 0.416016 0.792969 0.418945 0.787760 0.418945 0.776042 0.417969 0.774740 0.417969 0.770833 0.416992 0.769531 0.416992 0.768229 0.416016 0.768229 0.415039 0.766927 0.401367 0.766927 0.400391 0.765625 0.395508 0.765625 0.394531 0.766927 0.392578 0.766927 0.391602 0.768229 0.389648 0.768229 0.388672 0.769531 0.383789 0.768229 0.382812 0.769531
0 0.455078 0.738281 0.448242 0.738281 0.447266 0.736979 0.444336 0.736979 0.441406 0.731771 0.438477 0.731771 0.435547 0.734375 0.432617 0.734375 0.431641 0.735677 0.429688 0.734375 0.425781 0.734375 0.419922 0.738281 0.417969 0.740885 0.417969 0.760417 0.418945 0.761719 0.418945 0.768229 0.419922 0.769531 0.419922 0.777344 0.420898 0.778646 0.420898 0.785156 0.422852 0.789062 0.426758 0.791667 0.438477 0.791667 0.439453 0.790365 0.444336 0.790365 0.445312 0.789062 0.449219 0.789062 0.450195 0.787760 0.452148 0.787760 0.455078 0.783854 0.457031 0.778646 0.457031 0.768229 0.456055 0.766927 0.456055 0.760417 0.457031 0.759115 0.457031 0.753906 0.456055 0.751302 0.458008 0.747396 0.456055 0.742188 0.456055 0.739583
0 0.388672 0.680990 0.386719 0.683594 0.386719 0.684896 0.384766 0.688802 0.384766 0.691406 0.383789 0.692708 0.383789 0.695312 0.382812 0.696615 0.382812 0.699219 0.381836 0.700521 0.381836 0.707031 0.382812 0.708333 0.382812 0.716146 0.383789 0.717448 0.386719 0.718750 0.391602 0.725260 0.392578 0.725260 0.393555 0.726562 0.395508 0.726562 0.396484 0.727865 0.408203 0.727865 0.412109 0.722656 0.412109 0.721354 0.415039 0.714844 0.415039 0.708333 0.416016 0.707031 0.416016 0.703125 0.415039 0.701823 0.415039 0.695312 0.414062 0.694010 0.414062 0.692708 0.413086 0.692708 0.412109 0.691406 0.406250 0.691406 0.405273 0.690104 0.401367 0.690104 0.400391 0.688802 0.397461 0.687500 0.395508 0.684896 0.394531 0.684896 0.392578 0.682292 0.392578 0.680990 0.391602 0.679688
0 0.438477 0.678385 0.435547 0.680990 0.430664 0.680990 0.426758 0.686198 0.425781 0.686198 0.424805 0.687500 0.422852 0.687500 0.419922 0.690104 0.417969 0.690104 0.416016 0.692708 0.416016 0.703125 0.416992 0.704427 0.416992 0.712240 0.417969 0.713542 0.417969 0.716146 0.419922 0.720052 0.419922 0.723958 0.420898 0.725260 0.420898 0.726562 0.421875 0.726562 0.424805 0.729167 0.426758 0.729167 0.427734 0.730469 0.436523 0.730469 0.437500 0.729167 0.439453 0.729167 0.440430 0.727865 0.441406 0.727865 0.443359 0.725260 0.444336 0.725260 0.453125 0.713542 0.454102 0.713542 0.454102 0.712240 0.455078 0.710938 0.455078 0.704427 0.454102 0.703125 0.454102 0.696615 0.452148 0.694010 0.452148 0.692708 0.451172 0.692708 0.447266 0.687500 0.446289 0.687500 0.443359 0.683594 0.442383 0.683594
0 0.391602 0.631510 0.390625 0.635417 0.388672 0.638021 0.388672 0.641927 0.387695 0.643229 0.387695 0.648438 0.386719 0.649740 0.386719 0.662760 0.387695 0.664062 0.388672 0.670573 0.393555 0.679688 0.394531 0.683594 0.395508 0.683594 0.398438 0.687500 0.400391 0.687500 0.401367 0.688802 0.405273 0.688802 0.406250 0.690104 0.416016 0.690104 0.416992 0.688802 0.419922 0.688802 0.421875 0.686198 0.426758 0.684896 0.428711 0.679688 0.427734 0.677083 0.427734 0.666667 0.426758 0.665365 0.426758 0.658854 0.424805 0.653646 0.424805 0.641927 0.423828 0.640625 0.423828 0.638021 0.421875 0.634115 0.420898 0.628906 0.415039 0.625000 0.400391 0.625000 0.399414 0.626302 0.395508 0.627604 0.392578 0.631510
0 0.442383 0.610677 0.433594 0.615885 0.430664 0.621094 0.430664 0.625000 0.429688 0.626302 0.429688 0.632812 0.428711 0.634115 0.428711 0.648438 0.429688 0.649740 0.429688 0.654948 0.430664 0.656250 0.430664 0.658854 0.434570 0.667969 0.439453 0.674479 0.440430 0.677083 0.444336 0.679688 0.449219 0.686198 0.451172 0.687500 0.452148 0.686198 0.456055 0.686198 0.458008 0.684896 0.461914 0.679688 0.461914 0.678385 0.467773 0.667969 0.468750 0.664062 0.474609 0.653646 0.474609 0.644531 0.469727 0.631510 0.462891 0.622396 0.461914 0.622396 0.458984 0.618490 0.458984 0.617188 0.457031 0.615885 0.453125 0.615885 0.452148 0.614583 0.450195 0.614583 0.449219 0.613281 0.447266 0.613281 0.446289 0.611979
0 0.356445 0.580729 0.352539 0.585938 0.352539 0.587240 0.351562 0.588542 0.351562 0.596354 0.352539 0.597656 0.352539 0.600260 0.353516 0.601562 0.353516 0.606771 0.354492 0.608073 0.354492 0.611979 0.357422 0.615885 0.357422 0.617188 0.363281 0.623698 0.364258 0.623698 0.365234 0.625000 0.367188 0.625000 0.368164 0.626302 0.370117 0.626302 0.371094 0.627604 0.376953 0.627604 0.377930 0.626302 0.382812 0.626302 0.383789 0.625000 0.385742 0.625000 0.389648 0.619792 0.389648 0.618490 0.391602 0.615885 0.391602 0.613281 0.392578 0.611979 0.392578 0.606771 0.391602 0.605469 0.391602 0.597656 0.390625 0.596354 0.389648 0.592448 0.385742 0.587240 0.384766 0.587240 0.381836 0.583333 0.381836 0.582031 0.380859 0.580729 0.379883 0.580729 0.375000 0.575521 0.372070 0.575521 0.371094 0.574219 0.368164 0.574219 0.367188 0.575521 0.365234 0.575521 0.362305 0.578125 0.360352 0.578125 0.359375 0.579427
0 0.395508 0.578125 0.393555 0.580729 0.393555 0.610677 0.394531 0.611979 0.395508 0.615885 0.396484 0.617188 0.397461 0.617188 0.400391 0.621094 0.402344 0.621094 0.403320 0.622396 0.415039 0.622396 0.418945 0.618490 0.420898 0.618490 0.422852 0.615885 0.423828 0.615885 0.428711 0.609375 0.429688 0.609375 0.432617 0.605469 0.432617 0.601562 0.433594 0.600260 0.433594 0.595052 0.432617 0.593750 0.432617 0.587240 0.431641 0.585938 0.431641 0.583333 0.430664 0.582031 0.430664 0.580729 0.424805 0.574219 0.423828 0.574219 0.422852 0.572917 0.408203 0.572917 0.407227 0.574219 0.403320 0.574219 0.402344 0.575521 0.400391 0.575521 0.399414 0.576823 0.397461 0.576823 0.396484 0.578125
0 0.360352 0.540365 0.360352 0.554688 0.361328 0.555990 0.361328 0.559896 0.364258 0.563802 0.366211 0.570312 0.368164 0.572917 0.372070 0.572917 0.373047 0.574219 0.375977 0.574219 0.376953 0.575521 0.382812 0.575521 0.383789 0.576823 0.389648 0.576823 0.390625 0.578125 0.392578 0.578125 0.397461 0.572917 0.397461 0.571615 0.398438 0.570312 0.398438 0.567708 0.397461 0.566406 0.397461 0.563802 0.393555 0.554688 0.393555 0.545573 0.394531 0.544271 0.394531 0.540365 0.393555 0.539062 0.391602 0.532552 0.386719 0.526042 0.385742 0.526042 0.384766 0.524740 0.379883 0.528646 0.376953 0.528646 0.375977 0.529948 0.372070 0.529948 0.371094 0.531250 0.369141 0.531250 0.368164 0.532552 0.367188 0.532552 0.364258 0.537760 0.363281 0.537760
0 0.342773 0.483073 0.342773 0.484375 0.339844 0.489583 0.339844 0.506510 0.341797 0.510417 0.341797 0.513021 0.344727 0.518229 0.344727 0.520833 0.345703 0.523438 0.346680 0.523438 0.349609 0.527344 0.352539 0.527344 0.358398 0.531250 0.366211 0.531250 0.367188 0.529948 0.370117 0.529948 0.371094 0.528646 0.376953 0.528646 0.377930 0.527344 0.379883 0.527344 0.381836 0.524740 0.381836 0.516927 0.387695 0.501302 0.387695 0.494792 0.385742 0.492188 0.383789 0.486979 0.379883 0.484375 0.376953 0.484375 0.375000 0.481771 0.375000 0.480469 0.374023 0.480469 0.372070 0.477865 0.370117 0.476562 0.367188 0.476562 0.366211 0.475260 0.363281 0.475260 0.362305 0.476562 0.359375 0.476562 0.358398 0.475260 0.353516 0.475260 0.352539 0.476562 0.349609 0.476562 0.345703 0.479167
0 0.426758 0.511719 0.424805 0.511719 0.420898 0.509115 0.408203 0.509115 0.404297 0.513021 0.403320 0.515625 0.403320 0.519531 0.401367 0.523438 0.401367 0.526042 0.395508 0.541667 0.395508 0.545573 0.394531 0.546875 0.394531 0.554688 0.397461 0.562500 0.399414 0.565104 0.400391 0.569010 0.402344 0.571615 0.410156 0.571615 0.411133 0.570312 0.417969 0.570312 0.418945 0.569010 0.420898 0.569010 0.421875 0.567708 0.426758 0.566406 0.432617 0.558594 0.433594 0.555990 0.433594 0.553385 0.434570 0.552083 0.434570 0.548177 0.436523 0.542969 0.435547 0.541667 0.435547 0.537760 0.433594 0.533854 0.433594 0.528646 0.432617 0.527344 0.432617 0.522135 0.431641 0.520833 0.431641 0.518229
0 0.469727 0.558594 0.467773 0.561198 0.459961 0.561198 0.458984 0.562500 0.456055 0.562500 0.455078 0.563802 0.453125 0.563802 0.452148 0.562500 0.450195 0.562500 0.446289 0.559896 0.445312 0.561198 0.443359 0.561198 0.441406 0.562500 0.437500 0.567708 0.436523 0.570312 0.436523 0.576823 0.435547 0.578125 0.435547 0.585938 0.436523 0.587240 0.436523 0.592448 0.438477 0.597656 0.442383 0.602865 0.442383 0.604167 0.443359 0.604167 0.446289 0.608073 0.449219 0.609375 0.451172 0.611979 0.454102 0.611979 0.455078 0.613281 0.466797 0.613281 0.470703 0.610677 0.477539 0.601562 0.478516 0.598958 0.478516 0.589844 0.476562 0.585938 0.476562 0.582031 0.474609 0.576823 0.474609 0.566406 0.473633 0.565104 0.473633 0.562500 0.472656 0.562500
0 0.449219 0.502604 0.444336 0.509115 0.443359 0.509115 0.438477 0.513021 0.438477 0.514323 0.436523 0.518229 0.436523 0.520833 0.435547 0.522135 0.435547 0.526042 0.434570 0.527344 0.434570 0.528646 0.435547 0.529948 0.435547 0.533854 0.436523 0.535156 0.437500 0.539062 0.442383 0.545573 0.442383 0.546875 0.447266 0.553385 0.447266 0.554688 0.451172 0.559896 0.452148 0.559896 0.453125 0.561198 0.457031 0.561198 0.458008 0.559896 0.459961 0.559896 0.460938 0.558594 0.465820 0.555990 0.474609 0.545573 0.474609 0.544271 0.475586 0.542969 0.475586 0.539062 0.476562 0.537760 0.476562 0.529948 0.473633 0.526042 0.473633 0.524740 0.462891 0.511719 0.462891 0.510417 0.460938 0.510417 0.459961 0.509115 0.457031 0.509115 0.455078 0.506510 0.455078 0.503906 0.454102 0.502604
0 0.399414 0.417969 0.391602 0.417969 0.389648 0.420573 0.386719 0.421875 0.382812 0.427083 0.381836 0.427083 0.367188 0.446615 0.366211 0.449219 0.366211 0.458333 0.365234 0.459635 0.366211 0.462240 0.366211 0.466146 0.368164 0.471354 0.374023 0.477865 0.377930 0.480469 0.382812 0.481771 0.383789 0.483073 0.396484 0.483073 0.398438 0.481771 0.403320 0.475260 0.404297 0.475260 0.406250 0.472656 0.406250 0.471354 0.412109 0.463542 0.413086 0.458333 0.414062 0.457031 0.414062 0.447917 0.413086 0.446615 0.413086 0.444010 0.410156 0.438802 0.403320 0.420573
0 0.431641 0.450521 0.430664 0.450521 0.429688 0.451823 0.427734 0.451823 0.426758 0.453125 0.424805 0.453125 0.412109 0.470052 0.412109 0.471354 0.411133 0.472656 0.411133 0.479167 0.410156 0.480469 0.410156 0.486979 0.411133 0.488281 0.411133 0.490885 0.412109 0.492188 0.415039 0.501302 0.418945 0.506510 0.419922 0.506510 0.420898 0.507812 0.422852 0.507812 0.423828 0.509115 0.428711 0.509115 0.429688 0.507812 0.432617 0.506510 0.434570 0.503906 0.441406 0.500000 0.446289 0.493490 0.447266 0.493490 0.449219 0.490885 0.449219 0.488281 0.450195 0.486979 0.450195 0.483073 0.449219 0.481771 0.449219 0.476562 0.448242 0.475260 0.447266 0.471354 0.442383 0.464844 0.442383 0.463542 0.441406 0.463542 0.438477 0.459635 0.439453 0.458333 0.440430 0.454427 0.439453 0.454427 0.438477 0.453125 0.436523 0.453125 0.435547 0.451823 0.432617 0.451823
0 0.438477 0.388021 0.429688 0.388021 0.428711 0.389323 0.424805 0.389323 0.423828 0.390625 0.421875 0.390625 0.420898 0.391927 0.417969 0.393229 0.410156 0.401042 0.409180 0.401042 0.405273 0.406250 0.405273 0.410156 0.404297 0.411458 0.404297 0.416667 0.405273 0.417969 0.405273 0.420573 0.407227 0.423177 0.408203 0.427083 0.410156 0.429688 0.410156 0.430990 0.412109 0.433594 0.413086 0.437500 0.415039 0.440104 0.417969 0.440104 0.418945 0.441406 0.430664 0.441406 0.431641 0.440104 0.436523 0.440104 0.437500 0.438802 0.438477 0.438802 0.442383 0.433594 0.442383 0.432292 0.444336 0.429688 0.444336 0.428385 0.449219 0.416667 0.449219 0.414062 0.446289 0.410156 0.446289 0.407552 0.445312 0.406250 0.444336 0.399740
0 0.461914 0.354167 0.460938 0.355469 0.454102 0.359375 0.451172 0.363281 0.450195 0.363281 0.449219 0.364583 0.449219 0.365885 0.444336 0.372396 0.444336 0.373698 0.441406 0.378906 0.441406 0.388021 0.442383 0.389323 0.445312 0.398438 0.452148 0.407552 0.453125 0.407552 0.454102 0.408854 0.456055 0.408854 0.457031 0.410156 0.459961 0.410156 0.460938 0.411458 0.473633 0.411458 0.477539 0.407552 0.478516 0.407552 0.478516 0.406250 0.482422 0.401042 0.482422 0.399740 0.484375 0.395833 0.484375 0.393229 0.485352 0.391927 0.485352 0.381510 0.484375 0.380208 0.484375 0.377604 0.483398 0.376302 0.482422 0.372396 0.471680 0.355469 0.467773 0.355469 0.466797 0.354167
0 0.470703 0.417969 0.469727 0.417969 0.468750 0.419271 0.466797 0.419271 0.465820 0.420573 0.462891 0.420573 0.461914 0.421875 0.459961 0.421875 0.458984 0.423177 0.456055 0.424479 0.453125 0.428385 0.452148 0.428385 0.451172 0.429688 0.451172 0.430990 0.446289 0.437500 0.446289 0.442708 0.445312 0.444010 0.445312 0.459635 0.446289 0.460938 0.446289 0.464844 0.452148 0.473958 0.453125 0.473958 0.458008 0.477865 0.461914 0.477865 0.462891 0.476562 0.467773 0.475260 0.468750 0.473958 0.469727 0.473958 0.473633 0.468750 0.474609 0.468750 0.477539 0.466146 0.482422 0.464844 0.485352 0.460938 0.485352 0.444010 0.484375 0.442708 0.483398 0.433594 0.482422 0.432292 0.482422 0.430990 0.478516 0.427083 0.478516 0.424479 0.477539 0.423177 0.476562 0.423177 0.473633 0.419271 0.471680 0.419271
0 0.490234 0.464844 0.484375 0.464844 0.483398 0.466146 0.480469 0.466146 0.479492 0.467448 0.477539 0.467448 0.475586 0.468750 0.469727 0.476562 0.469727 0.484375 0.468750 0.485677 0.468750 0.514323 0.469727 0.516927 0.477539 0.527344 0.480469 0.527344 0.481445 0.526042 0.490234 0.526042 0.491211 0.524740 0.495117 0.524740 0.496094 0.523438 0.498047 0.523438 0.500000 0.520833 0.500977 0.520833 0.505859 0.514323 0.505859 0.511719 0.506836 0.510417 0.506836 0.506510 0.507812 0.505208 0.507812 0.485677 0.506836 0.484375 0.506836 0.481771 0.505859 0.479167 0.504883 0.479167 0.500000 0.471354
0 0.494141 0.412760 0.490234 0.417969 0.490234 0.419271 0.487305 0.423177 0.486328 0.423177 0.485352 0.424479 0.485352 0.425781 0.484375 0.427083 0.484375 0.432292 0.485352 0.433594 0.485352 0.440104 0.486328 0.441406 0.487305 0.450521 0.489258 0.454427 0.489258 0.457031 0.490234 0.458333 0.492188 0.464844 0.493164 0.464844 0.500000 0.470052 0.508789 0.470052 0.509766 0.468750 0.511719 0.468750 0.514648 0.466146 0.516602 0.466146 0.518555 0.463542 0.521484 0.462240 0.521484 0.460938 0.523438 0.458333 0.523438 0.457031 0.525391 0.453125 0.525391 0.450521 0.526367 0.449219 0.526367 0.444010 0.525391 0.442708 0.525391 0.437500 0.524414 0.436198 0.524414 0.433594 0.523438 0.432292 0.522461 0.428385 0.520508 0.425781 0.520508 0.424479 0.517578 0.420573 0.516602 0.420573 0.513672 0.417969 0.511719 0.417969 0.510742 0.416667 0.508789 0.416667 0.507812 0.415365 0.505859 0.415365 0.504883 0.414062 0.500977 0.414062 0.500000 0.412760
0 0.481445 0.575521 0.479492 0.579427 0.479492 0.591146 0.480469 0.592448 0.480469 0.600260 0.482422 0.604167 0.482422 0.606771 0.483398 0.608073 0.483398 0.610677 0.484375 0.611979 0.484375 0.613281 0.485352 0.614583 0.486328 0.614583 0.489258 0.619792 0.490234 0.619792 0.491211 0.621094 0.493164 0.621094 0.494141 0.622396 0.495117 0.622396 0.496094 0.623698 0.498047 0.623698 0.499023 0.625000 0.501953 0.625000 0.502930 0.626302 0.506836 0.626302 0.507812 0.625000 0.511719 0.625000 0.512695 0.623698 0.515625 0.622396 0.519531 0.617188 0.519531 0.614583 0.520508 0.613281 0.520508 0.606771 0.519531 0.605469 0.519531 0.596354 0.518555 0.595052 0.518555 0.588542 0.517578 0.587240 0.517578 0.582031 0.514648 0.576823 0.511719 0.575521 0.507812 0.571615 0.493164 0.571615 0.492188 0.572917 0.490234 0.572917 0.489258 0.574219 0.487305 0.574219 0.486328 0.575521
0 0.481445 0.622396 0.476562 0.628906 0.476562 0.630208 0.475586 0.631510 0.475586 0.636719 0.476562 0.638021 0.476562 0.645833 0.477539 0.647135 0.477539 0.651042 0.479492 0.653646 0.479492 0.662760 0.480469 0.664062 0.480469 0.666667 0.485352 0.671875 0.488281 0.671875 0.489258 0.673177 0.497070 0.673177 0.498047 0.671875 0.500977 0.671875 0.502930 0.669271 0.504883 0.669271 0.505859 0.667969 0.508789 0.666667 0.511719 0.662760 0.511719 0.661458 0.513672 0.658854 0.513672 0.656250 0.514648 0.654948 0.514648 0.636719 0.513672 0.635417 0.512695 0.631510 0.508789 0.627604 0.501953 0.627604 0.500977 0.626302 0.499023 0.626302 0.498047 0.625000 0.496094 0.625000 0.495117 0.623698 0.493164 0.623698 0.492188 0.622396
0 0.482422 0.674479 0.483398 0.675781 0.483398 0.678385 0.485352 0.683594 0.485352 0.684896 0.482422 0.687500 0.479492 0.687500 0.478516 0.686198 0.462891 0.686198 0.459961 0.688802 0.458984 0.691406 0.458984 0.710938 0.459961 0.712240 0.459961 0.714844 0.461914 0.717448 0.464844 0.718750 0.469727 0.723958 0.475586 0.727865 0.477539 0.727865 0.478516 0.729167 0.480469 0.729167 0.484375 0.731771 0.487305 0.731771 0.494141 0.726562 0.496094 0.726562 0.498047 0.722656 0.498047 0.720052 0.500977 0.714844 0.500977 0.712240 0.501953 0.710938 0.501953 0.707031 0.500977 0.705729 0.500977 0.680990 0.498047 0.678385 0.495117 0.678385 0.494141 0.677083 0.490234 0.677083 0.486328 0.674479
0 0.465820 0.725260 0.460938 0.730469 0.460938 0.738281 0.459961 0.739583 0.459961 0.744792 0.460938 0.746094 0.460938 0.755208 0.458984 0.760417 0.458984 0.783854 0.466797 0.790365 0.472656 0.791667 0.473633 0.792969 0.475586 0.791667 0.481445 0.791667 0.482422 0.790365 0.484375 0.790365 0.485352 0.789062 0.487305 0.789062 0.488281 0.787760 0.492188 0.786458 0.496094 0.781250 0.497070 0.778646 0.497070 0.766927 0.499023 0.763021 0.499023 0.747396 0.498047 0.746094 0.497070 0.739583 0.495117 0.736979 0.495117 0.731771 0.494141 0.730469 0.492188 0.730469 0.486328 0.734375 0.485352 0.733073 0.483398 0.733073 0.482422 0.731771 0.480469 0.731771 0.476562 0.729167 0.467773 0.727865
0 0.509766 0.726562 0.508789 0.729167 0.508789 0.733073 0.507812 0.734375 0.507812 0.736979 0.505859 0.739583 0.503906 0.744792 0.503906 0.748698 0.504883 0.750000 0.504883 0.756510 0.507812 0.760417 0.509766 0.765625 0.511719 0.768229 0.515625 0.770833 0.516602 0.773438 0.521484 0.779948 0.526367 0.781250 0.527344 0.779948 0.531250 0.779948 0.532227 0.778646 0.534180 0.778646 0.537109 0.774740 0.538086 0.770833 0.541016 0.766927 0.542969 0.760417 0.544922 0.757812 0.545898 0.753906 0.547852 0.751302 0.547852 0.746094 0.545898 0.740885 0.538086 0.729167 0.530273 0.729167 0.528320 0.733073 0.525391 0.733073 0.521484 0.729167 0.518555 0.729167 0.512695 0.733073 0.509766 0.729167
0 0.555664 0.742188 0.550781 0.747396 0.549805 0.750000 0.549805 0.752604 0.545898 0.757812 0.543945 0.763021 0.543945 0.772135 0.542969 0.773438 0.542969 0.785156 0.543945 0.786458 0.543945 0.789062 0.547852 0.794271 0.555664 0.798177 0.557617 0.800781 0.558594 0.800781 0.565430 0.807292 0.572266 0.807292 0.573242 0.808594 0.579102 0.808594 0.581055 0.807292 0.582031 0.804688 0.582031 0.798177 0.583008 0.796875 0.583008 0.790365 0.583984 0.789062 0.583984 0.779948 0.584961 0.778646 0.584961 0.768229 0.583984 0.766927 0.583984 0.764323 0.581055 0.756510 0.579102 0.753906 0.576172 0.752604 0.568359 0.742188 0.566406 0.742188 0.565430 0.740885 0.561523 0.740885 0.560547 0.742188
0 0.575195 0.677083 0.572266 0.677083 0.571289 0.675781 0.569336 0.677083 0.567383 0.675781 0.563477 0.675781 0.557617 0.683594 0.555664 0.684896 0.552734 0.684896 0.551758 0.686198 0.543945 0.686198 0.542969 0.684896 0.541016 0.684896 0.540039 0.686198 0.541016 0.692708 0.543945 0.699219 0.543945 0.703125 0.544922 0.704427 0.544922 0.710938 0.545898 0.712240 0.545898 0.722656 0.547852 0.725260 0.550781 0.734375 0.552734 0.736979 0.554688 0.736979 0.555664 0.738281 0.568359 0.738281 0.569336 0.736979 0.571289 0.736979 0.572266 0.735677 0.576172 0.734375 0.582031 0.725260 0.586914 0.712240 0.586914 0.707031 0.585938 0.705729 0.583984 0.695312 0.580078 0.684896 0.576172 0.679688
0 0.551758 0.628906 0.548828 0.628906 0.544922 0.632812 0.541992 0.632812 0.541016 0.634115 0.524414 0.634115 0.524414 0.635417 0.523438 0.636719 0.523438 0.639323 0.521484 0.643229 0.521484 0.648438 0.520508 0.649740 0.520508 0.657552 0.524414 0.666667 0.524414 0.669271 0.526367 0.671875 0.527344 0.675781 0.529297 0.678385 0.530273 0.678385 0.533203 0.680990 0.537109 0.680990 0.538086 0.682292 0.555664 0.682292 0.556641 0.680990 0.557617 0.680990 0.559570 0.673177 0.562500 0.669271 0.562500 0.667969 0.563477 0.666667 0.563477 0.652344 0.562500 0.651042 0.561523 0.647135 0.560547 0.647135 0.556641 0.641927 0.556641 0.640625 0.554688 0.638021 0.554688 0.636719 0.552734 0.632812 0.552734 0.630208
0 0.549805 0.572917 0.547852 0.572917 0.546875 0.571615 0.543945 0.571615 0.541992 0.574219 0.541016 0.574219 0.539062 0.576823 0.538086 0.576823 0.535156 0.579427 0.528320 0.580729 0.521484 0.589844 0.521484 0.593750 0.520508 0.595052 0.521484 0.596354 0.521484 0.602865 0.522461 0.604167 0.522461 0.611979 0.523438 0.613281 0.523438 0.617188 0.524414 0.618490 0.524414 0.621094 0.525391 0.622396 0.526367 0.628906 0.528320 0.631510 0.531250 0.631510 0.532227 0.632812 0.537109 0.632812 0.538086 0.631510 0.541016 0.631510 0.541992 0.630208 0.548828 0.626302 0.552734 0.621094 0.552734 0.619792 0.554688 0.617188 0.554688 0.614583 0.558594 0.605469 0.558594 0.593750 0.557617 0.592448 0.557617 0.588542 0.555664 0.584635 0.555664 0.582031 0.554688 0.580729 0.554688 0.579427 0.552734 0.576823 0.552734 0.575521 0.551758 0.575521
0 0.505859 0.519531 0.499023 0.527344 0.499023 0.536458 0.500977 0.541667 0.500977 0.545573 0.502930 0.549479 0.502930 0.553385 0.505859 0.558594 0.505859 0.563802 0.510742 0.571615 0.518555 0.576823 0.522461 0.576823 0.523438 0.578125 0.533203 0.578125 0.534180 0.576823 0.536133 0.576823 0.538086 0.574219 0.541992 0.571615 0.545898 0.566406 0.546875 0.561198 0.547852 0.559896 0.547852 0.552083 0.546875 0.550781 0.546875 0.548177 0.542969 0.542969 0.538086 0.529948 0.534180 0.524740 0.527344 0.520833 0.525391 0.518229 0.521484 0.518229 0.520508 0.516927 0.517578 0.516927 0.516602 0.515625 0.509766 0.516927
0 0.525391 0.466146 0.524414 0.467448 0.523438 0.467448 0.513672 0.480469 0.513672 0.483073 0.512695 0.484375 0.512695 0.488281 0.513672 0.489583 0.513672 0.497396 0.514648 0.498698 0.514648 0.502604 0.515625 0.503906 0.516602 0.507812 0.517578 0.507812 0.518555 0.509115 0.520508 0.509115 0.528320 0.519531 0.529297 0.519531 0.532227 0.522135 0.534180 0.522135 0.537109 0.524740 0.541016 0.524740 0.541992 0.523438 0.544922 0.522135 0.547852 0.518229 0.547852 0.516927 0.552734 0.505208 0.552734 0.502604 0.553711 0.501302 0.553711 0.498698 0.554688 0.497396 0.554688 0.494792 0.555664 0.493490 0.555664 0.485677 0.553711 0.483073 0.553711 0.481771 0.547852 0.473958 0.546875 0.473958 0.544922 0.471354 0.543945 0.471354 0.537109 0.466146 0.535156 0.466146 0.534180 0.464844 0.529297 0.464844 0.528320 0.466146
0 0.553711 0.511719 0.552734 0.514323 0.552734 0.516927 0.550781 0.518229 0.546875 0.523438 0.546875 0.524740 0.543945 0.528646 0.542969 0.531250 0.542969 0.539062 0.547852 0.546875 0.547852 0.549479 0.548828 0.550781 0.548828 0.555990 0.549805 0.557292 0.549805 0.561198 0.551758 0.562500 0.552734 0.565104 0.555664 0.569010 0.563477 0.574219 0.565430 0.572917 0.567383 0.572917 0.568359 0.571615 0.573242 0.571615 0.574219 0.570312 0.576172 0.570312 0.580078 0.566406 0.581055 0.562500 0.583008 0.559896 0.585938 0.552083 0.585938 0.544271 0.583984 0.539062 0.582031 0.537760 0.580078 0.535156 0.580078 0.533854 0.574219 0.526042 0.573242 0.526042 0.572266 0.523438 0.569336 0.519531 0.563477 0.516927 0.560547 0.511719
0 0.511719 0.361979 0.506836 0.367188 0.506836 0.368490 0.504883 0.372396 0.502930 0.372396 0.499023 0.376302 0.499023 0.385417 0.500000 0.386719 0.500000 0.389323 0.499023 0.390625 0.499023 0.395833 0.498047 0.397135 0.498047 0.398438 0.499023 0.399740 0.500000 0.403646 0.501953 0.406250 0.503906 0.406250 0.506836 0.410156 0.507812 0.410156 0.512695 0.414062 0.515625 0.414062 0.516602 0.415365 0.522461 0.415365 0.523438 0.414062 0.528320 0.414062 0.531250 0.411458 0.533203 0.411458 0.538086 0.404948 0.538086 0.402344 0.539062 0.401042 0.539062 0.394531 0.538086 0.393229 0.538086 0.380208 0.537109 0.378906 0.537109 0.373698 0.536133 0.372396 0.536133 0.369792 0.535156 0.368490 0.535156 0.367188 0.532227 0.363281 0.530273 0.363281 0.527344 0.360677 0.518555 0.360677 0.517578 0.361979
0 0.543945 0.406250 0.542969 0.407552 0.541016 0.407552 0.539062 0.410156 0.538086 0.410156 0.534180 0.415365 0.533203 0.415365 0.531250 0.417969 0.531250 0.419271 0.526367 0.425781 0.525391 0.429688 0.526367 0.430990 0.526367 0.434896 0.527344 0.436198 0.527344 0.438802 0.528320 0.440104 0.528320 0.444010 0.529297 0.445312 0.529297 0.447917 0.530273 0.449219 0.530273 0.450521 0.534180 0.455729 0.535156 0.455729 0.540039 0.460938 0.545898 0.460938 0.546875 0.462240 0.548828 0.462240 0.549805 0.460938 0.551758 0.460938 0.552734 0.459635 0.555664 0.458333 0.561523 0.450521 0.562500 0.446615 0.566406 0.440104 0.566406 0.436198 0.565430 0.434896 0.565430 0.428385 0.564453 0.427083 0.564453 0.423177 0.562500 0.419271 0.562500 0.416667 0.561523 0.415365 0.561523 0.412760 0.560547 0.411458 0.560547 0.410156 0.557617 0.407552 0.553711 0.407552 0.552734 0.406250
0 0.568359 0.346354 0.566406 0.346354 0.565430 0.347656 0.562500 0.347656 0.559570 0.350260 0.557617 0.350260 0.554688 0.352865 0.552734 0.352865 0.548828 0.356771 0.543945 0.359375 0.539062 0.365885 0.539062 0.382812 0.540039 0.384115 0.540039 0.388021 0.542969 0.393229 0.542969 0.398438 0.544922 0.401042 0.545898 0.401042 0.546875 0.402344 0.548828 0.402344 0.549805 0.403646 0.553711 0.403646 0.554688 0.404948 0.557617 0.404948 0.558594 0.403646 0.560547 0.403646 0.561523 0.402344 0.564453 0.401042 0.573242 0.390625 0.573242 0.389323 0.574219 0.388021 0.574219 0.385417 0.575195 0.384115 0.575195 0.378906 0.576172 0.377604 0.576172 0.372396 0.577148 0.371094 0.577148 0.364583 0.576172 0.363281 0.576172 0.359375 0.575195 0.358073 0.575195 0.355469 0.573242 0.352865 0.573242 0.351562 0.572266 0.350260 0.571289 0.350260
0 0.615234 0.358073 0.611328 0.354167 0.606445 0.354167 0.605469 0.355469 0.599609 0.355469 0.598633 0.356771 0.593750 0.356771 0.592773 0.358073 0.584961 0.358073 0.583008 0.359375 0.579102 0.369792 0.579102 0.372396 0.578125 0.373698 0.578125 0.377604 0.577148 0.378906 0.577148 0.398438 0.579102 0.403646 0.586914 0.408854 0.591797 0.408854 0.592773 0.410156 0.598633 0.410156 0.599609 0.408854 0.601562 0.408854 0.604492 0.406250 0.606445 0.406250 0.608398 0.404948 0.611328 0.401042 0.615234 0.398438 0.618164 0.390625 0.618164 0.386719 0.619141 0.385417 0.619141 0.378906 0.620117 0.377604 0.620117 0.375000 0.619141 0.373698 0.619141 0.365885 0.617188 0.363281
0 0.623047 0.367188 0.622070 0.369792 0.622070 0.380208 0.621094 0.381510 0.621094 0.385417 0.620117 0.386719 0.620117 0.393229 0.618164 0.397135 0.618164 0.404948 0.623047 0.410156 0.624023 0.416667 0.628906 0.423177 0.628906 0.424479 0.631836 0.427083 0.636719 0.427083 0.637695 0.428385 0.639648 0.427083 0.646484 0.427083 0.647461 0.425781 0.649414 0.425781 0.651367 0.424479 0.653320 0.421875 0.657227 0.419271 0.661133 0.414062 0.661133 0.412760 0.664062 0.407552 0.664062 0.394531 0.663086 0.393229 0.663086 0.390625 0.662109 0.388021 0.657227 0.381510 0.655273 0.375000 0.651367 0.372396 0.649414 0.372396 0.648438 0.371094 0.644531 0.371094 0.643555 0.369792 0.640625 0.369792 0.639648 0.368490
0 0.594727 0.416667 0.593750 0.419271 0.594727 0.420573 0.599609 0.421875 0.600586 0.424479 0.598633 0.427083 0.596680 0.427083 0.593750 0.429688 0.593750 0.432292 0.590820 0.436198 0.589844 0.438802 0.589844 0.441406 0.588867 0.442708 0.588867 0.455729 0.591797 0.462240 0.591797 0.464844 0.593750 0.467448 0.594727 0.467448 0.602539 0.475260 0.604492 0.475260 0.605469 0.476562 0.609375 0.476562 0.611328 0.475260 0.616211 0.468750 0.616211 0.467448 0.618164 0.466146 0.622070 0.460938 0.624023 0.455729 0.627930 0.450521 0.629883 0.444010 0.627930 0.440104 0.627930 0.437500 0.626953 0.434896 0.624023 0.430990 0.624023 0.429688 0.618164 0.421875 0.617188 0.421875 0.615234 0.419271 0.613281 0.417969 0.611328 0.417969 0.610352 0.416667
0 0.628906 0.430990 0.628906 0.432292 0.627930 0.433594 0.627930 0.436198 0.628906 0.437500 0.628906 0.440104 0.629883 0.441406 0.630859 0.445312 0.627930 0.450521 0.627930 0.451823 0.625977 0.454427 0.625977 0.455729 0.624023 0.458333 0.624023 0.459635 0.622070 0.463542 0.622070 0.466146 0.623047 0.467448 0.624023 0.471354 0.625977 0.473958 0.625977 0.475260 0.626953 0.475260 0.628906 0.477865 0.636719 0.477865 0.637695 0.479167 0.650391 0.479167 0.651367 0.477865 0.652344 0.477865 0.658203 0.470052 0.658203 0.468750 0.661133 0.464844 0.661133 0.463542 0.662109 0.462240 0.662109 0.449219 0.661133 0.447917 0.660156 0.444010 0.657227 0.440104 0.655273 0.433594 0.651367 0.429688 0.630859 0.429688 0.629883 0.430990
0 0.662109 0.438802 0.662109 0.442708 0.663086 0.444010 0.663086 0.450521 0.664062 0.451823 0.664062 0.460938 0.662109 0.464844 0.662109 0.467448 0.660156 0.472656 0.657227 0.476562 0.666992 0.486979 0.669922 0.488281 0.671875 0.490885 0.679688 0.496094 0.682617 0.496094 0.683594 0.497396 0.687500 0.497396 0.695312 0.492188 0.702148 0.483073 0.705078 0.475260 0.705078 0.466146 0.703125 0.460938 0.703125 0.455729 0.694336 0.445312 0.684570 0.438802 0.680664 0.438802 0.679688 0.437500 0.670898 0.437500 0.669922 0.436198 0.665039 0.436198 0.663086 0.438802
0 0.589844 0.473958 0.586914 0.477865 0.584961 0.477865 0.583008 0.480469 0.582031 0.480469 0.573242 0.490885 0.573242 0.492188 0.571289 0.494792 0.571289 0.496094 0.569336 0.500000 0.569336 0.513021 0.570312 0.514323 0.570312 0.515625 0.571289 0.515625 0.576172 0.519531 0.579102 0.519531 0.582031 0.522135 0.583984 0.522135 0.584961 0.523438 0.585938 0.523438 0.586914 0.524740 0.588867 0.524740 0.591797 0.527344 0.598633 0.527344 0.602539 0.523438 0.603516 0.523438 0.605469 0.520833 0.606445 0.520833 0.610352 0.514323 0.610352 0.513021 0.613281 0.506510 0.613281 0.501302 0.612305 0.500000 0.612305 0.494792 0.611328 0.493490 0.611328 0.490885 0.610352 0.489583 0.610352 0.488281 0.608398 0.485677 0.607422 0.485677 0.605469 0.483073 0.602539 0.481771 0.599609 0.477865 0.594727 0.477865 0.593750 0.476562 0.592773 0.476562 0.591797 0.475260 0.591797 0.473958
0 0.662109 0.490885 0.660156 0.496094 0.658203 0.497396 0.658203 0.500000 0.656250 0.505208 0.656250 0.524740 0.657227 0.526042 0.657227 0.540365 0.659180 0.545573 0.661133 0.548177 0.662109 0.548177 0.666016 0.552083 0.669922 0.552083 0.670898 0.553385 0.674805 0.553385 0.675781 0.552083 0.678711 0.552083 0.684570 0.548177 0.686523 0.545573 0.689453 0.544271 0.691406 0.539062 0.691406 0.536458 0.692383 0.535156 0.692383 0.531250 0.693359 0.529948 0.693359 0.522135 0.692383 0.520833 0.692383 0.516927 0.691406 0.515625 0.690430 0.509115 0.687500 0.503906 0.686523 0.503906 0.683594 0.500000 0.681641 0.498698 0.679688 0.498698 0.678711 0.497396 0.672852 0.497396 0.671875 0.496094 0.671875 0.493490 0.667969 0.490885
0 0.702148 0.488281 0.700195 0.493490 0.700195 0.497396 0.696289 0.501302 0.695312 0.501302 0.695312 0.505208 0.694336 0.506510 0.694336 0.511719 0.695312 0.513021 0.695312 0.526042 0.696289 0.527344 0.697266 0.532552 0.699219 0.535156 0.700195 0.541667 0.704102 0.545573 0.706055 0.545573 0.707031 0.546875 0.709961 0.546875 0.710938 0.548177 0.721680 0.548177 0.727539 0.544271 0.730469 0.544271 0.731445 0.542969 0.735352 0.541667 0.737305 0.539062 0.740234 0.531250 0.743164 0.527344 0.743164 0.524740 0.744141 0.523438 0.741211 0.518229 0.739258 0.511719 0.733398 0.501302 0.733398 0.500000 0.729492 0.497396 0.724609 0.492188 0.719727 0.492188 0.718750 0.490885 0.715820 0.490885 0.714844 0.489583 0.710938 0.489583 0.709961 0.488281
0 0.654297 0.553385 0.651367 0.553385 0.651367 0.555990 0.652344 0.557292 0.652344 0.559896 0.651367 0.561198 0.648438 0.562500 0.644531 0.566406 0.642578 0.566406 0.641602 0.567708 0.640625 0.567708 0.637695 0.571615 0.635742 0.571615 0.633789 0.574219 0.632812 0.574219 0.629883 0.578125 0.628906 0.578125 0.627930 0.579427 0.627930 0.583333 0.626953 0.584635 0.628906 0.587240 0.628906 0.589844 0.629883 0.591146 0.629883 0.592448 0.633789 0.598958 0.633789 0.601562 0.640625 0.610677 0.642578 0.610677 0.643555 0.611979 0.650391 0.611979 0.651367 0.610677 0.653320 0.610677 0.660156 0.605469 0.662109 0.605469 0.663086 0.604167 0.664062 0.604167 0.666016 0.601562 0.666992 0.601562 0.669922 0.596354 0.669922 0.584635 0.670898 0.583333 0.670898 0.580729 0.669922 0.579427 0.669922 0.575521 0.668945 0.574219 0.666992 0.567708 0.661133 0.559896 0.660156 0.559896 0.656250 0.554688 0.655273 0.554688
0 0.571289 0.617188 0.571289 0.622396 0.566406 0.628906 0.565430 0.631510 0.565430 0.635417 0.567383 0.640625 0.567383 0.644531 0.570312 0.649740 0.570312 0.651042 0.576172 0.657552 0.577148 0.657552 0.580078 0.661458 0.582031 0.662760 0.583984 0.662760 0.584961 0.664062 0.592773 0.664062 0.597656 0.660156 0.600586 0.660156 0.601562 0.658854 0.605469 0.658854 0.610352 0.654948 0.610352 0.652344 0.612305 0.647135 0.612305 0.636719 0.610352 0.631510 0.600586 0.619792 0.600586 0.617188 0.599609 0.614583 0.595703 0.614583 0.592773 0.609375 0.590820 0.609375 0.586914 0.606771 0.585938 0.608073 0.582031 0.608073 0.581055 0.609375 0.576172 0.610677
0 0.620117 0.606771 0.618164 0.610677 0.615234 0.610677 0.614258 0.611979 0.613281 0.611979 0.610352 0.615885 0.610352 0.619792 0.609375 0.621094 0.609375 0.622396 0.610352 0.623698 0.610352 0.627604 0.612305 0.630208 0.612305 0.634115 0.613281 0.635417 0.615234 0.641927 0.617188 0.644531 0.620117 0.653646 0.623047 0.657552 0.623047 0.658854 0.624023 0.660156 0.625000 0.660156 0.625977 0.661458 0.632812 0.661458 0.633789 0.662760 0.638672 0.662760 0.639648 0.661458 0.642578 0.660156 0.645508 0.656250 0.645508 0.654948 0.647461 0.652344 0.647461 0.651042 0.650391 0.645833 0.650391 0.643229 0.651367 0.641927 0.651367 0.639323 0.652344 0.638021 0.652344 0.630208 0.651367 0.628906 0.651367 0.626302 0.650391 0.625000 0.649414 0.621094 0.648438 0.621094 0.646484 0.618490 0.646484 0.617188 0.641602 0.614583 0.639648 0.611979 0.636719 0.610677 0.633789 0.606771 0.632812 0.606771 0.631836 0.605469 0.627930 0.605469 0.626953 0.604167 0.625977 0.605469 0.623047 0.605469 0.622070 0.606771
0 0.700195 0.546875 0.692383 0.546875 0.691406 0.548177 0.689453 0.548177 0.688477 0.549479 0.687500 0.549479 0.683594 0.554688 0.683594 0.555990 0.682617 0.557292 0.681641 0.557292 0.678711 0.561198 0.678711 0.562500 0.677734 0.563802 0.677734 0.576823 0.676758 0.578125 0.676758 0.580729 0.677734 0.582031 0.677734 0.585938 0.678711 0.587240 0.678711 0.592448 0.681641 0.596354 0.682617 0.596354 0.689453 0.601562 0.691406 0.601562 0.692383 0.602865 0.694336 0.602865 0.695312 0.601562 0.701172 0.601562 0.702148 0.600260 0.705078 0.598958 0.707031 0.596354 0.708008 0.596354 0.711914 0.591146 0.712891 0.591146 0.715820 0.584635 0.715820 0.572917 0.714844 0.571615 0.714844 0.566406 0.713867 0.565104 0.713867 0.561198 0.712891 0.559896 0.712891 0.558594 0.709961 0.554688 0.708984 0.554688 0.707031 0.552083 0.702148 0.549479
0 0.720703 0.553385 0.719727 0.554688 0.719727 0.557292 0.717773 0.559896 0.717773 0.585938 0.718750 0.588542 0.732422 0.606771 0.736328 0.608073 0.737305 0.609375 0.742188 0.609375 0.743164 0.610677 0.749023 0.610677 0.758789 0.598958 0.758789 0.597656 0.761719 0.592448 0.761719 0.589844 0.764648 0.584635 0.764648 0.579427 0.763672 0.578125 0.763672 0.571615 0.762695 0.570312 0.762695 0.567708 0.760742 0.562500 0.753906 0.552083 0.748047 0.548177 0.746094 0.548177 0.745117 0.546875 0.739258 0.546875 0.738281 0.545573 0.736328 0.545573 0.735352 0.546875 0.733398 0.546875 0.731445 0.549479 0.728516 0.549479 0.723633 0.553385
0 0.779297 0.587240 0.767578 0.587240 0.764648 0.591146 0.764648 0.593750 0.763672 0.595052 0.763672 0.596354 0.760742 0.600260 0.759766 0.600260 0.751953 0.610677 0.751953 0.611979 0.750977 0.613281 0.750977 0.617188 0.750000 0.618490 0.750000 0.634115 0.752930 0.638021 0.753906 0.638021 0.757812 0.641927 0.760742 0.643229 0.761719 0.641927 0.766602 0.641927 0.767578 0.640625 0.772461 0.640625 0.773438 0.639323 0.776367 0.639323 0.777344 0.638021 0.779297 0.638021 0.780273 0.636719 0.781250 0.636719 0.784180 0.632812 0.786133 0.632812 0.787109 0.631510 0.787109 0.630208 0.788086 0.628906 0.788086 0.626302 0.789062 0.625000 0.789062 0.619792 0.790039 0.618490 0.790039 0.611979 0.789062 0.610677 0.789062 0.605469 0.788086 0.604167 0.788086 0.601562 0.787109 0.600260 0.787109 0.597656 0.786133 0.596354 0.786133 0.595052 0.781250 0.588542 0.780273 0.588542
0 0.658203 0.610677 0.657227 0.611979 0.658203 0.614583 0.658203 0.617188 0.655273 0.621094 0.655273 0.632812 0.658203 0.638021 0.659180 0.641927 0.662109 0.645833 0.666016 0.648438 0.676758 0.661458 0.680664 0.664062 0.685547 0.662760 0.687500 0.660156 0.690430 0.658854 0.695312 0.652344 0.699219 0.649740 0.699219 0.644531 0.698242 0.643229 0.698242 0.631510 0.697266 0.630208 0.697266 0.622396 0.696289 0.621094 0.696289 0.618490 0.693359 0.614583 0.693359 0.613281 0.687500 0.609375 0.685547 0.606771 0.683594 0.606771 0.682617 0.605469 0.678711 0.605469 0.677734 0.604167 0.667969 0.604167 0.666992 0.605469 0.665039 0.605469 0.662109 0.609375 0.660156 0.610677
0 0.602539 0.664062 0.601562 0.665365 0.601562 0.667969 0.600586 0.669271 0.600586 0.670573 0.594727 0.678385 0.594727 0.682292 0.593750 0.683594 0.593750 0.686198 0.592773 0.687500 0.592773 0.691406 0.593750 0.692708 0.593750 0.694010 0.597656 0.699219 0.597656 0.700521 0.604492 0.709635 0.605469 0.709635 0.607422 0.712240 0.609375 0.712240 0.610352 0.713542 0.615234 0.713542 0.616211 0.714844 0.622070 0.714844 0.623047 0.713542 0.625000 0.713542 0.625977 0.712240 0.626953 0.712240 0.636719 0.699219 0.636719 0.697917 0.638672 0.694010 0.638672 0.684896 0.637695 0.683594 0.637695 0.682292 0.624023 0.665365 0.623047 0.665365 0.622070 0.664062 0.618164 0.664062 0.617188 0.662760 0.615234 0.662760 0.614258 0.661458 0.612305 0.661458 0.611328 0.660156 0.609375 0.660156 0.608398 0.661458 0.606445 0.661458 0.605469 0.662760
0 0.611328 0.721354 0.610352 0.721354 0.610352 0.730469 0.608398 0.733073 0.601562 0.733073 0.600586 0.731771 0.597656 0.731771 0.595703 0.729167 0.590820 0.731771 0.587891 0.727865 0.583008 0.730469 0.582031 0.733073 0.582031 0.744792 0.583008 0.746094 0.583008 0.750000 0.583984 0.751302 0.583984 0.757812 0.584961 0.759115 0.584961 0.763021 0.586914 0.768229 0.586914 0.772135 0.591797 0.777344 0.593750 0.777344 0.594727 0.776042 0.600586 0.776042 0.601562 0.777344 0.609375 0.777344 0.615234 0.773438 0.618164 0.769531 0.619141 0.769531 0.619141 0.768229 0.622070 0.763021 0.622070 0.759115 0.623047 0.757812 0.623047 0.753906 0.622070 0.752604 0.622070 0.736979 0.620117 0.734375 0.619141 0.730469 0.617188 0.729167 0.616211 0.726562
0 0.627930 0.789062 0.627930 0.786458 0.626953 0.785156 0.626953 0.781250 0.625000 0.778646 0.625000 0.777344 0.621094 0.772135 0.620117 0.772135 0.619141 0.770833 0.618164 0.770833 0.615234 0.774740 0.614258 0.774740 0.611328 0.777344 0.588867 0.777344 0.587891 0.776042 0.587891 0.785156 0.586914 0.786458 0.586914 0.787760 0.587891 0.789062 0.587891 0.790365 0.589844 0.792969 0.589844 0.794271 0.594727 0.800781 0.595703 0.800781 0.598633 0.804688 0.599609 0.804688 0.602539 0.807292 0.604492 0.807292 0.605469 0.808594 0.616211 0.808594 0.617188 0.807292 0.618164 0.807292 0.624023 0.799479 0.624023 0.798177 0.625977 0.795573 0.625977 0.794271 0.626953 0.792969 0.626953 0.790365
0 0.635742 0.709635 0.634766 0.710938 0.635742 0.714844 0.629883 0.721354 0.626953 0.721354 0.625977 0.723958 0.625977 0.726562 0.625000 0.727865 0.624023 0.739583 0.625000 0.740885 0.625000 0.748698 0.625977 0.750000 0.625977 0.752604 0.628906 0.759115 0.634766 0.763021 0.636719 0.763021 0.637695 0.764323 0.640625 0.764323 0.641602 0.765625 0.646484 0.765625 0.647461 0.766927 0.657227 0.766927 0.662109 0.759115 0.663086 0.756510 0.663086 0.753906 0.665039 0.750000 0.665039 0.736979 0.662109 0.729167 0.662109 0.726562 0.660156 0.721354 0.657227 0.717448 0.657227 0.716146 0.653320 0.712240 0.651367 0.712240 0.650391 0.710938 0.648438 0.712240 0.644531 0.712240 0.642578 0.709635
0 0.637695 0.773438 0.637695 0.777344 0.632812 0.783854 0.629883 0.791667 0.629883 0.799479 0.631836 0.803385 0.631836 0.808594 0.634766 0.812500 0.634766 0.813802 0.635742 0.813802 0.641602 0.821615 0.642578 0.821615 0.644531 0.824219 0.650391 0.828125 0.654297 0.828125 0.655273 0.829427 0.662109 0.829427 0.663086 0.828125 0.665039 0.828125 0.666016 0.826823 0.667969 0.826823 0.669922 0.825521 0.675781 0.817708 0.676758 0.815104 0.676758 0.812500 0.677734 0.811198 0.677734 0.798177 0.669922 0.787760 0.668945 0.783854 0.662109 0.774740 0.662109 0.773438 0.659180 0.770833 0.647461 0.770833 0.646484 0.772135 0.639648 0.772135
0 0.688477 0.770833 0.686523 0.774740 0.686523 0.777344 0.680664 0.783854 0.680664 0.785156 0.679688 0.786458 0.679688 0.789062 0.678711 0.790365 0.678711 0.799479 0.679688 0.800781 0.679688 0.811198 0.680664 0.812500 0.680664 0.815104 0.681641 0.816406 0.682617 0.820312 0.689453 0.829427 0.696289 0.829427 0.697266 0.828125 0.705078 0.828125 0.706055 0.826823 0.707031 0.826823 0.709961 0.822917 0.709961 0.821615 0.712891 0.817708 0.712891 0.816406 0.715820 0.811198 0.715820 0.803385 0.716797 0.802083 0.716797 0.795573 0.717773 0.794271 0.717773 0.789062 0.714844 0.785156 0.711914 0.783854 0.708984 0.779948 0.708008 0.779948 0.705078 0.776042 0.702148 0.774740 0.700195 0.772135 0.699219 0.772135 0.698242 0.773438 0.694336 0.773438 0.693359 0.772135
0 0.736328 0.804688 0.735352 0.804688 0.733398 0.807292 0.729492 0.807292 0.728516 0.805990 0.727539 0.807292 0.725586 0.807292 0.724609 0.808594 0.723633 0.808594 0.722656 0.809896 0.717773 0.812500 0.712891 0.819010 0.711914 0.822917 0.706055 0.830729 0.707031 0.832031 0.707031 0.839844 0.708008 0.841146 0.708008 0.843750 0.708984 0.845052 0.710938 0.851562 0.712891 0.854167 0.713867 0.854167 0.714844 0.855469 0.716797 0.855469 0.717773 0.856771 0.720703 0.856771 0.721680 0.855469 0.723633 0.855469 0.725586 0.852865 0.730469 0.850260 0.733398 0.846354 0.734375 0.846354 0.742188 0.835938 0.743164 0.835938 0.743164 0.820312 0.742188 0.819010 0.742188 0.816406 0.741211 0.815104 0.740234 0.811198 0.736328 0.805990
0 0.667969 0.709635 0.666992 0.710938 0.666992 0.714844 0.665039 0.716146 0.662109 0.720052 0.663086 0.722656 0.663086 0.725260 0.664062 0.726562 0.664062 0.729167 0.665039 0.730469 0.665039 0.733073 0.666016 0.734375 0.666016 0.739583 0.666992 0.740885 0.666992 0.756510 0.672852 0.763021 0.678711 0.763021 0.679688 0.764323 0.682617 0.764323 0.683594 0.765625 0.685547 0.765625 0.686523 0.764323 0.689453 0.764323 0.690430 0.763021 0.693359 0.763021 0.698242 0.759115 0.700195 0.759115 0.702148 0.757812 0.704102 0.753906 0.704102 0.748698 0.705078 0.747396 0.705078 0.743490 0.706055 0.742188 0.706055 0.739583 0.705078 0.738281 0.705078 0.733073 0.704102 0.731771 0.704102 0.729167 0.701172 0.725260 0.701172 0.723958 0.700195 0.723958 0.690430 0.712240 0.689453 0.712240 0.685547 0.708333 0.682617 0.708333 0.678711 0.705729 0.673828 0.705729
0 0.654297 0.647135 0.650391 0.652344 0.650391 0.653646 0.649414 0.654948 0.648438 0.654948 0.645508 0.658854 0.645508 0.660156 0.643555 0.662760 0.641602 0.662760 0.638672 0.666667 0.638672 0.673177 0.639648 0.674479 0.639648 0.682292 0.640625 0.683594 0.640625 0.687500 0.641602 0.688802 0.641602 0.691406 0.646484 0.697917 0.647461 0.697917 0.652344 0.701823 0.655273 0.701823 0.656250 0.703125 0.662109 0.703125 0.663086 0.701823 0.665039 0.701823 0.666016 0.700521 0.668945 0.699219 0.673828 0.694010 0.676758 0.692708 0.680664 0.686198 0.680664 0.680990 0.681641 0.679688 0.681641 0.678385 0.680664 0.677083 0.680664 0.671875 0.679688 0.670573 0.678711 0.666667 0.668945 0.653646 0.667969 0.653646 0.662109 0.647135
0 0.708984 0.654948 0.707031 0.654948 0.706055 0.653646 0.699219 0.653646 0.698242 0.654948 0.696289 0.654948 0.695312 0.656250 0.692383 0.657552 0.692383 0.658854 0.691406 0.660156 0.690430 0.660156 0.688477 0.662760 0.685547 0.664062 0.682617 0.667969 0.682617 0.682292 0.681641 0.683594 0.681641 0.688802 0.680664 0.690104 0.680664 0.692708 0.679688 0.694010 0.679688 0.695312 0.680664 0.695312 0.683594 0.699219 0.684570 0.699219 0.687500 0.701823 0.689453 0.701823 0.690430 0.703125 0.707031 0.703125 0.708008 0.701823 0.712891 0.700521 0.715820 0.697917 0.715820 0.695312 0.718750 0.688802 0.718750 0.683594 0.717773 0.682292 0.717773 0.678385 0.716797 0.677083 0.716797 0.674479 0.715820 0.673177 0.714844 0.666667 0.713867 0.665365 0.711914 0.658854
0 0.708984 0.738281 0.706055 0.744792 0.706055 0.752604 0.704102 0.756510 0.704102 0.761719 0.706055 0.765625 0.706055 0.768229 0.711914 0.776042 0.711914 0.777344 0.714844 0.779948 0.720703 0.779948 0.721680 0.781250 0.728516 0.781250 0.729492 0.777344 0.737305 0.766927 0.737305 0.765625 0.738281 0.764323 0.738281 0.756510 0.737305 0.755208 0.737305 0.751302 0.736328 0.750000 0.736328 0.748698 0.733398 0.744792 0.732422 0.744792 0.725586 0.735677 0.724609 0.735677 0.723633 0.734375 0.715820 0.734375 0.715820 0.735677 0.714844 0.736979 0.712891 0.736979 0.711914 0.738281
0 0.758789 0.740885 0.753906 0.740885 0.748047 0.746094 0.745117 0.746094 0.744141 0.747396 0.740234 0.747396 0.738281 0.751302 0.738281 0.755208 0.739258 0.756510 0.739258 0.765625 0.738281 0.766927 0.738281 0.768229 0.741211 0.772135 0.741211 0.773438 0.743164 0.776042 0.743164 0.777344 0.744141 0.778646 0.745117 0.778646 0.747070 0.781250 0.748047 0.781250 0.750977 0.785156 0.753906 0.785156 0.754883 0.786458 0.757812 0.783854 0.759766 0.783854 0.761719 0.781250 0.762695 0.781250 0.765625 0.778646 0.767578 0.778646 0.771484 0.773438 0.771484 0.772135 0.774414 0.768229 0.774414 0.766927 0.776367 0.763021 0.776367 0.761719 0.774414 0.761719 0.772461 0.759115 0.771484 0.759115 0.767578 0.753906 0.767578 0.752604 0.763672 0.747396 0.763672 0.746094 0.762695 0.746094
0 0.720703 0.688802 0.717773 0.695312 0.717773 0.700521 0.720703 0.704427 0.722656 0.704427 0.724609 0.707031 0.724609 0.709635 0.725586 0.710938 0.725586 0.720052 0.724609 0.721354 0.721680 0.721354 0.720703 0.718750 0.720703 0.725260 0.723633 0.729167 0.723633 0.730469 0.726562 0.734375 0.726562 0.735677 0.732422 0.742188 0.736328 0.744792 0.738281 0.744792 0.739258 0.746094 0.745117 0.746094 0.746094 0.744792 0.748047 0.744792 0.755859 0.733073 0.757812 0.726562 0.762695 0.717448 0.762695 0.709635 0.761719 0.707031 0.751953 0.692708 0.748047 0.690104 0.746094 0.691406 0.739258 0.691406 0.738281 0.690104 0.734375 0.690104 0.733398 0.688802 0.728516 0.688802 0.727539 0.687500 0.723633 0.687500 0.722656 0.688802
0 0.766602 0.712240 0.764648 0.714844 0.762695 0.721354 0.758789 0.726562 0.758789 0.729167 0.757812 0.730469 0.757812 0.736979 0.758789 0.738281 0.758789 0.739583 0.773438 0.760417 0.776367 0.760417 0.777344 0.761719 0.778320 0.761719 0.779297 0.760417 0.781250 0.760417 0.782227 0.759115 0.787109 0.756510 0.787109 0.755208 0.791016 0.750000 0.791016 0.748698 0.792969 0.746094 0.792969 0.744792 0.793945 0.743490 0.793945 0.740885 0.794922 0.739583 0.794922 0.725260 0.793945 0.723958 0.793945 0.716146 0.792969 0.717448 0.788086 0.717448 0.787109 0.716146 0.785156 0.716146 0.784180 0.714844 0.782227 0.714844 0.781250 0.713542 0.777344 0.713542 0.776367 0.712240 0.773438 0.712240 0.772461 0.713542 0.769531 0.713542 0.768555 0.712240
0 0.739258 0.636719 0.738281 0.638021 0.735352 0.638021 0.734375 0.639323 0.731445 0.640625 0.729492 0.643229 0.728516 0.643229 0.727539 0.644531 0.726562 0.644531 0.725586 0.645833 0.716797 0.651042 0.714844 0.654948 0.714844 0.661458 0.715820 0.662760 0.715820 0.665365 0.717773 0.669271 0.717773 0.673177 0.718750 0.674479 0.718750 0.677083 0.721680 0.682292 0.722656 0.682292 0.723633 0.683594 0.726562 0.683594 0.727539 0.684896 0.729492 0.684896 0.730469 0.686198 0.732422 0.686198 0.733398 0.687500 0.735352 0.687500 0.736328 0.688802 0.744141 0.688802 0.745117 0.687500 0.746094 0.687500 0.750000 0.682292 0.750000 0.680990 0.751953 0.678385 0.751953 0.677083 0.753906 0.673177 0.753906 0.670573 0.754883 0.669271 0.754883 0.658854 0.753906 0.657552 0.753906 0.656250 0.752930 0.654948 0.752930 0.652344 0.751953 0.651042 0.751953 0.644531 0.750977 0.643229 0.750977 0.641927 0.750000 0.641927 0.748047 0.639323 0.745117 0.639323 0.744141 0.640625 0.743164 0.640625
0 0.791016 0.641927 0.790039 0.641927 0.789062 0.640625 0.785156 0.640625 0.784180 0.639323 0.781250 0.639323 0.780273 0.640625 0.776367 0.640625 0.775391 0.641927 0.770508 0.641927 0.769531 0.643229 0.764648 0.643229 0.763672 0.644531 0.760742 0.644531 0.759766 0.645833 0.758789 0.645833 0.756836 0.649740 0.756836 0.673177 0.757812 0.674479 0.757812 0.675781 0.759766 0.678385 0.760742 0.678385 0.763672 0.680990 0.765625 0.680990 0.770508 0.684896 0.777344 0.684896 0.778320 0.683594 0.780273 0.683594 0.789062 0.677083 0.791016 0.677083 0.792969 0.674479 0.793945 0.674479 0.797852 0.669271 0.797852 0.665365 0.796875 0.664062 0.796875 0.661458 0.795898 0.660156 0.795898 0.653646 0.794922 0.652344 0.794922 0.649740 0.793945 0.648438 0.793945 0.647135 0.791016 0.643229
