0 0.146484 0.417969 0.137695 0.412760 0.136719 0.414062 0.129883 0.415365 0.126953 0.417969 0.124023 0.417969 0.119141 0.421875 0.107422 0.421875 0.102539 0.427083 0.101562 0.429688 0.103516 0.434896 0.107422 0.430990 0.111328 0.433594 0.107422 0.436198 0.104492 0.445312 0.099609 0.446615 0.097656 0.455729 0.095703 0.458333 0.095703 0.462240 0.096680 0.464844 0.103516 0.472656 0.104492 0.476562 0.110352 0.484375 0.112305 0.485677 0.119141 0.485677 0.123047 0.483073 0.126953 0.477865 0.127930 0.477865 0.127930 0.476562 0.135742 0.466146 0.135742 0.464844 0.139648 0.460938 0.143555 0.441406 0.152344 0.428385 0.150391 0.423177
0 0.119141 0.489583 0.118164 0.492188 0.119141 0.493490 0.119141 0.503906 0.120117 0.505208 0.120117 0.513021 0.121094 0.514323 0.121094 0.519531 0.122070 0.520833 0.122070 0.526042 0.123047 0.527344 0.123047 0.533854 0.125977 0.539062 0.129883 0.541667 0.133789 0.541667 0.134766 0.542969 0.142578 0.542969 0.143555 0.541667 0.147461 0.541667 0.148438 0.540365 0.150391 0.540365 0.151367 0.539062 0.159180 0.536458 0.164062 0.529948 0.165039 0.524740 0.166016 0.523438 0.166992 0.515625 0.169922 0.511719 0.169922 0.506510 0.166016 0.501302 0.160156 0.497396 0.150391 0.488281 0.146484 0.485677 0.143555 0.485677 0.141602 0.483073 0.141602 0.481771 0.139648 0.480469 0.136719 0.480469 0.133789 0.483073 0.128906 0.484375 0.126953 0.486979 0.124023 0.486979 0.123047 0.488281
0 0.155273 0.428385 0.148438 0.436198 0.144531 0.444010 0.144531 0.446615 0.142578 0.450521 0.142578 0.460938 0.143555 0.462240 0.143555 0.472656 0.142578 0.473958 0.142578 0.476562 0.144531 0.479167 0.145508 0.483073 0.147461 0.483073 0.150391 0.486979 0.159180 0.494792 0.172852 0.503906 0.180664 0.502604 0.182617 0.500000 0.183594 0.494792 0.185547 0.492188 0.185547 0.459635 0.187500 0.454427 0.187500 0.444010 0.189453 0.441406 0.189453 0.438802 0.182617 0.429688 0.175781 0.425781 0.170898 0.425781 0.168945 0.424479 0.167969 0.425781 0.164062 0.425781 0.163086 0.427083
0 0.199219 0.488281 0.196289 0.488281 0.195312 0.489583 0.193359 0.489583 0.192383 0.490885 0.188477 0.492188 0.185547 0.497396 0.185547 0.502604 0.184570 0.505208 0.181641 0.507812 0.176758 0.506510 0.172852 0.513021 0.172852 0.515625 0.168945 0.519531 0.168945 0.528646 0.171875 0.533854 0.171875 0.537760 0.172852 0.540365 0.181641 0.553385 0.189453 0.558594 0.197266 0.558594 0.201172 0.555990 0.206055 0.548177 0.206055 0.546875 0.209961 0.541667 0.214844 0.528646 0.209961 0.523438 0.205078 0.510417 0.203125 0.507812 0.199219 0.497396
0 0.199219 0.470052 0.199219 0.481771 0.196289 0.486979 0.196289 0.490885 0.199219 0.493490 0.201172 0.500000 0.204102 0.505208 0.204102 0.507812 0.206055 0.510417 0.209961 0.520833 0.212891 0.524740 0.216797 0.527344 0.217773 0.526042 0.223633 0.526042 0.224609 0.524740 0.227539 0.524740 0.232422 0.520833 0.234375 0.520833 0.239258 0.516927 0.242188 0.516927 0.248047 0.513021 0.250977 0.503906 0.250977 0.500000 0.250000 0.498698 0.250000 0.489583 0.249023 0.488281 0.248047 0.481771 0.243164 0.475260 0.239258 0.472656 0.235352 0.472656 0.234375 0.471354 0.232422 0.471354 0.227539 0.464844 0.227539 0.463542 0.223633 0.459635 0.212891 0.459635
0 0.185547 0.391927 0.182617 0.395833 0.181641 0.402344 0.179688 0.404948 0.179688 0.408854 0.178711 0.410156 0.178711 0.416667 0.179688 0.417969 0.179688 0.423177 0.180664 0.425781 0.184570 0.428385 0.186523 0.430990 0.187500 0.430990 0.191406 0.436198 0.191406 0.437500 0.192383 0.437500 0.194336 0.440104 0.194336 0.441406 0.197266 0.446615 0.197266 0.449219 0.199219 0.450521 0.208008 0.450521 0.208984 0.449219 0.212891 0.449219 0.213867 0.447917 0.216797 0.447917 0.217773 0.446615 0.219727 0.446615 0.223633 0.441406 0.224609 0.438802 0.224609 0.436198 0.225586 0.434896 0.225586 0.432292 0.226562 0.430990 0.226562 0.425781 0.225586 0.424479 0.225586 0.421875 0.224609 0.419271 0.220703 0.414062 0.216797 0.411458 0.211914 0.410156 0.208984 0.407552 0.207031 0.407552 0.203125 0.404948 0.201172 0.402344 0.200195 0.402344 0.192383 0.389323 0.191406 0.390625 0.188477 0.390625 0.187500 0.391927
0 0.232422 0.406250 0.230469 0.408854 0.230469 0.412760 0.229492 0.414062 0.229492 0.423177 0.227539 0.428385 0.227539 0.433594 0.226562 0.434896 0.225586 0.445312 0.224609 0.446615 0.224609 0.455729 0.228516 0.460938 0.230469 0.466146 0.234375 0.468750 0.253906 0.468750 0.254883 0.467448 0.260742 0.466146 0.268555 0.460938 0.270508 0.458333 0.270508 0.455729 0.273438 0.451823 0.273438 0.449219 0.274414 0.447917 0.274414 0.442708 0.275391 0.441406 0.274414 0.428385 0.270508 0.423177 0.270508 0.421875 0.264648 0.415365 0.260742 0.412760 0.258789 0.412760 0.255859 0.408854 0.251953 0.406250 0.249023 0.406250 0.248047 0.404948 0.235352 0.404948 0.234375 0.406250
0 0.275391 0.464844 0.272461 0.467448 0.270508 0.467448 0.266602 0.470052 0.259766 0.476562 0.256836 0.484375 0.256836 0.489583 0.255859 0.490885 0.255859 0.502604 0.256836 0.503906 0.256836 0.506510 0.257812 0.507812 0.257812 0.510417 0.259766 0.515625 0.266602 0.524740 0.267578 0.524740 0.274414 0.533854 0.277344 0.533854 0.278320 0.535156 0.283203 0.535156 0.284180 0.533854 0.288086 0.532552 0.290039 0.529948 0.291992 0.523438 0.296875 0.514323 0.296875 0.510417 0.297852 0.507812 0.300781 0.503906 0.301758 0.500000 0.303711 0.497396 0.304688 0.489583 0.300781 0.483073 0.300781 0.481771 0.296875 0.476562 0.292969 0.473958 0.286133 0.466146 0.283203 0.466146 0.282227 0.464844
0 0.131836 0.360677 0.129883 0.365885 0.129883 0.372396 0.127930 0.376302 0.127930 0.378906 0.128906 0.380208 0.128906 0.389323 0.129883 0.390625 0.129883 0.395833 0.130859 0.397135 0.130859 0.399740 0.137695 0.408854 0.140625 0.410156 0.144531 0.414062 0.146484 0.414062 0.150391 0.417969 0.152344 0.417969 0.156250 0.420573 0.162109 0.419271 0.166016 0.415365 0.172852 0.414062 0.174805 0.411458 0.174805 0.407552 0.175781 0.406250 0.175781 0.402344 0.176758 0.401042 0.176758 0.390625 0.168945 0.381510 0.166992 0.376302 0.164062 0.372396 0.162109 0.365885 0.153320 0.352865 0.151367 0.351562 0.145508 0.351562 0.141602 0.355469 0.139648 0.355469
0 0.083984 0.339844 0.079102 0.343750 0.068359 0.356771 0.066406 0.360677 0.067383 0.369792 0.072266 0.377604 0.073242 0.377604 0.083984 0.390625 0.087891 0.398438 0.087891 0.402344 0.088867 0.401042 0.090820 0.401042 0.093750 0.406250 0.095703 0.406250 0.102539 0.410156 0.108398 0.410156 0.110352 0.408854 0.122070 0.391927 0.124023 0.386719 0.124023 0.381510 0.125977 0.377604 0.126953 0.365885 0.129883 0.361979 0.131836 0.351562 0.130859 0.350260 0.128906 0.350260 0.125000 0.345052 0.118164 0.339844 0.117188 0.341146 0.114258 0.341146 0.107422 0.335938 0.103516 0.335938 0.098633 0.338542 0.092773 0.338542 0.090820 0.337240 0.086914 0.339844
0 0.108398 0.272135 0.105469 0.277344 0.103516 0.302083 0.105469 0.307292 0.106445 0.315104 0.111328 0.313802 0.114258 0.320312 0.115234 0.325521 0.113281 0.328125 0.111328 0.328125 0.106445 0.322917 0.105469 0.329427 0.107422 0.332031 0.109375 0.330729 0.115234 0.330729 0.125000 0.337240 0.135742 0.337240 0.142578 0.333333 0.146484 0.329427 0.148438 0.324219 0.149414 0.313802 0.155273 0.303385 0.155273 0.299479 0.154297 0.299479 0.150391 0.292969 0.150391 0.287760 0.145508 0.286458 0.142578 0.289062 0.141602 0.287760 0.140625 0.281250 0.128906 0.266927 0.118164 0.266927
0 0.156250 0.218750 0.146484 0.225260 0.143555 0.229167 0.138672 0.233073 0.138672 0.234375 0.133789 0.240885 0.130859 0.248698 0.130859 0.263021 0.131836 0.264323 0.131836 0.266927 0.134766 0.270833 0.138672 0.270833 0.141602 0.274740 0.150391 0.281250 0.152344 0.283854 0.155273 0.285156 0.160156 0.290365 0.164062 0.292969 0.170898 0.292969 0.180664 0.287760 0.180664 0.285156 0.182617 0.282552 0.184570 0.282552 0.183594 0.279948 0.184570 0.273438 0.185547 0.272135 0.187500 0.272135 0.188477 0.273438 0.187500 0.270833 0.186523 0.252604 0.184570 0.250000 0.184570 0.243490 0.185547 0.240885 0.183594 0.236979 0.179688 0.235677 0.171875 0.226562 0.164062 0.221354 0.162109 0.218750
0 0.161133 0.298177 0.153320 0.312500 0.150391 0.320312 0.149414 0.328125 0.148438 0.329427 0.149414 0.332031 0.149414 0.338542 0.152344 0.343750 0.153320 0.347656 0.165039 0.361979 0.168945 0.364583 0.171875 0.364583 0.172852 0.365885 0.175781 0.365885 0.176758 0.367188 0.181641 0.365885 0.185547 0.360677 0.187500 0.354167 0.190430 0.350260 0.192383 0.345052 0.196289 0.339844 0.197266 0.335938 0.201172 0.329427 0.201172 0.325521 0.202148 0.324219 0.201172 0.322917 0.201172 0.313802 0.197266 0.311198 0.196289 0.308594 0.196289 0.304688 0.196289 0.305990 0.194336 0.308594 0.193359 0.308594 0.191406 0.305990 0.187500 0.303385 0.184570 0.303385 0.181641 0.300781 0.178711 0.300781 0.177734 0.299479 0.167969 0.299479 0.166992 0.298177
0 0.214844 0.332031 0.213867 0.333333 0.208008 0.334635 0.205078 0.338542 0.204102 0.338542 0.204102 0.339844 0.200195 0.345052 0.200195 0.346354 0.192383 0.359375 0.190430 0.368490 0.192383 0.375000 0.192383 0.382812 0.193359 0.384115 0.193359 0.388021 0.195312 0.393229 0.203125 0.403646 0.207031 0.406250 0.209961 0.406250 0.214844 0.408854 0.220703 0.408854 0.225586 0.404948 0.234375 0.391927 0.235352 0.388021 0.243164 0.378906 0.244141 0.376302 0.244141 0.367188 0.247070 0.358073 0.247070 0.350260 0.244141 0.345052 0.239258 0.345052 0.233398 0.339844 0.226562 0.337240 0.224609 0.334635
0 0.258789 0.260417 0.250977 0.257812 0.250000 0.259115 0.240234 0.259115 0.235352 0.261719 0.227539 0.261719 0.226562 0.263021 0.223633 0.263021 0.218750 0.266927 0.216797 0.266927 0.209961 0.274740 0.208984 0.277344 0.208984 0.282552 0.211914 0.292969 0.214844 0.317708 0.216797 0.325521 0.219727 0.329427 0.227539 0.333333 0.244141 0.333333 0.250000 0.329427 0.255859 0.322917 0.260742 0.320312 0.261719 0.317708 0.264648 0.315104 0.262695 0.311198 0.262695 0.304688 0.263672 0.303385 0.263672 0.294271 0.265625 0.291667 0.265625 0.289062 0.261719 0.278646 0.258789 0.277344 0.256836 0.274740 0.256836 0.270833 0.259766 0.268229 0.262695 0.270833 0.263672 0.268229
0 0.208984 0.190104 0.208008 0.191406 0.208008 0.194010 0.203125 0.199219 0.202148 0.203125 0.200195 0.205729 0.200195 0.208333 0.201172 0.209635 0.200195 0.210938 0.200195 0.233073 0.203125 0.240885 0.203125 0.243490 0.208008 0.250000 0.208008 0.251302 0.208984 0.251302 0.216797 0.259115 0.218750 0.259115 0.219727 0.260417 0.229492 0.260417 0.230469 0.259115 0.235352 0.259115 0.242188 0.255208 0.243164 0.252604 0.242188 0.250000 0.242188 0.200521 0.238281 0.197917 0.233398 0.192708 0.231445 0.192708 0.230469 0.191406 0.226562 0.191406 0.225586 0.190104 0.215820 0.190104 0.213867 0.191406 0.213867 0.192708 0.211914 0.195312 0.209961 0.190104
0 0.286133 0.139323 0.285156 0.140625 0.283203 0.140625 0.280273 0.144531 0.279297 0.144531 0.278320 0.148438 0.275391 0.152344 0.274414 0.152344 0.268555 0.164062 0.268555 0.166667 0.267578 0.167969 0.267578 0.183594 0.268555 0.184896 0.268555 0.188802 0.274414 0.200521 0.283203 0.209635 0.293945 0.216146 0.302734 0.216146 0.307617 0.212240 0.309570 0.205729 0.311523 0.203125 0.312500 0.195312 0.313477 0.194010 0.313477 0.184896 0.316406 0.179688 0.318359 0.162760 0.317383 0.161458 0.317383 0.158854 0.311523 0.152344 0.311523 0.148438 0.309570 0.145833 0.305664 0.143229 0.302734 0.143229 0.301758 0.141927 0.296875 0.141927 0.295898 0.140625 0.288086 0.140625
0 0.259766 0.223958 0.256836 0.231771 0.256836 0.247396 0.257812 0.248698 0.257812 0.252604 0.262695 0.260417 0.267578 0.270833 0.268555 0.270833 0.273438 0.277344 0.278320 0.279948 0.282227 0.285156 0.287109 0.285156 0.288086 0.283854 0.291992 0.283854 0.292969 0.282552 0.303711 0.278646 0.306641 0.274740 0.306641 0.273438 0.310547 0.266927 0.310547 0.264323 0.312500 0.259115 0.312500 0.252604 0.313477 0.251302 0.312500 0.248698 0.312500 0.239583 0.311523 0.238281 0.310547 0.231771 0.306641 0.225260 0.301758 0.221354 0.297852 0.221354 0.296875 0.220052 0.272461 0.220052 0.271484 0.221354 0.261719 0.221354
0 0.311523 0.283854 0.308594 0.286458 0.306641 0.286458 0.298828 0.291667 0.296875 0.291667 0.292969 0.295573 0.289062 0.298177 0.287109 0.298177 0.285156 0.300781 0.282227 0.302083 0.278320 0.305990 0.277344 0.308594 0.277344 0.312500 0.276367 0.313802 0.279297 0.326823 0.281250 0.329427 0.282227 0.333333 0.287109 0.339844 0.287109 0.341146 0.296875 0.347656 0.298828 0.351562 0.302734 0.354167 0.305664 0.354167 0.310547 0.351562 0.314453 0.351562 0.315430 0.350260 0.317383 0.350260 0.319336 0.347656 0.323242 0.346354 0.325195 0.343750 0.329102 0.342448 0.331055 0.339844 0.330078 0.337240 0.331055 0.329427 0.333984 0.325521 0.333984 0.316406 0.334961 0.315104 0.333984 0.309896 0.333008 0.308594 0.332031 0.311198 0.330078 0.312500 0.328125 0.307292 0.327148 0.298177 0.325195 0.294271 0.317383 0.289062 0.315430 0.285156 0.312500 0.285156
0 0.277344 0.334635 0.269531 0.334635 0.268555 0.335938 0.266602 0.335938 0.264648 0.338542 0.260742 0.339844 0.255859 0.347656 0.249023 0.365885 0.249023 0.369792 0.248047 0.371094 0.248047 0.385417 0.250977 0.394531 0.250977 0.399740 0.253906 0.404948 0.256836 0.404948 0.257812 0.406250 0.260742 0.406250 0.264648 0.408854 0.267578 0.408854 0.268555 0.407552 0.273438 0.406250 0.278320 0.402344 0.280273 0.402344 0.286133 0.397135 0.290039 0.395833 0.297852 0.390625 0.300781 0.386719 0.300781 0.384115 0.301758 0.382812 0.301758 0.377604 0.300781 0.376302 0.300781 0.372396 0.299805 0.371094 0.297852 0.360677 0.292969 0.354167 0.289062 0.351562 0.288086 0.348958 0.285156 0.347656 0.281250 0.342448 0.280273 0.342448 0.279297 0.341146 0.279297 0.335938
0 0.340820 0.352865 0.332031 0.352865 0.331055 0.354167 0.327148 0.354167 0.326172 0.355469 0.324219 0.355469 0.315430 0.364583 0.314453 0.364583 0.308594 0.372396 0.308594 0.375000 0.307617 0.376302 0.307617 0.397135 0.310547 0.406250 0.315430 0.414062 0.321289 0.417969 0.323242 0.420573 0.325195 0.420573 0.329102 0.423177 0.331055 0.425781 0.335938 0.425781 0.337891 0.424479 0.344727 0.415365 0.344727 0.414062 0.356445 0.395833 0.357422 0.390625 0.358398 0.389323 0.358398 0.386719 0.359375 0.385417 0.359375 0.375000 0.356445 0.367188 0.347656 0.356771
0 0.307617 0.407552 0.303711 0.407552 0.298828 0.411458 0.296875 0.411458 0.293945 0.415365 0.292969 0.415365 0.281250 0.433594 0.279297 0.438802 0.279297 0.444010 0.281250 0.449219 0.285156 0.455729 0.285156 0.457031 0.288086 0.460938 0.288086 0.462240 0.292969 0.468750 0.300781 0.473958 0.302734 0.473958 0.305664 0.471354 0.307617 0.471354 0.311523 0.467448 0.313477 0.467448 0.317383 0.463542 0.319336 0.463542 0.329102 0.457031 0.333008 0.450521 0.333008 0.446615 0.332031 0.445312 0.332031 0.438802 0.328125 0.428385 0.326172 0.425781 0.323242 0.424479 0.319336 0.419271 0.318359 0.419271
0 0.348633 0.460938 0.335938 0.460938 0.334961 0.462240 0.330078 0.463542 0.326172 0.466146 0.323242 0.470052 0.322266 0.470052 0.320312 0.475260 0.319336 0.481771 0.318359 0.483073 0.318359 0.490885 0.317383 0.492188 0.317383 0.496094 0.316406 0.497396 0.316406 0.506510 0.318359 0.509115 0.322266 0.518229 0.325195 0.522135 0.330078 0.526042 0.337891 0.536458 0.339844 0.536458 0.340820 0.537760 0.344727 0.535156 0.344727 0.533854 0.347656 0.529948 0.351562 0.520833 0.358398 0.510417 0.364258 0.497396 0.364258 0.490885 0.363281 0.489583 0.363281 0.486979 0.360352 0.481771 0.360352 0.479167 0.350586 0.468750
0 0.325195 0.524740 0.321289 0.522135 0.318359 0.522135 0.317383 0.520833 0.312500 0.520833 0.310547 0.522135 0.307617 0.526042 0.306641 0.526042 0.287109 0.553385 0.287109 0.555990 0.286133 0.557292 0.287109 0.567708 0.289062 0.572917 0.291016 0.575521 0.291992 0.579427 0.294922 0.583333 0.296875 0.584635 0.301758 0.584635 0.302734 0.585938 0.317383 0.585938 0.318359 0.584635 0.322266 0.584635 0.328125 0.580729 0.328125 0.579427 0.330078 0.576823 0.331055 0.576823 0.334961 0.570312 0.335938 0.566406 0.337891 0.563802 0.337891 0.554688 0.336914 0.553385 0.336914 0.549479 0.335938 0.548177 0.335938 0.542969 0.333008 0.537760 0.332031 0.533854
0 0.241211 0.532552 0.240234 0.536458 0.238281 0.539062 0.236328 0.544271 0.236328 0.553385 0.237305 0.554688 0.237305 0.561198 0.238281 0.562500 0.238281 0.566406 0.239258 0.569010 0.243164 0.571615 0.250000 0.579427 0.253906 0.582031 0.256836 0.582031 0.257812 0.583333 0.266602 0.583333 0.267578 0.582031 0.271484 0.582031 0.272461 0.580729 0.275391 0.580729 0.276367 0.579427 0.278320 0.579427 0.282227 0.576823 0.284180 0.574219 0.285156 0.571615 0.285156 0.566406 0.284180 0.565104 0.284180 0.550781 0.283203 0.549479 0.283203 0.542969 0.280273 0.537760 0.277344 0.537760 0.270508 0.532552 0.267578 0.532552 0.266602 0.531250 0.256836 0.531250 0.255859 0.529948 0.253906 0.529948 0.252930 0.528646 0.250000 0.528646 0.249023 0.527344 0.247070 0.527344 0.243164 0.529948
0 0.222656 0.562500 0.217773 0.562500 0.208008 0.569010 0.206055 0.569010 0.202148 0.571615 0.196289 0.571615 0.190430 0.579427 0.189453 0.579427 0.185547 0.585938 0.185547 0.591146 0.188477 0.598958 0.190430 0.601562 0.190430 0.602865 0.196289 0.609375 0.202148 0.613281 0.207031 0.614583 0.210938 0.618490 0.218750 0.618490 0.219727 0.617188 0.222656 0.617188 0.230469 0.611979 0.234375 0.606771 0.234375 0.602865 0.236328 0.597656 0.236328 0.593750 0.237305 0.592448 0.237305 0.589844 0.239258 0.584635 0.239258 0.579427 0.236328 0.574219 0.236328 0.572917 0.233398 0.569010 0.231445 0.567708 0.229492 0.567708
0 0.147461 0.559896 0.142578 0.559896 0.141602 0.561198 0.140625 0.565104 0.143555 0.569010 0.143555 0.570312 0.137695 0.578125 0.131836 0.582031 0.123047 0.582031 0.123047 0.601562 0.125977 0.609375 0.128906 0.613281 0.130859 0.619792 0.132812 0.619792 0.133789 0.621094 0.142578 0.621094 0.158203 0.604167 0.162109 0.605469 0.164062 0.602865 0.168945 0.600260 0.169922 0.597656 0.169922 0.595052 0.168945 0.593750 0.168945 0.585938 0.166992 0.582031 0.166992 0.579427 0.165039 0.576823 0.160156 0.574219 0.153320 0.566406 0.149414 0.565104
0 0.141602 0.664062 0.139648 0.669271 0.139648 0.680990 0.140625 0.682292 0.140625 0.686198 0.141602 0.687500 0.141602 0.690104 0.143555 0.695312 0.146484 0.699219 0.150391 0.701823 0.152344 0.701823 0.154297 0.704427 0.157227 0.704427 0.160156 0.707031 0.162109 0.707031 0.166016 0.709635 0.172852 0.709635 0.173828 0.708333 0.176758 0.708333 0.180664 0.704427 0.181641 0.704427 0.181641 0.703125 0.186523 0.696615 0.187500 0.694010 0.187500 0.691406 0.188477 0.690104 0.188477 0.687500 0.187500 0.684896 0.181641 0.680990 0.179688 0.678385 0.179688 0.677083 0.172852 0.667969 0.171875 0.667969 0.169922 0.665365 0.167969 0.665365 0.165039 0.662760 0.161133 0.662760 0.157227 0.660156 0.154297 0.654948 0.152344 0.654948 0.151367 0.653646 0.149414 0.653646
0 0.283203 0.657552 0.280273 0.656250 0.278320 0.653646 0.275391 0.653646 0.274414 0.652344 0.271484 0.652344 0.270508 0.651042 0.266602 0.651042 0.265625 0.652344 0.261719 0.652344 0.257812 0.656250 0.255859 0.656250 0.250000 0.662760 0.244141 0.664062 0.240234 0.669271 0.239258 0.669271 0.237305 0.674479 0.238281 0.675781 0.239258 0.684896 0.242188 0.694010 0.242188 0.699219 0.243164 0.700521 0.244141 0.707031 0.246094 0.709635 0.246094 0.712240 0.248047 0.716146 0.250000 0.716146 0.250977 0.717448 0.265625 0.717448 0.266602 0.716146 0.270508 0.714844 0.277344 0.707031 0.282227 0.704427 0.283203 0.701823 0.283203 0.680990 0.278320 0.667969 0.280273 0.665365 0.282227 0.665365 0.283203 0.664062 0.284180 0.665365 0.286133 0.665365 0.287109 0.664062 0.287109 0.662760
0 0.276367 0.592448 0.272461 0.592448 0.271484 0.591146 0.268555 0.591146 0.267578 0.589844 0.262695 0.589844 0.259766 0.592448 0.257812 0.592448 0.256836 0.593750 0.253906 0.593750 0.251953 0.595052 0.247070 0.602865 0.246094 0.605469 0.246094 0.609375 0.245117 0.610677 0.245117 0.614583 0.243164 0.619792 0.243164 0.623698 0.247070 0.627604 0.248047 0.627604 0.251953 0.632812 0.251953 0.643229 0.253906 0.645833 0.255859 0.645833 0.256836 0.647135 0.263672 0.647135 0.264648 0.645833 0.268555 0.645833 0.270508 0.644531 0.273438 0.640625 0.281250 0.635417 0.284180 0.631510 0.284180 0.627604 0.288086 0.617188 0.288086 0.613281 0.289062 0.610677 0.286133 0.605469 0.286133 0.604167 0.284180 0.602865 0.281250 0.598958 0.281250 0.597656 0.279297 0.596354
0 0.302734 0.595052 0.296875 0.602865 0.296875 0.604167 0.289062 0.617188 0.287109 0.622396 0.287109 0.631510 0.291992 0.639323 0.294922 0.640625 0.296875 0.643229 0.306641 0.649740 0.308594 0.649740 0.309570 0.651042 0.311523 0.651042 0.312500 0.652344 0.314453 0.652344 0.317383 0.654948 0.320312 0.654948 0.321289 0.656250 0.326172 0.656250 0.330078 0.653646 0.337891 0.643229 0.338867 0.640625 0.338867 0.627604 0.337891 0.626302 0.337891 0.622396 0.336914 0.621094 0.336914 0.617188 0.335938 0.615885 0.335938 0.600260 0.331055 0.595052 0.323242 0.593750 0.322266 0.592448 0.309570 0.592448 0.308594 0.593750
0 0.306641 0.653646 0.302734 0.656250 0.297852 0.664062 0.296875 0.666667 0.296875 0.669271 0.292969 0.678385 0.292969 0.680990 0.291016 0.683594 0.291016 0.686198 0.288086 0.694010 0.287109 0.700521 0.288086 0.703125 0.292969 0.709635 0.294922 0.710938 0.296875 0.710938 0.297852 0.712240 0.299805 0.712240 0.303711 0.714844 0.311523 0.714844 0.312500 0.713542 0.315430 0.713542 0.325195 0.707031 0.329102 0.701823 0.330078 0.699219 0.330078 0.696615 0.331055 0.695312 0.330078 0.692708 0.330078 0.677083 0.329102 0.675781 0.329102 0.671875 0.327148 0.669271 0.328125 0.662760 0.326172 0.660156 0.324219 0.658854 0.321289 0.658854 0.320312 0.657552 0.317383 0.657552 0.314453 0.654948 0.311523 0.654948 0.310547 0.653646
0 0.347656 0.641927 0.342773 0.647135 0.340820 0.653646 0.336914 0.658854 0.336914 0.661458 0.333008 0.670573 0.333008 0.673177 0.331055 0.678385 0.331055 0.688802 0.332031 0.690104 0.333008 0.695312 0.344727 0.703125 0.360352 0.703125 0.366211 0.707031 0.370117 0.707031 0.371094 0.705729 0.373047 0.705729 0.375977 0.701823 0.375977 0.687500 0.378906 0.679688 0.378906 0.677083 0.380859 0.674479 0.380859 0.662760 0.375977 0.648438 0.374023 0.645833 0.374023 0.644531 0.370117 0.641927 0.352539 0.641927 0.351562 0.640625
0 0.344727 0.588542 0.340820 0.600260 0.340820 0.619792 0.341797 0.621094 0.342773 0.627604 0.349609 0.638021 0.362305 0.638021 0.363281 0.636719 0.367188 0.636719 0.368164 0.635417 0.371094 0.635417 0.372070 0.634115 0.375000 0.634115 0.375977 0.632812 0.381836 0.631510 0.386719 0.626302 0.388672 0.621094 0.388672 0.617188 0.389648 0.615885 0.390625 0.609375 0.391602 0.608073 0.391602 0.600260 0.389648 0.596354 0.388672 0.589844 0.386719 0.588542 0.383789 0.583333 0.379883 0.580729 0.368164 0.580729 0.367188 0.579427 0.363281 0.579427 0.362305 0.578125 0.356445 0.576823 0.352539 0.580729 0.349609 0.582031 0.348633 0.584635
0 0.392578 0.627604 0.387695 0.632812 0.390625 0.636719 0.386719 0.639323 0.383789 0.644531 0.383789 0.661458 0.384766 0.662760 0.384766 0.666667 0.386719 0.671875 0.389648 0.677083 0.390625 0.677083 0.405273 0.695312 0.411133 0.700521 0.418945 0.700521 0.424805 0.696615 0.427734 0.692708 0.427734 0.667969 0.430664 0.660156 0.430664 0.651042 0.428711 0.644531 0.427734 0.644531 0.423828 0.639323 0.418945 0.636719 0.413086 0.630208 0.409180 0.630208 0.407227 0.632812 0.396484 0.634115 0.395508 0.631510 0.398438 0.627604 0.396484 0.626302
0 0.456055 0.592448 0.453125 0.592448 0.450195 0.597656 0.448242 0.595052 0.438477 0.595052 0.435547 0.598958 0.430664 0.598958 0.426758 0.601562 0.421875 0.610677 0.421875 0.613281 0.419922 0.618490 0.419922 0.625000 0.420898 0.627604 0.422852 0.630208 0.422852 0.631510 0.427734 0.635417 0.428711 0.638021 0.431641 0.641927 0.432617 0.641927 0.438477 0.651042 0.454102 0.651042 0.455078 0.649740 0.458008 0.649740 0.458984 0.648438 0.464844 0.647135 0.469727 0.640625 0.470703 0.636719 0.474609 0.631510 0.475586 0.623698 0.474609 0.622396 0.474609 0.613281 0.470703 0.605469 0.464844 0.601562
0 0.399414 0.542969 0.391602 0.531250 0.388672 0.529948 0.384766 0.526042 0.381836 0.526042 0.380859 0.524740 0.375977 0.524740 0.375000 0.526042 0.371094 0.526042 0.370117 0.527344 0.366211 0.527344 0.365234 0.528646 0.359375 0.528646 0.358398 0.529948 0.351562 0.529948 0.349609 0.531250 0.344727 0.537760 0.344727 0.561198 0.348633 0.566406 0.354492 0.570312 0.359375 0.571615 0.362305 0.574219 0.365234 0.574219 0.369141 0.576823 0.378906 0.576823 0.382812 0.574219 0.384766 0.571615 0.385742 0.571615 0.391602 0.565104 0.392578 0.565104 0.393555 0.559896 0.397461 0.553385
0 0.426758 0.537760 0.425781 0.539062 0.422852 0.539062 0.421875 0.540365 0.417969 0.540365 0.416992 0.541667 0.415039 0.541667 0.413086 0.544271 0.410156 0.545573 0.409180 0.548177 0.407227 0.550781 0.406250 0.550781 0.400391 0.559896 0.400391 0.565104 0.401367 0.566406 0.401367 0.572917 0.402344 0.574219 0.402344 0.580729 0.403320 0.582031 0.403320 0.584635 0.412109 0.596354 0.413086 0.596354 0.416992 0.600260 0.422852 0.600260 0.426758 0.597656 0.428711 0.595052 0.429688 0.595052 0.431641 0.592448 0.432617 0.592448 0.434570 0.589844 0.435547 0.589844 0.437500 0.587240 0.441406 0.584635 0.449219 0.575521 0.449219 0.565104 0.448242 0.563802 0.448242 0.561198 0.447266 0.558594 0.444336 0.554688 0.444336 0.553385 0.436523 0.544271
0 0.462891 0.483073 0.449219 0.483073 0.448242 0.481771 0.445312 0.481771 0.444336 0.483073 0.437500 0.484375 0.429688 0.489583 0.425781 0.496094 0.425781 0.498698 0.424805 0.500000 0.424805 0.502604 0.425781 0.503906 0.425781 0.513021 0.423828 0.518229 0.423828 0.526042 0.424805 0.528646 0.426758 0.529948 0.435547 0.541667 0.442383 0.546875 0.448242 0.545573 0.452148 0.542969 0.454102 0.540365 0.457031 0.539062 0.459961 0.535156 0.462891 0.533854 0.464844 0.531250 0.469727 0.528646 0.474609 0.522135 0.475586 0.519531 0.475586 0.513021 0.474609 0.511719 0.474609 0.509115 0.470703 0.501302 0.470703 0.498698 0.467773 0.492188 0.466797 0.486979
0 0.474609 0.529948 0.470703 0.532552 0.465820 0.539062 0.464844 0.539062 0.461914 0.542969 0.459961 0.548177 0.456055 0.553385 0.455078 0.558594 0.454102 0.559896 0.454102 0.567708 0.455078 0.569010 0.456055 0.579427 0.458984 0.585938 0.468750 0.598958 0.469727 0.598958 0.471680 0.601562 0.481445 0.604167 0.482422 0.602865 0.486328 0.601562 0.489258 0.597656 0.490234 0.597656 0.500000 0.571615 0.501953 0.569010 0.501953 0.566406 0.503906 0.561198 0.503906 0.557292 0.499023 0.548177 0.499023 0.546875 0.496094 0.542969 0.496094 0.540365 0.494141 0.537760 0.493164 0.533854 0.487305 0.529948
0 0.399414 0.444010 0.398438 0.444010 0.396484 0.441406 0.391602 0.441406 0.390625 0.440104 0.382812 0.440104 0.381836 0.441406 0.364258 0.441406 0.363281 0.442708 0.360352 0.442708 0.356445 0.445312 0.354492 0.450521 0.354492 0.453125 0.353516 0.454427 0.356445 0.470052 0.357422 0.472656 0.361328 0.477865 0.361328 0.479167 0.369141 0.489583 0.370117 0.492188 0.372070 0.493490 0.381836 0.493490 0.382812 0.494792 0.387695 0.494792 0.388672 0.493490 0.391602 0.493490 0.395508 0.490885 0.400391 0.485677 0.401367 0.485677 0.401367 0.484375 0.404297 0.480469 0.405273 0.475260 0.406250 0.473958 0.406250 0.468750 0.407227 0.467448 0.407227 0.458333 0.406250 0.457031 0.405273 0.451823
0 0.428711 0.407552 0.426758 0.408854 0.426758 0.410156 0.423828 0.414062 0.422852 0.414062 0.415039 0.425781 0.414062 0.425781 0.414062 0.427083 0.410156 0.433594 0.408203 0.438802 0.408203 0.451823 0.409180 0.453125 0.409180 0.457031 0.410156 0.458333 0.411133 0.464844 0.414062 0.468750 0.415039 0.468750 0.419922 0.473958 0.421875 0.473958 0.428711 0.479167 0.430664 0.479167 0.433594 0.481771 0.437500 0.481771 0.444336 0.477865 0.447266 0.473958 0.448242 0.468750 0.449219 0.467448 0.449219 0.464844 0.450195 0.463542 0.450195 0.460938 0.454102 0.450521 0.458984 0.442708 0.458984 0.440104 0.459961 0.438802 0.459961 0.429688 0.458008 0.425781 0.454102 0.423177 0.451172 0.419271 0.445312 0.415365 0.439453 0.414062 0.432617 0.407552
0 0.399414 0.355469 0.398438 0.356771 0.393555 0.356771 0.390625 0.359375 0.387695 0.359375 0.383789 0.363281 0.378906 0.365885 0.376953 0.368490 0.372070 0.371094 0.365234 0.382812 0.365234 0.398438 0.366211 0.399740 0.366211 0.402344 0.383789 0.425781 0.384766 0.428385 0.385742 0.428385 0.388672 0.432292 0.390625 0.432292 0.391602 0.433594 0.395508 0.433594 0.399414 0.430990 0.402344 0.430990 0.409180 0.424479 0.412109 0.423177 0.414062 0.420573 0.415039 0.415365 0.416992 0.412760 0.419922 0.404948 0.419922 0.393229 0.420898 0.391927 0.419922 0.377604 0.418945 0.376302 0.416992 0.376302 0.416016 0.377604 0.413086 0.371094 0.413086 0.368490 0.410156 0.364583
0 0.365234 0.292969 0.359375 0.296875 0.358398 0.299479 0.356445 0.300781 0.343750 0.317708 0.343750 0.319010 0.339844 0.325521 0.339844 0.328125 0.338867 0.329427 0.338867 0.338542 0.339844 0.339844 0.339844 0.343750 0.340820 0.346354 0.343750 0.350260 0.344727 0.350260 0.347656 0.354167 0.350586 0.355469 0.357422 0.363281 0.367188 0.363281 0.368164 0.361979 0.371094 0.361979 0.378906 0.356771 0.385742 0.348958 0.389648 0.346354 0.389648 0.341146 0.388672 0.339844 0.388672 0.324219 0.387695 0.322917 0.387695 0.319010 0.384766 0.315104 0.384766 0.313802 0.381836 0.309896 0.381836 0.308594 0.377930 0.302083 0.375000 0.300781 0.373047 0.298177
0 0.410156 0.279948 0.406250 0.285156 0.402344 0.295573 0.395508 0.305990 0.390625 0.319010 0.390625 0.333333 0.392578 0.338542 0.400391 0.350260 0.402344 0.350260 0.406250 0.352865 0.409180 0.352865 0.410156 0.354167 0.415039 0.354167 0.416016 0.355469 0.427734 0.355469 0.428711 0.354167 0.432617 0.354167 0.443359 0.343750 0.447266 0.335938 0.447266 0.332031 0.450195 0.326823 0.450195 0.315104 0.448242 0.311198 0.447266 0.304688 0.439453 0.291667 0.438477 0.286458 0.436523 0.282552 0.423828 0.282552 0.418945 0.279948
0 0.368164 0.222656 0.362305 0.227865 0.359375 0.229167 0.359375 0.230469 0.356445 0.234375 0.356445 0.236979 0.353516 0.244792 0.353516 0.252604 0.352539 0.253906 0.352539 0.257812 0.353516 0.259115 0.353516 0.263021 0.356445 0.269531 0.357422 0.276042 0.360352 0.282552 0.360352 0.285156 0.362305 0.289062 0.368164 0.292969 0.370117 0.292969 0.375000 0.296875 0.377930 0.296875 0.378906 0.298177 0.387695 0.298177 0.388672 0.296875 0.392578 0.296875 0.402344 0.287760 0.405273 0.278646 0.403320 0.263021 0.399414 0.252604 0.399414 0.248698 0.398438 0.247396 0.398438 0.236979 0.397461 0.235677 0.397461 0.233073 0.395508 0.227865 0.394531 0.227865 0.389648 0.221354 0.371094 0.221354 0.370117 0.222656
0 0.352539 0.151042 0.348633 0.153646 0.345703 0.157552 0.345703 0.158854 0.340820 0.165365 0.340820 0.166667 0.336914 0.173177 0.335938 0.177083 0.333008 0.180990 0.332031 0.183594 0.332031 0.192708 0.333984 0.196615 0.333984 0.199219 0.334961 0.200521 0.334961 0.205729 0.336914 0.210938 0.346680 0.222656 0.352539 0.226562 0.358398 0.227865 0.360352 0.226562 0.363281 0.221354 0.366211 0.220052 0.369141 0.216146 0.369141 0.213542 0.372070 0.209635 0.375000 0.203125 0.378906 0.199219 0.378906 0.197917 0.383789 0.190104 0.383789 0.183594 0.382812 0.182292 0.382812 0.178385 0.377930 0.165365 0.371094 0.154948 0.369141 0.153646 0.366211 0.153646 0.365234 0.152344 0.361328 0.152344 0.360352 0.151042
0 0.431641 0.171875 0.426758 0.171875 0.425781 0.173177 0.420898 0.173177 0.419922 0.174479 0.414062 0.174479 0.413086 0.175781 0.411133 0.175781 0.404297 0.188802 0.398438 0.204427 0.398438 0.217448 0.399414 0.218750 0.399414 0.222656 0.402344 0.227865 0.404297 0.235677 0.410156 0.243490 0.422852 0.250000 0.424805 0.248698 0.427734 0.248698 0.428711 0.247396 0.431641 0.247396 0.432617 0.246094 0.435547 0.246094 0.436523 0.244792 0.442383 0.244792 0.446289 0.239583 0.448242 0.233073 0.452148 0.225260 0.452148 0.217448 0.449219 0.213542 0.448242 0.207031 0.446289 0.203125 0.446289 0.200521 0.444336 0.195312 0.444336 0.191406 0.441406 0.183594 0.435547 0.173177 0.432617 0.173177
0 0.486328 0.126302 0.483398 0.126302 0.482422 0.125000 0.481445 0.126302 0.469727 0.126302 0.466797 0.128906 0.464844 0.135417 0.458984 0.145833 0.458008 0.149740 0.456055 0.152344 0.451172 0.164062 0.448242 0.179688 0.452148 0.192708 0.458984 0.203125 0.460938 0.203125 0.461914 0.204427 0.481445 0.204427 0.482422 0.205729 0.490234 0.205729 0.492188 0.204427 0.499023 0.194010 0.501953 0.186198 0.505859 0.179688 0.506836 0.171875 0.507812 0.170573 0.507812 0.158854 0.506836 0.157552 0.506836 0.154948 0.503906 0.147135
0 0.482422 0.218750 0.476562 0.218750 0.468750 0.223958 0.461914 0.225260 0.455078 0.233073 0.450195 0.235677 0.447266 0.239583 0.444336 0.246094 0.444336 0.256510 0.445312 0.257812 0.446289 0.266927 0.450195 0.276042 0.453125 0.279948 0.458008 0.282552 0.465820 0.290365 0.467773 0.290365 0.468750 0.291667 0.474609 0.290365 0.475586 0.289062 0.481445 0.287760 0.482422 0.286458 0.489258 0.283854 0.491211 0.281250 0.494141 0.279948 0.499023 0.273438 0.500977 0.268229 0.500977 0.263021 0.501953 0.261719 0.501953 0.247396 0.500977 0.246094 0.500977 0.242188 0.498047 0.234375 0.491211 0.225260 0.488281 0.223958 0.485352 0.220052 0.483398 0.220052
0 0.469727 0.358073 0.467773 0.358073 0.466797 0.356771 0.460938 0.356771 0.459961 0.358073 0.439453 0.358073 0.435547 0.360677 0.435547 0.361979 0.433594 0.364583 0.433594 0.368490 0.432617 0.369792 0.432617 0.377604 0.431641 0.378906 0.431641 0.388021 0.432617 0.389323 0.432617 0.391927 0.433594 0.393229 0.433594 0.395833 0.435547 0.401042 0.444336 0.411458 0.448242 0.412760 0.449219 0.414062 0.456055 0.414062 0.457031 0.412760 0.459961 0.412760 0.460938 0.411458 0.463867 0.411458 0.464844 0.410156 0.471680 0.410156 0.475586 0.407552 0.476562 0.401042 0.479492 0.395833 0.480469 0.391927 0.482422 0.389323 0.483398 0.381510 0.482422 0.380208 0.482422 0.376302 0.481445 0.375000 0.480469 0.368490 0.478516 0.367188 0.474609 0.361979 0.471680 0.360677
0 0.475586 0.294271 0.475586 0.296875 0.472656 0.305990 0.471680 0.317708 0.470703 0.319010 0.470703 0.322917 0.469727 0.324219 0.469727 0.328125 0.467773 0.334635 0.467773 0.339844 0.466797 0.341146 0.466797 0.350260 0.469727 0.355469 0.472656 0.356771 0.478516 0.364583 0.480469 0.364583 0.484375 0.367188 0.497070 0.367188 0.502930 0.363281 0.505859 0.363281 0.510742 0.356771 0.511719 0.352865 0.513672 0.350260 0.513672 0.347656 0.515625 0.342448 0.515625 0.329427 0.519531 0.319010 0.518555 0.317708 0.518555 0.313802 0.509766 0.300781 0.508789 0.300781 0.502930 0.292969 0.499023 0.290365 0.479492 0.290365
0 0.547852 0.320312 0.541016 0.320312 0.532227 0.330729 0.531250 0.330729 0.529297 0.333333 0.525391 0.334635 0.522461 0.338542 0.521484 0.346354 0.520508 0.347656 0.520508 0.354167 0.519531 0.355469 0.519531 0.359375 0.518555 0.360677 0.518555 0.364583 0.517578 0.365885 0.517578 0.371094 0.522461 0.378906 0.522461 0.380208 0.528320 0.388021 0.535156 0.393229 0.540039 0.393229 0.541016 0.391927 0.544922 0.390625 0.556641 0.377604 0.563477 0.372396 0.564453 0.369792 0.566406 0.367188 0.567383 0.367188 0.570312 0.361979 0.570312 0.352865 0.569336 0.351562 0.569336 0.341146 0.568359 0.338542 0.563477 0.332031 0.560547 0.332031 0.552734 0.326823 0.549805 0.326823 0.546875 0.324219 0.546875 0.321615
0 0.544922 0.217448 0.539062 0.217448 0.538086 0.218750 0.534180 0.218750 0.533203 0.220052 0.524414 0.218750 0.523438 0.220052 0.516602 0.221354 0.511719 0.226562 0.507812 0.236979 0.507812 0.242188 0.506836 0.243490 0.506836 0.253906 0.507812 0.255208 0.510742 0.269531 0.512695 0.274740 0.519531 0.283854 0.520508 0.283854 0.526367 0.292969 0.528320 0.294271 0.543945 0.292969 0.544922 0.291667 0.546875 0.291667 0.550781 0.289062 0.558594 0.278646 0.558594 0.274740 0.559570 0.273438 0.558594 0.270833 0.558594 0.259115 0.557617 0.257812 0.557617 0.252604 0.556641 0.251302 0.556641 0.247396 0.554688 0.240885 0.554688 0.235677 0.553711 0.234375 0.551758 0.225260
0 0.566406 0.235677 0.565430 0.239583 0.563477 0.242188 0.563477 0.253906 0.564453 0.255208 0.564453 0.257812 0.562500 0.261719 0.562500 0.268229 0.566406 0.278646 0.567383 0.286458 0.573242 0.296875 0.580078 0.299479 0.581055 0.298177 0.586914 0.298177 0.587891 0.296875 0.595703 0.296875 0.596680 0.295573 0.609375 0.294271 0.610352 0.292969 0.614258 0.292969 0.616211 0.290365 0.619141 0.282552 0.620117 0.274740 0.621094 0.273438 0.621094 0.264323 0.622070 0.263021 0.621094 0.260417 0.621094 0.255208 0.620117 0.253906 0.620117 0.251302 0.607422 0.234375 0.607422 0.233073 0.603516 0.230469 0.593750 0.230469 0.592773 0.229167 0.587891 0.229167 0.586914 0.227865 0.579102 0.227865 0.578125 0.229167 0.572266 0.230469
0 0.531250 0.119792 0.524414 0.128906 0.520508 0.136719 0.519531 0.141927 0.517578 0.144531 0.517578 0.147135 0.515625 0.152344 0.517578 0.156250 0.517578 0.164062 0.518555 0.165365 0.518555 0.171875 0.519531 0.174479 0.542969 0.190104 0.546875 0.194010 0.556641 0.196615 0.562500 0.191406 0.566406 0.190104 0.568359 0.187500 0.568359 0.184896 0.569336 0.183594 0.569336 0.177083 0.570312 0.175781 0.570312 0.151042 0.571289 0.149740 0.571289 0.139323 0.568359 0.135417 0.565430 0.134115 0.558594 0.127604 0.557617 0.125000 0.551758 0.119792 0.549805 0.119792 0.547852 0.117188 0.538086 0.117188 0.537109 0.118490
0 0.587891 0.147135 0.582031 0.153646 0.575195 0.169271 0.575195 0.174479 0.576172 0.175781 0.575195 0.197917 0.578125 0.208333 0.583008 0.213542 0.585938 0.213542 0.586914 0.214844 0.593750 0.214844 0.594727 0.216146 0.611328 0.214844 0.616211 0.217448 0.622070 0.217448 0.624023 0.216146 0.631836 0.203125 0.631836 0.173177 0.625977 0.161458 0.624023 0.154948 0.616211 0.145833 0.614258 0.145833 0.608398 0.141927 0.603516 0.141927 0.602539 0.143229 0.598633 0.143229 0.590820 0.147135
0 0.656250 0.158854 0.657227 0.175781 0.655273 0.182292 0.655273 0.194010 0.657227 0.197917 0.657227 0.205729 0.658203 0.207031 0.659180 0.205729 0.661133 0.205729 0.665039 0.210938 0.664062 0.212240 0.664062 0.216146 0.668945 0.220052 0.676758 0.220052 0.677734 0.221354 0.681641 0.221354 0.682617 0.222656 0.689453 0.222656 0.690430 0.221354 0.699219 0.220052 0.702148 0.217448 0.704102 0.217448 0.708984 0.209635 0.709961 0.204427 0.711914 0.200521 0.711914 0.194010 0.709961 0.190104 0.709961 0.178385 0.705078 0.166667 0.703125 0.157552 0.698242 0.147135 0.693359 0.144531 0.689453 0.144531 0.688477 0.143229 0.677734 0.143229 0.672852 0.147135 0.668945 0.147135 0.664062 0.152344 0.662109 0.152344
0 0.715820 0.178385 0.713867 0.179688 0.712891 0.184896 0.716797 0.188802 0.720703 0.186198 0.721680 0.187500 0.721680 0.191406 0.717773 0.204427 0.713867 0.209635 0.711914 0.209635 0.708008 0.216146 0.708008 0.221354 0.711914 0.234375 0.712891 0.243490 0.714844 0.246094 0.727539 0.253906 0.737305 0.253906 0.741211 0.251302 0.750000 0.248698 0.756836 0.243490 0.762695 0.227865 0.762695 0.214844 0.760742 0.207031 0.760742 0.196615 0.761719 0.194010 0.759766 0.188802 0.751953 0.182292 0.743164 0.178385 0.738281 0.178385 0.737305 0.177083 0.729492 0.177083 0.724609 0.179688
0 0.703125 0.223958 0.700195 0.223958 0.699219 0.225260 0.697266 0.225260 0.696289 0.226562 0.692383 0.226562 0.691406 0.227865 0.684570 0.227865 0.678711 0.231771 0.674805 0.236979 0.673828 0.240885 0.670898 0.244792 0.670898 0.247396 0.668945 0.251302 0.667969 0.274740 0.668945 0.276042 0.668945 0.279948 0.670898 0.283854 0.670898 0.286458 0.680664 0.298177 0.688477 0.303385 0.694336 0.303385 0.698242 0.300781 0.702148 0.295573 0.712891 0.287760 0.718750 0.278646 0.718750 0.270833 0.716797 0.266927 0.715820 0.260417 0.712891 0.253906 0.712891 0.248698 0.708984 0.235677 0.708984 0.231771 0.707031 0.227865 0.706055 0.227865
0 0.753906 0.248698 0.750977 0.250000 0.748047 0.255208 0.739258 0.261719 0.736328 0.266927 0.733398 0.268229 0.733398 0.270833 0.728516 0.285156 0.728516 0.289062 0.733398 0.295573 0.733398 0.298177 0.736328 0.302083 0.740234 0.302083 0.741211 0.304688 0.746094 0.309896 0.750000 0.319010 0.754883 0.325521 0.755859 0.329427 0.763672 0.334635 0.767578 0.334635 0.778320 0.329427 0.782227 0.322917 0.787109 0.319010 0.791016 0.308594 0.794922 0.302083 0.794922 0.286458 0.792969 0.279948 0.787109 0.268229 0.781250 0.261719 0.778320 0.260417 0.774414 0.255208 0.765625 0.250000
0 0.686523 0.315104 0.684570 0.320312 0.684570 0.329427 0.685547 0.330729 0.687500 0.341146 0.696289 0.354167 0.698242 0.360677 0.702148 0.364583 0.720703 0.364583 0.721680 0.363281 0.735352 0.360677 0.737305 0.358073 0.743164 0.354167 0.746094 0.347656 0.747070 0.339844 0.748047 0.338542 0.748047 0.320312 0.745117 0.313802 0.740234 0.309896 0.736328 0.308594 0.733398 0.304688 0.728516 0.302083 0.720703 0.292969 0.718750 0.292969 0.717773 0.291667 0.710938 0.291667 0.702148 0.298177 0.694336 0.308594 0.689453 0.311198
0 0.627930 0.289062 0.630859 0.289062 0.631836 0.290365 0.631836 0.294271 0.629883 0.296875 0.627930 0.296875 0.626953 0.295573 0.625977 0.298177 0.625977 0.303385 0.623047 0.308594 0.623047 0.322917 0.626953 0.328125 0.628906 0.333333 0.629883 0.339844 0.636719 0.352865 0.640625 0.358073 0.642578 0.359375 0.655273 0.358073 0.667969 0.351562 0.675781 0.342448 0.679688 0.333333 0.679688 0.330729 0.681641 0.325521 0.681641 0.320312 0.680664 0.319010 0.680664 0.315104 0.678711 0.311198 0.678711 0.308594 0.670898 0.296875 0.666992 0.292969 0.664062 0.292969 0.663086 0.291667 0.660156 0.291667 0.658203 0.294271 0.656250 0.294271 0.654297 0.291667 0.654297 0.289062 0.651367 0.289062 0.650391 0.291667 0.648438 0.289062 0.643555 0.286458 0.641602 0.286458 0.637695 0.289062 0.635742 0.287760
0 0.606445 0.312500 0.602539 0.316406 0.596680 0.316406 0.594727 0.315104 0.593750 0.316406 0.584961 0.316406 0.583984 0.317708 0.580078 0.317708 0.578125 0.321615 0.575195 0.324219 0.575195 0.338542 0.573242 0.342448 0.573242 0.347656 0.572266 0.348958 0.572266 0.361979 0.573242 0.363281 0.573242 0.365885 0.588867 0.384115 0.590820 0.385417 0.593750 0.385417 0.594727 0.386719 0.603516 0.386719 0.609375 0.380208 0.609375 0.378906 0.613281 0.373698 0.613281 0.371094 0.615234 0.368490 0.617188 0.361979 0.621094 0.355469 0.625000 0.343750 0.626953 0.341146 0.626953 0.334635 0.625977 0.332031 0.622070 0.326823 0.617188 0.324219 0.615234 0.321615 0.613281 0.321615 0.611328 0.319010 0.611328 0.315104 0.610352 0.313802 0.607422 0.313802
0 0.629883 0.372396 0.628906 0.373698 0.620117 0.373698 0.619141 0.375000 0.617188 0.375000 0.614258 0.378906 0.613281 0.378906 0.606445 0.389323 0.605469 0.394531 0.602539 0.401042 0.602539 0.403646 0.600586 0.408854 0.601562 0.410156 0.601562 0.414062 0.602539 0.415365 0.603516 0.420573 0.609375 0.428385 0.615234 0.432292 0.617188 0.434896 0.621094 0.437500 0.623047 0.437500 0.624023 0.438802 0.633789 0.437500 0.644531 0.430990 0.651367 0.421875 0.651367 0.420573 0.653320 0.417969 0.653320 0.415365 0.656250 0.407552 0.656250 0.403646 0.655273 0.402344 0.655273 0.399740 0.653320 0.394531 0.648438 0.388021 0.646484 0.386719 0.646484 0.384115 0.641602 0.377604 0.639648 0.376302 0.635742 0.376302
0 0.571289 0.377604 0.567383 0.377604 0.563477 0.380208 0.560547 0.380208 0.555664 0.385417 0.554688 0.385417 0.550781 0.391927 0.547852 0.393229 0.547852 0.397135 0.546875 0.398438 0.546875 0.402344 0.545898 0.403646 0.546875 0.425781 0.547852 0.427083 0.547852 0.433594 0.548828 0.434896 0.548828 0.438802 0.555664 0.449219 0.559570 0.451823 0.572266 0.451823 0.573242 0.450521 0.575195 0.450521 0.577148 0.447917 0.582031 0.446615 0.592773 0.432292 0.593750 0.432292 0.595703 0.428385 0.595703 0.410156 0.594727 0.408854 0.594727 0.395833 0.590820 0.393229 0.587891 0.389323 0.586914 0.389323 0.583984 0.385417 0.581055 0.384115 0.579102 0.381510 0.575195 0.378906 0.572266 0.378906
0 0.517578 0.381510 0.512695 0.381510 0.511719 0.380208 0.504883 0.380208 0.503906 0.381510 0.500977 0.381510 0.495117 0.385417 0.490234 0.391927 0.486328 0.402344 0.485352 0.408854 0.483398 0.412760 0.483398 0.420573 0.485352 0.423177 0.485352 0.424479 0.487305 0.427083 0.487305 0.428385 0.489258 0.430990 0.491211 0.436198 0.494141 0.440104 0.496094 0.440104 0.497070 0.441406 0.502930 0.441406 0.503906 0.440104 0.505859 0.440104 0.513672 0.434896 0.515625 0.434896 0.516602 0.433594 0.521484 0.432292 0.523438 0.429688 0.526367 0.428385 0.531250 0.423177 0.532227 0.420573 0.532227 0.407552 0.531250 0.406250 0.531250 0.403646 0.527344 0.397135 0.523438 0.386719 0.519531 0.384115
0 0.478516 0.445312 0.473633 0.451823 0.470703 0.459635 0.470703 0.475260 0.471680 0.476562 0.471680 0.481771 0.472656 0.483073 0.473633 0.488281 0.480469 0.498698 0.482422 0.505208 0.484375 0.506510 0.487305 0.506510 0.488281 0.505208 0.505859 0.505208 0.512695 0.500000 0.515625 0.496094 0.515625 0.493490 0.519531 0.483073 0.519531 0.466146 0.518555 0.464844 0.517578 0.458333 0.513672 0.451823 0.513672 0.450521 0.505859 0.445312 0.494141 0.445312 0.493164 0.444010 0.489258 0.444010 0.488281 0.442708 0.485352 0.442708 0.484375 0.444010 0.480469 0.444010
0 0.536133 0.442708 0.528320 0.450521 0.527344 0.455729 0.525391 0.459635 0.525391 0.477865 0.527344 0.480469 0.527344 0.484375 0.531250 0.494792 0.534180 0.498698 0.535156 0.503906 0.538086 0.507812 0.540039 0.509115 0.543945 0.509115 0.549805 0.513021 0.557617 0.513021 0.560547 0.509115 0.562500 0.502604 0.567383 0.494792 0.569336 0.489583 0.575195 0.480469 0.576172 0.477865 0.576172 0.470052 0.574219 0.464844 0.568359 0.455729 0.562500 0.455729 0.561523 0.454427 0.557617 0.454427 0.554688 0.451823 0.548828 0.450521 0.545898 0.447917 0.543945 0.447917
0 0.514648 0.510417 0.508789 0.516927 0.505859 0.524740 0.505859 0.528646 0.504883 0.529948 0.504883 0.550781 0.505859 0.552083 0.505859 0.554688 0.507812 0.557292 0.508789 0.557292 0.514648 0.565104 0.514648 0.566406 0.516602 0.567708 0.521484 0.574219 0.525391 0.575521 0.526367 0.576823 0.528320 0.576823 0.529297 0.578125 0.533203 0.578125 0.536133 0.580729 0.539062 0.578125 0.543945 0.567708 0.543945 0.563802 0.546875 0.557292 0.547852 0.552083 0.549805 0.549479 0.549805 0.546875 0.554688 0.533854 0.553711 0.526042 0.550781 0.522135 0.550781 0.520833 0.549805 0.520833 0.545898 0.515625 0.536133 0.509115 0.523438 0.509115 0.521484 0.507812 0.517578 0.510417
0 0.559570 0.520833 0.559570 0.536458 0.558594 0.537760 0.558594 0.548177 0.556641 0.552083 0.556641 0.555990 0.561523 0.565104 0.561523 0.566406 0.564453 0.570312 0.565430 0.570312 0.567383 0.572917 0.572266 0.572917 0.573242 0.574219 0.580078 0.574219 0.581055 0.572917 0.583984 0.572917 0.587891 0.570312 0.594727 0.569010 0.602539 0.563802 0.603516 0.558594 0.604492 0.557292 0.604492 0.552083 0.606445 0.546875 0.606445 0.541667 0.607422 0.539062 0.606445 0.536458 0.601562 0.529948 0.599609 0.524740 0.592773 0.514323 0.588867 0.513021 0.587891 0.511719 0.585938 0.511719 0.584961 0.510417 0.582031 0.510417 0.581055 0.509115 0.572266 0.509115 0.569336 0.511719 0.567383 0.511719 0.565430 0.515625 0.562500 0.516927
0 0.597656 0.434896 0.593750 0.437500 0.589844 0.442708 0.588867 0.442708 0.583008 0.449219 0.583008 0.454427 0.582031 0.455729 0.582031 0.473958 0.581055 0.475260 0.581055 0.477865 0.583984 0.483073 0.587891 0.485677 0.591797 0.490885 0.597656 0.494792 0.600586 0.494792 0.601562 0.496094 0.609375 0.496094 0.610352 0.494792 0.614258 0.494792 0.616211 0.492188 0.622070 0.488281 0.625000 0.484375 0.625000 0.475260 0.624023 0.473958 0.624023 0.470052 0.623047 0.468750 0.623047 0.464844 0.622070 0.463542 0.622070 0.455729 0.621094 0.454427 0.621094 0.446615 0.620117 0.445312 0.620117 0.442708 0.617188 0.437500 0.613281 0.434896 0.611328 0.434896 0.610352 0.433594 0.601562 0.433594 0.600586 0.434896
0 0.663086 0.425781 0.659180 0.425781 0.658203 0.427083 0.653320 0.428385 0.647461 0.432292 0.645508 0.434896 0.643555 0.434896 0.637695 0.438802 0.633789 0.444010 0.632812 0.446615 0.632812 0.451823 0.631836 0.453125 0.631836 0.458333 0.632812 0.459635 0.632812 0.467448 0.633789 0.468750 0.633789 0.471354 0.635742 0.476562 0.639648 0.481771 0.657227 0.493490 0.661133 0.492188 0.664062 0.489583 0.666016 0.489583 0.668945 0.486979 0.670898 0.486979 0.677734 0.481771 0.680664 0.477865 0.679688 0.470052 0.677734 0.464844 0.677734 0.460938 0.676758 0.459635 0.676758 0.457031 0.675781 0.455729 0.675781 0.453125 0.673828 0.447917 0.673828 0.442708 0.672852 0.441406 0.672852 0.438802 0.670898 0.433594 0.666992 0.428385
0 0.708008 0.417969 0.707031 0.419271 0.705078 0.419271 0.702148 0.429688 0.695312 0.437500 0.695312 0.438802 0.693359 0.441406 0.693359 0.444010 0.690430 0.446615 0.689453 0.449219 0.689453 0.453125 0.688477 0.454427 0.688477 0.464844 0.690430 0.470052 0.697266 0.476562 0.701172 0.479167 0.703125 0.479167 0.705078 0.481771 0.708984 0.483073 0.712891 0.486979 0.714844 0.486979 0.717773 0.489583 0.721680 0.489583 0.722656 0.490885 0.724609 0.490885 0.731445 0.483073 0.732422 0.483073 0.736328 0.476562 0.736328 0.473958 0.738281 0.470052 0.738281 0.467448 0.742188 0.457031 0.742188 0.450521 0.741211 0.449219 0.741211 0.446615 0.740234 0.445312 0.739258 0.440104 0.735352 0.433594 0.720703 0.424479 0.717773 0.419271 0.715820 0.419271 0.714844 0.417969
0 0.666016 0.361979 0.663086 0.365885 0.662109 0.365885 0.662109 0.367188 0.658203 0.372396 0.658203 0.375000 0.657227 0.376302 0.657227 0.384115 0.656250 0.385417 0.656250 0.389323 0.657227 0.390625 0.657227 0.398438 0.659180 0.402344 0.659180 0.407552 0.661133 0.412760 0.664062 0.415365 0.666992 0.423177 0.675781 0.429688 0.677734 0.429688 0.681641 0.432292 0.691406 0.432292 0.692383 0.430990 0.695312 0.430990 0.697266 0.429688 0.700195 0.424479 0.700195 0.421875 0.703125 0.414062 0.706055 0.399740 0.708984 0.393229 0.708984 0.389323 0.709961 0.388021 0.709961 0.378906 0.708984 0.376302 0.706055 0.372396 0.699219 0.368490 0.697266 0.365885 0.690430 0.361979 0.688477 0.359375 0.683594 0.359375 0.682617 0.360677 0.677734 0.360677 0.676758 0.361979 0.671875 0.361979 0.670898 0.360677
0 0.626953 0.488281 0.623047 0.490885 0.620117 0.494792 0.614258 0.497396 0.607422 0.505208 0.606445 0.522135 0.607422 0.523438 0.608398 0.529948 0.614258 0.540365 0.615234 0.540365 0.618164 0.544271 0.625000 0.549479 0.627930 0.549479 0.633789 0.553385 0.637695 0.553385 0.639648 0.550781 0.643555 0.549479 0.649414 0.545573 0.656250 0.537760 0.658203 0.531250 0.661133 0.526042 0.661133 0.520833 0.662109 0.519531 0.662109 0.516927 0.661133 0.515625 0.661133 0.513021 0.659180 0.509115 0.658203 0.503906 0.653320 0.496094 0.650391 0.496094 0.643555 0.490885 0.638672 0.490885 0.637695 0.489583 0.630859 0.489583 0.629883 0.488281
0 0.691406 0.481771 0.687500 0.481771 0.683594 0.484375 0.679688 0.489583 0.678711 0.489583 0.678711 0.490885 0.663086 0.511719 0.663086 0.526042 0.662109 0.528646 0.663086 0.529948 0.663086 0.533854 0.666016 0.536458 0.668945 0.536458 0.675781 0.541667 0.680664 0.541667 0.681641 0.542969 0.684570 0.542969 0.685547 0.544271 0.689453 0.544271 0.693359 0.540365 0.696289 0.540365 0.697266 0.539062 0.699219 0.539062 0.701172 0.536458 0.701172 0.533854 0.702148 0.531250 0.708008 0.522135 0.708008 0.518229 0.708984 0.516927 0.708984 0.502604 0.708008 0.501302 0.708008 0.496094 0.706055 0.493490 0.706055 0.492188 0.705078 0.492188 0.700195 0.486979 0.698242 0.485677 0.696289 0.485677 0.694336 0.483073 0.692383 0.483073
0 0.715820 0.496094 0.714844 0.501302 0.713867 0.502604 0.713867 0.505208 0.712891 0.506510 0.712891 0.515625 0.713867 0.516927 0.714844 0.527344 0.721680 0.537760 0.723633 0.537760 0.724609 0.539062 0.726562 0.539062 0.727539 0.540365 0.729492 0.540365 0.733398 0.542969 0.737305 0.542969 0.738281 0.544271 0.744141 0.544271 0.750000 0.540365 0.751953 0.540365 0.753906 0.537760 0.754883 0.537760 0.763672 0.526042 0.765625 0.520833 0.765625 0.498698 0.763672 0.494792 0.761719 0.494792 0.760742 0.493490 0.755859 0.493490 0.754883 0.492188 0.750977 0.492188 0.750000 0.490885 0.746094 0.490885 0.745117 0.489583 0.740234 0.489583 0.739258 0.488281 0.731445 0.488281 0.723633 0.493490 0.719727 0.498698 0.716797 0.494792
0 0.509766 0.576823 0.504883 0.582031 0.500977 0.592448 0.500977 0.597656 0.501953 0.598958 0.501953 0.610677 0.502930 0.611979 0.502930 0.621094 0.503906 0.622396 0.503906 0.627604 0.505859 0.630208 0.511719 0.632812 0.518555 0.640625 0.520508 0.640625 0.521484 0.641927 0.528320 0.641927 0.529297 0.640625 0.532227 0.640625 0.536133 0.636719 0.538086 0.631510 0.538086 0.627604 0.541016 0.621094 0.542969 0.610677 0.546875 0.602865 0.546875 0.600260 0.545898 0.598958 0.545898 0.591146 0.542969 0.587240 0.535156 0.582031 0.531250 0.582031 0.527344 0.579427 0.511719 0.579427
0 0.567383 0.575521 0.566406 0.578125 0.561523 0.584635 0.561523 0.587240 0.558594 0.592448 0.558594 0.593750 0.554688 0.598958 0.553711 0.598958 0.553711 0.600260 0.551758 0.602865 0.550781 0.617188 0.553711 0.625000 0.556641 0.628906 0.558594 0.628906 0.559570 0.630208 0.562500 0.630208 0.563477 0.631510 0.566406 0.631510 0.567383 0.632812 0.573242 0.632812 0.574219 0.631510 0.577148 0.631510 0.580078 0.628906 0.582031 0.628906 0.583984 0.626302 0.586914 0.625000 0.591797 0.618490 0.593750 0.617188 0.595703 0.611979 0.596680 0.600260 0.595703 0.598958 0.595703 0.596354 0.593750 0.591146 0.589844 0.585938 0.588867 0.583333 0.588867 0.580729 0.586914 0.578125 0.583008 0.578125 0.582031 0.576823 0.577148 0.576823 0.576172 0.575521
0 0.615234 0.554688 0.615234 0.555990 0.613281 0.558594 0.611328 0.558594 0.610352 0.559896 0.607422 0.569010 0.603516 0.571615 0.599609 0.576823 0.598633 0.579427 0.598633 0.595052 0.601562 0.602865 0.607422 0.610677 0.608398 0.614583 0.615234 0.626302 0.617188 0.626302 0.618164 0.627604 0.626953 0.627604 0.630859 0.622396 0.635742 0.621094 0.637695 0.618490 0.638672 0.614583 0.641602 0.610677 0.641602 0.609375 0.645508 0.604167 0.647461 0.604167 0.648438 0.602865 0.648438 0.600260 0.649414 0.598958 0.649414 0.584635 0.646484 0.575521 0.642578 0.570312 0.642578 0.569010 0.637695 0.561198 0.633789 0.559896 0.632812 0.558594 0.630859 0.558594 0.629883 0.557292 0.628906 0.558594 0.623047 0.558594 0.619141 0.554688
0 0.655273 0.558594 0.652344 0.567708 0.652344 0.571615 0.651367 0.572917 0.651367 0.595052 0.652344 0.596354 0.652344 0.605469 0.654297 0.610677 0.656250 0.611979 0.662109 0.611979 0.663086 0.613281 0.671875 0.613281 0.672852 0.611979 0.674805 0.611979 0.681641 0.608073 0.685547 0.608073 0.686523 0.606771 0.696289 0.606771 0.699219 0.604167 0.699219 0.601562 0.700195 0.600260 0.700195 0.579427 0.699219 0.578125 0.699219 0.569010 0.695312 0.558594 0.690430 0.552083 0.684570 0.548177 0.680664 0.548177 0.679688 0.546875 0.666992 0.546875 0.661133 0.550781
0 0.712891 0.554688 0.711914 0.557292 0.708984 0.561198 0.706055 0.562500 0.702148 0.569010 0.702148 0.574219 0.701172 0.575521 0.702148 0.578125 0.702148 0.591146 0.704102 0.596354 0.707031 0.598958 0.708984 0.598958 0.716797 0.604167 0.721680 0.604167 0.728516 0.609375 0.739258 0.610677 0.741211 0.608073 0.742188 0.608073 0.746094 0.602865 0.750977 0.591146 0.750977 0.580729 0.750000 0.579427 0.750000 0.565104 0.748047 0.559896 0.739258 0.552083 0.736328 0.552083 0.732422 0.549479 0.730469 0.549479 0.729492 0.550781 0.720703 0.550781 0.719727 0.552083 0.717773 0.552083 0.716797 0.553385
0 0.751953 0.553385 0.750977 0.554688 0.750977 0.559896 0.751953 0.561198 0.751953 0.574219 0.752930 0.575521 0.752930 0.582031 0.753906 0.583333 0.753906 0.597656 0.754883 0.598958 0.754883 0.602865 0.757812 0.611979 0.758789 0.611979 0.761719 0.615885 0.771484 0.615885 0.775391 0.613281 0.777344 0.610677 0.785156 0.606771 0.787109 0.604167 0.791016 0.601562 0.798828 0.592448 0.802734 0.589844 0.802734 0.578125 0.797852 0.569010 0.796875 0.563802 0.784180 0.552083 0.782227 0.552083 0.781250 0.550781 0.772461 0.550781 0.771484 0.549479 0.769531 0.550781 0.764648 0.550781 0.762695 0.549479 0.761719 0.550781 0.758789 0.550781 0.754883 0.553385
0 0.802734 0.481771 0.791016 0.481771 0.790039 0.483073 0.787109 0.483073 0.786133 0.484375 0.782227 0.484375 0.781250 0.485677 0.779297 0.485677 0.777344 0.486979 0.776367 0.489583 0.776367 0.493490 0.775391 0.494792 0.775391 0.510417 0.776367 0.511719 0.775391 0.514323 0.775391 0.519531 0.776367 0.520833 0.776367 0.524740 0.775391 0.526042 0.775391 0.537760 0.777344 0.540365 0.783203 0.544271 0.785156 0.544271 0.786133 0.545573 0.793945 0.545573 0.794922 0.544271 0.797852 0.544271 0.800781 0.541667 0.802734 0.541667 0.809570 0.533854 0.810547 0.533854 0.814453 0.528646 0.816406 0.523438 0.816406 0.503906 0.815430 0.502604 0.815430 0.498698 0.816406 0.497396 0.815430 0.496094 0.815430 0.493490 0.812500 0.489583 0.811523 0.489583 0.809570 0.486979 0.808594 0.486979 0.806641 0.484375
0 0.809570 0.539062 0.809570 0.540365 0.806641 0.544271 0.806641 0.549479 0.805664 0.550781 0.804688 0.572917 0.807617 0.582031 0.813477 0.591146 0.822266 0.597656 0.834961 0.597656 0.835938 0.596354 0.840820 0.596354 0.841797 0.595052 0.849609 0.595052 0.850586 0.593750 0.854492 0.593750 0.857422 0.591146 0.857422 0.588542 0.859375 0.584635 0.859375 0.579427 0.861328 0.574219 0.860352 0.572917 0.860352 0.570312 0.857422 0.566406 0.855469 0.559896 0.854492 0.559896 0.852539 0.557292 0.850586 0.552083 0.846680 0.546875 0.845703 0.542969 0.841797 0.537760 0.839844 0.537760 0.838867 0.536458 0.834961 0.536458 0.833984 0.535156 0.828125 0.535156 0.824219 0.532552 0.815430 0.532552
0 0.770508 0.412760 0.768555 0.414062 0.763672 0.420573 0.763672 0.423177 0.762695 0.424479 0.752930 0.430990 0.749023 0.436198 0.748047 0.441406 0.747070 0.442708 0.747070 0.445312 0.748047 0.446615 0.749023 0.455729 0.751953 0.462240 0.751953 0.464844 0.754883 0.472656 0.754883 0.475260 0.757812 0.479167 0.765625 0.480469 0.769531 0.483073 0.776367 0.483073 0.786133 0.476562 0.790039 0.471354 0.791016 0.471354 0.798828 0.459635 0.800781 0.454427 0.800781 0.438802 0.799805 0.437500 0.799805 0.432292 0.798828 0.430990 0.798828 0.428385 0.795898 0.424479 0.791016 0.423177 0.786133 0.417969 0.780273 0.414062 0.777344 0.414062 0.776367 0.412760
0 0.714844 0.377604 0.713867 0.380208 0.713867 0.389323 0.714844 0.390625 0.715820 0.398438 0.727539 0.420573 0.729492 0.420573 0.735352 0.424479 0.740234 0.424479 0.744141 0.427083 0.754883 0.428385 0.759766 0.424479 0.759766 0.423177 0.762695 0.419271 0.764648 0.414062 0.764648 0.411458 0.766602 0.408854 0.766602 0.401042 0.767578 0.399740 0.767578 0.385417 0.768555 0.384115 0.768555 0.371094 0.767578 0.369792 0.767578 0.365885 0.764648 0.360677 0.757812 0.358073 0.756836 0.356771 0.750977 0.356771 0.750000 0.355469 0.743164 0.356771 0.739258 0.359375 0.734375 0.365885 0.730469 0.368490 0.728516 0.368490 0.723633 0.372396 0.721680 0.372396
0 0.791016 0.316406 0.788086 0.320312 0.787109 0.320312 0.786133 0.322917 0.768555 0.345052 0.768555 0.359375 0.772461 0.369792 0.772461 0.372396 0.775391 0.378906 0.778320 0.380208 0.781250 0.384115 0.783203 0.385417 0.786133 0.385417 0.787109 0.386719 0.798828 0.386719 0.799805 0.385417 0.810547 0.385417 0.811523 0.384115 0.813477 0.384115 0.815430 0.380208 0.818359 0.377604 0.822266 0.368490 0.822266 0.365885 0.827148 0.358073 0.829102 0.352865 0.829102 0.346354 0.828125 0.343750 0.825195 0.342448 0.823242 0.339844 0.820312 0.338542 0.814453 0.333333 0.810547 0.328125 0.809570 0.328125 0.798828 0.317708 0.795898 0.317708 0.794922 0.316406
0 0.876953 0.329427 0.875000 0.329427 0.874023 0.328125 0.870117 0.328125 0.869141 0.329427 0.859375 0.329427 0.854492 0.325521 0.851562 0.325521 0.850586 0.324219 0.846680 0.324219 0.845703 0.322917 0.836914 0.322917 0.835938 0.324219 0.835938 0.329427 0.833984 0.333333 0.830078 0.333333 0.829102 0.334635 0.829102 0.338542 0.828125 0.339844 0.831055 0.345052 0.831055 0.350260 0.829102 0.356771 0.823242 0.367188 0.822266 0.375000 0.823242 0.376302 0.823242 0.378906 0.826172 0.381510 0.826172 0.384115 0.825195 0.385417 0.822266 0.385417 0.822266 0.388021 0.826172 0.388021 0.830078 0.391927 0.833008 0.391927 0.834961 0.394531 0.836914 0.394531 0.837891 0.395833 0.845703 0.395833 0.846680 0.394531 0.850586 0.394531 0.858398 0.386719 0.865234 0.382812 0.869141 0.377604 0.870117 0.372396 0.874023 0.363281 0.875000 0.350260 0.877930 0.341146 0.877930 0.332031
0 0.874023 0.382812 0.869141 0.382812 0.864258 0.386719 0.862305 0.386719 0.855469 0.391927 0.853516 0.395833 0.853516 0.425781 0.854492 0.427083 0.854492 0.451823 0.856445 0.454427 0.862305 0.458333 0.871094 0.458333 0.877930 0.453125 0.883789 0.445312 0.883789 0.438802 0.885742 0.433594 0.890625 0.428385 0.891602 0.428385 0.893555 0.424479 0.893555 0.408854 0.892578 0.407552 0.892578 0.403646 0.891602 0.402344 0.890625 0.397135 0.889648 0.397135 0.883789 0.390625 0.882812 0.390625 0.880859 0.388021
0 0.816406 0.397135 0.815430 0.398438 0.811523 0.398438 0.811523 0.403646 0.804688 0.412760 0.804688 0.415365 0.802734 0.417969 0.798828 0.417969 0.797852 0.420573 0.800781 0.428385 0.800781 0.433594 0.801758 0.434896 0.801758 0.454427 0.803711 0.460938 0.807617 0.466146 0.810547 0.467448 0.812500 0.470052 0.814453 0.470052 0.815430 0.471354 0.822266 0.471354 0.833008 0.457031 0.837891 0.453125 0.839844 0.453125 0.843750 0.450521 0.852539 0.438802 0.852539 0.436198 0.853516 0.434896 0.853516 0.429688 0.852539 0.428385 0.851562 0.417969 0.845703 0.411458 0.843750 0.411458 0.833984 0.404948 0.823242 0.401042 0.821289 0.398438
0 0.845703 0.454427 0.844727 0.455729 0.842773 0.455729 0.838867 0.460938 0.838867 0.463542 0.836914 0.466146 0.833008 0.466146 0.828125 0.471354 0.828125 0.475260 0.825195 0.480469 0.825195 0.484375 0.826172 0.485677 0.827148 0.493490 0.828125 0.494792 0.828125 0.497396 0.826172 0.502604 0.827148 0.503906 0.827148 0.507812 0.829102 0.513021 0.833984 0.522135 0.840820 0.527344 0.843750 0.527344 0.844727 0.528646 0.853516 0.528646 0.865234 0.513021 0.866211 0.513021 0.868164 0.510417 0.871094 0.502604 0.871094 0.500000 0.873047 0.496094 0.873047 0.484375 0.874023 0.483073 0.874023 0.476562 0.869141 0.470052 0.868164 0.470052 0.861328 0.459635 0.857422 0.458333 0.856445 0.457031 0.854492 0.457031 0.853516 0.455729
0 0.871094 0.510417 0.866211 0.515625 0.865234 0.515625 0.860352 0.522135 0.860352 0.523438 0.853516 0.531250 0.852539 0.533854 0.852539 0.541667 0.851562 0.542969 0.851562 0.546875 0.852539 0.548177 0.852539 0.550781 0.856445 0.555990 0.857422 0.555990 0.862305 0.561198 0.865234 0.562500 0.871094 0.570312 0.875977 0.572917 0.877930 0.575521 0.876953 0.579427 0.879883 0.579427 0.887695 0.569010 0.894531 0.563802 0.894531 0.559896 0.895508 0.558594 0.895508 0.555990 0.897461 0.553385 0.897461 0.548177 0.899414 0.544271 0.899414 0.541667 0.898438 0.540365 0.898438 0.536458 0.897461 0.535156 0.897461 0.527344 0.896484 0.524740 0.892578 0.519531 0.892578 0.518229 0.888672 0.513021 0.884766 0.511719 0.883789 0.510417
0 0.930664 0.445312 0.928711 0.444010 0.918945 0.442708 0.917969 0.440104 0.916016 0.438802 0.913086 0.438802 0.908203 0.434896 0.905273 0.434896 0.904297 0.433594 0.903320 0.433594 0.900391 0.438802 0.892578 0.440104 0.890625 0.450521 0.887695 0.454427 0.887695 0.457031 0.885742 0.459635 0.883789 0.464844 0.883789 0.468750 0.882812 0.470052 0.882812 0.472656 0.883789 0.473958 0.882812 0.481771 0.883789 0.483073 0.883789 0.486979 0.886719 0.490885 0.886719 0.500000 0.888672 0.502604 0.889648 0.501302 0.893555 0.501302 0.897461 0.506510 0.901367 0.507812 0.902344 0.506510 0.910156 0.506510 0.916016 0.502604 0.918945 0.502604 0.926758 0.496094 0.932617 0.486979 0.936523 0.479167 0.936523 0.476562 0.937500 0.475260 0.937500 0.457031 0.935547 0.451823
0 0.946289 0.408854 0.941406 0.415365 0.938477 0.416667 0.935547 0.420573 0.935547 0.423177 0.934570 0.424479 0.934570 0.428385 0.933594 0.429688 0.933594 0.432292 0.932617 0.433594 0.932617 0.436198 0.931641 0.437500 0.931641 0.441406 0.930664 0.444010 0.937500 0.453125 0.938477 0.455729 0.938477 0.475260 0.940430 0.476562 0.942383 0.476562 0.945312 0.479167 0.950195 0.479167 0.954102 0.475260 0.955078 0.471354 0.957031 0.468750 0.958008 0.468750 0.963867 0.460938 0.964844 0.458333 0.964844 0.455729 0.965820 0.454427 0.965820 0.449219 0.968750 0.441406 0.968750 0.428385 0.963867 0.420573 0.961914 0.415365 0.959961 0.415365 0.957031 0.412760 0.955078 0.412760 0.954102 0.411458 0.952148 0.411458 0.951172 0.410156 0.948242 0.410156
