0 0.421875 0.122396 0.419922 0.127604 0.416992 0.128906 0.412109 0.135417 0.407227 0.139323 0.406250 0.143229 0.398438 0.152344 0.396484 0.158854 0.396484 0.166667 0.399414 0.177083 0.399414 0.180990 0.404297 0.194010 0.407227 0.197917 0.413086 0.200521 0.423828 0.214844 0.430664 0.217448 0.445312 0.217448 0.449219 0.214844 0.458984 0.214844 0.465820 0.212240 0.472656 0.175781 0.471680 0.161458 0.466797 0.145833 0.460938 0.139323 0.457031 0.128906 0.453125 0.125000 0.440430 0.119792 0.436523 0.119792 0.433594 0.117188 0.430664 0.117188 0.427734 0.121094
0 0.323242 0.235677 0.313477 0.235677 0.309570 0.231771 0.297852 0.231771 0.291016 0.235677 0.283203 0.244792 0.280273 0.246094 0.263672 0.268229 0.262695 0.277344 0.265625 0.282552 0.267578 0.302083 0.272461 0.313802 0.291992 0.333333 0.294922 0.332031 0.294922 0.324219 0.297852 0.320312 0.316406 0.316406 0.328125 0.298177 0.333008 0.294271 0.333008 0.283854 0.331055 0.279948 0.330078 0.266927 0.317383 0.247396 0.310547 0.242188 0.313477 0.236979 0.325195 0.240885 0.325195 0.236979
0 0.274414 0.321615 0.266602 0.321615 0.260742 0.324219 0.255859 0.324219 0.251953 0.326823 0.248047 0.326823 0.238281 0.330729 0.229492 0.330729 0.225586 0.335938 0.220703 0.351562 0.221680 0.375000 0.225586 0.385417 0.234375 0.394531 0.241211 0.398438 0.251953 0.407552 0.262695 0.407552 0.266602 0.404948 0.271484 0.404948 0.277344 0.402344 0.285156 0.388021 0.288086 0.364583 0.286133 0.360677 0.286133 0.348958 0.285156 0.347656 0.286133 0.334635 0.285156 0.330729 0.282227 0.326823
0 0.165039 0.417969 0.156250 0.442708 0.154297 0.451823 0.158203 0.476562 0.164062 0.486979 0.172852 0.494792 0.176758 0.494792 0.185547 0.498698 0.198242 0.500000 0.199219 0.501302 0.203125 0.501302 0.208008 0.496094 0.216797 0.496094 0.219727 0.492188 0.220703 0.488281 0.220703 0.471354 0.223633 0.464844 0.223633 0.460938 0.219727 0.444010 0.217773 0.441406 0.216797 0.434896 0.212891 0.424479 0.203125 0.419271 0.198242 0.419271 0.190430 0.415365 0.177734 0.416667 0.173828 0.419271
0 0.138672 0.486979 0.138672 0.492188 0.136719 0.496094 0.136719 0.507812 0.138672 0.514323 0.138672 0.519531 0.145508 0.529948 0.145508 0.531250 0.151367 0.537760 0.153320 0.537760 0.154297 0.539062 0.166992 0.539062 0.170898 0.536458 0.173828 0.536458 0.174805 0.535156 0.177734 0.535156 0.178711 0.533854 0.181641 0.533854 0.182617 0.532552 0.188477 0.531250 0.194336 0.527344 0.198242 0.522135 0.198242 0.511719 0.194336 0.502604 0.189453 0.500000 0.180664 0.498698 0.179688 0.497396 0.176758 0.497396 0.175781 0.496094 0.172852 0.496094 0.170898 0.494792 0.156250 0.477865 0.155273 0.475260 0.155273 0.471354 0.154297 0.470052 0.151367 0.470052 0.150391 0.471354 0.150391 0.476562 0.147461 0.479167 0.145508 0.479167
0 0.106445 0.546875 0.096680 0.553385 0.094727 0.553385 0.077148 0.578125 0.077148 0.584635 0.079102 0.591146 0.081055 0.609375 0.083008 0.614583 0.088867 0.623698 0.095703 0.626302 0.103516 0.632812 0.106445 0.634115 0.109375 0.632812 0.123047 0.632812 0.127930 0.628906 0.131836 0.623698 0.136719 0.608073 0.136719 0.602865 0.133789 0.595052 0.131836 0.565104 0.128906 0.559896 0.126953 0.559896 0.123047 0.554688 0.117188 0.552083 0.111328 0.552083
0 0.177734 0.544271 0.165039 0.552083 0.156250 0.565104 0.152344 0.578125 0.149414 0.582031 0.149414 0.587240 0.151367 0.593750 0.161133 0.605469 0.162109 0.610677 0.167969 0.617188 0.174805 0.622396 0.189453 0.628906 0.195312 0.628906 0.200195 0.623698 0.203125 0.622396 0.207031 0.617188 0.214844 0.611979 0.219727 0.605469 0.223633 0.589844 0.218750 0.580729 0.217773 0.572917 0.214844 0.569010 0.206055 0.565104 0.193359 0.555990 0.186523 0.548177
0 0.145508 0.602865 0.140625 0.610677 0.137695 0.619792 0.124023 0.635417 0.124023 0.638021 0.123047 0.639323 0.123047 0.658854 0.124023 0.661458 0.126953 0.665365 0.144531 0.677083 0.148438 0.677083 0.149414 0.678385 0.153320 0.678385 0.154297 0.679688 0.165039 0.679688 0.166016 0.680990 0.176758 0.679688 0.179688 0.677083 0.184570 0.664062 0.184570 0.653646 0.183594 0.652344 0.183594 0.647135 0.182617 0.645833 0.180664 0.632812 0.178711 0.630208 0.173828 0.628906 0.167969 0.621094 0.166992 0.621094 0.161133 0.613281 0.157227 0.605469 0.153320 0.602865
0 0.250000 0.569010 0.247070 0.572917 0.243164 0.574219 0.239258 0.579427 0.237305 0.579427 0.229492 0.585938 0.224609 0.597656 0.222656 0.605469 0.219727 0.609375 0.219727 0.614583 0.220703 0.617188 0.224609 0.621094 0.231445 0.622396 0.235352 0.627604 0.238281 0.628906 0.239258 0.631510 0.255859 0.643229 0.260742 0.648438 0.267578 0.651042 0.270508 0.648438 0.274414 0.647135 0.275391 0.644531 0.278320 0.644531 0.282227 0.641927 0.286133 0.635417 0.288086 0.628906 0.288086 0.617188 0.287109 0.615885 0.286133 0.604167 0.283203 0.595052 0.272461 0.579427 0.269531 0.578125 0.267578 0.575521 0.262695 0.574219 0.256836 0.569010
0 0.195312 0.667969 0.192383 0.673177 0.192383 0.675781 0.190430 0.680990 0.190430 0.684896 0.189453 0.686198 0.189453 0.694010 0.188477 0.695312 0.188477 0.707031 0.189453 0.708333 0.189453 0.716146 0.190430 0.717448 0.191406 0.723958 0.197266 0.730469 0.205078 0.733073 0.215820 0.742188 0.221680 0.743490 0.223633 0.746094 0.228516 0.746094 0.228516 0.744792 0.232422 0.742188 0.240234 0.730469 0.240234 0.727865 0.239258 0.726562 0.238281 0.709635 0.243164 0.705729 0.243164 0.704427 0.242188 0.703125 0.242188 0.699219 0.240234 0.696615 0.240234 0.694010 0.239258 0.692708 0.238281 0.683594 0.235352 0.678385 0.227539 0.673177 0.225586 0.673177 0.215820 0.667969 0.210938 0.667969 0.208984 0.664062 0.203125 0.664062 0.198242 0.667969
0 0.287109 0.639323 0.277344 0.651042 0.271484 0.651042 0.267578 0.654948 0.267578 0.660156 0.266602 0.661458 0.266602 0.680990 0.264648 0.684896 0.264648 0.691406 0.267578 0.695312 0.271484 0.697917 0.280273 0.709635 0.282227 0.709635 0.285156 0.712240 0.287109 0.712240 0.290039 0.714844 0.292969 0.714844 0.293945 0.716146 0.301758 0.716146 0.303711 0.713542 0.311523 0.708333 0.315430 0.703125 0.318359 0.695312 0.318359 0.692708 0.320312 0.687500 0.320312 0.680990 0.321289 0.679688 0.321289 0.671875 0.320312 0.670573 0.321289 0.660156 0.317383 0.648438 0.313477 0.643229 0.310547 0.645833 0.306641 0.645833 0.305664 0.644531 0.300781 0.644531 0.292969 0.639323
0 0.275391 0.716146 0.271484 0.722656 0.268555 0.730469 0.268555 0.733073 0.266602 0.736979 0.265625 0.746094 0.262695 0.753906 0.262695 0.766927 0.266602 0.776042 0.267578 0.781250 0.272461 0.787760 0.278320 0.792969 0.284180 0.795573 0.296875 0.796875 0.310547 0.790365 0.318359 0.778646 0.323242 0.764323 0.327148 0.756510 0.327148 0.742188 0.323242 0.733073 0.323242 0.730469 0.317383 0.723958 0.314453 0.725260 0.312500 0.723958 0.310547 0.720052 0.307617 0.720052 0.303711 0.717448 0.300781 0.718750 0.289062 0.718750 0.283203 0.714844 0.277344 0.714844
0 0.326172 0.688802 0.325195 0.695312 0.323242 0.699219 0.323242 0.703125 0.322266 0.704427 0.323242 0.707031 0.323242 0.717448 0.325195 0.722656 0.325195 0.726562 0.327148 0.729167 0.329102 0.735677 0.336914 0.743490 0.336914 0.746094 0.337891 0.747396 0.339844 0.747396 0.344727 0.755208 0.348633 0.757812 0.361328 0.757812 0.370117 0.750000 0.373047 0.748698 0.380859 0.738281 0.382812 0.733073 0.382812 0.716146 0.380859 0.710938 0.373047 0.701823 0.367188 0.697917 0.363281 0.691406 0.362305 0.691406 0.354492 0.682292 0.344727 0.678385 0.335938 0.683594 0.333008 0.687500 0.331055 0.687500 0.329102 0.690104 0.328125 0.688802
0 0.340820 0.580729 0.335938 0.583333 0.332031 0.588542 0.323242 0.592448 0.318359 0.601562 0.318359 0.611979 0.320312 0.617188 0.319336 0.618490 0.319336 0.623698 0.317383 0.627604 0.317383 0.631510 0.320312 0.640625 0.323242 0.645833 0.331055 0.653646 0.334961 0.656250 0.337891 0.656250 0.346680 0.660156 0.356445 0.658854 0.372070 0.649740 0.375977 0.644531 0.378906 0.636719 0.379883 0.622396 0.382812 0.615885 0.381836 0.614583 0.381836 0.610677 0.375977 0.601562 0.375000 0.596354 0.369141 0.592448 0.364258 0.585938 0.362305 0.584635 0.358398 0.584635 0.357422 0.583333 0.353516 0.583333 0.352539 0.582031 0.348633 0.582031 0.347656 0.580729
0 0.286133 0.516927 0.283203 0.520833 0.281250 0.526042 0.281250 0.532552 0.279297 0.540365 0.279297 0.553385 0.280273 0.554688 0.280273 0.559896 0.282227 0.567708 0.284180 0.570312 0.292969 0.575521 0.297852 0.582031 0.302734 0.584635 0.304688 0.587240 0.308594 0.589844 0.314453 0.591146 0.315430 0.589844 0.325195 0.589844 0.333008 0.584635 0.346680 0.569010 0.346680 0.561198 0.342773 0.550781 0.341797 0.539062 0.329102 0.516927 0.316406 0.510417 0.293945 0.511719
0 0.293945 0.406250 0.280273 0.407552 0.271484 0.412760 0.262695 0.423177 0.256836 0.434896 0.253906 0.445312 0.253906 0.464844 0.258789 0.477865 0.265625 0.488281 0.274414 0.494792 0.282227 0.505208 0.285156 0.506510 0.298828 0.503906 0.302734 0.501302 0.310547 0.490885 0.315430 0.480469 0.315430 0.475260 0.318359 0.468750 0.319336 0.453125 0.320312 0.451823 0.320312 0.437500 0.319336 0.434896 0.310547 0.425781 0.307617 0.424479
0 0.355469 0.419271 0.352539 0.420573 0.333984 0.437500 0.326172 0.440104 0.323242 0.442708 0.320312 0.454427 0.320312 0.468750 0.321289 0.470052 0.323242 0.485677 0.329102 0.494792 0.331055 0.496094 0.337891 0.496094 0.343750 0.503906 0.356445 0.506510 0.361328 0.509115 0.362305 0.507812 0.366211 0.507812 0.372070 0.502604 0.375977 0.501302 0.385742 0.492188 0.390625 0.485677 0.388672 0.480469 0.389648 0.479167 0.388672 0.447917 0.390625 0.445312 0.390625 0.441406 0.388672 0.437500 0.383789 0.437500 0.376953 0.432292 0.374023 0.425781 0.368164 0.420573 0.365234 0.419271
0 0.297852 0.322917 0.296875 0.325521 0.297852 0.332031 0.294922 0.345052 0.293945 0.361979 0.291992 0.365885 0.291016 0.384115 0.290039 0.385417 0.291016 0.398438 0.300781 0.410156 0.310547 0.416667 0.314453 0.421875 0.322266 0.423177 0.336914 0.417969 0.334961 0.414062 0.334961 0.410156 0.340820 0.401042 0.344727 0.402344 0.343750 0.410156 0.340820 0.414062 0.344727 0.412760 0.352539 0.399740 0.354492 0.385417 0.356445 0.381510 0.356445 0.378906 0.352539 0.380208 0.348633 0.372396 0.348633 0.367188 0.350586 0.363281 0.349609 0.354167 0.340820 0.342448 0.336914 0.339844 0.332031 0.332031 0.328125 0.329427 0.329102 0.326823 0.328125 0.324219 0.325195 0.322917
0 0.372070 0.345052 0.363281 0.356771 0.363281 0.360677 0.361328 0.364583 0.361328 0.372396 0.360352 0.373698 0.360352 0.380208 0.358398 0.385417 0.358398 0.390625 0.360352 0.395833 0.362305 0.410156 0.366211 0.415365 0.376953 0.420573 0.384766 0.420573 0.390625 0.423177 0.401367 0.423177 0.402344 0.424479 0.413086 0.424479 0.415039 0.423177 0.430664 0.398438 0.431641 0.393229 0.430664 0.390625 0.430664 0.381510 0.427734 0.382812 0.425781 0.378906 0.426758 0.367188 0.418945 0.363281 0.405273 0.345052 0.401367 0.345052 0.400391 0.343750 0.386719 0.343750 0.382812 0.345052 0.380859 0.341146 0.379883 0.341146 0.378906 0.346354
0 0.359375 0.522135 0.356445 0.526042 0.355469 0.529948 0.347656 0.539062 0.347656 0.553385 0.351562 0.563802 0.356445 0.570312 0.365234 0.578125 0.387695 0.602865 0.395508 0.602865 0.398438 0.596354 0.407227 0.583333 0.409180 0.575521 0.413086 0.566406 0.413086 0.550781 0.412109 0.549479 0.412109 0.536458 0.411133 0.533854 0.408203 0.529948 0.404297 0.528646 0.396484 0.518229 0.388672 0.514323 0.374023 0.515625
0 0.389648 0.697917 0.388672 0.699219 0.388672 0.705729 0.386719 0.707031 0.385742 0.709635 0.384766 0.720052 0.383789 0.721354 0.383789 0.729167 0.387695 0.738281 0.392578 0.743490 0.394531 0.743490 0.399414 0.748698 0.412109 0.757812 0.417969 0.764323 0.419922 0.769531 0.423828 0.770833 0.432617 0.766927 0.435547 0.763021 0.435547 0.760417 0.442383 0.748698 0.444336 0.742188 0.444336 0.738281 0.447266 0.730469 0.445312 0.722656 0.445312 0.718750 0.443359 0.716146 0.440430 0.700521 0.432617 0.694010 0.415039 0.692708 0.407227 0.686198 0.403320 0.687500 0.396484 0.695312
0 0.438477 0.595052 0.434570 0.592448 0.415039 0.591146 0.414062 0.592448 0.407227 0.592448 0.403320 0.595052 0.398438 0.601562 0.395508 0.613281 0.394531 0.662760 0.395508 0.664062 0.396484 0.673177 0.399414 0.677083 0.404297 0.679688 0.415039 0.673177 0.418945 0.673177 0.422852 0.670573 0.426758 0.670573 0.432617 0.667969 0.439453 0.662760 0.443359 0.656250 0.451172 0.647135 0.452148 0.644531 0.452148 0.640625 0.451172 0.639323 0.451172 0.631510 0.452148 0.627604 0.449219 0.623698 0.449219 0.621094 0.447266 0.618490 0.443359 0.608073 0.443359 0.605469
0 0.506836 0.658854 0.499023 0.662760 0.492188 0.662760 0.486328 0.658854 0.477539 0.657552 0.472656 0.665365 0.466797 0.667969 0.462891 0.666667 0.458008 0.686198 0.458008 0.692708 0.456055 0.699219 0.456055 0.707031 0.454102 0.717448 0.454102 0.725260 0.462891 0.738281 0.466797 0.738281 0.471680 0.742188 0.488281 0.743490 0.495117 0.739583 0.500977 0.733073 0.504883 0.731771 0.508789 0.726562 0.514648 0.703125 0.514648 0.691406 0.516602 0.687500 0.516602 0.682292 0.514648 0.688802 0.509766 0.688802 0.507812 0.686198 0.507812 0.682292 0.504883 0.678385 0.502930 0.670573 0.500977 0.669271 0.503906 0.665365 0.504883 0.661458 0.506836 0.665365 0.510742 0.664062
0 0.496094 0.740885 0.493164 0.747396 0.493164 0.759115 0.492188 0.760417 0.492188 0.765625 0.490234 0.770833 0.490234 0.777344 0.489258 0.778646 0.489258 0.799479 0.498047 0.803385 0.502930 0.809896 0.511719 0.815104 0.519531 0.816406 0.525391 0.820312 0.526367 0.819010 0.533203 0.819010 0.536133 0.817708 0.543945 0.804688 0.544922 0.796875 0.547852 0.791667 0.549805 0.781250 0.552734 0.773438 0.551758 0.768229 0.546875 0.759115 0.545898 0.755208 0.534180 0.740885 0.519531 0.734375 0.513672 0.734375 0.508789 0.738281 0.507812 0.736979 0.501953 0.736979
0 0.502930 0.580729 0.491211 0.582031 0.480469 0.587240 0.477539 0.589844 0.477539 0.591146 0.473633 0.596354 0.472656 0.601562 0.465820 0.609375 0.465820 0.627604 0.466797 0.628906 0.466797 0.632812 0.469727 0.638021 0.469727 0.640625 0.477539 0.651042 0.477539 0.652344 0.493164 0.660156 0.499023 0.658854 0.501953 0.656250 0.529297 0.618490 0.529297 0.601562 0.528320 0.598958 0.523438 0.592448 0.521484 0.592448 0.513672 0.584635 0.510742 0.584635
0 0.474609 0.489583 0.467773 0.493490 0.465820 0.496094 0.456055 0.497396 0.455078 0.498698 0.454102 0.497396 0.439453 0.497396 0.436523 0.494792 0.433594 0.494792 0.423828 0.510417 0.418945 0.526042 0.419922 0.542969 0.421875 0.549479 0.431641 0.562500 0.438477 0.569010 0.451172 0.576823 0.462891 0.574219 0.470703 0.570312 0.481445 0.555990 0.488281 0.552083 0.491211 0.546875 0.491211 0.533854 0.488281 0.526042 0.487305 0.513021 0.482422 0.500000
0 0.437500 0.399740 0.428711 0.408854 0.427734 0.414062 0.423828 0.414062 0.420898 0.417969 0.418945 0.432292 0.416992 0.437500 0.416992 0.444010 0.414062 0.454427 0.415039 0.466146 0.418945 0.468750 0.433594 0.489583 0.443359 0.496094 0.458984 0.496094 0.464844 0.493490 0.466797 0.490885 0.471680 0.488281 0.479492 0.477865 0.481445 0.472656 0.481445 0.455729 0.484375 0.446615 0.483398 0.436198 0.471680 0.419271 0.469727 0.414062 0.466797 0.414062 0.463867 0.410156 0.458008 0.406250 0.453125 0.404948 0.451172 0.401042 0.447266 0.402344 0.444336 0.399740
0 0.372070 0.244792 0.369141 0.251302 0.369141 0.272135 0.368164 0.273438 0.368164 0.307292 0.367188 0.311198 0.369141 0.319010 0.375977 0.326823 0.389648 0.333333 0.397461 0.333333 0.404297 0.330729 0.413086 0.330729 0.421875 0.324219 0.430664 0.311198 0.432617 0.296875 0.435547 0.290365 0.434570 0.282552 0.428711 0.268229 0.428711 0.263021 0.421875 0.251302 0.421875 0.247396 0.417969 0.242188 0.415039 0.240885 0.387695 0.240885 0.386719 0.242188 0.379883 0.242188
0 0.447266 0.220052 0.443359 0.225260 0.439453 0.227865 0.434570 0.234375 0.431641 0.240885 0.430664 0.256510 0.432617 0.261719 0.437500 0.269531 0.447266 0.294271 0.454102 0.307292 0.456055 0.308594 0.462891 0.308594 0.463867 0.309896 0.474609 0.309896 0.475586 0.308594 0.485352 0.307292 0.500000 0.291667 0.505859 0.277344 0.505859 0.256510 0.504883 0.251302 0.500977 0.244792 0.500977 0.242188 0.492188 0.227865 0.490234 0.221354 0.483398 0.216146 0.464844 0.214844 0.463867 0.216146 0.458008 0.216146 0.454102 0.218750
0 0.448242 0.322917 0.439453 0.334635 0.435547 0.350260 0.436523 0.371094 0.441406 0.388021 0.449219 0.395833 0.456055 0.397135 0.462891 0.401042 0.470703 0.402344 0.479492 0.406250 0.494141 0.407552 0.500000 0.403646 0.504883 0.394531 0.508789 0.375000 0.508789 0.361979 0.505859 0.348958 0.501953 0.346354 0.499023 0.339844 0.499023 0.334635 0.493164 0.329427 0.493164 0.320312 0.489258 0.315104 0.488281 0.316406 0.482422 0.316406 0.478516 0.313802 0.464844 0.313802 0.454102 0.317708
0 0.577148 0.183594 0.565430 0.179688 0.556641 0.179688 0.555664 0.180990 0.548828 0.180990 0.547852 0.182292 0.531250 0.182292 0.529297 0.183594 0.522461 0.192708 0.520508 0.203125 0.516602 0.213542 0.516602 0.218750 0.512695 0.234375 0.514648 0.247396 0.518555 0.255208 0.527344 0.265625 0.531250 0.268229 0.536133 0.268229 0.537109 0.269531 0.552734 0.269531 0.553711 0.268229 0.567383 0.265625 0.571289 0.260417 0.576172 0.247396 0.580078 0.243490 0.583008 0.235677 0.583008 0.230469 0.584961 0.222656 0.584961 0.203125 0.583008 0.196615 0.580078 0.192708 0.579102 0.186198
0 0.647461 0.169271 0.636719 0.170573 0.626953 0.177083 0.614258 0.182292 0.606445 0.188802 0.598633 0.192708 0.593750 0.199219 0.588867 0.216146 0.586914 0.238281 0.588867 0.242188 0.589844 0.252604 0.593750 0.257812 0.599609 0.260417 0.608398 0.260417 0.609375 0.261719 0.608398 0.264323 0.603516 0.264323 0.603516 0.266927 0.609375 0.273438 0.627930 0.273438 0.637695 0.268229 0.648438 0.257812 0.657227 0.253906 0.662109 0.246094 0.666992 0.222656 0.666016 0.196615 0.661133 0.184896
0 0.508789 0.278646 0.505859 0.282552 0.504883 0.292969 0.498047 0.309896 0.498047 0.321615 0.505859 0.342448 0.518555 0.354167 0.522461 0.359375 0.522461 0.361979 0.524414 0.364583 0.550781 0.361979 0.561523 0.354167 0.568359 0.345052 0.573242 0.328125 0.578125 0.321615 0.578125 0.308594 0.573242 0.299479 0.569336 0.287760 0.563477 0.279948 0.558594 0.277344 0.554688 0.277344 0.551758 0.273438 0.528320 0.273438 0.527344 0.274740
0 0.585938 0.302083 0.584961 0.309896 0.582031 0.317708 0.583008 0.332031 0.585938 0.339844 0.590820 0.347656 0.595703 0.351562 0.610352 0.369792 0.614258 0.368490 0.636719 0.369792 0.639648 0.368490 0.649414 0.359375 0.657227 0.356771 0.663086 0.348958 0.665039 0.343750 0.666016 0.326823 0.666992 0.325521 0.666016 0.322917 0.666016 0.309896 0.661133 0.294271 0.655273 0.287760 0.630859 0.281250 0.608398 0.281250 0.594727 0.289062
0 0.722656 0.269531 0.720703 0.268229 0.713867 0.269531 0.693359 0.282552 0.680664 0.282552 0.672852 0.291667 0.668945 0.292969 0.668945 0.296875 0.667969 0.298177 0.667969 0.312500 0.668945 0.313802 0.670898 0.339844 0.678711 0.351562 0.684570 0.354167 0.689453 0.352865 0.721680 0.338542 0.727539 0.333333 0.731445 0.333333 0.738281 0.325521 0.738281 0.321615 0.740234 0.316406 0.740234 0.305990 0.739258 0.302083
0 0.533203 0.390625 0.532227 0.390625 0.529297 0.395833 0.512695 0.395833 0.511719 0.397135 0.508789 0.397135 0.497070 0.408854 0.488281 0.412760 0.486328 0.416667 0.486328 0.420573 0.485352 0.421875 0.485352 0.437500 0.486328 0.438802 0.485352 0.453125 0.489258 0.458333 0.492188 0.464844 0.502930 0.476562 0.512695 0.476562 0.515625 0.475260 0.519531 0.471354 0.525391 0.468750 0.533203 0.463542 0.535156 0.460938 0.545898 0.454427 0.548828 0.450521 0.549805 0.442708 0.550781 0.441406 0.550781 0.429688 0.548828 0.424479 0.548828 0.420573 0.545898 0.415365 0.544922 0.408854 0.541992 0.404948 0.541016 0.401042
0 0.583984 0.351562 0.578125 0.351562 0.573242 0.354167 0.563477 0.355469 0.555664 0.363281 0.551758 0.365885 0.547852 0.365885 0.544922 0.372396 0.545898 0.391927 0.547852 0.397135 0.547852 0.402344 0.549805 0.406250 0.549805 0.411458 0.553711 0.423177 0.554688 0.432292 0.560547 0.441406 0.567383 0.446615 0.570312 0.446615 0.571289 0.447917 0.580078 0.447917 0.587891 0.442708 0.590820 0.442708 0.601562 0.434896 0.603516 0.434896 0.607422 0.429688 0.610352 0.419271 0.610352 0.401042 0.608398 0.393229 0.608398 0.386719 0.602539 0.365885 0.593750 0.356771
0 0.668945 0.382812 0.664062 0.380208 0.662109 0.384115 0.640625 0.384115 0.634766 0.389323 0.628906 0.390625 0.626953 0.385417 0.631836 0.378906 0.654297 0.380208 0.662109 0.378906 0.661133 0.376302 0.654297 0.373698 0.645508 0.375000 0.644531 0.372396 0.640625 0.372396 0.634766 0.376302 0.622070 0.375000 0.618164 0.377604 0.617188 0.389323 0.613281 0.406250 0.613281 0.417969 0.609375 0.436198 0.610352 0.441406 0.615234 0.446615 0.622070 0.460938 0.631836 0.462240 0.654297 0.458333 0.669922 0.453125 0.677734 0.446615 0.680664 0.437500 0.681641 0.427083 0.673828 0.401042 0.672852 0.389323
0 0.782227 0.330729 0.778320 0.329427 0.776367 0.332031 0.767578 0.332031 0.764648 0.334635 0.757812 0.337240 0.750000 0.345052 0.745117 0.346354 0.738281 0.354167 0.730469 0.369792 0.729492 0.389323 0.730469 0.390625 0.730469 0.395833 0.735352 0.410156 0.735352 0.415365 0.738281 0.421875 0.746094 0.430990 0.753906 0.429688 0.764648 0.423177 0.795898 0.381510 0.796875 0.377604 0.795898 0.360677 0.789062 0.346354 0.789062 0.341146 0.787109 0.335938
0 0.723633 0.414062 0.718750 0.414062 0.714844 0.416667 0.698242 0.415365 0.689453 0.425781 0.684570 0.425781 0.679688 0.446615 0.674805 0.453125 0.670898 0.455729 0.671875 0.458333 0.677734 0.458333 0.685547 0.471354 0.686523 0.476562 0.684570 0.479167 0.677734 0.470052 0.676758 0.470052 0.676758 0.475260 0.679688 0.477865 0.680664 0.481771 0.682617 0.481771 0.685547 0.486979 0.691406 0.492188 0.696289 0.503906 0.699219 0.507812 0.702148 0.509115 0.711914 0.507812 0.728516 0.498698 0.738281 0.486979 0.742188 0.476562 0.743164 0.466146 0.745117 0.460938 0.744141 0.446615 0.736328 0.429688 0.731445 0.424479 0.727539 0.425781 0.725586 0.423177 0.726562 0.419271
0 0.847656 0.373698 0.840820 0.367188 0.834961 0.367188 0.831055 0.369792 0.827148 0.369792 0.822266 0.373698 0.811523 0.376302 0.803711 0.380208 0.798828 0.380208 0.789062 0.391927 0.781250 0.406250 0.781250 0.415365 0.779297 0.419271 0.780273 0.420573 0.780273 0.430990 0.779297 0.433594 0.781250 0.436198 0.781250 0.444010 0.783203 0.446615 0.794922 0.454427 0.819336 0.453125 0.832031 0.446615 0.838867 0.445312 0.844727 0.436198 0.845703 0.429688 0.848633 0.424479 0.851562 0.410156 0.851562 0.385417
0 0.544922 0.502604 0.543945 0.503906 0.535156 0.506510 0.529297 0.510417 0.524414 0.516927 0.523438 0.520833 0.516602 0.532552 0.514648 0.537760 0.514648 0.541667 0.511719 0.544271 0.509766 0.540365 0.509766 0.537760 0.509766 0.542969 0.512695 0.545573 0.513672 0.553385 0.517578 0.559896 0.518555 0.563802 0.531250 0.579427 0.540039 0.583333 0.550781 0.583333 0.555664 0.578125 0.559570 0.570312 0.568359 0.546875 0.572266 0.540365 0.572266 0.537760 0.575195 0.532552 0.575195 0.527344 0.572266 0.518229 0.569336 0.514323 0.568359 0.510417 0.564453 0.506510 0.559570 0.503906 0.556641 0.505208 0.555664 0.503906
0 0.657227 0.475260 0.654297 0.475260 0.648438 0.471354 0.640625 0.470052 0.639648 0.468750 0.630859 0.468750 0.628906 0.470052 0.631836 0.476562 0.625000 0.479167 0.604492 0.506510 0.601562 0.514323 0.601562 0.519531 0.599609 0.522135 0.595703 0.520833 0.598633 0.532552 0.612305 0.548177 0.624023 0.555990 0.625977 0.558594 0.633789 0.557292 0.640625 0.550781 0.645508 0.548177 0.647461 0.544271 0.658203 0.535156 0.670898 0.516927 0.670898 0.507812 0.668945 0.498698 0.663086 0.484375
0 0.761719 0.459635 0.756836 0.463542 0.753906 0.463542 0.746094 0.471354 0.741211 0.486979 0.734375 0.496094 0.735352 0.513021 0.733398 0.516927 0.733398 0.527344 0.742188 0.539062 0.758789 0.552083 0.770508 0.555990 0.780273 0.555990 0.786133 0.552083 0.805664 0.526042 0.811523 0.513021 0.813477 0.502604 0.813477 0.492188 0.800781 0.485677 0.787109 0.471354 0.776367 0.466146 0.771484 0.460938
0 0.883789 0.429688 0.877930 0.428385 0.876953 0.427083 0.872070 0.427083 0.868164 0.429688 0.863281 0.436198 0.859375 0.438802 0.852539 0.440104 0.849609 0.445312 0.846680 0.445312 0.846680 0.453125 0.840820 0.470052 0.840820 0.490885 0.843750 0.496094 0.844727 0.501302 0.856445 0.514323 0.860352 0.514323 0.861328 0.515625 0.874023 0.515625 0.878906 0.513021 0.887695 0.500000 0.889648 0.493490 0.891602 0.490885 0.894531 0.481771 0.896484 0.479167 0.903320 0.460938 0.903320 0.450521 0.901367 0.446615 0.889648 0.433594
0 0.575195 0.605469 0.569336 0.602865 0.560547 0.602865 0.549805 0.611979 0.538086 0.615885 0.536133 0.618490 0.530273 0.621094 0.523438 0.631510 0.525391 0.654948 0.532227 0.670573 0.532227 0.674479 0.536133 0.678385 0.546875 0.679688 0.547852 0.680990 0.560547 0.680990 0.561523 0.679688 0.565430 0.679688 0.568359 0.677083 0.571289 0.677083 0.574219 0.674479 0.576172 0.674479 0.583008 0.669271 0.587891 0.662760 0.589844 0.654948 0.588867 0.632812 0.584961 0.626302 0.582031 0.615885 0.578125 0.611979
0 0.607422 0.548177 0.598633 0.552083 0.594727 0.552083 0.586914 0.555990 0.584961 0.559896 0.580078 0.565104 0.577148 0.575521 0.578125 0.588542 0.579102 0.589844 0.579102 0.593750 0.581055 0.597656 0.582031 0.608073 0.583984 0.615885 0.585938 0.619792 0.586914 0.625000 0.592773 0.631510 0.597656 0.631510 0.598633 0.632812 0.611328 0.632812 0.614258 0.631510 0.616211 0.628906 0.621094 0.627604 0.624023 0.623698 0.626953 0.622396 0.631836 0.615885 0.631836 0.613281 0.634766 0.608073 0.637695 0.596354 0.637695 0.574219 0.634766 0.566406 0.629883 0.562500 0.621094 0.558594 0.615234 0.552083 0.613281 0.552083
0 0.714844 0.550781 0.708008 0.549479 0.705078 0.546875 0.700195 0.546875 0.699219 0.548177 0.671875 0.549479 0.670898 0.550781 0.657227 0.552083 0.655273 0.554688 0.657227 0.558594 0.655273 0.561198 0.650391 0.563802 0.649414 0.572917 0.645508 0.578125 0.647461 0.589844 0.649414 0.592448 0.650391 0.597656 0.654297 0.602865 0.658203 0.605469 0.664062 0.613281 0.669922 0.617188 0.674805 0.625000 0.681641 0.625000 0.684570 0.622396 0.698242 0.621094 0.708984 0.613281 0.710938 0.608073 0.720703 0.595052 0.724609 0.584635 0.722656 0.565104 0.718750 0.555990
0 0.779297 0.572917 0.776367 0.572917 0.770508 0.569010 0.767578 0.565104 0.756836 0.563802 0.755859 0.565104 0.750977 0.565104 0.742188 0.569010 0.734375 0.575521 0.731445 0.580729 0.726562 0.584635 0.723633 0.595052 0.719727 0.601562 0.722656 0.605469 0.722656 0.608073 0.726562 0.615885 0.729492 0.618490 0.737305 0.630208 0.742188 0.645833 0.744141 0.647135 0.762695 0.647135 0.770508 0.640625 0.779297 0.628906 0.780273 0.628906 0.784180 0.622396 0.788086 0.611979 0.790039 0.595052 0.787109 0.587240 0.787109 0.583333
0 0.848633 0.511719 0.846680 0.511719 0.840820 0.506510 0.835938 0.505208 0.830078 0.501302 0.824219 0.503906 0.818359 0.510417 0.814453 0.511719 0.810547 0.518229 0.801758 0.539062 0.797852 0.539062 0.794922 0.544271 0.794922 0.546875 0.790039 0.549479 0.790039 0.552083 0.788086 0.554688 0.790039 0.558594 0.791016 0.574219 0.792969 0.576823 0.792969 0.579427 0.795898 0.585938 0.806641 0.600260 0.822266 0.601562 0.828125 0.593750 0.839844 0.591146 0.851562 0.579427 0.851562 0.575521 0.856445 0.569010 0.856445 0.565104 0.860352 0.553385 0.861328 0.539062 0.860352 0.537760 0.860352 0.532552 0.857422 0.526042
0 0.900391 0.542969 0.893555 0.541667 0.889648 0.544271 0.877930 0.546875 0.874023 0.550781 0.867188 0.553385 0.861328 0.559896 0.861328 0.563802 0.858398 0.570312 0.857422 0.578125 0.852539 0.584635 0.848633 0.585938 0.850586 0.591146 0.849609 0.592448 0.845703 0.589844 0.844727 0.591146 0.847656 0.593750 0.847656 0.596354 0.849609 0.600260 0.854492 0.605469 0.857422 0.606771 0.870117 0.626302 0.879883 0.630208 0.888672 0.630208 0.901367 0.625000 0.915039 0.609375 0.919922 0.597656 0.920898 0.591146 0.923828 0.587240 0.923828 0.579427 0.918945 0.571615 0.916016 0.563802 0.911133 0.554688 0.906250 0.550781
0 0.673828 0.634115 0.667969 0.632812 0.662109 0.626302 0.657227 0.626302 0.656250 0.627604 0.657227 0.630208 0.656250 0.632812 0.628906 0.634115 0.626953 0.631510 0.622070 0.631510 0.605469 0.638021 0.602539 0.641927 0.602539 0.648438 0.606445 0.666667 0.606445 0.673177 0.611328 0.690104 0.615234 0.691406 0.625977 0.701823 0.632812 0.704427 0.638672 0.704427 0.639648 0.705729 0.663086 0.697917 0.668945 0.688802 0.672852 0.675781 0.673828 0.664062 0.677734 0.652344 0.677734 0.640625
0 0.724609 0.621094 0.719727 0.622396 0.718750 0.621094 0.708008 0.618490 0.696289 0.625000 0.685547 0.625000 0.681641 0.627604 0.679688 0.631510 0.680664 0.648438 0.678711 0.654948 0.676758 0.673177 0.680664 0.683594 0.682617 0.694010 0.693359 0.708333 0.700195 0.709635 0.701172 0.710938 0.707031 0.710938 0.708008 0.709635 0.716797 0.708333 0.720703 0.705729 0.725586 0.705729 0.733398 0.700521 0.740234 0.690104 0.741211 0.679688 0.742188 0.678385 0.741211 0.677083 0.741211 0.665365 0.740234 0.664062 0.738281 0.641927 0.735352 0.632812
0 0.797852 0.638021 0.791992 0.634115 0.783203 0.635417 0.775391 0.639323 0.770508 0.644531 0.759766 0.651042 0.748047 0.651042 0.746094 0.652344 0.744141 0.658854 0.743164 0.699219 0.746094 0.704427 0.746094 0.707031 0.750977 0.713542 0.765625 0.720052 0.773438 0.720052 0.774414 0.721354 0.781250 0.720052 0.782227 0.721354 0.792969 0.716146 0.806641 0.704427 0.811523 0.686198 0.810547 0.667969 0.806641 0.654948
0 0.876953 0.641927 0.867188 0.641927 0.866211 0.643229 0.863281 0.643229 0.860352 0.645833 0.855469 0.643229 0.851562 0.643229 0.846680 0.647135 0.844727 0.649740 0.843750 0.653646 0.836914 0.664062 0.836914 0.667969 0.834961 0.670573 0.830078 0.673177 0.829102 0.704427 0.833984 0.709635 0.838867 0.712240 0.841797 0.716146 0.843750 0.716146 0.844727 0.717448 0.859375 0.716146 0.860352 0.714844 0.863281 0.714844 0.867188 0.709635 0.870117 0.708333 0.873047 0.704427 0.880859 0.699219 0.883789 0.695312 0.890625 0.690104 0.894531 0.684896 0.894531 0.675781 0.893555 0.674479 0.892578 0.661458 0.890625 0.657552
0 0.587891 0.671875 0.579102 0.678385 0.570312 0.679688 0.565430 0.683594 0.557617 0.683594 0.556641 0.684896 0.551758 0.683594 0.549805 0.690104 0.549805 0.695312 0.550781 0.696615 0.550781 0.717448 0.551758 0.718750 0.552734 0.730469 0.556641 0.744792 0.567383 0.759115 0.572266 0.763021 0.583008 0.768229 0.584961 0.766927 0.591797 0.766927 0.595703 0.764323 0.600586 0.757812 0.602539 0.751302 0.608398 0.742188 0.618164 0.721354 0.618164 0.709635 0.616211 0.703125 0.607422 0.691406 0.602539 0.690104 0.598633 0.686198 0.589844 0.684896 0.588867 0.679688 0.591797 0.674479
0 0.609375 0.773438 0.605469 0.773438 0.596680 0.768229 0.589844 0.772135 0.577148 0.770833 0.576172 0.774740 0.570312 0.783854 0.571289 0.787760 0.569336 0.790365 0.562500 0.791667 0.561523 0.795573 0.562500 0.803385 0.561523 0.825521 0.559570 0.829427 0.560547 0.837240 0.564453 0.850260 0.574219 0.860677 0.582031 0.861979 0.586914 0.859375 0.598633 0.858073 0.610352 0.851562 0.616211 0.843750 0.619141 0.833333 0.620117 0.822917 0.620117 0.794271 0.618164 0.781250 0.616211 0.790365 0.612305 0.794271 0.606445 0.787760 0.606445 0.785156 0.610352 0.783854 0.610352 0.782552 0.605469 0.785156 0.595703 0.785156 0.592773 0.782552 0.592773 0.779948 0.595703 0.777344 0.604492 0.776042
0 0.659180 0.725260 0.658203 0.726562 0.650391 0.727865 0.643555 0.733073 0.637695 0.742188 0.634766 0.751302 0.626953 0.760417 0.623047 0.760417 0.623047 0.765625 0.625977 0.772135 0.625977 0.776042 0.631836 0.786458 0.633789 0.794271 0.638672 0.800781 0.639648 0.799479 0.642578 0.799479 0.649414 0.804688 0.655273 0.807292 0.665039 0.808594 0.666016 0.807292 0.671875 0.805990 0.673828 0.803385 0.681641 0.800781 0.685547 0.795573 0.685547 0.790365 0.686523 0.789062 0.687500 0.781250 0.686523 0.779948 0.685547 0.760417 0.683594 0.755208 0.683594 0.751302 0.681641 0.746094 0.681641 0.740885 0.678711 0.733073 0.678711 0.730469 0.676758 0.727865 0.672852 0.729167 0.668945 0.725260
0 0.710938 0.809896 0.706055 0.802083 0.701172 0.796875 0.696289 0.795573 0.694336 0.799479 0.692383 0.799479 0.689453 0.795573 0.683594 0.804688 0.674805 0.809896 0.668945 0.809896 0.667969 0.811198 0.649414 0.809896 0.647461 0.811198 0.645508 0.819010 0.648438 0.828125 0.649414 0.851562 0.652344 0.858073 0.653320 0.863281 0.661133 0.867188 0.669922 0.865885 0.673828 0.868490 0.685547 0.869792 0.695312 0.864583 0.703125 0.864583 0.708008 0.861979 0.711914 0.855469 0.715820 0.843750 0.715820 0.828125 0.710938 0.815104
0 0.750977 0.726562 0.749023 0.726562 0.748047 0.725260 0.744141 0.726562 0.739258 0.721354 0.730469 0.721354 0.728516 0.722656 0.724609 0.729167 0.722656 0.730469 0.718750 0.730469 0.716797 0.733073 0.713867 0.734375 0.706055 0.746094 0.704102 0.747396 0.700195 0.747396 0.698242 0.750000 0.695312 0.756510 0.696289 0.763021 0.694336 0.765625 0.694336 0.768229 0.697266 0.777344 0.700195 0.781250 0.702148 0.786458 0.707031 0.792969 0.713867 0.799479 0.725586 0.799479 0.730469 0.795573 0.732422 0.795573 0.736328 0.790365 0.739258 0.789062 0.741211 0.785156 0.750977 0.778646 0.758789 0.769531 0.759766 0.766927 0.759766 0.750000 0.755859 0.743490 0.751953 0.733073
0 0.759766 0.773438 0.736328 0.795573 0.727539 0.800781 0.720703 0.802083 0.717773 0.804688 0.717773 0.809896 0.719727 0.817708 0.719727 0.822917 0.718750 0.824219 0.719727 0.826823 0.719727 0.841146 0.726562 0.851562 0.742188 0.863281 0.746094 0.863281 0.747070 0.864583 0.760742 0.864583 0.765625 0.861979 0.779297 0.845052 0.784180 0.832031 0.784180 0.808594 0.783203 0.807292 0.783203 0.800781 0.782227 0.798177 0.770508 0.781250
0 0.770508 0.722656 0.767578 0.734375 0.763672 0.739583 0.761719 0.744792 0.764648 0.759115 0.772461 0.774740 0.780273 0.785156 0.789062 0.792969 0.794922 0.800781 0.801758 0.804688 0.810547 0.804688 0.827148 0.799479 0.835938 0.790365 0.840820 0.778646 0.842773 0.769531 0.842773 0.763021 0.835938 0.752604 0.833984 0.746094 0.826172 0.733073 0.825195 0.729167 0.812500 0.710938 0.801758 0.712240 0.796875 0.716146 0.794922 0.716146 0.791992 0.720052 0.782227 0.725260
