0 0.200195 0.352865 0.195312 0.348958 0.190430 0.348958 0.189453 0.347656 0.184570 0.347656 0.183594 0.348958 0.175781 0.348958 0.174805 0.350260 0.167969 0.350260 0.166992 0.351562 0.158203 0.351562 0.156250 0.352865 0.155273 0.355469 0.156250 0.358073 0.156250 0.378906 0.157227 0.380208 0.157227 0.384115 0.159180 0.389323 0.163086 0.395833 0.164062 0.401042 0.166016 0.404948 0.167969 0.406250 0.181641 0.404948 0.182617 0.403646 0.185547 0.403646 0.188477 0.401042 0.190430 0.401042 0.196289 0.397135 0.198242 0.397135 0.199219 0.398438 0.205078 0.398438 0.208984 0.394531 0.208008 0.389323 0.206055 0.388021 0.207031 0.382812 0.208984 0.378906 0.208984 0.375000 0.207031 0.371094 0.207031 0.361979
0 0.188477 0.281250 0.183594 0.289062 0.183594 0.291667 0.182617 0.292969 0.182617 0.299479 0.184570 0.303385 0.185547 0.303385 0.188477 0.307292 0.188477 0.309896 0.192383 0.315104 0.196289 0.325521 0.197266 0.325521 0.200195 0.329427 0.204102 0.338542 0.207031 0.341146 0.218750 0.341146 0.219727 0.339844 0.224609 0.339844 0.228516 0.334635 0.230469 0.334635 0.232422 0.332031 0.234375 0.326823 0.239258 0.320312 0.242188 0.313802 0.242188 0.290365 0.241211 0.287760 0.237305 0.282552 0.233398 0.281250 0.224609 0.273438 0.214844 0.272135 0.213867 0.270833 0.204102 0.270833 0.199219 0.276042 0.194336 0.277344
0 0.265625 0.347656 0.262695 0.350260 0.261719 0.354167 0.254883 0.364583 0.254883 0.365885 0.250977 0.372396 0.250000 0.377604 0.246094 0.386719 0.246094 0.389323 0.247070 0.390625 0.247070 0.394531 0.248047 0.395833 0.249023 0.401042 0.254883 0.410156 0.256836 0.411458 0.262695 0.411458 0.263672 0.412760 0.265625 0.412760 0.266602 0.414062 0.269531 0.414062 0.270508 0.415365 0.274414 0.412760 0.281250 0.403646 0.281250 0.402344 0.287109 0.394531 0.287109 0.393229 0.290039 0.389323 0.290039 0.388021 0.293945 0.382812 0.293945 0.378906 0.294922 0.377604 0.294922 0.369792 0.287109 0.359375 0.279297 0.356771 0.275391 0.351562 0.273438 0.351562 0.268555 0.347656
0 0.331055 0.365885 0.328125 0.365885 0.327148 0.364583 0.318359 0.364583 0.317383 0.365885 0.313477 0.365885 0.312500 0.367188 0.310547 0.367188 0.306641 0.371094 0.304688 0.371094 0.303711 0.369792 0.298828 0.369792 0.296875 0.372396 0.295898 0.375000 0.295898 0.382812 0.293945 0.388021 0.290039 0.393229 0.290039 0.402344 0.291016 0.403646 0.291016 0.406250 0.291992 0.407552 0.291992 0.410156 0.293945 0.415365 0.295898 0.417969 0.295898 0.419271 0.296875 0.419271 0.301758 0.425781 0.310547 0.425781 0.311523 0.424479 0.313477 0.424479 0.314453 0.423177 0.316406 0.423177 0.317383 0.421875 0.321289 0.420573 0.323242 0.416667 0.323242 0.412760 0.324219 0.410156 0.329102 0.403646 0.330078 0.401042 0.332031 0.399740 0.334961 0.399740 0.335938 0.398438 0.341797 0.398438 0.342773 0.397135 0.341797 0.395833 0.341797 0.393229 0.339844 0.390625 0.335938 0.381510 0.333008 0.377604 0.333984 0.375000 0.333984 0.369792
0 0.337891 0.399740 0.336914 0.401042 0.333008 0.401042 0.331055 0.402344 0.325195 0.410156 0.325195 0.412760 0.324219 0.414062 0.324219 0.451823 0.325195 0.453125 0.325195 0.457031 0.327148 0.459635 0.327148 0.460938 0.330078 0.462240 0.332031 0.464844 0.337891 0.468750 0.339844 0.468750 0.340820 0.470052 0.344727 0.470052 0.345703 0.468750 0.347656 0.468750 0.354492 0.464844 0.356445 0.459635 0.361328 0.457031 0.369141 0.447917 0.369141 0.442708 0.370117 0.441406 0.369141 0.438802 0.369141 0.419271 0.370117 0.417969 0.370117 0.412760 0.368164 0.412760 0.362305 0.408854 0.359375 0.408854 0.349609 0.402344 0.346680 0.402344 0.345703 0.401042 0.342773 0.401042 0.341797 0.399740
0 0.305664 0.428385 0.296875 0.428385 0.295898 0.429688 0.292969 0.429688 0.287109 0.433594 0.277344 0.445312 0.275391 0.450521 0.275391 0.453125 0.274414 0.454427 0.274414 0.459635 0.275391 0.460938 0.275391 0.483073 0.276367 0.485677 0.280273 0.489583 0.283203 0.490885 0.291016 0.498698 0.292969 0.498698 0.293945 0.500000 0.295898 0.500000 0.299805 0.497396 0.299805 0.496094 0.302734 0.492188 0.303711 0.492188 0.310547 0.484375 0.313477 0.483073 0.322266 0.471354 0.323242 0.468750 0.323242 0.450521 0.320312 0.442708 0.320312 0.440104
0 0.276367 0.429688 0.274414 0.428385 0.268555 0.428385 0.265625 0.425781 0.263672 0.425781 0.259766 0.423177 0.254883 0.417969 0.252930 0.420573 0.251953 0.420573 0.239258 0.438802 0.239258 0.440104 0.227539 0.455729 0.228516 0.457031 0.229492 0.463542 0.231445 0.467448 0.231445 0.470052 0.239258 0.480469 0.239258 0.481771 0.243164 0.485677 0.248047 0.485677 0.255859 0.480469 0.262695 0.479167 0.266602 0.476562 0.266602 0.475260 0.273438 0.466146 0.273438 0.454427 0.274414 0.453125 0.274414 0.449219 0.275391 0.447917 0.275391 0.442708 0.279297 0.438802 0.279297 0.434896 0.276367 0.430990
0 0.177734 0.434896 0.166016 0.434896 0.165039 0.436198 0.158203 0.437500 0.151367 0.442708 0.144531 0.451823 0.144531 0.453125 0.142578 0.454427 0.136719 0.467448 0.136719 0.479167 0.135742 0.480469 0.136719 0.481771 0.136719 0.490885 0.138672 0.497396 0.145508 0.501302 0.147461 0.501302 0.148438 0.500000 0.154297 0.500000 0.158203 0.502604 0.166016 0.503906 0.166992 0.505208 0.173828 0.503906 0.179688 0.500000 0.181641 0.497396 0.182617 0.493490 0.187500 0.485677 0.187500 0.475260 0.192383 0.464844 0.191406 0.464844 0.188477 0.460938 0.186523 0.453125 0.184570 0.450521 0.181641 0.450521 0.179688 0.447917 0.177734 0.441406
0 0.146484 0.518229 0.142578 0.518229 0.141602 0.516927 0.129883 0.518229 0.128906 0.519531 0.124023 0.520833 0.122070 0.523438 0.121094 0.523438 0.120117 0.526042 0.120117 0.528646 0.118164 0.533854 0.118164 0.542969 0.117188 0.544271 0.117188 0.548177 0.116211 0.549479 0.116211 0.557292 0.115234 0.558594 0.115234 0.569010 0.120117 0.576823 0.121094 0.576823 0.125977 0.582031 0.130859 0.582031 0.131836 0.583333 0.139648 0.583333 0.145508 0.579427 0.149414 0.579427 0.153320 0.576823 0.155273 0.574219 0.156250 0.570312 0.160156 0.565104 0.163086 0.557292 0.163086 0.554688 0.164062 0.553385 0.164062 0.542969 0.163086 0.541667 0.163086 0.537760 0.159180 0.531250 0.158203 0.531250 0.154297 0.526042 0.149414 0.523438
0 0.225586 0.503906 0.223633 0.503906 0.222656 0.502604 0.207031 0.502604 0.193359 0.511719 0.189453 0.518229 0.189453 0.524740 0.191406 0.531250 0.191406 0.533854 0.190430 0.535156 0.191406 0.559896 0.192383 0.559896 0.194336 0.563802 0.197266 0.565104 0.202148 0.570312 0.204102 0.570312 0.205078 0.571615 0.213867 0.570312 0.219727 0.566406 0.222656 0.562500 0.222656 0.561198 0.228516 0.554688 0.232422 0.557292 0.235352 0.553385 0.234375 0.552083 0.234375 0.544271 0.236328 0.540365 0.236328 0.537760 0.235352 0.536458 0.235352 0.532552 0.232422 0.526042 0.232422 0.523438 0.231445 0.522135 0.228516 0.522135 0.227539 0.520833 0.227539 0.518229 0.223633 0.514323 0.222656 0.515625 0.220703 0.515625 0.218750 0.513021 0.220703 0.510417 0.222656 0.510417 0.223633 0.511719 0.226562 0.507812
0 0.264648 0.483073 0.262695 0.485677 0.262695 0.486979 0.256836 0.493490 0.256836 0.494792 0.254883 0.497396 0.250977 0.506510 0.250977 0.526042 0.250000 0.527344 0.250977 0.528646 0.250977 0.531250 0.258789 0.540365 0.261719 0.541667 0.267578 0.548177 0.272461 0.549479 0.273438 0.548177 0.281250 0.546875 0.295898 0.536458 0.296875 0.533854 0.296875 0.529948 0.297852 0.528646 0.297852 0.522135 0.298828 0.520833 0.298828 0.509115 0.297852 0.506510 0.296875 0.506510 0.289062 0.498698 0.284180 0.496094 0.281250 0.492188 0.278320 0.490885 0.275391 0.486979 0.271484 0.484375 0.269531 0.484375 0.267578 0.481771
0 0.254883 0.544271 0.252930 0.546875 0.249023 0.549479 0.246094 0.553385 0.246094 0.554688 0.242188 0.558594 0.242188 0.559896 0.237305 0.566406 0.236328 0.571615 0.237305 0.572917 0.237305 0.576823 0.238281 0.578125 0.238281 0.583333 0.239258 0.584635 0.239258 0.588542 0.240234 0.589844 0.241211 0.596354 0.244141 0.604167 0.249023 0.610677 0.249023 0.611979 0.252930 0.614583 0.265625 0.614583 0.266602 0.613281 0.270508 0.611979 0.272461 0.609375 0.275391 0.601562 0.275391 0.596354 0.277344 0.591146 0.279297 0.588542 0.282227 0.579427 0.280273 0.576823 0.280273 0.575521 0.278320 0.574219 0.273438 0.567708 0.271484 0.562500 0.265625 0.554688 0.262695 0.553385 0.258789 0.548177 0.258789 0.545573 0.257812 0.544271
0 0.310547 0.578125 0.292969 0.578125 0.291992 0.579427 0.286133 0.580729 0.281250 0.585938 0.277344 0.595052 0.276367 0.602865 0.273438 0.610677 0.273438 0.617188 0.274414 0.618490 0.274414 0.621094 0.278320 0.626302 0.278320 0.627604 0.283203 0.635417 0.287109 0.645833 0.294922 0.647135 0.295898 0.645833 0.302734 0.645833 0.303711 0.644531 0.305664 0.644531 0.307617 0.641927 0.311523 0.640625 0.313477 0.638021 0.317383 0.635417 0.320312 0.631510 0.322266 0.626302 0.322266 0.622396 0.323242 0.621094 0.324219 0.611979 0.319336 0.608073 0.318359 0.605469 0.312500 0.597656 0.311523 0.595052 0.311523 0.591146 0.310547 0.589844 0.312500 0.584635 0.312500 0.580729
0 0.105469 0.595052 0.103516 0.598958 0.103516 0.606771 0.104492 0.608073 0.104492 0.613281 0.105469 0.614583 0.105469 0.630208 0.106445 0.631510 0.106445 0.636719 0.108398 0.641927 0.108398 0.647135 0.110352 0.649740 0.115234 0.649740 0.118164 0.645833 0.129883 0.645833 0.130859 0.647135 0.133789 0.647135 0.134766 0.648438 0.142578 0.649740 0.148438 0.643229 0.149414 0.639323 0.155273 0.630208 0.156250 0.627604 0.156250 0.625000 0.155273 0.623698 0.155273 0.618490 0.156250 0.617188 0.155273 0.614583 0.155273 0.608073 0.152344 0.604167 0.151367 0.600260 0.145508 0.593750 0.142578 0.593750 0.139648 0.596354 0.137695 0.596354 0.127930 0.587240 0.118164 0.587240 0.117188 0.588542 0.115234 0.588542 0.111328 0.593750
0 0.210938 0.585938 0.205078 0.585938 0.199219 0.589844 0.197266 0.589844 0.190430 0.595052 0.185547 0.601562 0.182617 0.610677 0.180664 0.613281 0.180664 0.614583 0.176758 0.618490 0.175781 0.621094 0.175781 0.626302 0.176758 0.627604 0.177734 0.632812 0.180664 0.636719 0.188477 0.643229 0.194336 0.651042 0.195312 0.651042 0.200195 0.656250 0.204102 0.656250 0.206055 0.653646 0.207031 0.651042 0.207031 0.647135 0.208008 0.645833 0.208008 0.641927 0.210938 0.635417 0.223633 0.625000 0.223633 0.618490 0.222656 0.615885 0.215820 0.610677 0.214844 0.606771 0.212891 0.604167 0.212891 0.601562 0.208984 0.596354 0.208984 0.595052 0.211914 0.591146 0.213867 0.591146 0.214844 0.592448 0.216797 0.592448 0.217773 0.591146 0.216797 0.589844 0.213867 0.589844
0 0.249023 0.622396 0.239258 0.622396 0.238281 0.623698 0.235352 0.623698 0.228516 0.628906 0.224609 0.628906 0.221680 0.631510 0.217773 0.631510 0.216797 0.632812 0.214844 0.632812 0.210938 0.638021 0.208008 0.647135 0.208008 0.652344 0.207031 0.653646 0.207031 0.664062 0.208008 0.665365 0.208008 0.667969 0.210938 0.671875 0.211914 0.677083 0.213867 0.680990 0.214844 0.680990 0.216797 0.683594 0.217773 0.682292 0.220703 0.682292 0.226562 0.686198 0.239258 0.686198 0.240234 0.684896 0.244141 0.684896 0.246094 0.683594 0.250000 0.678385 0.250977 0.674479 0.260742 0.658854 0.260742 0.656250 0.258789 0.653646 0.253906 0.640625 0.253906 0.638021 0.252930 0.636719 0.251953 0.631510 0.249023 0.627604
0 0.312500 0.662760 0.307617 0.662760 0.302734 0.660156 0.294922 0.658854 0.287109 0.653646 0.283203 0.653646 0.282227 0.654948 0.280273 0.654948 0.270508 0.662760 0.264648 0.670573 0.260742 0.678385 0.260742 0.687500 0.262695 0.694010 0.262695 0.701823 0.266602 0.714844 0.270508 0.718750 0.274414 0.718750 0.279297 0.721354 0.291992 0.720052 0.301758 0.714844 0.304688 0.710938 0.306641 0.703125 0.311523 0.695312 0.313477 0.686198 0.314453 0.684896 0.313477 0.679688 0.309570 0.673177 0.312500 0.669271 0.314453 0.669271
0 0.348633 0.704427 0.345703 0.707031 0.341797 0.705729 0.340820 0.704427 0.343750 0.703125 0.344727 0.700521 0.340820 0.699219 0.336914 0.703125 0.327148 0.709635 0.323242 0.710938 0.313477 0.720052 0.305664 0.725260 0.298828 0.727865 0.295898 0.730469 0.290039 0.742188 0.290039 0.750000 0.288086 0.757812 0.301758 0.770833 0.304688 0.772135 0.308594 0.777344 0.326172 0.776042 0.333984 0.772135 0.338867 0.766927 0.337891 0.748698 0.344727 0.721354 0.345703 0.707031 0.348633 0.705729
0 0.376953 0.699219 0.366211 0.699219 0.365234 0.700521 0.361328 0.700521 0.352539 0.705729 0.347656 0.712240 0.347656 0.714844 0.344727 0.723958 0.344727 0.727865 0.341797 0.735677 0.339844 0.748698 0.338867 0.750000 0.338867 0.756510 0.341797 0.766927 0.356445 0.776042 0.359375 0.776042 0.372070 0.768229 0.376953 0.766927 0.379883 0.763021 0.383789 0.761719 0.387695 0.756510 0.387695 0.752604 0.384766 0.753906 0.382812 0.751302 0.382812 0.748698 0.383789 0.747396 0.383789 0.739583 0.384766 0.738281 0.384766 0.729167 0.383789 0.727865 0.383789 0.725260 0.379883 0.718750 0.377930 0.718750 0.375000 0.714844 0.371094 0.713542 0.368164 0.709635 0.368164 0.705729 0.371094 0.701823 0.375000 0.701823 0.375977 0.704427 0.376953 0.704427
0 0.379883 0.631510 0.377930 0.635417 0.375977 0.635417 0.373047 0.632812 0.372070 0.635417 0.369141 0.638021 0.364258 0.632812 0.366211 0.627604 0.362305 0.627604 0.359375 0.630208 0.345703 0.631510 0.341797 0.635417 0.340820 0.643229 0.339844 0.644531 0.339844 0.651042 0.337891 0.657552 0.336914 0.671875 0.335938 0.673177 0.335938 0.686198 0.342773 0.695312 0.344727 0.696615 0.348633 0.696615 0.349609 0.697917 0.359375 0.697917 0.365234 0.694010 0.372070 0.691406 0.375977 0.684896 0.379883 0.684896 0.381836 0.680990 0.381836 0.675781 0.380859 0.673177 0.378906 0.673177 0.376953 0.669271 0.376953 0.661458 0.375977 0.660156 0.375977 0.649740 0.377930 0.644531
0 0.384766 0.555990 0.380859 0.558594 0.357422 0.558594 0.348633 0.569010 0.344727 0.579427 0.344727 0.583333 0.345703 0.584635 0.345703 0.588542 0.346680 0.589844 0.346680 0.605469 0.349609 0.613281 0.353516 0.618490 0.363281 0.617188 0.364258 0.615885 0.368164 0.615885 0.369141 0.614583 0.382812 0.613281 0.383789 0.611979 0.385742 0.611979 0.389648 0.609375 0.392578 0.605469 0.392578 0.597656 0.390625 0.593750 0.390625 0.589844 0.388672 0.584635 0.388672 0.578125 0.387695 0.576823 0.387695 0.572917 0.386719 0.571615 0.386719 0.559896
0 0.397461 0.605469 0.388672 0.611979 0.386719 0.615885 0.386719 0.618490 0.384766 0.621094 0.383789 0.628906 0.382812 0.630208 0.382812 0.632812 0.380859 0.636719 0.380859 0.640625 0.379883 0.641927 0.379883 0.649740 0.377930 0.654948 0.377930 0.662760 0.378906 0.664062 0.378906 0.666667 0.381836 0.670573 0.385742 0.673177 0.393555 0.673177 0.401367 0.678385 0.406250 0.678385 0.410156 0.674479 0.413086 0.673177 0.414062 0.670573 0.416992 0.666667 0.417969 0.666667 0.417969 0.665365 0.422852 0.658854 0.423828 0.656250 0.423828 0.649740 0.424805 0.648438 0.424805 0.638021 0.423828 0.636719 0.423828 0.631510 0.421875 0.628906 0.420898 0.623698 0.418945 0.622396 0.418945 0.617188 0.412109 0.606771 0.403320 0.606771 0.402344 0.605469
0 0.418945 0.529948 0.403320 0.528646 0.401367 0.531250 0.391602 0.539062 0.388672 0.542969 0.387695 0.542969 0.387695 0.546875 0.386719 0.548177 0.386719 0.555990 0.387695 0.557292 0.387695 0.567708 0.388672 0.569010 0.389648 0.584635 0.390625 0.585938 0.391602 0.592448 0.395508 0.597656 0.398438 0.598958 0.402344 0.602865 0.408203 0.601562 0.409180 0.598958 0.414062 0.593750 0.416992 0.592448 0.419922 0.588542 0.424805 0.585938 0.430664 0.578125 0.431641 0.575521 0.431641 0.571615 0.430664 0.570312 0.430664 0.562500 0.429688 0.561198 0.429688 0.555990 0.428711 0.554688 0.428711 0.552083 0.429688 0.550781 0.429688 0.542969 0.427734 0.541667 0.422852 0.535156 0.422852 0.533854
0 0.373047 0.468750 0.363281 0.468750 0.362305 0.470052 0.357422 0.470052 0.355469 0.471354 0.349609 0.480469 0.349609 0.481771 0.346680 0.486979 0.346680 0.492188 0.347656 0.493490 0.348633 0.503906 0.349609 0.505208 0.349609 0.509115 0.350586 0.510417 0.350586 0.515625 0.351562 0.516927 0.351562 0.522135 0.352539 0.523438 0.353516 0.535156 0.356445 0.540365 0.360352 0.540365 0.361328 0.539062 0.368164 0.539062 0.371094 0.536458 0.373047 0.536458 0.379883 0.529948 0.382812 0.528646 0.386719 0.523438 0.387695 0.523438 0.389648 0.518229 0.389648 0.515625 0.388672 0.514323 0.388672 0.507812 0.391602 0.502604 0.391602 0.498698 0.379883 0.481771 0.375977 0.471354
0 0.435547 0.470052 0.433594 0.470052 0.432617 0.471354 0.429688 0.471354 0.425781 0.473958 0.422852 0.473958 0.418945 0.476562 0.416016 0.480469 0.415039 0.480469 0.415039 0.481771 0.412109 0.485677 0.412109 0.486979 0.407227 0.493490 0.404297 0.501302 0.405273 0.502604 0.405273 0.509115 0.408203 0.516927 0.416992 0.523438 0.418945 0.523438 0.426758 0.528646 0.430664 0.528646 0.431641 0.529948 0.435547 0.529948 0.437500 0.528646 0.441406 0.523438 0.445312 0.520833 0.447266 0.520833 0.450195 0.518229 0.452148 0.518229 0.453125 0.513021 0.454102 0.511719 0.453125 0.494792 0.452148 0.493490 0.452148 0.490885 0.449219 0.483073 0.449219 0.476562 0.443359 0.472656 0.441406 0.472656 0.440430 0.471354 0.436523 0.471354
0 0.376953 0.403646 0.374023 0.407552 0.372070 0.412760 0.370117 0.429688 0.371094 0.430990 0.371094 0.444010 0.372070 0.445312 0.372070 0.449219 0.374023 0.454427 0.378906 0.459635 0.381836 0.459635 0.382812 0.460938 0.386719 0.460938 0.387695 0.459635 0.398438 0.459635 0.399414 0.460938 0.405273 0.460938 0.408203 0.457031 0.408203 0.454427 0.410156 0.451823 0.410156 0.450521 0.416016 0.442708 0.419922 0.441406 0.424805 0.433594 0.424805 0.416667 0.422852 0.411458 0.419922 0.407552 0.417969 0.407552 0.411133 0.403646 0.406250 0.403646 0.405273 0.402344 0.379883 0.402344 0.378906 0.403646
0 0.380859 0.343750 0.378906 0.346354 0.378906 0.350260 0.375977 0.358073 0.375000 0.367188 0.374023 0.368490 0.374023 0.371094 0.373047 0.372396 0.373047 0.375000 0.371094 0.380208 0.371094 0.384115 0.370117 0.385417 0.371094 0.393229 0.378906 0.401042 0.394531 0.401042 0.395508 0.399740 0.404297 0.399740 0.405273 0.398438 0.407227 0.398438 0.413086 0.394531 0.414062 0.389323 0.419922 0.378906 0.420898 0.365885 0.419922 0.363281 0.415039 0.356771 0.412109 0.348958 0.408203 0.345052 0.404297 0.345052 0.403320 0.343750 0.397461 0.343750 0.393555 0.341146 0.386719 0.341146 0.385742 0.342448 0.382812 0.342448
0 0.375000 0.309896 0.371094 0.305990 0.369141 0.305990 0.365234 0.303385 0.359375 0.303385 0.358398 0.302083 0.348633 0.302083 0.347656 0.303385 0.340820 0.303385 0.339844 0.304688 0.337891 0.304688 0.333984 0.309896 0.332031 0.315104 0.332031 0.317708 0.328125 0.328125 0.328125 0.343750 0.327148 0.345052 0.327148 0.355469 0.331055 0.360677 0.339844 0.360677 0.340820 0.359375 0.344727 0.359375 0.345703 0.358073 0.355469 0.358073 0.356445 0.356771 0.361328 0.356771 0.362305 0.355469 0.366211 0.355469 0.367188 0.354167 0.371094 0.352865 0.375000 0.346354 0.375000 0.343750 0.376953 0.338542 0.376953 0.334635 0.379883 0.328125 0.379883 0.325521 0.378906 0.324219 0.376953 0.313802 0.375000 0.311198
0 0.279297 0.256510 0.278320 0.257812 0.276367 0.257812 0.272461 0.260417 0.270508 0.263021 0.270508 0.264323 0.262695 0.273438 0.257812 0.286458 0.257812 0.292969 0.260742 0.300781 0.268555 0.311198 0.268555 0.312500 0.273438 0.317708 0.278320 0.319010 0.281250 0.321615 0.293945 0.321615 0.297852 0.319010 0.297852 0.315104 0.299805 0.312500 0.300781 0.312500 0.307617 0.302083 0.308594 0.296875 0.311523 0.291667 0.312500 0.287760 0.309570 0.282552 0.305664 0.279948 0.301758 0.274740 0.298828 0.273438 0.296875 0.270833 0.292969 0.268229 0.285156 0.259115
0 0.274414 0.200521 0.262695 0.200521 0.255859 0.207031 0.250000 0.209635 0.243164 0.218750 0.242188 0.222656 0.240234 0.225260 0.239258 0.225260 0.239258 0.231771 0.248047 0.244792 0.248047 0.246094 0.253906 0.255208 0.254883 0.259115 0.262695 0.269531 0.266602 0.266927 0.266602 0.265625 0.272461 0.259115 0.281250 0.253906 0.288086 0.244792 0.289062 0.242188 0.289062 0.235677 0.287109 0.231771 0.287109 0.229167 0.280273 0.216146 0.280273 0.214844 0.282227 0.213542 0.284180 0.210938 0.284180 0.209635 0.279297 0.203125 0.277344 0.203125
0 0.341797 0.194010 0.339844 0.195312 0.333984 0.195312 0.328125 0.203125 0.323242 0.205729 0.319336 0.210938 0.319336 0.216146 0.318359 0.218750 0.315430 0.222656 0.314453 0.222656 0.312500 0.227865 0.312500 0.235677 0.313477 0.236979 0.313477 0.244792 0.314453 0.246094 0.314453 0.248698 0.326172 0.264323 0.328125 0.264323 0.329102 0.265625 0.347656 0.265625 0.349609 0.264323 0.353516 0.259115 0.354492 0.259115 0.356445 0.251302 0.360352 0.246094 0.361328 0.246094 0.363281 0.240885 0.363281 0.233073 0.362305 0.231771 0.362305 0.225260 0.361328 0.223958 0.361328 0.220052 0.359375 0.217448 0.357422 0.212240 0.344727 0.195312 0.342773 0.195312
0 0.389648 0.243490 0.385742 0.243490 0.384766 0.244792 0.382812 0.244792 0.378906 0.247396 0.374023 0.253906 0.368164 0.268229 0.368164 0.270833 0.366211 0.276042 0.366211 0.278646 0.367188 0.281250 0.372070 0.287760 0.372070 0.289062 0.374023 0.291667 0.375977 0.296875 0.380859 0.303385 0.382812 0.303385 0.384766 0.305990 0.385742 0.305990 0.387695 0.303385 0.397461 0.303385 0.398438 0.302083 0.401367 0.302083 0.402344 0.300781 0.404297 0.300781 0.412109 0.290365 0.414062 0.289062 0.414062 0.287760 0.416992 0.282552 0.416992 0.276042 0.417969 0.274740 0.417969 0.268229 0.416992 0.266927 0.411133 0.263021 0.409180 0.260417 0.406250 0.259115 0.404297 0.256510 0.401367 0.255208 0.397461 0.250000 0.394531 0.248698
0 0.432617 0.187500 0.428711 0.184896 0.422852 0.183594 0.421875 0.182292 0.412109 0.182292 0.408203 0.184896 0.405273 0.188802 0.402344 0.190104 0.396484 0.197917 0.391602 0.200521 0.391602 0.205729 0.393555 0.208333 0.393555 0.210938 0.395508 0.216146 0.395508 0.223958 0.396484 0.225260 0.396484 0.231771 0.394531 0.235677 0.396484 0.236979 0.402344 0.246094 0.415039 0.246094 0.416016 0.244792 0.419922 0.243490 0.422852 0.239583 0.425781 0.239583 0.430664 0.233073 0.431641 0.229167 0.434570 0.225260 0.434570 0.223958 0.441406 0.214844 0.441406 0.203125 0.440430 0.201823 0.440430 0.199219 0.439453 0.196615
0 0.458984 0.217448 0.456055 0.217448 0.455078 0.216146 0.453125 0.216146 0.452148 0.217448 0.449219 0.217448 0.448242 0.216146 0.446289 0.216146 0.445312 0.217448 0.442383 0.217448 0.440430 0.218750 0.435547 0.225260 0.435547 0.226562 0.432617 0.230469 0.429688 0.238281 0.427734 0.240885 0.423828 0.252604 0.421875 0.255208 0.419922 0.260417 0.419922 0.265625 0.422852 0.270833 0.424805 0.272135 0.428711 0.272135 0.434570 0.276042 0.436523 0.276042 0.437500 0.277344 0.440430 0.277344 0.441406 0.278646 0.444336 0.278646 0.445312 0.277344 0.451172 0.277344 0.452148 0.276042 0.455078 0.276042 0.457031 0.273438 0.458008 0.273438 0.467773 0.261719 0.467773 0.259115 0.468750 0.257812 0.468750 0.247396 0.467773 0.246094 0.467773 0.240885 0.466797 0.239583 0.466797 0.235677 0.462891 0.229167
0 0.517578 0.190104 0.513672 0.190104 0.509766 0.194010 0.504883 0.194010 0.503906 0.195312 0.500000 0.195312 0.499023 0.196615 0.497070 0.196615 0.495117 0.199219 0.494141 0.199219 0.485352 0.212240 0.485352 0.214844 0.483398 0.220052 0.483398 0.226562 0.484375 0.227865 0.484375 0.234375 0.483398 0.236979 0.484375 0.239583 0.487305 0.243490 0.488281 0.243490 0.493164 0.250000 0.494141 0.252604 0.495117 0.252604 0.500000 0.257812 0.505859 0.257812 0.507812 0.255208 0.512695 0.252604 0.514648 0.250000 0.534180 0.236979 0.539062 0.231771 0.539062 0.225260 0.533203 0.209635 0.530273 0.205729 0.530273 0.204427 0.529297 0.204427 0.525391 0.199219 0.524414 0.199219 0.522461 0.196615 0.522461 0.195312
0 0.551758 0.227865 0.549805 0.229167 0.547852 0.233073 0.533203 0.251302 0.532227 0.251302 0.531250 0.255208 0.529297 0.257812 0.529297 0.261719 0.528320 0.263021 0.528320 0.278646 0.529297 0.279948 0.529297 0.287760 0.529297 0.282552 0.530273 0.281250 0.533203 0.281250 0.537109 0.287760 0.540039 0.290365 0.541992 0.290365 0.543945 0.292969 0.545898 0.292969 0.552734 0.296875 0.559570 0.296875 0.561523 0.295573 0.578125 0.273438 0.578125 0.272135 0.583008 0.266927 0.584961 0.263021 0.583984 0.247396 0.583008 0.246094 0.583008 0.243490 0.576172 0.235677 0.570312 0.235677 0.568359 0.233073 0.565430 0.233073 0.564453 0.231771 0.559570 0.230469 0.556641 0.227865
0 0.474609 0.257812 0.472656 0.259115 0.470703 0.264323 0.470703 0.268229 0.469727 0.269531 0.469727 0.274740 0.468750 0.276042 0.468750 0.281250 0.467773 0.282552 0.466797 0.292969 0.465820 0.294271 0.465820 0.300781 0.464844 0.302083 0.464844 0.311198 0.465820 0.313802 0.470703 0.320312 0.474609 0.322917 0.482422 0.322917 0.484375 0.325521 0.488281 0.325521 0.489258 0.324219 0.491211 0.324219 0.500977 0.309896 0.503906 0.308594 0.511719 0.300781 0.512695 0.283854 0.505859 0.274740 0.497070 0.269531 0.490234 0.260417 0.488281 0.260417 0.487305 0.259115 0.476562 0.259115
0 0.519531 0.304688 0.515625 0.304688 0.514648 0.305990 0.512695 0.305990 0.510742 0.308594 0.506836 0.308594 0.505859 0.309896 0.501953 0.311198 0.498047 0.315104 0.495117 0.322917 0.495117 0.329427 0.494141 0.330729 0.494141 0.341146 0.493164 0.342448 0.493164 0.363281 0.495117 0.365885 0.497070 0.371094 0.502930 0.376302 0.512695 0.376302 0.513672 0.375000 0.521484 0.375000 0.522461 0.373698 0.526367 0.373698 0.528320 0.372396 0.532227 0.367188 0.535156 0.359375 0.535156 0.332031 0.534180 0.330729 0.534180 0.325521 0.533203 0.324219 0.533203 0.321615 0.532227 0.319010 0.523438 0.307292
0 0.444336 0.298177 0.442383 0.296875 0.439453 0.296875 0.438477 0.295573 0.436523 0.295573 0.432617 0.292969 0.427734 0.292969 0.426758 0.291667 0.425781 0.292969 0.421875 0.292969 0.419922 0.295573 0.419922 0.298177 0.417969 0.303385 0.415039 0.307292 0.415039 0.308594 0.411133 0.315104 0.406250 0.328125 0.406250 0.335938 0.407227 0.337240 0.407227 0.339844 0.408203 0.342448 0.416016 0.351562 0.417969 0.351562 0.418945 0.352865 0.427734 0.352865 0.428711 0.351562 0.430664 0.351562 0.433594 0.348958 0.435547 0.348958 0.437500 0.347656 0.440430 0.339844 0.440430 0.337240 0.442383 0.333333 0.443359 0.333333 0.448242 0.328125 0.450195 0.328125 0.451172 0.326823 0.455078 0.326823 0.456055 0.325521 0.456055 0.320312 0.450195 0.312500 0.450195 0.311198 0.447266 0.305990 0.447266 0.303385 0.446289 0.300781
0 0.444336 0.333333 0.442383 0.335938 0.441406 0.342448 0.439453 0.346354 0.439453 0.368490 0.442383 0.375000 0.442383 0.377604 0.447266 0.384115 0.448242 0.384115 0.450195 0.381510 0.456055 0.382812 0.457031 0.384115 0.467773 0.384115 0.468750 0.385417 0.476562 0.385417 0.478516 0.384115 0.487305 0.367188 0.488281 0.359375 0.489258 0.358073 0.489258 0.350260 0.488281 0.348958 0.488281 0.343750 0.484375 0.334635 0.477539 0.328125 0.476562 0.329427 0.459961 0.329427 0.458984 0.328125 0.457031 0.329427 0.449219 0.329427 0.447266 0.332031
0 0.480469 0.391927 0.474609 0.395833 0.469727 0.403646 0.466797 0.411458 0.461914 0.419271 0.461914 0.427083 0.464844 0.432292 0.464844 0.442708 0.465820 0.444010 0.465820 0.447917 0.468750 0.451823 0.484375 0.462240 0.493164 0.462240 0.496094 0.459635 0.497070 0.455729 0.500977 0.449219 0.505859 0.436198 0.509766 0.429688 0.511719 0.424479 0.511719 0.416667 0.512695 0.414062 0.511719 0.412760 0.509766 0.402344 0.506836 0.395833 0.504883 0.394531 0.501953 0.397135 0.498047 0.397135 0.489258 0.391927
0 0.548828 0.386719 0.543945 0.386719 0.542969 0.385417 0.538086 0.385417 0.537109 0.384115 0.535156 0.384115 0.534180 0.385417 0.528320 0.385417 0.527344 0.386719 0.524414 0.386719 0.521484 0.391927 0.520508 0.397135 0.519531 0.398438 0.519531 0.401042 0.513672 0.416667 0.513672 0.420573 0.512695 0.421875 0.512695 0.429688 0.516602 0.434896 0.516602 0.436198 0.523438 0.444010 0.525391 0.445312 0.528320 0.445312 0.529297 0.446615 0.537109 0.446615 0.538086 0.445312 0.546875 0.444010 0.553711 0.438802 0.559570 0.429688 0.561523 0.424479 0.561523 0.417969 0.564453 0.412760 0.564453 0.408854 0.563477 0.406250 0.555664 0.397135 0.554688 0.393229 0.550781 0.388021
0 0.606445 0.408854 0.603516 0.406250 0.597656 0.404948 0.596680 0.403646 0.589844 0.403646 0.588867 0.404948 0.585938 0.404948 0.582031 0.407552 0.579102 0.407552 0.578125 0.408854 0.572266 0.410156 0.568359 0.415365 0.566406 0.421875 0.562500 0.427083 0.561523 0.432292 0.559570 0.436198 0.559570 0.449219 0.561523 0.453125 0.563477 0.463542 0.566406 0.470052 0.578125 0.470052 0.579102 0.468750 0.589844 0.466146 0.592773 0.463542 0.600586 0.462240 0.601562 0.460938 0.605469 0.460938 0.611328 0.457031 0.611328 0.454427 0.614258 0.446615 0.614258 0.442708 0.615234 0.441406 0.615234 0.436198 0.616211 0.433594 0.615234 0.432292 0.615234 0.427083 0.614258 0.425781 0.614258 0.423177 0.612305 0.420573 0.612305 0.417969
0 0.607422 0.247396 0.601562 0.248698 0.594727 0.253906 0.587891 0.263021 0.585938 0.268229 0.584961 0.274740 0.581055 0.282552 0.581055 0.286458 0.580078 0.287760 0.583984 0.290365 0.584961 0.295573 0.588867 0.303385 0.585938 0.311198 0.586914 0.319010 0.591797 0.324219 0.595703 0.324219 0.596680 0.325521 0.601562 0.325521 0.602539 0.324219 0.611328 0.324219 0.614258 0.321615 0.619141 0.320312 0.631836 0.304688 0.631836 0.300781 0.635742 0.289062 0.635742 0.281250 0.630859 0.274740 0.630859 0.273438 0.623047 0.263021 0.617188 0.257812 0.613281 0.250000 0.611328 0.250000
0 0.586914 0.208333 0.586914 0.209635 0.583008 0.214844 0.580078 0.222656 0.580078 0.233073 0.584961 0.247396 0.584961 0.253906 0.585938 0.255208 0.585938 0.259115 0.587891 0.260417 0.592773 0.253906 0.595703 0.252604 0.597656 0.250000 0.601562 0.247396 0.603516 0.247396 0.604492 0.246094 0.611328 0.246094 0.620117 0.259115 0.624023 0.260417 0.625000 0.257812 0.625000 0.240885 0.624023 0.239583 0.624023 0.234375 0.623047 0.233073 0.623047 0.227865 0.624023 0.225260 0.622070 0.222656 0.622070 0.221354 0.618164 0.220052 0.610352 0.214844 0.608398 0.212240 0.606445 0.212240 0.602539 0.208333 0.600586 0.208333 0.599609 0.207031 0.593750 0.207031 0.592773 0.205729 0.590820 0.205729
0 0.696289 0.244792 0.694336 0.244792 0.693359 0.243490 0.691406 0.244792 0.680664 0.243490 0.676758 0.246094 0.666992 0.247396 0.666992 0.252604 0.663086 0.255208 0.663086 0.257812 0.660156 0.260417 0.658203 0.265625 0.658203 0.268229 0.655273 0.272135 0.653320 0.283854 0.657227 0.294271 0.666016 0.304688 0.669922 0.305990 0.670898 0.304688 0.675781 0.304688 0.676758 0.303385 0.681641 0.303385 0.682617 0.302083 0.687500 0.302083 0.688477 0.300781 0.699219 0.299479 0.700195 0.298177 0.706055 0.296875 0.709961 0.292969 0.709961 0.290365 0.710938 0.289062 0.710938 0.279948 0.709961 0.278646 0.708984 0.270833 0.707031 0.265625 0.705078 0.263021 0.704102 0.259115
0 0.629883 0.322917 0.628906 0.325521 0.619141 0.338542 0.618164 0.338542 0.609375 0.348958 0.606445 0.350260 0.602539 0.355469 0.602539 0.358073 0.601562 0.359375 0.601562 0.364583 0.606445 0.378906 0.610352 0.385417 0.616211 0.385417 0.622070 0.389323 0.627930 0.389323 0.628906 0.390625 0.631836 0.390625 0.633789 0.393229 0.634766 0.393229 0.637695 0.389323 0.639648 0.389323 0.642578 0.386719 0.645508 0.386719 0.646484 0.388021 0.649414 0.388021 0.650391 0.386719 0.656250 0.368490 0.656250 0.356771 0.655273 0.355469 0.655273 0.351562 0.652344 0.345052 0.649414 0.341146 0.647461 0.335938 0.641602 0.328125 0.637695 0.325521
0 0.680664 0.414062 0.677734 0.414062 0.674805 0.416667 0.672852 0.416667 0.668945 0.419271 0.666016 0.419271 0.656250 0.424479 0.653320 0.424479 0.646484 0.428385 0.637695 0.447917 0.637695 0.451823 0.635742 0.455729 0.639648 0.458333 0.642578 0.458333 0.649414 0.468750 0.652344 0.470052 0.655273 0.473958 0.661133 0.475260 0.662109 0.476562 0.657227 0.480469 0.658203 0.481771 0.668945 0.480469 0.670898 0.477865 0.677734 0.475260 0.679688 0.472656 0.683594 0.470052 0.688477 0.468750 0.690430 0.466146 0.691406 0.455729 0.696289 0.445312 0.697266 0.437500 0.689453 0.423177 0.685547 0.417969 0.682617 0.416667
0 0.637695 0.464844 0.636719 0.464844 0.631836 0.459635 0.629883 0.459635 0.625977 0.457031 0.622070 0.457031 0.618164 0.460938 0.613281 0.460938 0.607422 0.468750 0.602539 0.481771 0.602539 0.485677 0.600586 0.489583 0.600586 0.493490 0.599609 0.494792 0.599609 0.500000 0.598633 0.501302 0.598633 0.506510 0.597656 0.507812 0.597656 0.513021 0.596680 0.514323 0.596680 0.519531 0.598633 0.522135 0.602539 0.523438 0.603516 0.524740 0.606445 0.524740 0.609375 0.527344 0.615234 0.527344 0.616211 0.526042 0.623047 0.524740 0.626953 0.522135 0.636719 0.522135 0.640625 0.519531 0.641602 0.516927 0.640625 0.515625 0.641602 0.509115 0.643555 0.503906 0.646484 0.500000 0.646484 0.496094 0.647461 0.494792 0.647461 0.484375 0.646484 0.483073 0.645508 0.477865 0.643555 0.475260 0.641602 0.470052
0 0.641602 0.524740 0.639648 0.531250 0.639648 0.535156 0.638672 0.536458 0.638672 0.544271 0.642578 0.549479 0.645508 0.549479 0.651367 0.557292 0.651367 0.558594 0.657227 0.567708 0.673828 0.567708 0.674805 0.566406 0.680664 0.566406 0.681641 0.565104 0.692383 0.563802 0.694336 0.562500 0.700195 0.553385 0.702148 0.542969 0.701172 0.541667 0.701172 0.536458 0.700195 0.535156 0.699219 0.527344 0.697266 0.520833 0.695312 0.519531 0.686523 0.507812 0.680664 0.503906 0.675781 0.503906 0.674805 0.502604 0.672852 0.502604 0.671875 0.503906 0.667969 0.503906 0.666992 0.505208 0.661133 0.505208 0.657227 0.502604 0.655273 0.503906 0.654297 0.506510 0.656250 0.513021 0.654297 0.515625 0.649414 0.515625 0.645508 0.518229
0 0.556641 0.471354 0.543945 0.480469 0.540039 0.485677 0.540039 0.488281 0.539062 0.489583 0.540039 0.518229 0.544922 0.526042 0.552734 0.531250 0.560547 0.533854 0.567383 0.539062 0.569336 0.539062 0.572266 0.541667 0.576172 0.542969 0.588867 0.533854 0.591797 0.528646 0.591797 0.526042 0.590820 0.524740 0.590820 0.519531 0.591797 0.518229 0.591797 0.505208 0.590820 0.503906 0.590820 0.498698 0.589844 0.497396 0.589844 0.489583 0.588867 0.488281 0.588867 0.485677 0.586914 0.483073 0.580078 0.480469 0.574219 0.475260 0.572266 0.475260 0.571289 0.473958 0.565430 0.473958 0.562500 0.471354
0 0.568359 0.554688 0.565430 0.562500 0.563477 0.565104 0.563477 0.567708 0.562500 0.569010 0.562500 0.582031 0.565430 0.587240 0.565430 0.589844 0.567383 0.593750 0.574219 0.601562 0.575195 0.605469 0.577148 0.608073 0.579102 0.609375 0.582031 0.609375 0.583008 0.610677 0.602539 0.609375 0.612305 0.604167 0.617188 0.596354 0.620117 0.588542 0.620117 0.582031 0.619141 0.580729 0.619141 0.578125 0.616211 0.571615 0.612305 0.566406 0.610352 0.559896 0.607422 0.555990 0.604492 0.548177 0.600586 0.542969 0.598633 0.541667 0.594727 0.541667 0.593750 0.542969 0.584961 0.542969 0.583984 0.541667 0.579102 0.544271
0 0.491211 0.466146 0.486328 0.466146 0.481445 0.470052 0.475586 0.471354 0.470703 0.477865 0.467773 0.485677 0.468750 0.488281 0.468750 0.498698 0.469727 0.500000 0.469727 0.505208 0.470703 0.506510 0.470703 0.523438 0.473633 0.529948 0.474609 0.529948 0.478516 0.535156 0.479492 0.535156 0.484375 0.540365 0.492188 0.539062 0.501953 0.531250 0.504883 0.531250 0.508789 0.528646 0.509766 0.523438 0.511719 0.519531 0.512695 0.513021 0.513672 0.511719 0.513672 0.500000 0.512695 0.498698 0.512695 0.493490 0.511719 0.492188 0.511719 0.489583 0.509766 0.486979 0.507812 0.481771 0.506836 0.476562 0.501953 0.471354 0.498047 0.468750 0.492188 0.467448
0 0.443359 0.523438 0.435547 0.533854 0.433594 0.539062 0.433594 0.542969 0.432617 0.544271 0.432617 0.550781 0.433594 0.552083 0.433594 0.565104 0.435547 0.570312 0.437500 0.572917 0.437500 0.574219 0.438477 0.574219 0.445312 0.583333 0.446289 0.583333 0.451172 0.588542 0.462891 0.588542 0.463867 0.587240 0.468750 0.587240 0.469727 0.585938 0.471680 0.585938 0.473633 0.583333 0.474609 0.583333 0.477539 0.578125 0.479492 0.576823 0.481445 0.571615 0.485352 0.566406 0.487305 0.561198 0.487305 0.557292 0.488281 0.555990 0.487305 0.550781 0.484375 0.546875 0.484375 0.545573 0.479492 0.539062 0.478516 0.539062 0.468750 0.526042 0.468750 0.524740 0.466797 0.523438 0.463867 0.523438 0.459961 0.520833 0.448242 0.520833 0.447266 0.522135
0 0.526367 0.524740 0.524414 0.524740 0.512695 0.532552 0.506836 0.540365 0.502930 0.542969 0.498047 0.549479 0.498047 0.552083 0.496094 0.557292 0.496094 0.571615 0.500977 0.578125 0.501953 0.582031 0.504883 0.585938 0.504883 0.587240 0.517578 0.601562 0.521484 0.601562 0.521484 0.600260 0.523438 0.597656 0.524414 0.597656 0.533203 0.587240 0.538086 0.583333 0.542969 0.576823 0.548828 0.572917 0.549805 0.567708 0.550781 0.566406 0.550781 0.559896 0.551758 0.558594 0.550781 0.557292 0.550781 0.552083 0.548828 0.546875 0.541992 0.537760 0.535156 0.532552 0.533203 0.532552
0 0.493164 0.595052 0.488281 0.596354 0.487305 0.595052 0.483398 0.595052 0.477539 0.591146 0.476562 0.592448 0.473633 0.592448 0.469727 0.596354 0.467773 0.596354 0.466797 0.597656 0.462891 0.598958 0.445312 0.621094 0.445312 0.634115 0.446289 0.635417 0.447266 0.641927 0.450195 0.648438 0.454102 0.653646 0.454102 0.654948 0.457031 0.654948 0.458008 0.656250 0.464844 0.656250 0.468750 0.658854 0.480469 0.658854 0.490234 0.644531 0.491211 0.644531 0.499023 0.634115 0.500000 0.634115 0.502930 0.627604 0.502930 0.621094 0.501953 0.619792 0.500977 0.608073
0 0.556641 0.593750 0.551758 0.593750 0.548828 0.596354 0.537109 0.596354 0.535156 0.598958 0.527344 0.604167 0.521484 0.610677 0.514648 0.611979 0.511719 0.614583 0.511719 0.623698 0.513672 0.626302 0.520508 0.644531 0.522461 0.647135 0.524414 0.653646 0.526367 0.656250 0.531250 0.667969 0.540039 0.669271 0.541016 0.667969 0.548828 0.666667 0.553711 0.662760 0.557617 0.656250 0.560547 0.653646 0.562500 0.653646 0.563477 0.654948 0.565430 0.653646 0.567383 0.649740 0.567383 0.643229 0.569336 0.638021 0.569336 0.627604 0.568359 0.626302 0.568359 0.622396 0.558594 0.605469 0.558594 0.596354
0 0.633789 0.589844 0.628906 0.589844 0.627930 0.591146 0.623047 0.592448 0.620117 0.596354 0.620117 0.598958 0.615234 0.606771 0.613281 0.611979 0.605469 0.621094 0.603516 0.621094 0.600586 0.625000 0.600586 0.627604 0.599609 0.628906 0.599609 0.638021 0.601562 0.640625 0.603516 0.645833 0.607422 0.649740 0.615234 0.654948 0.619141 0.661458 0.625000 0.662760 0.625977 0.664062 0.628906 0.662760 0.633789 0.657552 0.645508 0.654948 0.651367 0.647135 0.656250 0.634115 0.656250 0.619792 0.653320 0.610677 0.649414 0.605469 0.648438 0.605469 0.641602 0.597656 0.637695 0.595052
0 0.447266 0.666667 0.442383 0.667969 0.436523 0.673177 0.428711 0.675781 0.426758 0.678385 0.426758 0.682292 0.423828 0.687500 0.422852 0.691406 0.418945 0.696615 0.416016 0.703125 0.416016 0.714844 0.422852 0.729167 0.422852 0.735677 0.423828 0.738281 0.429688 0.743490 0.436523 0.744792 0.437500 0.746094 0.441406 0.746094 0.442383 0.747396 0.448242 0.747396 0.449219 0.746094 0.452148 0.746094 0.455078 0.742188 0.458984 0.731771 0.458984 0.729167 0.462891 0.720052 0.464844 0.710938 0.470703 0.699219 0.470703 0.688802 0.469727 0.687500 0.469727 0.684896 0.460938 0.674479 0.457031 0.671875 0.451172 0.670573
0 0.422852 0.740885 0.415039 0.748698 0.409180 0.765625 0.406250 0.769531 0.406250 0.772135 0.399414 0.782552 0.399414 0.799479 0.404297 0.812500 0.408203 0.817708 0.412109 0.820312 0.417969 0.820312 0.418945 0.819010 0.420898 0.820312 0.430664 0.820312 0.432617 0.819010 0.435547 0.815104 0.444336 0.808594 0.445312 0.804688 0.448242 0.800781 0.448242 0.796875 0.450195 0.794271 0.449219 0.782552 0.447266 0.778646 0.446289 0.770833 0.445312 0.769531 0.445312 0.756510 0.444336 0.756510 0.439453 0.750000 0.435547 0.747396 0.429688 0.747396 0.428711 0.746094 0.426758 0.746094
0 0.398438 0.776042 0.394531 0.776042 0.393555 0.777344 0.390625 0.777344 0.389648 0.778646 0.383789 0.778646 0.382812 0.779948 0.375000 0.781250 0.374023 0.782552 0.372070 0.782552 0.370117 0.785156 0.367188 0.786458 0.363281 0.790365 0.362305 0.792969 0.362305 0.800781 0.360352 0.805990 0.359375 0.816406 0.357422 0.821615 0.357422 0.830729 0.358398 0.832031 0.359375 0.837240 0.365234 0.846354 0.369141 0.848958 0.374023 0.848958 0.375000 0.847656 0.378906 0.847656 0.379883 0.846354 0.386719 0.845052 0.393555 0.841146 0.396484 0.837240 0.398438 0.837240 0.407227 0.828125 0.407227 0.824219 0.404297 0.819010 0.403320 0.812500 0.400391 0.807292 0.400391 0.804688 0.397461 0.796875 0.397461 0.783854 0.398438 0.782552
0 0.462891 0.834635 0.457031 0.826823 0.449219 0.824219 0.433594 0.833333 0.423828 0.832031 0.420898 0.834635 0.413086 0.837240 0.410156 0.843750 0.408203 0.861979 0.405273 0.865885 0.403320 0.865885 0.402344 0.867188 0.402344 0.871094 0.401367 0.872396 0.402344 0.873698 0.402344 0.877604 0.404297 0.878906 0.407227 0.885417 0.413086 0.891927 0.416016 0.891927 0.420898 0.894531 0.424805 0.894531 0.425781 0.895833 0.431641 0.895833 0.432617 0.897135 0.436523 0.897135 0.437500 0.898438 0.441406 0.898438 0.442383 0.899740 0.446289 0.898438 0.453125 0.888021 0.456055 0.875000 0.461914 0.864583 0.462891 0.854167 0.464844 0.847656 0.464844 0.841146 0.462891 0.837240
0 0.469727 0.842448 0.467773 0.845052 0.467773 0.847656 0.466797 0.848958 0.465820 0.860677 0.464844 0.861979 0.464844 0.865885 0.463867 0.867188 0.463867 0.881510 0.461914 0.884115 0.460938 0.889323 0.459961 0.890625 0.459961 0.893229 0.461914 0.897135 0.462891 0.903646 0.465820 0.907552 0.490234 0.907552 0.494141 0.904948 0.496094 0.902344 0.500977 0.889323 0.502930 0.886719 0.504883 0.881510 0.503906 0.878906 0.503906 0.865885 0.501953 0.860677 0.501953 0.858073 0.502930 0.856771 0.501953 0.854167 0.497070 0.854167 0.496094 0.852865 0.491211 0.852865 0.489258 0.854167 0.488281 0.852865 0.485352 0.852865 0.479492 0.846354 0.475586 0.843750
0 0.481445 0.761719 0.479492 0.763021 0.470703 0.776042 0.467773 0.782552 0.467773 0.785156 0.461914 0.796875 0.461914 0.800781 0.460938 0.802083 0.460938 0.807292 0.461914 0.808594 0.461914 0.822917 0.468750 0.826823 0.472656 0.832031 0.475586 0.833333 0.482422 0.842448 0.484375 0.843750 0.489258 0.843750 0.490234 0.842448 0.493164 0.842448 0.498047 0.839844 0.509766 0.829427 0.513672 0.819010 0.513672 0.808594 0.509766 0.798177 0.509766 0.795573 0.507812 0.792969 0.505859 0.792969 0.501953 0.787760 0.500000 0.781250 0.497070 0.777344 0.494141 0.769531 0.491211 0.766927 0.491211 0.763021 0.490234 0.761719
0 0.516602 0.653646 0.512695 0.651042 0.506836 0.651042 0.505859 0.649740 0.504883 0.651042 0.501953 0.651042 0.496094 0.656250 0.490234 0.657552 0.489258 0.660156 0.482422 0.669271 0.476562 0.683594 0.477539 0.686198 0.477539 0.694010 0.478516 0.695312 0.478516 0.704427 0.477539 0.705729 0.477539 0.716146 0.478516 0.718750 0.481445 0.718750 0.482422 0.720052 0.485352 0.720052 0.486328 0.718750 0.519531 0.718750 0.525391 0.712240 0.528320 0.704427 0.529297 0.692708 0.531250 0.688802 0.532227 0.683594 0.531250 0.682292 0.531250 0.678385 0.529297 0.673177 0.521484 0.664062
0 0.542969 0.713542 0.541016 0.713542 0.540039 0.712240 0.534180 0.712240 0.533203 0.710938 0.526367 0.717448 0.522461 0.720052 0.520508 0.720052 0.517578 0.723958 0.500977 0.733073 0.498047 0.736979 0.498047 0.739583 0.496094 0.744792 0.496094 0.764323 0.498047 0.768229 0.498047 0.772135 0.500977 0.778646 0.503906 0.781250 0.511719 0.782552 0.512695 0.783854 0.515625 0.783854 0.520508 0.786458 0.529297 0.786458 0.537109 0.781250 0.547852 0.769531 0.552734 0.753906 0.552734 0.739583 0.548828 0.733073 0.547852 0.723958 0.545898 0.721354 0.545898 0.718750
0 0.554688 0.774740 0.553711 0.776042 0.551758 0.776042 0.549805 0.779948 0.548828 0.779948 0.541992 0.787760 0.537109 0.790365 0.534180 0.794271 0.528320 0.808594 0.528320 0.812500 0.527344 0.813802 0.527344 0.824219 0.528320 0.825521 0.528320 0.829427 0.531250 0.835938 0.533203 0.837240 0.534180 0.839844 0.542969 0.850260 0.548828 0.854167 0.554688 0.854167 0.556641 0.855469 0.557617 0.854167 0.563477 0.854167 0.571289 0.848958 0.574219 0.848958 0.577148 0.846354 0.579102 0.839844 0.579102 0.833333 0.582031 0.825521 0.583008 0.812500 0.582031 0.811198 0.582031 0.808594 0.564453 0.786458 0.563477 0.782552
0 0.524414 0.835938 0.516602 0.845052 0.516602 0.848958 0.517578 0.850260 0.514648 0.854167 0.513672 0.860677 0.510742 0.868490 0.510742 0.873698 0.509766 0.875000 0.509766 0.880208 0.508789 0.881510 0.509766 0.888021 0.511719 0.890625 0.517578 0.908854 0.521484 0.914062 0.523438 0.914062 0.524414 0.915365 0.536133 0.915365 0.537109 0.914062 0.547852 0.914062 0.548828 0.912760 0.551758 0.912760 0.554688 0.908854 0.554688 0.904948 0.555664 0.903646 0.555664 0.872396 0.551758 0.868490 0.543945 0.865885 0.526367 0.854167 0.524414 0.850260 0.525391 0.847656 0.523438 0.841146 0.525391 0.835938
0 0.594727 0.850260 0.592773 0.852865 0.584961 0.852865 0.583984 0.854167 0.583008 0.852865 0.575195 0.852865 0.571289 0.855469 0.568359 0.855469 0.565430 0.859375 0.564453 0.859375 0.557617 0.869792 0.557617 0.882812 0.558594 0.884115 0.559570 0.891927 0.568359 0.908854 0.570312 0.916667 0.577148 0.924479 0.580078 0.924479 0.581055 0.925781 0.587891 0.925781 0.588867 0.927083 0.596680 0.927083 0.597656 0.925781 0.601562 0.925781 0.607422 0.920573 0.611328 0.915365 0.615234 0.907552 0.615234 0.899740 0.613281 0.895833 0.613281 0.891927 0.612305 0.890625 0.611328 0.884115 0.609375 0.878906 0.602539 0.867188 0.599609 0.856771
0 0.622070 0.877604 0.621094 0.880208 0.619141 0.880208 0.617188 0.882812 0.620117 0.891927 0.617188 0.897135 0.616211 0.908854 0.612305 0.916667 0.605469 0.924479 0.605469 0.929688 0.608398 0.933594 0.611328 0.934896 0.614258 0.938802 0.615234 0.938802 0.619141 0.944010 0.626953 0.947917 0.629883 0.947917 0.630859 0.949219 0.631836 0.947917 0.643555 0.947917 0.644531 0.946615 0.646484 0.946615 0.648438 0.945312 0.650391 0.940104 0.650391 0.937500 0.661133 0.920573 0.661133 0.911458 0.662109 0.910156 0.661133 0.898438 0.657227 0.890625 0.655273 0.893229 0.653320 0.893229 0.650391 0.890625 0.647461 0.885417 0.639648 0.878906 0.636719 0.878906 0.635742 0.877604 0.632812 0.877604 0.631836 0.878906 0.624023 0.878906
0 0.630859 0.790365 0.624023 0.790365 0.623047 0.792969 0.625000 0.795573 0.628906 0.796875 0.629883 0.798177 0.628906 0.800781 0.615234 0.800781 0.612305 0.798177 0.612305 0.792969 0.611328 0.791667 0.608398 0.795573 0.603516 0.798177 0.599609 0.803385 0.597656 0.803385 0.591797 0.808594 0.591797 0.816406 0.594727 0.822917 0.600586 0.846354 0.600586 0.850260 0.604492 0.856771 0.604492 0.861979 0.609375 0.869792 0.614258 0.873698 0.619141 0.873698 0.628906 0.864583 0.631836 0.860677 0.636719 0.848958 0.638672 0.847656 0.648438 0.833333 0.648438 0.826823 0.641602 0.811198 0.641602 0.807292 0.639648 0.802083 0.635742 0.798177 0.635742 0.794271
0 0.583008 0.722656 0.582031 0.723958 0.578125 0.723958 0.572266 0.730469 0.567383 0.731771 0.558594 0.744792 0.557617 0.747396 0.557617 0.753906 0.558594 0.755208 0.558594 0.759115 0.563477 0.769531 0.565430 0.779948 0.579102 0.798177 0.583008 0.800781 0.585938 0.800781 0.586914 0.802083 0.591797 0.802083 0.607422 0.791667 0.610352 0.787760 0.613281 0.778646 0.613281 0.774740 0.614258 0.773438 0.613281 0.772135 0.613281 0.769531 0.611328 0.764323 0.611328 0.760417 0.607422 0.747396 0.607422 0.743490 0.602539 0.729167 0.597656 0.723958 0.584961 0.723958
0 0.550781 0.675781 0.549805 0.678385 0.549805 0.686198 0.553711 0.695312 0.553711 0.697917 0.556641 0.704427 0.556641 0.707031 0.558594 0.710938 0.558594 0.713542 0.560547 0.716146 0.562500 0.716146 0.563477 0.717448 0.568359 0.717448 0.569336 0.718750 0.573242 0.718750 0.574219 0.720052 0.581055 0.720052 0.582031 0.718750 0.591797 0.718750 0.592773 0.717448 0.596680 0.716146 0.602539 0.708333 0.603516 0.705729 0.604492 0.697917 0.603516 0.696615 0.603516 0.691406 0.600586 0.682292 0.599609 0.674479 0.597656 0.671875 0.593750 0.662760 0.588867 0.657552 0.583008 0.657552 0.582031 0.656250 0.578125 0.656250 0.577148 0.654948 0.570312 0.654948 0.568359 0.656250 0.564453 0.662760 0.563477 0.662760 0.560547 0.666667 0.555664 0.669271 0.555664 0.670573 0.551758 0.675781
0 0.637695 0.674479 0.636719 0.677083 0.626953 0.679688 0.625977 0.682292 0.619141 0.686198 0.616211 0.690104 0.616211 0.695312 0.621094 0.704427 0.619141 0.712240 0.619141 0.722656 0.622070 0.731771 0.634766 0.752604 0.641602 0.756510 0.644531 0.756510 0.662109 0.739583 0.672852 0.725260 0.674805 0.720052 0.672852 0.713542 0.672852 0.705729 0.669922 0.697917 0.666992 0.694010 0.666016 0.688802 0.655273 0.677083 0.652344 0.677083 0.647461 0.680990 0.639648 0.682292 0.633789 0.691406 0.625977 0.697917 0.624023 0.695312 0.625977 0.688802 0.630859 0.682292 0.635742 0.682292 0.640625 0.674479
0 0.673828 0.730469 0.672852 0.730469 0.667969 0.736979 0.665039 0.738281 0.659180 0.746094 0.656250 0.747396 0.649414 0.756510 0.646484 0.757812 0.640625 0.764323 0.637695 0.765625 0.637695 0.768229 0.636719 0.769531 0.636719 0.781250 0.637695 0.782552 0.638672 0.789062 0.645508 0.800781 0.648438 0.802083 0.654297 0.807292 0.660156 0.807292 0.666016 0.802083 0.671875 0.802083 0.672852 0.800781 0.675781 0.800781 0.680664 0.796875 0.685547 0.798177 0.686523 0.796875 0.688477 0.796875 0.690430 0.794271 0.690430 0.776042 0.689453 0.774740 0.689453 0.770833 0.687500 0.764323 0.687500 0.757812 0.686523 0.756510 0.684570 0.746094 0.682617 0.742188 0.682617 0.739583
0 0.690430 0.686198 0.687500 0.690104 0.684570 0.697917 0.684570 0.705729 0.683594 0.707031 0.683594 0.718750 0.684570 0.721354 0.682617 0.723958 0.683594 0.731771 0.687500 0.736979 0.693359 0.740885 0.697266 0.740885 0.698242 0.742188 0.713867 0.743490 0.714844 0.742188 0.718750 0.742188 0.719727 0.740885 0.724609 0.740885 0.725586 0.739583 0.727539 0.739583 0.730469 0.735677 0.730469 0.721354 0.729492 0.720052 0.728516 0.713542 0.726562 0.708333 0.724609 0.705729 0.722656 0.699219 0.720703 0.696615 0.715820 0.682292 0.712891 0.678385 0.706055 0.678385 0.704102 0.680990 0.702148 0.680990 0.701172 0.682292 0.696289 0.682292
0 0.807617 0.269531 0.806641 0.268229 0.798828 0.268229 0.791016 0.260417 0.789062 0.260417 0.785156 0.257812 0.781250 0.257812 0.780273 0.256510 0.778320 0.256510 0.777344 0.257812 0.772461 0.257812 0.771484 0.259115 0.768555 0.259115 0.767578 0.260417 0.762695 0.261719 0.758789 0.265625 0.757812 0.269531 0.755859 0.270833 0.751953 0.277344 0.750977 0.277344 0.751953 0.279948 0.754883 0.277344 0.756836 0.278646 0.756836 0.295573 0.755859 0.296875 0.754883 0.304688 0.752930 0.308594 0.753906 0.313802 0.756836 0.316406 0.758789 0.316406 0.768555 0.321615 0.777344 0.321615 0.782227 0.319010 0.786133 0.319010 0.791992 0.315104 0.795898 0.315104 0.796875 0.313802 0.803711 0.312500 0.807617 0.307292 0.809570 0.300781 0.809570 0.286458 0.808594 0.285156 0.808594 0.273438 0.807617 0.272135
0 0.782227 0.341146 0.780273 0.339844 0.774414 0.339844 0.771484 0.342448 0.768555 0.342448 0.767578 0.343750 0.757812 0.343750 0.756836 0.345052 0.748047 0.346354 0.744141 0.351562 0.740234 0.351562 0.733398 0.360677 0.733398 0.363281 0.735352 0.365885 0.735352 0.369792 0.738281 0.377604 0.742188 0.382812 0.750000 0.398438 0.752930 0.401042 0.759766 0.401042 0.760742 0.399740 0.770508 0.398438 0.774414 0.395833 0.777344 0.395833 0.780273 0.393229 0.787109 0.391927 0.794922 0.386719 0.799805 0.380208 0.800781 0.377604 0.800781 0.372396 0.794922 0.363281 0.793945 0.358073
0 0.784180 0.394531 0.779297 0.395833 0.775391 0.399740 0.773438 0.399740 0.769531 0.403646 0.763672 0.407552 0.761719 0.407552 0.754883 0.412760 0.752930 0.412760 0.744141 0.419271 0.741211 0.425781 0.741211 0.434896 0.742188 0.436198 0.743164 0.444010 0.750977 0.453125 0.756836 0.453125 0.765625 0.462240 0.769531 0.464844 0.774414 0.464844 0.781250 0.458333 0.789062 0.455729 0.791992 0.453125 0.794922 0.453125 0.796875 0.450521 0.798828 0.450521 0.801758 0.447917 0.804688 0.440104 0.804688 0.427083 0.800781 0.420573 0.798828 0.415365 0.798828 0.411458 0.793945 0.402344 0.787109 0.395833 0.785156 0.395833
0 0.735352 0.476562 0.734375 0.477865 0.734375 0.481771 0.731445 0.485677 0.729492 0.490885 0.729492 0.493490 0.727539 0.497396 0.727539 0.500000 0.725586 0.502604 0.725586 0.509115 0.724609 0.510417 0.724609 0.513021 0.722656 0.515625 0.722656 0.518229 0.732422 0.529948 0.739258 0.533854 0.746094 0.542969 0.757812 0.544271 0.758789 0.545573 0.771484 0.545573 0.772461 0.544271 0.775391 0.544271 0.777344 0.542969 0.779297 0.539062 0.778320 0.536458 0.778320 0.529948 0.779297 0.527344 0.775391 0.514323 0.775391 0.507812 0.774414 0.506510 0.774414 0.501302 0.773438 0.500000 0.772461 0.489583 0.771484 0.488281 0.771484 0.484375 0.770508 0.481771 0.767578 0.477865 0.760742 0.473958 0.754883 0.473958 0.753906 0.475260 0.745117 0.473958 0.744141 0.475260
0 0.812500 0.470052 0.813477 0.476562 0.806641 0.484375 0.804688 0.489583 0.804688 0.496094 0.799805 0.506510 0.800781 0.518229 0.805664 0.526042 0.805664 0.527344 0.808594 0.528646 0.812500 0.532552 0.818359 0.533854 0.822266 0.536458 0.828125 0.536458 0.832031 0.533854 0.841797 0.532552 0.849609 0.527344 0.854492 0.520833 0.855469 0.515625 0.851562 0.506510 0.851562 0.501302 0.849609 0.494792 0.849609 0.489583 0.846680 0.481771 0.845703 0.473958 0.843750 0.470052 0.841797 0.470052 0.835938 0.466146 0.828125 0.466146 0.827148 0.464844 0.820312 0.464844
0 0.732422 0.584635 0.732422 0.595052 0.735352 0.595052 0.736328 0.596354 0.737305 0.602865 0.738281 0.604167 0.738281 0.608073 0.741211 0.614583 0.742188 0.619792 0.748047 0.626302 0.753906 0.627604 0.754883 0.628906 0.759766 0.628906 0.763672 0.626302 0.765625 0.623698 0.770508 0.621094 0.776367 0.614583 0.788086 0.606771 0.791016 0.601562 0.791016 0.588542 0.788086 0.580729 0.787109 0.572917 0.779297 0.563802 0.770508 0.562500 0.766602 0.559896 0.759766 0.559896 0.758789 0.558594 0.747070 0.558594 0.746094 0.559896 0.744141 0.559896 0.745117 0.562500 0.748047 0.562500 0.749023 0.563802 0.748047 0.565104 0.744141 0.565104 0.740234 0.571615 0.735352 0.574219 0.734375 0.580729
0 0.830078 0.548177 0.813477 0.548177 0.805664 0.553385 0.797852 0.554688 0.798828 0.559896 0.796875 0.563802 0.797852 0.576823 0.796875 0.578125 0.796875 0.585938 0.795898 0.587240 0.795898 0.591146 0.801758 0.608073 0.806641 0.615885 0.813477 0.621094 0.819336 0.621094 0.826172 0.617188 0.828125 0.614583 0.830078 0.614583 0.833008 0.611979 0.835938 0.611979 0.845703 0.605469 0.848633 0.600260 0.848633 0.580729 0.849609 0.579427 0.849609 0.570312 0.847656 0.567708 0.846680 0.563802 0.840820 0.557292 0.839844 0.557292 0.837891 0.553385
0 0.876953 0.552083 0.874023 0.552083 0.870117 0.554688 0.862305 0.562500 0.855469 0.566406 0.853516 0.569010 0.851562 0.569010 0.851562 0.571615 0.850586 0.572917 0.850586 0.593750 0.849609 0.595052 0.850586 0.596354 0.850586 0.605469 0.853516 0.613281 0.854492 0.613281 0.859375 0.619792 0.860352 0.619792 0.867188 0.628906 0.870117 0.628906 0.871094 0.630208 0.875977 0.627604 0.877930 0.625000 0.887695 0.618490 0.891602 0.613281 0.892578 0.613281 0.892578 0.611979 0.895508 0.608073 0.896484 0.608073 0.900391 0.601562 0.899414 0.595052 0.895508 0.589844 0.890625 0.587240 0.886719 0.582031 0.882812 0.571615 0.877930 0.566406 0.876953 0.561198 0.875977 0.559896 0.877930 0.555990 0.877930 0.553385
0 0.778320 0.625000 0.775391 0.630208 0.769531 0.634115 0.764648 0.635417 0.760742 0.639323 0.756836 0.641927 0.754883 0.641927 0.752930 0.644531 0.752930 0.647135 0.751953 0.648438 0.752930 0.649740 0.752930 0.653646 0.750977 0.657552 0.750977 0.662760 0.752930 0.667969 0.759766 0.677083 0.760742 0.679688 0.761719 0.679688 0.779297 0.703125 0.783203 0.704427 0.790039 0.696615 0.793945 0.695312 0.794922 0.694010 0.797852 0.694010 0.800781 0.690104 0.800781 0.687500 0.801758 0.686198 0.801758 0.682292 0.800781 0.680990 0.800781 0.671875 0.803711 0.666667 0.803711 0.656250 0.802734 0.654948 0.802734 0.652344 0.793945 0.640625 0.789062 0.636719 0.782227 0.627604 0.782227 0.626302
0 0.840820 0.615885 0.834961 0.621094 0.832031 0.622396 0.828125 0.627604 0.822266 0.631510 0.819336 0.635417 0.815430 0.638021 0.816406 0.653646 0.819336 0.661458 0.820312 0.669271 0.821289 0.669271 0.833008 0.684896 0.834961 0.684896 0.840820 0.690104 0.845703 0.690104 0.850586 0.695312 0.856445 0.695312 0.863281 0.690104 0.864258 0.687500 0.873047 0.675781 0.873047 0.667969 0.872070 0.666667 0.872070 0.660156 0.871094 0.658854 0.871094 0.651042 0.869141 0.644531 0.863281 0.636719 0.863281 0.635417 0.854492 0.621094 0.848633 0.615885
