0 0.294922 0.184896 0.295898 0.190104 0.293945 0.194010 0.291016 0.191406 0.287109 0.195312 0.279297 0.196615 0.266602 0.195312 0.256836 0.199219 0.248047 0.208333 0.244141 0.208333 0.239258 0.214844 0.237305 0.223958 0.237305 0.246094 0.240234 0.252604 0.246094 0.279948 0.250000 0.290365 0.253906 0.296875 0.255859 0.296875 0.273438 0.313802 0.294922 0.308594 0.318359 0.292969 0.321289 0.289062 0.324219 0.274740 0.325195 0.240885 0.322266 0.229167 0.322266 0.221354 0.314453 0.205729 0.298828 0.186198
0 0.340820 0.289062 0.334961 0.292969 0.328125 0.303385 0.325195 0.319010 0.324219 0.339844 0.328125 0.356771 0.333984 0.364583 0.338867 0.367188 0.352539 0.382812 0.363281 0.388021 0.369141 0.393229 0.374023 0.393229 0.377930 0.389323 0.387695 0.386719 0.399414 0.377604 0.402344 0.372396 0.404297 0.359375 0.412109 0.334635 0.413086 0.328125 0.412109 0.311198 0.396484 0.290365 0.380859 0.282552 0.364258 0.282552 0.351562 0.285156 0.345703 0.289062
0 0.448242 0.295573 0.445312 0.295573 0.441406 0.299479 0.434570 0.302083 0.414062 0.324219 0.414062 0.332031 0.408203 0.358073 0.405273 0.365885 0.404297 0.377604 0.415039 0.389323 0.425781 0.395833 0.440430 0.398438 0.441406 0.399740 0.446289 0.398438 0.458984 0.385417 0.465820 0.376302 0.470703 0.373698 0.471680 0.367188 0.469727 0.360677 0.472656 0.351562 0.472656 0.345052 0.471680 0.343750 0.471680 0.334635 0.468750 0.319010 0.465820 0.311198 0.458984 0.302083
0 0.451172 0.203125 0.447266 0.208333 0.445312 0.214844 0.435547 0.231771 0.436523 0.247396 0.433594 0.252604 0.433594 0.261719 0.431641 0.264323 0.431641 0.269531 0.434570 0.274740 0.434570 0.277344 0.438477 0.282552 0.442383 0.283854 0.451172 0.292969 0.458008 0.292969 0.461914 0.295573 0.467773 0.295573 0.470703 0.292969 0.482422 0.289062 0.486328 0.291667 0.490234 0.291667 0.494141 0.279948 0.500977 0.272135 0.505859 0.257812 0.506836 0.223958 0.504883 0.216146 0.498047 0.207031 0.488281 0.203125 0.485352 0.200521 0.472656 0.200521 0.465820 0.197917 0.464844 0.199219 0.455078 0.200521
0 0.154297 0.304688 0.149414 0.309896 0.143555 0.321615 0.136719 0.329427 0.128906 0.343750 0.123047 0.360677 0.123047 0.367188 0.125000 0.371094 0.125977 0.380208 0.130859 0.390625 0.134766 0.404948 0.137695 0.407552 0.146484 0.410156 0.163086 0.419271 0.189453 0.419271 0.208984 0.397135 0.216797 0.376302 0.214844 0.367188 0.210938 0.361979 0.208984 0.335938 0.190430 0.317708 0.182617 0.312500 0.176758 0.311198 0.167969 0.303385
0 0.303711 0.313802 0.299805 0.309896 0.296875 0.309896 0.288086 0.313802 0.278320 0.315104 0.270508 0.319010 0.262695 0.319010 0.253906 0.325521 0.248047 0.324219 0.245117 0.325521 0.238281 0.338542 0.232422 0.345052 0.230469 0.352865 0.229492 0.389323 0.233398 0.394531 0.234375 0.398438 0.247070 0.410156 0.254883 0.412760 0.275391 0.411458 0.286133 0.407552 0.291992 0.407552 0.297852 0.404948 0.302734 0.399740 0.311523 0.378906 0.313477 0.360677 0.312500 0.346354 0.308594 0.335938 0.309570 0.330729 0.308594 0.324219
0 0.130859 0.425781 0.126953 0.429688 0.125977 0.434896 0.128906 0.432292 0.131836 0.434896 0.120117 0.449219 0.110352 0.471354 0.116211 0.501302 0.118164 0.506510 0.125977 0.516927 0.137695 0.522135 0.158203 0.536458 0.169922 0.536458 0.187500 0.527344 0.202148 0.510417 0.203125 0.500000 0.199219 0.488281 0.200195 0.470052 0.194336 0.462240 0.191406 0.446615 0.187500 0.438802 0.181641 0.437500 0.176758 0.432292 0.168945 0.429688 0.167969 0.427083 0.169922 0.424479 0.165039 0.425781 0.155273 0.421875 0.150391 0.423177 0.145508 0.420573 0.136719 0.423177 0.134766 0.425781
0 0.270508 0.419271 0.258789 0.417969 0.247070 0.428385 0.242188 0.434896 0.236328 0.434896 0.227539 0.445312 0.208984 0.462240 0.203125 0.471354 0.201172 0.486979 0.207031 0.506510 0.216797 0.519531 0.234375 0.533854 0.247070 0.536458 0.255859 0.532552 0.271484 0.520833 0.281250 0.509115 0.286133 0.507812 0.289062 0.502604 0.290039 0.468750 0.287109 0.444010 0.280273 0.430990 0.276367 0.429688 0.270508 0.423177
0 0.365234 0.398438 0.352539 0.397135 0.344727 0.402344 0.301758 0.407552 0.296875 0.412760 0.291016 0.427083 0.290039 0.441406 0.291992 0.453125 0.296875 0.462240 0.305664 0.485677 0.331055 0.493490 0.338867 0.493490 0.352539 0.488281 0.358398 0.489583 0.361328 0.486979 0.362305 0.480469 0.374023 0.462240 0.379883 0.441406 0.375000 0.417969 0.370117 0.404948
0 0.227539 0.533854 0.215820 0.522135 0.204102 0.520833 0.201172 0.523438 0.202148 0.526042 0.201172 0.528646 0.199219 0.527344 0.199219 0.524740 0.192383 0.526042 0.188477 0.529948 0.180664 0.532552 0.176758 0.536458 0.160156 0.541667 0.154297 0.553385 0.154297 0.570312 0.155273 0.571615 0.155273 0.598958 0.154297 0.601562 0.156250 0.613281 0.172852 0.625000 0.185547 0.626302 0.199219 0.630208 0.214844 0.613281 0.224609 0.606771 0.232422 0.593750 0.231445 0.583333 0.232422 0.552083
0 0.235352 0.554688 0.235352 0.572917 0.234375 0.574219 0.237305 0.584635 0.252930 0.598958 0.262695 0.611979 0.274414 0.619792 0.285156 0.618490 0.290039 0.614583 0.302734 0.610677 0.305664 0.605469 0.306641 0.597656 0.313477 0.580729 0.313477 0.563802 0.315430 0.561198 0.315430 0.554688 0.311523 0.545573 0.303711 0.544271 0.299805 0.540365 0.294922 0.540365 0.291016 0.537760 0.287109 0.528646 0.281250 0.528646 0.275391 0.531250 0.270508 0.528646 0.266602 0.528646 0.253906 0.537760 0.249023 0.539062 0.245117 0.545573
0 0.197266 0.651042 0.195312 0.662760 0.197266 0.665365 0.201172 0.660156 0.203125 0.664062 0.202148 0.669271 0.192383 0.680990 0.191406 0.704427 0.193359 0.716146 0.192383 0.731771 0.199219 0.748698 0.204102 0.752604 0.221680 0.752604 0.238281 0.746094 0.243164 0.742188 0.246094 0.742188 0.262695 0.723958 0.268555 0.714844 0.265625 0.712240 0.265625 0.709635 0.271484 0.708333 0.274414 0.691406 0.273438 0.657552 0.270508 0.657552 0.266602 0.666667 0.264648 0.662760 0.251953 0.654948 0.247070 0.656250 0.221680 0.653646 0.221680 0.651042 0.227539 0.648438 0.222656 0.647135 0.200195 0.647135
0 0.276367 0.709635 0.270508 0.722656 0.265625 0.726562 0.262695 0.739583 0.261719 0.772135 0.262695 0.785156 0.265625 0.794271 0.271484 0.794271 0.280273 0.799479 0.289062 0.799479 0.308594 0.794271 0.318359 0.795573 0.320312 0.799479 0.332031 0.798177 0.337891 0.781250 0.340820 0.777344 0.342773 0.765625 0.343750 0.730469 0.340820 0.718750 0.332031 0.720052 0.332031 0.725260 0.328125 0.727865 0.301758 0.727865 0.301758 0.723958 0.317383 0.722656 0.318359 0.720052 0.315430 0.718750 0.303711 0.721354 0.297852 0.720052 0.291016 0.722656 0.286133 0.727865 0.280273 0.727865 0.278320 0.725260 0.278320 0.713542 0.280273 0.710938
0 0.407227 0.752604 0.399414 0.751302 0.396484 0.748698 0.376953 0.751302 0.371094 0.755208 0.358398 0.770833 0.357422 0.785156 0.356445 0.786458 0.353516 0.782552 0.353516 0.779948 0.353516 0.799479 0.355469 0.809896 0.361328 0.821615 0.371094 0.824219 0.382812 0.838542 0.389648 0.838542 0.391602 0.834635 0.404297 0.833333 0.409180 0.826823 0.411133 0.826823 0.416016 0.821615 0.419922 0.820312 0.431641 0.803385 0.431641 0.783854 0.429688 0.772135 0.426758 0.768229 0.422852 0.768229 0.418945 0.763021 0.414062 0.760417
0 0.485352 0.812500 0.483398 0.809896 0.473633 0.811198 0.465820 0.805990 0.463867 0.803385 0.465820 0.800781 0.469727 0.799479 0.469727 0.798177 0.453125 0.795573 0.452148 0.796875 0.445312 0.796875 0.440430 0.800781 0.438477 0.800781 0.427734 0.812500 0.415039 0.829427 0.416016 0.832031 0.416016 0.837240 0.414062 0.841146 0.415039 0.852865 0.418945 0.854167 0.420898 0.856771 0.419922 0.861979 0.422852 0.859375 0.424805 0.863281 0.436523 0.868490 0.441406 0.868490 0.444336 0.865885 0.457031 0.861979 0.462891 0.858073 0.472656 0.858073 0.478516 0.860677 0.483398 0.855469 0.488281 0.845052 0.487305 0.843750 0.487305 0.822917
0 0.505859 0.734375 0.503906 0.736979 0.501953 0.736979 0.495117 0.746094 0.493164 0.746094 0.489258 0.750000 0.480469 0.752604 0.475586 0.759115 0.476562 0.760417 0.480469 0.760417 0.481445 0.757812 0.483398 0.759115 0.483398 0.761719 0.479492 0.765625 0.479492 0.776042 0.480469 0.777344 0.479492 0.783854 0.480469 0.787760 0.487305 0.798177 0.486328 0.811198 0.497070 0.824219 0.499023 0.824219 0.500977 0.826823 0.518555 0.829427 0.530273 0.820312 0.530273 0.817708 0.528320 0.813802 0.530273 0.811198 0.532227 0.803385 0.538086 0.794271 0.541016 0.779948 0.541016 0.770833 0.539062 0.764323 0.536133 0.761719 0.534180 0.761719 0.532227 0.759115 0.530273 0.751302 0.528320 0.748698 0.523438 0.747396 0.513672 0.739583 0.507812 0.738281
0 0.492188 0.666667 0.469727 0.671875 0.465820 0.675781 0.458008 0.678385 0.454102 0.683594 0.450195 0.686198 0.448242 0.683594 0.449219 0.678385 0.451172 0.675781 0.451172 0.669271 0.448242 0.673177 0.446289 0.673177 0.434570 0.687500 0.434570 0.692708 0.438477 0.704427 0.438477 0.709635 0.440430 0.714844 0.440430 0.721354 0.445312 0.731771 0.449219 0.736979 0.458984 0.743490 0.466797 0.751302 0.474609 0.752604 0.480469 0.747396 0.489258 0.746094 0.495117 0.742188 0.502930 0.731771 0.505859 0.725260 0.506836 0.704427 0.505859 0.703125 0.504883 0.684896 0.500977 0.677083 0.500977 0.674479 0.498047 0.670573
0 0.560547 0.669271 0.554688 0.666667 0.549805 0.666667 0.545898 0.671875 0.540039 0.675781 0.538086 0.675781 0.528320 0.682292 0.524414 0.688802 0.522461 0.697917 0.520508 0.701823 0.517578 0.704427 0.515625 0.710938 0.511719 0.718750 0.511719 0.727865 0.515625 0.738281 0.519531 0.742188 0.525391 0.744792 0.529297 0.744792 0.534180 0.747396 0.541016 0.747396 0.543945 0.750000 0.546875 0.750000 0.552734 0.747396 0.560547 0.739583 0.565430 0.730469 0.565430 0.727865 0.569336 0.722656 0.572266 0.713542 0.576172 0.707031 0.576172 0.699219 0.573242 0.695312 0.570312 0.686198 0.568359 0.683594 0.565430 0.675781
0 0.323242 0.571615 0.320312 0.574219 0.319336 0.579427 0.312500 0.587240 0.309570 0.595052 0.307617 0.606771 0.299805 0.615885 0.297852 0.622396 0.299805 0.627604 0.299805 0.631510 0.305664 0.643229 0.319336 0.654948 0.322266 0.658854 0.323242 0.662760 0.329102 0.664062 0.334961 0.658854 0.350586 0.656250 0.364258 0.645833 0.369141 0.636719 0.375977 0.628906 0.375977 0.615885 0.375000 0.610677 0.371094 0.602865 0.371094 0.593750 0.365234 0.585938 0.348633 0.585938 0.335938 0.579427 0.327148 0.571615
0 0.442383 0.593750 0.433594 0.592448 0.426758 0.595052 0.422852 0.592448 0.419922 0.596354 0.416016 0.595052 0.411133 0.600260 0.408203 0.600260 0.401367 0.604167 0.393555 0.618490 0.388672 0.623698 0.385742 0.625000 0.381836 0.625000 0.380859 0.623698 0.379883 0.625000 0.377930 0.632812 0.377930 0.647135 0.385742 0.669271 0.389648 0.674479 0.402344 0.680990 0.422852 0.683594 0.431641 0.678385 0.439453 0.669271 0.444336 0.658854 0.447266 0.644531 0.447266 0.618490 0.448242 0.615885 0.446289 0.605469
0 0.446289 0.580729 0.446289 0.589844 0.449219 0.593750 0.448242 0.606771 0.452148 0.619792 0.455078 0.622396 0.457031 0.628906 0.461914 0.632812 0.464844 0.632812 0.465820 0.634115 0.476562 0.634115 0.477539 0.635417 0.487305 0.635417 0.488281 0.636719 0.492188 0.636719 0.500977 0.632812 0.509766 0.621094 0.512695 0.613281 0.517578 0.606771 0.516602 0.591146 0.513672 0.582031 0.512695 0.572917 0.510742 0.570312 0.508789 0.570312 0.505859 0.567708 0.475586 0.563802 0.474609 0.565104 0.467773 0.565104 0.464844 0.571615 0.461914 0.571615 0.460938 0.567708 0.462891 0.565104 0.464844 0.565104 0.458008 0.563802 0.451172 0.575521 0.451172 0.578125 0.448242 0.580729
0 0.454102 0.492188 0.451172 0.490885 0.445312 0.503906 0.438477 0.513021 0.430664 0.511719 0.429688 0.513021 0.424805 0.513021 0.423828 0.514323 0.406250 0.515625 0.403320 0.518229 0.403320 0.522135 0.402344 0.523438 0.402344 0.549479 0.405273 0.553385 0.405273 0.555990 0.415039 0.571615 0.424805 0.576823 0.427734 0.576823 0.433594 0.580729 0.443359 0.580729 0.453125 0.569010 0.458008 0.559896 0.466797 0.524740 0.466797 0.518229 0.463867 0.510417 0.459961 0.503906 0.458008 0.497396
0 0.321289 0.501302 0.320312 0.505208 0.318359 0.506510 0.316406 0.519531 0.318359 0.553385 0.327148 0.569010 0.346680 0.583333 0.365234 0.583333 0.369141 0.585938 0.373047 0.585938 0.375977 0.582031 0.375977 0.579427 0.393555 0.555990 0.397461 0.553385 0.399414 0.548177 0.399414 0.533854 0.395508 0.518229 0.384766 0.510417 0.379883 0.502604 0.375977 0.500000 0.364258 0.497396 0.363281 0.492188 0.360352 0.492188 0.357422 0.494792 0.352539 0.493490 0.342773 0.496094 0.334961 0.500000 0.328125 0.500000 0.325195 0.497396 0.324219 0.500000
0 0.438477 0.415365 0.435547 0.417969 0.437500 0.423177 0.436523 0.425781 0.422852 0.427083 0.412109 0.434896 0.395508 0.436198 0.383789 0.442708 0.378906 0.467448 0.378906 0.488281 0.385742 0.507812 0.393555 0.513021 0.414062 0.513021 0.415039 0.511719 0.425781 0.511719 0.430664 0.509115 0.434570 0.509115 0.444336 0.500000 0.448242 0.492188 0.455078 0.483073 0.458008 0.481771 0.457031 0.458333 0.453125 0.442708
0 0.486328 0.367188 0.485352 0.367188 0.486328 0.371094 0.485352 0.372396 0.474609 0.375000 0.456055 0.393229 0.453125 0.398438 0.453125 0.415365 0.451172 0.417969 0.452148 0.434896 0.456055 0.445312 0.459961 0.462240 0.472656 0.476562 0.489258 0.475260 0.492188 0.471354 0.501953 0.464844 0.502930 0.462240 0.505859 0.460938 0.515625 0.450521 0.518555 0.445312 0.518555 0.438802 0.520508 0.432292 0.520508 0.419271 0.515625 0.404948 0.503906 0.385417 0.496094 0.380208 0.490234 0.371094 0.487305 0.371094
0 0.524414 0.467448 0.523438 0.468750 0.500977 0.470052 0.485352 0.481771 0.482422 0.481771 0.472656 0.493490 0.470703 0.501302 0.470703 0.506510 0.474609 0.514323 0.474609 0.519531 0.477539 0.526042 0.501953 0.561198 0.509766 0.567708 0.518555 0.566406 0.532227 0.555990 0.539062 0.544271 0.539062 0.541667 0.542969 0.532552 0.543945 0.524740 0.546875 0.518229 0.546875 0.507812 0.541992 0.496094 0.539062 0.492188 0.535156 0.480469
0 0.581055 0.574219 0.579102 0.574219 0.579102 0.576823 0.581055 0.579427 0.579102 0.583333 0.576172 0.579427 0.572266 0.583333 0.568359 0.582031 0.555664 0.582031 0.554688 0.583333 0.544922 0.583333 0.543945 0.584635 0.540039 0.583333 0.537109 0.587240 0.532227 0.583333 0.528320 0.588542 0.527344 0.592448 0.524414 0.595052 0.523438 0.609375 0.528320 0.615885 0.528320 0.625000 0.531250 0.632812 0.546875 0.654948 0.556641 0.664062 0.561523 0.665365 0.562500 0.664062 0.567383 0.664062 0.574219 0.660156 0.588867 0.645833 0.590820 0.645833 0.592773 0.641927 0.592773 0.615885 0.595703 0.608073 0.595703 0.601562 0.594727 0.598958 0.591797 0.604167 0.588867 0.601562 0.588867 0.596354 0.585938 0.592448 0.586914 0.585938 0.585938 0.580729
0 0.625000 0.552083 0.618164 0.555990 0.614258 0.561198 0.611328 0.562500 0.605469 0.571615 0.601562 0.572917 0.593750 0.585938 0.596680 0.591146 0.596680 0.595052 0.599609 0.605469 0.599609 0.610677 0.606445 0.621094 0.616211 0.626302 0.629883 0.626302 0.633789 0.628906 0.639648 0.628906 0.641602 0.625000 0.644531 0.622396 0.646484 0.622396 0.657227 0.610677 0.661133 0.602865 0.663086 0.593750 0.666992 0.585938 0.666992 0.576823 0.665039 0.571615 0.661133 0.569010 0.659180 0.566406 0.658203 0.562500 0.655273 0.559896 0.646484 0.555990 0.641602 0.555990 0.639648 0.553385 0.629883 0.553385 0.628906 0.552083
0 0.732422 0.574219 0.710938 0.558594 0.708984 0.558594 0.701172 0.569010 0.694336 0.574219 0.690430 0.579427 0.683594 0.579427 0.672852 0.571615 0.669922 0.576823 0.668945 0.585938 0.663086 0.600260 0.660156 0.611979 0.666992 0.623698 0.682617 0.639323 0.685547 0.640625 0.695312 0.640625 0.696289 0.639323 0.703125 0.640625 0.709961 0.638021 0.722656 0.628906 0.734375 0.606771 0.734375 0.600260 0.729492 0.591146 0.728516 0.584635 0.726562 0.580729 0.728516 0.576823 0.730469 0.576823
0 0.599609 0.462240 0.582031 0.473958 0.570312 0.479167 0.555664 0.477865 0.548828 0.472656 0.544922 0.481771 0.542969 0.493490 0.548828 0.506510 0.548828 0.519531 0.549805 0.523438 0.553711 0.529948 0.561523 0.536458 0.568359 0.546875 0.571289 0.548177 0.576172 0.544271 0.585938 0.544271 0.596680 0.539062 0.608398 0.522135 0.610352 0.513021 0.615234 0.509115 0.615234 0.494792 0.613281 0.490885 0.613281 0.486979 0.607422 0.476562 0.605469 0.470052
0 0.643555 0.489583 0.640625 0.496094 0.640625 0.501302 0.638672 0.507812 0.638672 0.518229 0.643555 0.540365 0.646484 0.542969 0.648438 0.549479 0.651367 0.550781 0.660156 0.561198 0.666016 0.562500 0.677734 0.571615 0.688477 0.576823 0.697266 0.570312 0.706055 0.559896 0.709961 0.552083 0.711914 0.542969 0.713867 0.510417 0.708008 0.503906 0.708008 0.497396 0.703125 0.496094 0.704102 0.492188 0.700195 0.490885 0.696289 0.485677 0.689453 0.485677 0.689453 0.488281 0.686523 0.490885 0.676758 0.492188 0.674805 0.489583 0.674805 0.486979 0.669922 0.480469 0.667969 0.480469 0.666016 0.476562 0.664062 0.476562 0.660156 0.480469 0.656250 0.480469 0.655273 0.483073 0.650391 0.486979
0 0.750000 0.486979 0.747070 0.486979 0.744141 0.490885 0.741211 0.492188 0.736328 0.497396 0.733398 0.497396 0.723633 0.503906 0.720703 0.503906 0.718750 0.505208 0.716797 0.509115 0.714844 0.540365 0.713867 0.541667 0.713867 0.546875 0.712891 0.549479 0.717773 0.559896 0.738281 0.575521 0.742188 0.575521 0.747070 0.570312 0.749023 0.570312 0.756836 0.565104 0.762695 0.555990 0.769531 0.550781 0.771484 0.545573 0.771484 0.539062 0.773438 0.532552 0.773438 0.519531 0.772461 0.516927 0.768555 0.513021 0.763672 0.505208 0.759766 0.501302 0.757812 0.496094
0 0.749023 0.420573 0.747070 0.419271 0.745117 0.420573 0.734375 0.420573 0.728516 0.424479 0.725586 0.424479 0.723633 0.427083 0.718750 0.428385 0.709961 0.442708 0.702148 0.445312 0.702148 0.450521 0.700195 0.455729 0.700195 0.459635 0.696289 0.468750 0.696289 0.473958 0.695312 0.476562 0.701172 0.486979 0.707031 0.490885 0.712891 0.500000 0.714844 0.501302 0.722656 0.501302 0.729492 0.496094 0.734375 0.494792 0.748047 0.483073 0.750977 0.481771 0.754883 0.476562 0.757812 0.451823 0.756836 0.450521 0.756836 0.445312 0.754883 0.437500
0 0.571289 0.381510 0.567383 0.381510 0.554688 0.397135 0.535156 0.406250 0.530273 0.414062 0.528320 0.420573 0.528320 0.429688 0.526367 0.433594 0.527344 0.442708 0.532227 0.449219 0.538086 0.453125 0.541992 0.462240 0.544922 0.464844 0.552734 0.467448 0.557617 0.475260 0.562500 0.477865 0.569336 0.477865 0.583008 0.471354 0.598633 0.459635 0.604492 0.450521 0.604492 0.425781 0.598633 0.404948 0.595703 0.403646 0.593750 0.397135 0.588867 0.393229 0.583984 0.386719
0 0.642578 0.394531 0.634766 0.394531 0.625000 0.399740 0.620117 0.404948 0.620117 0.407552 0.617188 0.410156 0.615234 0.414062 0.609375 0.416667 0.605469 0.421875 0.606445 0.425781 0.606445 0.453125 0.605469 0.455729 0.606445 0.457031 0.607422 0.470052 0.612305 0.480469 0.626953 0.490885 0.631836 0.490885 0.635742 0.486979 0.641602 0.485677 0.649414 0.479167 0.664062 0.460938 0.666016 0.455729 0.665039 0.436198 0.664062 0.434896 0.664062 0.428385 0.662109 0.424479 0.662109 0.412760 0.658203 0.407552 0.648438 0.401042 0.646484 0.397135
0 0.560547 0.303385 0.543945 0.296875 0.540039 0.302083 0.535156 0.303385 0.513672 0.332031 0.504883 0.341146 0.501953 0.341146 0.499023 0.346354 0.499023 0.373698 0.511719 0.394531 0.517578 0.398438 0.521484 0.398438 0.526367 0.401042 0.542969 0.399740 0.554688 0.394531 0.567383 0.377604 0.569336 0.377604 0.572266 0.372396 0.572266 0.361979 0.573242 0.360677 0.573242 0.346354 0.571289 0.335938 0.571289 0.324219 0.567383 0.312500
0 0.570312 0.303385 0.571289 0.308594 0.570312 0.315104 0.573242 0.321615 0.573242 0.335938 0.575195 0.342448 0.576172 0.363281 0.582031 0.382812 0.588867 0.386719 0.595703 0.393229 0.603516 0.394531 0.606445 0.397135 0.614258 0.399740 0.620117 0.399740 0.629883 0.393229 0.635742 0.391927 0.643555 0.376302 0.647461 0.354167 0.645508 0.324219 0.643555 0.322917 0.641602 0.317708 0.634766 0.313802 0.627930 0.304688 0.614258 0.299479 0.607422 0.292969 0.598633 0.294271 0.596680 0.291667 0.592773 0.290365 0.585938 0.290365 0.581055 0.292969 0.577148 0.298177
0 0.671875 0.319010 0.668945 0.317708 0.666016 0.320312 0.662109 0.320312 0.661133 0.321615 0.656250 0.321615 0.655273 0.322917 0.648438 0.322917 0.646484 0.325521 0.646484 0.329427 0.647461 0.330729 0.647461 0.342448 0.648438 0.343750 0.648438 0.356771 0.647461 0.358073 0.647461 0.364583 0.646484 0.365885 0.646484 0.368490 0.645508 0.369792 0.645508 0.375000 0.644531 0.376302 0.645508 0.378906 0.658203 0.378906 0.664062 0.375000 0.666016 0.375000 0.666992 0.373698 0.671875 0.372396 0.677734 0.367188 0.677734 0.364583 0.679688 0.360677 0.679688 0.356771 0.680664 0.355469 0.680664 0.342448 0.677734 0.335938 0.677734 0.330729 0.675781 0.328125 0.675781 0.326823 0.673828 0.324219
0 0.797852 0.415365 0.790039 0.420573 0.785156 0.425781 0.780273 0.427083 0.779297 0.428385 0.777344 0.427083 0.760742 0.425781 0.756836 0.423177 0.752930 0.423177 0.752930 0.429688 0.755859 0.436198 0.755859 0.438802 0.757812 0.444010 0.757812 0.449219 0.758789 0.450521 0.758789 0.459635 0.757812 0.460938 0.757812 0.466146 0.756836 0.467448 0.756836 0.472656 0.755859 0.473958 0.755859 0.479167 0.754883 0.480469 0.755859 0.486979 0.757812 0.486979 0.760742 0.489583 0.766602 0.489583 0.769531 0.486979 0.776367 0.485677 0.784180 0.480469 0.792969 0.468750 0.797852 0.466146 0.799805 0.463542 0.801758 0.458333 0.801758 0.429688 0.799805 0.425781 0.799805 0.417969
0 0.758789 0.326823 0.754883 0.333333 0.747070 0.335938 0.737305 0.346354 0.738281 0.348958 0.738281 0.358073 0.736328 0.363281 0.737305 0.381510 0.744141 0.390625 0.746094 0.403646 0.749023 0.407552 0.748047 0.412760 0.754883 0.412760 0.762695 0.424479 0.781250 0.425781 0.791016 0.419271 0.792969 0.415365 0.797852 0.411458 0.797852 0.407552 0.801758 0.402344 0.805664 0.391927 0.806641 0.369792 0.804688 0.359375 0.806641 0.355469 0.805664 0.352865 0.801758 0.354167 0.792969 0.342448 0.786133 0.337240 0.757812 0.343750 0.756836 0.341146 0.758789 0.338542 0.763672 0.338542 0.767578 0.332031 0.782227 0.330729 0.780273 0.329427 0.774414 0.330729
0 0.700195 0.251302 0.704102 0.257812 0.700195 0.266927 0.698242 0.277344 0.699219 0.287760 0.702148 0.290365 0.706055 0.302083 0.709961 0.307292 0.709961 0.309896 0.712891 0.315104 0.711914 0.317708 0.712891 0.324219 0.715820 0.325521 0.724609 0.324219 0.730469 0.329427 0.740234 0.329427 0.751953 0.322917 0.770508 0.304688 0.773438 0.303385 0.778320 0.270833 0.778320 0.255208 0.774414 0.251302 0.770508 0.255208 0.763672 0.247396 0.757812 0.247396 0.748047 0.242188 0.724609 0.238281 0.720703 0.235677 0.715820 0.235677 0.710938 0.240885 0.709961 0.247396 0.705078 0.252604 0.702148 0.250000
0 0.685547 0.246094 0.673828 0.239583 0.671875 0.240885 0.670898 0.246094 0.666992 0.251302 0.664062 0.252604 0.659180 0.252604 0.654297 0.255208 0.647461 0.255208 0.646484 0.253906 0.634766 0.252604 0.632812 0.255208 0.632812 0.257812 0.629883 0.263021 0.626953 0.272135 0.624023 0.298177 0.628906 0.303385 0.632812 0.304688 0.637695 0.308594 0.643555 0.315104 0.647461 0.321615 0.659180 0.320312 0.680664 0.307292 0.693359 0.287760 0.692383 0.286458 0.692383 0.274740 0.690430 0.266927 0.690430 0.260417 0.689453 0.259115 0.689453 0.255208 0.687500 0.252604
0 0.579102 0.196615 0.576172 0.195312 0.560547 0.195312 0.556641 0.197917 0.545898 0.200521 0.534180 0.208333 0.528320 0.218750 0.524414 0.222656 0.522461 0.222656 0.520508 0.230469 0.523438 0.242188 0.523438 0.251302 0.522461 0.252604 0.523438 0.257812 0.522461 0.261719 0.525391 0.266927 0.526367 0.272135 0.525391 0.277344 0.536133 0.286458 0.541992 0.289062 0.547852 0.289062 0.551758 0.285156 0.562500 0.285156 0.567383 0.287760 0.573242 0.286458 0.578125 0.283854 0.583984 0.277344 0.591797 0.255208 0.591797 0.251302 0.593750 0.247396 0.596680 0.231771 0.588867 0.212240 0.588867 0.209635
0 0.672852 0.149740 0.653320 0.148438 0.646484 0.152344 0.633789 0.169271 0.628906 0.180990 0.626953 0.190104 0.622070 0.199219 0.623047 0.209635 0.618164 0.213542 0.617188 0.221354 0.625000 0.233073 0.625977 0.236979 0.636719 0.250000 0.645508 0.252604 0.656250 0.252604 0.666016 0.248698 0.667969 0.243490 0.676758 0.230469 0.677734 0.226562 0.688477 0.210938 0.691406 0.201823 0.697266 0.192708 0.697266 0.177083 0.693359 0.169271 0.685547 0.158854
0 0.541992 0.092448 0.525391 0.093750 0.515625 0.096354 0.508789 0.101562 0.509766 0.106771 0.512695 0.109375 0.516602 0.109375 0.520508 0.101562 0.522461 0.104167 0.522461 0.111979 0.520508 0.114583 0.516602 0.111979 0.508789 0.117188 0.506836 0.128906 0.501953 0.141927 0.501953 0.169271 0.507812 0.180990 0.509766 0.187500 0.509766 0.195312 0.520508 0.203125 0.527344 0.205729 0.534180 0.205729 0.545898 0.197917 0.569336 0.190104 0.569336 0.183594 0.573242 0.174479 0.573242 0.169271 0.577148 0.153646 0.576172 0.147135 0.580078 0.140625 0.583984 0.138021 0.584961 0.134115 0.583984 0.126302 0.576172 0.123698 0.573242 0.117188 0.562500 0.105469 0.553711 0.101562 0.550781 0.096354
