0 0.048828 0.575521 0.041016 0.587240 0.037109 0.597656 0.037109 0.610677 0.038086 0.611979 0.038086 0.621094 0.039062 0.622396 0.040039 0.632812 0.043945 0.636719 0.045898 0.636719 0.050781 0.640625 0.056641 0.640625 0.057617 0.641927 0.062500 0.641927 0.063477 0.643229 0.067383 0.643229 0.068359 0.644531 0.082031 0.644531 0.083008 0.643229 0.085938 0.643229 0.090820 0.639323 0.092773 0.634115 0.094727 0.631510 0.096680 0.631510 0.097656 0.627604 0.100586 0.623698 0.100586 0.618490 0.101562 0.617188 0.099609 0.610677 0.099609 0.606771 0.096680 0.602865 0.096680 0.595052 0.092773 0.588542 0.084961 0.583333 0.080078 0.582031 0.078125 0.579427 0.074219 0.578125 0.072266 0.575521 0.070312 0.575521 0.069336 0.574219 0.066406 0.574219 0.065430 0.575521 0.050781 0.574219
0 0.075195 0.526042 0.072266 0.529948 0.068359 0.537760 0.068359 0.540365 0.067383 0.541667 0.067383 0.549479 0.068359 0.550781 0.068359 0.554688 0.070312 0.561198 0.070312 0.571615 0.071289 0.574219 0.075195 0.576823 0.077148 0.576823 0.085938 0.583333 0.087891 0.583333 0.088867 0.584635 0.093750 0.584635 0.094727 0.585938 0.095703 0.584635 0.103516 0.583333 0.104492 0.582031 0.111328 0.582031 0.116211 0.575521 0.122070 0.563802 0.123047 0.542969 0.122070 0.541667 0.120117 0.532552 0.112305 0.522135 0.104492 0.516927 0.090820 0.516927 0.089844 0.518229 0.083984 0.519531
0 0.076172 0.451823 0.072266 0.451823 0.071289 0.453125 0.062500 0.453125 0.061523 0.454427 0.058594 0.454427 0.054688 0.457031 0.052734 0.459635 0.051758 0.459635 0.047852 0.466146 0.045898 0.471354 0.045898 0.473958 0.043945 0.479167 0.041992 0.481771 0.042969 0.483073 0.042969 0.488281 0.043945 0.489583 0.043945 0.492188 0.050781 0.510417 0.054688 0.515625 0.058594 0.516927 0.061523 0.519531 0.072266 0.520833 0.073242 0.519531 0.077148 0.519531 0.083984 0.514323 0.088867 0.513021 0.090820 0.509115 0.091797 0.503906 0.093750 0.501302 0.092773 0.498698 0.093750 0.492188 0.090820 0.485677 0.090820 0.483073 0.085938 0.473958 0.083984 0.467448 0.080078 0.460938 0.079102 0.455729
0 0.118164 0.417969 0.115234 0.417969 0.114258 0.416667 0.101562 0.416667 0.093750 0.420573 0.089844 0.420573 0.082031 0.425781 0.079102 0.429688 0.077148 0.434896 0.077148 0.437500 0.076172 0.438802 0.076172 0.445312 0.079102 0.453125 0.082031 0.457031 0.083984 0.462240 0.083984 0.464844 0.091797 0.481771 0.091797 0.484375 0.094727 0.490885 0.103516 0.492188 0.104492 0.490885 0.110352 0.489583 0.113281 0.486979 0.116211 0.486979 0.123047 0.481771 0.123047 0.480469 0.119141 0.479167 0.116211 0.475260 0.117188 0.472656 0.120117 0.470052 0.121094 0.464844 0.123047 0.463542 0.125000 0.458333 0.125000 0.445312 0.121094 0.434896 0.117188 0.428385 0.119141 0.424479 0.123047 0.424479 0.123047 0.423177
0 0.068359 0.347656 0.063477 0.354167 0.061523 0.359375 0.061523 0.361979 0.057617 0.372396 0.057617 0.376302 0.056641 0.377604 0.056641 0.382812 0.055664 0.384115 0.055664 0.389323 0.054688 0.390625 0.054688 0.393229 0.055664 0.395833 0.059570 0.399740 0.061523 0.404948 0.069336 0.411458 0.071289 0.411458 0.074219 0.414062 0.082031 0.416667 0.083984 0.419271 0.089844 0.419271 0.090820 0.417969 0.092773 0.417969 0.100586 0.411458 0.101562 0.408854 0.101562 0.375000 0.102539 0.373698 0.101562 0.360677 0.093750 0.351562 0.089844 0.350260 0.088867 0.348958 0.086914 0.348958 0.085938 0.347656 0.083984 0.347656 0.083008 0.346354 0.078125 0.346354 0.077148 0.345052 0.075195 0.345052 0.074219 0.346354
0 0.149414 0.338542 0.146484 0.342448 0.143555 0.343750 0.142578 0.346354 0.136719 0.352865 0.134766 0.358073 0.134766 0.361979 0.132812 0.368490 0.132812 0.373698 0.130859 0.377604 0.130859 0.384115 0.131836 0.386719 0.135742 0.389323 0.141602 0.397135 0.148438 0.402344 0.155273 0.403646 0.156250 0.402344 0.159180 0.402344 0.162109 0.399740 0.163086 0.402344 0.165039 0.403646 0.168945 0.403646 0.169922 0.404948 0.177734 0.403646 0.178711 0.402344 0.175781 0.399740 0.167969 0.401042 0.164062 0.398438 0.166992 0.395833 0.168945 0.391927 0.171875 0.390625 0.173828 0.386719 0.177734 0.385417 0.180664 0.380208 0.180664 0.377604 0.181641 0.376302 0.181641 0.361979 0.180664 0.360677 0.180664 0.352865 0.179688 0.351562 0.180664 0.346354 0.172852 0.341146 0.166016 0.339844 0.158203 0.335938 0.154297 0.335938
0 0.207031 0.416667 0.203125 0.412760 0.201172 0.412760 0.196289 0.408854 0.188477 0.408854 0.187500 0.410156 0.181641 0.410156 0.180664 0.411458 0.171875 0.411458 0.169922 0.412760 0.167969 0.417969 0.167969 0.420573 0.163086 0.433594 0.163086 0.446615 0.162109 0.449219 0.163086 0.450521 0.163086 0.453125 0.165039 0.458333 0.168945 0.463542 0.169922 0.463542 0.169922 0.462240 0.172852 0.458333 0.173828 0.455729 0.173828 0.453125 0.175781 0.449219 0.190430 0.449219 0.191406 0.450521 0.201172 0.450521 0.203125 0.447917 0.203125 0.444010 0.205078 0.438802 0.205078 0.433594 0.207031 0.429688
0 0.174805 0.450521 0.174805 0.454427 0.168945 0.467448 0.168945 0.471354 0.166992 0.475260 0.166992 0.477865 0.162109 0.492188 0.162109 0.502604 0.166992 0.510417 0.168945 0.510417 0.171875 0.514323 0.173828 0.514323 0.176758 0.516927 0.179688 0.516927 0.186523 0.520833 0.198242 0.520833 0.199219 0.522135 0.206055 0.522135 0.209961 0.518229 0.211914 0.518229 0.215820 0.511719 0.215820 0.507812 0.220703 0.496094 0.219727 0.489583 0.218750 0.488281 0.220703 0.479167 0.217773 0.471354 0.210938 0.460938 0.210938 0.459635 0.208008 0.455729 0.203125 0.451823 0.189453 0.451823 0.188477 0.450521 0.182617 0.450521 0.181641 0.449219 0.176758 0.449219
0 0.145508 0.541667 0.144531 0.544271 0.144531 0.552083 0.145508 0.553385 0.146484 0.561198 0.149414 0.569010 0.156250 0.578125 0.158203 0.584635 0.166992 0.584635 0.170898 0.587240 0.176758 0.587240 0.180664 0.589844 0.183594 0.588542 0.193359 0.588542 0.200195 0.584635 0.202148 0.582031 0.204102 0.575521 0.208008 0.571615 0.208984 0.569010 0.209961 0.557292 0.208008 0.550781 0.207031 0.552083 0.206055 0.561198 0.205078 0.562500 0.203125 0.559896 0.203125 0.552083 0.205078 0.548177 0.204102 0.546875 0.204102 0.542969 0.203125 0.541667 0.201172 0.529948 0.200195 0.528646 0.197266 0.528646 0.195312 0.526042 0.190430 0.523438 0.187500 0.523438 0.182617 0.520833 0.174805 0.520833 0.164062 0.528646 0.158203 0.531250 0.154297 0.536458 0.149414 0.537760
0 0.146484 0.567708 0.137695 0.569010 0.130859 0.574219 0.124023 0.576823 0.116211 0.582031 0.109375 0.591146 0.104492 0.604167 0.104492 0.622396 0.105469 0.623698 0.105469 0.626302 0.110352 0.634115 0.125000 0.643229 0.128906 0.643229 0.129883 0.644531 0.137695 0.644531 0.142578 0.641927 0.148438 0.634115 0.149414 0.634115 0.154297 0.627604 0.155273 0.627604 0.157227 0.621094 0.157227 0.610677 0.159180 0.605469 0.158203 0.604167 0.158203 0.593750 0.155273 0.584635 0.155273 0.579427 0.153320 0.575521
0 0.188477 0.592448 0.180664 0.597656 0.168945 0.615885 0.168945 0.618490 0.166992 0.621094 0.166992 0.623698 0.164062 0.626302 0.160156 0.626302 0.158203 0.631510 0.162109 0.632812 0.166016 0.636719 0.168945 0.649740 0.173828 0.657552 0.188477 0.670573 0.197266 0.670573 0.205078 0.665365 0.210938 0.656250 0.212891 0.647135 0.214844 0.643229 0.212891 0.638021 0.214844 0.632812 0.220703 0.625000 0.223633 0.626302 0.226562 0.621094 0.223633 0.615885 0.214844 0.606771 0.214844 0.598958 0.213867 0.596354 0.208008 0.593750 0.197266 0.595052 0.194336 0.592448
0 0.168945 0.656250 0.153320 0.657552 0.148438 0.661458 0.146484 0.661458 0.142578 0.664062 0.134766 0.673177 0.130859 0.682292 0.130859 0.684896 0.128906 0.690104 0.126953 0.703125 0.133789 0.714844 0.141602 0.722656 0.141602 0.725260 0.144531 0.730469 0.148438 0.731771 0.151367 0.734375 0.156250 0.734375 0.163086 0.730469 0.166016 0.730469 0.179688 0.721354 0.181641 0.714844 0.181641 0.709635 0.184570 0.704427 0.185547 0.699219 0.187500 0.695312 0.184570 0.684896 0.180664 0.678385 0.184570 0.674479 0.180664 0.670573 0.180664 0.667969 0.179688 0.667969 0.177734 0.664062 0.174805 0.662760
0 0.215820 0.664062 0.214844 0.665365 0.211914 0.665365 0.209961 0.666667 0.205078 0.673177 0.203125 0.679688 0.192383 0.692708 0.185547 0.707031 0.185547 0.709635 0.184570 0.710938 0.184570 0.716146 0.186523 0.718750 0.188477 0.723958 0.189453 0.723958 0.191406 0.726562 0.199219 0.727865 0.204102 0.731771 0.209961 0.731771 0.210938 0.733073 0.220703 0.734375 0.227539 0.730469 0.228516 0.725260 0.231445 0.721354 0.232422 0.717448 0.234375 0.714844 0.235352 0.707031 0.237305 0.703125 0.237305 0.699219 0.240234 0.695312 0.240234 0.694010 0.237305 0.690104 0.234375 0.682292 0.234375 0.679688 0.227539 0.670573 0.226562 0.667969 0.222656 0.666667 0.221680 0.665365 0.217773 0.665365
0 0.279297 0.688802 0.266602 0.690104 0.263672 0.692708 0.259766 0.692708 0.250000 0.699219 0.248047 0.699219 0.241211 0.705729 0.238281 0.712240 0.234375 0.717448 0.229492 0.730469 0.229492 0.734375 0.228516 0.735677 0.229492 0.742188 0.231445 0.744792 0.236328 0.746094 0.240234 0.751302 0.243164 0.760417 0.246094 0.765625 0.247070 0.770833 0.249023 0.773438 0.257812 0.773438 0.263672 0.770833 0.268555 0.766927 0.271484 0.763021 0.272461 0.757812 0.285156 0.739583 0.288086 0.733073 0.289062 0.727865 0.292969 0.722656 0.294922 0.722656 0.295898 0.720052 0.295898 0.713542 0.292969 0.709635 0.291016 0.709635 0.289062 0.707031 0.289062 0.703125 0.286133 0.697917 0.286133 0.695312 0.283203 0.694010 0.282227 0.691406
0 0.323242 0.740885 0.317383 0.736979 0.297852 0.734375 0.288086 0.740885 0.274414 0.757812 0.273438 0.761719 0.273438 0.777344 0.272461 0.778646 0.272461 0.798177 0.276367 0.809896 0.280273 0.815104 0.287109 0.820312 0.299805 0.820312 0.304688 0.816406 0.310547 0.813802 0.315430 0.808594 0.318359 0.807292 0.322266 0.799479 0.322266 0.796875 0.325195 0.792969 0.327148 0.786458 0.330078 0.782552 0.330078 0.777344 0.328125 0.774740 0.328125 0.772135 0.331055 0.766927 0.331055 0.761719 0.332031 0.760417 0.332031 0.756510 0.330078 0.753906 0.329102 0.748698
0 0.366211 0.684896 0.348633 0.684896 0.343750 0.688802 0.339844 0.690104 0.325195 0.708333 0.324219 0.712240 0.322266 0.714844 0.322266 0.727865 0.323242 0.729167 0.323242 0.731771 0.325195 0.734375 0.326172 0.739583 0.330078 0.747396 0.336914 0.755208 0.343750 0.759115 0.350586 0.759115 0.351562 0.760417 0.353516 0.760417 0.354492 0.759115 0.358398 0.759115 0.359375 0.757812 0.364258 0.756510 0.374023 0.746094 0.375000 0.740885 0.371094 0.736979 0.371094 0.733073 0.370117 0.731771 0.371094 0.729167 0.371094 0.725260 0.370117 0.723958 0.369141 0.709635 0.367188 0.703125 0.367188 0.694010 0.368164 0.692708 0.368164 0.688802
0 0.324219 0.627604 0.318359 0.627604 0.309570 0.631510 0.307617 0.634115 0.300781 0.636719 0.292969 0.643229 0.286133 0.653646 0.283203 0.662760 0.283203 0.667969 0.277344 0.678385 0.279297 0.683594 0.280273 0.683594 0.300781 0.708333 0.311523 0.716146 0.315430 0.716146 0.319336 0.713542 0.328125 0.699219 0.334961 0.691406 0.336914 0.684896 0.336914 0.680990 0.335938 0.679688 0.336914 0.677083 0.343750 0.669271 0.343750 0.661458 0.342773 0.660156 0.343750 0.652344 0.341797 0.648438 0.341797 0.640625 0.338867 0.636719 0.334961 0.635417 0.332031 0.631510 0.330078 0.631510
0 0.248047 0.610677 0.244141 0.613281 0.242188 0.617188 0.229492 0.634115 0.225586 0.636719 0.222656 0.640625 0.221680 0.643229 0.221680 0.648438 0.227539 0.662760 0.228516 0.667969 0.233398 0.675781 0.241211 0.680990 0.246094 0.682292 0.250977 0.686198 0.258789 0.687500 0.266602 0.682292 0.269531 0.678385 0.270508 0.678385 0.277344 0.667969 0.278320 0.667969 0.281250 0.660156 0.282227 0.652344 0.280273 0.648438 0.280273 0.644531 0.277344 0.638021 0.275391 0.626302 0.272461 0.622396 0.272461 0.621094 0.267578 0.617188 0.263672 0.611979 0.259766 0.611979 0.258789 0.610677
0 0.244141 0.544271 0.239258 0.544271 0.238281 0.545573 0.235352 0.545573 0.229492 0.552083 0.228516 0.552083 0.223633 0.558594 0.222656 0.558594 0.217773 0.571615 0.217773 0.574219 0.213867 0.580729 0.213867 0.587240 0.216797 0.589844 0.220703 0.600260 0.229492 0.611979 0.231445 0.611979 0.232422 0.613281 0.241211 0.613281 0.247070 0.606771 0.250000 0.606771 0.250977 0.608073 0.257812 0.608073 0.261719 0.604167 0.261719 0.601562 0.263672 0.597656 0.263672 0.593750 0.264648 0.592448 0.264648 0.589844 0.261719 0.583333 0.261719 0.580729 0.258789 0.572917 0.258789 0.570312 0.255859 0.563802 0.253906 0.553385 0.249023 0.546875 0.247070 0.546875
0 0.290039 0.522135 0.279297 0.522135 0.274414 0.526042 0.267578 0.533854 0.261719 0.546875 0.256836 0.554688 0.256836 0.563802 0.259766 0.570312 0.259766 0.572917 0.261719 0.576823 0.261719 0.579427 0.263672 0.584635 0.270508 0.593750 0.272461 0.593750 0.280273 0.598958 0.284180 0.598958 0.289062 0.592448 0.292969 0.589844 0.302734 0.588542 0.303711 0.587240 0.306641 0.587240 0.311523 0.584635 0.313477 0.582031 0.318359 0.566406 0.318359 0.558594 0.313477 0.548177 0.311523 0.539062 0.307617 0.533854 0.307617 0.532552 0.301758 0.528646 0.299805 0.526042 0.297852 0.526042 0.293945 0.523438 0.291016 0.523438
0 0.250977 0.471354 0.244141 0.476562 0.239258 0.477865 0.231445 0.484375 0.221680 0.498698 0.220703 0.501302 0.220703 0.509115 0.221680 0.510417 0.221680 0.515625 0.222656 0.516927 0.222656 0.522135 0.231445 0.528646 0.233398 0.531250 0.244141 0.537760 0.246094 0.540365 0.248047 0.540365 0.250977 0.542969 0.259766 0.544271 0.263672 0.539062 0.266602 0.532552 0.273438 0.523438 0.277344 0.513021 0.275391 0.507812 0.275391 0.502604 0.274414 0.501302 0.274414 0.483073 0.271484 0.481771 0.270508 0.479167 0.267578 0.476562 0.265625 0.476562 0.255859 0.471354
0 0.225586 0.403646 0.216797 0.408854 0.210938 0.415365 0.209961 0.420573 0.208984 0.421875 0.207031 0.436198 0.204102 0.445312 0.204102 0.449219 0.206055 0.451823 0.207031 0.451823 0.208984 0.454427 0.208984 0.455729 0.218750 0.468750 0.228516 0.475260 0.234375 0.475260 0.243164 0.470052 0.247070 0.464844 0.250000 0.463542 0.252930 0.458333 0.252930 0.450521 0.254883 0.445312 0.253906 0.433594 0.251953 0.429688 0.251953 0.416667 0.252930 0.415365 0.252930 0.412760 0.250000 0.408854 0.248047 0.408854 0.247070 0.407552 0.245117 0.407552 0.238281 0.403646
0 0.278320 0.388021 0.275391 0.390625 0.264648 0.404948 0.263672 0.404948 0.256836 0.412760 0.256836 0.414062 0.253906 0.417969 0.253906 0.428385 0.254883 0.429688 0.254883 0.434896 0.255859 0.436198 0.255859 0.438802 0.259766 0.447917 0.264648 0.451823 0.273438 0.454427 0.282227 0.460938 0.286133 0.460938 0.290039 0.458333 0.297852 0.449219 0.300781 0.449219 0.305664 0.446615 0.307617 0.442708 0.311523 0.438802 0.311523 0.423177 0.309570 0.417969 0.309570 0.412760 0.308594 0.411458 0.308594 0.408854 0.303711 0.401042 0.292969 0.393229 0.291016 0.393229 0.284180 0.389323
0 0.299805 0.451823 0.295898 0.454427 0.290039 0.462240 0.289062 0.462240 0.279297 0.476562 0.277344 0.481771 0.276367 0.490885 0.275391 0.492188 0.276367 0.494792 0.276367 0.502604 0.278320 0.507812 0.282227 0.513021 0.284180 0.513021 0.288086 0.515625 0.291992 0.515625 0.299805 0.520833 0.302734 0.520833 0.305664 0.523438 0.311523 0.524740 0.312500 0.523438 0.321289 0.522135 0.323242 0.520833 0.324219 0.516927 0.327148 0.513021 0.328125 0.509115 0.332031 0.503906 0.333008 0.500000 0.338867 0.493490 0.338867 0.486979 0.337891 0.485677 0.337891 0.481771 0.335938 0.477865 0.335938 0.475260 0.333984 0.471354 0.333008 0.462240 0.330078 0.459635 0.323242 0.458333 0.317383 0.454427 0.312500 0.454427 0.308594 0.451823
0 0.203125 0.365885 0.202148 0.368490 0.202148 0.371094 0.201172 0.372396 0.201172 0.391927 0.202148 0.393229 0.202148 0.397135 0.203125 0.398438 0.203125 0.401042 0.206055 0.408854 0.208984 0.412760 0.211914 0.412760 0.220703 0.404948 0.222656 0.404948 0.223633 0.403646 0.225586 0.403646 0.226562 0.402344 0.240234 0.402344 0.242188 0.401042 0.242188 0.399740 0.248047 0.391927 0.249023 0.389323 0.249023 0.385417 0.247070 0.381510 0.243164 0.381510 0.238281 0.385417 0.234375 0.385417 0.232422 0.384115 0.224609 0.373698 0.222656 0.368490 0.222656 0.365885 0.221680 0.364583 0.221680 0.359375 0.219727 0.356771 0.214844 0.356771 0.213867 0.358073 0.211914 0.358073 0.206055 0.361979
0 0.261719 0.313802 0.259766 0.312500 0.249023 0.312500 0.248047 0.311198 0.243164 0.311198 0.242188 0.312500 0.236328 0.313802 0.235352 0.315104 0.228516 0.315104 0.224609 0.317708 0.219727 0.324219 0.217773 0.329427 0.217773 0.333333 0.216797 0.334635 0.217773 0.337240 0.217773 0.342448 0.218750 0.343750 0.218750 0.351562 0.223633 0.360677 0.223633 0.367188 0.226562 0.376302 0.227539 0.376302 0.233398 0.384115 0.238281 0.384115 0.246094 0.378906 0.250000 0.378906 0.250977 0.380208 0.252930 0.380208 0.253906 0.378906 0.253906 0.375000 0.254883 0.372396 0.259766 0.365885 0.260742 0.367188 0.263672 0.367188 0.264648 0.365885 0.264648 0.363281 0.265625 0.361979 0.264648 0.359375 0.264648 0.326823 0.263672 0.325521 0.263672 0.317708
0 0.294922 0.329427 0.292969 0.332031 0.292969 0.333333 0.284180 0.343750 0.279297 0.354167 0.279297 0.358073 0.278320 0.359375 0.278320 0.369792 0.279297 0.371094 0.279297 0.375000 0.284180 0.386719 0.290039 0.390625 0.291992 0.390625 0.298828 0.395833 0.300781 0.395833 0.306641 0.399740 0.307617 0.398438 0.315430 0.398438 0.319336 0.393229 0.320312 0.393229 0.322266 0.390625 0.322266 0.389323 0.324219 0.388021 0.325195 0.385417 0.327148 0.382812 0.328125 0.382812 0.331055 0.377604 0.333008 0.376302 0.333008 0.372396 0.333984 0.371094 0.333984 0.361979 0.332031 0.359375 0.329102 0.351562 0.321289 0.341146 0.320312 0.337240 0.313477 0.333333 0.304688 0.332031 0.303711 0.330729 0.300781 0.330729 0.299805 0.329427
0 0.197266 0.294271 0.193359 0.299479 0.190430 0.300781 0.186523 0.305990 0.183594 0.315104 0.180664 0.320312 0.180664 0.332031 0.183594 0.337240 0.183594 0.338542 0.184570 0.338542 0.187500 0.343750 0.188477 0.343750 0.191406 0.347656 0.192383 0.347656 0.196289 0.352865 0.196289 0.354167 0.198242 0.355469 0.199219 0.358073 0.205078 0.360677 0.211914 0.355469 0.213867 0.355469 0.216797 0.351562 0.216797 0.342448 0.215820 0.341146 0.215820 0.330729 0.217773 0.325521 0.225586 0.313802 0.223633 0.308594 0.224609 0.307292 0.224609 0.303385 0.223633 0.303385 0.219727 0.298177 0.215820 0.298177 0.214844 0.296875 0.206055 0.296875 0.205078 0.295573 0.198242 0.295573
0 0.147461 0.287760 0.138672 0.300781 0.137695 0.303385 0.137695 0.305990 0.136719 0.307292 0.136719 0.319010 0.137695 0.320312 0.137695 0.324219 0.138672 0.325521 0.138672 0.330729 0.141602 0.335938 0.141602 0.337240 0.142578 0.338542 0.145508 0.334635 0.150391 0.334635 0.151367 0.333333 0.157227 0.333333 0.158203 0.334635 0.162109 0.334635 0.163086 0.335938 0.166016 0.335938 0.166992 0.337240 0.174805 0.337240 0.174805 0.335938 0.177734 0.332031 0.178711 0.329427 0.178711 0.321615 0.179688 0.320312 0.179688 0.315104 0.180664 0.313802 0.180664 0.309896 0.181641 0.308594 0.181641 0.302083 0.180664 0.299479 0.176758 0.294271 0.174805 0.294271 0.173828 0.292969 0.168945 0.292969 0.167969 0.291667 0.166016 0.291667 0.158203 0.286458 0.156250 0.287760
0 0.164062 0.225260 0.157227 0.235677 0.157227 0.239583 0.156250 0.240885 0.156250 0.243490 0.157227 0.244792 0.157227 0.251302 0.159180 0.256510 0.161133 0.259115 0.163086 0.265625 0.172852 0.278646 0.176758 0.281250 0.179688 0.281250 0.182617 0.283854 0.188477 0.285156 0.189453 0.286458 0.195312 0.286458 0.197266 0.285156 0.208008 0.270833 0.210938 0.263021 0.208984 0.256510 0.207031 0.253906 0.207031 0.250000 0.208008 0.247396 0.207031 0.246094 0.205078 0.246094 0.203125 0.243490 0.203125 0.240885 0.202148 0.239583 0.202148 0.235677 0.205078 0.231771 0.199219 0.229167 0.198242 0.226562 0.194336 0.223958 0.193359 0.221354 0.191406 0.220052 0.170898 0.221354
0 0.267578 0.222656 0.265625 0.222656 0.264648 0.223958 0.261719 0.223958 0.258789 0.226562 0.253906 0.227865 0.252930 0.229167 0.250000 0.230469 0.248047 0.233073 0.247070 0.233073 0.240234 0.242188 0.240234 0.243490 0.238281 0.247396 0.238281 0.250000 0.236328 0.252604 0.236328 0.255208 0.235352 0.256510 0.235352 0.259115 0.236328 0.260417 0.236328 0.264323 0.240234 0.269531 0.243164 0.270833 0.245117 0.273438 0.246094 0.273438 0.249023 0.276042 0.250977 0.276042 0.253906 0.278646 0.255859 0.278646 0.259766 0.282552 0.266602 0.282552 0.270508 0.277344 0.271484 0.268229 0.275391 0.261719 0.275391 0.239583 0.274414 0.238281 0.273438 0.229167 0.270508 0.223958 0.268555 0.223958
0 0.301758 0.238281 0.296875 0.240885 0.294922 0.244792 0.289062 0.248698 0.283203 0.256510 0.277344 0.261719 0.273438 0.266927 0.272461 0.269531 0.272461 0.274740 0.278320 0.290365 0.282227 0.295573 0.291992 0.303385 0.294922 0.303385 0.297852 0.305990 0.299805 0.305990 0.300781 0.304688 0.304688 0.304688 0.306641 0.305990 0.310547 0.303385 0.316406 0.295573 0.316406 0.294271 0.322266 0.285156 0.324219 0.287760 0.325195 0.292969 0.326172 0.292969 0.326172 0.291667 0.330078 0.287760 0.330078 0.285156 0.331055 0.283854 0.333008 0.283854 0.333008 0.282552 0.330078 0.283854 0.327148 0.281250 0.327148 0.276042 0.328125 0.274740 0.328125 0.269531 0.329102 0.268229 0.327148 0.261719 0.321289 0.253906 0.320312 0.250000 0.317383 0.246094 0.309570 0.240885
0 0.270508 0.279948 0.265625 0.286458 0.264648 0.286458 0.261719 0.290365 0.261719 0.291667 0.260742 0.292969 0.260742 0.295573 0.259766 0.296875 0.259766 0.300781 0.260742 0.302083 0.260742 0.308594 0.261719 0.309896 0.261719 0.311198 0.262695 0.311198 0.264648 0.313802 0.265625 0.313802 0.268555 0.316406 0.270508 0.316406 0.274414 0.321615 0.275391 0.321615 0.276367 0.322917 0.277344 0.322917 0.278320 0.324219 0.279297 0.324219 0.284180 0.328125 0.288086 0.328125 0.289062 0.329427 0.291992 0.328125 0.296875 0.321615 0.296875 0.320312 0.297852 0.319010 0.296875 0.317708 0.296875 0.315104 0.290039 0.305990 0.290039 0.304688 0.286133 0.299479 0.283203 0.298177 0.277344 0.290365 0.277344 0.289062 0.276367 0.287760 0.275391 0.283854 0.272461 0.279948
0 0.302734 0.199219 0.300781 0.199219 0.299805 0.197917 0.292969 0.197917 0.291992 0.196615 0.291016 0.196615 0.290039 0.197917 0.287109 0.197917 0.286133 0.199219 0.284180 0.199219 0.283203 0.200521 0.282227 0.200521 0.281250 0.201823 0.281250 0.204427 0.280273 0.205729 0.280273 0.207031 0.276367 0.210938 0.274414 0.217448 0.272461 0.220052 0.272461 0.221354 0.273438 0.222656 0.273438 0.226562 0.274414 0.227865 0.274414 0.231771 0.275391 0.233073 0.275391 0.236979 0.276367 0.238281 0.276367 0.240885 0.277344 0.242188 0.277344 0.243490 0.282227 0.250000 0.284180 0.250000 0.285156 0.251302 0.286133 0.251302 0.291016 0.244792 0.295898 0.242188 0.298828 0.238281 0.300781 0.238281 0.301758 0.236979 0.303711 0.236979 0.304688 0.238281 0.307617 0.238281 0.308594 0.239583 0.313477 0.239583 0.314453 0.238281 0.313477 0.229167 0.312500 0.227865 0.310547 0.221354 0.308594 0.218750 0.306641 0.205729 0.303711 0.201823 0.303711 0.200521
0 0.328125 0.188802 0.326172 0.190104 0.323242 0.195312 0.323242 0.197917 0.318359 0.205729 0.318359 0.209635 0.314453 0.214844 0.310547 0.214844 0.310547 0.217448 0.311523 0.218750 0.311523 0.221354 0.314453 0.226562 0.314453 0.230469 0.316406 0.235677 0.316406 0.239583 0.318359 0.242188 0.320312 0.247396 0.325195 0.253906 0.329102 0.255208 0.330078 0.256510 0.332031 0.256510 0.333008 0.257812 0.336914 0.255208 0.339844 0.251302 0.340820 0.246094 0.341797 0.244792 0.341797 0.240885 0.345703 0.230469 0.348633 0.226562 0.350586 0.221354 0.357422 0.214844 0.356445 0.212240 0.356445 0.208333 0.357422 0.205729 0.353516 0.199219 0.350586 0.199219 0.349609 0.197917 0.344727 0.196615 0.339844 0.192708 0.333984 0.191406 0.331055 0.188802
0 0.353516 0.218750 0.346680 0.230469 0.343750 0.238281 0.341797 0.248698 0.339844 0.253906 0.337891 0.256510 0.337891 0.259115 0.339844 0.261719 0.342773 0.269531 0.342773 0.272135 0.346680 0.277344 0.346680 0.278646 0.352539 0.285156 0.355469 0.286458 0.357422 0.289062 0.360352 0.289062 0.361328 0.290365 0.376953 0.290365 0.382812 0.281250 0.384766 0.274740 0.386719 0.272135 0.386719 0.269531 0.388672 0.266927 0.391602 0.259115 0.391602 0.251302 0.390625 0.250000 0.389648 0.242188 0.379883 0.227865 0.375977 0.225260 0.372070 0.225260 0.358398 0.217448
0 0.333984 0.287760 0.328125 0.298177 0.320312 0.319010 0.319336 0.326823 0.320312 0.328125 0.320312 0.334635 0.322266 0.338542 0.322266 0.341146 0.328125 0.348958 0.337891 0.356771 0.340820 0.356771 0.351562 0.363281 0.359375 0.363281 0.364258 0.365885 0.366211 0.365885 0.367188 0.364583 0.373047 0.365885 0.372070 0.351562 0.376953 0.345052 0.380859 0.334635 0.380859 0.326823 0.379883 0.325521 0.379883 0.316406 0.371094 0.300781 0.361328 0.292969 0.356445 0.291667 0.353516 0.289062 0.344727 0.287760 0.343750 0.286458 0.335938 0.286458
0 0.278320 0.162760 0.278320 0.165365 0.280273 0.170573 0.282227 0.173177 0.282227 0.178385 0.264648 0.199219 0.262695 0.204427 0.262695 0.209635 0.263672 0.210938 0.264648 0.217448 0.266602 0.220052 0.271484 0.221354 0.278320 0.210938 0.281250 0.203125 0.286133 0.197917 0.288086 0.197917 0.289062 0.196615 0.297852 0.196615 0.301758 0.199219 0.303711 0.201823 0.305664 0.207031 0.305664 0.209635 0.306641 0.210938 0.309570 0.210938 0.312500 0.207031 0.312500 0.203125 0.309570 0.197917 0.305664 0.184896 0.302734 0.180990 0.299805 0.174479 0.294922 0.167969 0.291992 0.166667 0.287109 0.161458 0.281250 0.161458 0.280273 0.162760
0 0.356445 0.378906 0.354492 0.378906 0.350586 0.376302 0.337891 0.376302 0.336914 0.377604 0.334961 0.377604 0.333008 0.378906 0.326172 0.388021 0.326172 0.389323 0.318359 0.398438 0.318359 0.403646 0.320312 0.408854 0.320312 0.414062 0.321289 0.415365 0.322266 0.421875 0.327148 0.434896 0.333984 0.442708 0.336914 0.442708 0.340820 0.440104 0.346680 0.438802 0.350586 0.436198 0.352539 0.433594 0.357422 0.430990 0.359375 0.428385 0.365234 0.425781 0.367188 0.423177 0.367188 0.410156 0.366211 0.408854 0.366211 0.406250 0.367188 0.404948 0.367188 0.389323 0.364258 0.385417 0.363281 0.385417
0 0.336914 0.446615 0.334961 0.449219 0.334961 0.458333 0.333984 0.459635 0.334961 0.462240 0.334961 0.468750 0.335938 0.470052 0.335938 0.472656 0.339844 0.481771 0.345703 0.489583 0.346680 0.489583 0.350586 0.497396 0.353516 0.500000 0.362305 0.501302 0.363281 0.502604 0.375977 0.501302 0.384766 0.493490 0.392578 0.481771 0.390625 0.476562 0.389648 0.467448 0.388672 0.466146 0.388672 0.449219 0.387695 0.446615 0.385742 0.445312 0.382812 0.440104 0.379883 0.440104 0.378906 0.438802 0.374023 0.437500 0.371094 0.433594 0.369141 0.428385 0.363281 0.428385 0.362305 0.429688 0.360352 0.429688 0.358398 0.432292 0.354492 0.434896 0.352539 0.434896 0.350586 0.437500
0 0.409180 0.369792 0.405273 0.367188 0.396484 0.367188 0.395508 0.368490 0.388672 0.368490 0.387695 0.369792 0.378906 0.371094 0.375000 0.375000 0.374023 0.381510 0.372070 0.384115 0.369141 0.391927 0.369141 0.397135 0.368164 0.398438 0.368164 0.415365 0.371094 0.424479 0.371094 0.428385 0.375000 0.436198 0.376953 0.436198 0.377930 0.437500 0.389648 0.437500 0.390625 0.436198 0.397461 0.436198 0.398438 0.434896 0.401367 0.434896 0.404297 0.432292 0.411133 0.432292 0.415039 0.429688 0.416992 0.419271 0.420898 0.408854 0.421875 0.388021 0.420898 0.385417
0 0.322266 0.569010 0.319336 0.572917 0.315430 0.583333 0.315430 0.587240 0.314453 0.588542 0.314453 0.596354 0.315430 0.597656 0.315430 0.604167 0.318359 0.611979 0.321289 0.615885 0.324219 0.622396 0.326172 0.625000 0.330078 0.627604 0.340820 0.627604 0.341797 0.626302 0.342773 0.627604 0.345703 0.627604 0.346680 0.626302 0.350586 0.626302 0.351562 0.625000 0.357422 0.625000 0.363281 0.615885 0.362305 0.614583 0.362305 0.611979 0.363281 0.610677 0.363281 0.608073 0.365234 0.605469 0.367188 0.600260 0.366211 0.597656 0.366211 0.585938 0.365234 0.584635 0.365234 0.575521 0.364258 0.572917 0.359375 0.567708 0.353516 0.563802 0.337891 0.563802 0.336914 0.565104 0.331055 0.565104 0.330078 0.566406 0.327148 0.566406 0.326172 0.567708
0 0.392578 0.608073 0.386719 0.608073 0.385742 0.609375 0.380859 0.609375 0.379883 0.610677 0.373047 0.611979 0.367188 0.615885 0.359375 0.626302 0.354492 0.638021 0.355469 0.652344 0.356445 0.653646 0.356445 0.661458 0.357422 0.662760 0.357422 0.674479 0.361328 0.675781 0.371094 0.682292 0.391602 0.683594 0.392578 0.682292 0.395508 0.682292 0.402344 0.674479 0.403320 0.674479 0.410156 0.664062 0.411133 0.664062 0.412109 0.657552 0.407227 0.660156 0.404297 0.653646 0.404297 0.647135 0.405273 0.645833 0.405273 0.628906 0.406250 0.626302 0.400391 0.623698 0.398438 0.617188
0 0.369141 0.510417 0.356445 0.527344 0.352539 0.536458 0.352539 0.540365 0.351562 0.541667 0.351562 0.548177 0.352539 0.549479 0.352539 0.554688 0.354492 0.558594 0.354492 0.561198 0.356445 0.563802 0.361328 0.566406 0.365234 0.571615 0.365234 0.572917 0.367188 0.572917 0.368164 0.574219 0.375977 0.575521 0.381836 0.579427 0.389648 0.579427 0.390625 0.578125 0.393555 0.578125 0.395508 0.576823 0.404297 0.565104 0.405273 0.562500 0.405273 0.558594 0.406250 0.557292 0.406250 0.550781 0.405273 0.549479 0.405273 0.529948 0.400391 0.520833 0.395508 0.516927 0.393555 0.516927 0.389648 0.514323 0.385742 0.514323 0.384766 0.513021 0.377930 0.511719 0.376953 0.510417 0.373047 0.510417 0.372070 0.509115 0.371094 0.510417
0 0.432617 0.730469 0.423828 0.730469 0.420898 0.731771 0.421875 0.733073 0.420898 0.736979 0.418945 0.736979 0.416992 0.734375 0.415039 0.734375 0.412109 0.731771 0.404297 0.733073 0.391602 0.750000 0.389648 0.755208 0.389648 0.759115 0.388672 0.760417 0.388672 0.774740 0.390625 0.779948 0.402344 0.795573 0.407227 0.800781 0.412109 0.803385 0.416992 0.809896 0.419922 0.809896 0.422852 0.807292 0.426758 0.800781 0.433594 0.794271 0.443359 0.778646 0.445312 0.772135 0.445312 0.760417 0.444336 0.759115 0.440430 0.759115 0.433594 0.751302 0.433594 0.748698 0.426758 0.746094 0.424805 0.734375 0.427734 0.733073 0.429688 0.735677 0.428711 0.742188 0.431641 0.744792 0.435547 0.739583 0.435547 0.733073
0 0.485352 0.708333 0.476562 0.708333 0.475586 0.707031 0.469727 0.707031 0.468750 0.708333 0.466797 0.708333 0.462891 0.714844 0.461914 0.720052 0.452148 0.743490 0.450195 0.757812 0.447266 0.764323 0.447266 0.774740 0.452148 0.786458 0.458008 0.792969 0.469727 0.791667 0.470703 0.790365 0.484375 0.790365 0.486328 0.789062 0.489258 0.783854 0.489258 0.781250 0.496094 0.765625 0.496094 0.763021 0.498047 0.759115 0.499023 0.750000 0.500000 0.748698 0.500977 0.729167 0.500000 0.727865 0.499023 0.721354 0.496094 0.718750 0.494141 0.718750
0 0.528320 0.720052 0.527344 0.721354 0.524414 0.721354 0.522461 0.723958 0.517578 0.726562 0.515625 0.731771 0.515625 0.735677 0.510742 0.742188 0.509766 0.746094 0.505859 0.750000 0.503906 0.768229 0.505859 0.773438 0.505859 0.782552 0.506836 0.783854 0.506836 0.787760 0.511719 0.800781 0.513672 0.802083 0.525391 0.803385 0.530273 0.805990 0.534180 0.805990 0.535156 0.804688 0.538086 0.804688 0.539062 0.803385 0.541992 0.803385 0.544922 0.800781 0.546875 0.800781 0.552734 0.792969 0.555664 0.782552 0.555664 0.776042 0.554688 0.774740 0.554688 0.763021 0.553711 0.761719 0.552734 0.742188 0.551758 0.740885 0.550781 0.734375 0.547852 0.730469 0.543945 0.727865 0.541992 0.727865 0.536133 0.723958 0.532227 0.723958
0 0.563477 0.694010 0.559570 0.700521 0.557617 0.710938 0.555664 0.714844 0.555664 0.717448 0.554688 0.718750 0.554688 0.729167 0.559570 0.743490 0.561523 0.746094 0.564453 0.753906 0.571289 0.763021 0.579102 0.764323 0.580078 0.765625 0.587891 0.765625 0.588867 0.766927 0.596680 0.765625 0.606445 0.756510 0.609375 0.752604 0.609375 0.748698 0.610352 0.747396 0.610352 0.743490 0.609375 0.742188 0.610352 0.739583 0.609375 0.729167 0.606445 0.726562 0.595703 0.710938 0.591797 0.700521 0.590820 0.700521 0.585938 0.694010 0.581055 0.690104 0.570312 0.690104
0 0.623047 0.751302 0.617188 0.760417 0.614258 0.768229 0.614258 0.779948 0.615234 0.781250 0.615234 0.783854 0.616211 0.785156 0.619141 0.799479 0.622070 0.803385 0.622070 0.804688 0.627930 0.812500 0.629883 0.813802 0.631836 0.813802 0.632812 0.815104 0.638672 0.815104 0.639648 0.816406 0.643555 0.816406 0.644531 0.817708 0.654297 0.817708 0.663086 0.804688 0.666016 0.796875 0.666016 0.791667 0.666992 0.790365 0.666992 0.777344 0.664062 0.768229 0.661133 0.765625 0.657227 0.764323 0.654297 0.760417 0.649414 0.757812 0.647461 0.755208 0.646484 0.751302 0.642578 0.748698 0.638672 0.748698 0.637695 0.747396 0.629883 0.747396 0.625000 0.751302
0 0.676758 0.776042 0.673828 0.778646 0.671875 0.783854 0.671875 0.787760 0.667969 0.798177 0.666992 0.808594 0.665039 0.811198 0.665039 0.815104 0.666992 0.820312 0.670898 0.825521 0.670898 0.826823 0.676758 0.833333 0.682617 0.837240 0.685547 0.837240 0.686523 0.838542 0.696289 0.838542 0.706055 0.832031 0.708984 0.826823 0.708984 0.824219 0.711914 0.817708 0.711914 0.813802 0.712891 0.812500 0.712891 0.804688 0.713867 0.803385 0.713867 0.792969 0.714844 0.791667 0.714844 0.786458 0.713867 0.783854 0.709961 0.781250 0.703125 0.781250 0.702148 0.779948 0.699219 0.779948 0.695312 0.776042 0.692383 0.776042 0.691406 0.774740 0.686523 0.774740 0.685547 0.776042
0 0.470703 0.630208 0.465820 0.634115 0.463867 0.634115 0.460938 0.638021 0.450195 0.661458 0.450195 0.670573 0.455078 0.675781 0.458008 0.686198 0.465820 0.697917 0.469727 0.700521 0.472656 0.700521 0.473633 0.701823 0.475586 0.701823 0.476562 0.703125 0.480469 0.703125 0.481445 0.704427 0.483398 0.703125 0.489258 0.703125 0.491211 0.701823 0.497070 0.694010 0.500000 0.686198 0.501953 0.683594 0.501953 0.680990 0.503906 0.675781 0.505859 0.673177 0.504883 0.671875 0.503906 0.660156 0.500000 0.649740 0.492188 0.638021 0.491211 0.638021 0.489258 0.635417 0.487305 0.635417 0.480469 0.631510 0.477539 0.631510 0.476562 0.630208
0 0.524414 0.638021 0.522461 0.640625 0.517578 0.643229 0.513672 0.648438 0.512695 0.652344 0.508789 0.658854 0.508789 0.661458 0.507812 0.662760 0.507812 0.670573 0.511719 0.682292 0.511719 0.686198 0.512695 0.687500 0.513672 0.695312 0.518555 0.708333 0.522461 0.712240 0.531250 0.712240 0.532227 0.710938 0.535156 0.710938 0.538086 0.708333 0.541992 0.707031 0.549805 0.697917 0.553711 0.695312 0.558594 0.688802 0.558594 0.682292 0.557617 0.680990 0.557617 0.678385 0.555664 0.673177 0.555664 0.669271 0.554688 0.667969 0.554688 0.665365 0.553711 0.664062 0.552734 0.658854 0.549805 0.654948 0.548828 0.654948 0.543945 0.647135 0.541016 0.645833 0.535156 0.639323 0.533203 0.639323 0.532227 0.638021
0 0.549805 0.602865 0.546875 0.608073 0.546875 0.611979 0.544922 0.615885 0.544922 0.619792 0.543945 0.621094 0.543945 0.625000 0.542969 0.627604 0.543945 0.628906 0.544922 0.634115 0.546875 0.636719 0.550781 0.645833 0.553711 0.649740 0.555664 0.656250 0.557617 0.657552 0.566406 0.657552 0.567383 0.658854 0.578125 0.658854 0.579102 0.657552 0.581055 0.657552 0.582031 0.656250 0.585938 0.654948 0.590820 0.648438 0.592773 0.643229 0.592773 0.640625 0.593750 0.639323 0.593750 0.615885 0.592773 0.614583 0.591797 0.609375 0.587891 0.602865 0.583008 0.602865 0.582031 0.601562 0.569336 0.601562 0.568359 0.600260 0.558594 0.600260 0.557617 0.598958 0.555664 0.598958
0 0.602539 0.666667 0.596680 0.678385 0.596680 0.686198 0.595703 0.687500 0.595703 0.700521 0.597656 0.707031 0.604492 0.718750 0.604492 0.720052 0.613281 0.730469 0.625000 0.736979 0.633789 0.736979 0.634766 0.735677 0.641602 0.734375 0.642578 0.731771 0.641602 0.723958 0.649414 0.709635 0.650391 0.701823 0.651367 0.700521 0.651367 0.692708 0.647461 0.682292 0.642578 0.675781 0.634766 0.670573 0.630859 0.670573 0.629883 0.669271 0.614258 0.669271 0.613281 0.667969 0.609375 0.667969 0.608398 0.666667
0 0.653320 0.704427 0.650391 0.712240 0.643555 0.723958 0.644531 0.736979 0.645508 0.738281 0.645508 0.740885 0.646484 0.742188 0.646484 0.744792 0.647461 0.746094 0.648438 0.751302 0.657227 0.761719 0.662109 0.763021 0.665039 0.765625 0.667969 0.765625 0.673828 0.769531 0.679688 0.769531 0.680664 0.768229 0.682617 0.768229 0.691406 0.757812 0.693359 0.752604 0.693359 0.750000 0.694336 0.748698 0.694336 0.743490 0.695312 0.742188 0.694336 0.726562 0.691406 0.721354 0.691406 0.717448 0.690430 0.716146 0.689453 0.710938 0.685547 0.704427 0.684570 0.704427 0.679688 0.699219 0.673828 0.699219 0.670898 0.703125
0 0.695312 0.716146 0.693359 0.721354 0.695312 0.725260 0.695312 0.729167 0.696289 0.730469 0.696289 0.743490 0.695312 0.744792 0.695312 0.750000 0.694336 0.751302 0.693359 0.757812 0.694336 0.759115 0.695312 0.766927 0.699219 0.776042 0.702148 0.778646 0.708008 0.778646 0.708984 0.779948 0.714844 0.779948 0.715820 0.781250 0.718750 0.781250 0.719727 0.779948 0.724609 0.779948 0.733398 0.774740 0.736328 0.770833 0.736328 0.768229 0.738281 0.763021 0.738281 0.757812 0.739258 0.756510 0.739258 0.744792 0.738281 0.743490 0.737305 0.736979 0.735352 0.734375 0.731445 0.722656 0.727539 0.717448 0.711914 0.717448 0.710938 0.716146 0.703125 0.716146 0.702148 0.714844 0.698242 0.714844 0.697266 0.716146
0 0.654297 0.631510 0.652344 0.634115 0.652344 0.636719 0.649414 0.643229 0.648438 0.651042 0.644531 0.660156 0.644531 0.664062 0.643555 0.665365 0.643555 0.670573 0.650391 0.683594 0.652344 0.690104 0.654297 0.692708 0.658203 0.692708 0.659180 0.694010 0.662109 0.694010 0.663086 0.695312 0.674805 0.695312 0.675781 0.696615 0.681641 0.696615 0.687500 0.692708 0.689453 0.692708 0.689453 0.691406 0.691406 0.688802 0.691406 0.686198 0.693359 0.680990 0.694336 0.666667 0.695312 0.665365 0.694336 0.662760 0.694336 0.656250 0.693359 0.654948 0.693359 0.651042 0.692383 0.649740 0.692383 0.647135 0.690430 0.643229 0.689453 0.638021 0.686523 0.635417 0.680664 0.634115 0.676758 0.631510 0.672852 0.631510 0.671875 0.630208 0.660156 0.630208 0.658203 0.628906
0 0.595703 0.611979 0.595703 0.615885 0.596680 0.617188 0.596680 0.631510 0.597656 0.632812 0.597656 0.638021 0.598633 0.639323 0.598633 0.641927 0.600586 0.644531 0.603516 0.652344 0.604492 0.652344 0.612305 0.660156 0.616211 0.660156 0.617188 0.661458 0.628906 0.661458 0.629883 0.662760 0.630859 0.661458 0.634766 0.661458 0.638672 0.658854 0.640625 0.656250 0.643555 0.654948 0.648438 0.644531 0.648438 0.640625 0.649414 0.639323 0.649414 0.627604 0.647461 0.623698 0.647461 0.621094 0.644531 0.613281 0.642578 0.610677 0.642578 0.608073 0.639648 0.600260 0.637695 0.597656 0.633789 0.597656 0.630859 0.600260 0.628906 0.598958 0.625977 0.598958 0.625000 0.597656 0.611328 0.597656 0.599609 0.605469
0 0.618164 0.522135 0.613281 0.527344 0.612305 0.527344 0.607422 0.533854 0.604492 0.540365 0.604492 0.548177 0.603516 0.549479 0.603516 0.554688 0.602539 0.555990 0.602539 0.575521 0.604492 0.580729 0.604492 0.584635 0.607422 0.588542 0.611328 0.591146 0.617188 0.592448 0.618164 0.593750 0.621094 0.593750 0.622070 0.595052 0.631836 0.596354 0.633789 0.595052 0.634766 0.592448 0.645508 0.579427 0.648438 0.571615 0.648438 0.569010 0.649414 0.567708 0.649414 0.557292 0.648438 0.555990 0.648438 0.549479 0.647461 0.548177 0.647461 0.545573 0.644531 0.541667 0.644531 0.540365 0.639648 0.531250 0.637695 0.529948 0.633789 0.529948 0.632812 0.528646 0.626953 0.528646 0.623047 0.524740
0 0.589844 0.524740 0.586914 0.524740 0.583008 0.527344 0.577148 0.527344 0.576172 0.526042 0.574219 0.527344 0.570312 0.527344 0.552734 0.539062 0.550781 0.542969 0.550781 0.546875 0.551758 0.548177 0.550781 0.559896 0.552734 0.563802 0.553711 0.571615 0.554688 0.572917 0.556641 0.582031 0.560547 0.585938 0.564453 0.587240 0.570312 0.593750 0.580078 0.600260 0.586914 0.600260 0.597656 0.591146 0.601562 0.585938 0.601562 0.582031 0.602539 0.580729 0.601562 0.578125 0.601562 0.550781 0.600586 0.549479 0.599609 0.537760 0.597656 0.533854
0 0.528320 0.544271 0.524414 0.544271 0.523438 0.546875 0.519531 0.548177 0.514648 0.552083 0.512695 0.552083 0.504883 0.561198 0.500977 0.569010 0.499023 0.575521 0.499023 0.585938 0.500000 0.587240 0.500000 0.591146 0.501953 0.595052 0.502930 0.600260 0.514648 0.613281 0.524414 0.619792 0.528320 0.617188 0.530273 0.617188 0.534180 0.613281 0.537109 0.611979 0.545898 0.602865 0.553711 0.597656 0.554688 0.595052 0.554688 0.583333 0.553711 0.582031 0.553711 0.576823 0.552734 0.575521 0.552734 0.571615 0.550781 0.567708 0.550781 0.565104 0.548828 0.561198 0.544922 0.555990 0.531250 0.548177
0 0.461914 0.567708 0.456055 0.576823 0.451172 0.588542 0.451172 0.591146 0.450195 0.592448 0.450195 0.597656 0.449219 0.598958 0.449219 0.604167 0.448242 0.605469 0.448242 0.614583 0.449219 0.615885 0.449219 0.618490 0.453125 0.623698 0.454102 0.623698 0.457031 0.627604 0.459961 0.628906 0.461914 0.631510 0.466797 0.631510 0.469727 0.628906 0.478516 0.628906 0.479492 0.630208 0.485352 0.630208 0.486328 0.628906 0.497070 0.627604 0.499023 0.622396 0.499023 0.618490 0.498047 0.617188 0.499023 0.615885 0.499023 0.606771 0.500000 0.605469 0.500000 0.595052 0.499023 0.593750 0.497070 0.583333 0.491211 0.570312 0.488281 0.567708 0.484375 0.567708 0.480469 0.565104 0.465820 0.565104
0 0.443359 0.511719 0.435547 0.511719 0.434570 0.513021 0.431641 0.513021 0.426758 0.516927 0.424805 0.516927 0.418945 0.520833 0.415039 0.526042 0.409180 0.529948 0.408203 0.532552 0.408203 0.536458 0.407227 0.537760 0.407227 0.548177 0.408203 0.549479 0.408203 0.553385 0.414062 0.561198 0.415039 0.565104 0.417969 0.569010 0.417969 0.570312 0.418945 0.570312 0.424805 0.576823 0.426758 0.576823 0.430664 0.579427 0.433594 0.579427 0.434570 0.580729 0.437500 0.580729 0.438477 0.579427 0.441406 0.579427 0.443359 0.578125 0.445312 0.575521 0.451172 0.571615 0.455078 0.566406 0.459961 0.562500 0.460938 0.559896 0.459961 0.557292 0.459961 0.546875 0.460938 0.545573 0.460938 0.542969 0.459961 0.541667 0.459961 0.531250 0.456055 0.520833 0.454102 0.518229 0.453125 0.518229 0.451172 0.515625 0.449219 0.515625
0 0.429688 0.454427 0.424805 0.454427 0.423828 0.455729 0.421875 0.455729 0.420898 0.457031 0.418945 0.457031 0.417969 0.458333 0.410156 0.460938 0.402344 0.470052 0.398438 0.481771 0.398438 0.494792 0.399414 0.496094 0.399414 0.500000 0.407227 0.510417 0.408203 0.510417 0.416016 0.518229 0.420898 0.518229 0.428711 0.513021 0.431641 0.513021 0.434570 0.510417 0.440430 0.510417 0.441406 0.509115 0.443359 0.509115 0.446289 0.503906 0.449219 0.502604 0.449219 0.498698 0.448242 0.496094 0.449219 0.494792 0.449219 0.490885 0.450195 0.489583 0.450195 0.475260 0.442383 0.463542
0 0.494141 0.490885 0.489258 0.490885 0.487305 0.493490 0.484375 0.494792 0.482422 0.497396 0.474609 0.502604 0.466797 0.511719 0.462891 0.520833 0.461914 0.537760 0.462891 0.539062 0.463867 0.544271 0.476562 0.559896 0.484375 0.565104 0.489258 0.565104 0.491211 0.562500 0.493164 0.562500 0.501953 0.555990 0.508789 0.545573 0.510742 0.540365 0.511719 0.533854 0.512695 0.532552 0.512695 0.515625 0.511719 0.514323 0.511719 0.511719 0.503906 0.500000 0.502930 0.500000 0.500000 0.496094 0.497070 0.494792
0 0.435547 0.393229 0.430664 0.399740 0.429688 0.399740 0.426758 0.406250 0.426758 0.433594 0.429688 0.441406 0.429688 0.445312 0.430664 0.447917 0.434570 0.453125 0.434570 0.454427 0.444336 0.459635 0.451172 0.459635 0.452148 0.460938 0.461914 0.460938 0.462891 0.462240 0.465820 0.462240 0.470703 0.458333 0.470703 0.457031 0.472656 0.455729 0.478516 0.447917 0.480469 0.441406 0.480469 0.436198 0.479492 0.434896 0.479492 0.428385 0.477539 0.423177 0.477539 0.419271 0.469727 0.401042 0.464844 0.397135 0.460938 0.397135 0.459961 0.395833 0.446289 0.394531 0.445312 0.393229
0 0.503906 0.403646 0.500000 0.406250 0.490234 0.419271 0.489258 0.421875 0.489258 0.427083 0.488281 0.428385 0.488281 0.447917 0.487305 0.449219 0.488281 0.450521 0.488281 0.454427 0.490234 0.458333 0.491211 0.458333 0.495117 0.463542 0.496094 0.463542 0.500977 0.470052 0.500977 0.471354 0.501953 0.471354 0.504883 0.475260 0.506836 0.476562 0.510742 0.476562 0.511719 0.477865 0.519531 0.476562 0.525391 0.472656 0.532227 0.463542 0.534180 0.458333 0.536133 0.447917 0.537109 0.446615 0.537109 0.437500 0.538086 0.436198 0.538086 0.429688 0.537109 0.428385 0.537109 0.425781 0.524414 0.411458 0.518555 0.407552 0.516602 0.407552 0.514648 0.404948 0.512695 0.404948 0.511719 0.403646
0 0.555664 0.455729 0.549805 0.462240 0.547852 0.468750 0.546875 0.477865 0.545898 0.479167 0.545898 0.493490 0.548828 0.501302 0.548828 0.510417 0.549805 0.513021 0.551758 0.515625 0.559570 0.520833 0.561523 0.520833 0.562500 0.522135 0.566406 0.522135 0.567383 0.523438 0.579102 0.523438 0.580078 0.522135 0.583008 0.522135 0.587891 0.519531 0.594727 0.509115 0.595703 0.506510 0.595703 0.502604 0.596680 0.501302 0.596680 0.494792 0.597656 0.493490 0.596680 0.483073 0.595703 0.481771 0.595703 0.477865 0.594727 0.476562 0.594727 0.472656 0.593750 0.471354 0.593750 0.467448 0.592773 0.464844 0.588867 0.462240 0.586914 0.462240 0.583008 0.457031 0.571289 0.450521 0.565430 0.450521
0 0.587891 0.404948 0.578125 0.415365 0.573242 0.425781 0.573242 0.436198 0.574219 0.437500 0.576172 0.447917 0.578125 0.451823 0.583008 0.454427 0.586914 0.459635 0.593750 0.463542 0.596680 0.467448 0.607422 0.467448 0.616211 0.462240 0.627930 0.449219 0.628906 0.446615 0.628906 0.438802 0.627930 0.437500 0.627930 0.433594 0.623047 0.420573 0.622070 0.414062 0.619141 0.407552 0.615234 0.404948 0.612305 0.404948 0.611328 0.403646 0.604492 0.403646 0.603516 0.402344 0.598633 0.402344 0.597656 0.403646 0.591797 0.403646 0.590820 0.404948
0 0.559570 0.358073 0.557617 0.358073 0.556641 0.356771 0.544922 0.358073 0.543945 0.359375 0.541016 0.359375 0.533203 0.364583 0.529297 0.365885 0.526367 0.372396 0.526367 0.377604 0.524414 0.380208 0.524414 0.382812 0.522461 0.386719 0.521484 0.397135 0.520508 0.398438 0.520508 0.406250 0.522461 0.408854 0.527344 0.411458 0.532227 0.417969 0.534180 0.417969 0.538086 0.421875 0.544922 0.421875 0.545898 0.420573 0.548828 0.420573 0.549805 0.419271 0.556641 0.417969 0.557617 0.416667 0.563477 0.415365 0.564453 0.414062 0.568359 0.412760 0.570312 0.408854 0.570312 0.403646 0.572266 0.398438 0.572266 0.391927 0.573242 0.390625 0.572266 0.376302 0.569336 0.368490 0.565430 0.363281 0.564453 0.363281
0 0.473633 0.321615 0.471680 0.324219 0.470703 0.324219 0.465820 0.330729 0.463867 0.337240 0.461914 0.339844 0.461914 0.343750 0.462891 0.345052 0.462891 0.348958 0.465820 0.356771 0.465820 0.360677 0.466797 0.361979 0.466797 0.367188 0.467773 0.368490 0.467773 0.371094 0.468750 0.373698 0.472656 0.378906 0.473633 0.378906 0.476562 0.382812 0.478516 0.384115 0.489258 0.384115 0.490234 0.382812 0.492188 0.382812 0.498047 0.378906 0.503906 0.371094 0.505859 0.365885 0.505859 0.351562 0.504883 0.350260 0.504883 0.346354 0.502930 0.342448 0.502930 0.339844 0.500977 0.334635 0.498047 0.330729 0.498047 0.329427 0.492188 0.324219 0.489258 0.324219 0.488281 0.322917 0.484375 0.322917 0.483398 0.321615
0 0.438477 0.302083 0.437500 0.303385 0.431641 0.303385 0.426758 0.307292 0.418945 0.308594 0.416016 0.312500 0.416016 0.315104 0.413086 0.320312 0.408203 0.333333 0.408203 0.337240 0.407227 0.338542 0.407227 0.351562 0.408203 0.354167 0.411133 0.358073 0.411133 0.359375 0.415039 0.364583 0.416016 0.364583 0.423828 0.376302 0.427734 0.378906 0.431641 0.375000 0.435547 0.375000 0.436523 0.373698 0.439453 0.373698 0.440430 0.372396 0.443359 0.372396 0.444336 0.371094 0.448242 0.369792 0.454102 0.361979 0.456055 0.360677 0.456055 0.359375 0.458984 0.355469 0.458984 0.352865 0.459961 0.351562 0.459961 0.342448 0.458984 0.341146 0.458984 0.335938 0.455078 0.329427 0.454102 0.324219 0.452148 0.321615 0.451172 0.317708 0.443359 0.305990 0.443359 0.304688 0.439453 0.303385
0 0.400391 0.259115 0.399414 0.260417 0.397461 0.260417 0.388672 0.272135 0.384766 0.282552 0.384766 0.303385 0.383789 0.304688 0.384766 0.305990 0.384766 0.309896 0.385742 0.309896 0.390625 0.316406 0.391602 0.316406 0.396484 0.321615 0.400391 0.324219 0.408203 0.324219 0.413086 0.319010 0.415039 0.312500 0.418945 0.307292 0.424805 0.305990 0.425781 0.304688 0.427734 0.304688 0.431641 0.302083 0.432617 0.299479 0.432617 0.295573 0.431641 0.294271 0.431641 0.286458 0.430664 0.285156 0.430664 0.279948 0.426758 0.273438 0.412109 0.264323 0.408203 0.260417 0.406250 0.260417 0.405273 0.259115
0 0.425781 0.216146 0.424805 0.217448 0.422852 0.217448 0.420898 0.220052 0.417969 0.221354 0.411133 0.227865 0.408203 0.227865 0.405273 0.231771 0.405273 0.234375 0.404297 0.235677 0.404297 0.256510 0.408203 0.259115 0.410156 0.261719 0.423828 0.269531 0.425781 0.272135 0.426758 0.272135 0.431641 0.278646 0.432617 0.277344 0.434570 0.277344 0.438477 0.274740 0.449219 0.263021 0.449219 0.250000 0.447266 0.244792 0.447266 0.236979 0.446289 0.235677 0.446289 0.230469 0.443359 0.225260 0.443359 0.223958 0.438477 0.218750 0.436523 0.218750 0.432617 0.216146
0 0.452148 0.264323 0.446289 0.268229 0.441406 0.274740 0.441406 0.276042 0.439453 0.278646 0.437500 0.283854 0.437500 0.295573 0.438477 0.296875 0.438477 0.299479 0.440430 0.302083 0.443359 0.303385 0.446289 0.307292 0.446289 0.308594 0.451172 0.315104 0.453125 0.320312 0.455078 0.322917 0.457031 0.322917 0.458008 0.321615 0.459961 0.321615 0.465820 0.316406 0.467773 0.316406 0.469727 0.315104 0.474609 0.309896 0.483398 0.304688 0.486328 0.298177 0.486328 0.294271 0.481445 0.281250 0.471680 0.269531 0.467773 0.266927 0.463867 0.266927 0.459961 0.264323
0 0.364258 0.152344 0.360352 0.158854 0.360352 0.165365 0.359375 0.166667 0.359375 0.169271 0.360352 0.170573 0.360352 0.180990 0.361328 0.182292 0.361328 0.188802 0.362305 0.190104 0.363281 0.194010 0.369141 0.200521 0.370117 0.200521 0.373047 0.204427 0.385742 0.204427 0.386719 0.203125 0.390625 0.203125 0.391602 0.201823 0.392578 0.201823 0.397461 0.194010 0.397461 0.188802 0.398438 0.187500 0.398438 0.162760 0.395508 0.158854 0.395508 0.157552 0.393555 0.154948 0.392578 0.154948 0.391602 0.153646 0.389648 0.153646 0.388672 0.152344 0.386719 0.152344 0.384766 0.149740 0.382812 0.149740 0.381836 0.148438 0.370117 0.148438 0.369141 0.149740
0 0.403320 0.157552 0.402344 0.161458 0.400391 0.164062 0.400391 0.170573 0.399414 0.171875 0.399414 0.191406 0.400391 0.192708 0.400391 0.194010 0.403320 0.196615 0.405273 0.196615 0.406250 0.197917 0.409180 0.197917 0.410156 0.199219 0.412109 0.199219 0.418945 0.204427 0.422852 0.204427 0.423828 0.205729 0.426758 0.205729 0.427734 0.204427 0.430664 0.204427 0.431641 0.203125 0.432617 0.203125 0.435547 0.199219 0.435547 0.197917 0.439453 0.191406 0.439453 0.190104 0.440430 0.188802 0.440430 0.186198 0.441406 0.184896 0.441406 0.173177 0.440430 0.171875 0.440430 0.169271 0.439453 0.167969 0.439453 0.165365 0.438477 0.164062 0.438477 0.162760 0.434570 0.158854 0.433594 0.158854 0.431641 0.156250 0.429688 0.156250 0.426758 0.153646 0.420898 0.153646 0.419922 0.152344 0.417969 0.152344 0.416992 0.153646 0.412109 0.153646 0.409180 0.156250 0.406250 0.156250 0.405273 0.157552
0 0.447266 0.095052 0.441406 0.102865 0.440430 0.105469 0.440430 0.110677 0.439453 0.111979 0.439453 0.134115 0.440430 0.135417 0.440430 0.138021 0.441406 0.138021 0.447266 0.144531 0.453125 0.144531 0.454102 0.145833 0.458008 0.145833 0.464844 0.151042 0.467773 0.151042 0.468750 0.152344 0.474609 0.152344 0.476562 0.149740 0.477539 0.149740 0.480469 0.140625 0.483398 0.136719 0.483398 0.132812 0.484375 0.131510 0.484375 0.114583 0.483398 0.113281 0.483398 0.109375 0.482422 0.106771 0.480469 0.104167 0.476562 0.101562 0.473633 0.097656 0.469727 0.095052 0.467773 0.095052 0.466797 0.093750 0.463867 0.093750 0.462891 0.092448 0.451172 0.092448
0 0.489258 0.089844 0.488281 0.092448 0.488281 0.096354 0.489258 0.097656 0.489258 0.104167 0.490234 0.105469 0.489258 0.106771 0.489258 0.113281 0.488281 0.114583 0.488281 0.125000 0.487305 0.126302 0.489258 0.130208 0.489258 0.134115 0.490234 0.136719 0.493164 0.140625 0.495117 0.141927 0.498047 0.141927 0.501953 0.144531 0.509766 0.144531 0.512695 0.141927 0.514648 0.141927 0.518555 0.139323 0.524414 0.131510 0.525391 0.127604 0.528320 0.123698 0.529297 0.121094 0.528320 0.111979 0.526367 0.106771 0.521484 0.100260 0.520508 0.096354 0.516602 0.091146 0.512695 0.088542 0.509766 0.088542 0.508789 0.087240 0.493164 0.087240
0 0.532227 0.173177 0.529297 0.173177 0.528320 0.171875 0.527344 0.167969 0.522461 0.161458 0.521484 0.161458 0.516602 0.157552 0.514648 0.157552 0.511719 0.154948 0.506836 0.154948 0.505859 0.156250 0.497070 0.161458 0.493164 0.166667 0.492188 0.166667 0.491211 0.167969 0.491211 0.170573 0.490234 0.171875 0.490234 0.174479 0.489258 0.175781 0.489258 0.190104 0.490234 0.191406 0.490234 0.195312 0.491211 0.196615 0.493164 0.203125 0.495117 0.203125 0.496094 0.204427 0.497070 0.204427 0.499023 0.201823 0.499023 0.200521 0.502930 0.195312 0.502930 0.194010 0.505859 0.190104 0.506836 0.190104 0.511719 0.184896 0.512695 0.184896 0.517578 0.180990 0.520508 0.180990 0.521484 0.179688 0.522461 0.179688 0.523438 0.180990 0.531250 0.180990 0.532227 0.179688
0 0.520508 0.180990 0.519531 0.182292 0.516602 0.182292 0.514648 0.183594 0.512695 0.186198 0.505859 0.191406 0.501953 0.196615 0.501953 0.197917 0.498047 0.204427 0.498047 0.217448 0.499023 0.220052 0.500977 0.222656 0.501953 0.222656 0.507812 0.231771 0.510742 0.233073 0.520508 0.244792 0.528320 0.250000 0.532227 0.247396 0.537109 0.242188 0.545898 0.236979 0.546875 0.231771 0.547852 0.230469 0.547852 0.204427 0.546875 0.203125 0.545898 0.197917 0.541992 0.192708 0.541016 0.192708 0.539062 0.190104 0.539062 0.188802 0.538086 0.188802 0.536133 0.186198 0.530273 0.182292 0.527344 0.182292 0.526367 0.180990
0 0.481445 0.200521 0.479492 0.200521 0.478516 0.199219 0.477539 0.200521 0.475586 0.200521 0.473633 0.203125 0.470703 0.203125 0.469727 0.204427 0.465820 0.204427 0.464844 0.205729 0.462891 0.205729 0.460938 0.207031 0.450195 0.220052 0.450195 0.227865 0.449219 0.229167 0.449219 0.234375 0.448242 0.235677 0.449219 0.238281 0.449219 0.242188 0.450195 0.243490 0.450195 0.247396 0.452148 0.252604 0.454102 0.255208 0.455078 0.255208 0.457031 0.259115 0.458008 0.259115 0.461914 0.263021 0.464844 0.263021 0.465820 0.264323 0.468750 0.264323 0.469727 0.265625 0.477539 0.263021 0.481445 0.260417 0.483398 0.257812 0.484375 0.257812 0.489258 0.251302 0.490234 0.251302 0.490234 0.250000 0.495117 0.243490 0.496094 0.240885 0.496094 0.238281 0.497070 0.236979 0.497070 0.225260 0.496094 0.223958 0.496094 0.220052 0.492188 0.214844 0.492188 0.213542 0.491211 0.213542 0.485352 0.205729 0.485352 0.204427 0.484375 0.204427
0 0.509766 0.243490 0.507812 0.243490 0.506836 0.244792 0.503906 0.244792 0.500977 0.247396 0.496094 0.247396 0.494141 0.248698 0.491211 0.252604 0.490234 0.252604 0.489258 0.255208 0.487305 0.256510 0.483398 0.261719 0.482422 0.264323 0.482422 0.269531 0.481445 0.270833 0.481445 0.277344 0.483398 0.281250 0.483398 0.283854 0.485352 0.286458 0.487305 0.291667 0.487305 0.295573 0.488281 0.296875 0.488281 0.299479 0.494141 0.303385 0.499023 0.308594 0.505859 0.308594 0.508789 0.304688 0.514648 0.300781 0.514648 0.289062 0.513672 0.287760 0.513672 0.283854 0.514648 0.281250 0.519531 0.274740 0.522461 0.273438 0.524414 0.269531 0.524414 0.263021 0.521484 0.257812 0.521484 0.256510 0.517578 0.251302 0.517578 0.250000 0.514648 0.248698
0 0.515625 0.282552 0.515625 0.286458 0.516602 0.287760 0.516602 0.299479 0.517578 0.300781 0.518555 0.305990 0.528320 0.320312 0.538086 0.326823 0.540039 0.326823 0.543945 0.329427 0.549805 0.329427 0.550781 0.328125 0.560547 0.328125 0.560547 0.326823 0.565430 0.320312 0.568359 0.312500 0.568359 0.308594 0.569336 0.307292 0.568359 0.287760 0.565430 0.281250 0.565430 0.276042 0.564453 0.274740 0.564453 0.272135 0.561523 0.268229 0.561523 0.266927 0.560547 0.266927 0.555664 0.260417 0.553711 0.260417 0.549805 0.257812 0.543945 0.257812 0.541016 0.261719 0.536133 0.264323 0.534180 0.266927 0.520508 0.276042
0 0.595703 0.238281 0.589844 0.238281 0.585938 0.240885 0.583984 0.243490 0.581055 0.244792 0.577148 0.250000 0.576172 0.250000 0.568359 0.259115 0.567383 0.259115 0.563477 0.265625 0.563477 0.269531 0.565430 0.272135 0.566406 0.279948 0.568359 0.283854 0.569336 0.294271 0.571289 0.299479 0.573242 0.302083 0.574219 0.302083 0.576172 0.304688 0.577148 0.308594 0.578125 0.308594 0.580078 0.311198 0.588867 0.312500 0.592773 0.309896 0.597656 0.309896 0.598633 0.308594 0.604492 0.307292 0.606445 0.305990 0.610352 0.299479 0.614258 0.289062 0.614258 0.282552 0.613281 0.281250 0.613281 0.276042 0.612305 0.274740 0.612305 0.266927 0.611328 0.265625 0.610352 0.257812 0.607422 0.250000 0.599609 0.240885
0 0.578125 0.197917 0.573242 0.197917 0.572266 0.199219 0.568359 0.199219 0.567383 0.200521 0.564453 0.200521 0.563477 0.201823 0.561523 0.201823 0.555664 0.205729 0.549805 0.213542 0.549805 0.233073 0.548828 0.234375 0.548828 0.238281 0.549805 0.239583 0.549805 0.244792 0.551758 0.250000 0.553711 0.252604 0.553711 0.253906 0.559570 0.260417 0.564453 0.260417 0.566406 0.259115 0.570312 0.253906 0.571289 0.253906 0.574219 0.250000 0.578125 0.247396 0.582031 0.242188 0.591797 0.235677 0.591797 0.233073 0.592773 0.231771 0.592773 0.225260 0.591797 0.223958 0.591797 0.213542 0.590820 0.210938 0.587891 0.207031 0.582031 0.203125
0 0.548828 0.143229 0.544922 0.148438 0.542969 0.153646 0.540039 0.157552 0.539062 0.161458 0.537109 0.164062 0.535156 0.169271 0.535156 0.182292 0.537109 0.183594 0.541016 0.188802 0.541992 0.188802 0.543945 0.191406 0.543945 0.192708 0.551758 0.203125 0.554688 0.203125 0.555664 0.201823 0.557617 0.201823 0.561523 0.199219 0.565430 0.199219 0.566406 0.197917 0.571289 0.196615 0.573242 0.194010 0.574219 0.194010 0.574219 0.192708 0.577148 0.188802 0.578125 0.186198 0.578125 0.180990 0.579102 0.179688 0.579102 0.171875 0.578125 0.170573 0.578125 0.165365 0.577148 0.164062 0.577148 0.160156 0.576172 0.157552 0.574219 0.154948 0.573242 0.151042 0.570312 0.148438 0.567383 0.148438 0.566406 0.147135 0.563477 0.147135 0.562500 0.145833 0.557617 0.145833 0.556641 0.144531 0.553711 0.144531 0.552734 0.143229
0 0.584961 0.106771 0.582031 0.114583 0.582031 0.119792 0.581055 0.122396 0.582031 0.123698 0.582031 0.131510 0.583008 0.134115 0.583984 0.134115 0.585938 0.136719 0.588867 0.144531 0.592773 0.147135 0.601562 0.147135 0.602539 0.148438 0.618164 0.148438 0.619141 0.147135 0.622070 0.147135 0.623047 0.145833 0.625000 0.145833 0.626953 0.143229 0.629883 0.135417 0.629883 0.117188 0.622070 0.096354 0.620117 0.095052 0.605469 0.095052 0.603516 0.093750 0.602539 0.095052 0.599609 0.095052 0.587891 0.102865
0 0.592773 0.218750 0.592773 0.226562 0.593750 0.227865 0.593750 0.235677 0.594727 0.235677 0.595703 0.236979 0.596680 0.236979 0.597656 0.238281 0.598633 0.238281 0.601562 0.242188 0.602539 0.242188 0.606445 0.247396 0.613281 0.247396 0.614258 0.246094 0.616211 0.246094 0.617188 0.244792 0.624023 0.244792 0.626953 0.242188 0.626953 0.240885 0.625977 0.239583 0.625977 0.238281 0.624023 0.235677 0.624023 0.233073 0.623047 0.231771 0.623047 0.229167 0.622070 0.227865 0.622070 0.226562 0.621094 0.225260 0.621094 0.223958 0.618164 0.220052 0.617188 0.220052 0.615234 0.217448 0.613281 0.217448 0.610352 0.214844 0.600586 0.214844 0.599609 0.216146 0.594727 0.216146
0 0.623047 0.244792 0.622070 0.244792 0.621094 0.246094 0.614258 0.246094 0.613281 0.247396 0.611328 0.247396 0.610352 0.248698 0.609375 0.248698 0.609375 0.253906 0.612305 0.260417 0.612305 0.264323 0.613281 0.265625 0.613281 0.273438 0.614258 0.274740 0.614258 0.279948 0.615234 0.281250 0.615234 0.290365 0.614258 0.291667 0.612305 0.298177 0.610352 0.300781 0.610352 0.302083 0.609375 0.303385 0.609375 0.305990 0.611328 0.305990 0.612305 0.307292 0.615234 0.307292 0.616211 0.308594 0.620117 0.308594 0.622070 0.305990 0.622070 0.304688 0.624023 0.302083 0.625000 0.302083 0.629883 0.295573 0.629883 0.294271 0.631836 0.290365 0.631836 0.282552 0.632812 0.281250 0.632812 0.274740 0.631836 0.273438 0.630859 0.266927 0.629883 0.265625 0.629883 0.264323 0.627930 0.260417 0.627930 0.257812 0.626953 0.256510 0.626953 0.247396 0.625977 0.246094 0.624023 0.246094
0 0.673828 0.270833 0.667969 0.270833 0.666992 0.272135 0.661133 0.272135 0.660156 0.273438 0.640625 0.273438 0.639648 0.274740 0.637695 0.274740 0.634766 0.278646 0.633789 0.281250 0.633789 0.287760 0.631836 0.294271 0.631836 0.317708 0.633789 0.324219 0.635742 0.325521 0.637695 0.329427 0.637695 0.341146 0.646484 0.342448 0.647461 0.341146 0.650391 0.341146 0.653320 0.338542 0.656250 0.338542 0.657227 0.337240 0.666992 0.337240 0.672852 0.333333 0.679688 0.326823 0.680664 0.320312 0.682617 0.316406 0.682617 0.313802 0.684570 0.308594 0.685547 0.298177 0.684570 0.296875 0.683594 0.289062 0.680664 0.281250
0 0.666016 0.182292 0.662109 0.182292 0.661133 0.183594 0.652344 0.183594 0.651367 0.184896 0.646484 0.184896 0.645508 0.186198 0.645508 0.188802 0.642578 0.197917 0.642578 0.201823 0.638672 0.212240 0.638672 0.216146 0.636719 0.220052 0.636719 0.222656 0.633789 0.229167 0.633789 0.234375 0.632812 0.236979 0.637695 0.247396 0.644531 0.251302 0.650391 0.257812 0.660156 0.257812 0.661133 0.259115 0.662109 0.257812 0.665039 0.257812 0.666992 0.256510 0.676758 0.244792 0.678711 0.238281 0.682617 0.231771 0.682617 0.229167 0.684570 0.225260 0.684570 0.216146 0.678711 0.196615 0.670898 0.184896
0 0.684570 0.153646 0.681641 0.157552 0.680664 0.161458 0.675781 0.167969 0.675781 0.169271 0.672852 0.174479 0.672852 0.178385 0.673828 0.179688 0.674805 0.188802 0.683594 0.201823 0.687500 0.204427 0.689453 0.204427 0.692383 0.207031 0.694336 0.207031 0.695312 0.208333 0.702148 0.208333 0.703125 0.207031 0.706055 0.207031 0.707031 0.205729 0.711914 0.205729 0.718750 0.187500 0.718750 0.182292 0.719727 0.180990 0.719727 0.166667 0.718750 0.165365 0.718750 0.162760 0.717773 0.161458 0.717773 0.158854 0.716797 0.156250 0.711914 0.152344 0.708984 0.152344 0.708008 0.151042 0.703125 0.151042 0.702148 0.149740 0.698242 0.149740 0.697266 0.151042 0.691406 0.151042 0.690430 0.152344 0.686523 0.152344
0 0.690430 0.247396 0.689453 0.251302 0.681641 0.261719 0.681641 0.279948 0.684570 0.287760 0.684570 0.290365 0.685547 0.291667 0.685547 0.295573 0.688477 0.298177 0.690430 0.296875 0.693359 0.296875 0.694336 0.295573 0.700195 0.295573 0.701172 0.296875 0.706055 0.296875 0.708984 0.299479 0.711914 0.299479 0.714844 0.302083 0.720703 0.302083 0.722656 0.296875 0.724609 0.294271 0.725586 0.294271 0.725586 0.290365 0.726562 0.289062 0.726562 0.279948 0.725586 0.278646 0.725586 0.273438 0.724609 0.272135 0.723633 0.265625 0.720703 0.260417 0.720703 0.259115 0.715820 0.252604 0.713867 0.251302 0.711914 0.251302 0.710938 0.250000 0.708008 0.250000 0.707031 0.248698 0.700195 0.248698 0.699219 0.247396 0.695312 0.247396 0.694336 0.246094 0.692383 0.246094
0 0.689453 0.299479 0.685547 0.308594 0.685547 0.311198 0.684570 0.312500 0.684570 0.315104 0.683594 0.316406 0.683594 0.319010 0.681641 0.324219 0.681641 0.333333 0.682617 0.334635 0.682617 0.337240 0.683594 0.338542 0.683594 0.341146 0.685547 0.346354 0.687500 0.348958 0.689453 0.348958 0.694336 0.354167 0.700195 0.358073 0.706055 0.359375 0.707031 0.360677 0.709961 0.360677 0.710938 0.361979 0.715820 0.359375 0.717773 0.356771 0.725586 0.351562 0.727539 0.346354 0.728516 0.339844 0.729492 0.338542 0.729492 0.324219 0.728516 0.322917 0.728516 0.320312 0.727539 0.319010 0.725586 0.308594 0.723633 0.305990 0.719727 0.303385 0.718750 0.304688 0.715820 0.304688 0.705078 0.298177 0.693359 0.298177 0.692383 0.299479
0 0.653320 0.341146 0.644531 0.348958 0.638672 0.361979 0.640625 0.372396 0.642578 0.376302 0.642578 0.393229 0.643555 0.394531 0.644531 0.403646 0.645508 0.406250 0.649414 0.410156 0.655273 0.406250 0.660156 0.406250 0.661133 0.407552 0.665039 0.407552 0.666016 0.408854 0.669922 0.408854 0.670898 0.410156 0.675781 0.410156 0.676758 0.411458 0.683594 0.406250 0.689453 0.394531 0.689453 0.390625 0.690430 0.389323 0.690430 0.367188 0.687500 0.359375 0.684570 0.355469 0.681641 0.347656 0.679688 0.345052 0.672852 0.345052 0.671875 0.343750 0.667969 0.343750 0.666992 0.342448 0.663086 0.342448 0.662109 0.341146
0 0.591797 0.312500 0.586914 0.319010 0.584961 0.324219 0.583984 0.343750 0.583008 0.345052 0.583008 0.355469 0.587891 0.360677 0.593750 0.364583 0.601562 0.373698 0.607422 0.377604 0.614258 0.377604 0.615234 0.376302 0.620117 0.375000 0.622070 0.372396 0.625000 0.371094 0.629883 0.364583 0.630859 0.359375 0.631836 0.358073 0.631836 0.354167 0.633789 0.351562 0.633789 0.346354 0.634766 0.345052 0.634766 0.333333 0.635742 0.332031 0.634766 0.328125 0.632812 0.326823 0.624023 0.315104 0.616211 0.309896 0.605469 0.308594 0.604492 0.309896 0.600586 0.309896 0.599609 0.311198 0.594727 0.311198 0.593750 0.312500
0 0.653320 0.408854 0.650391 0.412760 0.649414 0.416667 0.644531 0.424479 0.643555 0.428385 0.641602 0.429688 0.636719 0.437500 0.636719 0.440104 0.634766 0.445312 0.636719 0.449219 0.635742 0.451823 0.635742 0.457031 0.636719 0.458333 0.637695 0.464844 0.645508 0.472656 0.648438 0.477865 0.650391 0.479167 0.659180 0.477865 0.661133 0.480469 0.665039 0.480469 0.666992 0.477865 0.673828 0.477865 0.674805 0.476562 0.677734 0.476562 0.682617 0.472656 0.684570 0.472656 0.690430 0.467448 0.693359 0.460938 0.693359 0.455729 0.696289 0.445312 0.696289 0.433594 0.695312 0.432292 0.695312 0.427083 0.693359 0.421875 0.687500 0.417969 0.683594 0.417969 0.677734 0.414062 0.673828 0.414062 0.670898 0.411458 0.667969 0.411458 0.666992 0.410156 0.664062 0.410156 0.659180 0.407552
0 0.651367 0.490885 0.645508 0.500000 0.640625 0.511719 0.640625 0.515625 0.639648 0.516927 0.639648 0.528646 0.641602 0.533854 0.647461 0.542969 0.648438 0.542969 0.651367 0.546875 0.653320 0.546875 0.654297 0.548177 0.657227 0.548177 0.658203 0.549479 0.673828 0.549479 0.675781 0.548177 0.677734 0.545573 0.679688 0.539062 0.681641 0.536458 0.688477 0.518229 0.688477 0.513021 0.689453 0.511719 0.689453 0.502604 0.688477 0.500000 0.680664 0.490885 0.676758 0.489583 0.675781 0.488281 0.671875 0.488281 0.670898 0.486979 0.663086 0.486979 0.662109 0.488281 0.658203 0.488281 0.657227 0.489583
0 0.657227 0.559896 0.654297 0.563802 0.653320 0.563802 0.649414 0.574219 0.649414 0.576823 0.648438 0.578125 0.648438 0.583333 0.647461 0.584635 0.648438 0.587240 0.648438 0.596354 0.649414 0.597656 0.649414 0.601562 0.651367 0.604167 0.652344 0.608073 0.654297 0.610677 0.659180 0.613281 0.665039 0.619792 0.667969 0.621094 0.671875 0.625000 0.681641 0.625000 0.689453 0.619792 0.696289 0.610677 0.699219 0.602865 0.699219 0.578125 0.695312 0.572917 0.690430 0.570312 0.688477 0.567708 0.682617 0.563802 0.680664 0.563802 0.676758 0.559896 0.673828 0.559896 0.672852 0.558594 0.661133 0.558594 0.660156 0.559896
0 0.779297 0.230469 0.775391 0.233073 0.773438 0.235677 0.772461 0.235677 0.767578 0.242188 0.767578 0.243490 0.765625 0.246094 0.764648 0.246094 0.766602 0.251302 0.766602 0.253906 0.765625 0.255208 0.765625 0.263021 0.764648 0.264323 0.764648 0.268229 0.765625 0.268229 0.768555 0.272135 0.768555 0.273438 0.771484 0.277344 0.773438 0.282552 0.779297 0.290365 0.781250 0.290365 0.782227 0.291667 0.787109 0.291667 0.788086 0.292969 0.794922 0.292969 0.795898 0.291667 0.797852 0.291667 0.799805 0.290365 0.804688 0.283854 0.806641 0.278646 0.806641 0.276042 0.808594 0.273438 0.810547 0.268229 0.810547 0.261719 0.814453 0.251302 0.810547 0.246094 0.809570 0.246094 0.805664 0.239583 0.796875 0.233073 0.791016 0.233073 0.790039 0.231771 0.784180 0.231771 0.783203 0.230469
0 0.813477 0.266927 0.811523 0.269531 0.810547 0.273438 0.808594 0.276042 0.805664 0.285156 0.803711 0.287760 0.801758 0.292969 0.801758 0.295573 0.800781 0.296875 0.800781 0.302083 0.801758 0.303385 0.801758 0.305990 0.803711 0.311198 0.806641 0.315104 0.806641 0.316406 0.810547 0.319010 0.812500 0.321615 0.817383 0.322917 0.823242 0.328125 0.830078 0.326823 0.835938 0.322917 0.837891 0.320312 0.844727 0.302083 0.844727 0.296875 0.845703 0.295573 0.845703 0.292969 0.844727 0.291667 0.844727 0.286458 0.843750 0.285156 0.843750 0.282552 0.841797 0.277344 0.839844 0.274740 0.839844 0.273438 0.833008 0.266927 0.831055 0.266927 0.830078 0.265625 0.819336 0.265625 0.818359 0.266927
0 0.755859 0.273438 0.752930 0.274740 0.750977 0.277344 0.749023 0.277344 0.748047 0.278646 0.746094 0.278646 0.744141 0.279948 0.741211 0.283854 0.740234 0.283854 0.738281 0.286458 0.737305 0.286458 0.735352 0.289062 0.731445 0.291667 0.729492 0.299479 0.726562 0.303385 0.727539 0.305990 0.727539 0.311198 0.728516 0.312500 0.729492 0.319010 0.732422 0.324219 0.733398 0.328125 0.734375 0.328125 0.738281 0.333333 0.739258 0.333333 0.744141 0.338542 0.756836 0.338542 0.760742 0.334635 0.763672 0.333333 0.772461 0.320312 0.773438 0.317708 0.773438 0.315104 0.774414 0.313802 0.774414 0.309896 0.775391 0.308594 0.775391 0.303385 0.774414 0.302083 0.774414 0.298177 0.771484 0.290365 0.765625 0.282552 0.760742 0.279948
0 0.776367 0.311198 0.773438 0.320312 0.771484 0.322917 0.771484 0.324219 0.769531 0.326823 0.769531 0.328125 0.768555 0.329427 0.767578 0.329427 0.759766 0.339844 0.759766 0.347656 0.760742 0.348958 0.760742 0.352865 0.761719 0.354167 0.761719 0.356771 0.762695 0.358073 0.762695 0.361979 0.764648 0.364583 0.779297 0.364583 0.780273 0.365885 0.785156 0.365885 0.786133 0.367188 0.788086 0.367188 0.789062 0.365885 0.791016 0.365885 0.794922 0.360677 0.794922 0.356771 0.795898 0.355469 0.795898 0.345052 0.796875 0.343750 0.796875 0.337240 0.795898 0.335938 0.795898 0.329427 0.793945 0.326823 0.793945 0.325521 0.787109 0.316406 0.786133 0.316406 0.783203 0.311198
0 0.739258 0.352865 0.734375 0.352865 0.733398 0.351562 0.731445 0.351562 0.730469 0.352865 0.727539 0.352865 0.717773 0.359375 0.712891 0.365885 0.705078 0.386719 0.705078 0.390625 0.704102 0.393229 0.706055 0.397135 0.704102 0.401042 0.704102 0.406250 0.705078 0.408854 0.707031 0.410156 0.712891 0.419271 0.715820 0.420573 0.718750 0.424479 0.725586 0.424479 0.726562 0.423177 0.729492 0.423177 0.730469 0.421875 0.732422 0.421875 0.733398 0.423177 0.737305 0.423177 0.743164 0.419271 0.750977 0.410156 0.751953 0.406250 0.753906 0.403646 0.755859 0.398438 0.755859 0.394531 0.756836 0.393229 0.755859 0.375000 0.752930 0.368490 0.749023 0.363281 0.749023 0.361979 0.743164 0.355469
0 0.763672 0.367188 0.757812 0.375000 0.757812 0.386719 0.758789 0.389323 0.757812 0.390625 0.757812 0.395833 0.756836 0.397135 0.756836 0.404948 0.758789 0.410156 0.759766 0.417969 0.762695 0.423177 0.762695 0.428385 0.767578 0.428385 0.771484 0.430990 0.776367 0.430990 0.777344 0.432292 0.783203 0.432292 0.784180 0.430990 0.786133 0.430990 0.790039 0.424479 0.791016 0.424479 0.793945 0.420573 0.794922 0.420573 0.796875 0.414062 0.800781 0.407552 0.802734 0.402344 0.802734 0.399740 0.803711 0.398438 0.802734 0.390625 0.800781 0.388021 0.799805 0.384115 0.796875 0.380208 0.794922 0.375000 0.789062 0.369792 0.783203 0.368490 0.782227 0.367188 0.778320 0.367188 0.777344 0.365885 0.768555 0.365885 0.767578 0.367188
0 0.796875 0.361979 0.796875 0.363281 0.794922 0.365885 0.794922 0.371094 0.795898 0.372396 0.796875 0.377604 0.799805 0.381510 0.804688 0.395833 0.803711 0.402344 0.800781 0.408854 0.800781 0.414062 0.802734 0.414062 0.803711 0.415365 0.807617 0.415365 0.808594 0.414062 0.812500 0.414062 0.813477 0.415365 0.822266 0.415365 0.823242 0.414062 0.826172 0.414062 0.827148 0.412760 0.831055 0.411458 0.839844 0.398438 0.840820 0.393229 0.841797 0.391927 0.841797 0.388021 0.842773 0.386719 0.843750 0.380208 0.842773 0.378906 0.841797 0.373698 0.837891 0.368490 0.834961 0.359375 0.833008 0.356771 0.826172 0.356771 0.825195 0.358073 0.824219 0.356771 0.805664 0.356771 0.804688 0.358073 0.801758 0.358073
0 0.731445 0.446615 0.724609 0.444010 0.723633 0.445312 0.717773 0.445312 0.712891 0.447917 0.699219 0.447917 0.697266 0.449219 0.695312 0.458333 0.693359 0.462240 0.691406 0.472656 0.692383 0.473958 0.693359 0.484375 0.699219 0.500000 0.702148 0.502604 0.702148 0.507812 0.707031 0.510417 0.713867 0.510417 0.714844 0.511719 0.716797 0.511719 0.717773 0.510417 0.736328 0.509115 0.738281 0.507812 0.744141 0.500000 0.748047 0.486979 0.747070 0.484375 0.747070 0.480469 0.744141 0.471354 0.740234 0.463542 0.739258 0.458333
0 0.773438 0.467448 0.766602 0.479167 0.762695 0.480469 0.761719 0.488281 0.759766 0.490885 0.759766 0.493490 0.760742 0.494792 0.760742 0.502604 0.765625 0.510417 0.765625 0.515625 0.773438 0.529948 0.781250 0.535156 0.793945 0.536458 0.799805 0.532552 0.801758 0.529948 0.804688 0.528646 0.809570 0.516927 0.810547 0.509115 0.811523 0.507812 0.811523 0.502604 0.812500 0.501302 0.812500 0.496094 0.813477 0.494792 0.813477 0.485677 0.812500 0.484375 0.812500 0.481771 0.811523 0.479167 0.804688 0.470052 0.797852 0.467448 0.796875 0.466146 0.776367 0.466146 0.775391 0.467448
0 0.791992 0.424479 0.782227 0.437500 0.780273 0.438802 0.776367 0.447917 0.775391 0.455729 0.777344 0.457031 0.781250 0.463542 0.791016 0.463542 0.791992 0.464844 0.796875 0.464844 0.797852 0.466146 0.802734 0.467448 0.804688 0.470052 0.808594 0.472656 0.814453 0.483073 0.819336 0.483073 0.820312 0.481771 0.824219 0.480469 0.828125 0.475260 0.832031 0.466146 0.832031 0.463542 0.833984 0.458333 0.833984 0.449219 0.834961 0.447917 0.834961 0.444010 0.833984 0.441406 0.832031 0.438802 0.831055 0.438802 0.826172 0.432292 0.826172 0.430990 0.817383 0.424479 0.814453 0.419271 0.811523 0.419271 0.810547 0.417969 0.805664 0.417969 0.804688 0.419271 0.802734 0.419271 0.798828 0.421875 0.795898 0.421875
0 0.860352 0.424479 0.857422 0.424479 0.852539 0.428385 0.846680 0.428385 0.845703 0.427083 0.828125 0.427083 0.826172 0.428385 0.826172 0.429688 0.829102 0.433594 0.829102 0.434896 0.834961 0.441406 0.834961 0.457031 0.833984 0.458333 0.832031 0.468750 0.829102 0.475260 0.829102 0.479167 0.828125 0.480469 0.831055 0.480469 0.832031 0.481771 0.845703 0.481771 0.846680 0.480469 0.849609 0.480469 0.850586 0.479167 0.854492 0.477865 0.858398 0.472656 0.860352 0.471354 0.860352 0.470052 0.865234 0.460938 0.865234 0.458333 0.866211 0.457031 0.866211 0.451823 0.867188 0.450521 0.867188 0.446615 0.866211 0.445312 0.866211 0.440104 0.865234 0.438802 0.865234 0.432292
0 0.814453 0.503906 0.812500 0.507812 0.812500 0.510417 0.811523 0.511719 0.811523 0.514323 0.810547 0.515625 0.808594 0.526042 0.806641 0.528646 0.806641 0.529948 0.804688 0.532552 0.801758 0.533854 0.801758 0.536458 0.798828 0.539062 0.798828 0.541667 0.800781 0.544271 0.801758 0.549479 0.805664 0.554688 0.811523 0.557292 0.816406 0.563802 0.818359 0.565104 0.830078 0.565104 0.831055 0.563802 0.838867 0.561198 0.843750 0.555990 0.844727 0.555990 0.848633 0.550781 0.849609 0.550781 0.850586 0.548177 0.850586 0.540365 0.849609 0.537760 0.850586 0.536458 0.850586 0.532552 0.851562 0.531250 0.851562 0.516927 0.850586 0.514323 0.837891 0.505208 0.835938 0.505208 0.832031 0.502604 0.829102 0.502604 0.828125 0.501302 0.823242 0.501302 0.822266 0.502604
0 0.791992 0.540365 0.790039 0.540365 0.789062 0.539062 0.785156 0.539062 0.784180 0.537760 0.778320 0.537760 0.777344 0.539062 0.770508 0.539062 0.766602 0.541667 0.763672 0.541667 0.762695 0.542969 0.760742 0.542969 0.759766 0.544271 0.755859 0.544271 0.754883 0.545573 0.754883 0.549479 0.752930 0.554688 0.752930 0.559896 0.757812 0.566406 0.757812 0.567708 0.762695 0.575521 0.763672 0.580729 0.764648 0.582031 0.764648 0.587240 0.765625 0.588542 0.765625 0.591146 0.769531 0.596354 0.773438 0.597656 0.774414 0.598958 0.776367 0.597656 0.779297 0.597656 0.781250 0.595052 0.785156 0.592448 0.787109 0.592448 0.791016 0.589844 0.793945 0.589844 0.797852 0.587240 0.800781 0.583333 0.800781 0.580729 0.803711 0.572917 0.803711 0.563802 0.802734 0.562500 0.802734 0.558594 0.801758 0.557292 0.801758 0.554688 0.796875 0.546875 0.796875 0.545573
0 0.686523 0.533854 0.686523 0.540365 0.687500 0.541667 0.687500 0.546875 0.686523 0.549479 0.687500 0.550781 0.687500 0.555990 0.688477 0.557292 0.688477 0.563802 0.692383 0.562500 0.694336 0.565104 0.695312 0.569010 0.703125 0.576823 0.707031 0.578125 0.709961 0.580729 0.711914 0.580729 0.716797 0.584635 0.721680 0.585938 0.726562 0.589844 0.730469 0.589844 0.736328 0.584635 0.741211 0.578125 0.745117 0.567708 0.748047 0.563802 0.748047 0.557292 0.746094 0.550781 0.746094 0.545573 0.744141 0.539062 0.742188 0.536458 0.742188 0.533854 0.734375 0.523438 0.724609 0.519531 0.718750 0.515625 0.716797 0.513021 0.712891 0.513021 0.708008 0.518229 0.699219 0.520833 0.699219 0.522135 0.697266 0.524740 0.694336 0.526042 0.692383 0.529948
0 0.754883 0.563802 0.749023 0.563802 0.745117 0.570312 0.743164 0.576823 0.740234 0.580729 0.740234 0.582031 0.737305 0.585938 0.734375 0.587240 0.732422 0.589844 0.727539 0.592448 0.721680 0.588542 0.717773 0.588542 0.714844 0.591146 0.710938 0.601562 0.710938 0.609375 0.715820 0.619792 0.719727 0.625000 0.725586 0.626302 0.726562 0.627604 0.748047 0.627604 0.749023 0.626302 0.753906 0.625000 0.761719 0.615885 0.761719 0.613281 0.763672 0.609375 0.763672 0.606771 0.765625 0.601562 0.765625 0.592448 0.763672 0.587240 0.763672 0.582031 0.762695 0.580729 0.762695 0.578125
0 0.780273 0.598958 0.778320 0.601562 0.778320 0.606771 0.777344 0.608073 0.778320 0.623698 0.781250 0.631510 0.784180 0.635417 0.786133 0.641927 0.790039 0.648438 0.791016 0.652344 0.795898 0.658854 0.813477 0.657552 0.816406 0.654948 0.822266 0.653646 0.825195 0.649740 0.825195 0.648438 0.829102 0.641927 0.829102 0.628906 0.828125 0.627604 0.828125 0.622396 0.826172 0.618490 0.826172 0.614583 0.823242 0.608073 0.823242 0.605469 0.821289 0.600260 0.817383 0.595052 0.810547 0.591146 0.802734 0.589844 0.801758 0.588542 0.800781 0.589844 0.797852 0.589844 0.796875 0.591146 0.792969 0.591146 0.790039 0.593750 0.785156 0.595052
0 0.751953 0.682292 0.750977 0.683594 0.750977 0.696615 0.753906 0.705729 0.757812 0.710938 0.757812 0.714844 0.770508 0.729167 0.775391 0.736979 0.777344 0.736979 0.780273 0.739583 0.789062 0.739583 0.791992 0.738281 0.794922 0.734375 0.802734 0.731771 0.807617 0.727865 0.812500 0.721354 0.811523 0.692708 0.803711 0.679688 0.792969 0.667969 0.789062 0.667969 0.788086 0.666667 0.783203 0.666667 0.782227 0.669271 0.785156 0.670573 0.791992 0.670573 0.792969 0.674479 0.790039 0.677083 0.779297 0.677083 0.778320 0.678385 0.765625 0.677083 0.763672 0.680990 0.763672 0.683594 0.761719 0.686198 0.756836 0.687500 0.754883 0.691406 0.752930 0.688802 0.753906 0.684896
0 0.698242 0.641927 0.697266 0.643229 0.697266 0.647135 0.695312 0.651042 0.696289 0.673177 0.695312 0.674479 0.694336 0.687500 0.693359 0.688802 0.695312 0.694010 0.703125 0.705729 0.704102 0.705729 0.709961 0.713542 0.711914 0.714844 0.724609 0.714844 0.725586 0.713542 0.728516 0.713542 0.740234 0.690104 0.742188 0.684896 0.742188 0.682292 0.745117 0.675781 0.745117 0.664062 0.744141 0.661458 0.741211 0.658854 0.737305 0.658854 0.731445 0.654948 0.725586 0.647135 0.720703 0.644531 0.711914 0.643229 0.710938 0.641927
0 0.739258 0.735677 0.739258 0.739583 0.740234 0.740885 0.740234 0.757812 0.739258 0.759115 0.739258 0.763021 0.738281 0.764323 0.737305 0.772135 0.732422 0.777344 0.728516 0.779948 0.726562 0.779948 0.723633 0.783854 0.723633 0.789062 0.734375 0.803385 0.735352 0.803385 0.737305 0.805990 0.739258 0.807292 0.742188 0.807292 0.743164 0.808594 0.747070 0.808594 0.753906 0.802083 0.758789 0.800781 0.760742 0.798177 0.761719 0.792969 0.766602 0.781250 0.766602 0.776042 0.767578 0.774740 0.767578 0.763021 0.764648 0.757812 0.763672 0.757812 0.756836 0.750000 0.750977 0.746094 0.749023 0.743490 0.748047 0.743490 0.746094 0.740885
0 0.715820 0.799479 0.715820 0.800781 0.714844 0.802083 0.714844 0.804688 0.713867 0.805990 0.713867 0.813802 0.712891 0.815104 0.712891 0.817708 0.709961 0.824219 0.709961 0.826823 0.708008 0.829427 0.708008 0.830729 0.704102 0.835938 0.702148 0.835938 0.699219 0.839844 0.699219 0.841146 0.702148 0.845052 0.707031 0.847656 0.711914 0.854167 0.712891 0.854167 0.715820 0.856771 0.723633 0.856771 0.724609 0.855469 0.726562 0.855469 0.727539 0.854167 0.734375 0.850260 0.742188 0.839844 0.742188 0.838542 0.743164 0.837240 0.743164 0.812500 0.741211 0.809896 0.736328 0.808594 0.734375 0.805990 0.732422 0.805990 0.731445 0.804688 0.729492 0.804688 0.728516 0.803385 0.726562 0.803385 0.725586 0.802083 0.722656 0.802083 0.721680 0.800781 0.718750 0.800781 0.717773 0.799479
0 0.750000 0.809896 0.749023 0.812500 0.749023 0.817708 0.748047 0.819010 0.748047 0.835938 0.750000 0.841146 0.758789 0.851562 0.760742 0.856771 0.769531 0.868490 0.772461 0.868490 0.773438 0.869792 0.785156 0.869792 0.786133 0.868490 0.791016 0.868490 0.794922 0.864583 0.797852 0.863281 0.800781 0.859375 0.801758 0.856771 0.801758 0.822917 0.800781 0.820312 0.794922 0.812500 0.791992 0.811198 0.790039 0.808594 0.787109 0.807292 0.783203 0.803385 0.775391 0.802083 0.774414 0.800781 0.768555 0.800781 0.767578 0.802083 0.762695 0.800781 0.759766 0.803385 0.757812 0.803385 0.755859 0.805990
0 0.774414 0.755208 0.770508 0.761719 0.770508 0.768229 0.769531 0.769531 0.769531 0.782552 0.770508 0.783854 0.770508 0.787760 0.773438 0.791667 0.773438 0.792969 0.777344 0.796875 0.781250 0.799479 0.786133 0.800781 0.787109 0.802083 0.791016 0.802083 0.791992 0.803385 0.796875 0.803385 0.798828 0.804688 0.799805 0.803385 0.804688 0.803385 0.809570 0.799479 0.811523 0.799479 0.817383 0.795573 0.819336 0.792969 0.819336 0.766927 0.818359 0.764323 0.815430 0.763021 0.812500 0.759115 0.811523 0.759115 0.806641 0.753906 0.802734 0.751302 0.795898 0.751302 0.794922 0.752604 0.786133 0.752604 0.785156 0.753906 0.777344 0.753906 0.776367 0.755208
0 0.836914 0.757812 0.835938 0.759115 0.833008 0.759115 0.831055 0.761719 0.829102 0.761719 0.825195 0.764323 0.823242 0.766927 0.822266 0.766927 0.822266 0.769531 0.821289 0.770833 0.821289 0.778646 0.820312 0.779948 0.820312 0.795573 0.819336 0.796875 0.819336 0.808594 0.820312 0.811198 0.824219 0.816406 0.828125 0.819010 0.831055 0.819010 0.832031 0.820312 0.844727 0.820312 0.850586 0.815104 0.852539 0.815104 0.853516 0.813802 0.855469 0.813802 0.860352 0.809896 0.861328 0.807292 0.861328 0.796875 0.862305 0.795573 0.862305 0.791667 0.859375 0.783854 0.858398 0.777344 0.855469 0.769531 0.853516 0.766927 0.853516 0.765625 0.848633 0.760417 0.845703 0.760417 0.841797 0.757812
0 0.813477 0.695312 0.812500 0.697917 0.812500 0.701823 0.813477 0.703125 0.813477 0.713542 0.814453 0.714844 0.813477 0.716146 0.813477 0.721354 0.806641 0.730469 0.800781 0.734375 0.795898 0.735677 0.795898 0.742188 0.801758 0.748698 0.806641 0.751302 0.816406 0.761719 0.818359 0.761719 0.819336 0.763021 0.823242 0.763021 0.826172 0.760417 0.828125 0.760417 0.832031 0.757812 0.832031 0.756510 0.834961 0.753906 0.839844 0.742188 0.839844 0.726562 0.840820 0.725260 0.840820 0.714844 0.837891 0.708333 0.833008 0.705729 0.826172 0.697917 0.824219 0.697917 0.821289 0.695312
0 0.837891 0.639323 0.836914 0.640625 0.832031 0.641927 0.830078 0.644531 0.829102 0.644531 0.826172 0.649740 0.826172 0.651042 0.818359 0.660156 0.818359 0.664062 0.817383 0.665365 0.817383 0.679688 0.818359 0.680990 0.818359 0.684896 0.820312 0.690104 0.824219 0.695312 0.836914 0.704427 0.839844 0.704427 0.841797 0.705729 0.842773 0.704427 0.846680 0.703125 0.854492 0.692708 0.858398 0.690104 0.858398 0.688802 0.863281 0.682292 0.864258 0.679688 0.865234 0.670573 0.864258 0.669271 0.864258 0.662760 0.862305 0.657552 0.856445 0.648438 0.855469 0.648438 0.852539 0.644531 0.848633 0.641927 0.846680 0.641927 0.845703 0.640625 0.838867 0.640625
0 0.855469 0.700521 0.852539 0.704427 0.848633 0.707031 0.846680 0.707031 0.842773 0.712240 0.841797 0.714844 0.841797 0.743490 0.844727 0.747396 0.846680 0.752604 0.850586 0.757812 0.854492 0.760417 0.856445 0.760417 0.857422 0.761719 0.864258 0.761719 0.865234 0.763021 0.871094 0.763021 0.873047 0.761719 0.878906 0.753906 0.880859 0.748698 0.886719 0.739583 0.886719 0.723958 0.885742 0.722656 0.885742 0.720052 0.883789 0.714844 0.881836 0.712240 0.879883 0.710938 0.877930 0.710938 0.875000 0.708333 0.872070 0.708333 0.871094 0.707031 0.866211 0.705729 0.858398 0.700521
0 0.884766 0.744792 0.880859 0.751302 0.879883 0.755208 0.875000 0.764323 0.875000 0.774740 0.877930 0.779948 0.879883 0.779948 0.881836 0.782552 0.881836 0.786458 0.880859 0.787760 0.881836 0.792969 0.887695 0.794271 0.891602 0.799479 0.892578 0.799479 0.900391 0.807292 0.908203 0.807292 0.909180 0.805990 0.912109 0.805990 0.913086 0.804688 0.917969 0.803385 0.921875 0.800781 0.927734 0.792969 0.930664 0.783854 0.930664 0.779948 0.931641 0.778646 0.931641 0.772135 0.928711 0.768229 0.928711 0.765625 0.923828 0.759115 0.922852 0.759115 0.915039 0.750000 0.911133 0.748698 0.908203 0.744792 0.904297 0.743490 0.896484 0.738281 0.888672 0.740885 0.885742 0.744792
0 0.907227 0.708333 0.907227 0.726562 0.908203 0.727865 0.908203 0.730469 0.916016 0.747396 0.925781 0.757812 0.930664 0.760417 0.932617 0.763021 0.934570 0.763021 0.937500 0.765625 0.940430 0.765625 0.945312 0.760417 0.949219 0.760417 0.959961 0.753906 0.965820 0.753906 0.968750 0.743490 0.968750 0.739583 0.962891 0.721354 0.954102 0.707031 0.944336 0.700521 0.930664 0.696615 0.923828 0.691406 0.912109 0.699219
0 0.897461 0.644531 0.890625 0.645833 0.887695 0.649740 0.886719 0.649740 0.883789 0.653646 0.882812 0.653646 0.875977 0.661458 0.875000 0.661458 0.875000 0.662760 0.873047 0.665365 0.871094 0.665365 0.869141 0.667969 0.869141 0.677083 0.868164 0.679688 0.869141 0.680990 0.869141 0.686198 0.870117 0.687500 0.871094 0.694010 0.878906 0.704427 0.880859 0.705729 0.883789 0.705729 0.884766 0.707031 0.887695 0.707031 0.888672 0.708333 0.890625 0.708333 0.891602 0.707031 0.896484 0.707031 0.897461 0.705729 0.905273 0.703125 0.907227 0.701823 0.913086 0.694010 0.914062 0.690104 0.916992 0.684896 0.916992 0.675781 0.916016 0.674479 0.916016 0.664062 0.915039 0.662760 0.914062 0.657552 0.908203 0.649740 0.906250 0.649740 0.901367 0.645833 0.898438 0.645833
0 0.950195 0.638021 0.956055 0.640625 0.958984 0.647135 0.958008 0.649740 0.955078 0.649740 0.952148 0.653646 0.951172 0.653646 0.951172 0.654948 0.948242 0.658854 0.948242 0.661458 0.946289 0.666667 0.947266 0.678385 0.953125 0.692708 0.955078 0.695312 0.955078 0.699219 0.957031 0.703125 0.964844 0.709635 0.965820 0.712240 0.969727 0.712240 0.972656 0.709635 0.974609 0.709635 0.981445 0.705729 0.984375 0.701823 0.987305 0.700521 0.996094 0.690104 0.996094 0.675781 0.988281 0.657552 0.987305 0.657552 0.982422 0.651042 0.981445 0.651042 0.974609 0.643229 0.972656 0.643229 0.968750 0.640625 0.963867 0.640625 0.961914 0.638021 0.959961 0.638021 0.958984 0.636719 0.952148 0.636719
0 0.914062 0.575521 0.910156 0.575521 0.909180 0.574219 0.907227 0.574219 0.906250 0.575521 0.904297 0.575521 0.902344 0.578125 0.894531 0.583333 0.891602 0.583333 0.885742 0.587240 0.882812 0.587240 0.880859 0.588542 0.880859 0.604167 0.879883 0.605469 0.879883 0.611979 0.880859 0.613281 0.880859 0.623698 0.883789 0.628906 0.887695 0.631510 0.889648 0.635417 0.894531 0.639323 0.897461 0.639323 0.898438 0.640625 0.909180 0.640625 0.915039 0.636719 0.916992 0.634115 0.920898 0.631510 0.923828 0.627604 0.926758 0.626302 0.929688 0.622396 0.929688 0.609375 0.928711 0.608073 0.928711 0.602865 0.927734 0.601562 0.927734 0.597656 0.925781 0.592448 0.924805 0.584635 0.921875 0.580729
0 0.929688 0.584635 0.929688 0.598958 0.930664 0.600260 0.931641 0.608073 0.936523 0.618490 0.940430 0.622396 0.940430 0.625000 0.945312 0.628906 0.953125 0.630208 0.954102 0.631510 0.955078 0.630208 0.961914 0.630208 0.965820 0.627604 0.968750 0.627604 0.969727 0.626302 0.974609 0.626302 0.975586 0.625000 0.975586 0.618490 0.978516 0.610677 0.978516 0.602865 0.979492 0.601562 0.979492 0.583333 0.980469 0.580729 0.979492 0.578125 0.974609 0.572917 0.967773 0.569010 0.964844 0.569010 0.963867 0.567708 0.947266 0.567708 0.944336 0.571615 0.938477 0.572917 0.936523 0.576823 0.936523 0.580729 0.934570 0.583333 0.930664 0.583333
0 0.833984 0.575521 0.840820 0.575521 0.843750 0.579427 0.843750 0.580729 0.840820 0.584635 0.839844 0.584635 0.838867 0.589844 0.835938 0.592448 0.835938 0.601562 0.834961 0.602865 0.834961 0.609375 0.833984 0.610677 0.834961 0.613281 0.834961 0.622396 0.839844 0.628906 0.840820 0.628906 0.846680 0.635417 0.862305 0.636719 0.863281 0.635417 0.868164 0.634115 0.877930 0.626302 0.879883 0.621094 0.878906 0.618490 0.878906 0.602865 0.879883 0.601562 0.879883 0.595052 0.878906 0.593750 0.878906 0.587240 0.875000 0.579427 0.868164 0.575521 0.866211 0.572917 0.858398 0.567708 0.852539 0.567708 0.846680 0.571615 0.842773 0.571615 0.839844 0.574219 0.835938 0.574219
0 0.855469 0.514323 0.853516 0.516927 0.853516 0.528646 0.851562 0.533854 0.851562 0.540365 0.852539 0.541667 0.852539 0.554688 0.859375 0.565104 0.863281 0.566406 0.865234 0.569010 0.872070 0.572917 0.877930 0.578125 0.880859 0.578125 0.885742 0.580729 0.892578 0.580729 0.893555 0.579427 0.895508 0.579427 0.903320 0.574219 0.905273 0.571615 0.909180 0.561198 0.911133 0.558594 0.912109 0.553385 0.911133 0.552083 0.910156 0.541667 0.908203 0.537760 0.906250 0.527344 0.902344 0.516927 0.896484 0.513021 0.889648 0.511719 0.888672 0.510417 0.883789 0.510417 0.882812 0.511719 0.860352 0.511719
0 0.868164 0.454427 0.863281 0.468750 0.856445 0.479167 0.856445 0.485677 0.857422 0.486979 0.857422 0.490885 0.858398 0.492188 0.858398 0.496094 0.859375 0.498698 0.865234 0.506510 0.867188 0.507812 0.870117 0.507812 0.871094 0.509115 0.874023 0.509115 0.875000 0.510417 0.880859 0.510417 0.881836 0.509115 0.890625 0.509115 0.891602 0.510417 0.897461 0.510417 0.898438 0.509115 0.898438 0.506510 0.900391 0.501302 0.907227 0.492188 0.907227 0.488281 0.909180 0.483073 0.909180 0.479167 0.911133 0.476562 0.907227 0.467448 0.899414 0.458333 0.888672 0.451823 0.880859 0.451823 0.879883 0.453125 0.871094 0.453125 0.870117 0.454427
0 0.933594 0.486979 0.931641 0.488281 0.925781 0.496094 0.924805 0.496094 0.921875 0.501302 0.922852 0.506510 0.923828 0.507812 0.923828 0.511719 0.927734 0.515625 0.928711 0.520833 0.935547 0.536458 0.935547 0.539062 0.936523 0.540365 0.937500 0.545573 0.945312 0.550781 0.948242 0.554688 0.952148 0.557292 0.957031 0.557292 0.962891 0.548177 0.962891 0.546875 0.964844 0.545573 0.970703 0.537760 0.973633 0.528646 0.977539 0.523438 0.977539 0.518229 0.974609 0.514323 0.973633 0.509115 0.971680 0.506510 0.970703 0.502604 0.961914 0.492188 0.958008 0.489583 0.956055 0.489583 0.953125 0.486979 0.951172 0.486979 0.950195 0.485677 0.946289 0.485677 0.945312 0.484375
0 0.952148 0.415365 0.946289 0.411458 0.943359 0.407552 0.941406 0.406250 0.938477 0.406250 0.936523 0.407552 0.936523 0.408854 0.934570 0.411458 0.923828 0.415365 0.921875 0.419271 0.917969 0.420573 0.914062 0.423177 0.912109 0.425781 0.909180 0.425781 0.906250 0.429688 0.908203 0.433594 0.908203 0.437500 0.909180 0.438802 0.908203 0.441406 0.908203 0.445312 0.907227 0.446615 0.907227 0.455729 0.905273 0.459635 0.906250 0.462240 0.913086 0.471354 0.915039 0.472656 0.932617 0.471354 0.936523 0.468750 0.939453 0.468750 0.940430 0.467448 0.945312 0.466146 0.950195 0.462240 0.955078 0.455729 0.958008 0.447917 0.958008 0.445312 0.958984 0.444010 0.958984 0.437500 0.959961 0.436198 0.959961 0.433594 0.958984 0.432292 0.958984 0.427083
