0 0.217773 0.548177 0.207031 0.537760 0.196289 0.532552 0.184570 0.533854 0.176758 0.529948 0.169922 0.532552 0.134766 0.531250 0.122070 0.533854 0.118164 0.536458 0.114258 0.544271 0.112305 0.566406 0.108398 0.579427 0.108398 0.592448 0.104492 0.605469 0.105469 0.611979 0.120117 0.631510 0.133789 0.639323 0.143555 0.639323 0.186523 0.627604 0.202148 0.626302 0.208008 0.614583 0.217773 0.601562 0.217773 0.592448 0.214844 0.584635 0.214844 0.578125 0.218750 0.570312
0 0.086914 0.656250 0.085938 0.682292 0.086914 0.701823 0.090820 0.709635 0.107422 0.730469 0.107422 0.738281 0.110352 0.740885 0.115234 0.742188 0.131836 0.740885 0.137695 0.743490 0.151367 0.742188 0.162109 0.736979 0.173828 0.726562 0.187500 0.708333 0.187500 0.697917 0.179688 0.687500 0.175781 0.678385 0.152344 0.640625 0.142578 0.641927 0.133789 0.640625 0.118164 0.632812 0.113281 0.623698 0.107422 0.622396 0.091797 0.643229
0 0.192383 0.707031 0.189453 0.710938 0.184570 0.725260 0.180664 0.729167 0.172852 0.746094 0.172852 0.755208 0.176758 0.764323 0.177734 0.776042 0.180664 0.786458 0.190430 0.796875 0.199219 0.815104 0.205078 0.815104 0.215820 0.820312 0.226562 0.821615 0.245117 0.820312 0.251953 0.816406 0.253906 0.811198 0.265625 0.798177 0.266602 0.785156 0.269531 0.776042 0.267578 0.766927 0.260742 0.750000 0.246094 0.720052 0.236328 0.710938 0.227539 0.705729 0.223633 0.700521 0.212891 0.697917 0.208008 0.700521 0.209961 0.704427 0.208984 0.705729 0.205078 0.703125 0.203125 0.707031
0 0.276367 0.770833 0.270508 0.782552 0.271484 0.799479 0.279297 0.815104 0.291016 0.860677 0.302734 0.867188 0.320312 0.860677 0.330078 0.860677 0.343750 0.848958 0.353516 0.829427 0.363281 0.819010 0.365234 0.808594 0.368164 0.807292 0.369141 0.786458 0.367188 0.782552 0.367188 0.776042 0.370117 0.772135 0.369141 0.761719 0.365234 0.761719 0.361328 0.772135 0.364258 0.778646 0.363281 0.792969 0.366211 0.799479 0.362305 0.817708 0.358398 0.815104 0.358398 0.804688 0.350586 0.789062 0.351562 0.783854 0.348633 0.777344 0.349609 0.773438 0.341797 0.764323 0.336914 0.761719 0.333008 0.763021 0.328125 0.759115 0.316406 0.761719 0.307617 0.756510 0.297852 0.755208
0 0.375000 0.791667 0.374023 0.811198 0.372070 0.817708 0.372070 0.841146 0.375000 0.852865 0.379883 0.860677 0.392578 0.869792 0.415039 0.876302 0.439453 0.875000 0.451172 0.865885 0.454102 0.856771 0.454102 0.847656 0.457031 0.832031 0.457031 0.812500 0.454102 0.791667 0.452148 0.791667 0.451172 0.796875 0.448242 0.800781 0.440430 0.805990 0.436523 0.804688 0.435547 0.796875 0.418945 0.789062 0.397461 0.786458 0.393555 0.789062 0.387695 0.789062 0.381836 0.794271 0.379883 0.794271 0.376953 0.790365
0 0.504883 0.816406 0.493164 0.821615 0.483398 0.832031 0.478516 0.834635 0.469727 0.846354 0.465820 0.855469 0.461914 0.856771 0.458984 0.852865 0.458984 0.848958 0.458008 0.850260 0.458008 0.856771 0.460938 0.865885 0.459961 0.869792 0.460938 0.877604 0.494141 0.928385 0.501953 0.928385 0.504883 0.925781 0.508789 0.925781 0.526367 0.914062 0.533203 0.903646 0.536133 0.903646 0.540039 0.894531 0.543945 0.890625 0.544922 0.881510 0.547852 0.876302 0.545898 0.867188 0.540039 0.860677 0.537109 0.847656 0.525391 0.834635 0.529297 0.829427 0.524414 0.828125 0.516602 0.821615 0.513672 0.821615
0 0.618164 0.820312 0.617188 0.820312 0.615234 0.826823 0.608398 0.824219 0.603516 0.828125 0.596680 0.828125 0.595703 0.829427 0.589844 0.828125 0.586914 0.830729 0.563477 0.832031 0.560547 0.835938 0.560547 0.841146 0.556641 0.845052 0.555664 0.865885 0.551758 0.875000 0.552734 0.884115 0.555664 0.891927 0.567383 0.906250 0.576172 0.911458 0.583984 0.921875 0.598633 0.923177 0.612305 0.919271 0.624023 0.907552 0.627930 0.898438 0.627930 0.894531 0.633789 0.877604 0.635742 0.867188 0.635742 0.855469 0.629883 0.839844 0.623047 0.830729
0 0.341797 0.604167 0.339844 0.605469 0.339844 0.613281 0.337891 0.618490 0.332031 0.600260 0.319336 0.583333 0.311523 0.582031 0.301758 0.587240 0.291016 0.587240 0.281250 0.591146 0.265625 0.601562 0.256836 0.601562 0.251953 0.609375 0.248047 0.626302 0.244141 0.632812 0.244141 0.647135 0.250977 0.671875 0.259766 0.688802 0.272461 0.690104 0.279297 0.694010 0.294922 0.695312 0.297852 0.697917 0.301758 0.697917 0.307617 0.690104 0.312500 0.688802 0.326172 0.678385 0.334961 0.666667 0.342773 0.643229 0.343750 0.626302
0 0.313477 0.500000 0.306641 0.496094 0.296875 0.494792 0.284180 0.489583 0.275391 0.481771 0.268555 0.481771 0.262695 0.489583 0.245117 0.498698 0.234375 0.511719 0.225586 0.526042 0.219727 0.557292 0.221680 0.567708 0.244141 0.591146 0.250977 0.596354 0.254883 0.596354 0.258789 0.598958 0.267578 0.597656 0.282227 0.587240 0.297852 0.583333 0.310547 0.575521 0.316406 0.567708 0.318359 0.559896 0.317383 0.518229 0.320312 0.514323 0.318359 0.506510
0 0.415039 0.489583 0.402344 0.489583 0.396484 0.485677 0.375977 0.481771 0.368164 0.483073 0.362305 0.493490 0.354492 0.500000 0.341797 0.519531 0.333008 0.548177 0.327148 0.540365 0.327148 0.531250 0.330078 0.519531 0.326172 0.522135 0.326172 0.546875 0.328125 0.548177 0.333984 0.563802 0.336914 0.583333 0.340820 0.587240 0.348633 0.602865 0.358398 0.609375 0.372070 0.606771 0.390625 0.608073 0.400391 0.604167 0.405273 0.597656 0.428711 0.539062 0.425781 0.518229
0 0.353516 0.617188 0.359375 0.618490 0.358398 0.631510 0.352539 0.636719 0.346680 0.645833 0.346680 0.664062 0.348633 0.667969 0.349609 0.680990 0.353516 0.696615 0.353516 0.709635 0.358398 0.714844 0.380859 0.729167 0.401367 0.731771 0.412109 0.722656 0.421875 0.704427 0.436523 0.686198 0.436523 0.656250 0.424805 0.627604 0.417969 0.615885 0.404297 0.608073 0.399414 0.608073 0.395508 0.610677 0.376953 0.611979 0.370117 0.610677 0.360352 0.617188 0.358398 0.615885
0 0.500977 0.647135 0.495117 0.648438 0.500000 0.652344 0.496094 0.654948 0.482422 0.645833 0.479492 0.648438 0.471680 0.645833 0.462891 0.651042 0.451172 0.652344 0.446289 0.654948 0.443359 0.658854 0.444336 0.669271 0.442383 0.671875 0.439453 0.665365 0.439453 0.688802 0.434570 0.699219 0.429688 0.704427 0.429688 0.718750 0.431641 0.733073 0.435547 0.744792 0.450195 0.765625 0.470703 0.768229 0.478516 0.772135 0.489258 0.763021 0.493164 0.763021 0.500977 0.757812 0.512695 0.740885 0.517578 0.726562 0.521484 0.700521 0.511719 0.665365
0 0.583984 0.678385 0.580078 0.679688 0.577148 0.684896 0.565430 0.691406 0.561523 0.691406 0.552734 0.686198 0.547852 0.687500 0.545898 0.694010 0.540039 0.699219 0.528320 0.717448 0.521484 0.718750 0.516602 0.738281 0.516602 0.743490 0.522461 0.751302 0.530273 0.766927 0.544922 0.782552 0.556641 0.782552 0.560547 0.779948 0.571289 0.781250 0.599609 0.743490 0.603516 0.726562 0.599609 0.713542 0.599609 0.709635 0.595703 0.699219 0.581055 0.684896 0.583984 0.680990
0 0.700195 0.704427 0.698242 0.707031 0.694336 0.707031 0.689453 0.714844 0.679688 0.720052 0.675781 0.725260 0.666992 0.727865 0.658203 0.734375 0.653320 0.733073 0.640625 0.742188 0.640625 0.748698 0.633789 0.765625 0.634766 0.778646 0.632812 0.782552 0.632812 0.790365 0.641602 0.805990 0.646484 0.807292 0.648438 0.809896 0.656250 0.813802 0.663086 0.813802 0.666016 0.811198 0.673828 0.808594 0.683594 0.795573 0.694336 0.791667 0.700195 0.791667 0.708984 0.782552 0.710938 0.778646 0.712891 0.770833 0.712891 0.764323 0.714844 0.759115 0.714844 0.744792 0.708008 0.718750 0.704102 0.709635
0 0.708984 0.809896 0.704102 0.804688 0.700195 0.795573 0.697266 0.794271 0.693359 0.796875 0.690430 0.796875 0.686523 0.800781 0.682617 0.802083 0.678711 0.807292 0.664062 0.815104 0.654297 0.815104 0.642578 0.808594 0.637695 0.812500 0.636719 0.816406 0.631836 0.824219 0.632812 0.826823 0.632812 0.835938 0.634766 0.842448 0.635742 0.842448 0.642578 0.852865 0.649414 0.860677 0.652344 0.861979 0.659180 0.861979 0.660156 0.860677 0.672852 0.860677 0.673828 0.859375 0.677734 0.859375 0.680664 0.856771 0.683594 0.856771 0.692383 0.851562 0.694336 0.851562 0.700195 0.845052 0.700195 0.842448 0.708008 0.824219 0.708984 0.820312
0 0.738281 0.813802 0.732422 0.817708 0.726562 0.825521 0.725586 0.829427 0.727539 0.837240 0.727539 0.851562 0.726562 0.852865 0.727539 0.863281 0.723633 0.871094 0.720703 0.881510 0.721680 0.891927 0.736328 0.914062 0.770508 0.912760 0.772461 0.910156 0.786133 0.902344 0.793945 0.893229 0.796875 0.884115 0.797852 0.864583 0.794922 0.858073 0.784180 0.842448 0.781250 0.834635 0.776367 0.828125 0.775391 0.824219 0.768555 0.816406 0.767578 0.812500 0.765625 0.812500 0.762695 0.817708 0.759766 0.819010 0.754883 0.817708 0.749023 0.812500
0 0.853516 0.782552 0.852539 0.786458 0.854492 0.787760 0.849609 0.792969 0.835938 0.791667 0.830078 0.795573 0.820312 0.807292 0.815430 0.808594 0.813477 0.811198 0.811523 0.808594 0.814453 0.802083 0.818359 0.799479 0.820312 0.794271 0.823242 0.792969 0.818359 0.792969 0.815430 0.790365 0.805664 0.791667 0.802734 0.794271 0.797852 0.792969 0.795898 0.809896 0.791992 0.812500 0.791992 0.815104 0.795898 0.819010 0.795898 0.826823 0.793945 0.829427 0.791016 0.826823 0.790039 0.835938 0.792969 0.839844 0.795898 0.848958 0.802734 0.856771 0.804688 0.863281 0.812500 0.875000 0.816406 0.877604 0.825195 0.875000 0.828125 0.878906 0.833008 0.878906 0.839844 0.875000 0.852539 0.875000 0.856445 0.872396 0.868164 0.854167 0.872070 0.843750 0.872070 0.838542 0.877930 0.825521 0.877930 0.821615 0.872070 0.813802 0.861328 0.792969
0 0.748047 0.697917 0.740234 0.694010 0.735352 0.694010 0.725586 0.697917 0.707031 0.700521 0.705078 0.703125 0.706055 0.709635 0.712891 0.729167 0.716797 0.747396 0.716797 0.757812 0.713867 0.768229 0.713867 0.774740 0.710938 0.782552 0.711914 0.786458 0.716797 0.786458 0.722656 0.789062 0.740234 0.789062 0.750000 0.785156 0.759766 0.783854 0.765625 0.777344 0.766602 0.772135 0.774414 0.759115 0.777344 0.746094 0.776367 0.734375 0.763672 0.720052
0 0.830078 0.652344 0.825195 0.652344 0.817383 0.662760 0.812500 0.662760 0.805664 0.666667 0.789062 0.686198 0.780273 0.707031 0.780273 0.720052 0.779297 0.721354 0.777344 0.720052 0.776367 0.713542 0.773438 0.709635 0.770508 0.709635 0.770508 0.714844 0.773438 0.718750 0.775391 0.727865 0.783203 0.731771 0.795898 0.744792 0.814453 0.757812 0.820312 0.757812 0.841797 0.750000 0.848633 0.743490 0.853516 0.735677 0.856445 0.723958 0.857422 0.700521 0.853516 0.677083 0.845703 0.662760 0.838867 0.657552 0.833008 0.656250
0 0.922852 0.691406 0.920898 0.696615 0.892578 0.697917 0.882812 0.710938 0.880859 0.725260 0.875977 0.742188 0.875000 0.757812 0.873047 0.766927 0.875000 0.773438 0.873047 0.778646 0.880859 0.790365 0.892578 0.800781 0.896484 0.802083 0.904297 0.794271 0.908203 0.794271 0.913086 0.790365 0.916016 0.790365 0.919922 0.787760 0.930664 0.773438 0.935547 0.770833 0.942383 0.759115 0.944336 0.746094 0.944336 0.735677 0.947266 0.730469 0.947266 0.725260 0.945312 0.720052 0.934570 0.708333 0.929688 0.699219
0 0.826172 0.572917 0.824219 0.580729 0.830078 0.584635 0.830078 0.591146 0.833008 0.587240 0.835938 0.589844 0.835938 0.595052 0.839844 0.605469 0.836914 0.613281 0.839844 0.628906 0.835938 0.638021 0.840820 0.647135 0.856445 0.666667 0.860352 0.666667 0.872070 0.673177 0.883789 0.673177 0.895508 0.669271 0.904297 0.660156 0.914062 0.638021 0.915039 0.626302 0.913086 0.621094 0.912109 0.600260 0.908203 0.591146 0.906250 0.580729 0.899414 0.570312 0.887695 0.558594 0.879883 0.559896 0.875000 0.557292 0.867188 0.557292 0.859375 0.559896 0.845703 0.559896 0.837891 0.565104 0.834961 0.570312 0.835938 0.580729 0.833984 0.583333 0.831055 0.580729 0.831055 0.570312 0.830078 0.569010
0 0.762695 0.522135 0.762695 0.527344 0.753906 0.544271 0.736328 0.565104 0.734375 0.579427 0.748047 0.596354 0.753906 0.608073 0.754883 0.615885 0.762695 0.634115 0.767578 0.640625 0.774414 0.640625 0.791016 0.632812 0.803711 0.617188 0.808594 0.608073 0.811523 0.606771 0.816406 0.584635 0.817383 0.558594 0.803711 0.540365 0.801758 0.533854 0.796875 0.527344 0.787109 0.523438 0.782227 0.523438 0.773438 0.529948 0.765625 0.529948 0.763672 0.527344 0.766602 0.523438
0 0.748047 0.606771 0.740234 0.614583 0.734375 0.608073 0.728516 0.606771 0.715820 0.614583 0.712891 0.614583 0.707031 0.621094 0.697266 0.623698 0.695312 0.621094 0.697266 0.618490 0.697266 0.609375 0.692383 0.617188 0.692383 0.619792 0.678711 0.644531 0.676758 0.653646 0.679688 0.665365 0.686523 0.674479 0.689453 0.682292 0.697266 0.694010 0.702148 0.696615 0.714844 0.696615 0.734375 0.691406 0.748047 0.690104 0.751953 0.686198 0.761719 0.662760 0.765625 0.648438 0.765625 0.643229 0.758789 0.630208 0.754883 0.618490
0 0.677734 0.561198 0.657227 0.559896 0.648438 0.567708 0.646484 0.571615 0.638672 0.575521 0.622070 0.574219 0.613281 0.585938 0.610352 0.592448 0.605469 0.591146 0.606445 0.584635 0.602539 0.585938 0.603516 0.589844 0.602539 0.591146 0.602539 0.609375 0.606445 0.621094 0.605469 0.625000 0.606445 0.632812 0.618164 0.654948 0.625000 0.661458 0.630859 0.661458 0.634766 0.654948 0.660156 0.658854 0.667969 0.654948 0.674805 0.645833 0.677734 0.639323 0.685547 0.628906 0.689453 0.617188 0.696289 0.604167 0.696289 0.597656 0.694336 0.591146 0.685547 0.572917
0 0.580078 0.570312 0.574219 0.570312 0.570312 0.572917 0.567383 0.578125 0.564453 0.579427 0.559570 0.576823 0.551758 0.582031 0.544922 0.583333 0.537109 0.593750 0.527344 0.601562 0.525391 0.605469 0.527344 0.611979 0.524414 0.618490 0.523438 0.631510 0.517578 0.641927 0.518555 0.656250 0.524414 0.667969 0.541992 0.677083 0.547852 0.682292 0.551758 0.682292 0.562500 0.687500 0.567383 0.687500 0.583008 0.673177 0.593750 0.658854 0.599609 0.626302 0.598633 0.600260 0.596680 0.598958 0.595703 0.593750 0.590820 0.584635
0 0.485352 0.537760 0.478516 0.536458 0.474609 0.532552 0.469727 0.531250 0.442383 0.532552 0.431641 0.537760 0.428711 0.542969 0.425781 0.553385 0.415039 0.576823 0.410156 0.591146 0.416016 0.602865 0.419922 0.606771 0.421875 0.611979 0.427734 0.619792 0.433594 0.631510 0.435547 0.643229 0.438477 0.647135 0.443359 0.649740 0.453125 0.649740 0.467773 0.645833 0.486328 0.611979 0.491211 0.593750 0.496094 0.583333 0.497070 0.572917 0.495117 0.559896 0.488281 0.546875
0 0.263672 0.330729 0.257812 0.338542 0.246094 0.347656 0.242188 0.359375 0.236328 0.365885 0.233398 0.377604 0.235352 0.393229 0.234375 0.404948 0.240234 0.420573 0.240234 0.424479 0.247070 0.433594 0.258789 0.438802 0.294922 0.445312 0.302734 0.441406 0.312500 0.433594 0.324219 0.417969 0.323242 0.411458 0.325195 0.391927 0.322266 0.376302 0.326172 0.371094 0.325195 0.361979 0.323242 0.360677 0.322266 0.355469 0.303711 0.343750 0.291016 0.342448 0.286133 0.343750 0.268555 0.341146 0.264648 0.337240
0 0.357422 0.239583 0.348633 0.240885 0.342773 0.246094 0.333984 0.247396 0.319336 0.261719 0.307617 0.268229 0.302734 0.279948 0.300781 0.292969 0.299805 0.325521 0.306641 0.339844 0.309570 0.343750 0.316406 0.345052 0.323242 0.351562 0.337891 0.359375 0.345703 0.367188 0.351562 0.365885 0.356445 0.359375 0.368164 0.356771 0.373047 0.352865 0.378906 0.351562 0.388672 0.339844 0.392578 0.330729 0.394531 0.320312 0.391602 0.308594 0.391602 0.290365 0.385742 0.274740 0.383789 0.263021
0 0.381836 0.356771 0.378906 0.371094 0.380859 0.420573 0.384766 0.433594 0.399414 0.454427 0.410156 0.463542 0.421875 0.467448 0.425781 0.472656 0.431641 0.472656 0.440430 0.464844 0.457031 0.455729 0.461914 0.455729 0.466797 0.450521 0.473633 0.421875 0.473633 0.401042 0.469727 0.386719 0.459961 0.373698 0.431641 0.352865 0.419922 0.351562 0.418945 0.346354 0.416992 0.345052 0.401367 0.346354 0.394531 0.352865
0 0.484375 0.408854 0.483398 0.424479 0.472656 0.438802 0.471680 0.445312 0.459961 0.470052 0.459961 0.485677 0.461914 0.501302 0.476562 0.523438 0.495117 0.537760 0.517578 0.536458 0.523438 0.539062 0.525391 0.537760 0.527344 0.531250 0.543945 0.510417 0.552734 0.486979 0.553711 0.466146 0.551758 0.455729 0.541016 0.438802 0.537109 0.428385 0.528320 0.419271 0.522461 0.415365 0.508789 0.412760 0.503906 0.407552 0.492188 0.407552 0.489258 0.410156
0 0.406250 0.084635 0.396484 0.096354 0.384766 0.117188 0.382812 0.127604 0.383789 0.149740 0.388672 0.158854 0.392578 0.182292 0.397461 0.188802 0.400391 0.200521 0.398438 0.204427 0.400391 0.205729 0.402344 0.201823 0.404297 0.201823 0.408203 0.208333 0.416992 0.209635 0.425781 0.205729 0.436523 0.205729 0.446289 0.200521 0.455078 0.199219 0.458984 0.194010 0.458984 0.188802 0.466797 0.170573 0.469727 0.154948 0.472656 0.148438 0.472656 0.141927 0.469727 0.136719 0.466797 0.119792 0.460938 0.100260 0.455078 0.093750 0.446289 0.089844 0.440430 0.084635 0.425781 0.083333 0.420898 0.080729 0.415039 0.080729
0 0.444336 0.208333 0.420898 0.209635 0.412109 0.216146 0.411133 0.221354 0.403320 0.229167 0.397461 0.238281 0.391602 0.256510 0.387695 0.263021 0.387695 0.268229 0.392578 0.281250 0.394531 0.292969 0.407227 0.322917 0.406250 0.330729 0.410156 0.338542 0.418945 0.341146 0.432617 0.350260 0.442383 0.346354 0.445312 0.341146 0.459961 0.329427 0.467773 0.320312 0.474609 0.307292 0.478516 0.292969 0.483398 0.285156 0.483398 0.276042 0.480469 0.273438 0.478516 0.268229 0.477539 0.247396 0.471680 0.229167 0.462891 0.218750
0 0.499023 0.277344 0.492188 0.281250 0.480469 0.296875 0.473633 0.313802 0.461914 0.330729 0.461914 0.335938 0.459961 0.339844 0.459961 0.354167 0.461914 0.371094 0.472656 0.386719 0.495117 0.401042 0.505859 0.403646 0.515625 0.398438 0.523438 0.389323 0.533203 0.373698 0.537109 0.364583 0.543945 0.356771 0.543945 0.348958 0.541016 0.341146 0.541992 0.315104 0.537109 0.304688 0.529297 0.292969 0.515625 0.285156 0.508789 0.277344
0 0.580078 0.355469 0.585938 0.365885 0.584961 0.373698 0.559570 0.397135 0.550781 0.424479 0.547852 0.440104 0.559570 0.462240 0.569336 0.470052 0.599609 0.472656 0.619141 0.470052 0.625977 0.466146 0.635742 0.453125 0.637695 0.446615 0.639648 0.397135 0.637695 0.388021 0.631836 0.376302 0.623047 0.364583 0.610352 0.355469 0.591797 0.354167
0 0.646484 0.438802 0.625977 0.473958 0.625977 0.477865 0.627930 0.480469 0.626953 0.524740 0.628906 0.529948 0.643555 0.548177 0.652344 0.552083 0.669922 0.552083 0.674805 0.555990 0.677734 0.555990 0.679688 0.552083 0.683594 0.554688 0.701172 0.555990 0.705078 0.553385 0.708984 0.548177 0.710938 0.523438 0.712891 0.516927 0.712891 0.492188 0.708984 0.481771 0.708984 0.477865 0.701172 0.463542 0.698242 0.454427 0.691406 0.445312 0.690430 0.455729 0.668945 0.453125 0.656250 0.458333 0.654297 0.453125 0.656250 0.450521 0.657227 0.440104
0 0.719727 0.441406 0.714844 0.444010 0.710938 0.444010 0.702148 0.449219 0.701172 0.457031 0.703125 0.463542 0.709961 0.475260 0.714844 0.497396 0.714844 0.513021 0.711914 0.527344 0.710938 0.544271 0.706055 0.558594 0.709961 0.563802 0.720703 0.571615 0.737305 0.561198 0.749023 0.548177 0.754883 0.536458 0.757812 0.524740 0.761719 0.518229 0.763672 0.501302 0.755859 0.483073 0.750977 0.475260 0.750000 0.464844 0.748047 0.460938 0.735352 0.449219
0 0.887695 0.459635 0.880859 0.454427 0.876953 0.454427 0.875000 0.451823 0.870117 0.451823 0.868164 0.454427 0.856445 0.453125 0.852539 0.457031 0.847656 0.455729 0.845703 0.451823 0.837891 0.457031 0.834961 0.460938 0.829102 0.473958 0.829102 0.477865 0.826172 0.481771 0.824219 0.497396 0.822266 0.500000 0.821289 0.511719 0.823242 0.520833 0.819336 0.527344 0.819336 0.529948 0.812500 0.535156 0.812500 0.546875 0.819336 0.554688 0.820312 0.561198 0.822266 0.563802 0.830078 0.562500 0.833008 0.559896 0.841797 0.559896 0.844727 0.557292 0.850586 0.555990 0.864258 0.555990 0.868164 0.554688 0.875000 0.548177 0.876953 0.541667 0.888672 0.523438 0.895508 0.497396 0.893555 0.473958 0.891602 0.471354 0.891602 0.464844
0 0.679688 0.345052 0.677734 0.356771 0.672852 0.367188 0.671875 0.377604 0.673828 0.382812 0.668945 0.394531 0.665039 0.398438 0.664062 0.414062 0.668945 0.416667 0.672852 0.423177 0.682617 0.428385 0.697266 0.445312 0.707031 0.444010 0.710938 0.440104 0.724609 0.432292 0.730469 0.425781 0.735352 0.424479 0.739258 0.419271 0.740234 0.412760 0.747070 0.393229 0.747070 0.368490 0.741211 0.352865 0.736328 0.346354 0.725586 0.342448 0.716797 0.342448 0.715820 0.343750 0.684570 0.342448
0 0.740234 0.345052 0.742188 0.352865 0.749023 0.365885 0.748047 0.395833 0.742188 0.412760 0.743164 0.417969 0.742188 0.429688 0.746094 0.442708 0.750000 0.447917 0.756836 0.450521 0.763672 0.458333 0.766602 0.457031 0.768555 0.453125 0.779297 0.449219 0.786133 0.445312 0.792969 0.438802 0.799805 0.436198 0.806641 0.424479 0.806641 0.419271 0.810547 0.408854 0.810547 0.404948 0.809570 0.403646 0.809570 0.390625 0.806641 0.376302 0.797852 0.358073 0.789062 0.350260 0.780273 0.345052 0.778320 0.345052 0.774414 0.348958 0.762695 0.348958 0.755859 0.343750
0 0.484375 0.164062 0.476562 0.175781 0.470703 0.197917 0.470703 0.222656 0.476562 0.233073 0.481445 0.247396 0.501953 0.266927 0.510742 0.270833 0.513672 0.278646 0.522461 0.278646 0.532227 0.282552 0.541016 0.282552 0.550781 0.278646 0.572266 0.259115 0.576172 0.246094 0.576172 0.235677 0.578125 0.229167 0.576172 0.199219 0.573242 0.194010 0.570312 0.179688 0.557617 0.164062 0.542969 0.156250 0.536133 0.144531 0.529297 0.144531 0.519531 0.149740 0.511719 0.149740 0.498047 0.154948
0 0.598633 0.226562 0.594727 0.229167 0.591797 0.235677 0.584961 0.242188 0.561523 0.283854 0.559570 0.296875 0.561523 0.304688 0.562500 0.325521 0.556641 0.330729 0.560547 0.337240 0.589844 0.350260 0.621094 0.351562 0.623047 0.350260 0.626953 0.339844 0.645508 0.321615 0.650391 0.312500 0.653320 0.302083 0.653320 0.283854 0.646484 0.259115 0.644531 0.244792 0.637695 0.231771 0.627930 0.227865
0 0.672852 0.117188 0.643555 0.122396 0.636719 0.119792 0.630859 0.122396 0.619141 0.136719 0.613281 0.138021 0.622070 0.139323 0.624023 0.141927 0.615234 0.160156 0.615234 0.170573 0.618164 0.178385 0.617188 0.225260 0.631836 0.226562 0.637695 0.229167 0.642578 0.234375 0.646484 0.243490 0.662109 0.240885 0.673828 0.235677 0.679688 0.225260 0.692383 0.209635 0.693359 0.201823 0.689453 0.179688 0.685547 0.138021 0.681641 0.123698
0 0.685547 0.220052 0.670898 0.246094 0.664062 0.252604 0.664062 0.257812 0.661133 0.261719 0.662109 0.272135 0.666016 0.274740 0.663086 0.266927 0.663086 0.261719 0.668945 0.253906 0.671875 0.257812 0.669922 0.268229 0.670898 0.283854 0.668945 0.287760 0.666016 0.287760 0.666016 0.294271 0.670898 0.300781 0.671875 0.307292 0.676758 0.311198 0.680664 0.319010 0.689453 0.325521 0.687500 0.330729 0.693359 0.330729 0.697266 0.333333 0.710938 0.333333 0.715820 0.329427 0.731445 0.325521 0.739258 0.317708 0.763672 0.283854 0.763672 0.270833 0.761719 0.261719 0.750977 0.251302 0.731445 0.221354 0.720703 0.216146
0 0.725586 0.052083 0.710938 0.053385 0.706055 0.057292 0.695312 0.061198 0.691406 0.074219 0.688477 0.078125 0.684570 0.095052 0.684570 0.101562 0.680664 0.109375 0.679688 0.117188 0.683594 0.122396 0.684570 0.130208 0.687500 0.138021 0.687500 0.148438 0.690430 0.162760 0.702148 0.173177 0.708984 0.171875 0.750977 0.151042 0.755859 0.145833 0.759766 0.135417 0.762695 0.121094 0.763672 0.104167 0.759766 0.096354 0.756836 0.093750 0.750977 0.079427 0.743164 0.069010 0.739258 0.066406 0.735352 0.059896
0 0.815430 0.194010 0.799805 0.194010 0.800781 0.196615 0.805664 0.199219 0.803711 0.204427 0.798828 0.207031 0.783203 0.227865 0.778320 0.230469 0.771484 0.239583 0.767578 0.242188 0.763672 0.239583 0.759766 0.252604 0.765625 0.268229 0.766602 0.278646 0.760742 0.299479 0.769531 0.309896 0.778320 0.315104 0.791992 0.319010 0.810547 0.317708 0.816406 0.313802 0.821289 0.305990 0.837891 0.290365 0.854492 0.268229 0.855469 0.255208 0.851562 0.236979 0.846680 0.223958 0.833008 0.207031 0.823242 0.197917
