0 0.060547 0.622396 0.060547 0.636719 0.062500 0.639323 0.063477 0.643229 0.067383 0.648438 0.075195 0.669271 0.078125 0.670573 0.080078 0.674479 0.097656 0.674479 0.098633 0.673177 0.101562 0.673177 0.103516 0.670573 0.108398 0.667969 0.118164 0.666667 0.120117 0.661458 0.123047 0.658854 0.123047 0.656250 0.121094 0.652344 0.125000 0.649740 0.125000 0.647135 0.127930 0.643229 0.129883 0.635417 0.127930 0.623698 0.123047 0.613281 0.121094 0.605469 0.118164 0.602865 0.102539 0.604167 0.101562 0.602865 0.093750 0.602865 0.092773 0.601562 0.082031 0.601562 0.076172 0.598958 0.072266 0.602865 0.068359 0.611979 0.064453 0.618490
0 0.176758 0.537760 0.175781 0.537760 0.172852 0.532552 0.165039 0.526042 0.158203 0.524740 0.157227 0.523438 0.152344 0.523438 0.151367 0.522135 0.147461 0.522135 0.143555 0.524740 0.140625 0.524740 0.129883 0.529948 0.126953 0.529948 0.120117 0.535156 0.117188 0.540365 0.117188 0.549479 0.114258 0.561198 0.114258 0.578125 0.112305 0.583333 0.112305 0.592448 0.113281 0.595052 0.119141 0.598958 0.127930 0.598958 0.128906 0.597656 0.135742 0.597656 0.136719 0.596354 0.141602 0.596354 0.147461 0.593750 0.153320 0.593750 0.156250 0.591146 0.166016 0.589844 0.168945 0.587240 0.172852 0.580729 0.173828 0.571615 0.174805 0.570312 0.174805 0.562500 0.177734 0.555990 0.177734 0.552083 0.178711 0.550781 0.178711 0.544271
0 0.134766 0.428385 0.132812 0.432292 0.126953 0.434896 0.119141 0.444010 0.115234 0.454427 0.112305 0.468750 0.111328 0.486979 0.120117 0.505208 0.125000 0.507812 0.131836 0.507812 0.148438 0.518229 0.151367 0.518229 0.158203 0.514323 0.170898 0.501302 0.171875 0.488281 0.173828 0.481771 0.171875 0.468750 0.164062 0.464844 0.161133 0.460938 0.154297 0.458333 0.151367 0.453125 0.147461 0.451823 0.145508 0.449219 0.144531 0.445312 0.145508 0.444010 0.149414 0.447917 0.154297 0.446615 0.154297 0.444010 0.147461 0.437500 0.142578 0.436198 0.134766 0.437500 0.132812 0.434896 0.132812 0.432292 0.136719 0.429688 0.141602 0.432292 0.158203 0.432292 0.161133 0.436198 0.164062 0.434896 0.163086 0.432292 0.158203 0.428385 0.139648 0.428385 0.138672 0.429688
0 0.170898 0.355469 0.165039 0.352865 0.161133 0.348958 0.160156 0.350260 0.149414 0.350260 0.148438 0.351562 0.140625 0.351562 0.139648 0.352865 0.136719 0.352865 0.127930 0.360677 0.116211 0.378906 0.117188 0.398438 0.123047 0.414062 0.132812 0.424479 0.135742 0.424479 0.138672 0.421875 0.156250 0.420573 0.157227 0.419271 0.162109 0.419271 0.163086 0.417969 0.175781 0.416667 0.177734 0.415365 0.182617 0.402344 0.182617 0.376302 0.178711 0.365885
0 0.173828 0.283854 0.171875 0.291667 0.169922 0.292969 0.168945 0.296875 0.164062 0.303385 0.155273 0.325521 0.160156 0.332031 0.163086 0.338542 0.164062 0.343750 0.168945 0.351562 0.180664 0.363281 0.185547 0.364583 0.191406 0.371094 0.202148 0.369792 0.208984 0.365885 0.212891 0.358073 0.219727 0.354167 0.223633 0.350260 0.223633 0.347656 0.226562 0.339844 0.226562 0.329427 0.225586 0.326823 0.218750 0.319010 0.215820 0.307292 0.210938 0.302083 0.208008 0.296875 0.203125 0.292969 0.199219 0.287760 0.198242 0.283854 0.189453 0.279948 0.183594 0.279948 0.176758 0.285156
0 0.219727 0.223958 0.210938 0.235677 0.208984 0.242188 0.208984 0.252604 0.208008 0.253906 0.208008 0.261719 0.207031 0.263021 0.207031 0.276042 0.209961 0.285156 0.209961 0.295573 0.214844 0.302083 0.221680 0.307292 0.250000 0.309896 0.260742 0.304688 0.263672 0.300781 0.265625 0.291667 0.267578 0.289062 0.266602 0.285156 0.266602 0.270833 0.267578 0.268229 0.259766 0.257812 0.257812 0.251302 0.257812 0.246094 0.255859 0.243490 0.250977 0.242188 0.248047 0.239583 0.247070 0.236979 0.243164 0.234375 0.240234 0.230469 0.240234 0.227865 0.237305 0.225260 0.235352 0.225260 0.229492 0.221354 0.223633 0.221354
0 0.252930 0.317708 0.249023 0.321615 0.239258 0.328125 0.237305 0.330729 0.238281 0.347656 0.241211 0.358073 0.241211 0.361979 0.243164 0.368490 0.243164 0.373698 0.246094 0.382812 0.250000 0.388021 0.256836 0.389323 0.257812 0.390625 0.269531 0.389323 0.270508 0.391927 0.269531 0.388021 0.271484 0.385417 0.272461 0.386719 0.275391 0.386719 0.278320 0.384115 0.278320 0.382812 0.284180 0.373698 0.289062 0.371094 0.291992 0.367188 0.291016 0.352865 0.289062 0.347656 0.289062 0.343750 0.288086 0.341146 0.285156 0.338542 0.282227 0.332031 0.274414 0.326823 0.273438 0.324219 0.268555 0.319010 0.263672 0.316406
0 0.230469 0.367188 0.222656 0.365885 0.214844 0.371094 0.202148 0.371094 0.201172 0.372396 0.191406 0.373698 0.184570 0.381510 0.184570 0.404948 0.183594 0.406250 0.183594 0.410156 0.180664 0.416667 0.180664 0.423177 0.193359 0.436198 0.204102 0.442708 0.214844 0.442708 0.219727 0.440104 0.232422 0.441406 0.239258 0.436198 0.245117 0.427083 0.245117 0.420573 0.249023 0.403646 0.248047 0.391927 0.247070 0.388021 0.243164 0.382812 0.242188 0.377604
0 0.247070 0.535156 0.239258 0.522135 0.234375 0.520833 0.232422 0.518229 0.227539 0.518229 0.224609 0.515625 0.217773 0.524740 0.208984 0.529948 0.205078 0.529948 0.198242 0.533854 0.196289 0.533854 0.193359 0.531250 0.191406 0.535156 0.188477 0.537760 0.184570 0.545573 0.182617 0.555990 0.180664 0.559896 0.180664 0.570312 0.183594 0.575521 0.192383 0.580729 0.199219 0.582031 0.208008 0.588542 0.211914 0.589844 0.215820 0.593750 0.223633 0.593750 0.230469 0.591146 0.236328 0.585938 0.241211 0.579427 0.242188 0.575521 0.247070 0.571615 0.248047 0.569010 0.249023 0.553385 0.247070 0.549479 0.247070 0.546875 0.243164 0.542969 0.242188 0.539062 0.245117 0.536458 0.246094 0.540365 0.247070 0.540365
0 0.213867 0.621094 0.212891 0.619792 0.208984 0.625000 0.203125 0.615885 0.201172 0.608073 0.199219 0.606771 0.200195 0.604167 0.208008 0.606771 0.205078 0.600260 0.199219 0.600260 0.199219 0.602865 0.197266 0.605469 0.193359 0.606771 0.192383 0.605469 0.186523 0.605469 0.185547 0.606771 0.169922 0.605469 0.167969 0.609375 0.164062 0.609375 0.162109 0.602865 0.157227 0.606771 0.148438 0.621094 0.145508 0.630208 0.145508 0.640625 0.144531 0.643229 0.147461 0.651042 0.150391 0.654948 0.160156 0.662760 0.170898 0.667969 0.175781 0.667969 0.176758 0.666667 0.188477 0.667969 0.193359 0.664062 0.197266 0.664062 0.201172 0.658854 0.202148 0.652344 0.208008 0.645833 0.209961 0.638021 0.209961 0.626302
0 0.342773 0.231771 0.335938 0.229167 0.304688 0.230469 0.297852 0.235677 0.291992 0.244792 0.285156 0.251302 0.273438 0.266927 0.273438 0.276042 0.274414 0.277344 0.274414 0.287760 0.275391 0.290365 0.293945 0.312500 0.300781 0.317708 0.306641 0.320312 0.321289 0.313802 0.330078 0.302083 0.333984 0.294271 0.339844 0.289062 0.341797 0.283854 0.343750 0.274740 0.343750 0.264323 0.344727 0.263021 0.344727 0.253906 0.345703 0.252604 0.345703 0.238281
0 0.382812 0.221354 0.373047 0.220052 0.368164 0.222656 0.365234 0.226562 0.358398 0.230469 0.356445 0.233073 0.349609 0.234375 0.348633 0.235677 0.348633 0.247396 0.346680 0.252604 0.346680 0.277344 0.352539 0.292969 0.357422 0.299479 0.361328 0.302083 0.369141 0.303385 0.377930 0.296875 0.380859 0.296875 0.384766 0.294271 0.390625 0.292969 0.393555 0.290365 0.399414 0.289062 0.402344 0.283854 0.402344 0.279948 0.403320 0.278646 0.403320 0.247396 0.402344 0.246094 0.402344 0.243490 0.398438 0.235677 0.393555 0.229167 0.386719 0.225260
0 0.306641 0.322917 0.297852 0.334635 0.294922 0.343750 0.294922 0.356771 0.296875 0.363281 0.296875 0.371094 0.294922 0.375000 0.294922 0.381510 0.301758 0.384115 0.311523 0.395833 0.314453 0.397135 0.321289 0.403646 0.331055 0.403646 0.348633 0.394531 0.355469 0.382812 0.355469 0.378906 0.356445 0.377604 0.356445 0.359375 0.355469 0.358073 0.356445 0.348958 0.354492 0.342448 0.352539 0.339844 0.347656 0.338542 0.342773 0.332031 0.336914 0.326823 0.326172 0.324219 0.319336 0.320312 0.312500 0.320312
0 0.368164 0.307292 0.362305 0.313802 0.362305 0.320312 0.361328 0.321615 0.361328 0.326823 0.360352 0.328125 0.360352 0.333333 0.359375 0.334635 0.359375 0.345052 0.361328 0.351562 0.365234 0.358073 0.366211 0.361979 0.371094 0.368490 0.385742 0.377604 0.398438 0.377604 0.405273 0.373698 0.410156 0.364583 0.410156 0.354167 0.411133 0.352865 0.411133 0.347656 0.412109 0.346354 0.412109 0.341146 0.413086 0.339844 0.413086 0.330729 0.415039 0.325521 0.411133 0.311198 0.407227 0.305990 0.407227 0.304688 0.403320 0.300781 0.400391 0.304688 0.397461 0.302083 0.391602 0.300781 0.390625 0.302083 0.381836 0.302083 0.375977 0.305990
0 0.291992 0.382812 0.290039 0.382812 0.286133 0.386719 0.284180 0.386719 0.281250 0.389323 0.279297 0.389323 0.277344 0.391927 0.275391 0.391927 0.269531 0.399740 0.266602 0.408854 0.266602 0.416667 0.263672 0.425781 0.263672 0.429688 0.260742 0.437500 0.260742 0.444010 0.264648 0.446615 0.275391 0.459635 0.280273 0.463542 0.295898 0.462240 0.305664 0.457031 0.310547 0.450521 0.311523 0.450521 0.314453 0.445312 0.315430 0.438802 0.316406 0.437500 0.316406 0.416667 0.317383 0.414062 0.313477 0.411458 0.310547 0.407552 0.311523 0.406250 0.311523 0.399740 0.310547 0.397135 0.306641 0.394531 0.298828 0.394531 0.297852 0.393229 0.297852 0.390625 0.301758 0.388021 0.298828 0.388021
0 0.254883 0.444010 0.250000 0.450521 0.245117 0.453125 0.240234 0.458333 0.238281 0.458333 0.232422 0.462240 0.226562 0.470052 0.224609 0.475260 0.224609 0.489583 0.227539 0.498698 0.231445 0.506510 0.238281 0.514323 0.244141 0.519531 0.246094 0.519531 0.250000 0.522135 0.252930 0.522135 0.256836 0.526042 0.260742 0.526042 0.265625 0.523438 0.276367 0.514323 0.282227 0.506510 0.285156 0.498698 0.287109 0.496094 0.287109 0.492188 0.288086 0.490885 0.288086 0.480469 0.274414 0.467448 0.267578 0.467448 0.259766 0.460938 0.254883 0.454427 0.258789 0.450521 0.257812 0.446615
0 0.291016 0.519531 0.288086 0.519531 0.287109 0.518229 0.274414 0.519531 0.262695 0.529948 0.254883 0.532552 0.250977 0.537760 0.251953 0.565104 0.252930 0.566406 0.252930 0.571615 0.253906 0.572917 0.254883 0.579427 0.258789 0.588542 0.263672 0.595052 0.263672 0.596354 0.266602 0.598958 0.273438 0.598958 0.288086 0.589844 0.290039 0.589844 0.306641 0.578125 0.308594 0.572917 0.309570 0.555990 0.308594 0.554688 0.307617 0.546875 0.300781 0.531250
0 0.248047 0.606771 0.247070 0.609375 0.243164 0.613281 0.243164 0.621094 0.239258 0.628906 0.239258 0.635417 0.238281 0.636719 0.238281 0.643229 0.239258 0.644531 0.239258 0.657552 0.240234 0.658854 0.240234 0.664062 0.243164 0.669271 0.249023 0.670573 0.257812 0.678385 0.263672 0.679688 0.264648 0.680990 0.277344 0.680990 0.278320 0.682292 0.279297 0.680990 0.282227 0.680990 0.285156 0.678385 0.287109 0.678385 0.290039 0.674479 0.290039 0.653646 0.291016 0.652344 0.291016 0.639323 0.290039 0.636719 0.291992 0.632812 0.291992 0.627604 0.286133 0.619792 0.276367 0.613281 0.260742 0.613281 0.259766 0.614583 0.252930 0.614583 0.250977 0.615885 0.248047 0.611979 0.248047 0.608073 0.249023 0.606771
0 0.367188 0.680990 0.363281 0.679688 0.360352 0.684896 0.358398 0.682292 0.354492 0.682292 0.349609 0.679688 0.339844 0.680990 0.333984 0.684896 0.331055 0.684896 0.326172 0.687500 0.319336 0.697917 0.312500 0.704427 0.311523 0.707031 0.312500 0.716146 0.317383 0.722656 0.319336 0.735677 0.321289 0.739583 0.322266 0.747396 0.326172 0.752604 0.330078 0.753906 0.331055 0.752604 0.334961 0.752604 0.335938 0.751302 0.340820 0.751302 0.341797 0.750000 0.346680 0.750000 0.347656 0.748698 0.349609 0.748698 0.360352 0.735677 0.362305 0.731771 0.363281 0.725260 0.367188 0.718750 0.367188 0.713542 0.368164 0.712240 0.369141 0.683594
0 0.335938 0.569010 0.326172 0.569010 0.325195 0.570312 0.321289 0.570312 0.320312 0.571615 0.318359 0.571615 0.314453 0.575521 0.312500 0.575521 0.309570 0.579427 0.300781 0.587240 0.296875 0.588542 0.294922 0.592448 0.294922 0.597656 0.293945 0.600260 0.294922 0.601562 0.294922 0.609375 0.295898 0.610677 0.296875 0.619792 0.301758 0.630208 0.310547 0.640625 0.313477 0.640625 0.317383 0.643229 0.330078 0.643229 0.337891 0.638021 0.342773 0.631510 0.343750 0.626302 0.342773 0.625000 0.342773 0.618490 0.341797 0.617188 0.341797 0.575521
0 0.314453 0.468750 0.309570 0.477865 0.306641 0.480469 0.300781 0.489583 0.299805 0.493490 0.297852 0.496094 0.294922 0.505208 0.293945 0.516927 0.309570 0.544271 0.317383 0.548177 0.324219 0.548177 0.325195 0.546875 0.333984 0.546875 0.334961 0.548177 0.337891 0.548177 0.340820 0.545573 0.341797 0.540365 0.353516 0.522135 0.355469 0.516927 0.355469 0.501302 0.349609 0.490885 0.343750 0.489583 0.335938 0.484375 0.330078 0.477865 0.328125 0.477865 0.322266 0.481771 0.316406 0.477865 0.314453 0.477865 0.313477 0.475260 0.318359 0.471354 0.318359 0.470052 0.315430 0.470052
0 0.330078 0.407552 0.324219 0.415365 0.323242 0.419271 0.321289 0.421875 0.319336 0.429688 0.319336 0.445312 0.326172 0.460938 0.326172 0.463542 0.332031 0.472656 0.333008 0.476562 0.336914 0.480469 0.357422 0.481771 0.358398 0.480469 0.365234 0.479167 0.373047 0.473958 0.377930 0.467448 0.378906 0.462240 0.381836 0.457031 0.382812 0.449219 0.380859 0.442708 0.374023 0.429688 0.373047 0.421875 0.371094 0.419271 0.371094 0.415365 0.368164 0.412760 0.365234 0.404948 0.348633 0.404948 0.347656 0.403646 0.343750 0.403646 0.338867 0.406250
0 0.420898 0.375000 0.407227 0.375000 0.401367 0.378906 0.399414 0.378906 0.396484 0.381510 0.394531 0.381510 0.390625 0.384115 0.387695 0.384115 0.381836 0.390625 0.380859 0.390625 0.372070 0.402344 0.372070 0.410156 0.378906 0.421875 0.381836 0.429688 0.386719 0.436198 0.389648 0.437500 0.391602 0.440104 0.393555 0.440104 0.397461 0.442708 0.402344 0.447917 0.407227 0.447917 0.412109 0.444010 0.419922 0.442708 0.421875 0.441406 0.428711 0.432292 0.429688 0.429688 0.429688 0.427083 0.430664 0.425781 0.430664 0.417969 0.431641 0.416667 0.431641 0.412760 0.430664 0.411458 0.430664 0.402344 0.429688 0.401042 0.429688 0.394531 0.428711 0.393229 0.427734 0.386719 0.425781 0.384115 0.423828 0.377604
0 0.404297 0.458333 0.394531 0.464844 0.389648 0.470052 0.387695 0.470052 0.378906 0.481771 0.379883 0.492188 0.382812 0.498698 0.383789 0.511719 0.384766 0.513021 0.385742 0.519531 0.388672 0.526042 0.392578 0.531250 0.402344 0.539062 0.406250 0.539062 0.407227 0.540365 0.417969 0.540365 0.418945 0.539062 0.422852 0.539062 0.431641 0.533854 0.434570 0.528646 0.435547 0.513021 0.434570 0.511719 0.434570 0.502604 0.433594 0.501302 0.430664 0.481771 0.428711 0.477865 0.426758 0.467448 0.424805 0.464844 0.416992 0.462240 0.411133 0.458333
0 0.359375 0.541667 0.355469 0.544271 0.352539 0.548177 0.350586 0.553385 0.349609 0.561198 0.347656 0.565104 0.347656 0.571615 0.344727 0.580729 0.346680 0.596354 0.348633 0.601562 0.355469 0.609375 0.359375 0.618490 0.368164 0.630208 0.373047 0.632812 0.377930 0.632812 0.378906 0.634115 0.389648 0.634115 0.391602 0.631510 0.392578 0.626302 0.395508 0.619792 0.396484 0.611979 0.397461 0.610677 0.397461 0.605469 0.398438 0.604167 0.398438 0.597656 0.404297 0.584635 0.404297 0.578125 0.394531 0.558594 0.391602 0.549479 0.386719 0.544271 0.381836 0.542969 0.374023 0.537760 0.370117 0.537760 0.369141 0.539062 0.365234 0.539062 0.362305 0.541667
0 0.413086 0.630208 0.412109 0.630208 0.407227 0.623698 0.403320 0.622396 0.401367 0.619792 0.398438 0.619792 0.396484 0.621094 0.392578 0.632812 0.389648 0.635417 0.378906 0.635417 0.377930 0.634115 0.375000 0.634115 0.374023 0.632812 0.369141 0.632812 0.368164 0.634115 0.368164 0.651042 0.369141 0.652344 0.369141 0.658854 0.370117 0.660156 0.370117 0.677083 0.371094 0.678385 0.371094 0.680990 0.373047 0.683594 0.375977 0.683594 0.379883 0.686198 0.382812 0.686198 0.383789 0.684896 0.387695 0.686198 0.388672 0.684896 0.395508 0.684896 0.396484 0.683594 0.403320 0.683594 0.405273 0.682292 0.409180 0.675781 0.412109 0.667969 0.412109 0.665365 0.416992 0.653646 0.416992 0.649740 0.417969 0.648438 0.417969 0.640625 0.416992 0.639323 0.416992 0.636719 0.413086 0.631510
0 0.434570 0.675781 0.432617 0.674479 0.426758 0.674479 0.422852 0.671875 0.421875 0.673177 0.418945 0.673177 0.417969 0.674479 0.414062 0.674479 0.413086 0.675781 0.411133 0.675781 0.405273 0.684896 0.401367 0.684896 0.400391 0.686198 0.394531 0.686198 0.392578 0.690104 0.392578 0.696615 0.391602 0.697917 0.391602 0.709635 0.392578 0.710938 0.392578 0.714844 0.395508 0.720052 0.395508 0.721354 0.396484 0.721354 0.401367 0.727865 0.403320 0.729167 0.405273 0.729167 0.406250 0.730469 0.416016 0.730469 0.416992 0.731771 0.419922 0.731771 0.422852 0.734375 0.427734 0.733073 0.429688 0.730469 0.433594 0.729167 0.437500 0.723958 0.438477 0.721354 0.438477 0.683594 0.436523 0.678385
0 0.434570 0.552083 0.433594 0.553385 0.426758 0.553385 0.425781 0.554688 0.423828 0.554688 0.418945 0.562500 0.417969 0.561198 0.410156 0.561198 0.408203 0.558594 0.406250 0.565104 0.407227 0.566406 0.407227 0.583333 0.406250 0.584635 0.406250 0.589844 0.405273 0.591146 0.406250 0.593750 0.405273 0.601562 0.407227 0.605469 0.407227 0.609375 0.419922 0.625000 0.423828 0.627604 0.427734 0.627604 0.430664 0.630208 0.438477 0.630208 0.444336 0.626302 0.446289 0.621094 0.446289 0.618490 0.449219 0.611979 0.449219 0.609375 0.452148 0.602865 0.453125 0.596354 0.458984 0.580729 0.458008 0.574219 0.451172 0.571615 0.444336 0.566406
0 0.474609 0.498698 0.468750 0.498698 0.467773 0.500000 0.463867 0.500000 0.461914 0.501302 0.458984 0.506510 0.458984 0.507812 0.457031 0.509115 0.450195 0.518229 0.449219 0.518229 0.444336 0.523438 0.439453 0.526042 0.436523 0.531250 0.436523 0.533854 0.434570 0.539062 0.435547 0.540365 0.435547 0.545573 0.436523 0.548177 0.440430 0.552083 0.443359 0.553385 0.445312 0.555990 0.455078 0.562500 0.456055 0.561198 0.458984 0.561198 0.460938 0.559896 0.463867 0.555990 0.466797 0.554688 0.467773 0.552083 0.469727 0.550781 0.475586 0.542969 0.481445 0.539062 0.485352 0.533854 0.486328 0.531250 0.486328 0.518229 0.485352 0.516927 0.485352 0.513021 0.483398 0.507812 0.479492 0.503906 0.478516 0.503906
0 0.449219 0.395833 0.442383 0.401042 0.438477 0.407552 0.437500 0.415365 0.434570 0.423177 0.435547 0.425781 0.435547 0.429688 0.440430 0.441406 0.440430 0.444010 0.445312 0.451823 0.450195 0.464844 0.453125 0.468750 0.455078 0.470052 0.466797 0.470052 0.467773 0.468750 0.473633 0.468750 0.477539 0.464844 0.478516 0.458333 0.487305 0.434896 0.488281 0.425781 0.486328 0.421875 0.486328 0.419271 0.483398 0.411458 0.481445 0.408854 0.471680 0.403646 0.466797 0.395833 0.462891 0.393229
0 0.505859 0.333333 0.500977 0.333333 0.500000 0.332031 0.495117 0.332031 0.493164 0.333333 0.490234 0.337240 0.486328 0.339844 0.478516 0.351562 0.474609 0.354167 0.471680 0.358073 0.467773 0.360677 0.464844 0.360677 0.463867 0.361979 0.464844 0.363281 0.464844 0.369792 0.461914 0.375000 0.461914 0.377604 0.464844 0.382812 0.467773 0.393229 0.474609 0.402344 0.478516 0.403646 0.479492 0.404948 0.481445 0.404948 0.482422 0.406250 0.483398 0.404948 0.485352 0.404948 0.502930 0.385417 0.503906 0.385417 0.514648 0.375000 0.515625 0.372396 0.515625 0.361979 0.512695 0.354167 0.512695 0.350260 0.511719 0.348958 0.510742 0.341146
0 0.543945 0.308594 0.536133 0.308594 0.536133 0.309896 0.537109 0.309896 0.540039 0.313802 0.533203 0.322917 0.531250 0.322917 0.528320 0.326823 0.526367 0.326823 0.519531 0.335938 0.518555 0.335938 0.513672 0.341146 0.513672 0.350260 0.514648 0.351562 0.514648 0.354167 0.515625 0.355469 0.515625 0.358073 0.516602 0.359375 0.516602 0.361979 0.517578 0.363281 0.518555 0.368490 0.530273 0.376302 0.535156 0.376302 0.536133 0.375000 0.539062 0.375000 0.540039 0.373698 0.541992 0.373698 0.542969 0.372396 0.546875 0.371094 0.551758 0.364583 0.552734 0.359375 0.555664 0.355469 0.560547 0.352865 0.560547 0.346354 0.557617 0.339844 0.555664 0.329427 0.553711 0.325521 0.553711 0.320312 0.550781 0.315104 0.546875 0.312500
0 0.515625 0.386719 0.508789 0.394531 0.507812 0.398438 0.504883 0.401042 0.504883 0.402344 0.500000 0.408854 0.497070 0.416667 0.497070 0.421875 0.496094 0.423177 0.496094 0.437500 0.500000 0.445312 0.504883 0.451823 0.505859 0.451823 0.508789 0.457031 0.513672 0.459635 0.521484 0.468750 0.525391 0.470052 0.538086 0.463542 0.544922 0.454427 0.548828 0.445312 0.548828 0.441406 0.549805 0.440104 0.549805 0.427083 0.550781 0.425781 0.550781 0.423177 0.549805 0.421875 0.548828 0.414062 0.545898 0.407552 0.540039 0.401042 0.539062 0.401042 0.529297 0.388021 0.527344 0.386719
0 0.484375 0.470052 0.483398 0.472656 0.483398 0.477865 0.481445 0.480469 0.480469 0.500000 0.485352 0.507812 0.486328 0.513021 0.487305 0.514323 0.487305 0.518229 0.489258 0.522135 0.494141 0.523438 0.501953 0.528646 0.507812 0.528646 0.508789 0.527344 0.511719 0.527344 0.512695 0.526042 0.517578 0.524740 0.520508 0.522135 0.524414 0.522135 0.528320 0.518229 0.528320 0.511719 0.529297 0.510417 0.529297 0.506510 0.532227 0.500000 0.532227 0.489583 0.531250 0.488281 0.531250 0.483073 0.530273 0.481771 0.530273 0.479167 0.526367 0.472656 0.524414 0.472656 0.523438 0.471354 0.519531 0.470052 0.515625 0.464844 0.514648 0.464844 0.509766 0.459635 0.500000 0.459635 0.499023 0.460938 0.494141 0.462240 0.492188 0.464844
0 0.490234 0.536458 0.489258 0.537760 0.486328 0.537760 0.479492 0.546875 0.478516 0.546875 0.474609 0.552083 0.471680 0.553385 0.466797 0.559896 0.466797 0.565104 0.465820 0.566406 0.465820 0.584635 0.466797 0.585938 0.466797 0.589844 0.468750 0.595052 0.473633 0.601562 0.475586 0.601562 0.476562 0.602865 0.478516 0.602865 0.485352 0.606771 0.499023 0.606771 0.506836 0.601562 0.515625 0.592448 0.516602 0.587240 0.517578 0.585938 0.517578 0.582031 0.518555 0.580729 0.518555 0.575521 0.519531 0.574219 0.519531 0.562500 0.518555 0.561198 0.518555 0.557292 0.515625 0.549479 0.509766 0.541667 0.501953 0.536458
0 0.468750 0.604167 0.467773 0.605469 0.465820 0.605469 0.461914 0.610677 0.461914 0.613281 0.458008 0.621094 0.457031 0.627604 0.453125 0.632812 0.452148 0.638021 0.453125 0.639323 0.454102 0.648438 0.456055 0.651042 0.460938 0.665365 0.465820 0.669271 0.471680 0.677083 0.475586 0.679688 0.481445 0.687500 0.484375 0.687500 0.500977 0.664062 0.505859 0.653646 0.510742 0.647135 0.511719 0.643229 0.508789 0.636719 0.505859 0.632812 0.504883 0.628906 0.499023 0.621094 0.494141 0.618490 0.487305 0.610677 0.485352 0.610677 0.478516 0.605469 0.472656 0.605469 0.471680 0.604167
0 0.469727 0.687500 0.454102 0.687500 0.453125 0.688802 0.450195 0.688802 0.446289 0.691406 0.444336 0.694010 0.441406 0.701823 0.441406 0.714844 0.440430 0.716146 0.440430 0.722656 0.438477 0.726562 0.442383 0.736979 0.447266 0.743490 0.447266 0.744792 0.451172 0.748698 0.455078 0.751302 0.457031 0.751302 0.458984 0.755208 0.458984 0.757812 0.460938 0.757812 0.461914 0.759115 0.462891 0.757812 0.464844 0.757812 0.468750 0.753906 0.470703 0.753906 0.478516 0.744792 0.482422 0.742188 0.487305 0.735677 0.487305 0.733073 0.489258 0.727865 0.488281 0.721354 0.485352 0.713542 0.483398 0.710938 0.481445 0.705729 0.477539 0.700521 0.476562 0.696615 0.471680 0.690104 0.471680 0.688802
0 0.501953 0.723958 0.500977 0.727865 0.497070 0.731771 0.497070 0.734375 0.495117 0.736979 0.493164 0.736979 0.486328 0.742188 0.492188 0.747396 0.492188 0.751302 0.491211 0.752604 0.491211 0.765625 0.490234 0.766927 0.491211 0.773438 0.489258 0.777344 0.491211 0.790365 0.493164 0.795573 0.497070 0.800781 0.497070 0.803385 0.499023 0.807292 0.500977 0.808594 0.505859 0.808594 0.509766 0.804688 0.511719 0.800781 0.515625 0.798177 0.517578 0.794271 0.523438 0.792969 0.527344 0.789062 0.535156 0.778646 0.536133 0.774740 0.536133 0.760417 0.530273 0.751302 0.531250 0.750000 0.531250 0.746094 0.529297 0.743490 0.525391 0.743490 0.522461 0.739583 0.519531 0.739583 0.518555 0.738281 0.508789 0.738281 0.507812 0.739583 0.500000 0.740885 0.498047 0.744792 0.497070 0.743490 0.497070 0.735677 0.501953 0.730469 0.502930 0.727865 0.502930 0.723958
0 0.573242 0.696615 0.571289 0.694010 0.557617 0.694010 0.556641 0.695312 0.550781 0.695312 0.549805 0.696615 0.540039 0.696615 0.538086 0.699219 0.537109 0.699219 0.537109 0.700521 0.531250 0.708333 0.531250 0.709635 0.527344 0.716146 0.526367 0.718750 0.526367 0.726562 0.528320 0.729167 0.530273 0.734375 0.536133 0.742188 0.540039 0.744792 0.543945 0.744792 0.547852 0.747396 0.555664 0.747396 0.556641 0.746094 0.565430 0.746094 0.569336 0.742188 0.569336 0.739583 0.570312 0.736979 0.574219 0.731771 0.577148 0.723958 0.577148 0.721354 0.578125 0.720052 0.578125 0.714844 0.577148 0.713542 0.577148 0.709635 0.573242 0.700521
0 0.508789 0.653646 0.498047 0.669271 0.498047 0.670573 0.488281 0.683594 0.487305 0.683594 0.485352 0.686198 0.484375 0.690104 0.487305 0.694010 0.487305 0.695312 0.491211 0.701823 0.497070 0.705729 0.499023 0.708333 0.502930 0.710938 0.504883 0.710938 0.505859 0.712240 0.511719 0.712240 0.512695 0.713542 0.516602 0.713542 0.519531 0.716146 0.521484 0.716146 0.525391 0.710938 0.528320 0.709635 0.528320 0.708333 0.536133 0.697917 0.537109 0.695312 0.537109 0.688802 0.535156 0.684896 0.535156 0.680990 0.534180 0.679688 0.534180 0.674479 0.533203 0.673177 0.531250 0.662760 0.529297 0.660156 0.526367 0.660156 0.525391 0.658854 0.518555 0.658854 0.517578 0.657552 0.515625 0.657552 0.514648 0.656250 0.512695 0.656250
0 0.519531 0.593750 0.517578 0.595052 0.516602 0.600260 0.514648 0.602865 0.513672 0.608073 0.508789 0.621094 0.508789 0.630208 0.509766 0.631510 0.510742 0.636719 0.513672 0.641927 0.513672 0.651042 0.514648 0.652344 0.517578 0.652344 0.518555 0.653646 0.520508 0.653646 0.524414 0.656250 0.528320 0.656250 0.534180 0.660156 0.540039 0.660156 0.541992 0.658854 0.542969 0.656250 0.547852 0.649740 0.550781 0.648438 0.555664 0.641927 0.557617 0.636719 0.558594 0.628906 0.559570 0.627604 0.559570 0.623698 0.560547 0.622396 0.559570 0.619792 0.559570 0.615885 0.557617 0.611979 0.551758 0.608073 0.548828 0.608073 0.547852 0.606771 0.541992 0.606771 0.536133 0.602865 0.534180 0.602865 0.529297 0.598958 0.526367 0.598958 0.521484 0.593750
0 0.567383 0.631510 0.563477 0.635417 0.561523 0.641927 0.559570 0.644531 0.558594 0.644531 0.555664 0.649740 0.548828 0.653646 0.544922 0.658854 0.544922 0.661458 0.543945 0.662760 0.543945 0.669271 0.544922 0.670573 0.544922 0.673177 0.547852 0.680990 0.550781 0.684896 0.550781 0.686198 0.555664 0.690104 0.567383 0.690104 0.568359 0.691406 0.573242 0.691406 0.574219 0.692708 0.583984 0.692708 0.584961 0.691406 0.586914 0.691406 0.593750 0.678385 0.593750 0.673177 0.594727 0.671875 0.594727 0.660156 0.593750 0.658854 0.594727 0.653646 0.593750 0.652344 0.593750 0.649740 0.591797 0.644531 0.584961 0.636719 0.581055 0.635417 0.580078 0.634115 0.577148 0.634115 0.576172 0.632812 0.570312 0.632812 0.569336 0.631510
0 0.582031 0.566406 0.580078 0.567708 0.576172 0.572917 0.576172 0.574219 0.571289 0.580729 0.570312 0.580729 0.570312 0.582031 0.568359 0.584635 0.567383 0.587240 0.567383 0.591146 0.565430 0.593750 0.564453 0.597656 0.561523 0.601562 0.561523 0.604167 0.560547 0.605469 0.560547 0.610677 0.562500 0.615885 0.562500 0.619792 0.567383 0.626302 0.569336 0.627604 0.572266 0.627604 0.573242 0.628906 0.576172 0.628906 0.577148 0.630208 0.579102 0.630208 0.583008 0.632812 0.592773 0.632812 0.593750 0.631510 0.595703 0.631510 0.603516 0.622396 0.603516 0.621094 0.608398 0.613281 0.610352 0.608073 0.610352 0.605469 0.611328 0.604167 0.611328 0.598958 0.610352 0.597656 0.610352 0.595052 0.608398 0.591146 0.607422 0.585938 0.599609 0.574219 0.590820 0.567708 0.588867 0.567708 0.587891 0.566406
0 0.543945 0.501302 0.535156 0.511719 0.532227 0.518229 0.525391 0.528646 0.523438 0.533854 0.524414 0.544271 0.530273 0.552083 0.534180 0.562500 0.541016 0.571615 0.546875 0.575521 0.551758 0.575521 0.558594 0.580729 0.568359 0.579427 0.573242 0.574219 0.574219 0.569010 0.576172 0.565104 0.576172 0.562500 0.578125 0.557292 0.578125 0.553385 0.579102 0.552083 0.579102 0.548177 0.580078 0.546875 0.581055 0.535156 0.583984 0.528646 0.583984 0.524740 0.580078 0.518229 0.569336 0.511719 0.566406 0.509115 0.564453 0.505208 0.560547 0.502604 0.558594 0.502604 0.557617 0.501302 0.552734 0.501302 0.551758 0.500000 0.550781 0.501302
0 0.553711 0.425781 0.551758 0.428385 0.551758 0.441406 0.550781 0.442708 0.550781 0.445312 0.546875 0.454427 0.543945 0.458333 0.543945 0.459635 0.540039 0.464844 0.539062 0.464844 0.538086 0.467448 0.538086 0.477865 0.539062 0.479167 0.540039 0.485677 0.542969 0.493490 0.544922 0.496094 0.548828 0.496094 0.549805 0.497396 0.555664 0.497396 0.556641 0.498698 0.561523 0.498698 0.562500 0.500000 0.568359 0.500000 0.581055 0.483073 0.583008 0.477865 0.583008 0.475260 0.583984 0.473958 0.583984 0.467448 0.584961 0.466146 0.584961 0.453125 0.583984 0.451823 0.583984 0.449219 0.581055 0.445312 0.581055 0.444010 0.580078 0.444010 0.572266 0.436198 0.568359 0.434896 0.565430 0.432292 0.563477 0.432292 0.561523 0.429688 0.555664 0.425781
0 0.610352 0.386719 0.606445 0.386719 0.603516 0.390625 0.597656 0.394531 0.595703 0.394531 0.594727 0.395833 0.592773 0.395833 0.591797 0.397135 0.587891 0.398438 0.585938 0.404948 0.583008 0.408854 0.583008 0.411458 0.580078 0.419271 0.580078 0.430990 0.581055 0.432292 0.581055 0.438802 0.583008 0.441406 0.583008 0.444010 0.584961 0.446615 0.586914 0.451823 0.594727 0.457031 0.598633 0.460938 0.609375 0.455729 0.612305 0.451823 0.615234 0.450521 0.620117 0.444010 0.624023 0.441406 0.626953 0.437500 0.629883 0.429688 0.629883 0.425781 0.630859 0.424479 0.630859 0.411458 0.629883 0.410156 0.629883 0.407552 0.622070 0.395833 0.618164 0.393229 0.615234 0.389323 0.613281 0.389323
0 0.672852 0.325521 0.665039 0.324219 0.661133 0.328125 0.659180 0.328125 0.654297 0.332031 0.651367 0.332031 0.650391 0.330729 0.648438 0.334635 0.648438 0.339844 0.647461 0.341146 0.646484 0.348958 0.645508 0.350260 0.645508 0.359375 0.643555 0.364583 0.641602 0.367188 0.641602 0.369792 0.640625 0.371094 0.641602 0.384115 0.643555 0.388021 0.647461 0.389323 0.650391 0.391927 0.654297 0.391927 0.655273 0.390625 0.671875 0.390625 0.672852 0.389323 0.679688 0.389323 0.683594 0.386719 0.684570 0.381510 0.686523 0.378906 0.686523 0.376302 0.688477 0.371094 0.688477 0.363281 0.687500 0.361979 0.687500 0.358073 0.686523 0.356771 0.686523 0.350260 0.685547 0.348958 0.685547 0.345052 0.683594 0.342448 0.682617 0.338542 0.676758 0.330729 0.676758 0.329427
0 0.622070 0.445312 0.622070 0.446615 0.618164 0.449219 0.610352 0.460938 0.611328 0.462240 0.614258 0.459635 0.617188 0.463542 0.617188 0.467448 0.614258 0.470052 0.614258 0.477865 0.615234 0.480469 0.610352 0.490885 0.610352 0.501302 0.614258 0.507812 0.623047 0.516927 0.625000 0.516927 0.625977 0.518229 0.638672 0.518229 0.642578 0.520833 0.646484 0.520833 0.649414 0.515625 0.657227 0.506510 0.659180 0.500000 0.661133 0.497396 0.661133 0.485677 0.662109 0.484375 0.662109 0.480469 0.664062 0.476562 0.664062 0.470052 0.663086 0.468750 0.663086 0.466146 0.658203 0.459635 0.656250 0.459635 0.645508 0.453125 0.643555 0.453125 0.641602 0.450521 0.635742 0.449219 0.633789 0.446615 0.630859 0.447917 0.626953 0.444010
0 0.719727 0.408854 0.716797 0.406250 0.706055 0.406250 0.705078 0.404948 0.699219 0.403646 0.696289 0.406250 0.687500 0.407552 0.679688 0.412760 0.678711 0.414062 0.678711 0.417969 0.675781 0.425781 0.672852 0.429688 0.672852 0.433594 0.671875 0.434896 0.671875 0.438802 0.672852 0.440104 0.672852 0.449219 0.673828 0.450521 0.673828 0.457031 0.671875 0.459635 0.672852 0.460938 0.677734 0.460938 0.678711 0.462240 0.691406 0.462240 0.692383 0.460938 0.695312 0.460938 0.696289 0.459635 0.705078 0.458333 0.708008 0.453125 0.708008 0.450521 0.708984 0.449219 0.709961 0.444010 0.713867 0.438802 0.713867 0.437500 0.716797 0.432292 0.716797 0.429688 0.717773 0.428385 0.717773 0.425781 0.719727 0.420573 0.719727 0.415365 0.720703 0.414062
0 0.688477 0.471354 0.687500 0.472656 0.680664 0.473958 0.677734 0.477865 0.675781 0.483073 0.674805 0.483073 0.668945 0.490885 0.664062 0.494792 0.663086 0.497396 0.663086 0.502604 0.665039 0.505208 0.666016 0.505208 0.670898 0.513021 0.670898 0.515625 0.671875 0.516927 0.671875 0.519531 0.670898 0.520833 0.671875 0.528646 0.676758 0.533854 0.678711 0.533854 0.682617 0.536458 0.689453 0.544271 0.694336 0.544271 0.696289 0.542969 0.702148 0.535156 0.702148 0.533854 0.711914 0.522135 0.714844 0.514323 0.719727 0.506510 0.718750 0.505208 0.718750 0.502604 0.715820 0.498698 0.713867 0.493490 0.711914 0.483073 0.707031 0.476562 0.705078 0.476562 0.698242 0.471354
0 0.622070 0.520833 0.619141 0.523438 0.619141 0.528646 0.616211 0.531250 0.615234 0.535156 0.613281 0.537760 0.610352 0.539062 0.606445 0.542969 0.606445 0.548177 0.607422 0.549479 0.607422 0.559896 0.605469 0.563802 0.603516 0.563802 0.603516 0.565104 0.605469 0.566406 0.605469 0.569010 0.609375 0.574219 0.610352 0.579427 0.618164 0.589844 0.620117 0.591146 0.625977 0.591146 0.629883 0.588542 0.631836 0.585938 0.640625 0.580729 0.642578 0.578125 0.646484 0.575521 0.646484 0.574219 0.652344 0.567708 0.653320 0.565104 0.653320 0.553385 0.648438 0.539062 0.646484 0.536458 0.645508 0.532552 0.642578 0.528646 0.642578 0.526042 0.639648 0.523438 0.635742 0.523438 0.634766 0.522135 0.623047 0.522135
0 0.657227 0.537760 0.657227 0.541667 0.658203 0.542969 0.656250 0.545573 0.654297 0.545573 0.653320 0.546875 0.653320 0.554688 0.654297 0.555990 0.654297 0.565104 0.653320 0.567708 0.648438 0.574219 0.648438 0.575521 0.645508 0.579427 0.642578 0.580729 0.642578 0.585938 0.644531 0.587240 0.658203 0.604167 0.659180 0.604167 0.661133 0.606771 0.663086 0.606771 0.664062 0.605469 0.666992 0.605469 0.668945 0.604167 0.675781 0.596354 0.676758 0.596354 0.680664 0.591146 0.680664 0.587240 0.681641 0.585938 0.681641 0.576823 0.685547 0.566406 0.685547 0.561198 0.682617 0.555990 0.682617 0.554688 0.679688 0.553385 0.671875 0.542969 0.666992 0.540365 0.665039 0.537760
0 0.638672 0.591146 0.634766 0.591146 0.633789 0.592448 0.629883 0.592448 0.625977 0.595052 0.622070 0.595052 0.613281 0.605469 0.610352 0.613281 0.605469 0.621094 0.603516 0.626302 0.603516 0.630208 0.607422 0.635417 0.609375 0.636719 0.609375 0.638021 0.613281 0.643229 0.615234 0.648438 0.616211 0.648438 0.625000 0.660156 0.628906 0.661458 0.629883 0.662760 0.630859 0.661458 0.633789 0.661458 0.637695 0.658854 0.643555 0.651042 0.646484 0.643229 0.649414 0.639323 0.650391 0.634115 0.651367 0.632812 0.651367 0.628906 0.652344 0.627604 0.652344 0.619792 0.651367 0.618490 0.650391 0.611979 0.647461 0.604167 0.643555 0.598958 0.642578 0.595052
0 0.666992 0.619792 0.665039 0.621094 0.661133 0.627604 0.657227 0.628906 0.655273 0.631510 0.648438 0.647135 0.641602 0.657552 0.641602 0.665365 0.644531 0.673177 0.650391 0.682292 0.656250 0.686198 0.658203 0.688802 0.663086 0.691406 0.665039 0.694010 0.668945 0.695312 0.669922 0.696615 0.670898 0.695312 0.673828 0.695312 0.675781 0.694010 0.683594 0.683594 0.684570 0.683594 0.699219 0.664062 0.700195 0.661458 0.700195 0.656250 0.697266 0.647135 0.693359 0.639323 0.689453 0.634115 0.683594 0.630208 0.676758 0.623698 0.674805 0.623698 0.669922 0.619792
0 0.607422 0.647135 0.603516 0.649740 0.602539 0.654948 0.599609 0.658854 0.598633 0.664062 0.597656 0.665365 0.597656 0.670573 0.596680 0.671875 0.595703 0.678385 0.593750 0.683594 0.591797 0.686198 0.590820 0.690104 0.588867 0.692708 0.588867 0.696615 0.591797 0.700521 0.598633 0.704427 0.602539 0.709635 0.603516 0.709635 0.608398 0.714844 0.612305 0.716146 0.613281 0.717448 0.615234 0.717448 0.624023 0.707031 0.625000 0.707031 0.629883 0.701823 0.631836 0.701823 0.632812 0.700521 0.636719 0.699219 0.641602 0.691406 0.641602 0.684896 0.640625 0.683594 0.640625 0.679688 0.639648 0.678385 0.638672 0.673177 0.633789 0.665365 0.631836 0.664062 0.627930 0.664062 0.626953 0.662760 0.625000 0.662760 0.621094 0.657552 0.614258 0.652344 0.611328 0.648438 0.611328 0.647135
0 0.592773 0.709635 0.591797 0.710938 0.589844 0.710938 0.587891 0.713542 0.584961 0.721354 0.577148 0.730469 0.576172 0.733073 0.576172 0.736979 0.574219 0.740885 0.574219 0.746094 0.575195 0.747396 0.575195 0.750000 0.577148 0.753906 0.577148 0.756510 0.579102 0.761719 0.585938 0.772135 0.589844 0.774740 0.594727 0.782552 0.602539 0.782552 0.604492 0.779948 0.610352 0.777344 0.615234 0.770833 0.616211 0.765625 0.619141 0.759115 0.619141 0.756510 0.622070 0.748698 0.624023 0.746094 0.625000 0.738281 0.624023 0.736979 0.624023 0.734375 0.622070 0.729167 0.617188 0.725260 0.614258 0.721354 0.606445 0.716146 0.604492 0.716146 0.598633 0.709635
0 0.652344 0.687500 0.648438 0.687500 0.635742 0.703125 0.633789 0.704427 0.631836 0.704427 0.627930 0.708333 0.626953 0.708333 0.623047 0.714844 0.625000 0.723958 0.628906 0.729167 0.630859 0.735677 0.634766 0.740885 0.636719 0.742188 0.638672 0.742188 0.644531 0.746094 0.647461 0.746094 0.648438 0.747396 0.650391 0.747396 0.651367 0.746094 0.654297 0.746094 0.655273 0.744792 0.658203 0.744792 0.662109 0.742188 0.665039 0.738281 0.666016 0.734375 0.668945 0.730469 0.670898 0.723958 0.672852 0.721354 0.672852 0.717448 0.673828 0.716146 0.672852 0.714844 0.672852 0.712240 0.671875 0.710938 0.671875 0.708333 0.670898 0.707031 0.670898 0.704427 0.668945 0.699219 0.666016 0.695312 0.664062 0.695312 0.660156 0.692708 0.658203 0.690104 0.656250 0.688802 0.653320 0.688802
0 0.668945 0.769531 0.665039 0.769531 0.663086 0.772135 0.657227 0.773438 0.657227 0.774740 0.655273 0.777344 0.654297 0.777344 0.652344 0.779948 0.650391 0.779948 0.645508 0.787760 0.644531 0.795573 0.640625 0.802083 0.640625 0.804688 0.643555 0.809896 0.644531 0.809896 0.653320 0.820312 0.656250 0.821615 0.658203 0.824219 0.659180 0.822917 0.662109 0.822917 0.663086 0.821615 0.667969 0.821615 0.668945 0.820312 0.675781 0.820312 0.677734 0.821615 0.679688 0.819010 0.680664 0.813802 0.684570 0.807292 0.684570 0.803385 0.682617 0.800781 0.681641 0.795573 0.680664 0.794271 0.679688 0.779948 0.677734 0.776042 0.673828 0.781250 0.670898 0.781250 0.668945 0.779948 0.662109 0.786458 0.659180 0.786458 0.656250 0.783854 0.656250 0.781250 0.661133 0.776042 0.663086 0.776042 0.664062 0.774740 0.668945 0.774740
0 0.696289 0.691406 0.693359 0.696615 0.689453 0.697917 0.683594 0.705729 0.683594 0.708333 0.680664 0.713542 0.677734 0.721354 0.677734 0.727865 0.678711 0.729167 0.679688 0.736979 0.680664 0.739583 0.684570 0.744792 0.685547 0.752604 0.688477 0.757812 0.692383 0.757812 0.693359 0.759115 0.697266 0.759115 0.698242 0.760417 0.702148 0.760417 0.704102 0.761719 0.705078 0.760417 0.707031 0.760417 0.723633 0.735677 0.723633 0.733073 0.725586 0.727865 0.725586 0.720052 0.724609 0.718750 0.723633 0.713542 0.721680 0.710938 0.717773 0.708333 0.715820 0.708333 0.714844 0.707031 0.710938 0.707031 0.708984 0.705729 0.701172 0.694010 0.699219 0.694010
0 0.742188 0.692708 0.741211 0.694010 0.738281 0.694010 0.737305 0.695312 0.736328 0.695312 0.732422 0.700521 0.733398 0.701823 0.733398 0.705729 0.727539 0.718750 0.727539 0.725260 0.726562 0.726562 0.726562 0.734375 0.725586 0.735677 0.734375 0.747396 0.735352 0.747396 0.739258 0.752604 0.740234 0.752604 0.743164 0.755208 0.747070 0.755208 0.748047 0.753906 0.751953 0.753906 0.752930 0.752604 0.755859 0.751302 0.762695 0.742188 0.762695 0.739583 0.763672 0.738281 0.763672 0.734375 0.764648 0.733073 0.764648 0.721354 0.763672 0.720052 0.762695 0.716146 0.758789 0.709635 0.758789 0.708333 0.755859 0.703125 0.755859 0.701823 0.750977 0.695312 0.750000 0.695312 0.747070 0.692708
0 0.731445 0.639323 0.727539 0.641927 0.720703 0.641927 0.719727 0.643229 0.717773 0.643229 0.715820 0.645833 0.711914 0.647135 0.710938 0.648438 0.708984 0.648438 0.707031 0.651042 0.703125 0.653646 0.703125 0.661458 0.700195 0.667969 0.700195 0.671875 0.698242 0.674479 0.697266 0.674479 0.699219 0.674479 0.701172 0.677083 0.701172 0.684896 0.702148 0.686198 0.702148 0.688802 0.705078 0.692708 0.708008 0.700521 0.710938 0.704427 0.712891 0.704427 0.713867 0.705729 0.720703 0.705729 0.721680 0.704427 0.723633 0.704427 0.729492 0.700521 0.729492 0.699219 0.734375 0.691406 0.735352 0.688802 0.735352 0.684896 0.740234 0.671875 0.743164 0.666667 0.743164 0.658854 0.740234 0.651042 0.738281 0.648438 0.736328 0.643229
0 0.709961 0.572917 0.704102 0.572917 0.700195 0.579427 0.694336 0.584635 0.693359 0.584635 0.689453 0.578125 0.685547 0.587240 0.685547 0.589844 0.683594 0.595052 0.683594 0.597656 0.684570 0.597656 0.687500 0.601562 0.687500 0.608073 0.686523 0.609375 0.686523 0.611979 0.687500 0.613281 0.687500 0.619792 0.688477 0.621094 0.687500 0.622396 0.687500 0.627604 0.694336 0.635417 0.697266 0.643229 0.699219 0.644531 0.703125 0.644531 0.704102 0.643229 0.707031 0.643229 0.708984 0.644531 0.709961 0.643229 0.713867 0.643229 0.717773 0.640625 0.725586 0.630208 0.725586 0.628906 0.728516 0.626302 0.729492 0.623698 0.729492 0.617188 0.730469 0.615885 0.730469 0.589844 0.728516 0.585938 0.724609 0.582031 0.720703 0.582031 0.716797 0.575521 0.710938 0.574219
0 0.719727 0.515625 0.713867 0.522135 0.713867 0.524740 0.709961 0.535156 0.707031 0.539062 0.704102 0.549479 0.705078 0.550781 0.708008 0.546875 0.708984 0.546875 0.710938 0.549479 0.710938 0.553385 0.709961 0.554688 0.709961 0.559896 0.710938 0.561198 0.710938 0.563802 0.716797 0.571615 0.720703 0.574219 0.722656 0.574219 0.725586 0.576823 0.732422 0.587240 0.732422 0.588542 0.736328 0.589844 0.738281 0.587240 0.744141 0.583333 0.752930 0.569010 0.754883 0.563802 0.754883 0.554688 0.756836 0.548177 0.756836 0.541667 0.755859 0.540365 0.755859 0.537760 0.754883 0.537760 0.751953 0.533854 0.749023 0.527344 0.740234 0.518229 0.735352 0.519531 0.732422 0.515625 0.727539 0.515625 0.726562 0.516927 0.724609 0.516927 0.723633 0.515625
0 0.743164 0.332031 0.740234 0.332031 0.737305 0.335938 0.733398 0.337240 0.733398 0.341146 0.728516 0.346354 0.730469 0.350260 0.725586 0.354167 0.724609 0.361979 0.723633 0.363281 0.722656 0.361979 0.722656 0.355469 0.720703 0.351562 0.720703 0.347656 0.721680 0.346354 0.720703 0.345052 0.719727 0.346354 0.719727 0.348958 0.715820 0.355469 0.716797 0.358073 0.716797 0.363281 0.718750 0.365885 0.718750 0.367188 0.716797 0.368490 0.716797 0.371094 0.715820 0.372396 0.715820 0.388021 0.716797 0.389323 0.716797 0.395833 0.715820 0.397135 0.716797 0.397135 0.717773 0.394531 0.724609 0.395833 0.726562 0.398438 0.728516 0.404948 0.734375 0.404948 0.735352 0.403646 0.737305 0.403646 0.741211 0.397135 0.744141 0.395833 0.748047 0.390625 0.749023 0.385417 0.750977 0.382812 0.760742 0.358073 0.760742 0.354167 0.756836 0.345052 0.750000 0.335938 0.746094 0.334635
0 0.753906 0.335938 0.753906 0.338542 0.752930 0.339844 0.758789 0.347656 0.760742 0.347656 0.763672 0.351562 0.763672 0.356771 0.759766 0.363281 0.755859 0.373698 0.755859 0.376302 0.750977 0.386719 0.751953 0.388021 0.755859 0.389323 0.758789 0.391927 0.760742 0.391927 0.768555 0.397135 0.771484 0.401042 0.771484 0.402344 0.774414 0.402344 0.775391 0.403646 0.776367 0.402344 0.783203 0.402344 0.789062 0.394531 0.790039 0.394531 0.802734 0.380208 0.802734 0.377604 0.804688 0.372396 0.804688 0.365885 0.803711 0.363281 0.784180 0.341146 0.779297 0.338542 0.771484 0.338542 0.770508 0.339844 0.768555 0.339844 0.768555 0.341146 0.766602 0.342448 0.765625 0.341146 0.765625 0.338542 0.767578 0.335938 0.765625 0.335938 0.764648 0.334635 0.756836 0.334635 0.755859 0.335938
0 0.753906 0.391927 0.752930 0.393229 0.749023 0.393229 0.747070 0.394531 0.747070 0.397135 0.740234 0.406250 0.737305 0.407552 0.735352 0.410156 0.733398 0.410156 0.731445 0.415365 0.730469 0.412760 0.727539 0.412760 0.727539 0.416667 0.728516 0.417969 0.727539 0.427083 0.728516 0.427083 0.729492 0.423177 0.731445 0.420573 0.733398 0.423177 0.733398 0.446615 0.734375 0.447917 0.733398 0.455729 0.735352 0.458333 0.743164 0.463542 0.745117 0.463542 0.749023 0.466146 0.753906 0.466146 0.754883 0.467448 0.759766 0.463542 0.771484 0.446615 0.776367 0.430990 0.777344 0.421875 0.776367 0.420573 0.775391 0.412760 0.771484 0.404948 0.769531 0.403646 0.765625 0.397135 0.763672 0.397135 0.758789 0.393229 0.755859 0.393229
0 0.779297 0.427083 0.778320 0.434896 0.777344 0.436198 0.778320 0.458333 0.780273 0.462240 0.780273 0.464844 0.785156 0.470052 0.785156 0.471354 0.789062 0.476562 0.791016 0.481771 0.801758 0.481771 0.802734 0.480469 0.806641 0.480469 0.810547 0.477865 0.816406 0.477865 0.817383 0.476562 0.820312 0.476562 0.821289 0.475260 0.825195 0.475260 0.831055 0.471354 0.832031 0.466146 0.833008 0.464844 0.832031 0.463542 0.832031 0.455729 0.830078 0.451823 0.830078 0.447917 0.829102 0.446615 0.828125 0.438802 0.826172 0.436198 0.826172 0.434896 0.817383 0.423177 0.816406 0.423177 0.814453 0.420573 0.814453 0.419271 0.810547 0.416667 0.801758 0.416667 0.800781 0.417969 0.796875 0.417969 0.795898 0.420573 0.791992 0.421875 0.791992 0.423177 0.789062 0.425781 0.781250 0.425781
0 0.779297 0.471354 0.775391 0.468750 0.773438 0.468750 0.772461 0.467448 0.769531 0.467448 0.768555 0.466146 0.762695 0.466146 0.761719 0.467448 0.758789 0.467448 0.754883 0.470052 0.750977 0.475260 0.750000 0.475260 0.750000 0.476562 0.746094 0.481771 0.746094 0.484375 0.745117 0.485677 0.745117 0.488281 0.746094 0.489583 0.746094 0.513021 0.747070 0.514323 0.747070 0.519531 0.748047 0.522135 0.751953 0.527344 0.753906 0.527344 0.754883 0.528646 0.767578 0.528646 0.771484 0.526042 0.780273 0.513021 0.782227 0.507812 0.782227 0.505208 0.783203 0.503906 0.783203 0.500000 0.784180 0.498698 0.784180 0.489583 0.783203 0.488281 0.783203 0.480469 0.781250 0.476562 0.781250 0.473958
0 0.796875 0.486979 0.797852 0.488281 0.802734 0.488281 0.803711 0.489583 0.803711 0.492188 0.806641 0.497396 0.806641 0.503906 0.802734 0.514323 0.802734 0.518229 0.801758 0.519531 0.801758 0.528646 0.797852 0.533854 0.799805 0.539062 0.800781 0.539062 0.810547 0.549479 0.812500 0.548177 0.820312 0.546875 0.821289 0.545573 0.825195 0.545573 0.831055 0.541667 0.833008 0.539062 0.833984 0.539062 0.844727 0.523438 0.845703 0.520833 0.845703 0.506510 0.843750 0.501302 0.839844 0.498698 0.836914 0.498698 0.833984 0.496094 0.832031 0.496094 0.828125 0.492188 0.826172 0.492188 0.822266 0.489583 0.819336 0.489583 0.818359 0.488281 0.814453 0.488281 0.810547 0.485677 0.806641 0.485677 0.805664 0.486979 0.800781 0.486979 0.798828 0.485677
0 0.762695 0.541667 0.760742 0.544271 0.760742 0.546875 0.758789 0.550781 0.758789 0.561198 0.757812 0.562500 0.757812 0.572917 0.758789 0.574219 0.758789 0.578125 0.759766 0.579427 0.760742 0.584635 0.763672 0.587240 0.764648 0.591146 0.766602 0.593750 0.767578 0.593750 0.775391 0.601562 0.783203 0.601562 0.790039 0.606771 0.793945 0.606771 0.794922 0.605469 0.796875 0.605469 0.799805 0.601562 0.801758 0.596354 0.802734 0.589844 0.804688 0.585938 0.805664 0.578125 0.806641 0.576823 0.806641 0.571615 0.807617 0.570312 0.807617 0.566406 0.808594 0.565104 0.808594 0.561198 0.809570 0.559896 0.809570 0.554688 0.797852 0.540365 0.793945 0.537760 0.789062 0.536458 0.786133 0.533854 0.783203 0.533854 0.782227 0.532552 0.781250 0.533854 0.776367 0.533854 0.773438 0.536458 0.768555 0.537760
0 0.752930 0.585938 0.750000 0.585938 0.749023 0.587240 0.749023 0.589844 0.748047 0.591146 0.745117 0.592448 0.743164 0.596354 0.742188 0.596354 0.739258 0.598958 0.737305 0.598958 0.736328 0.597656 0.736328 0.596354 0.736328 0.598958 0.737305 0.600260 0.736328 0.601562 0.735352 0.601562 0.732422 0.606771 0.732422 0.623698 0.731445 0.625000 0.731445 0.634115 0.732422 0.635417 0.732422 0.636719 0.740234 0.645833 0.741211 0.645833 0.742188 0.644531 0.749023 0.644531 0.750000 0.643229 0.754883 0.641927 0.756836 0.639323 0.757812 0.639323 0.761719 0.635417 0.764648 0.634115 0.769531 0.627604 0.769531 0.601562 0.764648 0.593750 0.763672 0.593750 0.759766 0.589844 0.758789 0.589844 0.755859 0.587240 0.753906 0.587240
0 0.800781 0.657552 0.798828 0.657552 0.793945 0.653646 0.791016 0.654948 0.786133 0.662760 0.785156 0.662760 0.783203 0.665365 0.780273 0.666667 0.776367 0.671875 0.775391 0.671875 0.774414 0.673177 0.774414 0.674479 0.771484 0.678385 0.770508 0.678385 0.768555 0.680990 0.768555 0.682292 0.767578 0.683594 0.767578 0.694010 0.766602 0.695312 0.766602 0.699219 0.769531 0.701823 0.769531 0.703125 0.772461 0.709635 0.773438 0.709635 0.775391 0.712240 0.781250 0.712240 0.782227 0.710938 0.784180 0.710938 0.785156 0.709635 0.791992 0.705729 0.793945 0.703125 0.794922 0.703125 0.796875 0.700521 0.797852 0.700521 0.798828 0.699219 0.798828 0.697917 0.800781 0.695312 0.801758 0.695312 0.805664 0.690104 0.805664 0.688802 0.806641 0.687500 0.806641 0.684896 0.807617 0.683594 0.807617 0.673177 0.806641 0.671875 0.806641 0.666667 0.805664 0.665365 0.805664 0.664062
0 0.806641 0.588542 0.806641 0.589844 0.802734 0.596354 0.801758 0.602865 0.799805 0.606771 0.799805 0.609375 0.797852 0.614583 0.797852 0.621094 0.795898 0.626302 0.795898 0.638021 0.792969 0.641927 0.791992 0.641927 0.791992 0.643229 0.792969 0.643229 0.794922 0.645833 0.794922 0.647135 0.797852 0.652344 0.805664 0.652344 0.806641 0.651042 0.817383 0.651042 0.818359 0.649740 0.822266 0.649740 0.823242 0.648438 0.826172 0.648438 0.827148 0.647135 0.829102 0.647135 0.831055 0.645833 0.833984 0.639323 0.833984 0.634115 0.834961 0.632812 0.834961 0.623698 0.833984 0.622396 0.833984 0.614583 0.832031 0.610677 0.832031 0.608073 0.830078 0.602865 0.823242 0.596354 0.820312 0.595052 0.816406 0.589844 0.814453 0.588542
0 0.836914 0.649740 0.829102 0.649740 0.828125 0.651042 0.823242 0.652344 0.820312 0.654948 0.818359 0.654948 0.814453 0.658854 0.811523 0.660156 0.808594 0.665365 0.808594 0.675781 0.809570 0.677083 0.809570 0.680990 0.808594 0.682292 0.808594 0.695312 0.809570 0.695312 0.818359 0.707031 0.819336 0.707031 0.820312 0.708333 0.822266 0.708333 0.825195 0.710938 0.830078 0.709635 0.833008 0.705729 0.833008 0.704427 0.834961 0.701823 0.834961 0.700521 0.842773 0.690104 0.843750 0.690104 0.846680 0.686198 0.846680 0.684896 0.847656 0.683594 0.847656 0.680990 0.848633 0.679688 0.848633 0.671875 0.847656 0.670573 0.847656 0.666667 0.846680 0.665365 0.845703 0.661458 0.843750 0.658854 0.843750 0.657552 0.841797 0.654948 0.841797 0.653646 0.840820 0.653646
0 0.836914 0.408854 0.841797 0.412760 0.836914 0.420573 0.833008 0.421875 0.829102 0.428385 0.829102 0.433594 0.830078 0.434896 0.832031 0.445312 0.833984 0.449219 0.833984 0.451823 0.835938 0.455729 0.849609 0.457031 0.850586 0.458333 0.854492 0.458333 0.855469 0.459635 0.859375 0.459635 0.860352 0.458333 0.870117 0.458333 0.872070 0.457031 0.879883 0.445312 0.879883 0.438802 0.877930 0.434896 0.877930 0.429688 0.876953 0.428385 0.876953 0.424479 0.875977 0.423177 0.875977 0.407552 0.872070 0.402344 0.870117 0.402344 0.869141 0.401042 0.867188 0.401042 0.865234 0.398438 0.861328 0.398438 0.860352 0.397135 0.851562 0.397135 0.846680 0.404948 0.846680 0.407552 0.845703 0.408854 0.842773 0.408854 0.841797 0.407552
0 0.845703 0.471354 0.852539 0.472656 0.853516 0.473958 0.856445 0.471354 0.858398 0.473958 0.856445 0.477865 0.854492 0.477865 0.853516 0.481771 0.850586 0.485677 0.849609 0.492188 0.845703 0.496094 0.845703 0.500000 0.848633 0.509115 0.848633 0.515625 0.847656 0.516927 0.848633 0.520833 0.852539 0.523438 0.857422 0.523438 0.864258 0.527344 0.870117 0.527344 0.871094 0.526042 0.875977 0.526042 0.876953 0.524740 0.883789 0.523438 0.889648 0.518229 0.891602 0.513021 0.892578 0.503906 0.889648 0.493490 0.889648 0.484375 0.888672 0.483073 0.888672 0.477865 0.889648 0.475260 0.887695 0.470052 0.885742 0.470052 0.881836 0.467448 0.878906 0.467448 0.877930 0.466146 0.875000 0.466146 0.871094 0.463542 0.860352 0.462240 0.859375 0.463542 0.855469 0.463542 0.853516 0.464844 0.851562 0.468750
0 0.891602 0.486979 0.890625 0.489583 0.890625 0.494792 0.891602 0.496094 0.891602 0.498698 0.894531 0.502604 0.894531 0.509115 0.890625 0.519531 0.886719 0.523438 0.882812 0.524740 0.880859 0.527344 0.875977 0.527344 0.874023 0.528646 0.873047 0.533854 0.883789 0.552083 0.891602 0.557292 0.899414 0.558594 0.908203 0.548177 0.908203 0.546875 0.916992 0.533854 0.917969 0.528646 0.918945 0.527344 0.918945 0.516927 0.914062 0.507812 0.914062 0.506510 0.911133 0.502604 0.911133 0.500000 0.909180 0.497396 0.901367 0.492188 0.899414 0.489583 0.896484 0.489583 0.895508 0.488281
0 0.841797 0.535156 0.840820 0.537760 0.837891 0.537760 0.833984 0.542969 0.830078 0.544271 0.826172 0.552083 0.827148 0.561198 0.825195 0.563802 0.825195 0.565104 0.827148 0.567708 0.827148 0.571615 0.824219 0.575521 0.824219 0.582031 0.826172 0.584635 0.826172 0.585938 0.827148 0.585938 0.829102 0.588542 0.833984 0.588542 0.843750 0.596354 0.848633 0.596354 0.852539 0.593750 0.858398 0.595052 0.860352 0.593750 0.861328 0.588542 0.863281 0.585938 0.864258 0.582031 0.867188 0.578125 0.870117 0.569010 0.874023 0.562500 0.874023 0.552083 0.872070 0.549479 0.872070 0.548177 0.865234 0.539062 0.859375 0.535156 0.851562 0.535156 0.850586 0.533854 0.845703 0.533854 0.844727 0.535156
0 0.883789 0.555990 0.881836 0.558594 0.880859 0.558594 0.878906 0.561198 0.877930 0.561198 0.876953 0.562500 0.876953 0.563802 0.875000 0.566406 0.874023 0.566406 0.874023 0.567708 0.872070 0.570312 0.872070 0.571615 0.871094 0.572917 0.871094 0.575521 0.870117 0.576823 0.869141 0.580729 0.867188 0.583333 0.867188 0.597656 0.868164 0.598958 0.868164 0.601562 0.869141 0.602865 0.869141 0.604167 0.871094 0.608073 0.871094 0.610677 0.872070 0.611979 0.891602 0.611979 0.892578 0.613281 0.897461 0.613281 0.900391 0.609375 0.900391 0.608073 0.903320 0.601562 0.903320 0.597656 0.904297 0.596354 0.904297 0.583333 0.903320 0.582031 0.903320 0.574219 0.898438 0.562500 0.897461 0.562500 0.894531 0.559896 0.892578 0.559896 0.891602 0.558594 0.889648 0.558594 0.888672 0.557292
0 0.861328 0.597656 0.855469 0.597656 0.854492 0.596354 0.852539 0.596354 0.851562 0.597656 0.849609 0.597656 0.844727 0.601562 0.839844 0.602865 0.835938 0.606771 0.835938 0.609375 0.836914 0.610677 0.835938 0.611979 0.835938 0.630208 0.836914 0.631510 0.835938 0.632812 0.835938 0.635417 0.834961 0.636719 0.834961 0.643229 0.837891 0.644531 0.841797 0.649740 0.842773 0.649740 0.846680 0.653646 0.848633 0.653646 0.849609 0.654948 0.853516 0.654948 0.854492 0.653646 0.857422 0.652344 0.859375 0.649740 0.862305 0.648438 0.864258 0.645833 0.864258 0.644531 0.865234 0.643229 0.865234 0.640625 0.866211 0.639323 0.866211 0.636719 0.867188 0.635417 0.867188 0.628906 0.868164 0.627604 0.868164 0.622396 0.869141 0.621094 0.869141 0.609375 0.868164 0.608073 0.867188 0.604167 0.863281 0.598958 0.862305 0.598958
