0 0.163086 0.208333 0.158203 0.205729 0.149414 0.205729 0.145508 0.209635 0.143555 0.209635 0.139648 0.212240 0.136719 0.212240 0.128906 0.217448 0.125000 0.222656 0.124023 0.222656 0.122070 0.226562 0.122070 0.231771 0.120117 0.235677 0.116211 0.239583 0.116211 0.246094 0.118164 0.252604 0.118164 0.269531 0.120117 0.276042 0.125000 0.277344 0.125977 0.278646 0.143555 0.279948 0.148438 0.282552 0.151367 0.282552 0.156250 0.279948 0.158203 0.274740 0.164062 0.265625 0.165039 0.261719 0.167969 0.257812 0.168945 0.257812 0.169922 0.255208 0.169922 0.248698 0.168945 0.247396 0.168945 0.223958 0.166016 0.216146 0.166016 0.213542
0 0.249023 0.203125 0.243164 0.203125 0.242188 0.201823 0.225586 0.201823 0.219727 0.205729 0.214844 0.205729 0.209961 0.209635 0.208984 0.212240 0.208984 0.217448 0.208008 0.218750 0.208008 0.223958 0.207031 0.225260 0.207031 0.233073 0.206055 0.234375 0.206055 0.246094 0.208984 0.253906 0.208984 0.256510 0.212891 0.264323 0.214844 0.265625 0.227539 0.265625 0.228516 0.266927 0.232422 0.266927 0.233398 0.265625 0.238281 0.264323 0.245117 0.259115 0.248047 0.259115 0.250000 0.256510 0.250000 0.252604 0.252930 0.248698 0.255859 0.240885 0.255859 0.236979 0.258789 0.227865 0.258789 0.222656 0.257812 0.221354 0.257812 0.218750 0.255859 0.214844 0.254883 0.209635
0 0.305664 0.158854 0.300781 0.164062 0.296875 0.164062 0.295898 0.165365 0.291992 0.166667 0.287109 0.174479 0.285156 0.179688 0.285156 0.183594 0.284180 0.184896 0.284180 0.195312 0.283203 0.196615 0.283203 0.200521 0.282227 0.201823 0.282227 0.210938 0.283203 0.212240 0.284180 0.218750 0.289062 0.225260 0.292969 0.226562 0.297852 0.230469 0.300781 0.230469 0.303711 0.233073 0.315430 0.234375 0.316406 0.233073 0.321289 0.231771 0.329102 0.225260 0.329102 0.222656 0.325195 0.222656 0.324219 0.221354 0.325195 0.212240 0.327148 0.207031 0.327148 0.197917 0.322266 0.183594 0.321289 0.183594 0.318359 0.178385 0.318359 0.169271 0.307617 0.158854
0 0.278320 0.253906 0.271484 0.265625 0.266602 0.279948 0.266602 0.291667 0.268555 0.295573 0.269531 0.303385 0.274414 0.307292 0.277344 0.307292 0.278320 0.308594 0.283203 0.308594 0.284180 0.309896 0.287109 0.309896 0.291016 0.312500 0.296875 0.312500 0.297852 0.313802 0.300781 0.313802 0.301758 0.315104 0.306641 0.315104 0.308594 0.311198 0.308594 0.307292 0.309570 0.305990 0.309570 0.302083 0.310547 0.300781 0.310547 0.296875 0.311523 0.295573 0.311523 0.290365 0.312500 0.289062 0.312500 0.283854 0.311523 0.282552 0.311523 0.279948 0.309570 0.274740 0.309570 0.265625 0.310547 0.263021 0.304688 0.260417 0.301758 0.256510 0.295898 0.255208 0.294922 0.253906 0.290039 0.253906 0.286133 0.251302
0 0.359375 0.223958 0.353516 0.227865 0.343750 0.242188 0.343750 0.244792 0.341797 0.247396 0.341797 0.250000 0.340820 0.251302 0.340820 0.261719 0.341797 0.263021 0.341797 0.265625 0.342773 0.266927 0.343750 0.272135 0.345703 0.273438 0.352539 0.283854 0.359375 0.289062 0.361328 0.289062 0.362305 0.290365 0.366211 0.290365 0.370117 0.287760 0.372070 0.283854 0.373047 0.283854 0.382812 0.270833 0.384766 0.269531 0.386719 0.264323 0.393555 0.256510 0.393555 0.252604 0.390625 0.244792 0.386719 0.240885 0.388672 0.236979 0.387695 0.235677 0.386719 0.238281 0.383789 0.238281 0.382812 0.236979 0.382812 0.233073 0.383789 0.231771 0.378906 0.227865 0.372070 0.227865 0.371094 0.226562 0.367188 0.226562 0.366211 0.225260 0.362305 0.225260 0.361328 0.223958
0 0.423828 0.175781 0.421875 0.177083 0.418945 0.177083 0.417969 0.178385 0.412109 0.178385 0.411133 0.179688 0.408203 0.179688 0.408203 0.180990 0.405273 0.184896 0.397461 0.190104 0.392578 0.197917 0.392578 0.209635 0.390625 0.214844 0.391602 0.220052 0.394531 0.227865 0.396484 0.230469 0.398438 0.236979 0.399414 0.236979 0.403320 0.242188 0.403320 0.243490 0.407227 0.247396 0.415039 0.247396 0.416016 0.246094 0.428711 0.246094 0.429688 0.244792 0.431641 0.244792 0.433594 0.242188 0.433594 0.227865 0.434570 0.226562 0.434570 0.221354 0.435547 0.220052 0.435547 0.214844 0.436523 0.213542 0.436523 0.207031 0.437500 0.205729 0.436523 0.203125 0.436523 0.199219 0.438477 0.194010 0.437500 0.192708 0.437500 0.190104 0.436523 0.190104
0 0.435547 0.250000 0.429688 0.257812 0.426758 0.259115 0.422852 0.264323 0.421875 0.266927 0.420898 0.273438 0.418945 0.277344 0.418945 0.286458 0.419922 0.287760 0.420898 0.294271 0.422852 0.296875 0.422852 0.299479 0.424805 0.302083 0.424805 0.303385 0.430664 0.309896 0.431641 0.309896 0.431641 0.308594 0.433594 0.305990 0.437500 0.305990 0.438477 0.307292 0.449219 0.307292 0.450195 0.308594 0.454102 0.308594 0.456055 0.307292 0.457031 0.304688 0.461914 0.298177 0.464844 0.296875 0.466797 0.294271 0.468750 0.285156 0.471680 0.282552 0.470703 0.281250 0.470703 0.277344 0.469727 0.274740 0.464844 0.268229 0.463867 0.268229 0.458984 0.263021 0.455078 0.261719 0.454102 0.260417 0.452148 0.260417 0.443359 0.251302
0 0.391602 0.312500 0.391602 0.313802 0.388672 0.319010 0.388672 0.322917 0.387695 0.324219 0.387695 0.339844 0.389648 0.345052 0.393555 0.351562 0.395508 0.358073 0.396484 0.358073 0.400391 0.361979 0.404297 0.361979 0.405273 0.363281 0.417969 0.363281 0.418945 0.361979 0.426758 0.361979 0.428711 0.358073 0.430664 0.358073 0.432617 0.355469 0.432617 0.352865 0.431641 0.350260 0.435547 0.343750 0.435547 0.335938 0.434570 0.334635 0.434570 0.329427 0.433594 0.328125 0.433594 0.325521 0.431641 0.322917 0.431641 0.320312 0.429688 0.316406 0.427734 0.316406 0.423828 0.312500 0.420898 0.312500 0.419922 0.311198 0.415039 0.311198 0.414062 0.309896 0.410156 0.309896 0.409180 0.308594 0.403320 0.308594 0.402344 0.307292 0.395508 0.307292
0 0.372070 0.298177 0.363281 0.298177 0.362305 0.299479 0.353516 0.299479 0.352539 0.300781 0.345703 0.300781 0.344727 0.302083 0.342773 0.302083 0.334961 0.315104 0.334961 0.321615 0.333984 0.322917 0.333984 0.325521 0.334961 0.326823 0.334961 0.330729 0.335938 0.332031 0.335938 0.334635 0.337891 0.339844 0.340820 0.343750 0.344727 0.345052 0.346680 0.347656 0.346680 0.348958 0.347656 0.348958 0.351562 0.354167 0.351562 0.355469 0.353516 0.356771 0.354492 0.355469 0.357422 0.355469 0.358398 0.354167 0.369141 0.354167 0.376953 0.348958 0.379883 0.348958 0.380859 0.347656 0.380859 0.345052 0.383789 0.339844 0.383789 0.337240 0.384766 0.335938 0.384766 0.330729 0.385742 0.329427 0.385742 0.317708 0.381836 0.313802 0.377930 0.303385 0.375977 0.300781
0 0.358398 0.367188 0.358398 0.368490 0.356445 0.371094 0.356445 0.380208 0.357422 0.381510 0.356445 0.384115 0.356445 0.394531 0.357422 0.395833 0.357422 0.398438 0.364258 0.406250 0.371094 0.410156 0.373047 0.412760 0.376953 0.412760 0.377930 0.414062 0.384766 0.414062 0.387695 0.411458 0.392578 0.410156 0.398438 0.406250 0.401367 0.402344 0.401367 0.395833 0.400391 0.394531 0.400391 0.372396 0.397461 0.368490 0.396484 0.368490 0.391602 0.363281 0.389648 0.363281 0.388672 0.361979 0.385742 0.361979 0.379883 0.358073 0.375977 0.358073 0.375000 0.356771 0.369141 0.356771 0.363281 0.360677
0 0.445312 0.372396 0.441406 0.371094 0.440430 0.369792 0.438477 0.369792 0.437500 0.368490 0.423828 0.367188 0.422852 0.365885 0.421875 0.367188 0.418945 0.367188 0.414062 0.371094 0.411133 0.371094 0.404297 0.377604 0.403320 0.377604 0.402344 0.380208 0.402344 0.390625 0.403320 0.391927 0.403320 0.401042 0.404297 0.402344 0.404297 0.406250 0.405273 0.407552 0.405273 0.417969 0.407227 0.423177 0.410156 0.427083 0.413086 0.428385 0.416992 0.432292 0.424805 0.432292 0.427734 0.429688 0.431641 0.429688 0.433594 0.428385 0.438477 0.421875 0.441406 0.420573 0.448242 0.414062 0.448242 0.394531 0.447266 0.393229 0.447266 0.382812 0.446289 0.381510 0.446289 0.375000
0 0.302734 0.326823 0.300781 0.326823 0.299805 0.328125 0.295898 0.328125 0.294922 0.329427 0.291016 0.329427 0.290039 0.330729 0.287109 0.330729 0.286133 0.332031 0.282227 0.332031 0.281250 0.333333 0.276367 0.333333 0.275391 0.334635 0.273438 0.334635 0.269531 0.337240 0.266602 0.342448 0.266602 0.347656 0.265625 0.348958 0.265625 0.358073 0.266602 0.359375 0.266602 0.364583 0.271484 0.372396 0.274414 0.381510 0.279297 0.388021 0.281250 0.389323 0.283203 0.389323 0.287109 0.391927 0.290039 0.391927 0.293945 0.394531 0.296875 0.394531 0.297852 0.393229 0.304688 0.393229 0.312500 0.382812 0.312500 0.380208 0.314453 0.376302 0.314453 0.369792 0.315430 0.368490 0.315430 0.365885 0.314453 0.364583 0.314453 0.355469 0.313477 0.354167 0.313477 0.348958 0.311523 0.345052 0.310547 0.338542 0.307617 0.330729
0 0.210938 0.319010 0.210938 0.326823 0.212891 0.332031 0.214844 0.347656 0.216797 0.352865 0.224609 0.361979 0.226562 0.361979 0.230469 0.364583 0.233398 0.364583 0.234375 0.365885 0.252930 0.364583 0.257812 0.361979 0.257812 0.355469 0.259766 0.352865 0.260742 0.355469 0.262695 0.355469 0.262695 0.351562 0.263672 0.350260 0.263672 0.341146 0.259766 0.335938 0.259766 0.319010 0.258789 0.317708 0.258789 0.312500 0.263672 0.309896 0.263672 0.308594 0.261719 0.304688 0.256836 0.302083 0.252930 0.298177 0.249023 0.298177 0.248047 0.296875 0.243164 0.296875 0.242188 0.295573 0.235352 0.295573 0.223633 0.303385 0.216797 0.313802
0 0.175781 0.325521 0.173828 0.328125 0.172852 0.328125 0.170898 0.332031 0.170898 0.346354 0.169922 0.347656 0.169922 0.354167 0.168945 0.355469 0.168945 0.360677 0.167969 0.361979 0.167969 0.365885 0.166992 0.367188 0.166992 0.376302 0.167969 0.378906 0.172852 0.385417 0.174805 0.386719 0.176758 0.386719 0.177734 0.388021 0.180664 0.388021 0.184570 0.390625 0.190430 0.390625 0.191406 0.391927 0.193359 0.391927 0.191406 0.389323 0.191406 0.386719 0.194336 0.381510 0.193359 0.380208 0.193359 0.369792 0.194336 0.368490 0.194336 0.364583 0.195312 0.363281 0.195312 0.351562 0.197266 0.346354 0.197266 0.343750 0.196289 0.342448 0.196289 0.337240 0.193359 0.329427 0.192383 0.329427 0.188477 0.324219 0.186523 0.324219 0.184570 0.322917 0.182617 0.325521
0 0.162109 0.315104 0.159180 0.315104 0.155273 0.317708 0.141602 0.317708 0.135742 0.321615 0.134766 0.324219 0.134766 0.328125 0.133789 0.329427 0.133789 0.332031 0.131836 0.334635 0.131836 0.339844 0.130859 0.341146 0.130859 0.346354 0.129883 0.347656 0.129883 0.356771 0.130859 0.358073 0.130859 0.364583 0.131836 0.365885 0.131836 0.369792 0.134766 0.375000 0.138672 0.375000 0.141602 0.372396 0.146484 0.372396 0.147461 0.371094 0.150391 0.371094 0.151367 0.369792 0.155273 0.369792 0.156250 0.368490 0.158203 0.368490 0.159180 0.367188 0.164062 0.365885 0.166992 0.361979 0.166992 0.359375 0.168945 0.354167 0.168945 0.345052 0.169922 0.343750 0.169922 0.328125 0.165039 0.320312 0.165039 0.319010
0 0.137695 0.380208 0.137695 0.381510 0.135742 0.385417 0.135742 0.406250 0.136719 0.407552 0.136719 0.415365 0.137695 0.416667 0.137695 0.417969 0.146484 0.427083 0.147461 0.427083 0.152344 0.430990 0.154297 0.430990 0.155273 0.432292 0.162109 0.432292 0.163086 0.433594 0.166992 0.433594 0.167969 0.432292 0.169922 0.432292 0.171875 0.429688 0.172852 0.429688 0.174805 0.427083 0.174805 0.416667 0.173828 0.415365 0.173828 0.410156 0.172852 0.408854 0.172852 0.402344 0.171875 0.401042 0.171875 0.393229 0.170898 0.391927 0.170898 0.386719 0.169922 0.385417 0.169922 0.384115 0.165039 0.378906 0.164062 0.380208 0.162109 0.380208 0.161133 0.381510 0.157227 0.381510 0.156250 0.382812 0.147461 0.382812 0.146484 0.384115 0.145508 0.384115 0.140625 0.380208
0 0.191406 0.398438 0.187500 0.401042 0.185547 0.403646 0.182617 0.404948 0.180664 0.407552 0.178711 0.407552 0.175781 0.411458 0.175781 0.415365 0.176758 0.416667 0.176758 0.433594 0.177734 0.434896 0.178711 0.441406 0.180664 0.446615 0.185547 0.453125 0.185547 0.454427 0.186523 0.454427 0.190430 0.459635 0.203125 0.459635 0.204102 0.458333 0.207031 0.458333 0.214844 0.447917 0.215820 0.445312 0.215820 0.441406 0.214844 0.440104 0.214844 0.437500 0.215820 0.436198 0.215820 0.433594 0.214844 0.432292 0.214844 0.408854 0.213867 0.407552 0.212891 0.401042 0.211914 0.399740 0.206055 0.399740 0.204102 0.401042 0.201172 0.398438
0 0.230469 0.378906 0.229492 0.380208 0.227539 0.380208 0.223633 0.385417 0.222656 0.385417 0.219727 0.389323 0.218750 0.389323 0.216797 0.391927 0.216797 0.393229 0.217773 0.394531 0.217773 0.401042 0.218750 0.402344 0.218750 0.407552 0.219727 0.408854 0.219727 0.411458 0.220703 0.412760 0.220703 0.415365 0.221680 0.416667 0.221680 0.429688 0.222656 0.430990 0.222656 0.434896 0.226562 0.440104 0.229492 0.441406 0.231445 0.444010 0.232422 0.444010 0.233398 0.445312 0.237305 0.445312 0.237305 0.444010 0.239258 0.441406 0.245117 0.438802 0.248047 0.434896 0.249023 0.434896 0.250000 0.433594 0.250000 0.432292 0.250977 0.430990 0.250977 0.425781 0.250000 0.424479 0.250000 0.419271 0.249023 0.417969 0.249023 0.414062 0.248047 0.412760 0.248047 0.408854 0.247070 0.407552 0.247070 0.399740 0.246094 0.398438 0.246094 0.397135 0.247070 0.395833 0.247070 0.390625 0.246094 0.389323 0.246094 0.388021 0.244141 0.385417 0.243164 0.385417 0.239258 0.381510 0.237305 0.381510 0.236328 0.380208 0.234375 0.380208 0.233398 0.378906
0 0.279297 0.432292 0.271484 0.430990 0.270508 0.432292 0.258789 0.432292 0.257812 0.433594 0.255859 0.433594 0.252930 0.436198 0.242188 0.450521 0.241211 0.454427 0.236328 0.462240 0.237305 0.471354 0.240234 0.477865 0.240234 0.480469 0.243164 0.488281 0.251953 0.500000 0.255859 0.502604 0.260742 0.502604 0.267578 0.494792 0.273438 0.494792 0.274414 0.496094 0.277344 0.492188 0.278320 0.492188 0.281250 0.486979 0.280273 0.476562 0.283203 0.470052 0.283203 0.466146 0.280273 0.458333 0.280273 0.453125 0.277344 0.447917 0.275391 0.442708 0.275391 0.440104 0.277344 0.437500 0.280273 0.437500 0.282227 0.440104 0.284180 0.440104 0.284180 0.438802 0.281250 0.436198 0.281250 0.433594
0 0.287109 0.406250 0.282227 0.412760 0.281250 0.412760 0.281250 0.419271 0.282227 0.420573 0.282227 0.427083 0.283203 0.428385 0.283203 0.429688 0.284180 0.429688 0.285156 0.430990 0.285156 0.432292 0.290039 0.438802 0.290039 0.440104 0.295898 0.447917 0.295898 0.449219 0.301758 0.459635 0.302734 0.459635 0.303711 0.460938 0.310547 0.460938 0.311523 0.459635 0.313477 0.459635 0.314453 0.458333 0.317383 0.457031 0.317383 0.455729 0.323242 0.447917 0.323242 0.446615 0.324219 0.445312 0.324219 0.440104 0.321289 0.436198 0.321289 0.434896 0.313477 0.424479 0.313477 0.423177 0.311523 0.420573 0.310547 0.416667 0.307617 0.412760 0.305664 0.404948 0.303711 0.402344 0.296875 0.402344 0.295898 0.403646 0.292969 0.403646 0.291992 0.404948
0 0.354492 0.447917 0.351562 0.447917 0.349609 0.446615 0.348633 0.447917 0.336914 0.447917 0.335938 0.449219 0.333008 0.449219 0.329102 0.451823 0.326172 0.457031 0.320312 0.459635 0.315430 0.466146 0.313477 0.467448 0.310547 0.475260 0.310547 0.479167 0.309570 0.480469 0.309570 0.488281 0.312500 0.492188 0.314453 0.497396 0.314453 0.500000 0.317383 0.505208 0.317383 0.506510 0.322266 0.513021 0.324219 0.514323 0.327148 0.514323 0.328125 0.515625 0.331055 0.515625 0.341797 0.507812 0.345703 0.502604 0.349609 0.500000 0.356445 0.490885 0.356445 0.483073 0.355469 0.481771 0.355469 0.479167 0.354492 0.477865 0.354492 0.472656 0.353516 0.471354 0.353516 0.467448 0.354492 0.466146 0.354492 0.458333 0.355469 0.457031 0.355469 0.449219
0 0.366211 0.428385 0.365234 0.429688 0.363281 0.429688 0.362305 0.430990 0.361328 0.430990 0.359375 0.433594 0.358398 0.433594 0.358398 0.434896 0.357422 0.436198 0.357422 0.444010 0.356445 0.445312 0.356445 0.466146 0.355469 0.467448 0.355469 0.477865 0.356445 0.479167 0.357422 0.483073 0.358398 0.483073 0.359375 0.484375 0.361328 0.484375 0.365234 0.488281 0.371094 0.488281 0.372070 0.489583 0.373047 0.488281 0.376953 0.488281 0.377930 0.486979 0.380859 0.485677 0.382812 0.483073 0.382812 0.476562 0.381836 0.475260 0.381836 0.471354 0.382812 0.470052 0.382812 0.468750 0.381836 0.467448 0.381836 0.458333 0.382812 0.457031 0.382812 0.447917 0.383789 0.446615 0.383789 0.440104 0.382812 0.438802 0.382812 0.437500 0.375977 0.428385
0 0.407227 0.480469 0.406250 0.481771 0.404297 0.481771 0.406250 0.484375 0.406250 0.486979 0.404297 0.489583 0.401367 0.488281 0.399414 0.485677 0.395508 0.485677 0.390625 0.489583 0.385742 0.490885 0.379883 0.497396 0.379883 0.507812 0.381836 0.513021 0.381836 0.523438 0.383789 0.528646 0.383789 0.539062 0.385742 0.544271 0.389648 0.546875 0.394531 0.548177 0.395508 0.549479 0.406250 0.548177 0.407227 0.546875 0.410156 0.546875 0.412109 0.545573 0.416016 0.539062 0.416016 0.536458 0.417969 0.533854 0.419922 0.528646 0.419922 0.523438 0.418945 0.522135 0.418945 0.513021 0.419922 0.511719 0.419922 0.501302 0.421875 0.497396 0.418945 0.496094 0.416992 0.493490 0.416992 0.492188 0.415039 0.489583 0.414062 0.489583
0 0.380859 0.527344 0.374023 0.516927 0.371094 0.516927 0.368164 0.514323 0.363281 0.514323 0.362305 0.515625 0.355469 0.515625 0.354492 0.516927 0.349609 0.516927 0.348633 0.518229 0.341797 0.519531 0.336914 0.524740 0.334961 0.524740 0.330078 0.528646 0.329102 0.531250 0.329102 0.537760 0.328125 0.539062 0.328125 0.545573 0.329102 0.546875 0.329102 0.550781 0.332031 0.554688 0.332031 0.557292 0.333984 0.562500 0.335938 0.563802 0.338867 0.563802 0.344727 0.567708 0.351562 0.569010 0.355469 0.571615 0.358398 0.571615 0.359375 0.570312 0.364258 0.570312 0.371094 0.561198 0.371094 0.559896 0.375977 0.554688 0.375977 0.553385 0.379883 0.548177 0.379883 0.540365 0.380859 0.539062 0.379883 0.536458 0.379883 0.532552 0.380859 0.531250
0 0.306641 0.486979 0.300781 0.490885 0.293945 0.490885 0.291016 0.494792 0.290039 0.494792 0.280273 0.509115 0.280273 0.518229 0.282227 0.520833 0.283203 0.523438 0.283203 0.527344 0.288086 0.539062 0.289062 0.548177 0.291992 0.552083 0.293945 0.552083 0.294922 0.553385 0.302734 0.553385 0.303711 0.552083 0.306641 0.552083 0.307617 0.550781 0.312500 0.549479 0.316406 0.544271 0.318359 0.542969 0.318359 0.539062 0.321289 0.531250 0.325195 0.528646 0.324219 0.526042 0.324219 0.523438 0.322266 0.520833 0.319336 0.511719 0.315430 0.506510 0.310547 0.490885
0 0.329102 0.555990 0.327148 0.554688 0.323242 0.554688 0.322266 0.555990 0.291016 0.555990 0.289062 0.558594 0.289062 0.559896 0.286133 0.565104 0.286133 0.582031 0.285156 0.583333 0.285156 0.587240 0.286133 0.588542 0.286133 0.591146 0.287109 0.592448 0.289062 0.592448 0.291016 0.593750 0.291992 0.596354 0.293945 0.597656 0.298828 0.605469 0.300781 0.605469 0.301758 0.606771 0.312500 0.605469 0.313477 0.604167 0.315430 0.604167 0.317383 0.602865 0.320312 0.597656 0.323242 0.589844 0.327148 0.585938 0.329102 0.580729 0.329102 0.578125 0.332031 0.571615 0.332031 0.565104 0.329102 0.558594
0 0.365234 0.593750 0.364258 0.592448 0.361328 0.593750 0.360352 0.595052 0.360352 0.598958 0.358398 0.601562 0.355469 0.601562 0.354492 0.600260 0.346680 0.600260 0.344727 0.597656 0.343750 0.598958 0.340820 0.598958 0.335938 0.595052 0.327148 0.595052 0.325195 0.593750 0.324219 0.597656 0.321289 0.601562 0.319336 0.606771 0.319336 0.610677 0.318359 0.611979 0.319336 0.613281 0.319336 0.621094 0.320312 0.622396 0.320312 0.626302 0.321289 0.627604 0.321289 0.631510 0.322266 0.634115 0.328125 0.638021 0.334961 0.638021 0.335938 0.639323 0.338867 0.639323 0.339844 0.640625 0.345703 0.640625 0.346680 0.641927 0.358398 0.641927 0.363281 0.634115 0.363281 0.631510 0.365234 0.628906 0.365234 0.626302 0.367188 0.622396 0.367188 0.617188 0.368164 0.615885 0.368164 0.600260 0.366211 0.597656
0 0.243164 0.539062 0.243164 0.540365 0.240234 0.544271 0.238281 0.550781 0.236328 0.553385 0.235352 0.558594 0.234375 0.559896 0.234375 0.563802 0.233398 0.565104 0.233398 0.567708 0.234375 0.569010 0.234375 0.583333 0.235352 0.585938 0.239258 0.588542 0.250977 0.588542 0.251953 0.587240 0.258789 0.587240 0.259766 0.585938 0.270508 0.585938 0.274414 0.583333 0.276367 0.580729 0.276367 0.579427 0.283203 0.570312 0.284180 0.561198 0.286133 0.559896 0.286133 0.555990 0.282227 0.555990 0.278320 0.553385 0.277344 0.554688 0.275391 0.554688 0.273438 0.552083 0.273438 0.550781 0.270508 0.549479 0.268555 0.546875 0.266602 0.546875 0.262695 0.542969 0.251953 0.541667 0.249023 0.539062 0.249023 0.536458 0.252930 0.533854 0.249023 0.533854 0.246094 0.537760
0 0.231445 0.463542 0.219727 0.463542 0.218750 0.464844 0.214844 0.464844 0.213867 0.466146 0.208008 0.466146 0.203125 0.471354 0.203125 0.472656 0.199219 0.479167 0.199219 0.481771 0.196289 0.488281 0.196289 0.490885 0.194336 0.494792 0.194336 0.498698 0.193359 0.500000 0.193359 0.511719 0.204102 0.524740 0.206055 0.524740 0.207031 0.526042 0.210938 0.526042 0.211914 0.527344 0.213867 0.527344 0.214844 0.526042 0.224609 0.526042 0.228516 0.522135 0.231445 0.520833 0.233398 0.518229 0.233398 0.515625 0.234375 0.514323 0.234375 0.511719 0.236328 0.506510 0.236328 0.502604 0.237305 0.501302 0.237305 0.494792 0.235352 0.492188 0.233398 0.486979 0.233398 0.483073 0.234375 0.481771 0.237305 0.481771 0.237305 0.475260 0.236328 0.473958 0.236328 0.471354 0.233398 0.468750
0 0.079102 0.458333 0.075195 0.463542 0.073242 0.468750 0.073242 0.477865 0.072266 0.479167 0.072266 0.492188 0.074219 0.494792 0.076172 0.494792 0.079102 0.498698 0.084961 0.501302 0.085938 0.502604 0.084961 0.506510 0.089844 0.509115 0.090820 0.511719 0.092773 0.510417 0.096680 0.510417 0.098633 0.513021 0.104492 0.513021 0.108398 0.509115 0.109375 0.509115 0.118164 0.498698 0.118164 0.476562 0.116211 0.476562 0.115234 0.477865 0.111328 0.475260 0.107422 0.468750 0.102539 0.466146 0.100586 0.463542 0.098633 0.463542 0.097656 0.462240 0.094727 0.462240 0.093750 0.460938 0.093750 0.454427 0.091797 0.453125 0.090820 0.454427 0.087891 0.454427 0.086914 0.455729
0 0.121094 0.468750 0.121094 0.486979 0.120117 0.488281 0.120117 0.493490 0.121094 0.494792 0.121094 0.498698 0.123047 0.503906 0.125977 0.507812 0.127930 0.509115 0.131836 0.509115 0.132812 0.510417 0.142578 0.510417 0.143555 0.511719 0.162109 0.513021 0.168945 0.502604 0.168945 0.498698 0.169922 0.497396 0.169922 0.488281 0.168945 0.486979 0.166016 0.486979 0.164062 0.483073 0.164062 0.476562 0.165039 0.475260 0.166992 0.476562 0.169922 0.476562 0.168945 0.471354 0.165039 0.470052 0.164062 0.471354 0.164062 0.473958 0.165039 0.475260 0.164062 0.476562 0.162109 0.476562 0.160156 0.473958 0.160156 0.467448 0.159180 0.464844 0.157227 0.464844 0.156250 0.463542 0.151367 0.463542 0.150391 0.462240 0.147461 0.462240 0.146484 0.460938 0.134766 0.460938 0.130859 0.463542 0.124023 0.464844
0 0.114258 0.518229 0.114258 0.519531 0.112305 0.522135 0.110352 0.522135 0.106445 0.526042 0.103516 0.527344 0.102539 0.531250 0.098633 0.537760 0.098633 0.540365 0.097656 0.541667 0.097656 0.548177 0.099609 0.552083 0.099609 0.554688 0.101562 0.555990 0.101562 0.558594 0.102539 0.559896 0.103516 0.565104 0.107422 0.566406 0.110352 0.570312 0.108398 0.572917 0.108398 0.575521 0.111328 0.575521 0.116211 0.583333 0.120117 0.585938 0.127930 0.585938 0.128906 0.584635 0.131836 0.584635 0.135742 0.580729 0.137695 0.580729 0.143555 0.574219 0.142578 0.570312 0.145508 0.565104 0.145508 0.559896 0.142578 0.553385 0.142578 0.544271 0.137695 0.539062 0.137695 0.537760 0.133789 0.532552 0.132812 0.528646 0.125977 0.518229
0 0.158203 0.578125 0.153320 0.580729 0.153320 0.582031 0.139648 0.598958 0.139648 0.600260 0.134766 0.608073 0.133789 0.613281 0.130859 0.621094 0.133789 0.625000 0.139648 0.627604 0.151367 0.639323 0.159180 0.639323 0.160156 0.636719 0.162109 0.634115 0.163086 0.634115 0.163086 0.632812 0.165039 0.630208 0.170898 0.628906 0.172852 0.627604 0.172852 0.625000 0.173828 0.623698 0.176758 0.623698 0.177734 0.622396 0.177734 0.617188 0.178711 0.615885 0.177734 0.614583 0.177734 0.611979 0.175781 0.611979 0.174805 0.618490 0.173828 0.619792 0.171875 0.618490 0.171875 0.613281 0.173828 0.608073 0.173828 0.604167 0.172852 0.602865 0.172852 0.600260 0.173828 0.598958 0.173828 0.593750 0.171875 0.589844 0.166992 0.587240 0.163086 0.580729 0.159180 0.579427
0 0.185547 0.510417 0.184570 0.513021 0.181641 0.516927 0.180664 0.516927 0.175781 0.523438 0.174805 0.526042 0.167969 0.529948 0.167969 0.531250 0.166016 0.533854 0.164062 0.539062 0.164062 0.542969 0.163086 0.544271 0.164062 0.545573 0.165039 0.557292 0.166992 0.561198 0.170898 0.563802 0.173828 0.563802 0.179688 0.567708 0.181641 0.567708 0.182617 0.569010 0.184570 0.569010 0.185547 0.570312 0.187500 0.570312 0.191406 0.572917 0.201172 0.572917 0.207031 0.569010 0.211914 0.563802 0.211914 0.558594 0.215820 0.553385 0.216797 0.541667 0.214844 0.537760 0.213867 0.537760 0.205078 0.527344 0.204102 0.527344 0.196289 0.518229 0.195312 0.518229 0.193359 0.515625 0.192383 0.511719 0.190430 0.511719 0.189453 0.510417
0 0.242188 0.596354 0.232422 0.585938 0.228516 0.584635 0.227539 0.583333 0.225586 0.583333 0.224609 0.582031 0.222656 0.582031 0.221680 0.580729 0.216797 0.580729 0.214844 0.583333 0.210938 0.584635 0.208008 0.588542 0.205078 0.589844 0.203125 0.592448 0.199219 0.595052 0.197266 0.595052 0.192383 0.602865 0.192383 0.627604 0.195312 0.634115 0.195312 0.644531 0.200195 0.649740 0.208984 0.649740 0.209961 0.648438 0.212891 0.648438 0.213867 0.647135 0.219727 0.647135 0.229492 0.635417 0.232422 0.634115 0.236328 0.628906 0.239258 0.627604 0.241211 0.625000 0.243164 0.619792 0.243164 0.615885 0.244141 0.614583 0.244141 0.604167 0.243164 0.602865 0.243164 0.598958
0 0.256836 0.604167 0.254883 0.608073 0.254883 0.611979 0.253906 0.613281 0.253906 0.623698 0.252930 0.625000 0.252930 0.631510 0.251953 0.632812 0.251953 0.636719 0.250000 0.640625 0.250000 0.648438 0.251953 0.651042 0.251953 0.652344 0.254883 0.656250 0.258789 0.657552 0.259766 0.658854 0.268555 0.658854 0.269531 0.657552 0.280273 0.657552 0.284180 0.654948 0.285156 0.652344 0.285156 0.627604 0.287109 0.622396 0.293945 0.613281 0.294922 0.613281 0.295898 0.610677 0.295898 0.606771 0.293945 0.604167 0.291992 0.604167 0.291016 0.602865 0.289062 0.602865 0.288086 0.604167 0.284180 0.604167 0.283203 0.602865 0.259766 0.602865 0.258789 0.604167
0 0.315430 0.610677 0.309570 0.611979 0.310547 0.611979 0.313477 0.615885 0.312500 0.618490 0.309570 0.618490 0.304688 0.613281 0.301758 0.613281 0.300781 0.614583 0.298828 0.614583 0.297852 0.615885 0.295898 0.615885 0.294922 0.617188 0.291016 0.618490 0.286133 0.626302 0.286133 0.662760 0.287109 0.664062 0.287109 0.666667 0.289062 0.671875 0.293945 0.675781 0.295898 0.675781 0.296875 0.677083 0.304688 0.677083 0.305664 0.675781 0.308594 0.675781 0.309570 0.674479 0.313477 0.674479 0.318359 0.670573 0.322266 0.664062 0.323242 0.653646 0.327148 0.643229 0.323242 0.639323 0.323242 0.638021 0.319336 0.631510 0.319336 0.626302 0.316406 0.621094 0.316406 0.611979
0 0.342773 0.645833 0.341797 0.647135 0.340820 0.647135 0.340820 0.648438 0.332031 0.662760 0.332031 0.665365 0.333008 0.666667 0.333008 0.670573 0.333984 0.671875 0.333984 0.678385 0.334961 0.679688 0.334961 0.688802 0.333008 0.692708 0.333008 0.695312 0.337891 0.703125 0.337891 0.704427 0.341797 0.708333 0.342773 0.708333 0.343750 0.709635 0.350586 0.709635 0.351562 0.708333 0.356445 0.707031 0.357422 0.705729 0.360352 0.704427 0.362305 0.701823 0.365234 0.700521 0.368164 0.696615 0.368164 0.694010 0.369141 0.692708 0.369141 0.688802 0.367188 0.684896 0.365234 0.673177 0.364258 0.671875 0.362305 0.665365 0.360352 0.662760 0.359375 0.658854 0.355469 0.653646 0.355469 0.651042 0.352539 0.647135 0.350586 0.647135 0.349609 0.645833
0 0.394531 0.675781 0.390625 0.678385 0.385742 0.684896 0.381836 0.687500 0.375000 0.699219 0.373047 0.704427 0.373047 0.714844 0.372070 0.716146 0.371094 0.726562 0.375977 0.734375 0.381836 0.738281 0.384766 0.742188 0.386719 0.742188 0.392578 0.746094 0.396484 0.746094 0.397461 0.747396 0.405273 0.747396 0.407227 0.744792 0.411133 0.743490 0.419922 0.735677 0.424805 0.725260 0.424805 0.722656 0.427734 0.716146 0.427734 0.712240 0.428711 0.710938 0.430664 0.710938 0.430664 0.709635 0.426758 0.710938 0.420898 0.705729 0.421875 0.703125 0.421875 0.695312 0.427734 0.690104 0.428711 0.684896 0.426758 0.682292 0.425781 0.683594 0.415039 0.683594 0.408203 0.678385 0.403320 0.678385 0.399414 0.675781
0 0.383789 0.553385 0.376953 0.561198 0.375977 0.565104 0.372070 0.570312 0.370117 0.570312 0.366211 0.575521 0.369141 0.579427 0.367188 0.583333 0.367188 0.587240 0.366211 0.588542 0.366211 0.592448 0.367188 0.595052 0.371094 0.600260 0.371094 0.601562 0.374023 0.604167 0.387695 0.611979 0.392578 0.617188 0.394531 0.617188 0.395508 0.618490 0.396484 0.617188 0.400391 0.617188 0.405273 0.613281 0.407227 0.613281 0.409180 0.610677 0.409180 0.606771 0.413086 0.597656 0.414062 0.587240 0.412109 0.584635 0.412109 0.580729 0.410156 0.578125 0.408203 0.578125 0.406250 0.574219 0.398438 0.565104 0.398438 0.563802 0.399414 0.562500 0.405273 0.562500 0.408203 0.565104 0.413086 0.559896 0.411133 0.558594 0.408203 0.558594 0.404297 0.555990 0.400391 0.555990 0.399414 0.554688
0 0.415039 0.610677 0.410156 0.614583 0.408203 0.614583 0.407227 0.615885 0.404297 0.615885 0.402344 0.618490 0.399414 0.619792 0.396484 0.623698 0.393555 0.625000 0.391602 0.627604 0.389648 0.632812 0.391602 0.638021 0.390625 0.640625 0.390625 0.645833 0.389648 0.647135 0.389648 0.653646 0.390625 0.654948 0.390625 0.662760 0.393555 0.667969 0.393555 0.669271 0.395508 0.670573 0.397461 0.670573 0.398438 0.671875 0.400391 0.671875 0.404297 0.675781 0.407227 0.675781 0.408203 0.677083 0.411133 0.677083 0.414062 0.679688 0.416992 0.679688 0.418945 0.677083 0.419922 0.677083 0.424805 0.670573 0.425781 0.667969 0.424805 0.665365 0.423828 0.665365 0.421875 0.662760 0.419922 0.657552 0.419922 0.654948 0.418945 0.653646 0.418945 0.649740 0.417969 0.648438 0.417969 0.641927 0.416992 0.640625 0.416992 0.626302 0.416016 0.625000 0.416016 0.611979
0 0.462891 0.598958 0.460938 0.597656 0.454102 0.597656 0.453125 0.598958 0.442383 0.597656 0.441406 0.598958 0.436523 0.600260 0.433594 0.602865 0.428711 0.602865 0.427734 0.601562 0.425781 0.601562 0.420898 0.605469 0.420898 0.606771 0.417969 0.610677 0.416992 0.610677 0.416992 0.613281 0.417969 0.614583 0.417969 0.619792 0.416992 0.621094 0.417969 0.644531 0.418945 0.645833 0.419922 0.653646 0.423828 0.661458 0.425781 0.662760 0.456055 0.662760 0.457031 0.661458 0.459961 0.661458 0.462891 0.658854 0.462891 0.656250 0.463867 0.654948 0.463867 0.647135 0.464844 0.645833 0.464844 0.639323 0.466797 0.635417 0.467773 0.625000 0.469727 0.621094 0.469727 0.617188 0.467773 0.614583 0.467773 0.605469
0 0.486328 0.608073 0.475586 0.615885 0.475586 0.618490 0.467773 0.638021 0.467773 0.641927 0.465820 0.647135 0.465820 0.662760 0.470703 0.669271 0.470703 0.671875 0.475586 0.675781 0.482422 0.677083 0.489258 0.682292 0.492188 0.682292 0.497070 0.684896 0.500977 0.684896 0.501953 0.686198 0.505859 0.686198 0.511719 0.679688 0.512695 0.673177 0.515625 0.665365 0.519531 0.661458 0.521484 0.661458 0.522461 0.658854 0.522461 0.652344 0.521484 0.651042 0.521484 0.635417 0.520508 0.634115 0.520508 0.631510 0.517578 0.627604 0.515625 0.621094 0.512695 0.617188 0.506836 0.613281 0.500000 0.606771 0.491211 0.606771 0.490234 0.608073
0 0.431641 0.533854 0.424805 0.553385 0.425781 0.579427 0.426758 0.580729 0.426758 0.584635 0.427734 0.587240 0.431641 0.592448 0.444336 0.591146 0.448242 0.588542 0.452148 0.588542 0.453125 0.587240 0.457031 0.587240 0.460938 0.584635 0.464844 0.584635 0.469727 0.579427 0.470703 0.574219 0.472656 0.570312 0.472656 0.563802 0.471680 0.562500 0.471680 0.557292 0.470703 0.555990 0.470703 0.550781 0.469727 0.549479 0.469727 0.539062 0.467773 0.540365 0.464844 0.540365 0.460938 0.537760 0.462891 0.535156 0.464844 0.535156 0.465820 0.536458 0.465820 0.533854 0.463867 0.532552 0.460938 0.532552 0.458008 0.535156 0.454102 0.532552 0.447266 0.532552 0.445312 0.531250 0.444336 0.528646 0.440430 0.528646 0.440430 0.531250 0.442383 0.532552 0.441406 0.533854 0.438477 0.533854 0.436523 0.529948
0 0.434570 0.463542 0.433594 0.468750 0.431641 0.473958 0.429688 0.476562 0.429688 0.479167 0.427734 0.484375 0.427734 0.489583 0.426758 0.490885 0.426758 0.498698 0.428711 0.502604 0.429688 0.507812 0.437500 0.520833 0.445312 0.520833 0.455078 0.514323 0.461914 0.514323 0.462891 0.513021 0.464844 0.513021 0.470703 0.509115 0.475586 0.502604 0.476562 0.497396 0.477539 0.496094 0.476562 0.494792 0.476562 0.485677 0.475586 0.484375 0.475586 0.481771 0.473633 0.479167 0.471680 0.479167 0.467773 0.473958 0.466797 0.470052 0.464844 0.467448 0.462891 0.466146 0.459961 0.466146 0.458984 0.464844 0.456055 0.467448 0.449219 0.467448 0.448242 0.468750 0.446289 0.468750 0.445312 0.470052 0.443359 0.470052 0.439453 0.472656 0.437500 0.470052 0.436523 0.463542 0.435547 0.462240
0 0.482422 0.506510 0.481445 0.507812 0.481445 0.510417 0.478516 0.513021 0.478516 0.518229 0.476562 0.523438 0.473633 0.527344 0.473633 0.529948 0.471680 0.535156 0.471680 0.541667 0.473633 0.545573 0.473633 0.550781 0.474609 0.552083 0.473633 0.559896 0.474609 0.561198 0.475586 0.569010 0.480469 0.574219 0.482422 0.574219 0.483398 0.575521 0.490234 0.575521 0.494141 0.580729 0.501953 0.582031 0.505859 0.578125 0.506836 0.574219 0.509766 0.570312 0.509766 0.569010 0.511719 0.566406 0.514648 0.565104 0.515625 0.561198 0.517578 0.558594 0.517578 0.555990 0.518555 0.554688 0.518555 0.549479 0.517578 0.549479 0.515625 0.546875 0.513672 0.541667 0.507812 0.533854 0.507812 0.532552 0.509766 0.529948 0.509766 0.527344 0.501953 0.516927 0.499023 0.515625 0.496094 0.511719 0.486328 0.511719
0 0.524414 0.557292 0.519531 0.563802 0.514648 0.578125 0.512695 0.580729 0.512695 0.583333 0.510742 0.588542 0.510742 0.593750 0.509766 0.595052 0.509766 0.598958 0.508789 0.600260 0.508789 0.606771 0.509766 0.608073 0.509766 0.610677 0.516602 0.618490 0.518555 0.618490 0.519531 0.619792 0.523438 0.619792 0.524414 0.621094 0.535156 0.621094 0.536133 0.622396 0.539062 0.622396 0.541016 0.621094 0.544922 0.615885 0.546875 0.610677 0.549805 0.606771 0.550781 0.602865 0.552734 0.600260 0.552734 0.597656 0.553711 0.596354 0.554688 0.589844 0.556641 0.585938 0.556641 0.583333 0.554688 0.578125 0.553711 0.578125 0.548828 0.572917 0.545898 0.571615 0.543945 0.569010 0.540039 0.566406 0.537109 0.562500 0.533203 0.561198 0.528320 0.557292
0 0.458008 0.341146 0.456055 0.346354 0.454102 0.348958 0.454102 0.350260 0.447266 0.360677 0.447266 0.363281 0.446289 0.364583 0.446289 0.371094 0.449219 0.378906 0.449219 0.391927 0.450195 0.394531 0.453125 0.398438 0.461914 0.398438 0.462891 0.397135 0.466797 0.397135 0.467773 0.395833 0.469727 0.395833 0.470703 0.394531 0.472656 0.394531 0.473633 0.393229 0.475586 0.393229 0.479492 0.390625 0.483398 0.390625 0.484375 0.389323 0.489258 0.389323 0.492188 0.381510 0.492188 0.364583 0.490234 0.359375 0.486328 0.354167 0.486328 0.352865 0.484375 0.351562 0.482422 0.348958 0.482422 0.347656 0.476562 0.339844 0.474609 0.338542 0.461914 0.338542
0 0.482422 0.294271 0.472656 0.305990 0.472656 0.311198 0.474609 0.315104 0.474609 0.325521 0.476562 0.330729 0.478516 0.333333 0.482422 0.334635 0.484375 0.337240 0.486328 0.337240 0.488281 0.339844 0.491211 0.341146 0.493164 0.343750 0.500000 0.348958 0.505859 0.350260 0.506836 0.351562 0.508789 0.351562 0.515625 0.346354 0.517578 0.346354 0.525391 0.339844 0.526367 0.334635 0.527344 0.333333 0.527344 0.329427 0.529297 0.324219 0.529297 0.320312 0.530273 0.319010 0.530273 0.312500 0.529297 0.311198 0.529297 0.307292 0.527344 0.302083 0.524414 0.298177 0.514648 0.291667 0.509766 0.286458 0.493164 0.287760 0.488281 0.291667 0.486328 0.291667
0 0.559570 0.283854 0.550781 0.296875 0.547852 0.303385 0.536133 0.317708 0.535156 0.322917 0.534180 0.324219 0.534180 0.326823 0.535156 0.328125 0.535156 0.332031 0.538086 0.341146 0.542969 0.345052 0.546875 0.351562 0.549805 0.352865 0.551758 0.355469 0.553711 0.355469 0.555664 0.358073 0.558594 0.358073 0.559570 0.359375 0.562500 0.359375 0.563477 0.360677 0.564453 0.359375 0.567383 0.359375 0.580078 0.341146 0.582031 0.341146 0.583008 0.339844 0.583008 0.334635 0.583984 0.333333 0.583984 0.326823 0.583008 0.325521 0.583984 0.324219 0.583984 0.312500 0.583008 0.311198 0.583008 0.307292 0.576172 0.290365
0 0.560547 0.364583 0.553711 0.373698 0.549805 0.376302 0.541992 0.386719 0.541992 0.389323 0.541016 0.390625 0.541016 0.397135 0.541992 0.398438 0.541992 0.403646 0.542969 0.404948 0.542969 0.407552 0.544922 0.412760 0.547852 0.416667 0.547852 0.417969 0.552734 0.424479 0.556641 0.427083 0.562500 0.428385 0.563477 0.429688 0.567383 0.429688 0.568359 0.430990 0.571289 0.430990 0.572266 0.432292 0.579102 0.433594 0.582031 0.429688 0.585938 0.410156 0.589844 0.399740 0.589844 0.394531 0.590820 0.393229 0.590820 0.382812 0.589844 0.381510 0.589844 0.377604 0.587891 0.372396 0.583984 0.368490 0.582031 0.368490 0.581055 0.367188 0.574219 0.367188 0.573242 0.365885 0.570312 0.365885 0.569336 0.364583
0 0.636719 0.399740 0.633789 0.397135 0.628906 0.397135 0.627930 0.395833 0.620117 0.395833 0.619141 0.397135 0.598633 0.398438 0.597656 0.399740 0.593750 0.401042 0.588867 0.407552 0.585938 0.415365 0.584961 0.423177 0.583984 0.424479 0.583984 0.430990 0.584961 0.432292 0.584961 0.434896 0.587891 0.444010 0.591797 0.450521 0.598633 0.455729 0.601562 0.455729 0.602539 0.457031 0.621094 0.455729 0.622070 0.454427 0.625000 0.454427 0.626953 0.453125 0.629883 0.449219 0.629883 0.446615 0.632812 0.440104 0.632812 0.437500 0.636719 0.428385 0.636719 0.424479 0.637695 0.423177 0.637695 0.416667 0.638672 0.415365 0.638672 0.406250 0.637695 0.404948
0 0.629883 0.326823 0.627930 0.326823 0.624023 0.324219 0.620117 0.324219 0.619141 0.322917 0.614258 0.322917 0.613281 0.324219 0.602539 0.325521 0.598633 0.328125 0.594727 0.333333 0.593750 0.335938 0.593750 0.339844 0.592773 0.341146 0.592773 0.343750 0.591797 0.345052 0.591797 0.347656 0.588867 0.356771 0.589844 0.358073 0.589844 0.363281 0.590820 0.364583 0.592773 0.375000 0.595703 0.380208 0.596680 0.384115 0.600586 0.389323 0.604492 0.391927 0.607422 0.391927 0.608398 0.393229 0.613281 0.393229 0.614258 0.391927 0.621094 0.390625 0.625000 0.386719 0.635742 0.380208 0.637695 0.377604 0.638672 0.375000 0.638672 0.371094 0.639648 0.369792 0.639648 0.361979 0.640625 0.360677 0.640625 0.351562 0.641602 0.350260 0.641602 0.345052 0.637695 0.334635 0.634766 0.330729
0 0.496094 0.365885 0.493164 0.371094 0.493164 0.380208 0.492188 0.381510 0.492188 0.385417 0.490234 0.390625 0.490234 0.397135 0.489258 0.398438 0.489258 0.402344 0.487305 0.407552 0.487305 0.419271 0.489258 0.421875 0.489258 0.423177 0.495117 0.429688 0.503906 0.429688 0.504883 0.428385 0.511719 0.428385 0.512695 0.427083 0.514648 0.428385 0.517578 0.428385 0.524414 0.424479 0.528320 0.414062 0.534180 0.407552 0.535156 0.407552 0.537109 0.403646 0.537109 0.388021 0.534180 0.384115 0.531250 0.375000 0.524414 0.368490 0.518555 0.367188 0.517578 0.365885 0.510742 0.365885 0.509766 0.364583
0 0.532227 0.428385 0.521484 0.428385 0.516602 0.433594 0.506836 0.438802 0.503906 0.442708 0.503906 0.446615 0.502930 0.447917 0.502930 0.453125 0.501953 0.454427 0.501953 0.458333 0.500977 0.459635 0.500977 0.463542 0.500000 0.464844 0.500000 0.471354 0.500977 0.472656 0.500977 0.475260 0.501953 0.477865 0.505859 0.483073 0.506836 0.483073 0.513672 0.490885 0.517578 0.493490 0.519531 0.493490 0.520508 0.494792 0.525391 0.494792 0.531250 0.489583 0.533203 0.489583 0.537109 0.486979 0.541016 0.486979 0.545898 0.481771 0.545898 0.468750 0.544922 0.467448 0.544922 0.462240 0.545898 0.460938 0.545898 0.457031 0.542969 0.450521 0.542969 0.447917 0.539062 0.437500
0 0.565430 0.438802 0.564453 0.440104 0.561523 0.440104 0.559570 0.441406 0.555664 0.447917 0.551758 0.450521 0.548828 0.454427 0.547852 0.459635 0.546875 0.460938 0.546875 0.470052 0.547852 0.471354 0.547852 0.475260 0.549805 0.479167 0.549805 0.481771 0.550781 0.483073 0.550781 0.485677 0.552734 0.490885 0.552734 0.496094 0.553711 0.497396 0.554688 0.502604 0.556641 0.505208 0.558594 0.505208 0.559570 0.506510 0.564453 0.506510 0.568359 0.509115 0.573242 0.509115 0.574219 0.507812 0.576172 0.507812 0.580078 0.502604 0.580078 0.501302 0.583008 0.497396 0.583984 0.497396 0.583984 0.496094 0.589844 0.488281 0.590820 0.488281 0.592773 0.485677 0.593750 0.483073 0.593750 0.476562 0.591797 0.472656 0.590820 0.467448 0.586914 0.462240 0.586914 0.460938 0.583984 0.455729 0.583984 0.453125 0.581055 0.449219 0.579102 0.444010 0.576172 0.440104 0.574219 0.440104 0.573242 0.438802
0 0.626953 0.458333 0.622070 0.458333 0.621094 0.459635 0.619141 0.459635 0.616211 0.463542 0.612305 0.464844 0.606445 0.468750 0.603516 0.472656 0.598633 0.476562 0.594727 0.485677 0.594727 0.488281 0.591797 0.496094 0.591797 0.501302 0.592773 0.503906 0.604492 0.519531 0.611328 0.524740 0.613281 0.524740 0.615234 0.527344 0.625977 0.527344 0.626953 0.526042 0.630859 0.524740 0.636719 0.518229 0.642578 0.505208 0.642578 0.493490 0.643555 0.492188 0.643555 0.488281 0.644531 0.486979 0.643555 0.484375 0.643555 0.480469 0.635742 0.470052 0.634766 0.470052
0 0.676758 0.449219 0.669922 0.449219 0.666016 0.451823 0.656250 0.466146 0.656250 0.467448 0.650391 0.475260 0.650391 0.476562 0.648438 0.479167 0.646484 0.484375 0.646484 0.489583 0.647461 0.492188 0.655273 0.502604 0.661133 0.506510 0.665039 0.513021 0.673828 0.513021 0.674805 0.511719 0.676758 0.511719 0.680664 0.509115 0.685547 0.502604 0.687500 0.501302 0.689453 0.501302 0.694336 0.490885 0.694336 0.463542 0.693359 0.460938 0.689453 0.457031 0.687500 0.457031 0.684570 0.454427 0.681641 0.454427 0.679688 0.453125 0.678711 0.450521
0 0.653320 0.385417 0.642578 0.398438 0.640625 0.403646 0.640625 0.420573 0.641602 0.421875 0.641602 0.425781 0.643555 0.429688 0.644531 0.434896 0.649414 0.440104 0.653320 0.442708 0.660156 0.444010 0.664062 0.446615 0.677734 0.446615 0.678711 0.447917 0.682617 0.447917 0.683594 0.446615 0.685547 0.446615 0.688477 0.441406 0.701172 0.425781 0.703125 0.420573 0.703125 0.411458 0.698242 0.403646 0.699219 0.401042 0.699219 0.389323 0.694336 0.381510 0.688477 0.377604 0.671875 0.376302 0.670898 0.377604 0.667969 0.377604 0.666992 0.378906 0.659180 0.381510 0.655273 0.385417
0 0.661133 0.316406 0.653320 0.324219 0.652344 0.328125 0.649414 0.332031 0.644531 0.345052 0.644531 0.347656 0.643555 0.348958 0.643555 0.363281 0.644531 0.364583 0.645508 0.369792 0.655273 0.376302 0.670898 0.376302 0.671875 0.375000 0.683594 0.375000 0.685547 0.373698 0.689453 0.363281 0.689453 0.360677 0.690430 0.359375 0.690430 0.354167 0.691406 0.352865 0.691406 0.335938 0.690430 0.334635 0.689453 0.329427 0.685547 0.322917 0.679688 0.319010 0.677734 0.319010 0.673828 0.316406
0 0.693359 0.351562 0.692383 0.354167 0.692383 0.361979 0.689453 0.369792 0.689453 0.376302 0.692383 0.376302 0.696289 0.381510 0.700195 0.384115 0.700195 0.389323 0.701172 0.390625 0.700195 0.403646 0.701172 0.406250 0.705078 0.408854 0.724609 0.411458 0.725586 0.412760 0.737305 0.414062 0.738281 0.415365 0.746094 0.415365 0.748047 0.414062 0.752930 0.397135 0.752930 0.381510 0.751953 0.380208 0.752930 0.365885 0.750977 0.361979 0.750000 0.355469 0.746094 0.350260 0.736328 0.345052 0.718750 0.343750 0.717773 0.345052 0.712891 0.345052 0.711914 0.346354 0.706055 0.346354 0.702148 0.348958
0 0.754883 0.372396 0.753906 0.373698 0.753906 0.397135 0.752930 0.398438 0.751953 0.404948 0.750000 0.408854 0.750000 0.415365 0.750977 0.417969 0.754883 0.421875 0.755859 0.421875 0.757812 0.424479 0.759766 0.425781 0.761719 0.425781 0.766602 0.429688 0.768555 0.429688 0.772461 0.432292 0.775391 0.432292 0.776367 0.433594 0.779297 0.433594 0.781250 0.432292 0.783203 0.427083 0.787109 0.420573 0.788086 0.417969 0.788086 0.415365 0.789062 0.414062 0.789062 0.403646 0.788086 0.402344 0.788086 0.398438 0.787109 0.397135 0.787109 0.391927 0.788086 0.390625 0.788086 0.386719 0.787109 0.385417 0.787109 0.382812 0.785156 0.380208 0.783203 0.378906 0.781250 0.378906 0.780273 0.377604 0.778320 0.377604 0.771484 0.372396
0 0.720703 0.433594 0.720703 0.434896 0.723633 0.434896 0.728516 0.438802 0.727539 0.442708 0.722656 0.449219 0.722656 0.451823 0.721680 0.453125 0.721680 0.455729 0.722656 0.457031 0.722656 0.467448 0.721680 0.468750 0.721680 0.477865 0.722656 0.479167 0.722656 0.483073 0.721680 0.485677 0.726562 0.492188 0.733398 0.496094 0.735352 0.498698 0.738281 0.498698 0.739258 0.500000 0.748047 0.500000 0.749023 0.498698 0.754883 0.497396 0.763672 0.489583 0.770508 0.486979 0.772461 0.480469 0.772461 0.473958 0.775391 0.466146 0.775391 0.458333 0.771484 0.447917 0.771484 0.444010 0.769531 0.438802 0.764648 0.432292 0.762695 0.432292 0.757812 0.428385 0.731445 0.428385 0.728516 0.430990 0.724609 0.430990
0 0.771484 0.489583 0.767578 0.489583 0.762695 0.494792 0.759766 0.494792 0.755859 0.497396 0.753906 0.500000 0.751953 0.500000 0.750977 0.501302 0.748047 0.501302 0.747070 0.502604 0.739258 0.502604 0.737305 0.506510 0.737305 0.524740 0.738281 0.526042 0.738281 0.529948 0.740234 0.533854 0.741211 0.544271 0.742188 0.545573 0.742188 0.548177 0.744141 0.553385 0.748047 0.557292 0.750977 0.557292 0.751953 0.558594 0.760742 0.558594 0.761719 0.557292 0.766602 0.555990 0.767578 0.553385 0.772461 0.548177 0.772461 0.546875 0.776367 0.541667 0.780273 0.532552 0.783203 0.528646 0.784180 0.520833 0.780273 0.513021 0.780273 0.510417 0.779297 0.509115 0.778320 0.502604 0.776367 0.500000 0.776367 0.497396
0 0.688477 0.505208 0.685547 0.507812 0.685547 0.509115 0.682617 0.513021 0.682617 0.515625 0.681641 0.516927 0.681641 0.518229 0.683594 0.518229 0.684570 0.519531 0.688477 0.516927 0.689453 0.518229 0.689453 0.523438 0.686523 0.526042 0.686523 0.528646 0.682617 0.537760 0.682617 0.541667 0.683594 0.542969 0.683594 0.550781 0.687500 0.557292 0.697266 0.565104 0.699219 0.565104 0.703125 0.567708 0.710938 0.567708 0.727539 0.557292 0.731445 0.552083 0.734375 0.544271 0.734375 0.533854 0.732422 0.529948 0.732422 0.527344 0.727539 0.520833 0.726562 0.520833 0.720703 0.511719 0.719727 0.511719 0.715820 0.506510 0.711914 0.506510 0.708008 0.501302 0.702148 0.501302 0.696289 0.505208 0.694336 0.505208 0.693359 0.503906 0.691406 0.505208
0 0.650391 0.226562 0.648438 0.229167 0.647461 0.240885 0.645508 0.243490 0.641602 0.253906 0.640625 0.261719 0.635742 0.272135 0.634766 0.278646 0.636719 0.283854 0.642578 0.290365 0.653320 0.296875 0.658203 0.296875 0.662109 0.294271 0.664062 0.296875 0.669922 0.299479 0.670898 0.298177 0.681641 0.298177 0.682617 0.296875 0.687500 0.296875 0.688477 0.298177 0.692383 0.294271 0.693359 0.287760 0.695312 0.285156 0.698242 0.276042 0.702148 0.270833 0.703125 0.266927 0.698242 0.252604 0.697266 0.244792 0.695312 0.239583 0.692383 0.235677 0.691406 0.231771 0.682617 0.222656 0.676758 0.221354 0.675781 0.220052 0.670898 0.220052 0.669922 0.218750 0.658203 0.221354 0.656250 0.223958
0 0.540039 0.510417 0.536133 0.515625 0.534180 0.520833 0.533203 0.527344 0.532227 0.528646 0.532227 0.546875 0.535156 0.552083 0.535156 0.553385 0.542969 0.561198 0.545898 0.561198 0.546875 0.562500 0.552734 0.562500 0.553711 0.563802 0.560547 0.563802 0.561523 0.565104 0.565430 0.565104 0.566406 0.563802 0.568359 0.563802 0.569336 0.561198 0.573242 0.555990 0.574219 0.555990 0.583008 0.542969 0.583984 0.537760 0.584961 0.536458 0.584961 0.527344 0.583984 0.526042 0.583984 0.523438 0.583008 0.522135 0.582031 0.516927 0.579102 0.513021 0.577148 0.513021 0.576172 0.511719 0.566406 0.511719 0.565430 0.510417 0.556641 0.510417 0.555664 0.509115 0.551758 0.509115 0.549805 0.506510 0.546875 0.506510 0.545898 0.507812 0.543945 0.507812
0 0.584961 0.539062 0.584961 0.541667 0.582031 0.549479 0.582031 0.565104 0.583008 0.566406 0.583008 0.570312 0.583984 0.572917 0.587891 0.578125 0.589844 0.578125 0.597656 0.583333 0.602539 0.588542 0.605469 0.588542 0.606445 0.589844 0.617188 0.589844 0.618164 0.591146 0.619141 0.589844 0.623047 0.588542 0.631836 0.575521 0.630859 0.558594 0.628906 0.553385 0.628906 0.549479 0.627930 0.548177 0.626953 0.539062 0.625000 0.536458 0.623047 0.536458 0.622070 0.535156 0.612305 0.536458 0.611328 0.535156 0.608398 0.535156 0.607422 0.533854 0.604492 0.533854 0.603516 0.532552 0.595703 0.532552 0.594727 0.533854 0.592773 0.533854 0.591797 0.535156 0.589844 0.535156
0 0.634766 0.550781 0.633789 0.552083 0.633789 0.555990 0.632812 0.557292 0.632812 0.567708 0.633789 0.569010 0.633789 0.575521 0.634766 0.575521 0.643555 0.588542 0.643555 0.589844 0.649414 0.598958 0.651367 0.604167 0.652344 0.604167 0.654297 0.606771 0.658203 0.606771 0.659180 0.608073 0.661133 0.608073 0.662109 0.606771 0.666016 0.605469 0.666016 0.604167 0.667969 0.601562 0.668945 0.601562 0.676758 0.589844 0.678711 0.584635 0.678711 0.579427 0.679688 0.578125 0.679688 0.566406 0.680664 0.565104 0.677734 0.561198 0.677734 0.555990 0.674805 0.550781 0.672852 0.544271 0.667969 0.542969 0.665039 0.545573 0.657227 0.545573 0.653320 0.542969 0.650391 0.545573 0.646484 0.545573 0.644531 0.546875 0.643555 0.549479 0.640625 0.549479 0.639648 0.550781
0 0.619141 0.595052 0.618164 0.596354 0.618164 0.598958 0.616211 0.604167 0.612305 0.609375 0.612305 0.611979 0.610352 0.615885 0.610352 0.623698 0.609375 0.625000 0.609375 0.627604 0.610352 0.628906 0.610352 0.632812 0.612305 0.636719 0.612305 0.639323 0.613281 0.641927 0.620117 0.649740 0.622070 0.651042 0.625000 0.651042 0.625977 0.652344 0.630859 0.652344 0.631836 0.651042 0.638672 0.651042 0.639648 0.649740 0.642578 0.649740 0.643555 0.648438 0.648438 0.648438 0.651367 0.644531 0.652344 0.640625 0.654297 0.638021 0.654297 0.636719 0.656250 0.634115 0.658203 0.628906 0.658203 0.623698 0.659180 0.622396 0.659180 0.615885 0.655273 0.613281 0.648438 0.613281 0.646484 0.611979 0.642578 0.606771 0.642578 0.605469 0.637695 0.600260 0.633789 0.597656 0.631836 0.597656 0.628906 0.595052 0.624023 0.595052 0.623047 0.593750 0.621094 0.595052
0 0.570312 0.575521 0.568359 0.578125 0.565430 0.579427 0.559570 0.587240 0.556641 0.595052 0.556641 0.598958 0.555664 0.600260 0.555664 0.617188 0.556641 0.618490 0.556641 0.621094 0.558594 0.626302 0.560547 0.628906 0.561523 0.628906 0.564453 0.632812 0.569336 0.635417 0.572266 0.639323 0.576172 0.639323 0.580078 0.643229 0.582031 0.641927 0.587891 0.641927 0.588867 0.640625 0.590820 0.640625 0.597656 0.634115 0.603516 0.630208 0.606445 0.626302 0.605469 0.623698 0.605469 0.615885 0.608398 0.611979 0.608398 0.605469 0.598633 0.593750 0.593750 0.591146 0.591797 0.588542 0.587891 0.585938 0.584961 0.582031 0.581055 0.579427 0.579102 0.579427 0.574219 0.575521
0 0.547852 0.615885 0.547852 0.617188 0.545898 0.619792 0.544922 0.619792 0.539062 0.626302 0.535156 0.628906 0.532227 0.628906 0.528320 0.632812 0.527344 0.632812 0.527344 0.635417 0.526367 0.636719 0.526367 0.640625 0.527344 0.641927 0.527344 0.648438 0.526367 0.649740 0.526367 0.660156 0.534180 0.670573 0.535156 0.674479 0.536133 0.674479 0.538086 0.677083 0.541992 0.679688 0.543945 0.679688 0.544922 0.680990 0.547852 0.680990 0.548828 0.682292 0.552734 0.682292 0.553711 0.680990 0.558594 0.679688 0.564453 0.675781 0.568359 0.670573 0.569336 0.665365 0.573242 0.657552 0.573242 0.654948 0.574219 0.653646 0.574219 0.648438 0.568359 0.641927 0.564453 0.640625 0.560547 0.636719 0.559570 0.636719 0.555664 0.631510 0.554688 0.626302 0.550781 0.621094 0.550781 0.618490 0.548828 0.615885
0 0.603516 0.638021 0.599609 0.638021 0.588867 0.645833 0.586914 0.645833 0.585938 0.647135 0.583984 0.647135 0.583008 0.648438 0.579102 0.649740 0.575195 0.654948 0.574219 0.658854 0.571289 0.662760 0.571289 0.667969 0.569336 0.673177 0.569336 0.678385 0.571289 0.683594 0.577148 0.692708 0.578125 0.696615 0.585938 0.701823 0.587891 0.701823 0.591797 0.704427 0.602539 0.704427 0.603516 0.703125 0.613281 0.701823 0.618164 0.694010 0.618164 0.691406 0.621094 0.684896 0.621094 0.679688 0.617188 0.669271 0.617188 0.657552 0.613281 0.652344 0.613281 0.651042 0.609375 0.645833 0.609375 0.644531
0 0.447266 0.677083 0.443359 0.686198 0.442383 0.696615 0.441406 0.697917 0.441406 0.705729 0.442383 0.707031 0.442383 0.710938 0.443359 0.712240 0.443359 0.721354 0.444336 0.722656 0.444336 0.725260 0.447266 0.729167 0.454102 0.733073 0.458984 0.738281 0.462891 0.739583 0.463867 0.740885 0.465820 0.740885 0.466797 0.742188 0.476562 0.742188 0.479492 0.739583 0.481445 0.739583 0.483398 0.736979 0.485352 0.731771 0.485352 0.718750 0.486328 0.717448 0.486328 0.710938 0.485352 0.709635 0.485352 0.703125 0.484375 0.701823 0.484375 0.692708 0.482422 0.687500 0.479492 0.686198 0.476562 0.682292 0.473633 0.680990 0.469727 0.675781 0.463867 0.671875 0.458008 0.671875 0.455078 0.674479 0.451172 0.674479
0 0.532227 0.677083 0.529297 0.677083 0.528320 0.678385 0.528320 0.679688 0.529297 0.679688 0.531250 0.683594 0.531250 0.687500 0.533203 0.688802 0.532227 0.690104 0.525391 0.688802 0.522461 0.686198 0.519531 0.680990 0.513672 0.680990 0.511719 0.683594 0.509766 0.683594 0.505859 0.688802 0.496094 0.688802 0.494141 0.690104 0.492188 0.694010 0.492188 0.708333 0.491211 0.709635 0.491211 0.717448 0.492188 0.718750 0.492188 0.722656 0.493164 0.725260 0.500977 0.735677 0.505859 0.738281 0.511719 0.738281 0.512695 0.736979 0.517578 0.736979 0.518555 0.735677 0.526367 0.734375 0.532227 0.730469 0.533203 0.725260 0.539062 0.709635 0.539062 0.697917 0.540039 0.696615 0.540039 0.694010 0.538086 0.690104 0.537109 0.683594
0 0.542969 0.709635 0.540039 0.714844 0.540039 0.717448 0.539062 0.718750 0.539062 0.727865 0.537109 0.731771 0.537109 0.736979 0.539062 0.740885 0.539062 0.756510 0.540039 0.759115 0.542969 0.760417 0.548828 0.766927 0.552734 0.769531 0.554688 0.769531 0.555664 0.770833 0.558594 0.770833 0.559570 0.772135 0.563477 0.772135 0.564453 0.770833 0.567383 0.770833 0.569336 0.769531 0.574219 0.763021 0.574219 0.760417 0.578125 0.750000 0.581055 0.746094 0.583008 0.740885 0.583008 0.738281 0.583984 0.736979 0.583984 0.725260 0.578125 0.718750 0.576172 0.717448 0.573242 0.717448 0.565430 0.712240 0.556641 0.712240 0.555664 0.710938 0.551758 0.710938 0.548828 0.708333
0 0.587891 0.713542 0.585938 0.716146 0.586914 0.717448 0.586914 0.722656 0.584961 0.726562 0.584961 0.736979 0.583984 0.738281 0.583984 0.750000 0.584961 0.751302 0.584961 0.757812 0.586914 0.759115 0.589844 0.763021 0.593750 0.765625 0.597656 0.770833 0.599609 0.770833 0.600586 0.772135 0.604492 0.772135 0.605469 0.773438 0.610352 0.773438 0.611328 0.772135 0.613281 0.772135 0.614258 0.770833 0.617188 0.770833 0.619141 0.769531 0.620117 0.766927 0.619141 0.764323 0.619141 0.761719 0.618164 0.760417 0.617188 0.761719 0.615234 0.761719 0.612305 0.759115 0.610352 0.759115 0.608398 0.756510 0.608398 0.755208 0.606445 0.752604 0.605469 0.746094 0.602539 0.738281 0.602539 0.725260 0.605469 0.721354 0.605469 0.713542 0.603516 0.710938 0.597656 0.710938 0.596680 0.712240
0 0.662109 0.699219 0.660156 0.697917 0.655273 0.697917 0.651367 0.700521 0.648438 0.700521 0.647461 0.701823 0.641602 0.701823 0.640625 0.703125 0.632812 0.704427 0.631836 0.705729 0.625000 0.705729 0.622070 0.703125 0.619141 0.703125 0.617188 0.708333 0.617188 0.713542 0.616211 0.714844 0.616211 0.717448 0.617188 0.718750 0.617188 0.722656 0.616211 0.725260 0.617188 0.726562 0.617188 0.730469 0.619141 0.734375 0.619141 0.736979 0.620117 0.738281 0.620117 0.740885 0.621094 0.742188 0.622070 0.747396 0.627930 0.753906 0.639648 0.753906 0.640625 0.755208 0.642578 0.755208 0.643555 0.753906 0.649414 0.753906 0.655273 0.750000 0.657227 0.750000 0.661133 0.743490 0.662109 0.739583 0.666992 0.730469 0.666992 0.716146 0.664062 0.709635 0.664062 0.703125
0 0.470703 0.752604 0.466797 0.760417 0.466797 0.763021 0.465820 0.764323 0.465820 0.770833 0.464844 0.772135 0.463867 0.779948 0.460938 0.783854 0.458984 0.789062 0.458984 0.792969 0.460938 0.799479 0.458008 0.803385 0.462891 0.804688 0.469727 0.809896 0.472656 0.809896 0.473633 0.811198 0.482422 0.811198 0.483398 0.809896 0.500977 0.811198 0.504883 0.807292 0.504883 0.800781 0.505859 0.799479 0.505859 0.792969 0.506836 0.791667 0.506836 0.789062 0.509766 0.783854 0.509766 0.781250 0.510742 0.779948 0.510742 0.774740 0.508789 0.774740 0.507812 0.773438 0.507812 0.769531 0.504883 0.760417 0.501953 0.763021 0.501953 0.766927 0.498047 0.769531 0.491211 0.763021 0.487305 0.761719 0.482422 0.757812 0.480469 0.759115 0.477539 0.759115 0.474609 0.761719 0.472656 0.759115 0.472656 0.755208 0.474609 0.751302
0 0.517578 0.773438 0.517578 0.790365 0.518555 0.791667 0.518555 0.794271 0.521484 0.799479 0.521484 0.800781 0.524414 0.805990 0.524414 0.807292 0.525391 0.807292 0.529297 0.811198 0.531250 0.811198 0.532227 0.812500 0.533203 0.812500 0.534180 0.811198 0.539062 0.809896 0.543945 0.805990 0.545898 0.805990 0.546875 0.804688 0.547852 0.804688 0.549805 0.802083 0.551758 0.802083 0.554688 0.799479 0.556641 0.799479 0.557617 0.798177 0.558594 0.798177 0.561523 0.794271 0.561523 0.789062 0.562500 0.787760 0.562500 0.778646 0.560547 0.776042 0.550781 0.773438 0.541992 0.766927 0.540039 0.766927 0.539062 0.765625 0.530273 0.765625 0.529297 0.766927 0.527344 0.766927 0.524414 0.769531 0.519531 0.769531
0 0.606445 0.782552 0.606445 0.785156 0.603516 0.789062 0.598633 0.789062 0.596680 0.786458 0.595703 0.782552 0.593750 0.782552 0.590820 0.786458 0.586914 0.786458 0.583984 0.783854 0.580078 0.783854 0.579102 0.785156 0.577148 0.785156 0.576172 0.786458 0.572266 0.787760 0.569336 0.791667 0.565430 0.792969 0.562500 0.798177 0.562500 0.802083 0.563477 0.803385 0.563477 0.811198 0.565430 0.815104 0.565430 0.817708 0.566406 0.819010 0.568359 0.829427 0.571289 0.837240 0.578125 0.845052 0.580078 0.846354 0.588867 0.846354 0.588867 0.845052 0.591797 0.841146 0.604492 0.830729 0.606445 0.825521 0.606445 0.821615 0.607422 0.820312 0.607422 0.815104 0.608398 0.813802 0.608398 0.804688 0.609375 0.803385 0.609375 0.798177 0.608398 0.796875 0.608398 0.792969 0.606445 0.787760
0 0.666016 0.783854 0.665039 0.782552 0.663086 0.782552 0.662109 0.781250 0.660156 0.781250 0.658203 0.779948 0.653320 0.773438 0.650391 0.765625 0.649414 0.765625 0.645508 0.761719 0.641602 0.761719 0.638672 0.764323 0.629883 0.764323 0.628906 0.765625 0.625000 0.765625 0.621094 0.768229 0.620117 0.777344 0.618164 0.782552 0.617188 0.799479 0.618164 0.800781 0.618164 0.803385 0.619141 0.805990 0.623047 0.811198 0.628906 0.815104 0.644531 0.815104 0.645508 0.813802 0.649414 0.813802 0.650391 0.812500 0.653320 0.812500 0.654297 0.811198 0.658203 0.811198 0.661133 0.805990 0.661133 0.803385 0.666016 0.792969
0 0.668945 0.729167 0.663086 0.739583 0.659180 0.751302 0.652344 0.756510 0.652344 0.757812 0.655273 0.763021 0.655273 0.765625 0.656250 0.766927 0.656250 0.769531 0.660156 0.777344 0.666016 0.781250 0.667969 0.781250 0.668945 0.782552 0.671875 0.782552 0.672852 0.783854 0.679688 0.783854 0.680664 0.782552 0.683594 0.782552 0.684570 0.781250 0.686523 0.781250 0.690430 0.778646 0.698242 0.769531 0.702148 0.759115 0.702148 0.751302 0.701172 0.750000 0.701172 0.747396 0.700195 0.746094 0.700195 0.742188 0.697266 0.734375 0.697266 0.731771 0.692383 0.730469 0.691406 0.731771 0.688477 0.731771 0.687500 0.733073 0.680664 0.733073 0.679688 0.731771 0.676758 0.731771 0.674805 0.729167
0 0.700195 0.664062 0.685547 0.667969 0.680664 0.673177 0.674805 0.677083 0.672852 0.677083 0.669922 0.680990 0.666016 0.683594 0.665039 0.686198 0.665039 0.691406 0.667969 0.701823 0.668945 0.703125 0.675781 0.704427 0.676758 0.705729 0.677734 0.712240 0.681641 0.716146 0.680664 0.718750 0.679688 0.717448 0.676758 0.717448 0.674805 0.713542 0.672852 0.713542 0.669922 0.707031 0.668945 0.707031 0.668945 0.713542 0.671875 0.718750 0.674805 0.720052 0.676758 0.722656 0.678711 0.722656 0.681641 0.726562 0.685547 0.729167 0.693359 0.729167 0.704102 0.723958 0.707031 0.721354 0.714844 0.709635 0.717773 0.700521 0.717773 0.694010 0.716797 0.692708 0.715820 0.684896 0.711914 0.682292 0.709961 0.679688 0.708984 0.673177
0 0.692383 0.778646 0.692383 0.779948 0.690430 0.782552 0.690430 0.792969 0.691406 0.794271 0.691406 0.800781 0.692383 0.802083 0.692383 0.804688 0.695312 0.811198 0.695312 0.813802 0.707031 0.825521 0.718750 0.833333 0.728516 0.834635 0.729492 0.835938 0.734375 0.835938 0.743164 0.822917 0.744141 0.820312 0.744141 0.813802 0.742188 0.809896 0.742188 0.805990 0.741211 0.804688 0.741211 0.802083 0.740234 0.800781 0.740234 0.798177 0.739258 0.796875 0.738281 0.791667 0.733398 0.786458 0.727539 0.782552 0.721680 0.774740 0.720703 0.772135 0.714844 0.772135 0.713867 0.773438 0.700195 0.772135 0.695312 0.777344
0 0.734375 0.716146 0.731445 0.718750 0.731445 0.722656 0.733398 0.726562 0.731445 0.730469 0.728516 0.731771 0.729492 0.734375 0.729492 0.738281 0.733398 0.742188 0.733398 0.748698 0.732422 0.751302 0.729492 0.753906 0.727539 0.759115 0.727539 0.768229 0.726562 0.769531 0.727539 0.778646 0.739258 0.786458 0.743164 0.786458 0.744141 0.787760 0.753906 0.787760 0.754883 0.786458 0.756836 0.786458 0.759766 0.781250 0.760742 0.777344 0.768555 0.768229 0.769531 0.764323 0.772461 0.760417 0.774414 0.755208 0.774414 0.744792 0.775391 0.743490 0.774414 0.740885 0.774414 0.736979 0.766602 0.721354 0.762695 0.720052 0.759766 0.717448 0.757812 0.717448 0.756836 0.716146 0.752930 0.716146 0.751953 0.717448 0.750000 0.716146 0.741211 0.716146 0.740234 0.717448 0.738281 0.716146
0 0.726562 0.665365 0.720703 0.678385 0.720703 0.699219 0.721680 0.700521 0.721680 0.707031 0.722656 0.708333 0.722656 0.710938 0.725586 0.714844 0.734375 0.714844 0.735352 0.713542 0.742188 0.713542 0.743164 0.712240 0.760742 0.712240 0.764648 0.709635 0.766602 0.704427 0.766602 0.701823 0.767578 0.700521 0.767578 0.686198 0.766602 0.684896 0.766602 0.678385 0.763672 0.673177 0.763672 0.670573 0.762695 0.669271 0.761719 0.669271 0.760742 0.673177 0.758789 0.674479 0.757812 0.671875 0.750977 0.669271 0.747070 0.664062 0.745117 0.665365 0.742188 0.665365 0.741211 0.662760 0.744141 0.658854 0.740234 0.658854 0.739258 0.657552 0.733398 0.658854
0 0.789062 0.647135 0.791992 0.653646 0.787109 0.658854 0.787109 0.664062 0.785156 0.666667 0.780273 0.678385 0.780273 0.686198 0.779297 0.687500 0.780273 0.699219 0.779297 0.700521 0.777344 0.699219 0.777344 0.690104 0.774414 0.690104 0.773438 0.692708 0.774414 0.700521 0.776367 0.704427 0.776367 0.709635 0.777344 0.710938 0.779297 0.710938 0.783203 0.716146 0.789062 0.717448 0.790039 0.718750 0.793945 0.718750 0.794922 0.720052 0.800781 0.720052 0.801758 0.718750 0.804688 0.721354 0.808594 0.721354 0.811523 0.718750 0.813477 0.718750 0.818359 0.713542 0.819336 0.709635 0.821289 0.707031 0.823242 0.701823 0.822266 0.695312 0.818359 0.688802 0.817383 0.684896 0.816406 0.684896 0.813477 0.680990 0.813477 0.678385 0.808594 0.671875 0.805664 0.662760 0.802734 0.658854 0.802734 0.657552 0.793945 0.647135
0 0.875977 0.667969 0.875000 0.667969 0.873047 0.665365 0.863281 0.665365 0.860352 0.669271 0.854492 0.673177 0.852539 0.673177 0.849609 0.675781 0.847656 0.675781 0.846680 0.677083 0.844727 0.677083 0.840820 0.679688 0.837891 0.679688 0.836914 0.680990 0.832031 0.682292 0.830078 0.684896 0.830078 0.688802 0.829102 0.690104 0.828125 0.695312 0.833984 0.704427 0.834961 0.709635 0.837891 0.713542 0.840820 0.714844 0.842773 0.717448 0.844727 0.717448 0.845703 0.718750 0.850586 0.718750 0.853516 0.721354 0.856445 0.718750 0.859375 0.723958 0.861328 0.723958 0.872070 0.716146 0.875000 0.716146 0.878906 0.710938 0.879883 0.710938 0.880859 0.709635 0.881836 0.700521 0.885742 0.695312 0.880859 0.687500 0.879883 0.678385
0 0.685547 0.575521 0.678711 0.588542 0.678711 0.597656 0.679688 0.600260 0.675781 0.605469 0.676758 0.611979 0.678711 0.614583 0.678711 0.615885 0.687500 0.626302 0.692383 0.628906 0.696289 0.634115 0.700195 0.636719 0.705078 0.636719 0.706055 0.635417 0.708984 0.635417 0.711914 0.632812 0.719727 0.630208 0.726562 0.619792 0.730469 0.609375 0.732422 0.606771 0.732422 0.601562 0.724609 0.591146 0.722656 0.589844 0.720703 0.582031 0.712891 0.574219 0.690430 0.574219 0.689453 0.575521
0 0.734375 0.567708 0.727539 0.580729 0.727539 0.584635 0.726562 0.585938 0.726562 0.589844 0.727539 0.592448 0.733398 0.601562 0.733398 0.608073 0.749023 0.618490 0.754883 0.619792 0.760742 0.625000 0.767578 0.625000 0.769531 0.622396 0.770508 0.622396 0.777344 0.611979 0.777344 0.609375 0.779297 0.605469 0.779297 0.602865 0.781250 0.597656 0.781250 0.584635 0.777344 0.575521 0.772461 0.569010 0.772461 0.566406 0.768555 0.562500 0.765625 0.562500 0.761719 0.565104 0.754883 0.565104 0.753906 0.563802 0.745117 0.563802 0.744141 0.565104 0.740234 0.565104 0.739258 0.566406
0 0.782227 0.565104 0.780273 0.567708 0.780273 0.574219 0.784180 0.576823 0.786133 0.580729 0.784180 0.584635 0.784180 0.592448 0.781250 0.600260 0.780273 0.613281 0.783203 0.618490 0.785156 0.625000 0.789062 0.627604 0.792969 0.627604 0.794922 0.628906 0.795898 0.627604 0.809570 0.627604 0.810547 0.626302 0.821289 0.623698 0.826172 0.615885 0.826172 0.610677 0.827148 0.609375 0.828125 0.601562 0.829102 0.600260 0.829102 0.583333 0.830078 0.582031 0.830078 0.574219 0.825195 0.570312 0.820312 0.569010 0.817383 0.566406 0.813477 0.566406 0.812500 0.565104 0.797852 0.565104 0.796875 0.563802 0.786133 0.563802 0.785156 0.565104
0 0.825195 0.555990 0.824219 0.558594 0.826172 0.561198 0.828125 0.561198 0.829102 0.562500 0.829102 0.565104 0.832031 0.572917 0.833984 0.583333 0.835938 0.585938 0.835938 0.588542 0.837891 0.592448 0.838867 0.600260 0.843750 0.608073 0.845703 0.608073 0.851562 0.611979 0.866211 0.611979 0.867188 0.610677 0.873047 0.610677 0.875000 0.608073 0.875000 0.605469 0.877930 0.601562 0.877930 0.595052 0.878906 0.593750 0.878906 0.589844 0.880859 0.584635 0.880859 0.567708 0.879883 0.566406 0.879883 0.559896 0.875977 0.553385 0.870117 0.550781 0.858398 0.540365 0.854492 0.540365 0.853516 0.539062 0.852539 0.540365 0.849609 0.540365 0.848633 0.541667 0.843750 0.542969 0.841797 0.545573 0.837891 0.548177 0.835938 0.548177 0.831055 0.552083 0.829102 0.552083
0 0.879883 0.457031 0.875977 0.454427 0.867188 0.454427 0.866211 0.455729 0.863281 0.455729 0.861328 0.458333 0.852539 0.463542 0.849609 0.467448 0.843750 0.471354 0.841797 0.473958 0.838867 0.473958 0.836914 0.475260 0.836914 0.481771 0.837891 0.483073 0.838867 0.496094 0.842773 0.506510 0.842773 0.509115 0.839844 0.513021 0.839844 0.518229 0.842773 0.522135 0.844727 0.522135 0.851562 0.526042 0.863281 0.526042 0.866211 0.523438 0.871094 0.522135 0.875977 0.518229 0.879883 0.516927 0.892578 0.502604 0.892578 0.497396 0.889648 0.492188 0.888672 0.488281 0.885742 0.485677 0.888672 0.481771 0.888672 0.476562
0 0.919922 0.496094 0.915039 0.492188 0.902344 0.492188 0.901367 0.490885 0.897461 0.492188 0.894531 0.497396 0.894531 0.502604 0.890625 0.507812 0.889648 0.507812 0.881836 0.516927 0.875000 0.522135 0.872070 0.527344 0.868164 0.528646 0.868164 0.537760 0.873047 0.545573 0.873047 0.548177 0.880859 0.553385 0.883789 0.553385 0.884766 0.554688 0.890625 0.554688 0.891602 0.555990 0.893555 0.555990 0.894531 0.554688 0.901367 0.554688 0.909180 0.549479 0.914062 0.542969 0.917969 0.533854 0.923828 0.524740 0.922852 0.510417 0.919922 0.502604
0 0.952148 0.425781 0.942383 0.427083 0.941406 0.428385 0.941406 0.430990 0.937500 0.436198 0.931641 0.440104 0.918945 0.441406 0.917969 0.442708 0.915039 0.442708 0.910156 0.445312 0.908203 0.449219 0.908203 0.451823 0.905273 0.460938 0.905273 0.466146 0.913086 0.475260 0.913086 0.477865 0.915039 0.483073 0.919922 0.484375 0.921875 0.489583 0.922852 0.489583 0.924805 0.493490 0.931641 0.496094 0.933594 0.498698 0.935547 0.498698 0.938477 0.505208 0.940430 0.502604 0.942383 0.502604 0.945312 0.498698 0.950195 0.496094 0.953125 0.492188 0.955078 0.492188 0.963867 0.484375 0.963867 0.454427 0.962891 0.453125 0.962891 0.449219 0.958984 0.441406 0.958984 0.438802 0.955078 0.430990 0.955078 0.428385
0 0.919922 0.371094 0.912109 0.369792 0.910156 0.372396 0.907227 0.372396 0.906250 0.373698 0.886719 0.373698 0.883789 0.376302 0.883789 0.380208 0.884766 0.381510 0.878906 0.390625 0.875000 0.391927 0.875000 0.393229 0.877930 0.394531 0.879883 0.397135 0.875977 0.402344 0.873047 0.414062 0.877930 0.428385 0.880859 0.432292 0.881836 0.436198 0.887695 0.444010 0.891602 0.446615 0.898438 0.446615 0.899414 0.445312 0.909180 0.444010 0.915039 0.440104 0.930664 0.438802 0.936523 0.434896 0.939453 0.428385 0.943359 0.424479 0.942383 0.402344 0.935547 0.391927 0.932617 0.390625 0.928711 0.385417 0.927734 0.381510
0 0.834961 0.419271 0.830078 0.416667 0.825195 0.411458 0.822266 0.411458 0.821289 0.410156 0.817383 0.410156 0.816406 0.411458 0.807617 0.411458 0.806641 0.412760 0.802734 0.412760 0.801758 0.414062 0.798828 0.414062 0.793945 0.416667 0.790039 0.416667 0.790039 0.427083 0.789062 0.428385 0.789062 0.433594 0.786133 0.438802 0.786133 0.447917 0.790039 0.455729 0.791992 0.464844 0.802734 0.475260 0.813477 0.475260 0.814453 0.473958 0.818359 0.473958 0.824219 0.470052 0.828125 0.470052 0.833008 0.466146 0.836914 0.466146 0.840820 0.463542 0.843750 0.454427 0.843750 0.449219 0.842773 0.447917 0.842773 0.437500 0.841797 0.436198 0.841797 0.430990 0.840820 0.428385
0 0.848633 0.332031 0.837891 0.332031 0.836914 0.333333 0.828125 0.333333 0.827148 0.334635 0.820312 0.334635 0.819336 0.335938 0.810547 0.335938 0.809570 0.337240 0.807617 0.337240 0.804688 0.341146 0.801758 0.348958 0.799805 0.351562 0.799805 0.354167 0.797852 0.359375 0.797852 0.364583 0.796875 0.365885 0.796875 0.373698 0.794922 0.376302 0.796875 0.389323 0.803711 0.401042 0.811523 0.402344 0.812500 0.403646 0.831055 0.402344 0.836914 0.397135 0.838867 0.397135 0.846680 0.391927 0.848633 0.391927 0.852539 0.388021 0.855469 0.372396 0.858398 0.367188 0.858398 0.359375 0.859375 0.358073 0.859375 0.355469 0.858398 0.354167 0.858398 0.350260 0.856445 0.347656 0.856445 0.345052
0 0.755859 0.294271 0.757812 0.296875 0.767578 0.296875 0.768555 0.299479 0.766602 0.302083 0.759766 0.322917 0.754883 0.328125 0.751953 0.335938 0.751953 0.345052 0.752930 0.346354 0.752930 0.348958 0.770508 0.360677 0.793945 0.356771 0.795898 0.354167 0.799805 0.343750 0.807617 0.332031 0.808594 0.317708 0.807617 0.316406 0.807617 0.312500 0.805664 0.308594 0.796875 0.298177 0.790039 0.292969 0.783203 0.292969 0.782227 0.291667 0.771484 0.291667 0.770508 0.292969 0.765625 0.292969 0.764648 0.291667 0.762695 0.291667 0.761719 0.292969
