0 0.178711 0.226562 0.161133 0.226562 0.157227 0.229167 0.153320 0.229167 0.152344 0.230469 0.148438 0.230469 0.142578 0.233073 0.139648 0.235677 0.129883 0.250000 0.128906 0.253906 0.128906 0.266927 0.130859 0.273438 0.131836 0.285156 0.134766 0.290365 0.147461 0.300781 0.150391 0.304688 0.156250 0.305990 0.157227 0.307292 0.164062 0.302083 0.173828 0.299479 0.180664 0.295573 0.191406 0.273438 0.193359 0.257812 0.189453 0.246094 0.184570 0.240885 0.182617 0.240885 0.178711 0.236979 0.177734 0.233073 0.177734 0.227865
0 0.082031 0.449219 0.082031 0.453125 0.083984 0.458333 0.083984 0.468750 0.084961 0.470052 0.085938 0.477865 0.087891 0.480469 0.091797 0.492188 0.093750 0.493490 0.098633 0.501302 0.103516 0.503906 0.107422 0.507812 0.111328 0.507812 0.116211 0.510417 0.124023 0.510417 0.130859 0.506510 0.132812 0.503906 0.134766 0.503906 0.135742 0.502604 0.142578 0.502604 0.144531 0.501302 0.136719 0.481771 0.138672 0.475260 0.137695 0.473958 0.135742 0.463542 0.131836 0.459635 0.129883 0.451823 0.128906 0.451823 0.123047 0.444010 0.119141 0.444010 0.115234 0.441406 0.113281 0.434896 0.111328 0.434896 0.110352 0.433594 0.109375 0.434896 0.104492 0.434896 0.100586 0.437500 0.094727 0.444010 0.087891 0.445312
0 0.098633 0.526042 0.085938 0.542969 0.084961 0.542969 0.082031 0.546875 0.081055 0.549479 0.081055 0.553385 0.080078 0.554688 0.080078 0.571615 0.083984 0.580729 0.087891 0.585938 0.088867 0.585938 0.092773 0.591146 0.098633 0.595052 0.100586 0.595052 0.101562 0.596354 0.114258 0.596354 0.115234 0.595052 0.118164 0.595052 0.125977 0.589844 0.132812 0.583333 0.133789 0.580729 0.133789 0.575521 0.134766 0.574219 0.134766 0.562500 0.135742 0.561198 0.134766 0.552083 0.132812 0.546875 0.124023 0.536458 0.116211 0.531250 0.108398 0.528646 0.105469 0.526042
0 0.220703 0.136719 0.211914 0.144531 0.196289 0.164062 0.196289 0.166667 0.194336 0.169271 0.193359 0.173177 0.194336 0.184896 0.201172 0.200521 0.216797 0.216146 0.222656 0.218750 0.232422 0.218750 0.233398 0.220052 0.242188 0.218750 0.244141 0.220052 0.243164 0.209635 0.246094 0.205729 0.247070 0.201823 0.253906 0.188802 0.254883 0.177083 0.256836 0.171875 0.256836 0.162760 0.247070 0.148438 0.243164 0.147135 0.239258 0.143229 0.235352 0.141927 0.227539 0.135417
0 0.208984 0.299479 0.202148 0.299479 0.201172 0.298177 0.199219 0.299479 0.179688 0.299479 0.178711 0.300781 0.167969 0.303385 0.159180 0.312500 0.152344 0.325521 0.152344 0.328125 0.150391 0.330729 0.150391 0.341146 0.152344 0.345052 0.152344 0.351562 0.154297 0.356771 0.165039 0.373698 0.167969 0.375000 0.175781 0.384115 0.182617 0.385417 0.183594 0.384115 0.189453 0.384115 0.196289 0.380208 0.198242 0.377604 0.203125 0.375000 0.215820 0.354167 0.217773 0.348958 0.217773 0.343750 0.211914 0.335938 0.211914 0.325521 0.207031 0.319010 0.206055 0.315104 0.198242 0.304688 0.200195 0.302083 0.202148 0.302083 0.205078 0.299479
0 0.083008 0.640625 0.081055 0.647135 0.080078 0.656250 0.079102 0.657552 0.079102 0.662760 0.082031 0.670573 0.082031 0.674479 0.083008 0.675781 0.083984 0.683594 0.086914 0.688802 0.098633 0.696615 0.100586 0.699219 0.103516 0.700521 0.106445 0.704427 0.114258 0.704427 0.121094 0.700521 0.126953 0.699219 0.132812 0.694010 0.130859 0.688802 0.131836 0.687500 0.131836 0.682292 0.130859 0.680990 0.130859 0.671875 0.131836 0.670573 0.131836 0.666667 0.133789 0.661458 0.133789 0.657552 0.130859 0.653646 0.126953 0.652344 0.121094 0.647135 0.112305 0.635417 0.110352 0.635417 0.107422 0.632812 0.097656 0.632812 0.096680 0.634115 0.091797 0.634115 0.090820 0.635417 0.085938 0.636719
0 0.180664 0.388021 0.177734 0.393229 0.177734 0.398438 0.176758 0.399740 0.176758 0.403646 0.177734 0.404948 0.178711 0.411458 0.179688 0.414062 0.183594 0.419271 0.184570 0.419271 0.194336 0.433594 0.195312 0.437500 0.198242 0.441406 0.204102 0.445312 0.212891 0.446615 0.213867 0.445312 0.218750 0.444010 0.228516 0.432292 0.233398 0.419271 0.233398 0.403646 0.230469 0.395833 0.225586 0.390625 0.219727 0.386719 0.217773 0.386719 0.208984 0.377604 0.204102 0.377604 0.203125 0.378906 0.201172 0.378906 0.189453 0.386719 0.182617 0.386719
0 0.270508 0.235677 0.268555 0.234375 0.265625 0.234375 0.264648 0.233073 0.258789 0.233073 0.255859 0.230469 0.250000 0.229167 0.249023 0.227865 0.237305 0.227865 0.234375 0.231771 0.232422 0.231771 0.230469 0.234375 0.227539 0.235677 0.222656 0.242188 0.222656 0.246094 0.221680 0.247396 0.221680 0.268229 0.223633 0.273438 0.224609 0.281250 0.228516 0.291667 0.231445 0.295573 0.239258 0.302083 0.244141 0.302083 0.245117 0.300781 0.247070 0.300781 0.255859 0.291667 0.259766 0.289062 0.273438 0.273438 0.275391 0.268229 0.275391 0.264323 0.276367 0.263021 0.276367 0.250000 0.275391 0.248698 0.275391 0.242188
0 0.302734 0.151042 0.293945 0.156250 0.286133 0.165365 0.278320 0.170573 0.271484 0.179688 0.270508 0.182292 0.270508 0.191406 0.271484 0.192708 0.272461 0.201823 0.274414 0.207031 0.276367 0.209635 0.277344 0.213542 0.278320 0.213542 0.281250 0.218750 0.285156 0.220052 0.297852 0.229167 0.300781 0.229167 0.306641 0.233073 0.309570 0.230469 0.313477 0.229167 0.321289 0.217448 0.323242 0.212240 0.323242 0.208333 0.324219 0.207031 0.324219 0.197917 0.325195 0.196615 0.325195 0.192708 0.327148 0.188802 0.328125 0.182292 0.326172 0.177083 0.326172 0.171875 0.322266 0.164062 0.321289 0.158854 0.319336 0.158854 0.311523 0.152344
0 0.344727 0.091146 0.341797 0.100260 0.341797 0.104167 0.342773 0.105469 0.342773 0.131510 0.341797 0.132812 0.341797 0.138021 0.344727 0.145833 0.358398 0.165365 0.361328 0.167969 0.384766 0.165365 0.391602 0.161458 0.394531 0.161458 0.397461 0.157552 0.407227 0.152344 0.407227 0.148438 0.411133 0.143229 0.414062 0.132812 0.412109 0.130208 0.409180 0.130208 0.407227 0.127604 0.405273 0.111979 0.400391 0.109375 0.395508 0.100260 0.393555 0.100260 0.388672 0.095052 0.386719 0.095052 0.373047 0.080729 0.355469 0.082031 0.350586 0.084635
0 0.334961 0.182292 0.329102 0.188802 0.326172 0.200521 0.326172 0.217448 0.329102 0.229167 0.331055 0.233073 0.331055 0.235677 0.333984 0.242188 0.339844 0.250000 0.347656 0.257812 0.350586 0.259115 0.353516 0.259115 0.354492 0.257812 0.362305 0.257812 0.363281 0.259115 0.366211 0.259115 0.367188 0.257812 0.371094 0.257812 0.373047 0.255208 0.377930 0.252604 0.381836 0.247396 0.383789 0.242188 0.383789 0.230469 0.382812 0.229167 0.382812 0.203125 0.381836 0.201823 0.381836 0.197917 0.378906 0.186198 0.376953 0.184896 0.374023 0.179688 0.365234 0.174479 0.354492 0.174479 0.353516 0.175781 0.348633 0.175781 0.347656 0.177083 0.340820 0.178385
0 0.416992 0.188802 0.411133 0.188802 0.405273 0.192708 0.400391 0.199219 0.386719 0.233073 0.386719 0.238281 0.385742 0.239583 0.385742 0.253906 0.384766 0.257812 0.388672 0.265625 0.391602 0.266927 0.397461 0.273438 0.402344 0.276042 0.412109 0.276042 0.413086 0.274740 0.419922 0.274740 0.420898 0.273438 0.425781 0.273438 0.426758 0.272135 0.433594 0.270833 0.443359 0.259115 0.448242 0.247396 0.448242 0.227865 0.444336 0.214844 0.435547 0.201823 0.428711 0.196615 0.421875 0.194010
0 0.433594 0.122396 0.427734 0.127604 0.422852 0.130208 0.419922 0.134115 0.418945 0.134115 0.414062 0.141927 0.414062 0.147135 0.413086 0.148438 0.413086 0.169271 0.416992 0.179688 0.417969 0.184896 0.422852 0.192708 0.429688 0.195312 0.435547 0.199219 0.438477 0.203125 0.443359 0.203125 0.444336 0.201823 0.446289 0.201823 0.457031 0.186198 0.457031 0.183594 0.460938 0.175781 0.462891 0.169271 0.468750 0.162760 0.468750 0.157552 0.465820 0.148438 0.463867 0.145833 0.463867 0.143229 0.461914 0.138021 0.458008 0.132812 0.442383 0.123698
0 0.485352 0.119792 0.485352 0.122396 0.483398 0.126302 0.483398 0.128906 0.481445 0.134115 0.475586 0.141927 0.474609 0.149740 0.473633 0.151042 0.473633 0.156250 0.472656 0.157552 0.473633 0.166667 0.475586 0.170573 0.476562 0.177083 0.480469 0.187500 0.483398 0.191406 0.487305 0.191406 0.488281 0.192708 0.492188 0.192708 0.493164 0.194010 0.498047 0.194010 0.499023 0.192708 0.514648 0.192708 0.518555 0.190104 0.523438 0.183594 0.524414 0.178385 0.526367 0.175781 0.529297 0.167969 0.530273 0.160156 0.531250 0.158854 0.529297 0.148438 0.526367 0.144531 0.526367 0.143229 0.522461 0.139323 0.513672 0.135417 0.498047 0.121094 0.495117 0.121094 0.491211 0.118490 0.487305 0.118490
0 0.578125 0.067708 0.569336 0.058594 0.544922 0.059896 0.543945 0.061198 0.537109 0.061198 0.536133 0.062500 0.532227 0.062500 0.531250 0.063802 0.525391 0.065104 0.521484 0.070312 0.521484 0.085938 0.520508 0.087240 0.520508 0.093750 0.519531 0.095052 0.519531 0.102865 0.520508 0.104167 0.521484 0.118490 0.523438 0.125000 0.525391 0.127604 0.528320 0.125000 0.532227 0.125000 0.536133 0.128906 0.543945 0.128906 0.544922 0.130208 0.545898 0.128906 0.549805 0.128906 0.550781 0.130208 0.572266 0.130208 0.575195 0.128906 0.578125 0.125000 0.578125 0.121094 0.583008 0.106771 0.583008 0.100260 0.583984 0.098958 0.583984 0.089844 0.579102 0.076823
0 0.642578 0.074219 0.638672 0.076823 0.630859 0.085938 0.626953 0.093750 0.623047 0.105469 0.619141 0.109375 0.619141 0.111979 0.617188 0.117188 0.618164 0.128906 0.624023 0.138021 0.625977 0.143229 0.628906 0.147135 0.634766 0.151042 0.647461 0.153646 0.648438 0.154948 0.659180 0.154948 0.660156 0.153646 0.662109 0.153646 0.667969 0.147135 0.670898 0.145833 0.678711 0.134115 0.680664 0.128906 0.680664 0.102865 0.676758 0.097656 0.669922 0.092448 0.662109 0.082031 0.648438 0.074219
0 0.499023 0.201823 0.494141 0.197917 0.491211 0.197917 0.490234 0.196615 0.488281 0.197917 0.477539 0.197917 0.476562 0.199219 0.472656 0.199219 0.467773 0.203125 0.462891 0.204427 0.460938 0.207031 0.457031 0.208333 0.455078 0.210938 0.454102 0.216146 0.452148 0.220052 0.451172 0.231771 0.452148 0.233073 0.452148 0.240885 0.453125 0.242188 0.453125 0.252604 0.456055 0.260417 0.458984 0.264323 0.462891 0.266927 0.466797 0.266927 0.467773 0.268229 0.484375 0.268229 0.495117 0.260417 0.500977 0.253906 0.502930 0.248698 0.502930 0.246094 0.505859 0.239583 0.506836 0.229167 0.507812 0.227865 0.507812 0.218750 0.504883 0.210938
0 0.460938 0.281250 0.458984 0.279948 0.455078 0.279948 0.454102 0.278646 0.452148 0.279948 0.441406 0.279948 0.440430 0.281250 0.437500 0.281250 0.436523 0.282552 0.431641 0.282552 0.427734 0.287760 0.425781 0.292969 0.425781 0.296875 0.424805 0.298177 0.424805 0.304688 0.423828 0.305990 0.423828 0.311198 0.422852 0.312500 0.422852 0.322917 0.425781 0.330729 0.427734 0.333333 0.428711 0.337240 0.432617 0.343750 0.436523 0.345052 0.437500 0.346354 0.440430 0.346354 0.441406 0.347656 0.451172 0.347656 0.457031 0.339844 0.458984 0.338542 0.458984 0.337240 0.471680 0.319010 0.473633 0.313802 0.473633 0.304688 0.471680 0.300781 0.471680 0.298177 0.469727 0.292969 0.466797 0.289062 0.466797 0.287760 0.465820 0.287760
0 0.300781 0.303385 0.298828 0.303385 0.291016 0.298177 0.280273 0.298177 0.279297 0.299479 0.268555 0.303385 0.262695 0.307292 0.258789 0.312500 0.256836 0.319010 0.256836 0.322917 0.255859 0.324219 0.255859 0.341146 0.256836 0.342448 0.256836 0.348958 0.257812 0.350260 0.257812 0.354167 0.258789 0.355469 0.259766 0.361979 0.263672 0.368490 0.265625 0.368490 0.270508 0.372396 0.276367 0.372396 0.277344 0.371094 0.282227 0.369792 0.284180 0.367188 0.295898 0.359375 0.297852 0.359375 0.301758 0.356771 0.308594 0.348958 0.312500 0.335938 0.312500 0.332031 0.313477 0.330729 0.313477 0.326823 0.314453 0.324219 0.311523 0.315104 0.309570 0.312500 0.306641 0.311198
0 0.315430 0.234375 0.308594 0.238281 0.304688 0.243490 0.299805 0.257812 0.297852 0.260417 0.293945 0.270833 0.292969 0.281250 0.296875 0.291667 0.298828 0.292969 0.301758 0.296875 0.301758 0.298177 0.305664 0.302083 0.313477 0.307292 0.316406 0.307292 0.317383 0.308594 0.319336 0.308594 0.320312 0.307292 0.330078 0.307292 0.341797 0.291667 0.342773 0.289062 0.342773 0.286458 0.345703 0.277344 0.345703 0.263021 0.344727 0.261719 0.343750 0.256510 0.341797 0.253906 0.338867 0.252604 0.330078 0.240885 0.324219 0.239583 0.322266 0.236979 0.318359 0.234375
0 0.378906 0.272135 0.368164 0.274740 0.363281 0.278646 0.357422 0.279948 0.352539 0.286458 0.351562 0.290365 0.347656 0.295573 0.346680 0.300781 0.345703 0.302083 0.345703 0.309896 0.346680 0.311198 0.347656 0.326823 0.351562 0.337240 0.356445 0.342448 0.359375 0.342448 0.360352 0.343750 0.362305 0.343750 0.369141 0.347656 0.375977 0.347656 0.390625 0.337240 0.394531 0.332031 0.394531 0.325521 0.393555 0.324219 0.391602 0.309896 0.388672 0.300781 0.388672 0.296875 0.386719 0.291667 0.385742 0.281250 0.383789 0.276042 0.381836 0.273438 0.379883 0.273438
0 0.094727 0.722656 0.091797 0.725260 0.081055 0.740885 0.079102 0.742188 0.079102 0.746094 0.080078 0.747396 0.080078 0.756510 0.081055 0.757812 0.082031 0.764323 0.086914 0.770833 0.087891 0.770833 0.093750 0.777344 0.109375 0.786458 0.120117 0.786458 0.121094 0.785156 0.125977 0.783854 0.131836 0.778646 0.136719 0.770833 0.136719 0.766927 0.137695 0.765625 0.139648 0.755208 0.138672 0.753906 0.138672 0.750000 0.137695 0.747396 0.134766 0.743490 0.131836 0.735677 0.131836 0.731771 0.130859 0.729167 0.125977 0.723958 0.114258 0.721354 0.112305 0.718750 0.109375 0.718750 0.104492 0.721354 0.098633 0.721354 0.097656 0.722656
0 0.166016 0.773438 0.149414 0.772135 0.138672 0.778646 0.136719 0.787760 0.128906 0.794271 0.121094 0.813802 0.121094 0.816406 0.119141 0.819010 0.115234 0.845052 0.115234 0.850260 0.122070 0.860677 0.135742 0.864583 0.142578 0.864583 0.145508 0.861979 0.153320 0.859375 0.161133 0.860677 0.165039 0.858073 0.170898 0.848958 0.172852 0.842448 0.172852 0.832031 0.176758 0.820312 0.178711 0.798177 0.176758 0.791667 0.172852 0.791667 0.170898 0.789062 0.170898 0.782552 0.168945 0.778646 0.166992 0.781250 0.163086 0.782552 0.162109 0.786458 0.160156 0.785156 0.159180 0.781250 0.153320 0.778646 0.163086 0.773438
0 0.135742 0.726562 0.135742 0.738281 0.140625 0.750000 0.151367 0.764323 0.158203 0.768229 0.179688 0.768229 0.180664 0.766927 0.183594 0.766927 0.184570 0.765625 0.189453 0.764323 0.201172 0.752604 0.208984 0.742188 0.208984 0.734375 0.208008 0.733073 0.208008 0.730469 0.206055 0.727865 0.204102 0.727865 0.203125 0.726562 0.197266 0.726562 0.196289 0.725260 0.191406 0.723958 0.186523 0.718750 0.183594 0.713542 0.175781 0.709635 0.172852 0.704427 0.169922 0.704427 0.166016 0.700521 0.164062 0.700521 0.159180 0.704427 0.157227 0.704427 0.155273 0.707031 0.142578 0.710938 0.138672 0.716146
0 0.141602 0.582031 0.131836 0.589844 0.126953 0.591146 0.121094 0.595052 0.114258 0.602865 0.114258 0.605469 0.113281 0.606771 0.113281 0.622396 0.115234 0.627604 0.116211 0.635417 0.121094 0.644531 0.125977 0.648438 0.127930 0.648438 0.132812 0.653646 0.138672 0.657552 0.148438 0.657552 0.156250 0.653646 0.172852 0.636719 0.171875 0.634115 0.172852 0.622396 0.177734 0.619792 0.178711 0.617188 0.177734 0.615885 0.173828 0.615885 0.168945 0.608073 0.165039 0.605469 0.163086 0.605469 0.158203 0.598958 0.158203 0.595052 0.153320 0.583333
0 0.213867 0.540365 0.200195 0.541667 0.199219 0.539062 0.196289 0.537760 0.193359 0.533854 0.191406 0.535156 0.185547 0.535156 0.177734 0.540365 0.165039 0.559896 0.165039 0.563802 0.163086 0.569010 0.157227 0.578125 0.156250 0.588542 0.160156 0.595052 0.160156 0.598958 0.163086 0.602865 0.169922 0.605469 0.174805 0.611979 0.180664 0.611979 0.183594 0.609375 0.204102 0.606771 0.208984 0.604167 0.213867 0.598958 0.223633 0.596354 0.232422 0.585938 0.232422 0.578125 0.231445 0.576823 0.230469 0.567708 0.226562 0.558594
0 0.186523 0.664062 0.181641 0.670573 0.177734 0.684896 0.179688 0.688802 0.180664 0.696615 0.183594 0.703125 0.183594 0.705729 0.185547 0.709635 0.186523 0.714844 0.192383 0.721354 0.198242 0.722656 0.199219 0.723958 0.213867 0.723958 0.225586 0.716146 0.226562 0.713542 0.231445 0.708333 0.234375 0.701823 0.234375 0.696615 0.235352 0.695312 0.235352 0.691406 0.236328 0.688802 0.233398 0.683594 0.233398 0.679688 0.231445 0.673177 0.232422 0.669271 0.230469 0.666667 0.227539 0.665365 0.220703 0.657552 0.204102 0.657552 0.201172 0.660156 0.192383 0.660156
0 0.192383 0.799479 0.188477 0.804688 0.188477 0.807292 0.185547 0.811198 0.184570 0.815104 0.180664 0.819010 0.179688 0.824219 0.176758 0.829427 0.176758 0.845052 0.172852 0.850260 0.172852 0.855469 0.176758 0.871094 0.181641 0.877604 0.181641 0.881510 0.185547 0.882812 0.194336 0.895833 0.196289 0.897135 0.204102 0.897135 0.215820 0.891927 0.224609 0.882812 0.228516 0.876302 0.228516 0.873698 0.230469 0.871094 0.230469 0.867188 0.235352 0.854167 0.236328 0.843750 0.237305 0.842448 0.237305 0.834635 0.235352 0.829427 0.230469 0.824219 0.231445 0.822917 0.230469 0.809896 0.228516 0.807292 0.226562 0.807292 0.222656 0.803385 0.216797 0.803385 0.209961 0.800781 0.196289 0.802083
0 0.257812 0.691406 0.248047 0.703125 0.246094 0.708333 0.246094 0.710938 0.245117 0.712240 0.245117 0.717448 0.247070 0.721354 0.247070 0.723958 0.248047 0.725260 0.249023 0.731771 0.255859 0.742188 0.256836 0.742188 0.258789 0.744792 0.260742 0.744792 0.264648 0.747396 0.267578 0.747396 0.268555 0.748698 0.273438 0.748698 0.285156 0.733073 0.286133 0.733073 0.289062 0.729167 0.291016 0.717448 0.292969 0.714844 0.292969 0.712240 0.295898 0.704427 0.294922 0.701823 0.290039 0.695312 0.288086 0.694010 0.286133 0.694010 0.285156 0.692708 0.283203 0.692708 0.282227 0.691406 0.275391 0.691406 0.274414 0.690104 0.273438 0.691406 0.267578 0.691406 0.266602 0.690104 0.261719 0.690104 0.260742 0.691406
0 0.275391 0.752604 0.274414 0.756510 0.272461 0.759115 0.270508 0.764323 0.270508 0.768229 0.269531 0.769531 0.269531 0.790365 0.270508 0.791667 0.270508 0.795573 0.275391 0.807292 0.283203 0.812500 0.286133 0.816406 0.290039 0.819010 0.291992 0.817708 0.293945 0.817708 0.295898 0.816406 0.313477 0.791667 0.314453 0.789062 0.314453 0.777344 0.313477 0.776042 0.313477 0.772135 0.311523 0.768229 0.307617 0.765625 0.305664 0.765625 0.304688 0.764323 0.301758 0.764323 0.296875 0.759115 0.294922 0.757812 0.292969 0.757812 0.288086 0.753906 0.276367 0.753906
0 0.244141 0.838542 0.244141 0.839844 0.242188 0.842448 0.240234 0.847656 0.240234 0.850260 0.239258 0.851562 0.239258 0.858073 0.240234 0.860677 0.244141 0.865885 0.244141 0.867188 0.254883 0.881510 0.254883 0.882812 0.255859 0.882812 0.260742 0.889323 0.262695 0.889323 0.263672 0.890625 0.271484 0.890625 0.274414 0.888021 0.276367 0.888021 0.278320 0.886719 0.284180 0.880208 0.285156 0.877604 0.285156 0.871094 0.286133 0.869792 0.286133 0.851562 0.284180 0.848958 0.284180 0.847656 0.277344 0.838542 0.271484 0.834635 0.269531 0.834635 0.268555 0.833333 0.265625 0.833333 0.263672 0.830729 0.259766 0.830729 0.256836 0.833333 0.250977 0.833333 0.247070 0.837240
0 0.298828 0.841146 0.297852 0.846354 0.294922 0.850260 0.294922 0.852865 0.293945 0.854167 0.293945 0.859375 0.291992 0.864583 0.289062 0.867188 0.287109 0.872396 0.287109 0.876302 0.289062 0.881510 0.292969 0.885417 0.296875 0.885417 0.297852 0.886719 0.300781 0.886719 0.301758 0.888021 0.310547 0.889323 0.311523 0.890625 0.317383 0.891927 0.318359 0.893229 0.330078 0.893229 0.331055 0.891927 0.334961 0.890625 0.335938 0.889323 0.335938 0.885417 0.336914 0.884115 0.336914 0.881510 0.338867 0.876302 0.338867 0.865885 0.339844 0.864583 0.339844 0.859375 0.340820 0.858073 0.340820 0.850260 0.333984 0.843750 0.332031 0.843750 0.327148 0.839844 0.323242 0.839844 0.322266 0.838542 0.311523 0.838542 0.305664 0.842448 0.299805 0.842448
0 0.178711 0.450521 0.175781 0.458333 0.175781 0.463542 0.174805 0.464844 0.174805 0.476562 0.178711 0.480469 0.183594 0.483073 0.188477 0.489583 0.192383 0.492188 0.202148 0.492188 0.203125 0.490885 0.206055 0.490885 0.207031 0.489583 0.208984 0.489583 0.212891 0.486979 0.220703 0.476562 0.221680 0.473958 0.221680 0.470052 0.222656 0.468750 0.222656 0.455729 0.219727 0.447917 0.217773 0.446615 0.203125 0.446615 0.202148 0.445312 0.200195 0.445312 0.199219 0.444010 0.197266 0.444010 0.193359 0.441406 0.189453 0.441406 0.188477 0.442708 0.186523 0.442708 0.182617 0.445312
0 0.229492 0.445312 0.224609 0.453125 0.224609 0.458333 0.223633 0.459635 0.223633 0.462240 0.224609 0.463542 0.224609 0.471354 0.229492 0.480469 0.230469 0.484375 0.237305 0.493490 0.238281 0.493490 0.240234 0.496094 0.246094 0.497396 0.250977 0.501302 0.260742 0.501302 0.261719 0.500000 0.265625 0.500000 0.270508 0.494792 0.273438 0.486979 0.273438 0.484375 0.275391 0.480469 0.275391 0.477865 0.277344 0.472656 0.277344 0.468750 0.272461 0.454427 0.272461 0.447917 0.271484 0.446615 0.271484 0.442708 0.266602 0.436198 0.252930 0.436198 0.251953 0.434896 0.244141 0.434896 0.242188 0.437500 0.237305 0.438802
0 0.268555 0.385417 0.261719 0.394531 0.259766 0.399740 0.257812 0.414062 0.258789 0.415365 0.258789 0.417969 0.264648 0.425781 0.268555 0.434896 0.272461 0.440104 0.273438 0.444010 0.278320 0.449219 0.283203 0.449219 0.284180 0.450521 0.289062 0.450521 0.290039 0.451823 0.297852 0.451823 0.307617 0.446615 0.314453 0.438802 0.316406 0.432292 0.316406 0.428385 0.317383 0.427083 0.317383 0.420573 0.318359 0.419271 0.317383 0.417969 0.317383 0.414062 0.315430 0.408854 0.312500 0.404948 0.303711 0.397135 0.303711 0.394531 0.302734 0.393229 0.303711 0.390625 0.303711 0.382812 0.300781 0.380208 0.294922 0.380208 0.290039 0.377604 0.280273 0.377604 0.279297 0.378906 0.276367 0.378906
0 0.164062 0.561198 0.161133 0.565104 0.161133 0.566406 0.160156 0.567708 0.160156 0.570312 0.158203 0.574219 0.158203 0.576823 0.156250 0.580729 0.156250 0.587240 0.157227 0.588542 0.157227 0.589844 0.160156 0.596354 0.160156 0.600260 0.162109 0.602865 0.163086 0.602865 0.164062 0.604167 0.166992 0.604167 0.167969 0.605469 0.170898 0.606771 0.174805 0.611979 0.180664 0.611979 0.181641 0.610677 0.182617 0.610677 0.184570 0.608073 0.187500 0.608073 0.188477 0.606771 0.188477 0.604167 0.187500 0.602865 0.186523 0.602865 0.184570 0.600260 0.184570 0.598958 0.183594 0.597656 0.183594 0.595052 0.182617 0.593750 0.182617 0.589844 0.176758 0.576823 0.176758 0.572917 0.175781 0.571615 0.175781 0.566406 0.174805 0.565104 0.174805 0.563802 0.172852 0.563802 0.169922 0.561198 0.166992 0.561198 0.166016 0.559896 0.165039 0.561198
0 0.284180 0.502604 0.275391 0.502604 0.269531 0.505208 0.252930 0.520833 0.244141 0.532552 0.240234 0.535156 0.238281 0.539062 0.238281 0.548177 0.242188 0.557292 0.244141 0.565104 0.246094 0.567708 0.253906 0.588542 0.258789 0.595052 0.262695 0.597656 0.270508 0.596354 0.287109 0.588542 0.297852 0.574219 0.303711 0.563802 0.303711 0.559896 0.305664 0.553385 0.306641 0.533854 0.300781 0.522135 0.291992 0.514323
0 0.345703 0.348958 0.333008 0.355469 0.327148 0.361979 0.318359 0.365885 0.309570 0.385417 0.309570 0.393229 0.311523 0.401042 0.332031 0.424479 0.334961 0.425781 0.340820 0.432292 0.343750 0.433594 0.349609 0.433594 0.350586 0.432292 0.357422 0.430990 0.357422 0.429688 0.370117 0.414062 0.371094 0.411458 0.370117 0.388021 0.372070 0.384115 0.372070 0.375000 0.370117 0.372396 0.369141 0.363281 0.364258 0.354167 0.358398 0.351562 0.353516 0.351562 0.351562 0.348958
0 0.296875 0.458333 0.291016 0.470052 0.290039 0.479167 0.289062 0.480469 0.289062 0.488281 0.288086 0.489583 0.288086 0.497396 0.289062 0.498698 0.289062 0.501302 0.293945 0.506510 0.296875 0.514323 0.307617 0.524740 0.311523 0.524740 0.312500 0.526042 0.322266 0.524740 0.325195 0.522135 0.328125 0.522135 0.331055 0.519531 0.334961 0.518229 0.338867 0.510417 0.341797 0.507812 0.344727 0.500000 0.344727 0.494792 0.343750 0.493490 0.343750 0.490885 0.340820 0.485677 0.340820 0.483073 0.339844 0.484375 0.337891 0.484375 0.335938 0.481771 0.335938 0.476562 0.337891 0.475260 0.337891 0.472656 0.335938 0.471354 0.335938 0.475260 0.334961 0.476562 0.333008 0.476562 0.332031 0.473958 0.330078 0.473958 0.326172 0.468750 0.322266 0.466146 0.318359 0.458333 0.313477 0.454427 0.304688 0.454427
0 0.239258 0.585938 0.239258 0.598958 0.244141 0.611979 0.244141 0.614583 0.246094 0.619792 0.246094 0.625000 0.249023 0.630208 0.250000 0.630208 0.255859 0.636719 0.265625 0.636719 0.266602 0.638021 0.267578 0.636719 0.269531 0.636719 0.275391 0.632812 0.278320 0.632812 0.282227 0.630208 0.290039 0.621094 0.290039 0.619792 0.294922 0.613281 0.297852 0.605469 0.294922 0.596354 0.291992 0.592448 0.288086 0.591146 0.287109 0.589844 0.286133 0.591146 0.280273 0.592448 0.279297 0.593750 0.277344 0.593750 0.270508 0.597656 0.262695 0.598958 0.258789 0.596354 0.254883 0.591146 0.253906 0.591146 0.251953 0.588542 0.250977 0.584635 0.250000 0.584635 0.247070 0.580729 0.245117 0.580729
0 0.340820 0.707031 0.336914 0.701823 0.336914 0.700521 0.328125 0.699219 0.329102 0.705729 0.327148 0.709635 0.327148 0.714844 0.326172 0.716146 0.322266 0.716146 0.305664 0.704427 0.298828 0.704427 0.295898 0.709635 0.293945 0.718750 0.291016 0.725260 0.291016 0.731771 0.286133 0.747396 0.289062 0.752604 0.297852 0.757812 0.299805 0.760417 0.310547 0.765625 0.316406 0.765625 0.324219 0.757812 0.330078 0.753906 0.334961 0.752604 0.337891 0.748698 0.341797 0.746094 0.344727 0.736979 0.344727 0.731771 0.342773 0.725260 0.342773 0.718750 0.341797 0.717448 0.341797 0.710938 0.340820 0.709635
0 0.318359 0.768229 0.317383 0.770833 0.317383 0.773438 0.316406 0.774740 0.316406 0.782552 0.317383 0.783854 0.317383 0.790365 0.320312 0.798177 0.325195 0.804688 0.327148 0.804688 0.330078 0.807292 0.332031 0.807292 0.339844 0.812500 0.350586 0.812500 0.351562 0.811198 0.353516 0.811198 0.361328 0.805990 0.365234 0.800781 0.367188 0.795573 0.367188 0.787760 0.366211 0.785156 0.362305 0.779948 0.361328 0.779948 0.359375 0.777344 0.359375 0.776042 0.354492 0.769531 0.353516 0.769531 0.347656 0.760417 0.344727 0.759115 0.341797 0.755208 0.336914 0.755208 0.335938 0.756510 0.333984 0.756510 0.333008 0.757812 0.328125 0.759115 0.324219 0.761719 0.322266 0.764323 0.321289 0.764323
0 0.392578 0.861979 0.388672 0.861979 0.382812 0.855469 0.378906 0.852865 0.375977 0.852865 0.375000 0.851562 0.371094 0.851562 0.373047 0.855469 0.373047 0.859375 0.372070 0.860677 0.369141 0.856771 0.367188 0.855469 0.364258 0.855469 0.363281 0.854167 0.359375 0.854167 0.358398 0.855469 0.348633 0.855469 0.345703 0.852865 0.341797 0.860677 0.341797 0.865885 0.340820 0.867188 0.340820 0.881510 0.341797 0.882812 0.341797 0.889323 0.345703 0.902344 0.347656 0.904948 0.354492 0.908854 0.358398 0.912760 0.364258 0.912760 0.367188 0.910156 0.375977 0.908854 0.379883 0.903646 0.380859 0.903646 0.380859 0.902344 0.383789 0.898438 0.383789 0.895833 0.385742 0.890625 0.388672 0.886719 0.390625 0.880208 0.392578 0.877604 0.392578 0.873698 0.393555 0.872396 0.393555 0.869792 0.392578 0.868490
0 0.329102 0.545573 0.328125 0.546875 0.326172 0.546875 0.320312 0.553385 0.319336 0.553385 0.312500 0.562500 0.310547 0.567708 0.310547 0.572917 0.307617 0.582031 0.307617 0.596354 0.310547 0.602865 0.321289 0.614583 0.325195 0.615885 0.326172 0.617188 0.328125 0.617188 0.332031 0.621094 0.336914 0.621094 0.341797 0.617188 0.343750 0.617188 0.344727 0.615885 0.348633 0.615885 0.349609 0.614583 0.349609 0.611979 0.350586 0.610677 0.350586 0.596354 0.351562 0.595052 0.352539 0.584635 0.353516 0.583333 0.353516 0.570312 0.349609 0.562500 0.348633 0.554688 0.337891 0.545573
0 0.309570 0.608073 0.305664 0.610677 0.301758 0.615885 0.300781 0.615885 0.295898 0.623698 0.295898 0.626302 0.292969 0.634115 0.292969 0.639323 0.293945 0.640625 0.293945 0.645833 0.294922 0.647135 0.295898 0.652344 0.304688 0.664062 0.308594 0.666667 0.310547 0.666667 0.311523 0.667969 0.317383 0.667969 0.321289 0.664062 0.322266 0.664062 0.325195 0.660156 0.331055 0.656250 0.333984 0.652344 0.340820 0.648438 0.343750 0.640625 0.343750 0.638021 0.346680 0.631510 0.345703 0.630208 0.345703 0.622396 0.341797 0.618490 0.340820 0.618490 0.336914 0.622396 0.333008 0.622396 0.328125 0.618490 0.323242 0.617188 0.321289 0.614583 0.314453 0.609375 0.311523 0.609375
0 0.391602 0.647135 0.388672 0.644531 0.383789 0.651042 0.379883 0.651042 0.377930 0.647135 0.368164 0.647135 0.367188 0.645833 0.359375 0.645833 0.358398 0.647135 0.355469 0.647135 0.350586 0.649740 0.348633 0.649740 0.346680 0.647135 0.344727 0.647135 0.344727 0.648438 0.341797 0.652344 0.340820 0.654948 0.340820 0.658854 0.336914 0.665365 0.336914 0.667969 0.334961 0.673177 0.334961 0.682292 0.336914 0.687500 0.337891 0.695312 0.345703 0.700521 0.349609 0.700521 0.353516 0.703125 0.356445 0.703125 0.357422 0.704427 0.363281 0.705729 0.364258 0.707031 0.367188 0.707031 0.368164 0.708333 0.373047 0.708333 0.376953 0.705729 0.381836 0.699219 0.385742 0.688802 0.385742 0.686198 0.388672 0.680990 0.388672 0.677083 0.391602 0.670573 0.392578 0.661458 0.393555 0.660156 0.393555 0.656250 0.392578 0.654948 0.392578 0.649740
0 0.404297 0.720052 0.402344 0.714844 0.398438 0.712240 0.387695 0.712240 0.386719 0.713542 0.382812 0.713542 0.381836 0.714844 0.364258 0.714844 0.363281 0.716146 0.359375 0.716146 0.357422 0.717448 0.352539 0.725260 0.352539 0.727865 0.351562 0.729167 0.351562 0.743490 0.353516 0.748698 0.356445 0.750000 0.364258 0.759115 0.377930 0.768229 0.384766 0.768229 0.396484 0.760417 0.398438 0.755208 0.398438 0.750000 0.399414 0.748698 0.400391 0.740885 0.402344 0.735677 0.402344 0.731771 0.403320 0.730469 0.403320 0.726562 0.404297 0.725260
0 0.412109 0.351562 0.408203 0.354167 0.404297 0.352865 0.401367 0.355469 0.398438 0.355469 0.388672 0.363281 0.385742 0.367188 0.381836 0.380208 0.381836 0.385417 0.380859 0.386719 0.380859 0.397135 0.381836 0.398438 0.382812 0.408854 0.386719 0.419271 0.386719 0.425781 0.389648 0.432292 0.394531 0.437500 0.405273 0.437500 0.408203 0.434896 0.410156 0.434896 0.412109 0.430990 0.413086 0.425781 0.417969 0.417969 0.421875 0.407552 0.423828 0.406250 0.427734 0.399740 0.430664 0.391927 0.429688 0.378906 0.426758 0.371094 0.420898 0.363281 0.416992 0.361979 0.412109 0.355469
0 0.372070 0.421875 0.365234 0.428385 0.364258 0.432292 0.361328 0.436198 0.357422 0.445312 0.357422 0.458333 0.359375 0.463542 0.360352 0.473958 0.362305 0.479167 0.366211 0.483073 0.370117 0.484375 0.385742 0.494792 0.391602 0.494792 0.396484 0.488281 0.398438 0.486979 0.400391 0.481771 0.405273 0.477865 0.405273 0.470052 0.409180 0.459635 0.408203 0.458333 0.408203 0.455729 0.403320 0.451823 0.399414 0.446615 0.398438 0.446615 0.396484 0.442708 0.395508 0.442708 0.383789 0.428385 0.378906 0.425781 0.376953 0.423177
0 0.367188 0.489583 0.360352 0.489583 0.354492 0.493490 0.345703 0.506510 0.344727 0.511719 0.341797 0.516927 0.341797 0.519531 0.340820 0.520833 0.340820 0.531250 0.341797 0.532552 0.341797 0.539062 0.342773 0.540365 0.343750 0.545573 0.344727 0.545573 0.349609 0.552083 0.351562 0.552083 0.355469 0.554688 0.361328 0.554688 0.362305 0.553385 0.364258 0.553385 0.368164 0.550781 0.371094 0.550781 0.372070 0.549479 0.377930 0.548177 0.383789 0.544271 0.385742 0.539062 0.384766 0.536458 0.380859 0.535156 0.379883 0.533854 0.383789 0.527344 0.385742 0.516927 0.387695 0.514323 0.387695 0.507812 0.383789 0.503906 0.380859 0.502604 0.377930 0.498698 0.375000 0.497396 0.374023 0.494792
0 0.386719 0.552083 0.384766 0.553385 0.375977 0.565104 0.372070 0.572917 0.372070 0.575521 0.370117 0.580729 0.370117 0.595052 0.368164 0.601562 0.369141 0.609375 0.373047 0.615885 0.375977 0.623698 0.379883 0.628906 0.386719 0.634115 0.398438 0.634115 0.403320 0.631510 0.408203 0.631510 0.413086 0.626302 0.415039 0.626302 0.419922 0.619792 0.422852 0.611979 0.422852 0.602865 0.421875 0.601562 0.421875 0.584635 0.416992 0.576823 0.412109 0.572917 0.410156 0.572917 0.406250 0.570312 0.393555 0.553385 0.391602 0.552083
0 0.453125 0.631510 0.446289 0.626302 0.441406 0.625000 0.438477 0.622396 0.425781 0.622396 0.424805 0.623698 0.421875 0.623698 0.417969 0.627604 0.407227 0.634115 0.405273 0.636719 0.405273 0.640625 0.404297 0.641927 0.404297 0.652344 0.403320 0.653646 0.403320 0.666667 0.404297 0.669271 0.408203 0.674479 0.409180 0.678385 0.412109 0.680990 0.438477 0.680990 0.439453 0.679688 0.441406 0.679688 0.450195 0.669271 0.450195 0.666667 0.451172 0.665365 0.451172 0.661458 0.452148 0.660156 0.452148 0.656250 0.453125 0.654948 0.453125 0.645833 0.454102 0.644531 0.454102 0.634115
0 0.458984 0.746094 0.458008 0.744792 0.452148 0.746094 0.447266 0.738281 0.439453 0.733073 0.423828 0.734375 0.422852 0.735677 0.416992 0.735677 0.414062 0.736979 0.412109 0.739583 0.405273 0.739583 0.403320 0.743490 0.403320 0.746094 0.400391 0.751302 0.398438 0.774740 0.395508 0.785156 0.395508 0.800781 0.396484 0.804688 0.396484 0.803385 0.399414 0.800781 0.402344 0.800781 0.403320 0.802083 0.409180 0.799479 0.414062 0.799479 0.417969 0.802083 0.426758 0.802083 0.433594 0.796875 0.442383 0.783854 0.447266 0.779948 0.453125 0.770833 0.456055 0.769531 0.458008 0.766927 0.458984 0.763021
0 0.448242 0.782552 0.446289 0.782552 0.444336 0.785156 0.443359 0.785156 0.435547 0.796875 0.434570 0.796875 0.430664 0.802083 0.426758 0.804688 0.419922 0.804688 0.413086 0.800781 0.409180 0.800781 0.408203 0.802083 0.401367 0.802083 0.396484 0.796875 0.395508 0.798177 0.395508 0.808594 0.396484 0.809896 0.396484 0.817708 0.397461 0.819010 0.398438 0.825521 0.402344 0.834635 0.408203 0.841146 0.408203 0.843750 0.412109 0.843750 0.415039 0.839844 0.416992 0.839844 0.419922 0.837240 0.427734 0.834635 0.430664 0.829427 0.434570 0.829427 0.434570 0.825521 0.440430 0.816406 0.442383 0.815104 0.446289 0.815104 0.446289 0.807292 0.448242 0.803385 0.448242 0.795573 0.449219 0.794271 0.448242 0.792969
0 0.395508 0.501302 0.394531 0.503906 0.391602 0.506510 0.388672 0.515625 0.379883 0.532552 0.380859 0.536458 0.385742 0.541667 0.388672 0.542969 0.398438 0.557292 0.399414 0.557292 0.411133 0.570312 0.418945 0.572917 0.426758 0.569010 0.429688 0.566406 0.437500 0.554688 0.438477 0.552083 0.438477 0.546875 0.441406 0.542969 0.442383 0.542969 0.443359 0.540365 0.444336 0.531250 0.441406 0.520833 0.417969 0.503906 0.399414 0.503906 0.397461 0.501302
0 0.435547 0.427083 0.430664 0.429688 0.420898 0.440104 0.416992 0.447917 0.414062 0.458333 0.410156 0.463542 0.409180 0.472656 0.410156 0.473958 0.411133 0.480469 0.434570 0.507812 0.442383 0.514323 0.450195 0.514323 0.455078 0.507812 0.464844 0.488281 0.466797 0.481771 0.466797 0.472656 0.463867 0.462240 0.460938 0.458333 0.458984 0.453125 0.450195 0.440104 0.444336 0.434896 0.444336 0.433594 0.448242 0.430990 0.449219 0.428385 0.447266 0.428385 0.446289 0.427083
0 0.485352 0.354167 0.479492 0.350260 0.475586 0.350260 0.474609 0.348958 0.465820 0.348958 0.461914 0.351562 0.456055 0.351562 0.455078 0.352865 0.453125 0.352865 0.448242 0.358073 0.445312 0.365885 0.445312 0.368490 0.441406 0.377604 0.441406 0.399740 0.442383 0.401042 0.442383 0.403646 0.444336 0.408854 0.447266 0.414062 0.449219 0.414062 0.450195 0.415365 0.462891 0.415365 0.467773 0.411458 0.469727 0.411458 0.477539 0.406250 0.479492 0.403646 0.482422 0.402344 0.486328 0.398438 0.486328 0.393229 0.485352 0.391927 0.485352 0.375000 0.487305 0.371094 0.488281 0.365885 0.487305 0.364583
0 0.469727 0.554688 0.467773 0.554688 0.466797 0.553385 0.459961 0.553385 0.458984 0.554688 0.455078 0.554688 0.452148 0.552083 0.448242 0.552083 0.447266 0.553385 0.445312 0.553385 0.429688 0.570312 0.428711 0.572917 0.428711 0.585938 0.429688 0.587240 0.430664 0.595052 0.436523 0.608073 0.445312 0.614583 0.449219 0.614583 0.450195 0.615885 0.451172 0.614583 0.454102 0.614583 0.458008 0.611979 0.463867 0.604167 0.469727 0.600260 0.476562 0.591146 0.477539 0.591146 0.482422 0.585938 0.482422 0.582031 0.483398 0.580729 0.482422 0.578125 0.482422 0.574219 0.480469 0.571615 0.474609 0.558594
0 0.483398 0.656250 0.482422 0.657552 0.479492 0.657552 0.477539 0.662760 0.466797 0.675781 0.463867 0.677083 0.461914 0.679688 0.458984 0.679688 0.458984 0.684896 0.457031 0.688802 0.456055 0.695312 0.458008 0.699219 0.458008 0.701823 0.460938 0.705729 0.460938 0.709635 0.463867 0.716146 0.467773 0.717448 0.470703 0.720052 0.472656 0.720052 0.477539 0.723958 0.480469 0.723958 0.481445 0.725260 0.487305 0.725260 0.495117 0.720052 0.497070 0.720052 0.501953 0.712240 0.501953 0.708333 0.502930 0.707031 0.502930 0.699219 0.503906 0.697917 0.503906 0.692708 0.504883 0.691406 0.504883 0.682292 0.502930 0.678385 0.502930 0.667969 0.498047 0.664062 0.493164 0.662760 0.486328 0.656250
0 0.466797 0.722656 0.464844 0.725260 0.464844 0.727865 0.463867 0.729167 0.463867 0.733073 0.462891 0.734375 0.462891 0.742188 0.461914 0.743490 0.461914 0.752604 0.460938 0.753906 0.460938 0.761719 0.459961 0.763021 0.458984 0.770833 0.457031 0.773438 0.458008 0.783854 0.459961 0.786458 0.461914 0.786458 0.466797 0.791667 0.468750 0.791667 0.469727 0.792969 0.477539 0.792969 0.478516 0.794271 0.479492 0.792969 0.485352 0.792969 0.486328 0.791667 0.489258 0.791667 0.500000 0.783854 0.500000 0.777344 0.501953 0.773438 0.500977 0.760417 0.476562 0.726562 0.470703 0.722656
0 0.507812 0.730469 0.505859 0.733073 0.505859 0.735677 0.504883 0.736979 0.504883 0.755208 0.503906 0.756510 0.503906 0.773438 0.504883 0.774740 0.504883 0.777344 0.505859 0.778646 0.506836 0.783854 0.511719 0.789062 0.513672 0.789062 0.519531 0.792969 0.526367 0.794271 0.527344 0.795573 0.538086 0.795573 0.539062 0.794271 0.541992 0.794271 0.544922 0.790365 0.544922 0.787760 0.548828 0.778646 0.548828 0.772135 0.549805 0.770833 0.550781 0.761719 0.552734 0.757812 0.552734 0.742188 0.541016 0.742188 0.537109 0.744792 0.526367 0.744792 0.519531 0.740885 0.516602 0.736979 0.512695 0.735677 0.509766 0.731771 0.509766 0.730469
0 0.568359 0.709635 0.565430 0.701823 0.560547 0.699219 0.556641 0.694010 0.552734 0.691406 0.545898 0.691406 0.544922 0.692708 0.524414 0.692708 0.523438 0.694010 0.520508 0.694010 0.519531 0.695312 0.516602 0.695312 0.515625 0.696615 0.509766 0.696615 0.507812 0.699219 0.506836 0.717448 0.507812 0.718750 0.507812 0.722656 0.509766 0.725260 0.509766 0.726562 0.521484 0.740885 0.524414 0.740885 0.525391 0.742188 0.538086 0.742188 0.539062 0.740885 0.545898 0.740885 0.546875 0.739583 0.554688 0.739583 0.556641 0.738281 0.567383 0.722656 0.567383 0.718750 0.568359 0.717448
0 0.500977 0.582031 0.497070 0.582031 0.496094 0.583333 0.494141 0.583333 0.492188 0.585938 0.492188 0.589844 0.486328 0.595052 0.484375 0.595052 0.480469 0.598958 0.478516 0.598958 0.474609 0.605469 0.474609 0.613281 0.473633 0.614583 0.473633 0.617188 0.474609 0.618490 0.474609 0.626302 0.477539 0.634115 0.477539 0.639323 0.478516 0.640625 0.478516 0.645833 0.479492 0.648438 0.481445 0.651042 0.483398 0.652344 0.486328 0.652344 0.497070 0.660156 0.500977 0.657552 0.506836 0.649740 0.506836 0.648438 0.509766 0.644531 0.510742 0.640625 0.516602 0.631510 0.517578 0.627604 0.519531 0.625000 0.522461 0.617188 0.522461 0.611979 0.521484 0.610677 0.521484 0.608073 0.520508 0.606771 0.519531 0.601562 0.513672 0.593750 0.508789 0.591146 0.504883 0.584635
0 0.497070 0.475260 0.493164 0.477865 0.492188 0.480469 0.492188 0.485677 0.491211 0.486979 0.487305 0.486979 0.483398 0.484375 0.476562 0.484375 0.467773 0.489583 0.460938 0.500000 0.460938 0.505208 0.459961 0.506510 0.460938 0.507812 0.460938 0.515625 0.461914 0.516927 0.462891 0.532552 0.463867 0.533854 0.463867 0.539062 0.464844 0.540365 0.465820 0.549479 0.468750 0.552083 0.480469 0.552083 0.481445 0.550781 0.488281 0.549479 0.500977 0.539062 0.506836 0.529948 0.506836 0.527344 0.507812 0.526042 0.507812 0.518229 0.508789 0.516927 0.508789 0.505208 0.507812 0.503906 0.507812 0.500000 0.504883 0.490885 0.500000 0.485677 0.498047 0.481771 0.498047 0.476562
0 0.527344 0.516927 0.520508 0.520833 0.516602 0.526042 0.516602 0.527344 0.504883 0.541667 0.502930 0.548177 0.502930 0.566406 0.506836 0.571615 0.507812 0.575521 0.513672 0.584635 0.516602 0.585938 0.521484 0.591146 0.529297 0.596354 0.533203 0.597656 0.539062 0.593750 0.543945 0.585938 0.544922 0.580729 0.548828 0.571615 0.548828 0.569010 0.552734 0.562500 0.552734 0.558594 0.554688 0.554688 0.556641 0.542969 0.555664 0.541667 0.555664 0.537760 0.553711 0.532552 0.549805 0.529948 0.545898 0.524740 0.537109 0.518229 0.530273 0.518229 0.529297 0.516927
0 0.532227 0.265625 0.530273 0.264323 0.523438 0.264323 0.520508 0.261719 0.509766 0.261719 0.508789 0.263021 0.505859 0.263021 0.504883 0.264323 0.501953 0.264323 0.497070 0.266927 0.493164 0.266927 0.490234 0.269531 0.488281 0.269531 0.481445 0.278646 0.477539 0.286458 0.477539 0.290365 0.476562 0.291667 0.476562 0.303385 0.477539 0.304688 0.477539 0.309896 0.479492 0.313802 0.480469 0.319010 0.483398 0.321615 0.488281 0.329427 0.497070 0.335938 0.506836 0.335938 0.507812 0.334635 0.512695 0.334635 0.513672 0.333333 0.521484 0.332031 0.526367 0.329427 0.528320 0.322917 0.535156 0.311198 0.537109 0.305990 0.537109 0.300781 0.538086 0.299479 0.538086 0.292969 0.537109 0.291667 0.535156 0.273438
0 0.548828 0.139323 0.548828 0.141927 0.544922 0.147135 0.543945 0.147135 0.542969 0.152344 0.538086 0.160156 0.535156 0.173177 0.533203 0.177083 0.532227 0.186198 0.533203 0.187500 0.534180 0.195312 0.536133 0.199219 0.536133 0.201823 0.541992 0.209635 0.541992 0.210938 0.553711 0.217448 0.556641 0.217448 0.557617 0.218750 0.568359 0.218750 0.569336 0.217448 0.575195 0.216146 0.581055 0.209635 0.585938 0.197917 0.585938 0.184896 0.584961 0.183594 0.584961 0.175781 0.583984 0.174479 0.583008 0.165365 0.581055 0.162760 0.577148 0.151042 0.571289 0.141927 0.567383 0.139323 0.562500 0.139323 0.561523 0.140625 0.555664 0.140625 0.553711 0.143229 0.551758 0.143229
0 0.567383 0.221354 0.563477 0.221354 0.562500 0.222656 0.547852 0.222656 0.546875 0.223958 0.544922 0.223958 0.541016 0.226562 0.536133 0.233073 0.533203 0.240885 0.533203 0.250000 0.534180 0.251302 0.535156 0.260417 0.548828 0.292969 0.555664 0.300781 0.564453 0.299479 0.570312 0.295573 0.577148 0.292969 0.583984 0.286458 0.588867 0.272135 0.587891 0.251302 0.583984 0.240885 0.578125 0.233073 0.574219 0.230469
0 0.584961 0.300781 0.583008 0.300781 0.582031 0.299479 0.570312 0.299479 0.569336 0.300781 0.566406 0.300781 0.565430 0.302083 0.560547 0.303385 0.555664 0.309896 0.552734 0.311198 0.549805 0.315104 0.547852 0.320312 0.546875 0.326823 0.544922 0.330729 0.543945 0.339844 0.541992 0.346354 0.546875 0.359375 0.556641 0.372396 0.561523 0.375000 0.571289 0.375000 0.572266 0.373698 0.576172 0.373698 0.577148 0.372396 0.583008 0.372396 0.587891 0.369792 0.591797 0.369792 0.592773 0.368490 0.594727 0.368490 0.597656 0.364583 0.598633 0.354167 0.599609 0.352865 0.599609 0.347656 0.600586 0.346354 0.600586 0.321615 0.596680 0.313802 0.588867 0.303385
0 0.511719 0.338542 0.510742 0.339844 0.505859 0.341146 0.500000 0.347656 0.495117 0.359375 0.491211 0.365885 0.491211 0.368490 0.486328 0.377604 0.486328 0.386719 0.487305 0.388021 0.488281 0.394531 0.496094 0.404948 0.518555 0.421875 0.525391 0.423177 0.533203 0.416667 0.543945 0.397135 0.543945 0.391927 0.544922 0.390625 0.544922 0.363281 0.543945 0.361979 0.543945 0.358073 0.541992 0.351562 0.537109 0.345052 0.527344 0.338542 0.522461 0.338542 0.521484 0.337240 0.519531 0.337240 0.518555 0.338542
0 0.491211 0.406250 0.484375 0.414062 0.479492 0.427083 0.479492 0.430990 0.480469 0.432292 0.480469 0.434896 0.483398 0.441406 0.483398 0.444010 0.486328 0.450521 0.486328 0.453125 0.491211 0.466146 0.492188 0.466146 0.494141 0.468750 0.497070 0.468750 0.498047 0.470052 0.504883 0.470052 0.505859 0.468750 0.510742 0.467448 0.513672 0.464844 0.515625 0.464844 0.517578 0.462240 0.518555 0.462240 0.519531 0.459635 0.527344 0.450521 0.529297 0.445312 0.529297 0.441406 0.528320 0.440104 0.528320 0.436198 0.527344 0.434896 0.526367 0.428385 0.524414 0.425781 0.516602 0.423177 0.514648 0.420573 0.509766 0.417969 0.507812 0.415365 0.501953 0.412760 0.495117 0.406250
0 0.531250 0.464844 0.528320 0.471354 0.528320 0.475260 0.527344 0.476562 0.527344 0.497396 0.533203 0.505208 0.533203 0.506510 0.539062 0.513021 0.542969 0.514323 0.543945 0.515625 0.545898 0.515625 0.546875 0.516927 0.548828 0.516927 0.549805 0.518229 0.551758 0.518229 0.552734 0.519531 0.564453 0.518229 0.565430 0.516927 0.567383 0.516927 0.579102 0.503906 0.580078 0.498698 0.581055 0.497396 0.581055 0.488281 0.577148 0.477865 0.570312 0.467448 0.568359 0.467448 0.566406 0.464844 0.566406 0.463542 0.564453 0.462240 0.562500 0.459635 0.562500 0.458333 0.561523 0.458333 0.559570 0.455729 0.557617 0.455729 0.554688 0.453125 0.546875 0.453125 0.545898 0.454427 0.542969 0.454427 0.539062 0.457031 0.532227 0.464844
0 0.551758 0.585938 0.549805 0.589844 0.547852 0.589844 0.544922 0.593750 0.540039 0.596354 0.535156 0.601562 0.534180 0.611979 0.532227 0.617188 0.532227 0.630208 0.533203 0.634115 0.536133 0.638021 0.540039 0.647135 0.541992 0.648438 0.547852 0.657552 0.555664 0.664062 0.566406 0.665365 0.572266 0.661458 0.576172 0.656250 0.585938 0.626302 0.585938 0.622396 0.587891 0.617188 0.588867 0.609375 0.584961 0.600260 0.583008 0.592448 0.580078 0.589844 0.573242 0.588542 0.567383 0.591146 0.563477 0.588542 0.556641 0.592448 0.554688 0.588542 0.559570 0.585938
0 0.599609 0.647135 0.594727 0.647135 0.592773 0.648438 0.592773 0.652344 0.589844 0.654948 0.585938 0.654948 0.584961 0.656250 0.580078 0.656250 0.578125 0.657552 0.574219 0.662760 0.571289 0.664062 0.568359 0.667969 0.568359 0.670573 0.567383 0.671875 0.567383 0.674479 0.568359 0.675781 0.568359 0.680990 0.569336 0.682292 0.569336 0.694010 0.570312 0.695312 0.570312 0.697917 0.572266 0.700521 0.573242 0.704427 0.576172 0.708333 0.577148 0.712240 0.583984 0.718750 0.593750 0.718750 0.594727 0.717448 0.597656 0.717448 0.598633 0.716146 0.601562 0.716146 0.602539 0.714844 0.606445 0.713542 0.615234 0.696615 0.615234 0.692708 0.616211 0.691406 0.616211 0.687500 0.617188 0.686198 0.617188 0.679688 0.616211 0.678385 0.616211 0.673177 0.615234 0.671875 0.615234 0.665365 0.610352 0.656250 0.609375 0.656250 0.602539 0.648438 0.600586 0.648438
0 0.578125 0.720052 0.574219 0.725260 0.568359 0.726562 0.566406 0.731771 0.566406 0.736979 0.564453 0.740885 0.564453 0.744792 0.562500 0.751302 0.563477 0.778646 0.565430 0.781250 0.566406 0.785156 0.570312 0.790365 0.579102 0.796875 0.584961 0.798177 0.585938 0.799479 0.589844 0.799479 0.590820 0.800781 0.598633 0.799479 0.613281 0.781250 0.614258 0.777344 0.617188 0.772135 0.617188 0.768229 0.618164 0.766927 0.617188 0.765625 0.615234 0.743490 0.614258 0.740885 0.603516 0.726562 0.603516 0.725260 0.599609 0.721354 0.585938 0.721354 0.584961 0.720052
0 0.596680 0.471354 0.595703 0.472656 0.591797 0.473958 0.586914 0.479167 0.583984 0.486979 0.583984 0.494792 0.583008 0.496094 0.583008 0.498698 0.578125 0.510417 0.578125 0.515625 0.579102 0.516927 0.580078 0.522135 0.587891 0.532552 0.589844 0.532552 0.592773 0.535156 0.594727 0.535156 0.600586 0.539062 0.608398 0.539062 0.616211 0.529948 0.617188 0.526042 0.619141 0.523438 0.619141 0.520833 0.621094 0.516927 0.621094 0.514323 0.625977 0.502604 0.627930 0.490885 0.625977 0.485677 0.622070 0.480469 0.621094 0.480469 0.615234 0.473958 0.611328 0.471354
0 0.551758 0.378906 0.549805 0.380208 0.546875 0.385417 0.545898 0.395833 0.542969 0.403646 0.540039 0.407552 0.539062 0.414062 0.542969 0.417969 0.543945 0.417969 0.551758 0.428385 0.552734 0.428385 0.563477 0.441406 0.569336 0.445312 0.573242 0.445312 0.575195 0.444010 0.579102 0.438802 0.579102 0.437500 0.583984 0.432292 0.586914 0.424479 0.586914 0.421875 0.587891 0.420573 0.587891 0.414062 0.588867 0.412760 0.587891 0.401042 0.583008 0.391927 0.582031 0.388021 0.576172 0.378906 0.573242 0.378906 0.572266 0.377604 0.570312 0.377604 0.569336 0.378906 0.561523 0.378906 0.560547 0.377604 0.555664 0.377604 0.554688 0.378906
0 0.618164 0.156250 0.604492 0.162760 0.603516 0.165365 0.598633 0.170573 0.596680 0.175781 0.590820 0.182292 0.588867 0.188802 0.589844 0.191406 0.589844 0.199219 0.590820 0.203125 0.596680 0.209635 0.596680 0.214844 0.595703 0.216146 0.596680 0.222656 0.600586 0.227865 0.603516 0.235677 0.610352 0.239583 0.621094 0.240885 0.622070 0.242188 0.632812 0.240885 0.643555 0.234375 0.644531 0.227865 0.650391 0.213542 0.650391 0.209635 0.654297 0.200521 0.653320 0.190104 0.649414 0.180990 0.637695 0.164062 0.635742 0.164062 0.630859 0.157552
0 0.708008 0.109375 0.689453 0.121094 0.684570 0.127604 0.683594 0.135417 0.680664 0.141927 0.680664 0.151042 0.681641 0.152344 0.683594 0.152344 0.684570 0.151042 0.687500 0.153646 0.694336 0.162760 0.700195 0.177083 0.703125 0.178385 0.714844 0.188802 0.720703 0.188802 0.726562 0.180990 0.730469 0.177083 0.733398 0.175781 0.737305 0.170573 0.738281 0.167969 0.738281 0.156250 0.741211 0.148438 0.740234 0.145833 0.740234 0.139323 0.737305 0.132812 0.736328 0.125000 0.732422 0.117188 0.722656 0.114583 0.721680 0.113281 0.716797 0.113281 0.715820 0.111979 0.712891 0.111979
0 0.687500 0.180990 0.678711 0.194010 0.677734 0.199219 0.674805 0.201823 0.672852 0.208333 0.672852 0.216146 0.673828 0.217448 0.673828 0.223958 0.674805 0.225260 0.674805 0.229167 0.672852 0.234375 0.672852 0.242188 0.674805 0.247396 0.677734 0.251302 0.678711 0.256510 0.680664 0.259115 0.686523 0.260417 0.687500 0.261719 0.689453 0.261719 0.691406 0.264323 0.697266 0.265625 0.702148 0.263021 0.704102 0.260417 0.716797 0.251302 0.716797 0.250000 0.724609 0.239583 0.728516 0.226562 0.728516 0.209635 0.724609 0.199219 0.718750 0.192708 0.711914 0.188802 0.705078 0.187500 0.697266 0.180990
0 0.611328 0.243490 0.609375 0.244792 0.598633 0.246094 0.594727 0.248698 0.592773 0.253906 0.592773 0.266927 0.591797 0.268229 0.591797 0.273438 0.590820 0.274740 0.590820 0.283854 0.592773 0.287760 0.592773 0.290365 0.594727 0.295573 0.594727 0.299479 0.600586 0.316406 0.603516 0.321615 0.608398 0.321615 0.609375 0.322917 0.622070 0.319010 0.627930 0.313802 0.635742 0.302083 0.638672 0.294271 0.638672 0.289062 0.639648 0.287760 0.639648 0.279948 0.638672 0.278646 0.638672 0.274740 0.631836 0.255208 0.626953 0.251302 0.622070 0.250000 0.616211 0.244792 0.612305 0.244792
0 0.638672 0.303385 0.625977 0.320312 0.625000 0.324219 0.625000 0.355469 0.625977 0.356771 0.625977 0.363281 0.627930 0.371094 0.630859 0.377604 0.634766 0.382812 0.637695 0.382812 0.648438 0.389323 0.656250 0.389323 0.657227 0.388021 0.660156 0.388021 0.671875 0.380208 0.676758 0.372396 0.677734 0.368490 0.683594 0.358073 0.686523 0.346354 0.686523 0.339844 0.658203 0.305990 0.649414 0.302083
0 0.635742 0.385417 0.629883 0.385417 0.620117 0.391927 0.617188 0.391927 0.616211 0.393229 0.609375 0.395833 0.602539 0.414062 0.602539 0.417969 0.601562 0.419271 0.601562 0.430990 0.603516 0.433594 0.603516 0.436198 0.606445 0.442708 0.612305 0.450521 0.615234 0.457031 0.621094 0.463542 0.626953 0.463542 0.636719 0.450521 0.636719 0.449219 0.646484 0.432292 0.647461 0.428385 0.651367 0.423177 0.654297 0.416667 0.654297 0.410156 0.653320 0.408854 0.652344 0.402344 0.650391 0.399740 0.648438 0.394531 0.646484 0.391927
0 0.661133 0.440104 0.659180 0.440104 0.655273 0.442708 0.652344 0.442708 0.651367 0.444010 0.648438 0.444010 0.644531 0.446615 0.641602 0.446615 0.637695 0.450521 0.634766 0.457031 0.629883 0.463542 0.627930 0.468750 0.627930 0.477865 0.628906 0.479167 0.629883 0.485677 0.631836 0.489583 0.631836 0.492188 0.633789 0.494792 0.635742 0.501302 0.646484 0.514323 0.648438 0.515625 0.651367 0.515625 0.652344 0.516927 0.658203 0.516927 0.659180 0.515625 0.661133 0.515625 0.666992 0.511719 0.668945 0.509115 0.671875 0.507812 0.677734 0.500000 0.678711 0.490885 0.680664 0.485677 0.680664 0.475260 0.677734 0.468750 0.675781 0.458333 0.673828 0.455729 0.673828 0.454427 0.665039 0.442708
0 0.613281 0.542969 0.613281 0.545573 0.611328 0.548177 0.611328 0.550781 0.613281 0.553385 0.612305 0.554688 0.612305 0.571615 0.613281 0.572917 0.613281 0.576823 0.617188 0.585938 0.627930 0.596354 0.629883 0.596354 0.632812 0.598958 0.635742 0.598958 0.636719 0.600260 0.644531 0.600260 0.645508 0.601562 0.646484 0.600260 0.650391 0.600260 0.651367 0.598958 0.659180 0.596354 0.668945 0.584635 0.669922 0.582031 0.669922 0.576823 0.670898 0.575521 0.670898 0.570312 0.669922 0.567708 0.663086 0.558594 0.662109 0.554688 0.659180 0.550781 0.654297 0.539062 0.647461 0.532552 0.638672 0.532552 0.634766 0.535156 0.628906 0.536458 0.626953 0.539062 0.625000 0.539062 0.624023 0.540365 0.617188 0.539062
0 0.618164 0.605469 0.617188 0.606771 0.618164 0.610677 0.621094 0.608073 0.623047 0.608073 0.625000 0.611979 0.621094 0.619792 0.618164 0.619792 0.616211 0.623698 0.617188 0.643229 0.619141 0.652344 0.626953 0.670573 0.629883 0.686198 0.635742 0.690104 0.653320 0.688802 0.657227 0.686198 0.667969 0.673177 0.673828 0.658854 0.674805 0.647135 0.671875 0.638021 0.671875 0.634115 0.668945 0.626302 0.666016 0.621094 0.660156 0.614583 0.653320 0.610677 0.642578 0.609375 0.640625 0.606771 0.631836 0.605469 0.630859 0.604167
0 0.607422 0.717448 0.607422 0.726562 0.609375 0.729167 0.609375 0.730469 0.611328 0.731771 0.616211 0.738281 0.653320 0.738281 0.654297 0.739583 0.658203 0.739583 0.660156 0.736979 0.660156 0.733073 0.661133 0.731771 0.661133 0.726562 0.662109 0.725260 0.662109 0.708333 0.661133 0.707031 0.660156 0.701823 0.654297 0.692708 0.652344 0.692708 0.651367 0.691406 0.642578 0.691406 0.641602 0.692708 0.635742 0.692708 0.634766 0.691406 0.629883 0.691406 0.616211 0.700521
0 0.680664 0.651042 0.676758 0.657552 0.678711 0.661458 0.678711 0.664062 0.676758 0.666667 0.673828 0.666667 0.672852 0.670573 0.660156 0.688802 0.664062 0.705729 0.665039 0.729167 0.666016 0.730469 0.665039 0.735677 0.666016 0.736979 0.677734 0.736979 0.681641 0.740885 0.681641 0.747396 0.698242 0.747396 0.699219 0.748698 0.705078 0.747396 0.716797 0.729167 0.720703 0.714844 0.720703 0.707031 0.721680 0.704427 0.717773 0.691406 0.717773 0.687500 0.714844 0.682292 0.714844 0.679688 0.711914 0.673177 0.700195 0.656250 0.693359 0.652344 0.683594 0.652344
0 0.663086 0.518229 0.663086 0.523438 0.664062 0.524740 0.664062 0.544271 0.666016 0.550781 0.667969 0.553385 0.668945 0.559896 0.675781 0.571615 0.686523 0.580729 0.688477 0.580729 0.689453 0.582031 0.702148 0.582031 0.707031 0.578125 0.708984 0.578125 0.714844 0.574219 0.720703 0.565104 0.725586 0.561198 0.727539 0.555990 0.726562 0.548177 0.722656 0.542969 0.716797 0.529948 0.713867 0.526042 0.712891 0.522135 0.704102 0.510417 0.700195 0.507812 0.698242 0.507812 0.694336 0.505208 0.690430 0.505208 0.689453 0.503906 0.682617 0.503906 0.679688 0.506510 0.677734 0.506510 0.668945 0.515625 0.666016 0.515625
0 0.669922 0.591146 0.666016 0.596354 0.666016 0.598958 0.664062 0.601562 0.663086 0.606771 0.661133 0.609375 0.661133 0.611979 0.663086 0.614583 0.663086 0.615885 0.664062 0.615885 0.669922 0.623698 0.669922 0.625000 0.675781 0.631510 0.676758 0.634115 0.692383 0.644531 0.694336 0.644531 0.695312 0.645833 0.700195 0.645833 0.704102 0.643229 0.705078 0.640625 0.707031 0.638021 0.708008 0.638021 0.714844 0.627604 0.715820 0.627604 0.718750 0.619792 0.718750 0.613281 0.716797 0.608073 0.714844 0.605469 0.714844 0.602865 0.712891 0.598958 0.711914 0.592448 0.708008 0.584635 0.706055 0.583333 0.704102 0.584635 0.690430 0.584635 0.689453 0.583333 0.685547 0.583333 0.684570 0.584635 0.681641 0.584635 0.678711 0.587240 0.676758 0.587240 0.673828 0.589844
0 0.726562 0.619792 0.720703 0.623698 0.710938 0.638021 0.708984 0.643229 0.709961 0.653646 0.715820 0.658854 0.718750 0.664062 0.718750 0.666667 0.723633 0.679688 0.725586 0.688802 0.730469 0.696615 0.739258 0.701823 0.747070 0.701823 0.750977 0.699219 0.753906 0.695312 0.755859 0.688802 0.762695 0.678385 0.762695 0.675781 0.765625 0.669271 0.765625 0.665365 0.766602 0.664062 0.765625 0.662760 0.765625 0.657552 0.760742 0.641927 0.756836 0.634115 0.749023 0.623698 0.741211 0.619792 0.737305 0.619792 0.736328 0.618490 0.734375 0.618490 0.733398 0.619792
0 0.776367 0.149740 0.769531 0.149740 0.768555 0.151042 0.759766 0.149740 0.758789 0.151042 0.752930 0.152344 0.742188 0.157552 0.740234 0.162760 0.740234 0.167969 0.738281 0.171875 0.736328 0.173177 0.736328 0.174479 0.732422 0.178385 0.729492 0.183594 0.727539 0.183594 0.727539 0.186198 0.730469 0.190104 0.731445 0.194010 0.734375 0.197917 0.736328 0.203125 0.749023 0.221354 0.749023 0.222656 0.753906 0.227865 0.755859 0.227865 0.756836 0.229167 0.763672 0.229167 0.764648 0.227865 0.767578 0.227865 0.767578 0.226562 0.771484 0.222656 0.771484 0.221354 0.780273 0.209635 0.780273 0.208333 0.789062 0.195312 0.789062 0.191406 0.790039 0.190104 0.790039 0.186198 0.789062 0.184896 0.790039 0.182292 0.790039 0.170573 0.789062 0.169271 0.789062 0.166667 0.787109 0.161458 0.782227 0.154948
0 0.678711 0.276042 0.672852 0.282552 0.668945 0.292969 0.668945 0.303385 0.672852 0.316406 0.682617 0.328125 0.684570 0.333333 0.685547 0.333333 0.689453 0.338542 0.694336 0.341146 0.706055 0.341146 0.708008 0.342448 0.718750 0.335938 0.722656 0.330729 0.724609 0.325521 0.724609 0.322917 0.727539 0.315104 0.727539 0.308594 0.728516 0.307292 0.728516 0.302083 0.727539 0.300781 0.726562 0.290365 0.723633 0.283854 0.721680 0.282552 0.711914 0.269531 0.709961 0.268229 0.706055 0.268229 0.705078 0.266927 0.694336 0.268229
0 0.692383 0.345052 0.692383 0.347656 0.689453 0.355469 0.681641 0.367188 0.671875 0.385417 0.670898 0.394531 0.671875 0.395833 0.672852 0.403646 0.676758 0.411458 0.679688 0.414062 0.693359 0.414062 0.694336 0.415365 0.698242 0.415365 0.699219 0.416667 0.704102 0.416667 0.705078 0.415365 0.706055 0.416667 0.711914 0.416667 0.712891 0.415365 0.715820 0.415365 0.724609 0.404948 0.726562 0.399740 0.730469 0.395833 0.731445 0.393229 0.731445 0.390625 0.732422 0.389323 0.732422 0.378906 0.734375 0.372396 0.734375 0.359375 0.732422 0.356771 0.725586 0.355469 0.719727 0.351562 0.717773 0.348958 0.713867 0.347656 0.710938 0.345052 0.706055 0.345052 0.705078 0.343750 0.695312 0.343750 0.694336 0.345052
0 0.712891 0.419271 0.711914 0.420573 0.708984 0.420573 0.697266 0.429688 0.695312 0.434896 0.695312 0.437500 0.696289 0.438802 0.690430 0.449219 0.689453 0.462240 0.686523 0.470052 0.687500 0.481771 0.692383 0.489583 0.694336 0.489583 0.700195 0.493490 0.708008 0.494792 0.710938 0.497396 0.719727 0.497396 0.720703 0.496094 0.721680 0.497396 0.723633 0.497396 0.731445 0.493490 0.734375 0.489583 0.738281 0.486979 0.742188 0.479167 0.746094 0.473958 0.747070 0.468750 0.744141 0.459635 0.729492 0.433594 0.727539 0.428385 0.721680 0.420573 0.719727 0.420573 0.718750 0.419271
0 0.750000 0.476562 0.746094 0.476562 0.744141 0.479167 0.743164 0.479167 0.743164 0.480469 0.740234 0.484375 0.740234 0.485677 0.736328 0.489583 0.735352 0.489583 0.731445 0.494792 0.727539 0.497396 0.724609 0.497396 0.723633 0.498698 0.717773 0.498698 0.715820 0.501302 0.715820 0.519531 0.717773 0.524740 0.717773 0.528646 0.724609 0.541667 0.724609 0.542969 0.727539 0.546875 0.734375 0.546875 0.735352 0.545573 0.739258 0.545573 0.742188 0.542969 0.744141 0.542969 0.750000 0.539062 0.752930 0.535156 0.753906 0.535156 0.759766 0.526042 0.759766 0.523438 0.760742 0.522135 0.760742 0.513021 0.761719 0.511719 0.761719 0.501302 0.760742 0.500000 0.760742 0.494792 0.756836 0.484375 0.751953 0.477865
0 0.711914 0.578125 0.710938 0.580729 0.711914 0.583333 0.711914 0.587240 0.713867 0.592448 0.717773 0.597656 0.720703 0.598958 0.724609 0.602865 0.726562 0.602865 0.729492 0.605469 0.731445 0.605469 0.736328 0.609375 0.738281 0.609375 0.744141 0.613281 0.752930 0.613281 0.753906 0.611979 0.755859 0.611979 0.758789 0.608073 0.759766 0.608073 0.764648 0.600260 0.764648 0.589844 0.765625 0.588542 0.765625 0.572917 0.762695 0.566406 0.762695 0.563802 0.759766 0.555990 0.755859 0.550781 0.752930 0.550781 0.751953 0.549479 0.744141 0.549479 0.743164 0.550781 0.739258 0.552083 0.735352 0.555990 0.731445 0.555990 0.729492 0.557292 0.726562 0.562500 0.722656 0.565104 0.714844 0.576823
0 0.771484 0.602865 0.768555 0.608073 0.768555 0.611979 0.766602 0.618490 0.765625 0.640625 0.768555 0.649740 0.771484 0.654948 0.771484 0.657552 0.774414 0.665365 0.778320 0.669271 0.791992 0.669271 0.792969 0.670573 0.794922 0.670573 0.795898 0.669271 0.807617 0.669271 0.809570 0.667969 0.812500 0.661458 0.824219 0.645833 0.824219 0.643229 0.828125 0.636719 0.828125 0.627604 0.826172 0.621094 0.816406 0.610677 0.807617 0.604167 0.805664 0.604167 0.801758 0.600260 0.790039 0.600260 0.786133 0.596354 0.783203 0.598958 0.781250 0.598958 0.780273 0.600260 0.775391 0.600260
0 0.805664 0.523438 0.798828 0.523438 0.797852 0.524740 0.783203 0.524740 0.780273 0.527344 0.774414 0.526042 0.771484 0.531250 0.769531 0.537760 0.769531 0.542969 0.770508 0.545573 0.773438 0.548177 0.773438 0.562500 0.776367 0.570312 0.777344 0.580729 0.782227 0.587240 0.783203 0.587240 0.787109 0.593750 0.789062 0.593750 0.792969 0.596354 0.799805 0.596354 0.810547 0.589844 0.812500 0.589844 0.824219 0.582031 0.830078 0.575521 0.830078 0.567708 0.831055 0.565104 0.830078 0.563802 0.830078 0.558594 0.829102 0.557292 0.828125 0.548177 0.826172 0.542969 0.817383 0.532552 0.814453 0.531250
0 0.851562 0.571615 0.844727 0.571615 0.838867 0.575521 0.833984 0.575521 0.829102 0.580729 0.826172 0.582031 0.820312 0.588542 0.816406 0.591146 0.814453 0.591146 0.812500 0.593750 0.812500 0.604167 0.817383 0.606771 0.822266 0.614583 0.825195 0.615885 0.827148 0.618490 0.829102 0.623698 0.830078 0.631510 0.833984 0.638021 0.855469 0.638021 0.867188 0.630208 0.871094 0.628906 0.873047 0.625000 0.873047 0.615885 0.872070 0.614583 0.872070 0.610677 0.866211 0.601562 0.866211 0.595052 0.865234 0.593750 0.865234 0.591146 0.858398 0.583333 0.855469 0.575521
0 0.773438 0.355469 0.770508 0.355469 0.769531 0.354167 0.761719 0.354167 0.760742 0.355469 0.754883 0.355469 0.752930 0.356771 0.749023 0.361979 0.746094 0.369792 0.737305 0.380208 0.735352 0.385417 0.734375 0.391927 0.731445 0.397135 0.731445 0.399740 0.729492 0.402344 0.732422 0.408854 0.733398 0.414062 0.735352 0.416667 0.746094 0.424479 0.749023 0.424479 0.752930 0.427083 0.760742 0.427083 0.763672 0.424479 0.765625 0.424479 0.768555 0.421875 0.772461 0.420573 0.778320 0.415365 0.782227 0.410156 0.789062 0.391927 0.789062 0.378906 0.788086 0.377604 0.788086 0.373698 0.785156 0.367188 0.780273 0.360677
0 0.752930 0.278646 0.744141 0.283854 0.739258 0.289062 0.735352 0.290365 0.732422 0.294271 0.731445 0.296875 0.731445 0.304688 0.730469 0.305990 0.730469 0.315104 0.731445 0.316406 0.731445 0.319010 0.743164 0.334635 0.743164 0.335938 0.753906 0.351562 0.759766 0.352865 0.770508 0.346354 0.772461 0.343750 0.776367 0.341146 0.778320 0.341146 0.783203 0.334635 0.784180 0.332031 0.784180 0.328125 0.785156 0.326823 0.785156 0.320312 0.786133 0.319010 0.786133 0.309896 0.785156 0.308594 0.785156 0.304688 0.781250 0.298177 0.781250 0.296875 0.773438 0.287760 0.762695 0.281250 0.760742 0.278646
0 0.828125 0.225260 0.821289 0.216146 0.814453 0.212240 0.802734 0.212240 0.801758 0.213542 0.782227 0.214844 0.774414 0.220052 0.773438 0.223958 0.773438 0.227865 0.774414 0.229167 0.774414 0.244792 0.773438 0.246094 0.773438 0.250000 0.774414 0.251302 0.770508 0.265625 0.770508 0.270833 0.773438 0.278646 0.777344 0.281250 0.787109 0.281250 0.788086 0.282552 0.791992 0.282552 0.797852 0.285156 0.809570 0.285156 0.814453 0.281250 0.817383 0.281250 0.822266 0.278646 0.827148 0.270833 0.829102 0.263021 0.832031 0.257812 0.834961 0.248698 0.833984 0.240885
0 0.838867 0.247396 0.836914 0.248698 0.834961 0.255208 0.833008 0.257812 0.833008 0.260417 0.831055 0.263021 0.831055 0.273438 0.832031 0.274740 0.832031 0.277344 0.834961 0.282552 0.835938 0.289062 0.841797 0.303385 0.841797 0.305990 0.847656 0.319010 0.853516 0.324219 0.859375 0.324219 0.865234 0.319010 0.871094 0.309896 0.880859 0.303385 0.881836 0.298177 0.884766 0.294271 0.885742 0.273438 0.880859 0.261719 0.873047 0.253906 0.867188 0.252604 0.861328 0.247396
0 0.789062 0.303385 0.788086 0.307292 0.790039 0.312500 0.795898 0.315104 0.797852 0.319010 0.782227 0.342448 0.782227 0.347656 0.786133 0.356771 0.786133 0.360677 0.791992 0.369792 0.801758 0.377604 0.807617 0.378906 0.808594 0.380208 0.812500 0.380208 0.813477 0.381510 0.824219 0.381510 0.826172 0.380208 0.829102 0.376302 0.829102 0.373698 0.832031 0.367188 0.833984 0.354167 0.836914 0.346354 0.837891 0.338542 0.839844 0.334635 0.839844 0.328125 0.838867 0.325521 0.832031 0.316406 0.829102 0.313802 0.825195 0.312500 0.819336 0.307292 0.806641 0.305990 0.805664 0.304688 0.797852 0.304688 0.796875 0.303385
0 0.780273 0.428385 0.779297 0.434896 0.776367 0.442708 0.774414 0.444010 0.769531 0.451823 0.769531 0.458333 0.770508 0.462240 0.772461 0.464844 0.772461 0.480469 0.768555 0.485677 0.777344 0.496094 0.783203 0.498698 0.791016 0.505208 0.798828 0.507812 0.807617 0.513021 0.812500 0.513021 0.815430 0.510417 0.825195 0.496094 0.830078 0.492188 0.833008 0.486979 0.832031 0.476562 0.827148 0.463542 0.826172 0.455729 0.823242 0.447917 0.817383 0.440104 0.813477 0.437500 0.805664 0.436198 0.801758 0.432292 0.795898 0.432292 0.794922 0.430990 0.791016 0.430990 0.786133 0.428385
0 0.835938 0.371094 0.833984 0.372396 0.826172 0.384115 0.824219 0.384115 0.820312 0.386719 0.820312 0.391927 0.817383 0.397135 0.817383 0.399740 0.814453 0.408854 0.817383 0.419271 0.817383 0.423177 0.818359 0.424479 0.818359 0.433594 0.819336 0.436198 0.829102 0.447917 0.831055 0.447917 0.833984 0.450521 0.835938 0.450521 0.836914 0.451823 0.842773 0.451823 0.843750 0.450521 0.853516 0.449219 0.867188 0.440104 0.869141 0.434896 0.869141 0.412760 0.868164 0.411458 0.868164 0.401042 0.867188 0.399740 0.867188 0.395833 0.863281 0.384115 0.861328 0.380208 0.857422 0.376302 0.855469 0.376302 0.851562 0.373698 0.845703 0.373698 0.844727 0.372396
0 0.900391 0.312500 0.899414 0.316406 0.893555 0.325521 0.892578 0.333333 0.891602 0.334635 0.891602 0.339844 0.889648 0.345052 0.888672 0.354167 0.889648 0.355469 0.889648 0.363281 0.891602 0.369792 0.898438 0.380208 0.903320 0.382812 0.906250 0.382812 0.907227 0.384115 0.931641 0.385417 0.937500 0.381510 0.943359 0.371094 0.943359 0.368490 0.947266 0.358073 0.947266 0.347656 0.946289 0.346354 0.946289 0.342448 0.941406 0.329427 0.940430 0.324219 0.935547 0.317708 0.928711 0.313802 0.920898 0.313802 0.919922 0.312500 0.912109 0.312500 0.911133 0.311198 0.902344 0.311198
0 0.913086 0.395833 0.907227 0.395833 0.906250 0.397135 0.892578 0.397135 0.891602 0.395833 0.890625 0.397135 0.886719 0.397135 0.875977 0.408854 0.871094 0.419271 0.871094 0.424479 0.872070 0.425781 0.872070 0.437500 0.871094 0.438802 0.871094 0.444010 0.872070 0.445312 0.872070 0.449219 0.874023 0.451823 0.875000 0.451823 0.876953 0.454427 0.880859 0.455729 0.884766 0.460938 0.888672 0.462240 0.889648 0.463542 0.899414 0.463542 0.910156 0.457031 0.912109 0.454427 0.912109 0.453125 0.917969 0.445312 0.922852 0.430990 0.922852 0.417969 0.921875 0.416667 0.921875 0.412760 0.916992 0.399740
0 0.844727 0.467448 0.835938 0.481771 0.835938 0.485677 0.833984 0.490885 0.833008 0.506510 0.831055 0.511719 0.831055 0.522135 0.833008 0.528646 0.838867 0.533854 0.848633 0.535156 0.849609 0.536458 0.867188 0.536458 0.868164 0.535156 0.876953 0.535156 0.881836 0.532552 0.883789 0.529948 0.886719 0.522135 0.886719 0.516927 0.887695 0.515625 0.887695 0.496094 0.885742 0.490885 0.878906 0.481771 0.878906 0.480469 0.876953 0.479167 0.871094 0.471354 0.871094 0.470052 0.865234 0.463542 0.857422 0.462240 0.856445 0.463542 0.852539 0.463542
0 0.910156 0.460938 0.907227 0.460938 0.905273 0.463542 0.901367 0.464844 0.900391 0.466146 0.896484 0.466146 0.895508 0.467448 0.885742 0.467448 0.880859 0.473958 0.879883 0.476562 0.880859 0.481771 0.886719 0.489583 0.888672 0.494792 0.888672 0.522135 0.890625 0.526042 0.891602 0.526042 0.897461 0.532552 0.911133 0.532552 0.913086 0.529948 0.916016 0.528646 0.922852 0.520833 0.922852 0.519531 0.926758 0.513021 0.928711 0.507812 0.929688 0.501302 0.930664 0.500000 0.930664 0.488281 0.926758 0.476562 0.925781 0.476562 0.923828 0.473958 0.922852 0.470052 0.920898 0.467448 0.916992 0.464844 0.915039 0.464844
0 0.883789 0.532552 0.881836 0.535156 0.877930 0.537760 0.875000 0.537760 0.869141 0.541667 0.867188 0.544271 0.867188 0.546875 0.865234 0.552083 0.866211 0.571615 0.867188 0.572917 0.868164 0.580729 0.871094 0.584635 0.871094 0.588542 0.874023 0.592448 0.876953 0.593750 0.883789 0.602865 0.896484 0.611979 0.908203 0.597656 0.910156 0.592448 0.916016 0.583333 0.916992 0.579427 0.920898 0.574219 0.923828 0.566406 0.927734 0.561198 0.927734 0.557292 0.926758 0.555990 0.926758 0.553385 0.911133 0.535156 0.898438 0.535156 0.897461 0.533854
