0 0.115234 0.748698 0.112305 0.751302 0.112305 0.752604 0.106445 0.761719 0.106445 0.764323 0.103516 0.772135 0.103516 0.781250 0.107422 0.790365 0.107422 0.794271 0.108398 0.795573 0.109375 0.803385 0.114258 0.805990 0.127930 0.819010 0.133789 0.820312 0.136719 0.816406 0.141602 0.813802 0.144531 0.809896 0.151367 0.794271 0.151367 0.790365 0.152344 0.789062 0.152344 0.777344 0.151367 0.776042 0.151367 0.763021 0.150391 0.761719 0.150391 0.759115 0.147461 0.753906 0.143555 0.752604 0.142578 0.751302 0.139648 0.751302 0.138672 0.750000 0.123047 0.751302 0.122070 0.750000 0.117188 0.750000
0 0.184570 0.803385 0.179688 0.802083 0.177734 0.799479 0.175781 0.799479 0.171875 0.796875 0.170898 0.798177 0.167969 0.798177 0.166016 0.800781 0.164062 0.800781 0.163086 0.802083 0.154297 0.800781 0.150391 0.803385 0.145508 0.809896 0.145508 0.813802 0.144531 0.815104 0.144531 0.824219 0.142578 0.829427 0.143555 0.846354 0.145508 0.850260 0.144531 0.852865 0.144531 0.859375 0.143555 0.860677 0.144531 0.863281 0.148438 0.863281 0.150391 0.864583 0.151367 0.863281 0.166016 0.863281 0.166992 0.861979 0.176758 0.861979 0.177734 0.860677 0.181641 0.860677 0.187500 0.854167 0.188477 0.850260 0.186523 0.847656 0.186523 0.812500 0.187500 0.811198 0.187500 0.808594
0 0.186523 0.721354 0.186523 0.722656 0.189453 0.725260 0.186523 0.727865 0.184570 0.727865 0.181641 0.723958 0.178711 0.726562 0.170898 0.727865 0.168945 0.730469 0.168945 0.731771 0.162109 0.740885 0.162109 0.743490 0.159180 0.750000 0.159180 0.753906 0.158203 0.755208 0.158203 0.764323 0.159180 0.765625 0.159180 0.768229 0.164062 0.774740 0.166992 0.783854 0.170898 0.787760 0.175781 0.795573 0.179688 0.798177 0.183594 0.798177 0.184570 0.799479 0.192383 0.799479 0.198242 0.794271 0.203125 0.779948 0.205078 0.777344 0.206055 0.765625 0.208984 0.757812 0.210938 0.755208 0.210938 0.752604 0.211914 0.751302 0.211914 0.744792 0.210938 0.743490 0.210938 0.736979 0.208008 0.731771 0.203125 0.731771 0.200195 0.726562 0.193359 0.726562 0.190430 0.723958 0.190430 0.721354
0 0.249023 0.766927 0.245117 0.765625 0.242188 0.761719 0.234375 0.761719 0.233398 0.763021 0.227539 0.764323 0.216797 0.772135 0.215820 0.774740 0.209961 0.781250 0.208984 0.781250 0.208984 0.782552 0.200195 0.794271 0.198242 0.799479 0.201172 0.808594 0.203125 0.812500 0.206055 0.815104 0.215820 0.829427 0.218750 0.829427 0.219727 0.830729 0.226562 0.830729 0.227539 0.832031 0.237305 0.832031 0.238281 0.830729 0.240234 0.830729 0.247070 0.821615 0.248047 0.821615 0.248047 0.820312 0.251953 0.815104 0.251953 0.812500 0.255859 0.807292 0.259766 0.799479 0.257812 0.798177 0.255859 0.794271 0.255859 0.787760 0.254883 0.786458 0.254883 0.777344 0.253906 0.776042 0.253906 0.773438
0 0.281250 0.688802 0.275391 0.703125 0.274414 0.713542 0.273438 0.714844 0.274414 0.722656 0.275391 0.723958 0.275391 0.735677 0.276367 0.736979 0.275391 0.752604 0.283203 0.751302 0.288086 0.756510 0.292969 0.759115 0.308594 0.759115 0.313477 0.755208 0.316406 0.751302 0.319336 0.750000 0.323242 0.743490 0.325195 0.743490 0.327148 0.740885 0.328125 0.735677 0.326172 0.731771 0.326172 0.717448 0.325195 0.716146 0.323242 0.705729 0.321289 0.703125 0.317383 0.701823 0.313477 0.695312 0.299805 0.695312 0.298828 0.694010 0.295898 0.694010 0.290039 0.687500 0.283203 0.687500
0 0.327148 0.747396 0.328125 0.750000 0.328125 0.756510 0.327148 0.757812 0.328125 0.759115 0.328125 0.763021 0.327148 0.764323 0.327148 0.770833 0.328125 0.773438 0.333984 0.779948 0.337891 0.782552 0.340820 0.782552 0.341797 0.783854 0.349609 0.783854 0.350586 0.785156 0.359375 0.785156 0.360352 0.783854 0.365234 0.783854 0.372070 0.778646 0.373047 0.776042 0.382812 0.763021 0.384766 0.761719 0.382812 0.759115 0.382812 0.755208 0.384766 0.752604 0.383789 0.748698 0.381836 0.746094 0.379883 0.746094 0.375977 0.743490 0.374023 0.739583 0.370117 0.740885 0.367188 0.743490 0.364258 0.748698 0.359375 0.752604 0.357422 0.752604 0.351562 0.756510 0.347656 0.756510 0.342773 0.751302 0.340820 0.740885 0.338867 0.738281 0.336914 0.731771 0.333984 0.735677 0.333008 0.735677 0.333008 0.738281 0.332031 0.739583 0.329102 0.740885 0.329102 0.743490
0 0.336914 0.691406 0.333008 0.695312 0.330078 0.710938 0.331055 0.712240 0.331055 0.714844 0.333008 0.718750 0.333008 0.721354 0.334961 0.726562 0.338867 0.731771 0.339844 0.734375 0.339844 0.738281 0.342773 0.744792 0.343750 0.751302 0.345703 0.753906 0.347656 0.755208 0.351562 0.755208 0.352539 0.753906 0.355469 0.753906 0.359375 0.751302 0.361328 0.748698 0.364258 0.747396 0.365234 0.744792 0.371094 0.738281 0.372070 0.738281 0.374023 0.734375 0.377930 0.731771 0.377930 0.729167 0.379883 0.726562 0.379883 0.723958 0.380859 0.722656 0.380859 0.718750 0.379883 0.716146 0.377930 0.716146 0.375000 0.712240 0.374023 0.705729 0.364258 0.694010 0.360352 0.691406 0.358398 0.691406 0.357422 0.690104 0.343750 0.690104 0.342773 0.691406
0 0.392578 0.675781 0.387695 0.683594 0.390625 0.690104 0.387695 0.694010 0.385742 0.700521 0.386719 0.701823 0.386719 0.710938 0.385742 0.712240 0.385742 0.718750 0.383789 0.723958 0.384766 0.736979 0.386719 0.740885 0.387695 0.747396 0.390625 0.751302 0.395508 0.752604 0.396484 0.753906 0.401367 0.753906 0.403320 0.757812 0.405273 0.757812 0.406250 0.759115 0.412109 0.759115 0.413086 0.757812 0.415039 0.757812 0.417969 0.752604 0.422852 0.752604 0.424805 0.751302 0.424805 0.747396 0.426758 0.746094 0.430664 0.739583 0.430664 0.734375 0.428711 0.730469 0.428711 0.723958 0.427734 0.722656 0.427734 0.713542 0.423828 0.699219 0.423828 0.690104 0.422852 0.688802 0.420898 0.678385 0.417969 0.674479 0.408203 0.674479 0.407227 0.673177 0.401367 0.673177 0.400391 0.674479
0 0.473633 0.682292 0.468750 0.677083 0.464844 0.675781 0.463867 0.674479 0.460938 0.674479 0.459961 0.673177 0.458984 0.673177 0.455078 0.677083 0.452148 0.677083 0.450195 0.675781 0.449219 0.677083 0.441406 0.677083 0.440430 0.678385 0.438477 0.678385 0.435547 0.682292 0.435547 0.683594 0.433594 0.686198 0.432617 0.686198 0.432617 0.687500 0.428711 0.694010 0.429688 0.696615 0.429688 0.703125 0.430664 0.704427 0.430664 0.707031 0.432617 0.709635 0.432617 0.712240 0.435547 0.718750 0.435547 0.721354 0.434570 0.722656 0.431641 0.722656 0.430664 0.723958 0.430664 0.727865 0.434570 0.731771 0.435547 0.731771 0.440430 0.727865 0.448242 0.727865 0.449219 0.726562 0.453125 0.725260 0.453125 0.723958 0.459961 0.714844 0.460938 0.710938 0.466797 0.703125 0.474609 0.697917 0.475586 0.694010 0.474609 0.692708 0.474609 0.686198 0.473633 0.684896
0 0.478516 0.695312 0.471680 0.703125 0.468750 0.704427 0.465820 0.709635 0.465820 0.729167 0.468750 0.735677 0.467773 0.738281 0.467773 0.743490 0.470703 0.748698 0.470703 0.750000 0.473633 0.750000 0.481445 0.755208 0.497070 0.755208 0.500977 0.752604 0.501953 0.750000 0.508789 0.740885 0.508789 0.739583 0.510742 0.736979 0.508789 0.730469 0.505859 0.725260 0.504883 0.716146 0.501953 0.708333 0.498047 0.703125 0.496094 0.701823 0.487305 0.701823 0.485352 0.700521 0.482422 0.695312
0 0.123047 0.675781 0.121094 0.678385 0.121094 0.680990 0.118164 0.686198 0.118164 0.688802 0.109375 0.705729 0.109375 0.708333 0.107422 0.713542 0.100586 0.726562 0.100586 0.731771 0.103516 0.738281 0.112305 0.744792 0.114258 0.744792 0.115234 0.746094 0.120117 0.746094 0.121094 0.747396 0.133789 0.747396 0.134766 0.746094 0.137695 0.746094 0.143555 0.742188 0.149414 0.735677 0.147461 0.733073 0.143555 0.733073 0.141602 0.731771 0.139648 0.729167 0.138672 0.725260 0.131836 0.714844 0.129883 0.708333 0.127930 0.705729 0.124023 0.695312 0.124023 0.691406 0.123047 0.690104 0.124023 0.688802 0.124023 0.677083
0 0.142578 0.644531 0.138672 0.648438 0.126953 0.667969 0.124023 0.675781 0.121094 0.679688 0.120117 0.687500 0.119141 0.688802 0.121094 0.688802 0.124023 0.692708 0.124023 0.695312 0.126953 0.699219 0.130859 0.710938 0.132812 0.713542 0.133789 0.717448 0.136719 0.720052 0.140625 0.730469 0.142578 0.731771 0.146484 0.731771 0.149414 0.734375 0.159180 0.727865 0.165039 0.726562 0.168945 0.723958 0.172852 0.718750 0.174805 0.713542 0.174805 0.709635 0.176758 0.705729 0.176758 0.699219 0.174805 0.696615 0.174805 0.680990 0.172852 0.674479 0.174805 0.662760 0.170898 0.656250 0.166016 0.654948 0.161133 0.651042 0.152344 0.647135 0.148438 0.647135
0 0.164062 0.596354 0.164062 0.598958 0.161133 0.602865 0.159180 0.608073 0.158203 0.617188 0.154297 0.626302 0.154297 0.635417 0.155273 0.636719 0.155273 0.643229 0.156250 0.645833 0.165039 0.651042 0.177734 0.653646 0.181641 0.656250 0.185547 0.656250 0.190430 0.658854 0.194336 0.658854 0.195312 0.660156 0.200195 0.660156 0.201172 0.658854 0.203125 0.658854 0.208984 0.651042 0.212891 0.639323 0.214844 0.636719 0.213867 0.634115 0.210938 0.631510 0.210938 0.625000 0.208008 0.619792 0.206055 0.619792 0.205078 0.621094 0.204102 0.619792 0.201172 0.606771 0.199219 0.605469 0.187500 0.604167 0.184570 0.601562 0.178711 0.601562 0.176758 0.604167 0.168945 0.604167 0.166992 0.600260 0.167969 0.598958 0.169922 0.598958 0.170898 0.596354 0.169922 0.595052 0.166016 0.595052
0 0.186523 0.688802 0.185547 0.691406 0.185547 0.699219 0.186523 0.700521 0.186523 0.704427 0.189453 0.708333 0.191406 0.708333 0.195312 0.712240 0.200195 0.714844 0.205078 0.721354 0.206055 0.721354 0.211914 0.730469 0.212891 0.730469 0.214844 0.733073 0.219727 0.733073 0.220703 0.731771 0.222656 0.731771 0.224609 0.730469 0.230469 0.722656 0.231445 0.722656 0.235352 0.716146 0.235352 0.713542 0.237305 0.708333 0.239258 0.705729 0.239258 0.701823 0.240234 0.700521 0.240234 0.699219 0.238281 0.699219 0.236328 0.696615 0.236328 0.688802 0.228516 0.690104 0.224609 0.686198 0.219727 0.684896 0.218750 0.683594 0.219727 0.682292 0.219727 0.679688 0.217773 0.678385 0.213867 0.678385 0.212891 0.677083 0.199219 0.677083 0.191406 0.682292
0 0.271484 0.585938 0.263672 0.589844 0.258789 0.595052 0.252930 0.595052 0.242188 0.601562 0.242188 0.602865 0.240234 0.605469 0.240234 0.608073 0.238281 0.611979 0.237305 0.618490 0.235352 0.622396 0.235352 0.626302 0.233398 0.630208 0.233398 0.634115 0.234375 0.635417 0.235352 0.640625 0.240234 0.647135 0.241211 0.647135 0.244141 0.651042 0.249023 0.653646 0.251953 0.657552 0.253906 0.657552 0.254883 0.658854 0.259766 0.658854 0.262695 0.656250 0.265625 0.656250 0.266602 0.654948 0.272461 0.653646 0.280273 0.647135 0.284180 0.641927 0.284180 0.640625 0.288086 0.634115 0.288086 0.631510 0.289062 0.630208 0.289062 0.619792 0.286133 0.611979 0.286133 0.609375 0.283203 0.605469 0.282227 0.600260 0.280273 0.600260 0.276367 0.595052 0.276367 0.593750
0 0.315430 0.617188 0.310547 0.617188 0.300781 0.623698 0.297852 0.627604 0.297852 0.628906 0.293945 0.632812 0.291016 0.640625 0.282227 0.653646 0.282227 0.656250 0.281250 0.657552 0.281250 0.669271 0.283203 0.671875 0.284180 0.675781 0.294922 0.690104 0.298828 0.692708 0.310547 0.692708 0.311523 0.691406 0.313477 0.691406 0.319336 0.684896 0.327148 0.679688 0.332031 0.671875 0.333008 0.657552 0.333984 0.656250 0.333984 0.645833 0.333008 0.644531 0.333008 0.638021 0.332031 0.636719 0.332031 0.632812 0.330078 0.627604 0.320312 0.623698
0 0.380859 0.598958 0.376953 0.598958 0.376953 0.600260 0.374023 0.602865 0.361328 0.602865 0.360352 0.604167 0.358398 0.604167 0.357422 0.605469 0.353516 0.605469 0.352539 0.606771 0.346680 0.606771 0.345703 0.605469 0.340820 0.604167 0.337891 0.609375 0.337891 0.611979 0.335938 0.615885 0.335938 0.621094 0.334961 0.622396 0.335938 0.623698 0.335938 0.634115 0.336914 0.635417 0.336914 0.641927 0.339844 0.649740 0.346680 0.657552 0.354492 0.658854 0.360352 0.662760 0.367188 0.662760 0.371094 0.660156 0.373047 0.657552 0.375000 0.652344 0.375000 0.649740 0.381836 0.632812 0.381836 0.630208 0.383789 0.627604 0.384766 0.619792 0.385742 0.618490 0.384766 0.610677 0.381836 0.605469 0.381836 0.600260
0 0.340820 0.561198 0.337891 0.565104 0.336914 0.565104 0.335938 0.562500 0.330078 0.554688 0.328125 0.553385 0.325195 0.553385 0.322266 0.550781 0.308594 0.550781 0.307617 0.552083 0.304688 0.552083 0.303711 0.553385 0.297852 0.554688 0.294922 0.558594 0.294922 0.565104 0.293945 0.566406 0.293945 0.578125 0.292969 0.579427 0.292969 0.588542 0.291992 0.589844 0.291992 0.598958 0.291016 0.600260 0.291992 0.601562 0.291992 0.605469 0.293945 0.608073 0.299805 0.611979 0.302734 0.611979 0.303711 0.613281 0.313477 0.613281 0.314453 0.611979 0.317383 0.611979 0.325195 0.606771 0.328125 0.602865 0.329102 0.602865 0.341797 0.584635 0.343750 0.574219 0.342773 0.572917 0.342773 0.565104
0 0.270508 0.541667 0.267578 0.541667 0.266602 0.540365 0.265625 0.541667 0.249023 0.541667 0.248047 0.542969 0.242188 0.542969 0.239258 0.545573 0.234375 0.545573 0.233398 0.546875 0.225586 0.546875 0.224609 0.548177 0.224609 0.557292 0.223633 0.558594 0.223633 0.574219 0.222656 0.575521 0.225586 0.584635 0.225586 0.589844 0.226562 0.592448 0.230469 0.597656 0.234375 0.600260 0.238281 0.600260 0.239258 0.601562 0.248047 0.595052 0.250000 0.595052 0.253906 0.592448 0.256836 0.592448 0.260742 0.588542 0.266602 0.584635 0.271484 0.583333 0.273438 0.580729 0.274414 0.580729 0.278320 0.571615 0.278320 0.569010 0.280273 0.565104 0.280273 0.562500 0.274414 0.553385 0.274414 0.549479 0.272461 0.546875
0 0.173828 0.497396 0.158203 0.516927 0.158203 0.531250 0.161133 0.541667 0.163086 0.559896 0.165039 0.565104 0.168945 0.570312 0.170898 0.570312 0.171875 0.571615 0.174805 0.571615 0.175781 0.572917 0.185547 0.572917 0.186523 0.571615 0.191406 0.571615 0.192383 0.570312 0.194336 0.570312 0.203125 0.559896 0.208008 0.555990 0.211914 0.548177 0.211914 0.546875 0.208008 0.545573 0.206055 0.542969 0.206055 0.539062 0.204102 0.535156 0.204102 0.531250 0.203125 0.529948 0.203125 0.527344 0.204102 0.526042 0.203125 0.519531 0.200195 0.514323 0.197266 0.514323 0.195312 0.511719 0.196289 0.510417 0.200195 0.510417 0.201172 0.506510 0.199219 0.503906 0.196289 0.503906 0.195312 0.505208 0.195312 0.507812 0.194336 0.509115 0.192383 0.509115 0.186523 0.501302 0.184570 0.501302 0.180664 0.496094
0 0.138672 0.542969 0.132812 0.544271 0.126953 0.552083 0.120117 0.548177 0.114258 0.548177 0.110352 0.550781 0.106445 0.550781 0.104492 0.548177 0.099609 0.549479 0.092773 0.561198 0.087891 0.563802 0.087891 0.566406 0.083984 0.572917 0.082031 0.580729 0.083984 0.583333 0.086914 0.583333 0.090820 0.589844 0.093750 0.591146 0.105469 0.606771 0.105469 0.609375 0.108398 0.613281 0.113281 0.615885 0.117188 0.621094 0.122070 0.622396 0.133789 0.617188 0.141602 0.609375 0.145508 0.609375 0.147461 0.606771 0.142578 0.598958 0.145508 0.583333 0.147461 0.580729 0.149414 0.580729 0.149414 0.572917 0.146484 0.579427 0.143555 0.565104 0.139648 0.559896 0.131836 0.554688 0.138672 0.545573
0 0.101562 0.621094 0.101562 0.622396 0.102539 0.623698 0.102539 0.626302 0.103516 0.627604 0.106445 0.628906 0.110352 0.634115 0.111328 0.634115 0.113281 0.636719 0.113281 0.638021 0.119141 0.644531 0.127930 0.644531 0.128906 0.643229 0.132812 0.643229 0.133789 0.641927 0.137695 0.641927 0.138672 0.640625 0.140625 0.640625 0.141602 0.639323 0.144531 0.638021 0.149414 0.631510 0.149414 0.630208 0.150391 0.628906 0.150391 0.623698 0.148438 0.619792 0.148438 0.615885 0.146484 0.611979 0.144531 0.611979 0.141602 0.614583 0.138672 0.614583 0.134766 0.618490 0.133789 0.618490 0.132812 0.619792 0.130859 0.619792 0.129883 0.621094 0.127930 0.621094 0.126953 0.622396 0.117188 0.622396 0.116211 0.621094 0.115234 0.621094 0.107422 0.610677 0.105469 0.610677 0.104492 0.611979 0.104492 0.613281 0.103516 0.614583 0.103516 0.617188
0 0.093750 0.470052 0.092773 0.477865 0.090820 0.483073 0.090820 0.492188 0.095703 0.502604 0.106445 0.514323 0.108398 0.514323 0.110352 0.516927 0.119141 0.518229 0.120117 0.519531 0.123047 0.519531 0.124023 0.520833 0.128906 0.522135 0.137695 0.529948 0.142578 0.529948 0.153320 0.515625 0.156250 0.514323 0.157227 0.511719 0.156250 0.510417 0.155273 0.496094 0.154297 0.494792 0.152344 0.484375 0.150391 0.481771 0.150391 0.477865 0.147461 0.473958 0.138672 0.467448 0.136719 0.463542 0.133789 0.462240 0.131836 0.459635 0.129883 0.459635 0.128906 0.458333 0.124023 0.458333 0.123047 0.457031 0.106445 0.457031 0.104492 0.459635 0.100586 0.460938
0 0.156250 0.393229 0.147461 0.403646 0.135742 0.412760 0.133789 0.416667 0.134766 0.438802 0.135742 0.440104 0.135742 0.444010 0.138672 0.450521 0.137695 0.460938 0.140625 0.467448 0.146484 0.471354 0.150391 0.471354 0.162109 0.477865 0.168945 0.477865 0.173828 0.475260 0.180664 0.467448 0.190430 0.460938 0.192383 0.457031 0.201172 0.447917 0.205078 0.440104 0.203125 0.433594 0.202148 0.416667 0.200195 0.411458 0.196289 0.411458 0.193359 0.408854 0.190430 0.408854 0.189453 0.410156 0.187500 0.407552 0.184570 0.407552 0.174805 0.401042 0.165039 0.399740 0.163086 0.398438 0.161133 0.394531
0 0.254883 0.368490 0.251953 0.367188 0.241211 0.367188 0.236328 0.369792 0.231445 0.369792 0.228516 0.372396 0.224609 0.372396 0.220703 0.377604 0.212891 0.384115 0.207031 0.391927 0.204102 0.398438 0.204102 0.406250 0.203125 0.408854 0.204102 0.410156 0.204102 0.415365 0.206055 0.421875 0.207031 0.432292 0.208984 0.436198 0.208984 0.438802 0.214844 0.447917 0.216797 0.449219 0.224609 0.449219 0.225586 0.447917 0.231445 0.447917 0.232422 0.446615 0.251953 0.445312 0.252930 0.444010 0.255859 0.444010 0.264648 0.437500 0.267578 0.427083 0.270508 0.423177 0.270508 0.419271 0.271484 0.417969 0.270508 0.401042 0.269531 0.399740 0.267578 0.386719 0.265625 0.384115 0.264648 0.380208
0 0.270508 0.444010 0.266602 0.441406 0.262695 0.441406 0.256836 0.445312 0.252930 0.445312 0.251953 0.446615 0.249023 0.446615 0.248047 0.447917 0.240234 0.449219 0.234375 0.453125 0.231445 0.457031 0.227539 0.457031 0.224609 0.460938 0.224609 0.468750 0.223633 0.470052 0.223633 0.492188 0.224609 0.493490 0.224609 0.496094 0.231445 0.503906 0.235352 0.503906 0.244141 0.509115 0.263672 0.509115 0.264648 0.507812 0.268555 0.507812 0.271484 0.503906 0.274414 0.496094 0.274414 0.477865 0.275391 0.476562 0.275391 0.464844 0.274414 0.463542 0.274414 0.459635 0.273438 0.458333 0.272461 0.450521 0.271484 0.449219
0 0.313477 0.483073 0.304688 0.483073 0.303711 0.484375 0.301758 0.484375 0.298828 0.488281 0.283203 0.486979 0.282227 0.490885 0.278320 0.496094 0.276367 0.505208 0.274414 0.507812 0.270508 0.516927 0.270508 0.524740 0.271484 0.526042 0.272461 0.531250 0.283203 0.544271 0.291016 0.550781 0.292969 0.550781 0.293945 0.552083 0.300781 0.552083 0.301758 0.550781 0.303711 0.550781 0.311523 0.541667 0.313477 0.536458 0.319336 0.528646 0.319336 0.527344 0.322266 0.523438 0.323242 0.519531 0.327148 0.513021 0.327148 0.506510 0.326172 0.505208 0.326172 0.494792 0.325195 0.492188 0.321289 0.488281
0 0.326172 0.415365 0.322266 0.417969 0.320312 0.420573 0.316406 0.421875 0.313477 0.425781 0.311523 0.425781 0.310547 0.427083 0.306641 0.427083 0.304688 0.429688 0.303711 0.429688 0.300781 0.433594 0.297852 0.451823 0.298828 0.453125 0.298828 0.457031 0.301758 0.466146 0.310547 0.476562 0.323242 0.485677 0.325195 0.485677 0.326172 0.486979 0.333984 0.486979 0.334961 0.485677 0.336914 0.485677 0.341797 0.480469 0.346680 0.477865 0.351562 0.471354 0.351562 0.468750 0.352539 0.467448 0.352539 0.459635 0.351562 0.458333 0.351562 0.453125 0.349609 0.449219 0.349609 0.446615 0.346680 0.442708 0.346680 0.440104 0.344727 0.436198 0.344727 0.433594 0.341797 0.424479 0.333008 0.415365
0 0.286133 0.350260 0.279297 0.355469 0.273438 0.368490 0.273438 0.377604 0.275391 0.381510 0.274414 0.388021 0.275391 0.389323 0.275391 0.398438 0.276367 0.399740 0.276367 0.402344 0.282227 0.408854 0.288086 0.412760 0.290039 0.412760 0.294922 0.416667 0.296875 0.416667 0.299805 0.419271 0.307617 0.419271 0.317383 0.407552 0.318359 0.407552 0.322266 0.401042 0.325195 0.393229 0.332031 0.382812 0.334961 0.373698 0.334961 0.368490 0.323242 0.355469 0.316406 0.351562 0.313477 0.351562 0.312500 0.350260 0.306641 0.350260 0.305664 0.348958 0.299805 0.348958 0.298828 0.350260 0.296875 0.348958 0.291016 0.348958 0.290039 0.350260
0 0.206055 0.274740 0.200195 0.278646 0.195312 0.285156 0.193359 0.286458 0.186523 0.286458 0.181641 0.291667 0.180664 0.299479 0.177734 0.308594 0.177734 0.328125 0.181641 0.333333 0.184570 0.334635 0.192383 0.343750 0.198242 0.347656 0.211914 0.361979 0.218750 0.361979 0.229492 0.354167 0.233398 0.347656 0.237305 0.337240 0.236328 0.329427 0.233398 0.325521 0.228516 0.324219 0.224609 0.319010 0.225586 0.291667 0.228516 0.285156 0.232422 0.282552 0.235352 0.277344 0.232422 0.276042 0.222656 0.276042 0.221680 0.274740
0 0.265625 0.251302 0.262695 0.252604 0.248047 0.266927 0.240234 0.277344 0.234375 0.281250 0.227539 0.289062 0.225586 0.313802 0.226562 0.319010 0.228516 0.321615 0.231445 0.321615 0.237305 0.329427 0.247070 0.335938 0.254883 0.345052 0.260742 0.348958 0.268555 0.350260 0.275391 0.347656 0.283203 0.341146 0.286133 0.341146 0.293945 0.334635 0.290039 0.333333 0.289062 0.328125 0.295898 0.316406 0.297852 0.294271 0.302734 0.292969 0.302734 0.285156 0.295898 0.273438 0.287109 0.264323 0.281250 0.260417 0.278320 0.260417 0.269531 0.252604
0 0.336914 0.194010 0.325195 0.192708 0.314453 0.197917 0.302734 0.199219 0.293945 0.203125 0.289062 0.203125 0.287109 0.205729 0.282227 0.205729 0.277344 0.208333 0.269531 0.214844 0.274414 0.236979 0.282227 0.255208 0.297852 0.270833 0.301758 0.272135 0.303711 0.278646 0.309570 0.281250 0.320312 0.281250 0.325195 0.278646 0.329102 0.278646 0.341797 0.269531 0.347656 0.259115 0.356445 0.257812 0.356445 0.247396 0.355469 0.248698 0.351562 0.247396 0.355469 0.242188 0.351562 0.234375 0.348633 0.222656 0.344727 0.216146 0.345703 0.203125 0.343750 0.199219
0 0.346680 0.279948 0.336914 0.279948 0.335938 0.281250 0.332031 0.281250 0.329102 0.283854 0.326172 0.283854 0.324219 0.286458 0.321289 0.287760 0.312500 0.302083 0.312500 0.315104 0.318359 0.332031 0.320312 0.334635 0.320312 0.338542 0.324219 0.347656 0.326172 0.355469 0.328125 0.359375 0.333008 0.364583 0.337891 0.367188 0.338867 0.365885 0.349609 0.364583 0.359375 0.358073 0.363281 0.354167 0.372070 0.341146 0.373047 0.338542 0.373047 0.333333 0.374023 0.332031 0.374023 0.320312 0.368164 0.304688 0.369141 0.303385 0.369141 0.298177 0.368164 0.295573 0.355469 0.283854
0 0.378906 0.341146 0.373047 0.345052 0.372070 0.348958 0.370117 0.351562 0.367188 0.352865 0.358398 0.364583 0.356445 0.369792 0.356445 0.382812 0.355469 0.384115 0.355469 0.386719 0.358398 0.391927 0.366211 0.397135 0.368164 0.397135 0.371094 0.399740 0.375977 0.401042 0.387695 0.408854 0.393555 0.408854 0.395508 0.407552 0.401367 0.399740 0.402344 0.395833 0.406250 0.389323 0.406250 0.380208 0.407227 0.378906 0.407227 0.361979 0.405273 0.356771 0.392578 0.342448 0.390625 0.342448 0.389648 0.341146
0 0.392578 0.273438 0.390625 0.276042 0.387695 0.276042 0.385742 0.277344 0.381836 0.282552 0.379883 0.282552 0.378906 0.283854 0.378906 0.286458 0.376953 0.289062 0.378906 0.292969 0.378906 0.298177 0.377930 0.299479 0.377930 0.312500 0.378906 0.313802 0.378906 0.317708 0.381836 0.321615 0.383789 0.328125 0.389648 0.339844 0.393555 0.341146 0.399414 0.347656 0.401367 0.347656 0.402344 0.348958 0.408203 0.348958 0.410156 0.347656 0.416016 0.339844 0.420898 0.329427 0.427734 0.319010 0.429688 0.309896 0.430664 0.308594 0.430664 0.299479 0.427734 0.292969 0.418945 0.282552 0.416992 0.282552 0.407227 0.276042 0.405273 0.273438
0 0.381836 0.408854 0.372070 0.408854 0.364258 0.414062 0.360352 0.421875 0.354492 0.429688 0.354492 0.432292 0.353516 0.433594 0.353516 0.438802 0.356445 0.447917 0.358398 0.462240 0.361328 0.470052 0.362305 0.479167 0.364258 0.484375 0.369141 0.489583 0.375977 0.489583 0.379883 0.486979 0.385742 0.479167 0.390625 0.477865 0.399414 0.464844 0.401367 0.459635 0.401367 0.457031 0.404297 0.451823 0.404297 0.447917 0.405273 0.446615 0.403320 0.430990 0.399414 0.420573 0.394531 0.415365 0.390625 0.412760 0.382812 0.410156
0 0.436523 0.375000 0.430664 0.373698 0.426758 0.377604 0.419922 0.378906 0.414062 0.382812 0.411133 0.386719 0.409180 0.391927 0.405273 0.395833 0.404297 0.399740 0.402344 0.402344 0.400391 0.407552 0.401367 0.415365 0.404297 0.420573 0.406250 0.427083 0.409180 0.430990 0.409180 0.432292 0.416016 0.440104 0.417969 0.440104 0.418945 0.441406 0.427734 0.441406 0.428711 0.440104 0.430664 0.440104 0.431641 0.438802 0.433594 0.438802 0.434570 0.437500 0.436523 0.437500 0.437500 0.436198 0.441406 0.434896 0.443359 0.432292 0.445312 0.425781 0.451172 0.417969 0.453125 0.412760 0.453125 0.398438 0.450195 0.390625 0.448242 0.388021 0.448242 0.386719 0.442383 0.382812
0 0.438477 0.444010 0.430664 0.444010 0.429688 0.445312 0.426758 0.445312 0.422852 0.447917 0.419922 0.446615 0.417969 0.449219 0.416992 0.449219 0.415039 0.454427 0.405273 0.466146 0.405273 0.468750 0.406250 0.470052 0.403320 0.476562 0.403320 0.485677 0.404297 0.486979 0.404297 0.490885 0.405273 0.492188 0.405273 0.494792 0.406250 0.494792 0.409180 0.498698 0.413086 0.507812 0.416016 0.511719 0.427734 0.509115 0.437500 0.502604 0.449219 0.486979 0.449219 0.458333 0.448242 0.455729 0.442383 0.447917 0.442383 0.446615
0 0.359375 0.490885 0.356445 0.498698 0.356445 0.505208 0.355469 0.506510 0.355469 0.511719 0.354492 0.513021 0.355469 0.515625 0.355469 0.524740 0.359375 0.529948 0.366211 0.533854 0.368164 0.536458 0.370117 0.536458 0.373047 0.539062 0.375977 0.539062 0.376953 0.540365 0.383789 0.541667 0.387695 0.544271 0.391602 0.544271 0.392578 0.542969 0.396484 0.541667 0.402344 0.533854 0.404297 0.527344 0.408203 0.522135 0.409180 0.519531 0.409180 0.511719 0.408203 0.509115 0.402344 0.501302 0.400391 0.494792 0.395508 0.488281 0.393555 0.488281 0.392578 0.486979 0.383789 0.486979 0.380859 0.489583 0.375000 0.490885 0.374023 0.492188 0.371094 0.492188 0.370117 0.490885 0.367188 0.490885 0.366211 0.489583 0.361328 0.489583
0 0.412109 0.542969 0.410156 0.542969 0.407227 0.539062 0.406250 0.541667 0.398438 0.542969 0.394531 0.546875 0.386719 0.546875 0.383789 0.544271 0.377930 0.544271 0.375000 0.550781 0.375000 0.554688 0.372070 0.563802 0.372070 0.570312 0.371094 0.571615 0.371094 0.580729 0.375977 0.588542 0.377930 0.588542 0.384766 0.593750 0.388672 0.593750 0.391602 0.596354 0.393555 0.596354 0.397461 0.598958 0.400391 0.598958 0.404297 0.601562 0.408203 0.601562 0.411133 0.597656 0.412109 0.597656 0.416992 0.587240 0.419922 0.584635 0.419922 0.582031 0.420898 0.580729 0.420898 0.570312 0.419922 0.569010 0.419922 0.565104 0.416016 0.557292 0.416016 0.552083 0.415039 0.550781 0.415039 0.548177 0.413086 0.553385 0.411133 0.553385 0.407227 0.548177 0.409180 0.545573 0.411133 0.545573
0 0.399414 0.605469 0.389648 0.617188 0.388672 0.619792 0.388672 0.632812 0.386719 0.638021 0.386719 0.647135 0.387695 0.648438 0.387695 0.651042 0.392578 0.658854 0.395508 0.666667 0.398438 0.669271 0.404297 0.669271 0.405273 0.670573 0.420898 0.670573 0.424805 0.666667 0.429688 0.664062 0.436523 0.654948 0.439453 0.648438 0.439453 0.638021 0.438477 0.635417 0.430664 0.625000 0.426758 0.614583 0.419922 0.605469 0.417969 0.604167 0.415039 0.604167 0.414062 0.602865 0.410156 0.602865 0.409180 0.604167 0.403320 0.604167 0.402344 0.605469
0 0.466797 0.566406 0.459961 0.562500 0.458008 0.559896 0.452148 0.559896 0.451172 0.561198 0.445312 0.562500 0.442383 0.565104 0.437500 0.565104 0.436523 0.563802 0.430664 0.563802 0.429688 0.565104 0.429688 0.567708 0.427734 0.570312 0.429688 0.572917 0.429688 0.580729 0.427734 0.583333 0.427734 0.585938 0.426758 0.587240 0.426758 0.595052 0.430664 0.604167 0.430664 0.606771 0.435547 0.615885 0.448242 0.614583 0.449219 0.613281 0.454102 0.613281 0.455078 0.611979 0.468750 0.611979 0.473633 0.606771 0.474609 0.606771 0.475586 0.601562 0.476562 0.600260 0.476562 0.593750 0.475586 0.592448 0.474609 0.583333 0.472656 0.580729 0.470703 0.572917
0 0.482422 0.558594 0.480469 0.563802 0.480469 0.567708 0.481445 0.569010 0.480469 0.570312 0.480469 0.575521 0.479492 0.576823 0.479492 0.583333 0.481445 0.587240 0.481445 0.589844 0.482422 0.591146 0.482422 0.596354 0.483398 0.597656 0.484375 0.602865 0.492188 0.613281 0.496094 0.614583 0.499023 0.617188 0.509766 0.617188 0.510742 0.615885 0.518555 0.613281 0.522461 0.610677 0.527344 0.605469 0.532227 0.591146 0.532227 0.584635 0.531250 0.583333 0.531250 0.575521 0.530273 0.574219 0.529297 0.567708 0.523438 0.557292 0.521484 0.555990 0.515625 0.555990 0.514648 0.554688 0.508789 0.553385 0.507812 0.552083 0.503906 0.552083 0.502930 0.553385 0.500977 0.553385 0.500000 0.552083 0.493164 0.550781 0.490234 0.553385 0.486328 0.554688
0 0.474609 0.610677 0.467773 0.615885 0.464844 0.615885 0.460938 0.619792 0.459961 0.627604 0.461914 0.632812 0.461914 0.638021 0.458984 0.643229 0.451172 0.645833 0.451172 0.648438 0.453125 0.653646 0.454102 0.653646 0.457031 0.657552 0.458984 0.664062 0.459961 0.664062 0.462891 0.667969 0.466797 0.670573 0.468750 0.670573 0.473633 0.674479 0.479492 0.675781 0.480469 0.674479 0.485352 0.674479 0.487305 0.671875 0.491211 0.661458 0.491211 0.657552 0.492188 0.656250 0.493164 0.647135 0.494141 0.645833 0.495117 0.639323 0.498047 0.632812 0.498047 0.625000 0.495117 0.621094 0.492188 0.619792 0.488281 0.615885 0.486328 0.615885 0.481445 0.611979 0.477539 0.613281
0 0.547852 0.686198 0.543945 0.686198 0.542969 0.687500 0.541016 0.687500 0.532227 0.700521 0.526367 0.704427 0.524414 0.707031 0.516602 0.712240 0.514648 0.712240 0.510742 0.714844 0.507812 0.714844 0.506836 0.716146 0.506836 0.722656 0.507812 0.723958 0.507812 0.726562 0.510742 0.730469 0.513672 0.736979 0.523438 0.747396 0.531250 0.752604 0.535156 0.753906 0.536133 0.756510 0.538086 0.757812 0.543945 0.757812 0.544922 0.753906 0.550781 0.746094 0.555664 0.742188 0.556641 0.739583 0.556641 0.727865 0.557617 0.726562 0.555664 0.721354 0.555664 0.703125 0.553711 0.700521 0.552734 0.696615 0.549805 0.692708
0 0.533203 0.595052 0.532227 0.600260 0.530273 0.602865 0.529297 0.606771 0.523438 0.614583 0.520508 0.615885 0.516602 0.622396 0.519531 0.628906 0.519531 0.631510 0.523438 0.638021 0.525391 0.644531 0.531250 0.653646 0.531250 0.654948 0.533203 0.657552 0.537109 0.660156 0.546875 0.660156 0.547852 0.661458 0.550781 0.658854 0.557617 0.658854 0.558594 0.657552 0.562500 0.656250 0.566406 0.651042 0.569336 0.644531 0.569336 0.640625 0.570312 0.639323 0.570312 0.632812 0.569336 0.631510 0.569336 0.626302 0.568359 0.623698 0.566406 0.621094 0.564453 0.621094 0.562500 0.618490 0.562500 0.611979 0.561523 0.609375 0.556641 0.601562 0.554688 0.601562 0.553711 0.600260 0.547852 0.600260 0.544922 0.597656 0.541992 0.597656 0.541016 0.596354 0.538086 0.596354 0.537109 0.595052
0 0.572266 0.645833 0.570312 0.651042 0.568359 0.652344 0.567383 0.656250 0.564453 0.658854 0.564453 0.664062 0.562500 0.667969 0.562500 0.671875 0.563477 0.673177 0.563477 0.684896 0.565430 0.687500 0.568359 0.688802 0.570312 0.691406 0.570312 0.692708 0.580078 0.705729 0.583984 0.708333 0.589844 0.708333 0.590820 0.709635 0.596680 0.709635 0.597656 0.708333 0.599609 0.708333 0.603516 0.703125 0.607422 0.700521 0.607422 0.683594 0.606445 0.682292 0.606445 0.677083 0.605469 0.675781 0.605469 0.671875 0.604492 0.670573 0.604492 0.658854 0.603516 0.656250 0.599609 0.651042 0.590820 0.644531 0.587891 0.644531 0.586914 0.643229 0.582031 0.643229 0.580078 0.641927 0.576172 0.645833
0 0.575195 0.559896 0.575195 0.565104 0.570312 0.574219 0.570312 0.576823 0.569336 0.578125 0.569336 0.582031 0.566406 0.587240 0.565430 0.592448 0.563477 0.595052 0.561523 0.595052 0.561523 0.602865 0.562500 0.604167 0.562500 0.606771 0.563477 0.609375 0.568359 0.615885 0.569336 0.621094 0.572266 0.623698 0.583008 0.623698 0.583984 0.622396 0.590820 0.622396 0.591797 0.621094 0.595703 0.621094 0.602539 0.611979 0.604492 0.610677 0.604492 0.609375 0.607422 0.604167 0.607422 0.601562 0.608398 0.600260 0.608398 0.591146 0.607422 0.589844 0.607422 0.585938 0.604492 0.578125 0.596680 0.567708 0.596680 0.566406 0.594727 0.563802 0.590820 0.563802 0.589844 0.562500 0.579102 0.562500
0 0.576172 0.501302 0.576172 0.502604 0.580078 0.505208 0.580078 0.507812 0.577148 0.510417 0.577148 0.511719 0.571289 0.520833 0.571289 0.527344 0.570312 0.528646 0.570312 0.532552 0.568359 0.536458 0.568359 0.540365 0.569336 0.541667 0.570312 0.548177 0.575195 0.553385 0.579102 0.554688 0.580078 0.555990 0.582031 0.555990 0.587891 0.559896 0.599609 0.559896 0.600586 0.558594 0.602539 0.558594 0.606445 0.555990 0.609375 0.552083 0.611328 0.546875 0.611328 0.540365 0.610352 0.539062 0.610352 0.529948 0.609375 0.528646 0.609375 0.524740 0.608398 0.523438 0.608398 0.518229 0.607422 0.516927 0.607422 0.506510 0.606445 0.503906 0.604492 0.501302 0.598633 0.500000 0.597656 0.498698 0.593750 0.498698 0.592773 0.497396 0.587891 0.497396 0.586914 0.498698 0.583008 0.497396 0.581055 0.500000
0 0.451172 0.498698 0.449219 0.501302 0.449219 0.505208 0.446289 0.507812 0.448242 0.511719 0.446289 0.514323 0.446289 0.519531 0.447266 0.520833 0.447266 0.532552 0.449219 0.535156 0.449219 0.539062 0.457031 0.549479 0.458984 0.550781 0.466797 0.552083 0.467773 0.553385 0.475586 0.553385 0.476562 0.552083 0.480469 0.552083 0.481445 0.553385 0.482422 0.552083 0.485352 0.552083 0.489258 0.549479 0.491211 0.546875 0.491211 0.544271 0.500977 0.528646 0.500977 0.526042 0.501953 0.524740 0.501953 0.518229 0.499023 0.511719 0.495117 0.506510 0.494141 0.506510 0.491211 0.502604 0.488281 0.501302 0.485352 0.497396 0.478516 0.497396 0.473633 0.490885 0.473633 0.486979 0.468750 0.486979 0.467773 0.488281 0.465820 0.488281 0.463867 0.490885 0.460938 0.492188 0.458984 0.497396
0 0.526367 0.488281 0.520508 0.488281 0.514648 0.493490 0.509766 0.494792 0.506836 0.498698 0.499023 0.503906 0.499023 0.509115 0.503906 0.520833 0.503906 0.529948 0.506836 0.535156 0.507812 0.539062 0.509766 0.541667 0.510742 0.545573 0.513672 0.549479 0.513672 0.550781 0.514648 0.550781 0.516602 0.553385 0.521484 0.553385 0.522461 0.552083 0.524414 0.552083 0.530273 0.548177 0.532227 0.545573 0.534180 0.540365 0.536133 0.539062 0.536133 0.537760 0.539062 0.533854 0.539062 0.532552 0.543945 0.526042 0.543945 0.513021 0.541992 0.510417 0.538086 0.500000 0.536133 0.497396 0.535156 0.497396 0.532227 0.493490 0.532227 0.492188
0 0.543945 0.432292 0.542969 0.436198 0.541016 0.438802 0.540039 0.438802 0.540039 0.446615 0.537109 0.454427 0.538086 0.470052 0.539062 0.471354 0.539062 0.483073 0.538086 0.484375 0.537109 0.490885 0.541992 0.496094 0.549805 0.501302 0.551758 0.501302 0.552734 0.502604 0.556641 0.502604 0.557617 0.501302 0.568359 0.497396 0.572266 0.494792 0.574219 0.492188 0.576172 0.492188 0.583008 0.486979 0.583008 0.477865 0.571289 0.446615 0.567383 0.441406 0.561523 0.437500 0.559570 0.437500 0.555664 0.434896 0.547852 0.437500 0.544922 0.433594 0.544922 0.432292
0 0.455078 0.429688 0.455078 0.432292 0.454102 0.433594 0.454102 0.438802 0.453125 0.440104 0.453125 0.451823 0.454102 0.453125 0.454102 0.457031 0.456055 0.459635 0.458008 0.464844 0.463867 0.471354 0.465820 0.471354 0.469727 0.473958 0.472656 0.473958 0.473633 0.475260 0.478516 0.475260 0.479492 0.476562 0.486328 0.476562 0.488281 0.473958 0.490234 0.473958 0.492188 0.471354 0.493164 0.471354 0.501953 0.460938 0.502930 0.460938 0.506836 0.457031 0.506836 0.453125 0.507812 0.450521 0.506836 0.449219 0.506836 0.444010 0.505859 0.442708 0.504883 0.436198 0.500977 0.430990 0.497070 0.428385 0.494141 0.428385 0.490234 0.425781 0.485352 0.425781 0.483398 0.424479 0.482422 0.421875 0.479492 0.419271 0.467773 0.419271 0.466797 0.420573 0.464844 0.420573 0.458984 0.424479
0 0.516602 0.369792 0.512695 0.367188 0.510742 0.368490 0.508789 0.368490 0.507812 0.367188 0.499023 0.367188 0.498047 0.368490 0.494141 0.368490 0.489258 0.373698 0.487305 0.373698 0.484375 0.377604 0.482422 0.377604 0.481445 0.380208 0.479492 0.382812 0.478516 0.382812 0.477539 0.385417 0.477539 0.389323 0.476562 0.390625 0.476562 0.402344 0.480469 0.410156 0.480469 0.414062 0.481445 0.414062 0.489258 0.423177 0.495117 0.423177 0.496094 0.421875 0.499023 0.421875 0.500000 0.420573 0.505859 0.420573 0.506836 0.419271 0.509766 0.419271 0.510742 0.417969 0.513672 0.417969 0.514648 0.416667 0.517578 0.416667 0.518555 0.415365 0.520508 0.415365 0.522461 0.414062 0.524414 0.410156 0.524414 0.394531 0.523438 0.393229 0.523438 0.389323 0.522461 0.388021 0.522461 0.385417 0.521484 0.384115 0.521484 0.381510 0.520508 0.380208 0.519531 0.373698
0 0.561523 0.365885 0.559570 0.367188 0.559570 0.372396 0.556641 0.376302 0.556641 0.382812 0.549805 0.391927 0.548828 0.394531 0.547852 0.424479 0.550781 0.425781 0.557617 0.433594 0.561523 0.434896 0.566406 0.438802 0.568359 0.438802 0.574219 0.444010 0.582031 0.444010 0.585938 0.438802 0.588867 0.437500 0.591797 0.433594 0.592773 0.429688 0.594727 0.427083 0.601562 0.408854 0.601562 0.397135 0.598633 0.389323 0.596680 0.386719 0.593750 0.385417 0.590820 0.381510 0.587891 0.380208 0.585938 0.376302 0.579102 0.373698 0.576172 0.369792 0.571289 0.367188
0 0.603516 0.402344 0.602539 0.408854 0.601562 0.410156 0.601562 0.411458 0.600586 0.412760 0.600586 0.414062 0.599609 0.415365 0.595703 0.427083 0.593750 0.429688 0.593750 0.430990 0.591797 0.433594 0.591797 0.434896 0.587891 0.440104 0.586914 0.440104 0.583984 0.444010 0.583984 0.445312 0.587891 0.450521 0.589844 0.450521 0.590820 0.451823 0.591797 0.451823 0.592773 0.453125 0.594727 0.453125 0.595703 0.454427 0.598633 0.454427 0.601562 0.457031 0.604492 0.457031 0.605469 0.458333 0.608398 0.458333 0.609375 0.457031 0.611328 0.457031 0.613281 0.454427 0.614258 0.454427 0.623047 0.442708 0.623047 0.441406 0.624023 0.440104 0.624023 0.421875 0.623047 0.420573 0.621094 0.414062 0.618164 0.410156 0.609375 0.404948 0.607422 0.402344
0 0.447266 0.309896 0.431641 0.320312 0.427734 0.325521 0.423828 0.335938 0.423828 0.351562 0.424805 0.352865 0.424805 0.360677 0.428711 0.365885 0.439453 0.375000 0.442383 0.375000 0.444336 0.377604 0.450195 0.381510 0.454102 0.381510 0.455078 0.380208 0.461914 0.378906 0.475586 0.369792 0.482422 0.359375 0.484375 0.354167 0.484375 0.350260 0.486328 0.343750 0.486328 0.338542 0.485352 0.337240 0.485352 0.334635 0.482422 0.330729 0.479492 0.329427 0.473633 0.322917 0.461914 0.315104 0.458008 0.311198 0.454102 0.311198 0.453125 0.309896
0 0.519531 0.298177 0.517578 0.300781 0.508789 0.305990 0.504883 0.311198 0.502930 0.311198 0.500977 0.312500 0.496094 0.319010 0.496094 0.321615 0.495117 0.322917 0.495117 0.329427 0.496094 0.330729 0.496094 0.335938 0.497070 0.337240 0.497070 0.339844 0.500977 0.345052 0.505859 0.347656 0.507812 0.350260 0.509766 0.351562 0.511719 0.351562 0.515625 0.354167 0.517578 0.356771 0.522461 0.358073 0.525391 0.360677 0.530273 0.360677 0.531250 0.359375 0.533203 0.359375 0.534180 0.358073 0.539062 0.356771 0.541016 0.354167 0.541016 0.350260 0.541992 0.348958 0.541992 0.345052 0.542969 0.343750 0.542969 0.338542 0.543945 0.337240 0.543945 0.325521 0.542969 0.324219 0.542969 0.320312 0.541992 0.317708 0.534180 0.307292 0.533203 0.307292 0.530273 0.303385 0.529297 0.303385 0.525391 0.298177
0 0.581055 0.309896 0.579102 0.312500 0.576172 0.313802 0.573242 0.319010 0.569336 0.320312 0.568359 0.322917 0.569336 0.330729 0.567383 0.333333 0.566406 0.338542 0.565430 0.339844 0.565430 0.346354 0.563477 0.350260 0.563477 0.355469 0.564453 0.358073 0.567383 0.359375 0.571289 0.364583 0.573242 0.364583 0.574219 0.365885 0.582031 0.368490 0.585938 0.373698 0.589844 0.376302 0.591797 0.376302 0.593750 0.375000 0.599609 0.367188 0.603516 0.364583 0.609375 0.356771 0.610352 0.354167 0.610352 0.350260 0.611328 0.348958 0.611328 0.333333 0.609375 0.328125 0.600586 0.315104 0.596680 0.312500 0.592773 0.312500 0.591797 0.311198 0.587891 0.311198 0.586914 0.309896
0 0.444336 0.192708 0.437500 0.183594 0.432617 0.180990 0.429688 0.180990 0.427734 0.179688 0.425781 0.175781 0.423828 0.175781 0.422852 0.174479 0.417969 0.174479 0.413086 0.177083 0.411133 0.179688 0.407227 0.179688 0.399414 0.184896 0.398438 0.188802 0.392578 0.199219 0.392578 0.201823 0.390625 0.207031 0.390625 0.210938 0.389648 0.212240 0.389648 0.216146 0.388672 0.217448 0.388672 0.238281 0.389648 0.239583 0.389648 0.242188 0.393555 0.247396 0.398438 0.250000 0.404297 0.248698 0.409180 0.251302 0.413086 0.251302 0.414062 0.250000 0.424805 0.247396 0.431641 0.243490 0.436523 0.243490 0.440430 0.240885 0.443359 0.240885 0.448242 0.235677 0.451172 0.230469 0.451172 0.222656 0.450195 0.221354 0.449219 0.207031 0.445312 0.197917
0 0.462891 0.222656 0.456055 0.230469 0.453125 0.231771 0.431641 0.259115 0.429688 0.266927 0.429688 0.279948 0.428711 0.281250 0.429688 0.289062 0.432617 0.295573 0.438477 0.303385 0.442383 0.305990 0.449219 0.305990 0.455078 0.308594 0.472656 0.308594 0.477539 0.311198 0.484375 0.308594 0.485352 0.304688 0.495117 0.294271 0.499023 0.287760 0.502930 0.277344 0.502930 0.269531 0.503906 0.268229 0.502930 0.251302 0.499023 0.240885 0.489258 0.230469 0.479492 0.226562 0.469727 0.225260 0.466797 0.222656
0 0.499023 0.132812 0.488281 0.132812 0.470703 0.143229 0.467773 0.152344 0.461914 0.160156 0.459961 0.166667 0.455078 0.174479 0.452148 0.184896 0.463867 0.216146 0.468750 0.218750 0.472656 0.218750 0.479492 0.222656 0.483398 0.222656 0.484375 0.221354 0.484375 0.214844 0.485352 0.213542 0.487305 0.214844 0.487305 0.217448 0.489258 0.220052 0.494141 0.220052 0.498047 0.217448 0.501953 0.217448 0.507812 0.209635 0.511719 0.208333 0.522461 0.194010 0.525391 0.180990 0.525391 0.164062 0.523438 0.158854 0.505859 0.136719
0 0.563477 0.222656 0.556641 0.217448 0.554688 0.217448 0.550781 0.213542 0.548828 0.213542 0.536133 0.205729 0.527344 0.201823 0.523438 0.201823 0.522461 0.200521 0.519531 0.201823 0.516602 0.205729 0.515625 0.210938 0.511719 0.217448 0.510742 0.221354 0.507812 0.223958 0.503906 0.230469 0.503906 0.247396 0.505859 0.252604 0.505859 0.277344 0.508789 0.278646 0.512695 0.286458 0.519531 0.286458 0.520508 0.285156 0.529297 0.283854 0.535156 0.281250 0.538086 0.278646 0.544922 0.276042 0.549805 0.270833 0.551758 0.270833 0.556641 0.265625 0.560547 0.255208 0.561523 0.248698 0.565430 0.236979 0.565430 0.229167
0 0.535156 0.148438 0.531250 0.154948 0.529297 0.167969 0.528320 0.169271 0.528320 0.184896 0.531250 0.194010 0.531250 0.199219 0.540039 0.205729 0.544922 0.205729 0.548828 0.210938 0.550781 0.210938 0.554688 0.214844 0.563477 0.220052 0.569336 0.220052 0.574219 0.217448 0.579102 0.209635 0.580078 0.184896 0.581055 0.183594 0.581055 0.174479 0.582031 0.173177 0.582031 0.156250 0.581055 0.154948 0.581055 0.152344 0.575195 0.147135 0.568359 0.145833 0.567383 0.144531 0.563477 0.144531 0.560547 0.141927 0.555664 0.141927 0.554688 0.140625 0.547852 0.141927 0.544922 0.144531
0 0.568359 0.248698 0.564453 0.248698 0.563477 0.250000 0.562500 0.255208 0.559570 0.263021 0.552734 0.272135 0.551758 0.272135 0.548828 0.276042 0.545898 0.277344 0.543945 0.279948 0.541992 0.279948 0.541016 0.281250 0.537109 0.282552 0.533203 0.287760 0.534180 0.290365 0.535156 0.290365 0.546875 0.304688 0.545898 0.309896 0.548828 0.315104 0.561523 0.315104 0.565430 0.317708 0.569336 0.317708 0.573242 0.315104 0.576172 0.311198 0.577148 0.311198 0.577148 0.309896 0.581055 0.304688 0.583008 0.299479 0.583008 0.296875 0.584961 0.292969 0.584961 0.289062 0.586914 0.283854 0.586914 0.276042 0.587891 0.273438 0.583008 0.263021 0.579102 0.260417 0.576172 0.256510 0.573242 0.255208
0 0.634766 0.256510 0.629883 0.256510 0.628906 0.257812 0.622070 0.257812 0.618164 0.260417 0.613281 0.260417 0.612305 0.261719 0.608398 0.263021 0.605469 0.266927 0.605469 0.303385 0.604492 0.304688 0.604492 0.315104 0.607422 0.320312 0.611328 0.322917 0.614258 0.322917 0.617188 0.325521 0.623047 0.325521 0.628906 0.321615 0.633789 0.315104 0.636719 0.313802 0.638672 0.311198 0.642578 0.309896 0.644531 0.307292 0.645508 0.304688 0.645508 0.298177 0.646484 0.296875 0.646484 0.292969 0.647461 0.291667 0.647461 0.286458 0.648438 0.285156 0.648438 0.278646 0.647461 0.277344 0.647461 0.273438 0.646484 0.270833
0 0.680664 0.165365 0.678711 0.164062 0.667969 0.165365 0.663086 0.167969 0.659180 0.167969 0.649414 0.173177 0.641602 0.173177 0.633789 0.178385 0.632812 0.187500 0.631836 0.188802 0.633789 0.195312 0.633789 0.216146 0.635742 0.220052 0.635742 0.227865 0.637695 0.236979 0.640625 0.240885 0.636719 0.248698 0.633789 0.251302 0.634766 0.252604 0.644531 0.252604 0.658203 0.247396 0.669922 0.234375 0.679688 0.226562 0.691406 0.212240 0.695312 0.209635 0.696289 0.196615 0.697266 0.195312 0.696289 0.188802 0.691406 0.178385 0.686523 0.175781 0.681641 0.169271
0 0.672852 0.247396 0.678711 0.247396 0.681641 0.250000 0.685547 0.250000 0.689453 0.247396 0.692383 0.251302 0.692383 0.252604 0.687500 0.257812 0.685547 0.264323 0.681641 0.268229 0.676758 0.268229 0.676758 0.274740 0.677734 0.276042 0.676758 0.290365 0.680664 0.302083 0.684570 0.303385 0.688477 0.307292 0.692383 0.307292 0.704102 0.312500 0.711914 0.312500 0.715820 0.309896 0.717773 0.303385 0.720703 0.298177 0.721680 0.291667 0.723633 0.287760 0.723633 0.263021 0.718750 0.256510 0.710938 0.252604 0.704102 0.243490 0.701172 0.243490 0.700195 0.242188 0.686523 0.242188 0.685547 0.243490 0.681641 0.243490 0.676758 0.247396
0 0.725586 0.279948 0.723633 0.283854 0.724609 0.285156 0.724609 0.287760 0.721680 0.295573 0.721680 0.298177 0.716797 0.307292 0.716797 0.308594 0.712891 0.313802 0.704102 0.313802 0.703125 0.315104 0.703125 0.319010 0.706055 0.324219 0.706055 0.325521 0.708984 0.326823 0.715820 0.335938 0.717773 0.337240 0.719727 0.337240 0.727539 0.343750 0.735352 0.343750 0.740234 0.337240 0.741211 0.334635 0.741211 0.330729 0.743164 0.326823 0.743164 0.322917 0.744141 0.321615 0.744141 0.317708 0.745117 0.316406 0.745117 0.309896 0.746094 0.308594 0.745117 0.307292 0.745117 0.303385 0.744141 0.302083 0.744141 0.299479 0.741211 0.291667 0.737305 0.286458 0.736328 0.282552 0.734375 0.282552 0.731445 0.279948
0 0.716797 0.216146 0.715820 0.217448 0.714844 0.223958 0.712891 0.226562 0.712891 0.229167 0.711914 0.230469 0.713867 0.248698 0.714844 0.251302 0.715820 0.251302 0.717773 0.253906 0.721680 0.256510 0.725586 0.261719 0.725586 0.263021 0.728516 0.266927 0.730469 0.268229 0.739258 0.268229 0.742188 0.264323 0.743164 0.264323 0.746094 0.260417 0.747070 0.260417 0.752930 0.252604 0.753906 0.248698 0.757812 0.242188 0.757812 0.236979 0.758789 0.235677 0.759766 0.223958 0.758789 0.222656 0.758789 0.220052 0.755859 0.217448 0.745117 0.217448 0.744141 0.216146 0.734375 0.216146 0.733398 0.214844 0.726562 0.214844 0.725586 0.213542 0.720703 0.213542
0 0.774414 0.145833 0.772461 0.145833 0.771484 0.147135 0.764648 0.147135 0.763672 0.145833 0.758789 0.145833 0.757812 0.147135 0.754883 0.147135 0.750977 0.149740 0.749023 0.152344 0.749023 0.160156 0.747070 0.162760 0.747070 0.173177 0.746094 0.174479 0.745117 0.183594 0.743164 0.187500 0.743164 0.203125 0.744141 0.205729 0.748047 0.210938 0.750000 0.210938 0.750977 0.212240 0.753906 0.212240 0.755859 0.213542 0.756836 0.212240 0.759766 0.212240 0.760742 0.210938 0.765625 0.209635 0.769531 0.205729 0.770508 0.205729 0.771484 0.203125 0.777344 0.195312 0.781250 0.184896 0.781250 0.180990 0.782227 0.179688 0.782227 0.169271 0.781250 0.167969 0.781250 0.160156 0.782227 0.158854 0.776367 0.151042
0 0.802734 0.196615 0.796875 0.196615 0.795898 0.197917 0.792969 0.197917 0.791992 0.199219 0.790039 0.199219 0.786133 0.204427 0.779297 0.205729 0.771484 0.214844 0.770508 0.214844 0.770508 0.216146 0.766602 0.220052 0.764648 0.225260 0.764648 0.229167 0.763672 0.231771 0.765625 0.235677 0.766602 0.242188 0.768555 0.244792 0.772461 0.256510 0.780273 0.261719 0.782227 0.266927 0.785156 0.264323 0.788086 0.264323 0.794922 0.268229 0.802734 0.266927 0.808594 0.263021 0.815430 0.253906 0.821289 0.240885 0.821289 0.234375 0.822266 0.233073 0.822266 0.230469 0.821289 0.229167 0.821289 0.222656 0.820312 0.221354 0.820312 0.217448 0.818359 0.210938 0.813477 0.205729 0.810547 0.204427 0.806641 0.199219
0 0.889648 0.191406 0.857422 0.167969 0.852539 0.167969 0.842773 0.173177 0.839844 0.173177 0.837891 0.175781 0.831055 0.177083 0.830078 0.180990 0.833984 0.182292 0.835938 0.184896 0.833984 0.188802 0.833984 0.194010 0.833008 0.195312 0.832031 0.190104 0.830078 0.188802 0.829102 0.210938 0.826172 0.214844 0.830078 0.221354 0.833984 0.220052 0.836914 0.221354 0.836914 0.230469 0.833008 0.238281 0.829102 0.230469 0.825195 0.230469 0.826172 0.235677 0.829102 0.240885 0.836914 0.240885 0.837891 0.239583 0.843750 0.239583 0.850586 0.236979 0.858398 0.236979 0.869141 0.230469 0.885742 0.210938 0.889648 0.209635 0.890625 0.207031
0 0.764648 0.268229 0.759766 0.272135 0.757812 0.272135 0.752930 0.277344 0.750977 0.277344 0.750000 0.279948 0.746094 0.283854 0.746094 0.286458 0.748047 0.289062 0.746094 0.291667 0.746094 0.298177 0.748047 0.303385 0.748047 0.324219 0.750000 0.329427 0.753906 0.332031 0.756836 0.332031 0.757812 0.333333 0.765625 0.333333 0.766602 0.334635 0.769531 0.334635 0.773438 0.337240 0.780273 0.337240 0.781250 0.335938 0.783203 0.335938 0.789062 0.330729 0.794922 0.321615 0.797852 0.313802 0.798828 0.296875 0.794922 0.289062 0.794922 0.282552 0.793945 0.281250 0.793945 0.278646 0.790039 0.276042 0.787109 0.276042 0.779297 0.270833 0.775391 0.270833 0.771484 0.268229
0 0.755859 0.359375 0.748047 0.348958 0.747070 0.348958 0.743164 0.345052 0.739258 0.345052 0.738281 0.346354 0.731445 0.347656 0.728516 0.350260 0.725586 0.350260 0.724609 0.351562 0.719727 0.351562 0.711914 0.361979 0.709961 0.363281 0.708984 0.365885 0.709961 0.378906 0.708008 0.381510 0.708984 0.382812 0.712891 0.382812 0.715820 0.386719 0.712891 0.391927 0.714844 0.393229 0.717773 0.397135 0.717773 0.398438 0.719727 0.399740 0.727539 0.401042 0.733398 0.404948 0.738281 0.404948 0.739258 0.403646 0.747070 0.401042 0.750977 0.395833 0.752930 0.385417 0.755859 0.378906 0.755859 0.376302 0.757812 0.371094 0.757812 0.365885 0.755859 0.361979
0 0.627930 0.350260 0.627930 0.352865 0.632812 0.355469 0.640625 0.354167 0.642578 0.356771 0.640625 0.360677 0.641602 0.365885 0.645508 0.360677 0.650391 0.361979 0.647461 0.371094 0.642578 0.377604 0.636719 0.380208 0.631836 0.386719 0.631836 0.403646 0.630859 0.404948 0.628906 0.403646 0.628906 0.397135 0.625000 0.398438 0.625977 0.412760 0.630859 0.415365 0.633789 0.419271 0.658203 0.429688 0.671875 0.429688 0.684570 0.421875 0.688477 0.416667 0.689453 0.411458 0.699219 0.394531 0.695312 0.371094 0.692383 0.364583 0.685547 0.356771 0.680664 0.354167 0.672852 0.355469 0.671875 0.354167 0.667969 0.355469 0.650391 0.354167 0.646484 0.351562 0.634766 0.348958
0 0.739258 0.407552 0.729492 0.407552 0.728516 0.408854 0.725586 0.408854 0.724609 0.410156 0.722656 0.410156 0.719727 0.412760 0.719727 0.415365 0.717773 0.419271 0.718750 0.420573 0.718750 0.427083 0.717773 0.428385 0.717773 0.432292 0.715820 0.434896 0.715820 0.436198 0.713867 0.438802 0.712891 0.438802 0.712891 0.446615 0.713867 0.444010 0.715820 0.442708 0.717773 0.445312 0.717773 0.449219 0.715820 0.451823 0.712891 0.451823 0.710938 0.454427 0.710938 0.460938 0.711914 0.463542 0.715820 0.466146 0.729492 0.466146 0.730469 0.467448 0.732422 0.467448 0.733398 0.466146 0.736328 0.466146 0.738281 0.464844 0.748047 0.454427 0.749023 0.451823 0.749023 0.446615 0.748047 0.445312 0.748047 0.437500 0.747070 0.436198 0.747070 0.427083 0.746094 0.425781 0.746094 0.417969 0.745117 0.416667 0.745117 0.414062 0.743164 0.412760
0 0.671875 0.432292 0.670898 0.433594 0.667969 0.433594 0.666016 0.434896 0.663086 0.438802 0.660156 0.446615 0.660156 0.449219 0.659180 0.450521 0.659180 0.458333 0.658203 0.459635 0.661133 0.463542 0.662109 0.467448 0.664062 0.470052 0.666016 0.475260 0.666016 0.477865 0.665039 0.479167 0.665039 0.486979 0.668945 0.486979 0.669922 0.488281 0.674805 0.488281 0.675781 0.489583 0.677734 0.489583 0.678711 0.488281 0.681641 0.488281 0.683594 0.486979 0.686523 0.483073 0.689453 0.481771 0.694336 0.476562 0.694336 0.475260 0.698242 0.470052 0.701172 0.462240 0.701172 0.459635 0.702148 0.458333 0.702148 0.453125 0.701172 0.451823 0.701172 0.449219 0.699219 0.444010 0.698242 0.444010 0.696289 0.441406 0.689453 0.440104 0.684570 0.436198 0.682617 0.436198 0.681641 0.434896 0.679688 0.434896 0.675781 0.432292
0 0.625000 0.445312 0.618164 0.453125 0.615234 0.454427 0.609375 0.460938 0.610352 0.468750 0.612305 0.472656 0.615234 0.475260 0.614258 0.486979 0.608398 0.496094 0.609375 0.501302 0.613281 0.506510 0.613281 0.507812 0.616211 0.509115 0.623047 0.515625 0.630859 0.516927 0.631836 0.515625 0.637695 0.515625 0.641602 0.513021 0.644531 0.513021 0.648438 0.510417 0.655273 0.501302 0.655273 0.500000 0.661133 0.490885 0.663086 0.484375 0.663086 0.471354 0.660156 0.464844 0.652344 0.455729 0.640625 0.449219 0.635742 0.449219 0.628906 0.445312
0 0.661133 0.497396 0.650391 0.513021 0.649414 0.513021 0.646484 0.516927 0.642578 0.518229 0.644531 0.518229 0.646484 0.520833 0.647461 0.526042 0.648438 0.527344 0.648438 0.528646 0.644531 0.533854 0.644531 0.537760 0.642578 0.541667 0.642578 0.544271 0.643555 0.544271 0.649414 0.552083 0.649414 0.553385 0.654297 0.558594 0.660156 0.559896 0.661133 0.561198 0.666016 0.561198 0.666992 0.562500 0.669922 0.562500 0.670898 0.561198 0.676758 0.559896 0.680664 0.554688 0.680664 0.552083 0.681641 0.550781 0.681641 0.544271 0.682617 0.542969 0.682617 0.536458 0.683594 0.535156 0.683594 0.519531 0.684570 0.518229 0.684570 0.511719 0.685547 0.510417 0.685547 0.507812 0.681641 0.502604 0.679688 0.502604 0.676758 0.500000 0.673828 0.500000 0.670898 0.497396
0 0.693359 0.481771 0.691406 0.484375 0.688477 0.485677 0.685547 0.489583 0.681641 0.492188 0.683594 0.494792 0.685547 0.494792 0.686523 0.496094 0.684570 0.501302 0.685547 0.502604 0.685547 0.506510 0.686523 0.507812 0.686523 0.511719 0.685547 0.513021 0.685547 0.533854 0.688477 0.539062 0.692383 0.541667 0.711914 0.541667 0.715820 0.539062 0.724609 0.524740 0.725586 0.516927 0.726562 0.515625 0.726562 0.507812 0.725586 0.506510 0.725586 0.492188 0.722656 0.488281 0.716797 0.484375 0.710938 0.483073 0.705078 0.479167 0.700195 0.479167 0.699219 0.480469
0 0.770508 0.477865 0.767578 0.477865 0.762695 0.472656 0.758789 0.470052 0.757812 0.471354 0.751953 0.471354 0.753906 0.471354 0.757812 0.475260 0.757812 0.477865 0.756836 0.479167 0.756836 0.485677 0.754883 0.488281 0.748047 0.488281 0.748047 0.489583 0.746094 0.492188 0.743164 0.493490 0.740234 0.498698 0.738281 0.498698 0.737305 0.497396 0.733398 0.497396 0.731445 0.500000 0.732422 0.513021 0.734375 0.518229 0.739258 0.524740 0.739258 0.527344 0.741211 0.531250 0.747070 0.531250 0.748047 0.529948 0.750977 0.529948 0.755859 0.524740 0.759766 0.523438 0.766602 0.518229 0.768555 0.518229 0.772461 0.515625 0.774414 0.513021 0.775391 0.510417 0.775391 0.506510 0.777344 0.502604 0.777344 0.498698 0.778320 0.496094 0.777344 0.494792 0.777344 0.492188 0.774414 0.486979 0.773438 0.481771
0 0.812500 0.430990 0.808594 0.430990 0.807617 0.432292 0.803711 0.432292 0.798828 0.428385 0.790039 0.428385 0.786133 0.433594 0.786133 0.434896 0.785156 0.436198 0.784180 0.440104 0.782227 0.442708 0.780273 0.449219 0.776367 0.454427 0.776367 0.459635 0.775391 0.460938 0.775391 0.463542 0.774414 0.464844 0.774414 0.467448 0.773438 0.468750 0.774414 0.475260 0.778320 0.480469 0.781250 0.480469 0.782227 0.479167 0.783203 0.480469 0.785156 0.480469 0.786133 0.481771 0.790039 0.481771 0.793945 0.476562 0.798828 0.475260 0.802734 0.471354 0.803711 0.471354 0.804688 0.470052 0.807617 0.468750 0.809570 0.466146 0.812500 0.464844 0.815430 0.460938 0.815430 0.458333 0.816406 0.457031 0.816406 0.445312 0.815430 0.444010 0.815430 0.438802 0.814453 0.437500 0.814453 0.433594
0 0.665039 0.569010 0.661133 0.563802 0.657227 0.563802 0.656250 0.562500 0.645508 0.562500 0.644531 0.563802 0.641602 0.563802 0.638672 0.566406 0.633789 0.566406 0.629883 0.569010 0.625977 0.569010 0.621094 0.575521 0.621094 0.576823 0.617188 0.582031 0.616211 0.584635 0.616211 0.587240 0.615234 0.588542 0.615234 0.598958 0.619141 0.605469 0.623047 0.606771 0.628906 0.611979 0.634766 0.611979 0.635742 0.613281 0.638672 0.613281 0.639648 0.611979 0.644531 0.610677 0.642578 0.606771 0.643555 0.605469 0.646484 0.605469 0.647461 0.606771 0.646484 0.610677 0.648438 0.611979 0.653320 0.611979 0.655273 0.608073 0.655273 0.605469 0.657227 0.604167 0.662109 0.597656 0.662109 0.595052 0.663086 0.593750 0.663086 0.591146 0.665039 0.585938 0.665039 0.582031 0.666016 0.580729 0.666016 0.572917 0.665039 0.571615
0 0.661133 0.621094 0.658203 0.619792 0.654297 0.615885 0.649414 0.615885 0.648438 0.617188 0.642578 0.617188 0.641602 0.618490 0.631836 0.618490 0.629883 0.622396 0.629883 0.627604 0.628906 0.628906 0.628906 0.631510 0.627930 0.632812 0.627930 0.635417 0.626953 0.636719 0.626953 0.653646 0.624023 0.657552 0.624023 0.658854 0.627930 0.664062 0.628906 0.664062 0.633789 0.667969 0.635742 0.667969 0.636719 0.669271 0.640625 0.669271 0.641602 0.670573 0.645508 0.670573 0.646484 0.669271 0.650391 0.669271 0.651367 0.667969 0.652344 0.667969 0.655273 0.664062 0.656250 0.664062 0.656250 0.661458 0.657227 0.660156 0.657227 0.656250 0.658203 0.654948 0.658203 0.644531 0.659180 0.643229 0.659180 0.638021 0.660156 0.636719 0.660156 0.634115 0.661133 0.632812
0 0.622070 0.664062 0.622070 0.666667 0.621094 0.667969 0.621094 0.669271 0.625000 0.673177 0.625000 0.674479 0.624023 0.675781 0.624023 0.678385 0.622070 0.680990 0.621094 0.684896 0.619141 0.687500 0.618164 0.687500 0.617188 0.688802 0.615234 0.688802 0.615234 0.690104 0.618164 0.691406 0.620117 0.694010 0.620117 0.695312 0.622070 0.699219 0.622070 0.701823 0.623047 0.703125 0.625977 0.703125 0.627930 0.705729 0.629883 0.705729 0.630859 0.707031 0.634766 0.707031 0.635742 0.708333 0.645508 0.708333 0.646484 0.707031 0.648438 0.707031 0.649414 0.705729 0.650391 0.705729 0.654297 0.700521 0.654297 0.669271 0.652344 0.669271 0.651367 0.670573 0.648438 0.670573 0.647461 0.671875 0.640625 0.671875 0.639648 0.670573 0.636719 0.670573 0.635742 0.669271 0.633789 0.669271 0.632812 0.667969 0.629883 0.667969 0.628906 0.666667 0.625000 0.666667 0.623047 0.664062
0 0.689453 0.721354 0.688477 0.721354 0.688477 0.723958 0.685547 0.726562 0.682617 0.726562 0.681641 0.725260 0.680664 0.725260 0.679688 0.726562 0.677734 0.726562 0.676758 0.727865 0.675781 0.727865 0.673828 0.730469 0.671875 0.730469 0.670898 0.731771 0.669922 0.731771 0.668945 0.735677 0.663086 0.743490 0.663086 0.744792 0.661133 0.748698 0.661133 0.752604 0.660156 0.753906 0.659180 0.757812 0.661133 0.761719 0.661133 0.765625 0.662109 0.766927 0.662109 0.774740 0.664062 0.777344 0.672852 0.777344 0.673828 0.776042 0.676758 0.774740 0.682617 0.768229 0.687500 0.766927 0.688477 0.765625 0.693359 0.763021 0.695312 0.760417 0.695312 0.759115 0.698242 0.752604 0.698242 0.739583 0.697266 0.738281 0.697266 0.735677 0.696289 0.734375 0.694336 0.727865 0.692383 0.725260 0.691406 0.725260 0.689453 0.722656
0 0.702148 0.699219 0.701172 0.700521 0.700195 0.700521 0.701172 0.700521 0.704102 0.704427 0.704102 0.705729 0.703125 0.707031 0.702148 0.710938 0.699219 0.713542 0.699219 0.714844 0.696289 0.718750 0.696289 0.720052 0.695312 0.721354 0.695312 0.726562 0.696289 0.727865 0.696289 0.730469 0.699219 0.736979 0.699219 0.739583 0.700195 0.740885 0.700195 0.743490 0.701172 0.744792 0.701172 0.746094 0.705078 0.746094 0.708984 0.751302 0.708984 0.752604 0.710938 0.755208 0.716797 0.755208 0.720703 0.751302 0.721680 0.751302 0.728516 0.742188 0.728516 0.740885 0.731445 0.734375 0.731445 0.730469 0.733398 0.726562 0.733398 0.720052 0.732422 0.718750 0.732422 0.717448 0.724609 0.707031 0.724609 0.705729 0.720703 0.701823 0.716797 0.701823 0.715820 0.700521 0.710938 0.700521 0.709961 0.699219
0 0.775391 0.764323 0.762695 0.747396 0.756836 0.742188 0.752930 0.742188 0.752930 0.746094 0.749023 0.748698 0.747070 0.751302 0.744141 0.751302 0.744141 0.755208 0.745117 0.756510 0.742188 0.759115 0.739258 0.764323 0.736328 0.764323 0.733398 0.772135 0.733398 0.776042 0.731445 0.778646 0.726562 0.773438 0.726562 0.760417 0.725586 0.756510 0.729492 0.752604 0.728516 0.747396 0.727539 0.747396 0.726562 0.751302 0.723633 0.752604 0.724609 0.753906 0.724609 0.757812 0.722656 0.761719 0.723633 0.770833 0.727539 0.779948 0.730469 0.783854 0.733398 0.795573 0.735352 0.798177 0.740234 0.796875 0.741211 0.798177 0.746094 0.798177 0.747070 0.799479 0.759766 0.799479 0.762695 0.796875 0.773438 0.781250 0.776367 0.779948 0.777344 0.777344 0.775391 0.773438 0.776367 0.769531
0 0.830078 0.742188 0.827148 0.742188 0.826172 0.743490 0.823242 0.743490 0.822266 0.744792 0.821289 0.744792 0.816406 0.750000 0.813477 0.751302 0.805664 0.761719 0.805664 0.763021 0.801758 0.772135 0.801758 0.779948 0.802734 0.781250 0.802734 0.782552 0.798828 0.787760 0.798828 0.789062 0.799805 0.789062 0.801758 0.791667 0.801758 0.792969 0.802734 0.792969 0.805664 0.795573 0.807617 0.795573 0.810547 0.799479 0.811523 0.799479 0.812500 0.800781 0.817383 0.800781 0.818359 0.799479 0.827148 0.794271 0.828125 0.792969 0.828125 0.789062 0.830078 0.786458 0.832031 0.786458 0.834961 0.782552 0.835938 0.782552 0.840820 0.777344 0.840820 0.774740 0.841797 0.773438 0.841797 0.768229 0.840820 0.766927 0.840820 0.764323 0.839844 0.763021 0.839844 0.756510 0.838867 0.755208 0.838867 0.751302 0.837891 0.750000 0.837891 0.748698 0.836914 0.748698 0.834961 0.746094 0.833984 0.746094
0 0.872070 0.723958 0.871094 0.723958 0.869141 0.721354 0.866211 0.721354 0.866211 0.722656 0.864258 0.725260 0.863281 0.725260 0.862305 0.726562 0.859375 0.726562 0.858398 0.727865 0.855469 0.727865 0.854492 0.729167 0.853516 0.729167 0.850586 0.733073 0.847656 0.734375 0.845703 0.736979 0.844727 0.736979 0.839844 0.740885 0.837891 0.740885 0.839844 0.743490 0.839844 0.748698 0.840820 0.750000 0.840820 0.755208 0.841797 0.756510 0.841797 0.763021 0.842773 0.764323 0.842773 0.766927 0.843750 0.768229 0.850586 0.768229 0.851562 0.766927 0.858398 0.766927 0.859375 0.768229 0.862305 0.768229 0.863281 0.766927 0.866211 0.766927 0.867188 0.765625 0.872070 0.763021 0.876953 0.756510 0.876953 0.755208 0.877930 0.753906 0.877930 0.746094 0.876953 0.744792 0.876953 0.739583 0.875977 0.738281 0.875977 0.734375 0.875000 0.733073 0.874023 0.726562
0 0.827148 0.647135 0.820312 0.645833 0.818359 0.648438 0.811523 0.652344 0.808594 0.656250 0.808594 0.664062 0.805664 0.669271 0.805664 0.678385 0.804688 0.679688 0.803711 0.683594 0.801758 0.686198 0.799805 0.683594 0.797852 0.683594 0.796875 0.684896 0.797852 0.686198 0.797852 0.688802 0.798828 0.690104 0.799805 0.690104 0.802734 0.695312 0.803711 0.695312 0.806641 0.699219 0.807617 0.699219 0.811523 0.703125 0.818359 0.703125 0.819336 0.701823 0.821289 0.701823 0.822266 0.700521 0.823242 0.700521 0.831055 0.691406 0.832031 0.691406 0.834961 0.686198 0.834961 0.683594 0.836914 0.679688 0.837891 0.673177 0.839844 0.669271 0.839844 0.664062 0.838867 0.662760 0.838867 0.661458 0.832031 0.651042 0.831055 0.651042
0 0.747070 0.636719 0.743164 0.636719 0.740234 0.634115 0.738281 0.634115 0.736328 0.631510 0.733398 0.631510 0.732422 0.632812 0.733398 0.634115 0.733398 0.636719 0.730469 0.640625 0.729492 0.640625 0.727539 0.643229 0.726562 0.643229 0.721680 0.649740 0.720703 0.649740 0.717773 0.653646 0.716797 0.653646 0.716797 0.654948 0.715820 0.656250 0.715820 0.664062 0.709961 0.673177 0.711914 0.679688 0.713867 0.682292 0.713867 0.684896 0.714844 0.686198 0.714844 0.687500 0.716797 0.690104 0.719727 0.690104 0.720703 0.691406 0.722656 0.691406 0.723633 0.692708 0.731445 0.692708 0.732422 0.691406 0.735352 0.690104 0.737305 0.687500 0.738281 0.683594 0.746094 0.671875 0.746094 0.670573 0.748047 0.667969 0.748047 0.666667 0.751953 0.661458 0.751953 0.660156 0.752930 0.658854 0.752930 0.656250 0.751953 0.654948 0.751953 0.651042 0.750977 0.649740 0.750977 0.643229
0 0.759766 0.651042 0.757812 0.651042 0.756836 0.649740 0.753906 0.649740 0.753906 0.652344 0.752930 0.653646 0.752930 0.660156 0.748047 0.667969 0.748047 0.669271 0.746094 0.671875 0.746094 0.673177 0.742188 0.678385 0.742188 0.679688 0.740234 0.682292 0.739258 0.686198 0.733398 0.694010 0.732422 0.694010 0.732422 0.695312 0.735352 0.699219 0.736328 0.699219 0.739258 0.701823 0.741211 0.701823 0.742188 0.703125 0.757812 0.703125 0.758789 0.701823 0.760742 0.701823 0.761719 0.700521 0.768555 0.696615 0.769531 0.695312 0.769531 0.694010 0.772461 0.690104 0.772461 0.688802 0.773438 0.687500 0.773438 0.683594 0.774414 0.682292 0.774414 0.678385 0.773438 0.677083 0.773438 0.674479 0.770508 0.670573 0.769531 0.666667 0.765625 0.661458 0.765625 0.660156
0 0.719727 0.552083 0.718750 0.554688 0.720703 0.555990 0.723633 0.555990 0.726562 0.558594 0.725586 0.563802 0.723633 0.566406 0.722656 0.566406 0.717773 0.572917 0.717773 0.574219 0.713867 0.578125 0.713867 0.579427 0.711914 0.582031 0.709961 0.582031 0.708008 0.584635 0.708008 0.591146 0.708984 0.592448 0.708984 0.596354 0.708008 0.597656 0.705078 0.597656 0.704102 0.598958 0.704102 0.601562 0.705078 0.601562 0.708984 0.606771 0.714844 0.610677 0.720703 0.611979 0.726562 0.615885 0.729492 0.615885 0.734375 0.611979 0.738281 0.606771 0.740234 0.601562 0.745117 0.596354 0.745117 0.595052 0.749023 0.589844 0.750977 0.584635 0.750977 0.580729 0.747070 0.569010 0.741211 0.561198 0.731445 0.554688 0.725586 0.554688 0.724609 0.553385 0.720703 0.553385
0 0.754883 0.587240 0.751953 0.587240 0.750000 0.589844 0.750000 0.591146 0.746094 0.596354 0.746094 0.597656 0.745117 0.598958 0.744141 0.598958 0.742188 0.601562 0.742188 0.602865 0.738281 0.608073 0.738281 0.609375 0.737305 0.610677 0.736328 0.610677 0.733398 0.614583 0.732422 0.614583 0.730469 0.617188 0.730469 0.618490 0.732422 0.621094 0.732422 0.623698 0.734375 0.627604 0.735352 0.627604 0.736328 0.628906 0.737305 0.628906 0.740234 0.631510 0.742188 0.631510 0.743164 0.632812 0.744141 0.632812 0.745117 0.631510 0.747070 0.631510 0.750000 0.628906 0.751953 0.628906 0.752930 0.627604 0.753906 0.627604 0.755859 0.625000 0.756836 0.621094 0.758789 0.618490 0.758789 0.617188 0.760742 0.614583 0.760742 0.613281 0.761719 0.611979 0.761719 0.593750 0.758789 0.589844 0.757812 0.589844
0 0.790039 0.541667 0.787109 0.546875 0.785156 0.546875 0.782227 0.549479 0.782227 0.550781 0.780273 0.553385 0.780273 0.555990 0.781250 0.558594 0.777344 0.563802 0.775391 0.565104 0.775391 0.571615 0.774414 0.572917 0.774414 0.580729 0.777344 0.585938 0.777344 0.591146 0.775391 0.593750 0.773438 0.593750 0.771484 0.595052 0.771484 0.596354 0.773438 0.596354 0.775391 0.598958 0.775391 0.600260 0.778320 0.602865 0.782227 0.602865 0.783203 0.604167 0.792969 0.604167 0.793945 0.605469 0.795898 0.605469 0.796875 0.604167 0.800781 0.604167 0.803711 0.601562 0.808594 0.600260 0.810547 0.596354 0.810547 0.570312 0.809570 0.569010 0.809570 0.558594 0.808594 0.557292 0.808594 0.554688 0.806641 0.549479 0.802734 0.545573 0.798828 0.542969 0.795898 0.542969 0.794922 0.541667
0 0.851562 0.587240 0.848633 0.587240 0.848633 0.589844 0.840820 0.600260 0.835938 0.602865 0.833984 0.605469 0.833984 0.623698 0.832031 0.626302 0.833008 0.634115 0.831055 0.636719 0.827148 0.638021 0.826172 0.639323 0.822266 0.632812 0.821289 0.635417 0.821289 0.638021 0.825195 0.643229 0.827148 0.643229 0.831055 0.647135 0.833984 0.648438 0.835938 0.651042 0.837891 0.652344 0.840820 0.652344 0.841797 0.653646 0.845703 0.653646 0.846680 0.652344 0.848633 0.652344 0.851562 0.649740 0.854492 0.649740 0.860352 0.645833 0.860352 0.644531 0.864258 0.639323 0.867188 0.630208 0.867188 0.626302 0.868164 0.625000 0.869141 0.610677 0.868164 0.609375 0.868164 0.605469 0.866211 0.602865 0.864258 0.596354 0.861328 0.595052 0.857422 0.589844 0.854492 0.589844
0 0.944336 0.803385 0.941406 0.799479 0.937500 0.796875 0.937500 0.798177 0.935547 0.800781 0.932617 0.800781 0.931641 0.802083 0.928711 0.802083 0.927734 0.803385 0.922852 0.803385 0.920898 0.804688 0.916992 0.809896 0.916016 0.809896 0.915039 0.813802 0.908203 0.822917 0.906250 0.824219 0.905273 0.826823 0.905273 0.839844 0.903320 0.841146 0.901367 0.837240 0.899414 0.837240 0.898438 0.839844 0.905273 0.851562 0.907227 0.852865 0.912109 0.852865 0.938477 0.834635 0.941406 0.834635 0.942383 0.833333 0.944336 0.834635 0.947266 0.834635 0.949219 0.830729 0.949219 0.816406 0.948242 0.815104 0.947266 0.808594 0.944336 0.804688
0 0.936523 0.710938 0.934570 0.710938 0.934570 0.712240 0.931641 0.716146 0.926758 0.717448 0.920898 0.723958 0.919922 0.723958 0.916992 0.727865 0.916016 0.727865 0.913086 0.735677 0.914062 0.738281 0.914062 0.752604 0.915039 0.753906 0.915039 0.760417 0.916016 0.761719 0.915039 0.764323 0.915039 0.769531 0.916016 0.772135 0.918945 0.776042 0.922852 0.778646 0.927734 0.778646 0.930664 0.776042 0.933594 0.776042 0.937500 0.773438 0.942383 0.766927 0.943359 0.766927 0.945312 0.764323 0.946289 0.761719 0.946289 0.759115 0.951172 0.752604 0.951172 0.750000 0.950195 0.748698 0.950195 0.736979 0.949219 0.735677 0.949219 0.731771 0.948242 0.730469 0.948242 0.721354 0.945312 0.717448 0.944336 0.717448 0.942383 0.714844 0.939453 0.714844
0 0.887695 0.561198 0.886719 0.561198 0.883789 0.566406 0.882812 0.566406 0.880859 0.569010 0.879883 0.569010 0.876953 0.572917 0.876953 0.574219 0.875977 0.575521 0.875977 0.583333 0.876953 0.584635 0.876953 0.588542 0.874023 0.593750 0.873047 0.597656 0.871094 0.600260 0.871094 0.604167 0.872070 0.605469 0.872070 0.617188 0.873047 0.618490 0.873047 0.619792 0.874023 0.619792 0.878906 0.623698 0.884766 0.623698 0.885742 0.622396 0.887695 0.622396 0.888672 0.621094 0.890625 0.621094 0.891602 0.619792 0.892578 0.619792 0.898438 0.611979 0.898438 0.610677 0.901367 0.606771 0.901367 0.602865 0.902344 0.601562 0.902344 0.593750 0.899414 0.587240 0.899414 0.583333 0.898438 0.582031 0.898438 0.578125 0.897461 0.576823 0.897461 0.574219 0.896484 0.572917 0.896484 0.571615 0.891602 0.565104 0.890625 0.565104
0 0.904297 0.601562 0.903320 0.602865 0.902344 0.606771 0.894531 0.618490 0.894531 0.619792 0.889648 0.623698 0.889648 0.625000 0.888672 0.626302 0.888672 0.627604 0.889648 0.628906 0.889648 0.634115 0.888672 0.635417 0.886719 0.635417 0.884766 0.632812 0.883789 0.634115 0.883789 0.636719 0.886719 0.640625 0.886719 0.644531 0.887695 0.645833 0.887695 0.647135 0.892578 0.653646 0.893555 0.653646 0.894531 0.654948 0.897461 0.654948 0.898438 0.656250 0.901367 0.656250 0.902344 0.657552 0.915039 0.657552 0.919922 0.651042 0.919922 0.648438 0.920898 0.647135 0.920898 0.630208 0.919922 0.628906 0.919922 0.610677 0.916992 0.605469 0.916016 0.605469 0.912109 0.601562
0 0.824219 0.428385 0.823242 0.430990 0.827148 0.430990 0.829102 0.432292 0.830078 0.434896 0.824219 0.442708 0.824219 0.444010 0.820312 0.447917 0.820312 0.450521 0.818359 0.455729 0.818359 0.466146 0.819336 0.467448 0.818359 0.476562 0.819336 0.477865 0.835938 0.486979 0.843750 0.496094 0.851562 0.496094 0.852539 0.494792 0.859375 0.493490 0.861328 0.492188 0.861328 0.490885 0.864258 0.486979 0.870117 0.481771 0.869141 0.479167 0.869141 0.470052 0.868164 0.468750 0.868164 0.462240 0.867188 0.460938 0.866211 0.451823 0.864258 0.445312 0.861328 0.441406 0.861328 0.438802 0.857422 0.434896 0.852539 0.434896 0.849609 0.430990 0.849609 0.429688 0.841797 0.428385 0.840820 0.427083 0.833984 0.427083 0.830078 0.424479 0.828125 0.427083
0 0.896484 0.420573 0.895508 0.420573 0.893555 0.423177 0.886719 0.423177 0.884766 0.421875 0.882812 0.424479 0.882812 0.428385 0.874023 0.438802 0.872070 0.445312 0.869141 0.449219 0.869141 0.463542 0.870117 0.464844 0.870117 0.468750 0.872070 0.473958 0.879883 0.473958 0.881836 0.476562 0.883789 0.481771 0.883789 0.486979 0.892578 0.486979 0.892578 0.485677 0.895508 0.481771 0.896484 0.481771 0.896484 0.480469 0.899414 0.476562 0.900391 0.476562 0.906250 0.467448 0.907227 0.467448 0.909180 0.464844 0.912109 0.457031 0.912109 0.453125 0.913086 0.451823 0.913086 0.444010 0.912109 0.442708 0.912109 0.438802 0.905273 0.429688 0.905273 0.428385 0.904297 0.428385 0.900391 0.423177
0 0.806641 0.355469 0.806641 0.356771 0.809570 0.359375 0.815430 0.358073 0.816406 0.359375 0.816406 0.361979 0.815430 0.363281 0.812500 0.363281 0.803711 0.376302 0.803711 0.381510 0.804688 0.382812 0.803711 0.408854 0.801758 0.411458 0.798828 0.412760 0.802734 0.414062 0.805664 0.419271 0.806641 0.419271 0.814453 0.428385 0.820312 0.428385 0.826172 0.424479 0.828125 0.421875 0.830078 0.421875 0.834961 0.415365 0.840820 0.403646 0.842773 0.397135 0.842773 0.377604 0.833008 0.367188 0.828125 0.364583 0.825195 0.359375 0.823242 0.359375 0.822266 0.358073 0.817383 0.358073 0.813477 0.355469
0 0.877930 0.317708 0.876953 0.319010 0.875000 0.319010 0.874023 0.320312 0.870117 0.321615 0.867188 0.325521 0.871094 0.329427 0.870117 0.332031 0.868164 0.332031 0.866211 0.329427 0.866211 0.328125 0.863281 0.329427 0.852539 0.345052 0.851562 0.351562 0.853516 0.354167 0.855469 0.354167 0.862305 0.360677 0.863281 0.363281 0.863281 0.369792 0.862305 0.371094 0.866211 0.372396 0.868164 0.375000 0.868164 0.376302 0.870117 0.376302 0.874023 0.378906 0.882812 0.378906 0.884766 0.377604 0.895508 0.363281 0.898438 0.363281 0.901367 0.356771 0.901367 0.352865 0.900391 0.351562 0.900391 0.346354 0.897461 0.339844 0.897461 0.335938 0.895508 0.330729 0.887695 0.321615 0.881836 0.317708
