0 0.110352 0.287760 0.106445 0.294271 0.106445 0.302083 0.105469 0.303385 0.104492 0.311198 0.102539 0.315104 0.102539 0.322917 0.109375 0.334635 0.111328 0.339844 0.118164 0.347656 0.122070 0.350260 0.125000 0.350260 0.132812 0.358073 0.136719 0.358073 0.141602 0.354167 0.144531 0.354167 0.146484 0.351562 0.147461 0.354167 0.150391 0.354167 0.154297 0.346354 0.154297 0.342448 0.153320 0.339844 0.154297 0.338542 0.154297 0.333333 0.155273 0.332031 0.155273 0.324219 0.154297 0.322917 0.154297 0.319010 0.152344 0.315104 0.150391 0.299479 0.146484 0.290365 0.139648 0.282552 0.119141 0.282552
0 0.138672 0.252604 0.137695 0.255208 0.137695 0.272135 0.139648 0.276042 0.139648 0.278646 0.148438 0.290365 0.152344 0.300781 0.155273 0.304688 0.157227 0.305990 0.160156 0.305990 0.165039 0.311198 0.169922 0.311198 0.170898 0.309896 0.185547 0.309896 0.192383 0.295573 0.192383 0.291667 0.192383 0.294271 0.191406 0.295573 0.188477 0.295573 0.187500 0.294271 0.187500 0.290365 0.188477 0.287760 0.187500 0.286458 0.187500 0.272135 0.186523 0.270833 0.186523 0.260417 0.185547 0.259115 0.185547 0.255208 0.181641 0.247396 0.176758 0.240885 0.171875 0.239583 0.170898 0.240885 0.167969 0.240885 0.166992 0.242188 0.161133 0.243490 0.158203 0.246094 0.154297 0.246094 0.153320 0.247396 0.145508 0.250000 0.142578 0.252604
0 0.241211 0.270833 0.222656 0.270833 0.221680 0.269531 0.215820 0.269531 0.206055 0.277344 0.203125 0.277344 0.201172 0.279948 0.202148 0.292969 0.203125 0.294271 0.204102 0.304688 0.205078 0.305990 0.205078 0.309896 0.206055 0.311198 0.206055 0.315104 0.207031 0.316406 0.207031 0.320312 0.208984 0.325521 0.208984 0.330729 0.209961 0.333333 0.213867 0.335938 0.221680 0.338542 0.222656 0.337240 0.228516 0.335938 0.232422 0.332031 0.237305 0.330729 0.242188 0.325521 0.243164 0.325521 0.244141 0.321615 0.246094 0.319010 0.244141 0.313802 0.246094 0.311198 0.246094 0.308594 0.248047 0.305990 0.249023 0.300781 0.250000 0.299479 0.250000 0.282552 0.248047 0.279948 0.248047 0.278646 0.243164 0.272135
0 0.280273 0.246094 0.275391 0.246094 0.265625 0.257812 0.261719 0.259115 0.260742 0.260417 0.257812 0.260417 0.256836 0.261719 0.250977 0.261719 0.248047 0.265625 0.248047 0.272135 0.249023 0.273438 0.249023 0.276042 0.250000 0.277344 0.250000 0.279948 0.251953 0.285156 0.253906 0.287760 0.253906 0.289062 0.266602 0.304688 0.266602 0.305990 0.272461 0.302083 0.275391 0.298177 0.281250 0.294271 0.283203 0.291667 0.285156 0.290365 0.288086 0.290365 0.299805 0.282552 0.302734 0.278646 0.300781 0.274740 0.300781 0.270833 0.299805 0.269531 0.299805 0.266927 0.297852 0.264323 0.295898 0.259115 0.291016 0.255208 0.287109 0.253906
0 0.313477 0.273438 0.312500 0.274740 0.310547 0.274740 0.305664 0.281250 0.303711 0.281250 0.297852 0.286458 0.292969 0.292969 0.292969 0.294271 0.289062 0.298177 0.287109 0.304688 0.287109 0.313802 0.285156 0.319010 0.285156 0.325521 0.286133 0.328125 0.296875 0.341146 0.309570 0.351562 0.311523 0.351562 0.316406 0.347656 0.323242 0.338542 0.324219 0.338542 0.330078 0.330729 0.331055 0.330729 0.341797 0.317708 0.343750 0.311198 0.342773 0.303385 0.340820 0.300781 0.337891 0.299479 0.334961 0.295573 0.332031 0.286458 0.329102 0.282552 0.321289 0.279948
0 0.287109 0.173177 0.286133 0.174479 0.286133 0.178385 0.283203 0.186198 0.282227 0.192708 0.279297 0.197917 0.279297 0.200521 0.278320 0.201823 0.278320 0.218750 0.277344 0.220052 0.277344 0.236979 0.278320 0.238281 0.278320 0.242188 0.283203 0.246094 0.286133 0.250000 0.288086 0.250000 0.289062 0.251302 0.295898 0.251302 0.296875 0.252604 0.298828 0.252604 0.301758 0.248698 0.304688 0.248698 0.305664 0.251302 0.314453 0.251302 0.318359 0.247396 0.318359 0.244792 0.316406 0.242188 0.319336 0.238281 0.319336 0.235677 0.320312 0.234375 0.320312 0.213542 0.318359 0.207031 0.311523 0.197917 0.310547 0.195312 0.310547 0.183594 0.298828 0.170573 0.297852 0.171875
0 0.358398 0.141927 0.355469 0.140625 0.353516 0.138021 0.346680 0.143229 0.325195 0.141927 0.319336 0.149740 0.314453 0.162760 0.315430 0.165365 0.315430 0.174479 0.312500 0.184896 0.312500 0.195312 0.321289 0.209635 0.324219 0.210938 0.345703 0.212240 0.351562 0.209635 0.366211 0.209635 0.368164 0.208333 0.369141 0.204427 0.368164 0.203125 0.367188 0.194010 0.369141 0.188802 0.369141 0.174479 0.367188 0.170573 0.366211 0.164062 0.364258 0.161458 0.361328 0.161458 0.354492 0.149740 0.354492 0.147135 0.357422 0.144531
0 0.372070 0.235677 0.368164 0.236979 0.365234 0.240885 0.356445 0.242188 0.354492 0.244792 0.352539 0.244792 0.349609 0.248698 0.340820 0.255208 0.335938 0.261719 0.335938 0.273438 0.338867 0.278646 0.338867 0.281250 0.340820 0.285156 0.341797 0.291667 0.343750 0.296875 0.344727 0.296875 0.346680 0.300781 0.352539 0.307292 0.360352 0.307292 0.368164 0.302083 0.370117 0.302083 0.371094 0.300781 0.373047 0.300781 0.379883 0.296875 0.385742 0.295573 0.390625 0.287760 0.390625 0.285156 0.392578 0.279948 0.392578 0.268229 0.389648 0.260417 0.383789 0.253906 0.380859 0.244792 0.376953 0.239583
0 0.390625 0.316406 0.387695 0.313802 0.369141 0.313802 0.368164 0.315104 0.365234 0.315104 0.353516 0.324219 0.352539 0.328125 0.345703 0.335938 0.344727 0.338542 0.344727 0.350260 0.346680 0.355469 0.346680 0.365885 0.350586 0.376302 0.353516 0.380208 0.360352 0.380208 0.361328 0.378906 0.371094 0.377604 0.372070 0.376302 0.385742 0.371094 0.388672 0.368490 0.397461 0.365885 0.400391 0.361979 0.400391 0.346354 0.397461 0.339844 0.396484 0.333333 0.394531 0.330729 0.394531 0.324219
0 0.418945 0.286458 0.417969 0.287760 0.415039 0.287760 0.414062 0.289062 0.412109 0.289062 0.411133 0.290365 0.407227 0.291667 0.401367 0.300781 0.399414 0.305990 0.399414 0.309896 0.398438 0.311198 0.398438 0.322917 0.400391 0.328125 0.402344 0.330729 0.405273 0.339844 0.409180 0.345052 0.416992 0.347656 0.420898 0.350260 0.422852 0.352865 0.425781 0.352865 0.427734 0.354167 0.428711 0.352865 0.431641 0.352865 0.435547 0.347656 0.435547 0.345052 0.436523 0.343750 0.436523 0.338542 0.437500 0.337240 0.437500 0.330729 0.438477 0.329427 0.438477 0.325521 0.439453 0.324219 0.439453 0.316406 0.441406 0.311198 0.441406 0.296875 0.440430 0.295573 0.440430 0.292969 0.438477 0.290365 0.434570 0.290365 0.433594 0.289062 0.429688 0.289062 0.428711 0.287760 0.424805 0.287760 0.423828 0.286458
0 0.276367 0.354167 0.273438 0.358073 0.270508 0.365885 0.270508 0.368490 0.266602 0.377604 0.266602 0.380208 0.262695 0.388021 0.261719 0.397135 0.263672 0.402344 0.271484 0.414062 0.279297 0.419271 0.287109 0.419271 0.288086 0.417969 0.303711 0.416667 0.304688 0.415365 0.307617 0.415365 0.309570 0.414062 0.313477 0.408854 0.314453 0.403646 0.317383 0.398438 0.315430 0.394531 0.315430 0.384115 0.313477 0.381510 0.313477 0.375000 0.314453 0.373698 0.317383 0.375000 0.317383 0.372396 0.314453 0.369792 0.314453 0.367188 0.313477 0.365885 0.311523 0.365885 0.309570 0.363281 0.306641 0.363281 0.294922 0.354167 0.290039 0.354167 0.289062 0.352865 0.278320 0.352865
0 0.162109 0.330729 0.160156 0.335938 0.160156 0.339844 0.159180 0.341146 0.160156 0.352865 0.171875 0.381510 0.174805 0.381510 0.175781 0.382812 0.180664 0.382812 0.181641 0.384115 0.189453 0.384115 0.190430 0.382812 0.195312 0.382812 0.199219 0.380208 0.201172 0.377604 0.206055 0.377604 0.207031 0.376302 0.208984 0.376302 0.210938 0.371094 0.213867 0.367188 0.213867 0.354167 0.210938 0.346354 0.208984 0.343750 0.208008 0.335938 0.206055 0.330729 0.203125 0.326823 0.199219 0.324219 0.176758 0.324219 0.175781 0.325521 0.166992 0.325521
0 0.225586 0.388021 0.203125 0.388021 0.202148 0.389323 0.193359 0.389323 0.192383 0.390625 0.188477 0.390625 0.182617 0.394531 0.180664 0.394531 0.177734 0.397135 0.175781 0.411458 0.172852 0.420573 0.169922 0.425781 0.169922 0.432292 0.173828 0.436198 0.178711 0.437500 0.183594 0.446615 0.185547 0.455729 0.190430 0.459635 0.193359 0.459635 0.194336 0.460938 0.204102 0.460938 0.219727 0.454427 0.218750 0.450521 0.220703 0.447917 0.221680 0.450521 0.224609 0.449219 0.220703 0.445312 0.222656 0.442708 0.223633 0.438802 0.223633 0.429688 0.225586 0.424479 0.224609 0.414062 0.226562 0.411458 0.231445 0.408854 0.231445 0.404948 0.232422 0.403646 0.231445 0.402344 0.231445 0.398438
0 0.057617 0.407552 0.056641 0.408854 0.056641 0.414062 0.051758 0.423177 0.049805 0.429688 0.044922 0.436198 0.041016 0.438802 0.040039 0.441406 0.040039 0.450521 0.047852 0.460938 0.048828 0.460938 0.062500 0.475260 0.076172 0.475260 0.077148 0.473958 0.084961 0.473958 0.086914 0.472656 0.088867 0.470052 0.087891 0.468750 0.087891 0.464844 0.088867 0.463542 0.088867 0.459635 0.089844 0.458333 0.089844 0.451823 0.090820 0.450521 0.090820 0.446615 0.089844 0.445312 0.088867 0.438802 0.081055 0.429688 0.080078 0.424479 0.078125 0.420573 0.077148 0.412760 0.075195 0.410156 0.072266 0.410156 0.068359 0.407552
0 0.125977 0.464844 0.117188 0.464844 0.112305 0.468750 0.107422 0.468750 0.106445 0.470052 0.103516 0.470052 0.100586 0.472656 0.093750 0.473958 0.089844 0.477865 0.089844 0.481771 0.090820 0.483073 0.090820 0.490885 0.091797 0.492188 0.092773 0.501302 0.093750 0.502604 0.093750 0.505208 0.095703 0.510417 0.095703 0.515625 0.096680 0.516927 0.096680 0.519531 0.097656 0.520833 0.097656 0.523438 0.098633 0.524740 0.099609 0.529948 0.102539 0.532552 0.116211 0.532552 0.117188 0.531250 0.120117 0.531250 0.124023 0.528646 0.127930 0.528646 0.129883 0.527344 0.132812 0.522135 0.132812 0.516927 0.134766 0.513021 0.134766 0.505208 0.133789 0.503906 0.133789 0.497396 0.132812 0.496094 0.132812 0.485677 0.131836 0.484375 0.131836 0.481771 0.130859 0.480469 0.130859 0.477865 0.129883 0.476562 0.127930 0.466146
0 0.148438 0.454427 0.144531 0.454427 0.143555 0.455729 0.141602 0.455729 0.135742 0.459635 0.130859 0.464844 0.130859 0.471354 0.131836 0.472656 0.131836 0.476562 0.132812 0.477865 0.132812 0.481771 0.133789 0.483073 0.133789 0.492188 0.134766 0.493490 0.134766 0.498698 0.135742 0.500000 0.135742 0.506510 0.138672 0.513021 0.138672 0.522135 0.142578 0.524740 0.143555 0.523438 0.147461 0.523438 0.148438 0.522135 0.152344 0.522135 0.153320 0.520833 0.155273 0.520833 0.161133 0.516927 0.163086 0.514323 0.167969 0.511719 0.169922 0.507812 0.169922 0.490885 0.167969 0.486979 0.166992 0.480469 0.162109 0.468750 0.162109 0.466146 0.159180 0.462240 0.157227 0.460938 0.155273 0.460938 0.154297 0.459635 0.152344 0.459635
0 0.099609 0.537760 0.097656 0.542969 0.091797 0.552083 0.090820 0.557292 0.089844 0.558594 0.089844 0.562500 0.088867 0.563802 0.088867 0.570312 0.089844 0.571615 0.089844 0.574219 0.094727 0.579427 0.098633 0.589844 0.104492 0.593750 0.106445 0.596354 0.108398 0.596354 0.109375 0.597656 0.119141 0.597656 0.120117 0.596354 0.124023 0.596354 0.132812 0.589844 0.136719 0.588542 0.137695 0.585938 0.137695 0.571615 0.136719 0.570312 0.136719 0.562500 0.128906 0.541667 0.126953 0.540365 0.124023 0.540365 0.123047 0.539062 0.118164 0.539062 0.117188 0.537760 0.114258 0.537760 0.113281 0.536458 0.101562 0.536458
0 0.169922 0.527344 0.166992 0.527344 0.166016 0.528646 0.145508 0.528646 0.138672 0.533854 0.133789 0.535156 0.131836 0.537760 0.130859 0.540365 0.130859 0.544271 0.133789 0.549479 0.135742 0.555990 0.137695 0.558594 0.139648 0.563802 0.139648 0.566406 0.142578 0.570312 0.142578 0.571615 0.144531 0.574219 0.144531 0.576823 0.145508 0.579427 0.148438 0.583333 0.151367 0.583333 0.152344 0.584635 0.160156 0.584635 0.161133 0.583333 0.166992 0.583333 0.167969 0.582031 0.170898 0.582031 0.171875 0.580729 0.174805 0.580729 0.175781 0.579427 0.175781 0.576823 0.176758 0.575521 0.174805 0.570312 0.168945 0.562500 0.168945 0.552083 0.170898 0.548177 0.170898 0.541667 0.171875 0.540365 0.171875 0.529948
0 0.191406 0.511719 0.189453 0.513021 0.189453 0.514323 0.177734 0.528646 0.176758 0.528646 0.176758 0.529948 0.173828 0.533854 0.173828 0.537760 0.171875 0.542969 0.171875 0.549479 0.169922 0.553385 0.169922 0.559896 0.175781 0.566406 0.176758 0.570312 0.181641 0.576823 0.182617 0.576823 0.192383 0.588542 0.194336 0.588542 0.195312 0.589844 0.205078 0.589844 0.212891 0.583333 0.223633 0.569010 0.224609 0.569010 0.225586 0.566406 0.226562 0.555990 0.225586 0.554688 0.225586 0.550781 0.220703 0.542969 0.206055 0.529948 0.199219 0.520833 0.195312 0.519531 0.193359 0.516927 0.194336 0.511719
0 0.235352 0.466146 0.232422 0.470052 0.232422 0.473958 0.231445 0.475260 0.231445 0.488281 0.230469 0.489583 0.231445 0.492188 0.231445 0.496094 0.235352 0.501302 0.238281 0.502604 0.242188 0.507812 0.245117 0.509115 0.249023 0.514323 0.256836 0.519531 0.258789 0.522135 0.264648 0.522135 0.269531 0.516927 0.270508 0.516927 0.273438 0.513021 0.278320 0.501302 0.278320 0.498698 0.280273 0.493490 0.280273 0.488281 0.281250 0.486979 0.279297 0.480469 0.275391 0.475260 0.274414 0.471354 0.270508 0.468750 0.268555 0.468750 0.257812 0.460938 0.250977 0.460938 0.250000 0.462240 0.244141 0.462240 0.240234 0.466146
0 0.298828 0.486979 0.288086 0.488281 0.285156 0.490885 0.285156 0.546875 0.290039 0.554688 0.293945 0.554688 0.297852 0.552083 0.300781 0.552083 0.301758 0.550781 0.305664 0.550781 0.306641 0.549479 0.311523 0.548177 0.315430 0.544271 0.316406 0.544271 0.316406 0.540365 0.317383 0.539062 0.316406 0.536458 0.316406 0.524740 0.317383 0.523438 0.317383 0.519531 0.318359 0.518229 0.318359 0.502604 0.316406 0.498698
0 0.354492 0.438802 0.351562 0.438802 0.344727 0.444010 0.341797 0.444010 0.339844 0.446615 0.326172 0.451823 0.313477 0.459635 0.302734 0.463542 0.298828 0.470052 0.297852 0.481771 0.300781 0.485677 0.307617 0.490885 0.318359 0.493490 0.322266 0.496094 0.324219 0.494792 0.337891 0.494792 0.338867 0.496094 0.341797 0.496094 0.344727 0.492188 0.344727 0.488281 0.345703 0.486979 0.341797 0.485677 0.336914 0.490885 0.334961 0.486979 0.334961 0.480469 0.335938 0.476562 0.340820 0.470052 0.346680 0.467448 0.349609 0.468750 0.353516 0.475260 0.352539 0.479167 0.348633 0.481771 0.347656 0.485677 0.350586 0.485677 0.351562 0.486979 0.353516 0.485677 0.353516 0.481771 0.356445 0.477865 0.357422 0.473958 0.357422 0.467448 0.356445 0.466146 0.356445 0.442708
0 0.380859 0.381510 0.377930 0.381510 0.376953 0.380208 0.369141 0.380208 0.368164 0.381510 0.355469 0.382812 0.353516 0.384115 0.351562 0.386719 0.351562 0.388021 0.340820 0.401042 0.340820 0.403646 0.339844 0.404948 0.339844 0.410156 0.342773 0.417969 0.342773 0.424479 0.343750 0.427083 0.346680 0.430990 0.348633 0.437500 0.354492 0.437500 0.357422 0.440104 0.357422 0.445312 0.358398 0.447917 0.360352 0.449219 0.367188 0.450521 0.371094 0.447917 0.391602 0.419271 0.391602 0.410156 0.390625 0.408854 0.390625 0.404948 0.389648 0.403646 0.389648 0.398438 0.385742 0.388021
0 0.391602 0.460938 0.385742 0.460938 0.384766 0.462240 0.376953 0.463542 0.375977 0.464844 0.373047 0.464844 0.372070 0.466146 0.365234 0.468750 0.359375 0.475260 0.355469 0.485677 0.354492 0.494792 0.352539 0.498698 0.352539 0.507812 0.354492 0.513021 0.365234 0.526042 0.369141 0.535156 0.373047 0.535156 0.379883 0.529948 0.388672 0.529948 0.389648 0.528646 0.395508 0.527344 0.404297 0.516927 0.407227 0.510417 0.407227 0.507812 0.408203 0.506510 0.408203 0.503906 0.407227 0.502604 0.407227 0.490885 0.406250 0.489583 0.404297 0.479167 0.400391 0.471354 0.399414 0.471354
0 0.284180 0.552083 0.273438 0.552083 0.272461 0.553385 0.266602 0.554688 0.263672 0.557292 0.258789 0.557292 0.257812 0.558594 0.250977 0.559896 0.241211 0.567708 0.240234 0.575521 0.238281 0.579427 0.238281 0.583333 0.241211 0.591146 0.247070 0.600260 0.250000 0.608073 0.258789 0.618490 0.260742 0.618490 0.261719 0.619792 0.264648 0.619792 0.265625 0.618490 0.270508 0.618490 0.277344 0.613281 0.287109 0.601562 0.288086 0.596354 0.289062 0.595052 0.289062 0.592448 0.290039 0.591146 0.290039 0.588542 0.291992 0.585938 0.291992 0.569010 0.287109 0.554688
0 0.149414 0.585938 0.145508 0.589844 0.145508 0.591146 0.141602 0.597656 0.138672 0.605469 0.138672 0.609375 0.137695 0.610677 0.137695 0.618490 0.136719 0.619792 0.136719 0.622396 0.137695 0.623698 0.137695 0.628906 0.138672 0.630208 0.138672 0.632812 0.139648 0.634115 0.139648 0.638021 0.140625 0.640625 0.141602 0.640625 0.144531 0.644531 0.152344 0.644531 0.153320 0.645833 0.160156 0.645833 0.161133 0.644531 0.163086 0.645833 0.172852 0.645833 0.173828 0.643229 0.173828 0.638021 0.174805 0.636719 0.174805 0.634115 0.179688 0.621094 0.178711 0.619792 0.178711 0.615885 0.177734 0.614583 0.177734 0.609375 0.176758 0.608073 0.176758 0.600260 0.175781 0.598958 0.175781 0.596354 0.174805 0.593750 0.172852 0.592448 0.170898 0.592448 0.166992 0.588542 0.165039 0.588542 0.164062 0.587240 0.152344 0.587240 0.151367 0.585938
0 0.049805 0.641927 0.048828 0.643229 0.048828 0.669271 0.049805 0.670573 0.049805 0.674479 0.052734 0.679688 0.057617 0.695312 0.059570 0.696615 0.063477 0.696615 0.064453 0.697917 0.075195 0.699219 0.076172 0.700521 0.086914 0.699219 0.087891 0.697917 0.090820 0.697917 0.092773 0.695312 0.092773 0.690104 0.097656 0.684896 0.103516 0.671875 0.103516 0.666667 0.101562 0.664062 0.100586 0.660156 0.097656 0.656250 0.092773 0.652344 0.090820 0.652344 0.086914 0.649740 0.083984 0.645833 0.073242 0.643229 0.070312 0.639323 0.070312 0.636719 0.068359 0.634115 0.067383 0.634115 0.065430 0.636719 0.056641 0.638021 0.053711 0.640625
0 0.150391 0.647135 0.147461 0.652344 0.142578 0.656250 0.138672 0.661458 0.137695 0.661458 0.137695 0.662760 0.135742 0.665365 0.132812 0.666667 0.129883 0.670573 0.129883 0.671875 0.125977 0.677083 0.125977 0.687500 0.126953 0.688802 0.128906 0.699219 0.134766 0.707031 0.135742 0.707031 0.138672 0.710938 0.140625 0.710938 0.141602 0.712240 0.145508 0.712240 0.150391 0.716146 0.154297 0.716146 0.159180 0.710938 0.173828 0.701823 0.175781 0.699219 0.175781 0.682292 0.174805 0.680990 0.174805 0.675781 0.176758 0.670573 0.179688 0.666667 0.179688 0.662760 0.178711 0.661458 0.178711 0.658854 0.171875 0.652344 0.168945 0.652344 0.165039 0.649740 0.160156 0.649740 0.159180 0.648438 0.154297 0.648438 0.153320 0.647135
0 0.208008 0.619792 0.205078 0.619792 0.204102 0.621094 0.198242 0.621094 0.192383 0.626302 0.186523 0.626302 0.186523 0.635417 0.188477 0.639323 0.188477 0.643229 0.185547 0.647135 0.183594 0.647135 0.179688 0.643229 0.179688 0.641927 0.183594 0.636719 0.181641 0.634115 0.177734 0.634115 0.176758 0.635417 0.176758 0.640625 0.175781 0.641927 0.175781 0.648438 0.176758 0.651042 0.180664 0.656250 0.183594 0.665365 0.187500 0.670573 0.187500 0.671875 0.193359 0.678385 0.201172 0.683594 0.206055 0.680990 0.208008 0.678385 0.208984 0.674479 0.212891 0.669271 0.219727 0.664062 0.220703 0.661458 0.224609 0.657552 0.227539 0.651042 0.231445 0.647135 0.231445 0.644531 0.232422 0.643229 0.232422 0.641927 0.228516 0.640625 0.224609 0.636719 0.220703 0.635417 0.214844 0.626302
0 0.210938 0.675781 0.209961 0.678385 0.209961 0.686198 0.210938 0.687500 0.211914 0.700521 0.212891 0.701823 0.212891 0.707031 0.213867 0.708333 0.213867 0.726562 0.216797 0.729167 0.220703 0.729167 0.221680 0.730469 0.225586 0.730469 0.226562 0.731771 0.234375 0.731771 0.235352 0.730469 0.238281 0.730469 0.239258 0.729167 0.244141 0.727865 0.250000 0.723958 0.252930 0.720052 0.252930 0.718750 0.256836 0.714844 0.256836 0.709635 0.259766 0.707031 0.259766 0.701823 0.257812 0.701823 0.254883 0.705729 0.252930 0.705729 0.249023 0.701823 0.248047 0.697917 0.246094 0.695312 0.245117 0.688802 0.243164 0.684896 0.243164 0.678385 0.241211 0.675781 0.237305 0.673177 0.230469 0.673177 0.229492 0.671875 0.227539 0.671875 0.224609 0.667969 0.220703 0.667969 0.212891 0.673177
0 0.161133 0.759115 0.159180 0.764323 0.159180 0.783854 0.160156 0.785156 0.160156 0.790365 0.161133 0.791667 0.161133 0.794271 0.166016 0.800781 0.174805 0.802083 0.175781 0.800781 0.207031 0.799479 0.209961 0.796875 0.210938 0.791667 0.209961 0.790365 0.208984 0.782552 0.207031 0.777344 0.207031 0.768229 0.195312 0.753906 0.195312 0.751302 0.193359 0.747396 0.182617 0.747396 0.171875 0.753906 0.167969 0.759115 0.166016 0.760417
0 0.231445 0.750000 0.230469 0.751302 0.226562 0.751302 0.222656 0.755208 0.220703 0.755208 0.213867 0.761719 0.212891 0.761719 0.212891 0.764323 0.211914 0.765625 0.211914 0.772135 0.210938 0.773438 0.210938 0.783854 0.211914 0.785156 0.211914 0.789062 0.212891 0.790365 0.212891 0.795573 0.213867 0.796875 0.214844 0.805990 0.216797 0.811198 0.218750 0.812500 0.222656 0.812500 0.223633 0.813802 0.227539 0.813802 0.228516 0.815104 0.236328 0.815104 0.237305 0.813802 0.240234 0.813802 0.250000 0.807292 0.252930 0.803385 0.253906 0.803385 0.255859 0.796875 0.257812 0.794271 0.258789 0.794271 0.258789 0.792969 0.256836 0.792969 0.254883 0.790365 0.254883 0.787760 0.251953 0.787760 0.250000 0.785156 0.250000 0.770833 0.249023 0.769531 0.249023 0.764323 0.248047 0.763021 0.249023 0.757812 0.248047 0.756510 0.245117 0.756510 0.244141 0.757812 0.241211 0.757812 0.239258 0.759115 0.236328 0.751302 0.233398 0.751302
0 0.325195 0.709635 0.323242 0.708333 0.321289 0.708333 0.314453 0.703125 0.309570 0.703125 0.308594 0.701823 0.302734 0.701823 0.297852 0.705729 0.290039 0.705729 0.287109 0.703125 0.286133 0.705729 0.286133 0.708333 0.285156 0.709635 0.285156 0.716146 0.284180 0.717448 0.284180 0.734375 0.283203 0.735677 0.285156 0.742188 0.286133 0.742188 0.290039 0.747396 0.290039 0.750000 0.292969 0.753906 0.296875 0.756510 0.298828 0.756510 0.299805 0.757812 0.303711 0.757812 0.307617 0.753906 0.310547 0.752604 0.317383 0.743490 0.327148 0.736979 0.331055 0.731771 0.332031 0.731771 0.333984 0.727865 0.333984 0.722656 0.327148 0.713542 0.327148 0.712240
0 0.339844 0.722656 0.338867 0.723958 0.337891 0.723958 0.333008 0.730469 0.333008 0.731771 0.332031 0.733073 0.331055 0.733073 0.327148 0.738281 0.326172 0.738281 0.325195 0.739583 0.324219 0.739583 0.323242 0.740885 0.320312 0.742188 0.316406 0.747396 0.316406 0.750000 0.315430 0.751302 0.319336 0.757812 0.320312 0.757812 0.322266 0.760417 0.323242 0.760417 0.326172 0.763021 0.329102 0.763021 0.330078 0.764323 0.332031 0.764323 0.333008 0.765625 0.335938 0.765625 0.336914 0.766927 0.343750 0.766927 0.344727 0.765625 0.346680 0.765625 0.352539 0.757812 0.352539 0.756510 0.354492 0.752604 0.354492 0.750000 0.355469 0.748698 0.355469 0.744792 0.356445 0.743490 0.356445 0.739583 0.357422 0.738281 0.357422 0.736979 0.354492 0.734375 0.352539 0.734375 0.351562 0.733073 0.350586 0.733073 0.343750 0.723958 0.342773 0.723958 0.341797 0.722656
0 0.341797 0.673177 0.339844 0.678385 0.339844 0.680990 0.337891 0.683594 0.337891 0.707031 0.340820 0.713542 0.341797 0.718750 0.345703 0.725260 0.349609 0.729167 0.357422 0.733073 0.359375 0.731771 0.361328 0.733073 0.366211 0.733073 0.374023 0.729167 0.381836 0.727865 0.382812 0.726562 0.387695 0.725260 0.388672 0.718750 0.385742 0.709635 0.386719 0.708333 0.386719 0.704427 0.389648 0.699219 0.393555 0.695312 0.392578 0.679688 0.391602 0.680990 0.391602 0.683594 0.389648 0.686198 0.386719 0.686198 0.376953 0.675781 0.373047 0.673177 0.365234 0.670573 0.362305 0.667969 0.356445 0.667969 0.355469 0.669271 0.353516 0.669271 0.351562 0.674479 0.345703 0.680990
0 0.350586 0.766927 0.348633 0.769531 0.348633 0.770833 0.347656 0.772135 0.347656 0.779948 0.348633 0.781250 0.348633 0.786458 0.349609 0.787760 0.349609 0.791667 0.350586 0.792969 0.350586 0.795573 0.351562 0.796875 0.351562 0.798177 0.352539 0.799479 0.352539 0.802083 0.353516 0.803385 0.353516 0.804688 0.355469 0.807292 0.355469 0.808594 0.360352 0.813802 0.362305 0.813802 0.363281 0.815104 0.375977 0.815104 0.376953 0.813802 0.376953 0.812500 0.379883 0.808594 0.379883 0.807292 0.381836 0.804688 0.381836 0.803385 0.378906 0.799479 0.378906 0.790365 0.377930 0.789062 0.377930 0.781250 0.375977 0.777344 0.375977 0.774740 0.375000 0.773438 0.375000 0.772135 0.372070 0.768229 0.371094 0.768229 0.369141 0.765625 0.368164 0.765625 0.367188 0.764323 0.356445 0.764323 0.355469 0.765625 0.352539 0.765625 0.351562 0.766927
0 0.436523 0.593750 0.434570 0.592448 0.427734 0.592448 0.424805 0.595052 0.413086 0.595052 0.412109 0.593750 0.410156 0.593750 0.408203 0.591146 0.402344 0.591146 0.398438 0.593750 0.392578 0.601562 0.390625 0.602865 0.390625 0.605469 0.389648 0.606771 0.389648 0.617188 0.390625 0.618490 0.390625 0.623698 0.391602 0.625000 0.391602 0.628906 0.392578 0.630208 0.393555 0.644531 0.394531 0.645833 0.396484 0.656250 0.399414 0.661458 0.403320 0.662760 0.404297 0.661458 0.409180 0.660156 0.420898 0.652344 0.422852 0.649740 0.425781 0.648438 0.428711 0.644531 0.429688 0.640625 0.435547 0.631510 0.436523 0.623698 0.438477 0.621094 0.438477 0.615885 0.439453 0.614583 0.439453 0.600260 0.438477 0.598958 0.438477 0.596354
0 0.405273 0.664062 0.403320 0.666667 0.403320 0.670573 0.402344 0.673177 0.398438 0.678385 0.398438 0.684896 0.396484 0.690104 0.396484 0.699219 0.397461 0.700521 0.397461 0.703125 0.401367 0.707031 0.404297 0.707031 0.407227 0.710938 0.410156 0.712240 0.413086 0.716146 0.421875 0.716146 0.422852 0.714844 0.424805 0.714844 0.428711 0.710938 0.435547 0.709635 0.438477 0.705729 0.439453 0.703125 0.439453 0.700521 0.440430 0.699219 0.440430 0.696615 0.442383 0.694010 0.442383 0.687500 0.441406 0.686198 0.441406 0.679688 0.437500 0.675781 0.436523 0.675781 0.434570 0.673177 0.431641 0.671875 0.427734 0.665365 0.423828 0.662760 0.416992 0.662760 0.416016 0.661458 0.414062 0.661458 0.413086 0.662760 0.408203 0.662760 0.407227 0.664062
0 0.294922 0.595052 0.291016 0.600260 0.291016 0.623698 0.291992 0.625000 0.291992 0.631510 0.292969 0.632812 0.292969 0.643229 0.293945 0.644531 0.293945 0.645833 0.295898 0.645833 0.296875 0.647135 0.297852 0.647135 0.301758 0.652344 0.303711 0.652344 0.304688 0.651042 0.310547 0.651042 0.311523 0.649740 0.313477 0.649740 0.314453 0.648438 0.317383 0.648438 0.318359 0.647135 0.320312 0.647135 0.321289 0.645833 0.322266 0.645833 0.324219 0.643229 0.326172 0.643229 0.330078 0.638021 0.330078 0.635417 0.329102 0.635417 0.326172 0.631510 0.326172 0.621094 0.325195 0.619792 0.325195 0.615885 0.321289 0.611979 0.321289 0.610677 0.319336 0.606771 0.319336 0.602865 0.318359 0.601562 0.318359 0.596354 0.317383 0.596354 0.316406 0.595052 0.299805 0.595052 0.298828 0.593750 0.297852 0.595052
0 0.346680 0.567708 0.346680 0.569010 0.343750 0.575521 0.343750 0.578125 0.342773 0.579427 0.342773 0.580729 0.345703 0.585938 0.345703 0.587240 0.347656 0.589844 0.347656 0.591146 0.349609 0.593750 0.349609 0.595052 0.355469 0.604167 0.356445 0.608073 0.360352 0.614583 0.361328 0.614583 0.364258 0.617188 0.372070 0.617188 0.375977 0.611979 0.376953 0.611979 0.379883 0.608073 0.380859 0.608073 0.384766 0.602865 0.385742 0.602865 0.386719 0.601562 0.386719 0.600260 0.387695 0.598958 0.387695 0.585938 0.385742 0.582031 0.385742 0.574219 0.384766 0.572917 0.383789 0.569010 0.382812 0.569010 0.381836 0.567708 0.375977 0.567708 0.375000 0.566406 0.368164 0.566406 0.367188 0.565104 0.361328 0.565104 0.360352 0.563802 0.349609 0.563802
0 0.406250 0.531250 0.396484 0.542969 0.395508 0.542969 0.390625 0.552083 0.388672 0.557292 0.388672 0.561198 0.387695 0.562500 0.387695 0.569010 0.388672 0.571615 0.391602 0.575521 0.396484 0.578125 0.398438 0.580729 0.403320 0.583333 0.405273 0.585938 0.409180 0.588542 0.411133 0.588542 0.416016 0.592448 0.422852 0.592448 0.423828 0.591146 0.428711 0.589844 0.435547 0.579427 0.436523 0.576823 0.436523 0.571615 0.437500 0.570312 0.437500 0.540365 0.436523 0.539062 0.436523 0.533854 0.434570 0.529948 0.431641 0.533854 0.432617 0.536458 0.432617 0.541667 0.430664 0.544271 0.428711 0.541667 0.426758 0.541667 0.424805 0.539062 0.423828 0.539062 0.421875 0.533854 0.419922 0.532552 0.417969 0.532552 0.415039 0.529948 0.409180 0.529948 0.408203 0.531250
0 0.436523 0.466146 0.435547 0.467448 0.434570 0.467448 0.430664 0.472656 0.430664 0.473958 0.428711 0.476562 0.427734 0.480469 0.425781 0.483073 0.425781 0.484375 0.424805 0.485677 0.424805 0.488281 0.423828 0.489583 0.422852 0.498698 0.423828 0.500000 0.423828 0.501302 0.426758 0.502604 0.428711 0.505208 0.429688 0.505208 0.430664 0.506510 0.433594 0.507812 0.435547 0.510417 0.436523 0.510417 0.445312 0.520833 0.446289 0.520833 0.451172 0.524740 0.456055 0.524740 0.462891 0.515625 0.462891 0.514323 0.464844 0.510417 0.464844 0.507812 0.466797 0.503906 0.466797 0.501302 0.467773 0.500000 0.467773 0.497396 0.468750 0.496094 0.468750 0.488281 0.467773 0.486979 0.467773 0.485677 0.455078 0.468750 0.454102 0.468750 0.453125 0.467448 0.449219 0.467448 0.448242 0.466146
0 0.418945 0.391927 0.415039 0.394531 0.410156 0.399740 0.409180 0.399740 0.409180 0.401042 0.405273 0.407552 0.405273 0.411458 0.404297 0.412760 0.404297 0.438802 0.407227 0.445312 0.408203 0.445312 0.412109 0.450521 0.413086 0.450521 0.419922 0.457031 0.421875 0.457031 0.424805 0.459635 0.427734 0.459635 0.428711 0.460938 0.435547 0.460938 0.436523 0.459635 0.438477 0.459635 0.442383 0.455729 0.443359 0.455729 0.446289 0.451823 0.446289 0.442708 0.447266 0.441406 0.447266 0.414062 0.446289 0.412760 0.446289 0.408854 0.439453 0.401042 0.433594 0.398438 0.428711 0.391927
0 0.446289 0.345052 0.438477 0.354167 0.437500 0.358073 0.433594 0.364583 0.432617 0.369792 0.431641 0.371094 0.431641 0.378906 0.432617 0.380208 0.432617 0.384115 0.433594 0.385417 0.433594 0.388021 0.435547 0.393229 0.440430 0.397135 0.444336 0.402344 0.448242 0.404948 0.452148 0.404948 0.453125 0.406250 0.460938 0.406250 0.461914 0.404948 0.464844 0.404948 0.465820 0.403646 0.468750 0.403646 0.470703 0.402344 0.473633 0.398438 0.478516 0.394531 0.478516 0.393229 0.482422 0.388021 0.484375 0.382812 0.484375 0.378906 0.485352 0.377604 0.486328 0.361979 0.482422 0.356771 0.479492 0.355469 0.474609 0.350260 0.471680 0.350260 0.470703 0.348958 0.467773 0.348958 0.466797 0.347656 0.463867 0.347656 0.462891 0.346354 0.457031 0.346354 0.456055 0.345052 0.452148 0.345052 0.451172 0.343750
0 0.482422 0.408854 0.480469 0.408854 0.479492 0.407552 0.475586 0.407552 0.474609 0.406250 0.470703 0.406250 0.469727 0.407552 0.466797 0.407552 0.462891 0.411458 0.460938 0.411458 0.456055 0.416667 0.456055 0.421875 0.455078 0.423177 0.455078 0.430990 0.454102 0.432292 0.454102 0.441406 0.453125 0.442708 0.453125 0.450521 0.452148 0.451823 0.452148 0.462240 0.454102 0.467448 0.455078 0.467448 0.458008 0.471354 0.458984 0.471354 0.463867 0.476562 0.473633 0.476562 0.474609 0.475260 0.477539 0.475260 0.478516 0.473958 0.482422 0.473958 0.489258 0.468750 0.491211 0.466146 0.494141 0.458333 0.494141 0.455729 0.495117 0.454427 0.495117 0.436198 0.496094 0.434896 0.496094 0.428385 0.492188 0.421875 0.492188 0.420573 0.485352 0.411458 0.484375 0.411458
0 0.498047 0.541667 0.494141 0.539062 0.487305 0.539062 0.486328 0.540365 0.470703 0.540365 0.466797 0.542969 0.464844 0.542969 0.462891 0.541667 0.460938 0.544271 0.464844 0.548177 0.464844 0.549479 0.461914 0.553385 0.461914 0.557292 0.460938 0.558594 0.461914 0.559896 0.461914 0.569010 0.462891 0.570312 0.462891 0.574219 0.463867 0.575521 0.463867 0.578125 0.464844 0.580729 0.470703 0.588542 0.471680 0.588542 0.473633 0.591146 0.476562 0.591146 0.477539 0.589844 0.479492 0.589844 0.481445 0.588542 0.485352 0.583333 0.487305 0.582031 0.490234 0.582031 0.494141 0.578125 0.499023 0.576823 0.500977 0.575521 0.503906 0.571615 0.504883 0.569010 0.504883 0.555990 0.500977 0.545573
0 0.467773 0.595052 0.466797 0.596354 0.466797 0.601562 0.467773 0.602865 0.467773 0.606771 0.468750 0.608073 0.468750 0.613281 0.470703 0.618490 0.470703 0.622396 0.474609 0.632812 0.475586 0.632812 0.477539 0.635417 0.481445 0.638021 0.483398 0.638021 0.486328 0.640625 0.489258 0.640625 0.493164 0.643229 0.496094 0.643229 0.497070 0.644531 0.499023 0.644531 0.500000 0.643229 0.501953 0.643229 0.505859 0.640625 0.512695 0.632812 0.512695 0.630208 0.511719 0.628906 0.511719 0.622396 0.508789 0.614583 0.507812 0.605469 0.505859 0.600260 0.505859 0.597656 0.506836 0.596354 0.502930 0.591146 0.500977 0.589844 0.499023 0.589844 0.498047 0.588542 0.493164 0.588542 0.492188 0.589844 0.489258 0.589844 0.485352 0.592448 0.481445 0.592448 0.477539 0.595052 0.476562 0.593750 0.471680 0.593750 0.470703 0.595052
0 0.517578 0.605469 0.512695 0.605469 0.512695 0.608073 0.511719 0.609375 0.511719 0.610677 0.513672 0.613281 0.513672 0.618490 0.512695 0.619792 0.512695 0.622396 0.513672 0.625000 0.515625 0.625000 0.516602 0.626302 0.513672 0.630208 0.513672 0.632812 0.505859 0.641927 0.503906 0.643229 0.501953 0.643229 0.498047 0.647135 0.501953 0.657552 0.502930 0.664062 0.509766 0.670573 0.513672 0.670573 0.517578 0.667969 0.519531 0.665365 0.526367 0.661458 0.528320 0.658854 0.533203 0.656250 0.537109 0.651042 0.538086 0.648438 0.538086 0.639323 0.539062 0.638021 0.539062 0.635417 0.538086 0.634115 0.538086 0.630208 0.535156 0.625000 0.535156 0.622396 0.533203 0.618490 0.533203 0.615885 0.532227 0.614583 0.526367 0.614583 0.522461 0.610677 0.521484 0.610677
0 0.528320 0.552083 0.524414 0.555990 0.523438 0.555990 0.520508 0.559896 0.518555 0.559896 0.516602 0.561198 0.509766 0.570312 0.508789 0.570312 0.505859 0.574219 0.504883 0.574219 0.500977 0.579427 0.500977 0.582031 0.502930 0.587240 0.508789 0.595052 0.509766 0.595052 0.516602 0.602865 0.517578 0.602865 0.519531 0.605469 0.520508 0.605469 0.522461 0.608073 0.523438 0.608073 0.527344 0.611979 0.533203 0.611979 0.535156 0.609375 0.539062 0.606771 0.543945 0.600260 0.546875 0.591146 0.549805 0.585938 0.549805 0.583333 0.550781 0.580729 0.547852 0.575521 0.547852 0.574219 0.541016 0.565104 0.540039 0.562500 0.540039 0.558594 0.537109 0.553385 0.534180 0.553385 0.533203 0.552083
0 0.506836 0.479167 0.502930 0.483073 0.501953 0.483073 0.496094 0.490885 0.495117 0.493490 0.494141 0.503906 0.493164 0.505208 0.493164 0.509115 0.494141 0.510417 0.494141 0.522135 0.495117 0.523438 0.495117 0.528646 0.502930 0.540365 0.508789 0.544271 0.514648 0.545573 0.515625 0.546875 0.522461 0.546875 0.523438 0.545573 0.526367 0.545573 0.530273 0.541667 0.530273 0.540365 0.535156 0.532552 0.537109 0.527344 0.537109 0.524740 0.539062 0.520833 0.539062 0.518229 0.540039 0.516927 0.540039 0.509115 0.539062 0.507812 0.539062 0.505208 0.537109 0.500000 0.536133 0.492188 0.529297 0.483073 0.523438 0.479167 0.521484 0.479167 0.520508 0.477865 0.509766 0.477865 0.508789 0.479167
0 0.401367 0.195312 0.397461 0.197917 0.394531 0.201823 0.394531 0.203125 0.391602 0.208333 0.391602 0.210938 0.389648 0.216146 0.389648 0.220052 0.388672 0.221354 0.388672 0.225260 0.387695 0.226562 0.387695 0.229167 0.386719 0.230469 0.386719 0.233073 0.385742 0.234375 0.385742 0.236979 0.383789 0.242188 0.383789 0.248698 0.384766 0.251302 0.390625 0.259115 0.396484 0.263021 0.402344 0.264323 0.403320 0.265625 0.416992 0.265625 0.421875 0.260417 0.422852 0.260417 0.424805 0.257812 0.426758 0.252604 0.426758 0.250000 0.427734 0.248698 0.427734 0.229167 0.428711 0.227865 0.428711 0.222656 0.429688 0.220052 0.425781 0.209635 0.417969 0.199219 0.414062 0.196615 0.411133 0.196615 0.410156 0.195312
0 0.437500 0.192708 0.432617 0.199219 0.432617 0.201823 0.433594 0.203125 0.433594 0.213542 0.432617 0.214844 0.432617 0.221354 0.429688 0.229167 0.429688 0.235677 0.431641 0.238281 0.439453 0.240885 0.442383 0.243490 0.444336 0.243490 0.454102 0.248698 0.458984 0.248698 0.463867 0.252604 0.474609 0.252604 0.477539 0.250000 0.482422 0.242188 0.484375 0.240885 0.485352 0.238281 0.485352 0.231771 0.484375 0.230469 0.484375 0.217448 0.485352 0.216146 0.485352 0.208333 0.483398 0.201823 0.477539 0.192708 0.470703 0.188802 0.466797 0.183594 0.466797 0.182292 0.462891 0.182292 0.459961 0.184896 0.450195 0.184896 0.446289 0.187500 0.443359 0.187500
0 0.468750 0.278646 0.467773 0.279948 0.465820 0.279948 0.461914 0.282552 0.445312 0.305990 0.444336 0.309896 0.442383 0.312500 0.440430 0.325521 0.441406 0.326823 0.443359 0.326823 0.448242 0.332031 0.451172 0.333333 0.454102 0.337240 0.456055 0.337240 0.460938 0.341146 0.463867 0.341146 0.464844 0.342448 0.466797 0.342448 0.467773 0.343750 0.471680 0.345052 0.472656 0.343750 0.476562 0.343750 0.478516 0.342448 0.483398 0.335938 0.485352 0.334635 0.485352 0.333333 0.489258 0.328125 0.490234 0.325521 0.491211 0.317708 0.493164 0.315104 0.493164 0.311198 0.492188 0.309896 0.492188 0.303385 0.491211 0.302083 0.491211 0.298177 0.490234 0.296875 0.490234 0.292969 0.489258 0.290365 0.486328 0.286458 0.482422 0.283854 0.480469 0.283854 0.472656 0.278646
0 0.521484 0.158854 0.515625 0.158854 0.512695 0.161458 0.505859 0.161458 0.504883 0.162760 0.500977 0.162760 0.500000 0.164062 0.492188 0.166667 0.490234 0.169271 0.488281 0.174479 0.487305 0.180990 0.485352 0.186198 0.483398 0.188802 0.483398 0.195312 0.486328 0.200521 0.489258 0.216146 0.492188 0.218750 0.494141 0.218750 0.501953 0.226562 0.505859 0.227865 0.506836 0.229167 0.518555 0.229167 0.520508 0.227865 0.526367 0.214844 0.526367 0.207031 0.529297 0.197917 0.530273 0.187500 0.532227 0.182292 0.532227 0.173177 0.531250 0.170573
0 0.510742 0.240885 0.503906 0.246094 0.498047 0.256510 0.498047 0.259115 0.497070 0.260417 0.497070 0.277344 0.498047 0.278646 0.498047 0.282552 0.499023 0.282552 0.500977 0.285156 0.500977 0.289062 0.502930 0.294271 0.506836 0.300781 0.507812 0.304688 0.511719 0.309896 0.517578 0.313802 0.521484 0.313802 0.524414 0.316406 0.529297 0.316406 0.530273 0.313802 0.534180 0.308594 0.535156 0.308594 0.538086 0.303385 0.538086 0.300781 0.539062 0.299479 0.539062 0.294271 0.540039 0.292969 0.540039 0.289062 0.541016 0.287760 0.541016 0.282552 0.542969 0.277344 0.542969 0.272135 0.543945 0.270833 0.543945 0.265625 0.544922 0.264323 0.544922 0.261719 0.542969 0.256510 0.537109 0.248698 0.532227 0.246094 0.530273 0.243490 0.526367 0.240885 0.523438 0.240885 0.522461 0.239583 0.519531 0.239583 0.518555 0.240885
0 0.525391 0.322917 0.521484 0.322917 0.520508 0.321615 0.519531 0.322917 0.517578 0.322917 0.516602 0.321615 0.507812 0.321615 0.506836 0.322917 0.503906 0.322917 0.502930 0.324219 0.500977 0.324219 0.497070 0.326823 0.494141 0.332031 0.494141 0.335938 0.493164 0.337240 0.493164 0.346354 0.490234 0.354167 0.490234 0.361979 0.493164 0.365885 0.494141 0.371094 0.497070 0.375000 0.498047 0.377604 0.498047 0.381510 0.502930 0.386719 0.507812 0.386719 0.508789 0.385417 0.511719 0.385417 0.512695 0.384115 0.517578 0.382812 0.522461 0.378906 0.527344 0.377604 0.535156 0.372396 0.540039 0.367188 0.540039 0.359375 0.538086 0.356771 0.535156 0.347656 0.531250 0.341146 0.531250 0.338542 0.529297 0.335938 0.528320 0.328125
0 0.538086 0.199219 0.536133 0.200521 0.533203 0.205729 0.534180 0.207031 0.534180 0.209635 0.532227 0.212240 0.529297 0.220052 0.524414 0.226562 0.523438 0.231771 0.534180 0.244792 0.541992 0.251302 0.551758 0.263021 0.559570 0.263021 0.578125 0.243490 0.579102 0.240885 0.578125 0.239583 0.578125 0.229167 0.579102 0.227865 0.578125 0.216146 0.576172 0.210938 0.571289 0.204427 0.570312 0.204427 0.564453 0.197917 0.560547 0.195312 0.552734 0.195312 0.551758 0.196615 0.546875 0.196615 0.545898 0.197917
0 0.552734 0.282552 0.550781 0.283854 0.547852 0.287760 0.547852 0.289062 0.542969 0.294271 0.541992 0.299479 0.540039 0.302083 0.539062 0.305990 0.536133 0.309896 0.535156 0.315104 0.531250 0.320312 0.531250 0.330729 0.535156 0.337240 0.535156 0.338542 0.539062 0.343750 0.542969 0.345052 0.545898 0.347656 0.548828 0.347656 0.549805 0.348958 0.555664 0.350260 0.558594 0.352865 0.564453 0.352865 0.566406 0.350260 0.566406 0.347656 0.570312 0.342448 0.576172 0.338542 0.582031 0.329427 0.582031 0.326823 0.583008 0.325521 0.583008 0.304688 0.572266 0.286458 0.572266 0.285156 0.570312 0.283854
0 0.539062 0.372396 0.539062 0.373698 0.537109 0.376302 0.535156 0.381510 0.535156 0.385417 0.534180 0.386719 0.534180 0.389323 0.535156 0.390625 0.535156 0.401042 0.534180 0.403646 0.535156 0.406250 0.539062 0.411458 0.541016 0.412760 0.542969 0.412760 0.545898 0.415365 0.548828 0.415365 0.552734 0.417969 0.555664 0.417969 0.558594 0.420573 0.567383 0.420573 0.568359 0.419271 0.570312 0.419271 0.574219 0.416667 0.577148 0.416667 0.578125 0.415365 0.578125 0.397135 0.577148 0.395833 0.577148 0.391927 0.575195 0.386719 0.575195 0.382812 0.574219 0.381510 0.574219 0.377604 0.573242 0.376302 0.573242 0.371094 0.572266 0.369792 0.572266 0.365885 0.568359 0.360677 0.566406 0.359375 0.557617 0.359375 0.556641 0.360677 0.554688 0.360677 0.549805 0.364583 0.547852 0.364583 0.543945 0.367188
0 0.528320 0.416667 0.524414 0.420573 0.523438 0.420573 0.516602 0.429688 0.515625 0.429688 0.511719 0.433594 0.511719 0.444010 0.512695 0.445312 0.512695 0.449219 0.517578 0.460938 0.517578 0.464844 0.518555 0.466146 0.518555 0.468750 0.520508 0.473958 0.522461 0.476562 0.526367 0.479167 0.533203 0.479167 0.548828 0.468750 0.551758 0.468750 0.552734 0.467448 0.554688 0.467448 0.558594 0.463542 0.559570 0.460938 0.559570 0.454427 0.558594 0.453125 0.558594 0.441406 0.557617 0.440104 0.557617 0.437500 0.553711 0.432292 0.553711 0.430990 0.545898 0.425781 0.543945 0.423177 0.540039 0.420573 0.539062 0.417969 0.537109 0.416667
0 0.564453 0.460938 0.559570 0.473958 0.559570 0.483073 0.561523 0.486979 0.561523 0.496094 0.562500 0.497396 0.562500 0.501302 0.568359 0.522135 0.570312 0.523438 0.579102 0.523438 0.580078 0.524740 0.589844 0.524740 0.590820 0.523438 0.592773 0.524740 0.601562 0.524740 0.602539 0.523438 0.603516 0.524740 0.607422 0.524740 0.609375 0.523438 0.611328 0.519531 0.611328 0.484375 0.610352 0.483073 0.610352 0.477865 0.607422 0.471354 0.599609 0.463542 0.594727 0.463542 0.590820 0.459635 0.587891 0.459635 0.583008 0.457031 0.580078 0.457031 0.575195 0.460938 0.571289 0.459635 0.570312 0.460938 0.570312 0.464844 0.568359 0.467448 0.565430 0.464844 0.565430 0.460938
0 0.544922 0.532552 0.544922 0.537760 0.543945 0.539062 0.543945 0.549479 0.544922 0.550781 0.544922 0.561198 0.546875 0.566406 0.551758 0.566406 0.552734 0.567708 0.556641 0.567708 0.557617 0.569010 0.564453 0.569010 0.568359 0.571615 0.574219 0.571615 0.575195 0.572917 0.578125 0.572917 0.579102 0.571615 0.581055 0.571615 0.586914 0.567708 0.589844 0.563802 0.589844 0.561198 0.590820 0.559896 0.588867 0.557292 0.588867 0.554688 0.587891 0.553385 0.587891 0.541667 0.586914 0.540365 0.586914 0.533854 0.584961 0.528646 0.583008 0.527344 0.572266 0.527344 0.571289 0.526042 0.558594 0.526042 0.557617 0.527344 0.553711 0.527344 0.552734 0.528646 0.547852 0.529948
0 0.569336 0.574219 0.568359 0.575521 0.563477 0.576823 0.560547 0.579427 0.557617 0.579427 0.555664 0.580729 0.552734 0.584635 0.552734 0.588542 0.549805 0.596354 0.547852 0.598958 0.547852 0.604167 0.552734 0.617188 0.554688 0.619792 0.554688 0.621094 0.559570 0.627604 0.563477 0.630208 0.565430 0.630208 0.566406 0.631510 0.569336 0.631510 0.570312 0.632812 0.576172 0.632812 0.577148 0.631510 0.579102 0.631510 0.581055 0.628906 0.583008 0.628906 0.584961 0.627604 0.590820 0.619792 0.592773 0.618490 0.593750 0.615885 0.593750 0.609375 0.594727 0.608073 0.594727 0.604167 0.591797 0.596354 0.576172 0.575521 0.574219 0.574219
0 0.598633 0.595052 0.597656 0.596354 0.597656 0.600260 0.596680 0.601562 0.596680 0.608073 0.595703 0.609375 0.595703 0.613281 0.594727 0.614583 0.594727 0.621094 0.593750 0.622396 0.593750 0.626302 0.594727 0.627604 0.594727 0.630208 0.595703 0.631510 0.596680 0.636719 0.611328 0.656250 0.613281 0.657552 0.618164 0.657552 0.619141 0.656250 0.623047 0.656250 0.624023 0.654948 0.631836 0.652344 0.634766 0.649740 0.636719 0.649740 0.643555 0.640625 0.646484 0.634115 0.646484 0.621094 0.645508 0.619792 0.645508 0.617188 0.638672 0.606771 0.633789 0.602865 0.629883 0.597656 0.624023 0.593750 0.618164 0.592448 0.617188 0.591146 0.606445 0.591146 0.605469 0.592448 0.603516 0.592448 0.602539 0.593750
0 0.620117 0.532552 0.616211 0.539062 0.618164 0.541667 0.622070 0.540365 0.625000 0.536458 0.626953 0.536458 0.628906 0.539062 0.625977 0.542969 0.625977 0.545573 0.622070 0.550781 0.619141 0.552083 0.618164 0.554688 0.610352 0.565104 0.609375 0.567708 0.610352 0.576823 0.612305 0.579427 0.614258 0.579427 0.619141 0.583333 0.624023 0.591146 0.631836 0.596354 0.636719 0.597656 0.639648 0.600260 0.642578 0.600260 0.658203 0.569010 0.658203 0.566406 0.660156 0.561198 0.658203 0.548177 0.656250 0.542969 0.653320 0.539062 0.650391 0.539062 0.643555 0.535156 0.638672 0.535156 0.630859 0.531250 0.627930 0.531250 0.626953 0.532552
0 0.670898 0.550781 0.663086 0.557292 0.663086 0.558594 0.661133 0.562500 0.661133 0.565104 0.658203 0.571615 0.658203 0.574219 0.656250 0.578125 0.656250 0.583333 0.657227 0.584635 0.659180 0.591146 0.663086 0.597656 0.664062 0.597656 0.674805 0.605469 0.679688 0.605469 0.680664 0.604167 0.681641 0.604167 0.685547 0.598958 0.688477 0.597656 0.694336 0.591146 0.694336 0.589844 0.697266 0.584635 0.697266 0.582031 0.700195 0.575521 0.700195 0.572917 0.701172 0.571615 0.701172 0.570312 0.695312 0.562500 0.694336 0.562500 0.686523 0.554688 0.684570 0.554688 0.683594 0.553385 0.682617 0.553385 0.681641 0.552083 0.679688 0.552083 0.678711 0.550781
0 0.621094 0.459635 0.619141 0.462240 0.618164 0.462240 0.612305 0.471354 0.612305 0.479167 0.614258 0.484375 0.614258 0.488281 0.613281 0.489583 0.613281 0.498698 0.614258 0.501302 0.623047 0.513021 0.623047 0.514323 0.632812 0.526042 0.634766 0.527344 0.642578 0.527344 0.643555 0.526042 0.647461 0.524740 0.655273 0.515625 0.659180 0.505208 0.659180 0.501302 0.660156 0.500000 0.660156 0.489583 0.656250 0.479167 0.654297 0.476562 0.654297 0.475260 0.644531 0.462240 0.643555 0.462240 0.639648 0.458333 0.631836 0.458333 0.629883 0.457031 0.628906 0.458333 0.624023 0.458333 0.623047 0.459635
0 0.674805 0.485677 0.673828 0.486979 0.674805 0.488281 0.674805 0.492188 0.672852 0.493490 0.667969 0.500000 0.665039 0.501302 0.660156 0.509115 0.659180 0.511719 0.659180 0.523438 0.661133 0.528646 0.663086 0.531250 0.664062 0.535156 0.666992 0.539062 0.668945 0.539062 0.669922 0.540365 0.676758 0.540365 0.680664 0.542969 0.683594 0.542969 0.684570 0.544271 0.688477 0.544271 0.692383 0.540365 0.693359 0.540365 0.696289 0.536458 0.697266 0.536458 0.702148 0.526042 0.702148 0.523438 0.703125 0.522135 0.703125 0.501302 0.702148 0.498698 0.700195 0.497396 0.696289 0.492188 0.696289 0.490885 0.693359 0.488281 0.691406 0.488281 0.688477 0.485677
0 0.585938 0.381510 0.581055 0.388021 0.579102 0.398438 0.580078 0.399740 0.580078 0.407552 0.581055 0.408854 0.581055 0.414062 0.582031 0.415365 0.582031 0.417969 0.583984 0.420573 0.584961 0.424479 0.587891 0.428385 0.587891 0.429688 0.591797 0.434896 0.593750 0.436198 0.607422 0.436198 0.608398 0.437500 0.614258 0.437500 0.617188 0.434896 0.619141 0.434896 0.622070 0.430990 0.623047 0.430990 0.623047 0.429688 0.626953 0.424479 0.628906 0.419271 0.629883 0.411458 0.628906 0.410156 0.628906 0.402344 0.627930 0.401042 0.626953 0.391927 0.625977 0.389323 0.622070 0.384115 0.622070 0.382812 0.616211 0.375000 0.614258 0.373698 0.596680 0.373698 0.595703 0.375000 0.591797 0.376302 0.589844 0.378906
0 0.650391 0.404948 0.646484 0.408854 0.646484 0.411458 0.644531 0.415365 0.644531 0.417969 0.642578 0.423177 0.642578 0.429688 0.641602 0.430990 0.640625 0.428385 0.638672 0.427083 0.638672 0.436198 0.639648 0.437500 0.639648 0.440104 0.641602 0.442708 0.641602 0.444010 0.646484 0.449219 0.649414 0.457031 0.651367 0.458333 0.654297 0.458333 0.655273 0.459635 0.663086 0.460938 0.664062 0.462240 0.667969 0.462240 0.668945 0.460938 0.671875 0.460938 0.677734 0.457031 0.679688 0.454427 0.686523 0.449219 0.689453 0.445312 0.688477 0.442708 0.688477 0.438802 0.689453 0.437500 0.689453 0.434896 0.691406 0.429688 0.691406 0.423177 0.688477 0.417969 0.678711 0.411458 0.674805 0.407552 0.671875 0.407552 0.670898 0.406250 0.667969 0.406250 0.666992 0.404948 0.662109 0.404948 0.661133 0.403646 0.660156 0.404948
0 0.642578 0.341146 0.639648 0.345052 0.637695 0.350260 0.637695 0.355469 0.639648 0.359375 0.639648 0.361979 0.642578 0.369792 0.645508 0.372396 0.648438 0.377604 0.647461 0.378906 0.647461 0.390625 0.646484 0.391927 0.651367 0.391927 0.654297 0.389323 0.664062 0.398438 0.668945 0.401042 0.671875 0.401042 0.672852 0.402344 0.676758 0.402344 0.678711 0.399740 0.681641 0.398438 0.685547 0.393229 0.690430 0.380208 0.693359 0.376302 0.693359 0.372396 0.694336 0.371094 0.694336 0.363281 0.695312 0.361979 0.695312 0.359375 0.694336 0.358073 0.694336 0.350260 0.693359 0.347656 0.689453 0.345052 0.684570 0.345052 0.680664 0.342448 0.674805 0.341146 0.668945 0.337240 0.661133 0.335938 0.660156 0.334635 0.649414 0.334635 0.643555 0.341146
0 0.626953 0.302083 0.625000 0.303385 0.622070 0.303385 0.619141 0.305990 0.612305 0.307292 0.611328 0.308594 0.609375 0.308594 0.605469 0.311198 0.601562 0.316406 0.600586 0.320312 0.598633 0.322917 0.595703 0.330729 0.595703 0.335938 0.594727 0.337240 0.594727 0.342448 0.593750 0.343750 0.593750 0.350260 0.595703 0.355469 0.596680 0.364583 0.598633 0.368490 0.600586 0.369792 0.604492 0.369792 0.605469 0.368490 0.609375 0.368490 0.610352 0.367188 0.612305 0.367188 0.617188 0.363281 0.622070 0.361979 0.624023 0.359375 0.625977 0.359375 0.626953 0.358073 0.630859 0.356771 0.634766 0.351562 0.637695 0.343750 0.637695 0.333333 0.634766 0.325521 0.633789 0.316406 0.631836 0.311198 0.629883 0.308594 0.628906 0.304688
0 0.614258 0.236979 0.612305 0.236979 0.611328 0.235677 0.608398 0.235677 0.607422 0.236979 0.598633 0.236979 0.591797 0.242188 0.589844 0.242188 0.584961 0.246094 0.583008 0.246094 0.579102 0.251302 0.578125 0.257812 0.574219 0.264323 0.574219 0.274740 0.576172 0.278646 0.577148 0.283854 0.579102 0.286458 0.582031 0.294271 0.590820 0.307292 0.594727 0.307292 0.595703 0.308594 0.603516 0.308594 0.610352 0.304688 0.617188 0.303385 0.626953 0.298177 0.629883 0.291667 0.629883 0.287760 0.630859 0.286458 0.630859 0.266927 0.628906 0.264323 0.627930 0.259115
0 0.633789 0.257812 0.630859 0.261719 0.630859 0.264323 0.631836 0.265625 0.631836 0.286458 0.630859 0.287760 0.630859 0.300781 0.631836 0.302083 0.631836 0.305990 0.632812 0.307292 0.632812 0.309896 0.634766 0.312500 0.636719 0.319010 0.641602 0.324219 0.654297 0.324219 0.655273 0.322917 0.657227 0.322917 0.661133 0.320312 0.662109 0.317708 0.664062 0.315104 0.665039 0.315104 0.668945 0.308594 0.671875 0.300781 0.671875 0.286458 0.666016 0.269531 0.664062 0.266927 0.664062 0.265625 0.659180 0.260417 0.654297 0.260417 0.653320 0.259115 0.649414 0.259115 0.648438 0.257812 0.643555 0.257812 0.642578 0.256510 0.637695 0.256510 0.636719 0.257812
0 0.583008 0.160156 0.579102 0.162760 0.570312 0.174479 0.571289 0.177083 0.571289 0.188802 0.573242 0.194010 0.577148 0.200521 0.578125 0.204427 0.583008 0.210938 0.584961 0.216146 0.590820 0.223958 0.592773 0.223958 0.593750 0.225260 0.601562 0.225260 0.607422 0.221354 0.611328 0.216146 0.614258 0.208333 0.616211 0.205729 0.616211 0.201823 0.620117 0.194010 0.620117 0.187500 0.619141 0.186198 0.619141 0.183594 0.615234 0.177083 0.614258 0.173177 0.612305 0.171875 0.611328 0.167969 0.607422 0.161458 0.604492 0.161458 0.603516 0.160156
0 0.676758 0.178385 0.673828 0.174479 0.667969 0.173177 0.666992 0.174479 0.662109 0.174479 0.661133 0.175781 0.658203 0.175781 0.657227 0.177083 0.653320 0.177083 0.652344 0.178385 0.647461 0.179688 0.644531 0.182292 0.641602 0.182292 0.640625 0.183594 0.638672 0.183594 0.637695 0.184896 0.633789 0.186198 0.628906 0.191406 0.628906 0.203125 0.627930 0.204427 0.628906 0.207031 0.628906 0.210938 0.631836 0.216146 0.632812 0.216146 0.639648 0.223958 0.648438 0.229167 0.650391 0.231771 0.654297 0.234375 0.666016 0.226562 0.668945 0.226562 0.669922 0.225260 0.672852 0.225260 0.674805 0.223958 0.677734 0.220052 0.677734 0.217448 0.678711 0.216146 0.678711 0.210938 0.679688 0.209635 0.679688 0.205729 0.680664 0.204427 0.680664 0.200521 0.679688 0.199219 0.679688 0.192708 0.678711 0.191406 0.678711 0.186198 0.677734 0.184896
0 0.737305 0.187500 0.735352 0.186198 0.724609 0.186198 0.723633 0.187500 0.710938 0.187500 0.709961 0.188802 0.695312 0.190104 0.687500 0.195312 0.687500 0.197917 0.684570 0.203125 0.684570 0.207031 0.686523 0.212240 0.695312 0.225260 0.696289 0.229167 0.697266 0.230469 0.699219 0.230469 0.702148 0.234375 0.702148 0.235677 0.708984 0.242188 0.730469 0.240885 0.735352 0.236979 0.740234 0.229167 0.740234 0.225260 0.741211 0.223958 0.741211 0.220052 0.742188 0.218750 0.742188 0.199219 0.741211 0.197917 0.741211 0.194010
0 0.770508 0.199219 0.759766 0.199219 0.758789 0.200521 0.756836 0.200521 0.755859 0.201823 0.752930 0.201823 0.751953 0.203125 0.747070 0.203125 0.744141 0.205729 0.744141 0.220052 0.743164 0.221354 0.743164 0.226562 0.742188 0.227865 0.742188 0.230469 0.740234 0.235677 0.740234 0.244792 0.741211 0.247396 0.747070 0.255208 0.747070 0.256510 0.751953 0.263021 0.753906 0.264323 0.758789 0.264323 0.759766 0.263021 0.763672 0.263021 0.764648 0.261719 0.767578 0.261719 0.769531 0.260417 0.783203 0.236979 0.783203 0.234375 0.784180 0.233073 0.784180 0.225260 0.783203 0.223958 0.783203 0.220052 0.781250 0.217448 0.778320 0.208333 0.772461 0.200521
0 0.739258 0.247396 0.737305 0.246094 0.734375 0.246094 0.733398 0.244792 0.731445 0.244792 0.730469 0.246094 0.727539 0.246094 0.719727 0.256510 0.715820 0.259115 0.713867 0.259115 0.712891 0.260417 0.708984 0.261719 0.707031 0.266927 0.707031 0.272135 0.703125 0.278646 0.702148 0.283854 0.703125 0.285156 0.703125 0.289062 0.705078 0.294271 0.708008 0.298177 0.708008 0.299479 0.708984 0.299479 0.712891 0.304688 0.724609 0.308594 0.727539 0.305990 0.730469 0.305990 0.731445 0.304688 0.735352 0.304688 0.737305 0.302083 0.740234 0.300781 0.743164 0.296875 0.744141 0.296875 0.744141 0.295573 0.746094 0.292969 0.750000 0.282552 0.750000 0.279948 0.750977 0.278646 0.750977 0.273438 0.751953 0.272135 0.750977 0.270833 0.750977 0.265625 0.749023 0.260417 0.744141 0.253906 0.744141 0.252604
0 0.720703 0.308594 0.712891 0.308594 0.711914 0.309896 0.706055 0.309896 0.706055 0.319010 0.704102 0.321615 0.703125 0.321615 0.700195 0.326823 0.696289 0.329427 0.691406 0.330729 0.689453 0.332031 0.688477 0.334635 0.688477 0.341146 0.695312 0.347656 0.695312 0.350260 0.696289 0.351562 0.696289 0.360677 0.698242 0.363281 0.700195 0.363281 0.708984 0.369792 0.714844 0.371094 0.715820 0.372396 0.719727 0.368490 0.722656 0.367188 0.724609 0.364583 0.726562 0.364583 0.732422 0.360677 0.735352 0.356771 0.736328 0.354167 0.736328 0.348958 0.737305 0.347656 0.737305 0.338542 0.736328 0.337240 0.736328 0.332031 0.731445 0.319010 0.730469 0.319010 0.724609 0.311198
0 0.756836 0.372396 0.754883 0.371094 0.750977 0.371094 0.750000 0.369792 0.748047 0.369792 0.744141 0.365885 0.738281 0.361979 0.734375 0.361979 0.733398 0.363281 0.731445 0.363281 0.729492 0.365885 0.727539 0.365885 0.726562 0.367188 0.726562 0.369792 0.724609 0.375000 0.724609 0.384115 0.723633 0.385417 0.723633 0.389323 0.721680 0.393229 0.721680 0.398438 0.720703 0.399740 0.719727 0.411458 0.716797 0.417969 0.717773 0.421875 0.720703 0.423177 0.722656 0.425781 0.730469 0.425781 0.731445 0.424479 0.739258 0.424479 0.740234 0.423177 0.745117 0.423177 0.746094 0.421875 0.750000 0.421875 0.750977 0.420573 0.753906 0.420573 0.755859 0.419271 0.758789 0.415365 0.762695 0.404948 0.762695 0.394531 0.758789 0.384115 0.758789 0.381510 0.757812 0.380208 0.757812 0.375000
0 0.773438 0.263021 0.765625 0.268229 0.762695 0.272135 0.760742 0.277344 0.761719 0.292969 0.762695 0.294271 0.762695 0.298177 0.764648 0.302083 0.766602 0.317708 0.768555 0.321615 0.769531 0.326823 0.775391 0.332031 0.777344 0.332031 0.778320 0.333333 0.782227 0.333333 0.783203 0.332031 0.791016 0.330729 0.792969 0.328125 0.796875 0.325521 0.802734 0.317708 0.804688 0.312500 0.804688 0.283854 0.803711 0.282552 0.803711 0.274740 0.802734 0.273438 0.802734 0.270833 0.796875 0.266927 0.789062 0.266927 0.788086 0.265625 0.785156 0.265625 0.781250 0.263021
0 0.812500 0.231771 0.816406 0.235677 0.814453 0.238281 0.812500 0.238281 0.808594 0.240885 0.805664 0.240885 0.805664 0.252604 0.807617 0.256510 0.804688 0.261719 0.804688 0.268229 0.806641 0.273438 0.806641 0.278646 0.807617 0.281250 0.813477 0.287760 0.820312 0.291667 0.827148 0.298177 0.829102 0.298177 0.833008 0.300781 0.836914 0.300781 0.840820 0.298177 0.850586 0.286458 0.851562 0.283854 0.851562 0.279948 0.852539 0.278646 0.851562 0.276042 0.851562 0.270833 0.850586 0.269531 0.850586 0.261719 0.848633 0.256510 0.848633 0.251302 0.847656 0.248698 0.844727 0.244792 0.844727 0.243490 0.838867 0.239583 0.836914 0.236979 0.834961 0.236979 0.832031 0.234375 0.826172 0.233073 0.825195 0.231771
0 0.843750 0.298177 0.843750 0.309896 0.848633 0.315104 0.847656 0.316406 0.847656 0.321615 0.848633 0.322917 0.848633 0.335938 0.853516 0.347656 0.853516 0.354167 0.854492 0.355469 0.854492 0.358073 0.860352 0.360677 0.866211 0.356771 0.875977 0.355469 0.885742 0.350260 0.889648 0.345052 0.895508 0.341146 0.897461 0.329427 0.895508 0.324219 0.891602 0.319010 0.888672 0.309896 0.885742 0.307292 0.883789 0.299479 0.879883 0.292969 0.873047 0.292969 0.872070 0.294271 0.854492 0.294271 0.852539 0.292969 0.851562 0.294271 0.848633 0.294271 0.846680 0.296875
0 0.898438 0.345052 0.895508 0.341146 0.893555 0.343750 0.892578 0.343750 0.890625 0.346354 0.889648 0.346354 0.886719 0.350260 0.885742 0.350260 0.878906 0.355469 0.864258 0.359375 0.861328 0.364583 0.861328 0.367188 0.860352 0.368490 0.860352 0.371094 0.859375 0.372396 0.859375 0.377604 0.862305 0.377604 0.863281 0.378906 0.866211 0.378906 0.867188 0.380208 0.869141 0.380208 0.870117 0.381510 0.875000 0.382812 0.876953 0.385417 0.877930 0.385417 0.879883 0.388021 0.880859 0.388021 0.884766 0.394531 0.888672 0.394531 0.888672 0.393229 0.890625 0.389323 0.890625 0.386719 0.892578 0.384115 0.892578 0.382812 0.894531 0.380208 0.894531 0.378906 0.896484 0.375000 0.896484 0.371094 0.897461 0.369792 0.897461 0.368490 0.899414 0.364583 0.899414 0.361979 0.900391 0.360677 0.900391 0.351562 0.899414 0.350260 0.899414 0.347656 0.898438 0.346354
0 0.775391 0.338542 0.773438 0.341146 0.771484 0.346354 0.771484 0.350260 0.769531 0.355469 0.769531 0.364583 0.770508 0.365885 0.770508 0.371094 0.775391 0.381510 0.779297 0.381510 0.780273 0.382812 0.782227 0.382812 0.785156 0.386719 0.785156 0.390625 0.789062 0.395833 0.803711 0.395833 0.804688 0.397135 0.806641 0.397135 0.812500 0.393229 0.816406 0.388021 0.818359 0.382812 0.819336 0.376302 0.821289 0.373698 0.823242 0.368490 0.823242 0.364583 0.824219 0.363281 0.824219 0.356771 0.825195 0.355469 0.825195 0.348958 0.824219 0.346354 0.819336 0.339844 0.817383 0.339844 0.816406 0.338542 0.811523 0.338542 0.810547 0.337240 0.807617 0.337240 0.806641 0.335938 0.781250 0.335938 0.780273 0.337240 0.777344 0.337240
0 0.866211 0.382812 0.865234 0.385417 0.865234 0.390625 0.866211 0.391927 0.864258 0.394531 0.862305 0.394531 0.860352 0.397135 0.857422 0.397135 0.856445 0.398438 0.857422 0.402344 0.852539 0.407552 0.852539 0.408854 0.848633 0.414062 0.847656 0.416667 0.847656 0.433594 0.849609 0.438802 0.854492 0.445312 0.858398 0.447917 0.861328 0.447917 0.865234 0.450521 0.874023 0.450521 0.879883 0.446615 0.881836 0.441406 0.891602 0.428385 0.891602 0.421875 0.889648 0.417969 0.889648 0.410156 0.888672 0.408854 0.888672 0.406250 0.884766 0.399740 0.884766 0.398438 0.881836 0.394531 0.881836 0.393229 0.880859 0.393229 0.875000 0.385417 0.871094 0.384115 0.870117 0.382812
0 0.887695 0.402344 0.889648 0.406250 0.889648 0.408854 0.890625 0.410156 0.890625 0.416667 0.893555 0.424479 0.892578 0.425781 0.892578 0.429688 0.882812 0.444010 0.882812 0.446615 0.881836 0.447917 0.881836 0.450521 0.884766 0.458333 0.886719 0.460938 0.885742 0.464844 0.891602 0.468750 0.894531 0.468750 0.899414 0.471354 0.904297 0.471354 0.905273 0.470052 0.907227 0.470052 0.911133 0.466146 0.913086 0.466146 0.919922 0.462240 0.927734 0.462240 0.931641 0.457031 0.934570 0.444010 0.930664 0.432292 0.928711 0.429688 0.927734 0.425781 0.924805 0.421875 0.922852 0.415365 0.919922 0.411458 0.919922 0.410156 0.913086 0.408854 0.908203 0.406250 0.898438 0.404948 0.894531 0.402344
0 0.770508 0.414062 0.770508 0.415365 0.768555 0.417969 0.762695 0.419271 0.764648 0.421875 0.764648 0.430990 0.763672 0.433594 0.758789 0.438802 0.758789 0.441406 0.759766 0.442708 0.759766 0.449219 0.757812 0.454427 0.757812 0.459635 0.759766 0.463542 0.759766 0.466146 0.764648 0.471354 0.763672 0.472656 0.763672 0.475260 0.765625 0.477865 0.773438 0.483073 0.781250 0.483073 0.782227 0.481771 0.785156 0.481771 0.794922 0.470052 0.794922 0.468750 0.797852 0.464844 0.801758 0.455729 0.804688 0.451823 0.804688 0.449219 0.805664 0.447917 0.805664 0.442708 0.801758 0.430990 0.795898 0.423177 0.792969 0.421875 0.791016 0.419271 0.789062 0.419271 0.788086 0.417969 0.786133 0.417969 0.779297 0.414062 0.776367 0.414062 0.775391 0.415365 0.773438 0.414062
0 0.697266 0.425781 0.696289 0.429688 0.697266 0.429688 0.699219 0.433594 0.694336 0.436198 0.692383 0.438802 0.693359 0.441406 0.693359 0.447917 0.690430 0.454427 0.690430 0.457031 0.691406 0.458333 0.691406 0.468750 0.693359 0.473958 0.694336 0.485677 0.697266 0.489583 0.700195 0.489583 0.703125 0.492188 0.710938 0.493490 0.711914 0.494792 0.716797 0.494792 0.717773 0.496094 0.721680 0.496094 0.722656 0.497396 0.725586 0.497396 0.727539 0.496094 0.729492 0.492188 0.732422 0.492188 0.736328 0.486979 0.737305 0.486979 0.739258 0.481771 0.739258 0.475260 0.736328 0.471354 0.737305 0.454427 0.735352 0.450521 0.733398 0.441406 0.719727 0.425781 0.717773 0.425781 0.716797 0.424479 0.710938 0.424479 0.709961 0.423177 0.708008 0.423177 0.701172 0.428385 0.698242 0.428385
0 0.758789 0.477865 0.757812 0.477865 0.756836 0.476562 0.753906 0.476562 0.752930 0.477865 0.750977 0.477865 0.750000 0.479167 0.746094 0.479167 0.745117 0.480469 0.743164 0.480469 0.742188 0.481771 0.741211 0.481771 0.740234 0.485677 0.736328 0.490885 0.735352 0.490885 0.733398 0.493490 0.728516 0.496094 0.728516 0.497396 0.726562 0.501302 0.726562 0.505208 0.725586 0.506510 0.725586 0.513021 0.726562 0.514323 0.726562 0.516927 0.727539 0.518229 0.728516 0.522135 0.730469 0.524740 0.730469 0.526042 0.733398 0.529948 0.733398 0.531250 0.734375 0.531250 0.736328 0.533854 0.740234 0.533854 0.742188 0.531250 0.760742 0.519531 0.762695 0.516927 0.763672 0.516927 0.765625 0.514323 0.766602 0.514323 0.769531 0.509115 0.769531 0.497396 0.767578 0.493490 0.767578 0.490885 0.765625 0.488281 0.764648 0.484375 0.763672 0.483073 0.762695 0.483073
0 0.844727 0.480469 0.842773 0.480469 0.838867 0.477865 0.835938 0.473958 0.834961 0.473958 0.831055 0.470052 0.828125 0.470052 0.827148 0.468750 0.820312 0.468750 0.817383 0.472656 0.813477 0.473958 0.813477 0.475260 0.809570 0.480469 0.808594 0.480469 0.799805 0.493490 0.798828 0.493490 0.796875 0.496094 0.795898 0.498698 0.795898 0.502604 0.796875 0.503906 0.796875 0.513021 0.797852 0.515625 0.804688 0.524740 0.804688 0.526042 0.806641 0.528646 0.812500 0.528646 0.813477 0.527344 0.815430 0.527344 0.817383 0.524740 0.825195 0.524740 0.826172 0.526042 0.830078 0.526042 0.835938 0.522135 0.840820 0.520833 0.846680 0.513021 0.848633 0.507812 0.848633 0.505208 0.847656 0.503906 0.847656 0.497396 0.846680 0.496094 0.846680 0.484375
0 0.865234 0.457031 0.860352 0.457031 0.859375 0.458333 0.857422 0.458333 0.856445 0.459635 0.853516 0.460938 0.851562 0.463542 0.848633 0.464844 0.846680 0.467448 0.843750 0.468750 0.841797 0.471354 0.841797 0.473958 0.842773 0.475260 0.842773 0.476562 0.843750 0.477865 0.844727 0.477865 0.847656 0.483073 0.847656 0.488281 0.848633 0.489583 0.848633 0.501302 0.849609 0.502604 0.849609 0.507812 0.852539 0.511719 0.855469 0.511719 0.856445 0.513021 0.857422 0.511719 0.862305 0.511719 0.863281 0.510417 0.865234 0.510417 0.866211 0.509115 0.867188 0.509115 0.867188 0.507812 0.871094 0.503906 0.871094 0.502604 0.873047 0.500000 0.873047 0.498698 0.878906 0.490885 0.878906 0.489583 0.879883 0.488281 0.879883 0.484375 0.878906 0.483073 0.877930 0.479167 0.874023 0.473958 0.874023 0.472656 0.871094 0.466146 0.871094 0.463542 0.867188 0.458333 0.866211 0.458333
0 0.776367 0.507812 0.775391 0.509115 0.773438 0.509115 0.757812 0.529948 0.753906 0.540365 0.755859 0.544271 0.755859 0.546875 0.761719 0.554688 0.761719 0.558594 0.771484 0.574219 0.775391 0.576823 0.777344 0.576823 0.778320 0.578125 0.788086 0.578125 0.790039 0.575521 0.791016 0.575521 0.791016 0.574219 0.794922 0.567708 0.797852 0.558594 0.805664 0.548177 0.808594 0.540365 0.808594 0.537760 0.804688 0.532552 0.803711 0.528646 0.797852 0.522135 0.793945 0.520833 0.791992 0.518229 0.788086 0.515625 0.786133 0.513021 0.786133 0.511719 0.785156 0.511719 0.783203 0.509115 0.781250 0.507812
0 0.826172 0.526042 0.824219 0.526042 0.823242 0.524740 0.819336 0.524740 0.818359 0.526042 0.814453 0.526042 0.812500 0.528646 0.811523 0.528646 0.810547 0.529948 0.808594 0.529948 0.807617 0.531250 0.807617 0.533854 0.808594 0.535156 0.809570 0.539062 0.808594 0.540365 0.807617 0.544271 0.805664 0.546875 0.805664 0.548177 0.797852 0.559896 0.797852 0.565104 0.800781 0.569010 0.801758 0.569010 0.804688 0.571615 0.816406 0.571615 0.817383 0.570312 0.818359 0.570312 0.822266 0.565104 0.822266 0.563802 0.824219 0.559896 0.824219 0.557292 0.825195 0.555990 0.825195 0.545573 0.826172 0.544271 0.826172 0.537760 0.827148 0.536458 0.827148 0.527344
0 0.715820 0.533854 0.710938 0.539062 0.710938 0.540365 0.712891 0.542969 0.714844 0.542969 0.715820 0.544271 0.714844 0.545573 0.714844 0.550781 0.712891 0.554688 0.712891 0.557292 0.710938 0.562500 0.710938 0.566406 0.709961 0.567708 0.709961 0.570312 0.711914 0.575521 0.717773 0.583333 0.718750 0.583333 0.720703 0.585938 0.722656 0.585938 0.725586 0.589844 0.727539 0.589844 0.728516 0.591146 0.736328 0.591146 0.746094 0.584635 0.754883 0.574219 0.755859 0.569010 0.756836 0.567708 0.756836 0.563802 0.757812 0.562500 0.757812 0.554688 0.754883 0.550781 0.751953 0.549479 0.745117 0.541667 0.739258 0.537760 0.736328 0.537760 0.731445 0.533854 0.727539 0.533854 0.726562 0.532552 0.719727 0.532552 0.718750 0.533854
0 0.742188 0.621094 0.738281 0.615885 0.727539 0.609375 0.724609 0.613281 0.723633 0.613281 0.722656 0.614583 0.719727 0.614583 0.718750 0.615885 0.716797 0.615885 0.715820 0.617188 0.712891 0.617188 0.711914 0.618490 0.710938 0.618490 0.708008 0.623698 0.704102 0.623698 0.703125 0.625000 0.698242 0.627604 0.697266 0.628906 0.697266 0.631510 0.696289 0.632812 0.696289 0.640625 0.697266 0.641927 0.697266 0.643229 0.699219 0.643229 0.708984 0.657552 0.710938 0.657552 0.713867 0.660156 0.718750 0.660156 0.721680 0.657552 0.723633 0.657552 0.724609 0.656250 0.729492 0.653646 0.737305 0.644531 0.740234 0.643229 0.742188 0.640625 0.742188 0.639323 0.744141 0.635417 0.744141 0.627604 0.743164 0.626302 0.743164 0.623698 0.742188 0.622396
0 0.740234 0.658854 0.737305 0.658854 0.736328 0.657552 0.733398 0.657552 0.732422 0.656250 0.729492 0.656250 0.728516 0.657552 0.725586 0.657552 0.724609 0.658854 0.719727 0.660156 0.716797 0.662760 0.715820 0.662760 0.714844 0.661458 0.712891 0.661458 0.709961 0.658854 0.707031 0.658854 0.706055 0.660156 0.704102 0.660156 0.702148 0.662760 0.702148 0.667969 0.701172 0.669271 0.702148 0.670573 0.702148 0.679688 0.703125 0.680990 0.705078 0.687500 0.707031 0.690104 0.707031 0.692708 0.708008 0.694010 0.708008 0.695312 0.711914 0.700521 0.727539 0.700521 0.728516 0.699219 0.730469 0.699219 0.732422 0.696615 0.733398 0.696615 0.741211 0.686198 0.741211 0.683594 0.742188 0.682292 0.742188 0.678385 0.743164 0.677083 0.743164 0.665365
0 0.674805 0.617188 0.671875 0.617188 0.672852 0.618490 0.672852 0.623698 0.674805 0.626302 0.673828 0.627604 0.666016 0.628906 0.665039 0.627604 0.661133 0.627604 0.658203 0.625000 0.647461 0.638021 0.645508 0.643229 0.646484 0.644531 0.646484 0.651042 0.647461 0.652344 0.647461 0.657552 0.648438 0.658854 0.648438 0.664062 0.649414 0.665365 0.649414 0.673177 0.653320 0.679688 0.659180 0.683594 0.661133 0.683594 0.662109 0.684896 0.666992 0.684896 0.668945 0.683594 0.679688 0.669271 0.679688 0.667969 0.682617 0.664062 0.682617 0.661458 0.686523 0.652344 0.686523 0.649740 0.688477 0.644531 0.687500 0.638021 0.681641 0.630208 0.678711 0.628906 0.676758 0.626302 0.677734 0.621094
0 0.699219 0.703125 0.698242 0.704427 0.696289 0.704427 0.694336 0.707031 0.689453 0.709635 0.681641 0.718750 0.681641 0.720052 0.680664 0.721354 0.680664 0.723958 0.679688 0.725260 0.679688 0.727865 0.677734 0.731771 0.677734 0.736979 0.679688 0.739583 0.679688 0.740885 0.684570 0.746094 0.685547 0.746094 0.686523 0.747396 0.688477 0.747396 0.692383 0.751302 0.693359 0.751302 0.700195 0.756510 0.705078 0.757812 0.706055 0.756510 0.708008 0.756510 0.709961 0.753906 0.709961 0.752604 0.718750 0.740885 0.720703 0.734375 0.723633 0.730469 0.723633 0.727865 0.715820 0.716146 0.715820 0.714844 0.714844 0.714844 0.713867 0.713542 0.711914 0.707031 0.710938 0.707031 0.708984 0.704427 0.704102 0.705729 0.703125 0.704427 0.703125 0.703125
0 0.614258 0.662760 0.613281 0.664062 0.613281 0.669271 0.612305 0.670573 0.612305 0.673177 0.603516 0.683594 0.603516 0.686198 0.602539 0.688802 0.603516 0.690104 0.603516 0.692708 0.609375 0.704427 0.610352 0.707031 0.610352 0.709635 0.613281 0.717448 0.616211 0.721354 0.617188 0.721354 0.621094 0.725260 0.625000 0.725260 0.625977 0.726562 0.626953 0.725260 0.629883 0.725260 0.633789 0.722656 0.638672 0.717448 0.639648 0.717448 0.646484 0.704427 0.646484 0.696615 0.647461 0.695312 0.647461 0.688802 0.642578 0.675781 0.640625 0.673177 0.640625 0.670573 0.635742 0.664062 0.633789 0.662760 0.631836 0.662760 0.630859 0.661458 0.624023 0.661458 0.623047 0.662760
0 0.759766 0.584635 0.750977 0.591146 0.750977 0.592448 0.747070 0.597656 0.746094 0.600260 0.746094 0.602865 0.744141 0.606771 0.744141 0.610677 0.745117 0.611979 0.746094 0.618490 0.748047 0.621094 0.748047 0.623698 0.749023 0.625000 0.749023 0.628906 0.752930 0.634115 0.753906 0.638021 0.758789 0.644531 0.760742 0.644531 0.761719 0.645833 0.767578 0.645833 0.768555 0.644531 0.771484 0.644531 0.772461 0.643229 0.774414 0.643229 0.776367 0.641927 0.783203 0.634115 0.786133 0.632812 0.789062 0.628906 0.789062 0.614583 0.788086 0.613281 0.788086 0.609375 0.787109 0.608073 0.787109 0.605469 0.782227 0.592448 0.778320 0.587240 0.776367 0.587240 0.773438 0.584635
0 0.752930 0.654948 0.750977 0.657552 0.750000 0.657552 0.745117 0.662760 0.745117 0.674479 0.744141 0.675781 0.744141 0.684896 0.745117 0.686198 0.746094 0.690104 0.753906 0.700521 0.754883 0.700521 0.755859 0.701823 0.770508 0.701823 0.771484 0.700521 0.772461 0.700521 0.775391 0.696615 0.776367 0.692708 0.779297 0.688802 0.780273 0.684896 0.782227 0.682292 0.782227 0.680990 0.783203 0.679688 0.784180 0.673177 0.783203 0.671875 0.781250 0.665365 0.780273 0.664062 0.779297 0.664062 0.777344 0.660156 0.775391 0.660156 0.773438 0.657552 0.773438 0.656250 0.772461 0.656250 0.771484 0.654948 0.769531 0.654948 0.768555 0.653646 0.766602 0.653646 0.765625 0.652344 0.758789 0.652344 0.757812 0.653646
0 0.818359 0.635417 0.808594 0.635417 0.807617 0.636719 0.805664 0.636719 0.804688 0.638021 0.801758 0.639323 0.797852 0.644531 0.797852 0.645833 0.795898 0.649740 0.795898 0.654948 0.794922 0.656250 0.794922 0.680990 0.795898 0.682292 0.795898 0.684896 0.797852 0.687500 0.797852 0.688802 0.801758 0.694010 0.803711 0.694010 0.804688 0.695312 0.807617 0.695312 0.808594 0.694010 0.810547 0.694010 0.811523 0.692708 0.814453 0.692708 0.817383 0.690104 0.822266 0.688802 0.826172 0.684896 0.827148 0.684896 0.830078 0.678385 0.829102 0.677083 0.829102 0.656250 0.828125 0.654948 0.828125 0.652344 0.827148 0.651042 0.826172 0.644531 0.820312 0.636719 0.819336 0.636719
0 0.806641 0.574219 0.805664 0.575521 0.803711 0.575521 0.802734 0.576823 0.799805 0.578125 0.796875 0.582031 0.796875 0.583333 0.793945 0.587240 0.793945 0.588542 0.790039 0.595052 0.790039 0.596354 0.789062 0.597656 0.789062 0.600260 0.788086 0.601562 0.788086 0.606771 0.789062 0.608073 0.789062 0.611979 0.790039 0.613281 0.790039 0.618490 0.791016 0.619792 0.791016 0.622396 0.791992 0.623698 0.792969 0.623698 0.793945 0.625000 0.795898 0.625000 0.798828 0.627604 0.801758 0.627604 0.808594 0.632812 0.818359 0.632812 0.823242 0.625000 0.823242 0.622396 0.829102 0.608073 0.829102 0.604167 0.830078 0.602865 0.830078 0.600260 0.827148 0.593750 0.827148 0.591146 0.824219 0.587240 0.823242 0.587240 0.814453 0.576823 0.813477 0.576823 0.812500 0.575521 0.809570 0.575521 0.808594 0.574219
0 0.832031 0.605469 0.832031 0.613281 0.833008 0.614583 0.833008 0.617188 0.836914 0.622396 0.836914 0.628906 0.835938 0.630208 0.835938 0.631510 0.836914 0.632812 0.838867 0.632812 0.839844 0.634115 0.843750 0.634115 0.844727 0.635417 0.849609 0.635417 0.850586 0.634115 0.859375 0.634115 0.860352 0.632812 0.866211 0.632812 0.867188 0.631510 0.872070 0.631510 0.875000 0.627604 0.875000 0.626302 0.876953 0.622396 0.876953 0.611979 0.875977 0.610677 0.873047 0.610677 0.872070 0.609375 0.870117 0.609375 0.869141 0.608073 0.868164 0.608073 0.866211 0.605469 0.865234 0.605469 0.863281 0.602865 0.862305 0.602865 0.859375 0.598958 0.859375 0.597656 0.858398 0.596354 0.857422 0.596354 0.850586 0.591146 0.843750 0.591146 0.838867 0.597656 0.838867 0.598958 0.836914 0.601562 0.833984 0.601562
0 0.867188 0.557292 0.866211 0.558594 0.865234 0.558594 0.865234 0.565104 0.863281 0.569010 0.863281 0.571615 0.862305 0.572917 0.861328 0.579427 0.858398 0.584635 0.858398 0.589844 0.859375 0.591146 0.859375 0.593750 0.860352 0.595052 0.861328 0.598958 0.868164 0.606771 0.870117 0.606771 0.871094 0.608073 0.873047 0.608073 0.874023 0.609375 0.877930 0.609375 0.878906 0.608073 0.880859 0.608073 0.883789 0.610677 0.887695 0.606771 0.890625 0.605469 0.892578 0.602865 0.892578 0.601562 0.894531 0.597656 0.894531 0.595052 0.895508 0.593750 0.895508 0.585938 0.896484 0.584635 0.896484 0.582031 0.897461 0.580729 0.897461 0.576823 0.898438 0.575521 0.899414 0.569010 0.898438 0.567708 0.897461 0.563802 0.889648 0.554688 0.882812 0.554688 0.881836 0.553385 0.879883 0.553385 0.875000 0.557292
0 0.934570 0.600260 0.932617 0.597656 0.932617 0.596354 0.931641 0.595052 0.931641 0.592448 0.929688 0.589844 0.928711 0.589844 0.923828 0.583333 0.922852 0.583333 0.919922 0.585938 0.918945 0.585938 0.917969 0.584635 0.909180 0.584635 0.908203 0.585938 0.905273 0.585938 0.904297 0.587240 0.902344 0.587240 0.901367 0.585938 0.900391 0.585938 0.898438 0.588542 0.898438 0.589844 0.895508 0.596354 0.895508 0.598958 0.893555 0.601562 0.892578 0.605469 0.890625 0.608073 0.889648 0.608073 0.885742 0.611979 0.886719 0.613281 0.886719 0.614583 0.889648 0.618490 0.890625 0.618490 0.893555 0.621094 0.895508 0.621094 0.896484 0.622396 0.897461 0.622396 0.898438 0.623698 0.900391 0.623698 0.903320 0.626302 0.905273 0.626302 0.906250 0.627604 0.908203 0.627604 0.909180 0.628906 0.911133 0.628906 0.912109 0.630208 0.916992 0.631510 0.917969 0.630208 0.919922 0.630208 0.921875 0.627604 0.922852 0.627604 0.926758 0.622396 0.927734 0.622396 0.927734 0.621094 0.931641 0.614583 0.931641 0.613281 0.934570 0.606771
