0 0.234375 0.714844 0.232422 0.716146 0.232422 0.717448 0.230469 0.720052 0.228516 0.720052 0.221680 0.726562 0.220703 0.726562 0.215820 0.734375 0.214844 0.736979 0.214844 0.747396 0.213867 0.748698 0.213867 0.751302 0.214844 0.752604 0.214844 0.756510 0.217773 0.763021 0.219727 0.764323 0.223633 0.764323 0.224609 0.765625 0.226562 0.765625 0.232422 0.770833 0.246094 0.770833 0.248047 0.769531 0.250000 0.764323 0.250000 0.756510 0.251953 0.752604 0.251953 0.750000 0.250000 0.746094 0.250000 0.738281 0.249023 0.736979 0.249023 0.735677 0.250977 0.734375 0.251953 0.731771 0.251953 0.725260 0.250000 0.726562 0.250000 0.731771 0.248047 0.734375 0.246094 0.730469 0.246094 0.727865 0.245117 0.725260 0.239258 0.718750 0.238281 0.714844
0 0.217773 0.597656 0.214844 0.601562 0.214844 0.608073 0.213867 0.609375 0.213867 0.614583 0.212891 0.615885 0.212891 0.617188 0.213867 0.618490 0.213867 0.621094 0.216797 0.625000 0.216797 0.627604 0.217773 0.628906 0.219727 0.635417 0.224609 0.643229 0.226562 0.649740 0.227539 0.649740 0.228516 0.651042 0.230469 0.651042 0.231445 0.649740 0.244141 0.649740 0.245117 0.648438 0.247070 0.648438 0.248047 0.647135 0.248047 0.644531 0.249023 0.643229 0.249023 0.638021 0.250000 0.636719 0.250000 0.630208 0.250977 0.628906 0.250977 0.621094 0.251953 0.619792 0.251953 0.614583 0.246094 0.606771 0.246094 0.605469 0.243164 0.601562 0.243164 0.600260 0.242188 0.598958 0.239258 0.598958 0.238281 0.597656 0.221680 0.597656 0.220703 0.596354 0.219727 0.597656
0 0.266602 0.596354 0.264648 0.598958 0.258789 0.601562 0.255859 0.606771 0.255859 0.609375 0.254883 0.610677 0.254883 0.613281 0.252930 0.618490 0.252930 0.622396 0.251953 0.623698 0.251953 0.628906 0.250977 0.630208 0.250977 0.638021 0.250000 0.639323 0.250000 0.648438 0.253906 0.652344 0.259766 0.656250 0.265625 0.656250 0.267578 0.657552 0.268555 0.656250 0.275391 0.656250 0.276367 0.654948 0.282227 0.654948 0.284180 0.653646 0.286133 0.649740 0.286133 0.647135 0.288086 0.641927 0.288086 0.636719 0.290039 0.634115 0.291992 0.626302 0.289062 0.621094 0.289062 0.619792 0.287109 0.618490 0.283203 0.613281 0.282227 0.613281 0.281250 0.610677 0.279297 0.609375 0.274414 0.602865 0.273438 0.598958 0.271484 0.596354
0 0.333008 0.656250 0.331055 0.656250 0.330078 0.654948 0.328125 0.654948 0.327148 0.653646 0.325195 0.653646 0.324219 0.652344 0.316406 0.652344 0.315430 0.653646 0.308594 0.653646 0.307617 0.654948 0.305664 0.654948 0.304688 0.656250 0.301758 0.657552 0.299805 0.660156 0.298828 0.660156 0.294922 0.667969 0.293945 0.674479 0.294922 0.675781 0.294922 0.679688 0.295898 0.680990 0.297852 0.687500 0.300781 0.691406 0.300781 0.692708 0.305664 0.696615 0.307617 0.696615 0.308594 0.695312 0.316406 0.695312 0.317383 0.694010 0.319336 0.694010 0.320312 0.692708 0.322266 0.692708 0.323242 0.691406 0.326172 0.691406 0.327148 0.690104 0.329102 0.690104 0.330078 0.688802 0.331055 0.688802 0.332031 0.687500 0.332031 0.686198 0.333984 0.683594 0.333984 0.671875 0.333008 0.670573 0.333008 0.667969 0.333984 0.666667 0.334961 0.662760 0.333984 0.661458 0.333984 0.657552
0 0.368164 0.609375 0.367188 0.609375 0.365234 0.606771 0.351562 0.606771 0.350586 0.608073 0.340820 0.608073 0.339844 0.609375 0.336914 0.609375 0.335938 0.610677 0.333984 0.610677 0.333008 0.611979 0.332031 0.611979 0.330078 0.614583 0.330078 0.618490 0.329102 0.619792 0.329102 0.631510 0.330078 0.632812 0.330078 0.636719 0.331055 0.638021 0.332031 0.644531 0.335938 0.649740 0.336914 0.649740 0.339844 0.652344 0.341797 0.652344 0.342773 0.653646 0.346680 0.653646 0.347656 0.652344 0.349609 0.652344 0.352539 0.649740 0.355469 0.649740 0.356445 0.648438 0.361328 0.647135 0.362305 0.645833 0.367188 0.643229 0.370117 0.639323 0.370117 0.638021 0.371094 0.636719 0.371094 0.634115 0.372070 0.632812 0.372070 0.628906 0.373047 0.627604 0.373047 0.622396 0.372070 0.621094 0.372070 0.617188 0.371094 0.615885 0.370117 0.611979
0 0.358398 0.653646 0.357422 0.654948 0.356445 0.654948 0.354492 0.657552 0.354492 0.658854 0.351562 0.662760 0.351562 0.664062 0.347656 0.669271 0.347656 0.670573 0.346680 0.671875 0.346680 0.675781 0.345703 0.677083 0.345703 0.680990 0.346680 0.682292 0.346680 0.687500 0.347656 0.688802 0.347656 0.690104 0.349609 0.692708 0.349609 0.694010 0.352539 0.697917 0.353516 0.697917 0.358398 0.701823 0.361328 0.701823 0.362305 0.703125 0.366211 0.703125 0.367188 0.704427 0.374023 0.704427 0.375000 0.703125 0.375977 0.703125 0.383789 0.692708 0.383789 0.686198 0.382812 0.684896 0.382812 0.682292 0.381836 0.680990 0.380859 0.677083 0.378906 0.674479 0.378906 0.673177 0.377930 0.671875 0.377930 0.670573 0.376953 0.669271 0.376953 0.667969 0.375977 0.666667 0.374023 0.660156 0.370117 0.654948 0.369141 0.654948 0.368164 0.653646
0 0.366211 0.707031 0.363281 0.707031 0.362305 0.705729 0.358398 0.705729 0.357422 0.704427 0.356445 0.704427 0.351562 0.708333 0.348633 0.708333 0.346680 0.710938 0.345703 0.710938 0.343750 0.713542 0.342773 0.713542 0.340820 0.716146 0.339844 0.716146 0.336914 0.720052 0.336914 0.722656 0.335938 0.723958 0.335938 0.731771 0.334961 0.733073 0.334961 0.744792 0.335938 0.746094 0.336914 0.750000 0.338867 0.752604 0.339844 0.752604 0.341797 0.755208 0.343750 0.755208 0.344727 0.756510 0.349609 0.757812 0.352539 0.760417 0.354492 0.760417 0.355469 0.759115 0.360352 0.757812 0.364258 0.753906 0.367188 0.752604 0.372070 0.746094 0.372070 0.743490 0.374023 0.740885 0.374023 0.738281 0.373047 0.736979 0.373047 0.722656 0.374023 0.721354 0.373047 0.720052 0.373047 0.714844 0.370117 0.710938 0.370117 0.709635 0.369141 0.709635
0 0.393555 0.691406 0.392578 0.692708 0.391602 0.692708 0.387695 0.697917 0.387695 0.700521 0.378906 0.710938 0.378906 0.735677 0.379883 0.736979 0.379883 0.738281 0.382812 0.742188 0.387695 0.742188 0.388672 0.743490 0.396484 0.743490 0.397461 0.744792 0.409180 0.744792 0.410156 0.743490 0.411133 0.743490 0.412109 0.742188 0.412109 0.740885 0.415039 0.736979 0.415039 0.734375 0.416992 0.730469 0.416992 0.722656 0.417969 0.721354 0.416992 0.721354 0.416016 0.720052 0.416016 0.716146 0.413086 0.712240 0.413086 0.710938 0.412109 0.709635 0.413086 0.708333 0.413086 0.699219 0.410156 0.696615 0.407227 0.696615 0.406250 0.695312 0.404297 0.695312 0.399414 0.691406
0 0.426758 0.770833 0.425781 0.772135 0.423828 0.772135 0.422852 0.773438 0.418945 0.773438 0.412109 0.779948 0.409180 0.779948 0.408203 0.781250 0.405273 0.781250 0.404297 0.782552 0.401367 0.782552 0.398438 0.785156 0.398438 0.791667 0.399414 0.792969 0.399414 0.795573 0.400391 0.796875 0.400391 0.798177 0.401367 0.798177 0.402344 0.799479 0.403320 0.803385 0.408203 0.809896 0.408203 0.811198 0.411133 0.815104 0.411133 0.816406 0.416016 0.822917 0.416992 0.822917 0.417969 0.824219 0.424805 0.824219 0.425781 0.822917 0.427734 0.822917 0.428711 0.821615 0.429688 0.821615 0.432617 0.817708 0.432617 0.815104 0.433594 0.813802 0.433594 0.811198 0.434570 0.809896 0.434570 0.804688 0.435547 0.803385 0.435547 0.799479 0.436523 0.798177 0.436523 0.791667 0.437500 0.790365 0.437500 0.783854 0.435547 0.781250 0.435547 0.779948 0.432617 0.778646
0 0.455078 0.813802 0.454102 0.813802 0.454102 0.816406 0.456055 0.819010 0.456055 0.820312 0.455078 0.821615 0.451172 0.821615 0.447266 0.817708 0.446289 0.817708 0.444336 0.820312 0.442383 0.820312 0.439453 0.817708 0.435547 0.817708 0.427734 0.828125 0.427734 0.829427 0.425781 0.833333 0.425781 0.837240 0.426758 0.838542 0.426758 0.841146 0.430664 0.846354 0.432617 0.846354 0.433594 0.847656 0.436523 0.848958 0.442383 0.855469 0.444336 0.855469 0.446289 0.858073 0.447266 0.858073 0.450195 0.860677 0.454102 0.860677 0.457031 0.856771 0.459961 0.855469 0.463867 0.850260 0.463867 0.842448 0.464844 0.841146 0.464844 0.839844 0.463867 0.838542 0.463867 0.835938 0.462891 0.834635 0.462891 0.829427 0.461914 0.828125 0.458984 0.819010 0.458008 0.817708 0.457031 0.817708
0 0.395508 0.878906 0.392578 0.882812 0.392578 0.884115 0.390625 0.888021 0.390625 0.890625 0.389648 0.891927 0.389648 0.894531 0.388672 0.895833 0.388672 0.898438 0.387695 0.899740 0.387695 0.902344 0.386719 0.903646 0.386719 0.906250 0.385742 0.907552 0.385742 0.910156 0.384766 0.911458 0.384766 0.917969 0.385742 0.919271 0.385742 0.920573 0.387695 0.923177 0.388672 0.923177 0.392578 0.928385 0.394531 0.928385 0.395508 0.929688 0.398438 0.929688 0.399414 0.930990 0.408203 0.930990 0.409180 0.929688 0.410156 0.929688 0.412109 0.927083 0.412109 0.925781 0.414062 0.923177 0.415039 0.923177 0.418945 0.917969 0.418945 0.916667 0.422852 0.907552 0.422852 0.904948 0.423828 0.903646 0.423828 0.902344 0.421875 0.899740 0.421875 0.898438 0.416016 0.891927 0.416016 0.890625 0.414062 0.888021 0.414062 0.886719 0.409180 0.881510 0.408203 0.881510 0.407227 0.880208 0.405273 0.880208 0.404297 0.878906
0 0.431641 0.738281 0.431641 0.740885 0.430664 0.742188 0.430664 0.744792 0.429688 0.746094 0.429688 0.748698 0.428711 0.750000 0.428711 0.763021 0.429688 0.764323 0.429688 0.765625 0.431641 0.768229 0.433594 0.768229 0.434570 0.769531 0.436523 0.769531 0.437500 0.770833 0.444336 0.770833 0.445312 0.772135 0.451172 0.772135 0.452148 0.773438 0.455078 0.773438 0.456055 0.774740 0.461914 0.774740 0.463867 0.772135 0.463867 0.770833 0.464844 0.769531 0.464844 0.765625 0.465820 0.764323 0.465820 0.757812 0.466797 0.756510 0.466797 0.748698 0.462891 0.739583 0.462891 0.735677 0.460938 0.735677 0.458984 0.738281 0.458008 0.738281 0.456055 0.735677 0.455078 0.735677 0.454102 0.734375 0.451172 0.734375 0.450195 0.733073 0.445312 0.733073 0.438477 0.738281
0 0.498047 0.766927 0.486328 0.766927 0.485352 0.768229 0.483398 0.768229 0.479492 0.770833 0.479492 0.772135 0.471680 0.781250 0.471680 0.789062 0.476562 0.798177 0.476562 0.800781 0.477539 0.802083 0.477539 0.809896 0.481445 0.815104 0.480469 0.816406 0.477539 0.816406 0.475586 0.813802 0.474609 0.813802 0.474609 0.816406 0.473633 0.817708 0.473633 0.820312 0.474609 0.821615 0.475586 0.820312 0.478516 0.820312 0.480469 0.819010 0.480469 0.816406 0.481445 0.815104 0.482422 0.816406 0.482422 0.819010 0.486328 0.821615 0.494141 0.821615 0.498047 0.817708 0.498047 0.816406 0.502930 0.808594 0.506836 0.798177 0.506836 0.795573 0.507812 0.794271 0.507812 0.790365 0.500977 0.777344 0.501953 0.774740 0.501953 0.772135
0 0.475586 0.725260 0.473633 0.729167 0.473633 0.733073 0.472656 0.734375 0.472656 0.736979 0.471680 0.738281 0.471680 0.740885 0.470703 0.742188 0.470703 0.750000 0.471680 0.751302 0.471680 0.753906 0.472656 0.755208 0.472656 0.756510 0.473633 0.757812 0.475586 0.757812 0.476562 0.759115 0.480469 0.759115 0.481445 0.760417 0.486328 0.760417 0.487305 0.761719 0.494141 0.761719 0.495117 0.763021 0.500000 0.763021 0.500977 0.764323 0.501953 0.763021 0.502930 0.763021 0.502930 0.761719 0.504883 0.759115 0.504883 0.757812 0.505859 0.756510 0.505859 0.753906 0.506836 0.752604 0.506836 0.747396 0.507812 0.746094 0.507812 0.744792 0.506836 0.743490 0.506836 0.735677 0.505859 0.734375 0.505859 0.729167 0.504883 0.727865 0.504883 0.725260 0.503906 0.726562 0.501953 0.726562 0.500000 0.723958 0.497070 0.723958 0.492188 0.720052 0.485352 0.720052 0.482422 0.723958 0.477539 0.723958 0.476562 0.725260
0 0.510742 0.756510 0.508789 0.759115 0.508789 0.760417 0.507812 0.761719 0.507812 0.765625 0.508789 0.766927 0.508789 0.768229 0.507812 0.769531 0.507812 0.781250 0.508789 0.782552 0.508789 0.785156 0.510742 0.787760 0.510742 0.789062 0.511719 0.789062 0.512695 0.790365 0.513672 0.790365 0.514648 0.791667 0.515625 0.791667 0.516602 0.792969 0.517578 0.792969 0.518555 0.794271 0.519531 0.794271 0.520508 0.795573 0.521484 0.795573 0.530273 0.802083 0.534180 0.802083 0.535156 0.800781 0.538086 0.799479 0.542969 0.792969 0.542969 0.791667 0.544922 0.787760 0.544922 0.776042 0.545898 0.774740 0.545898 0.766927 0.541992 0.761719 0.541016 0.761719 0.538086 0.759115 0.536133 0.759115 0.533203 0.755208 0.531250 0.755208 0.530273 0.753906 0.528320 0.753906 0.527344 0.752604 0.521484 0.752604 0.520508 0.753906 0.518555 0.753906 0.517578 0.755208 0.512695 0.755208 0.511719 0.756510
0 0.579102 0.761719 0.578125 0.763021 0.577148 0.763021 0.577148 0.766927 0.576172 0.768229 0.572266 0.768229 0.571289 0.769531 0.562500 0.769531 0.561523 0.770833 0.558594 0.770833 0.557617 0.772135 0.555664 0.772135 0.552734 0.776042 0.552734 0.778646 0.551758 0.779948 0.551758 0.783854 0.550781 0.785156 0.550781 0.789062 0.551758 0.790365 0.551758 0.792969 0.555664 0.799479 0.561523 0.802083 0.570312 0.811198 0.571289 0.811198 0.572266 0.812500 0.574219 0.812500 0.575195 0.813802 0.576172 0.813802 0.577148 0.812500 0.581055 0.812500 0.582031 0.811198 0.583984 0.811198 0.584961 0.809896 0.584961 0.807292 0.585938 0.805990 0.585938 0.804688 0.587891 0.800781 0.587891 0.798177 0.588867 0.796875 0.588867 0.785156 0.587891 0.783854 0.587891 0.781250 0.585938 0.777344 0.585938 0.774740 0.584961 0.773438 0.584961 0.770833 0.583984 0.769531 0.583984 0.768229 0.581055 0.764323 0.581055 0.763021 0.580078 0.763021
0 0.520508 0.817708 0.519531 0.819010 0.518555 0.819010 0.516602 0.821615 0.515625 0.821615 0.513672 0.824219 0.512695 0.824219 0.512695 0.825521 0.507812 0.832031 0.507812 0.837240 0.508789 0.838542 0.508789 0.839844 0.513672 0.846354 0.513672 0.847656 0.516602 0.851562 0.516602 0.852865 0.520508 0.858073 0.520508 0.859375 0.521484 0.860677 0.524414 0.860677 0.525391 0.861979 0.529297 0.861979 0.530273 0.860677 0.533203 0.860677 0.535156 0.858073 0.536133 0.858073 0.541992 0.850260 0.541992 0.848958 0.543945 0.846354 0.543945 0.838542 0.541992 0.835938 0.541992 0.834635 0.539062 0.830729 0.539062 0.828125 0.534180 0.821615 0.534180 0.820312 0.532227 0.816406 0.526367 0.816406 0.525391 0.817708
0 0.517578 0.648438 0.516602 0.648438 0.516602 0.654948 0.515625 0.656250 0.507812 0.657552 0.505859 0.654948 0.505859 0.653646 0.503906 0.656250 0.500977 0.657552 0.500000 0.660156 0.496094 0.664062 0.495117 0.670573 0.491211 0.679688 0.491211 0.687500 0.492188 0.688802 0.492188 0.694010 0.493164 0.695312 0.493164 0.697917 0.498047 0.704427 0.498047 0.705729 0.499023 0.705729 0.500977 0.708333 0.504883 0.709635 0.509766 0.714844 0.513672 0.714844 0.515625 0.712240 0.521484 0.708333 0.526367 0.703125 0.529297 0.695312 0.533203 0.690104 0.534180 0.687500 0.534180 0.684896 0.535156 0.683594 0.535156 0.677083 0.536133 0.675781 0.536133 0.671875 0.534180 0.667969 0.534180 0.662760 0.533203 0.661458 0.533203 0.658854 0.532227 0.657552 0.526367 0.657552 0.524414 0.656250 0.523438 0.653646 0.518555 0.651042
0 0.556641 0.686198 0.553711 0.686198 0.552734 0.684896 0.549805 0.684896 0.548828 0.686198 0.541992 0.690104 0.539062 0.694010 0.539062 0.696615 0.538086 0.697917 0.538086 0.701823 0.537109 0.703125 0.537109 0.707031 0.535156 0.710938 0.535156 0.713542 0.534180 0.714844 0.534180 0.720052 0.532227 0.723958 0.532227 0.730469 0.533203 0.731771 0.533203 0.733073 0.541016 0.743490 0.541992 0.743490 0.542969 0.744792 0.545898 0.744792 0.546875 0.743490 0.551758 0.743490 0.552734 0.742188 0.557617 0.739583 0.559570 0.736979 0.560547 0.736979 0.561523 0.735677 0.561523 0.734375 0.562500 0.733073 0.563477 0.733073 0.563477 0.731771 0.564453 0.730469 0.564453 0.727865 0.565430 0.726562 0.565430 0.722656 0.566406 0.721354 0.566406 0.718750 0.568359 0.714844 0.568359 0.709635 0.567383 0.708333 0.567383 0.705729 0.566406 0.704427 0.566406 0.699219 0.565430 0.697917 0.564453 0.694010 0.561523 0.688802 0.559570 0.688802
0 0.596680 0.700521 0.593750 0.700521 0.591797 0.703125 0.591797 0.704427 0.590820 0.705729 0.585938 0.708333 0.583984 0.710938 0.583008 0.710938 0.578125 0.716146 0.575195 0.717448 0.571289 0.722656 0.571289 0.723958 0.570312 0.725260 0.570312 0.733073 0.571289 0.734375 0.571289 0.736979 0.572266 0.738281 0.572266 0.739583 0.581055 0.751302 0.582031 0.751302 0.583984 0.753906 0.584961 0.753906 0.585938 0.755208 0.589844 0.755208 0.590820 0.753906 0.593750 0.752604 0.598633 0.747396 0.601562 0.746094 0.603516 0.743490 0.606445 0.742188 0.606445 0.740885 0.607422 0.739583 0.607422 0.736979 0.608398 0.735677 0.607422 0.734375 0.607422 0.725260 0.608398 0.723958 0.608398 0.714844 0.606445 0.712240 0.605469 0.712240 0.603516 0.709635 0.602539 0.709635 0.596680 0.701823
0 0.618164 0.734375 0.618164 0.735677 0.616211 0.738281 0.616211 0.739583 0.614258 0.742188 0.614258 0.743490 0.612305 0.746094 0.612305 0.747396 0.610352 0.751302 0.610352 0.756510 0.611328 0.757812 0.611328 0.759115 0.613281 0.761719 0.614258 0.761719 0.617188 0.765625 0.617188 0.766927 0.622070 0.773438 0.624023 0.773438 0.625977 0.776042 0.626953 0.776042 0.627930 0.777344 0.629883 0.777344 0.630859 0.778646 0.642578 0.778646 0.646484 0.773438 0.646484 0.770833 0.647461 0.769531 0.647461 0.761719 0.645508 0.757812 0.645508 0.755208 0.644531 0.753906 0.644531 0.751302 0.643555 0.750000 0.643555 0.747396 0.642578 0.746094 0.642578 0.742188 0.641602 0.740885 0.641602 0.738281 0.640625 0.736979 0.640625 0.735677 0.638672 0.733073 0.637695 0.733073 0.636719 0.731771 0.622070 0.731771 0.621094 0.733073
0 0.415039 0.635417 0.413086 0.635417 0.409180 0.631510 0.406250 0.631510 0.405273 0.632812 0.401367 0.632812 0.400391 0.631510 0.397461 0.631510 0.396484 0.632812 0.394531 0.632812 0.393555 0.634115 0.388672 0.636719 0.388672 0.638021 0.387695 0.639323 0.387695 0.643229 0.384766 0.647135 0.384766 0.648438 0.382812 0.652344 0.382812 0.665365 0.383789 0.666667 0.383789 0.673177 0.384766 0.674479 0.384766 0.675781 0.389648 0.682292 0.390625 0.682292 0.391602 0.683594 0.396484 0.683594 0.397461 0.682292 0.401367 0.682292 0.402344 0.680990 0.405273 0.680990 0.406250 0.679688 0.407227 0.679688 0.408203 0.678385 0.410156 0.678385 0.411133 0.677083 0.414062 0.677083 0.418945 0.673177 0.418945 0.671875 0.419922 0.670573 0.419922 0.667969 0.421875 0.664062 0.421875 0.661458 0.423828 0.657552 0.423828 0.652344 0.420898 0.647135 0.420898 0.643229
0 0.263672 0.506510 0.257812 0.514323 0.257812 0.515625 0.255859 0.518229 0.255859 0.522135 0.254883 0.523438 0.254883 0.529948 0.255859 0.531250 0.257812 0.537760 0.261719 0.542969 0.263672 0.550781 0.264648 0.552083 0.266602 0.552083 0.267578 0.553385 0.269531 0.553385 0.270508 0.554688 0.272461 0.554688 0.273438 0.555990 0.284180 0.555990 0.285156 0.554688 0.287109 0.554688 0.288086 0.553385 0.289062 0.553385 0.291016 0.550781 0.291016 0.548177 0.293945 0.542969 0.293945 0.539062 0.292969 0.537760 0.292969 0.535156 0.291992 0.533854 0.291992 0.532552 0.287109 0.524740 0.287109 0.523438 0.282227 0.511719 0.282227 0.506510 0.281250 0.506510 0.278320 0.503906 0.267578 0.503906 0.266602 0.505208
0 0.232422 0.436198 0.228516 0.440104 0.226562 0.446615 0.224609 0.449219 0.223633 0.455729 0.222656 0.457031 0.221680 0.460938 0.218750 0.466146 0.218750 0.471354 0.219727 0.472656 0.219727 0.473958 0.227539 0.483073 0.228516 0.486979 0.230469 0.486979 0.231445 0.488281 0.233398 0.488281 0.234375 0.489583 0.238281 0.489583 0.239258 0.490885 0.247070 0.490885 0.248047 0.489583 0.250000 0.489583 0.250977 0.488281 0.252930 0.488281 0.253906 0.486979 0.254883 0.486979 0.256836 0.484375 0.257812 0.480469 0.260742 0.475260 0.260742 0.472656 0.261719 0.471354 0.261719 0.467448 0.260742 0.466146 0.260742 0.463542 0.255859 0.457031 0.254883 0.457031 0.253906 0.455729 0.253906 0.454427 0.244141 0.440104 0.243164 0.440104 0.239258 0.436198
0 0.298828 0.408854 0.291016 0.408854 0.290039 0.410156 0.285156 0.410156 0.284180 0.411458 0.279297 0.412760 0.278320 0.414062 0.278320 0.415365 0.274414 0.420573 0.274414 0.421875 0.272461 0.424479 0.272461 0.427083 0.271484 0.428385 0.271484 0.436198 0.270508 0.437500 0.270508 0.440104 0.271484 0.441406 0.272461 0.445312 0.274414 0.447917 0.274414 0.449219 0.278320 0.454427 0.278320 0.455729 0.280273 0.458333 0.280273 0.459635 0.284180 0.464844 0.292969 0.464844 0.293945 0.463542 0.296875 0.463542 0.297852 0.462240 0.300781 0.462240 0.302734 0.459635 0.305664 0.458333 0.308594 0.454427 0.308594 0.445312 0.303711 0.433594 0.303711 0.419271 0.302734 0.417969 0.302734 0.414062 0.301758 0.412760 0.301758 0.411458
0 0.312500 0.454427 0.309570 0.457031 0.308594 0.460938 0.302734 0.468750 0.301758 0.475260 0.304688 0.481771 0.304688 0.484375 0.305664 0.485677 0.307617 0.492188 0.312500 0.497396 0.312500 0.501302 0.313477 0.502604 0.316406 0.503906 0.317383 0.505208 0.317383 0.506510 0.320312 0.506510 0.321289 0.507812 0.323242 0.507812 0.324219 0.506510 0.326172 0.506510 0.331055 0.501302 0.333984 0.500000 0.344727 0.484375 0.345703 0.480469 0.344727 0.479167 0.344727 0.476562 0.340820 0.467448 0.339844 0.467448 0.334961 0.463542 0.333008 0.463542 0.326172 0.458333 0.324219 0.458333 0.319336 0.454427
0 0.367188 0.460938 0.363281 0.464844 0.362305 0.464844 0.360352 0.467448 0.360352 0.468750 0.359375 0.470052 0.358398 0.470052 0.353516 0.476562 0.353516 0.477865 0.352539 0.479167 0.351562 0.479167 0.347656 0.483073 0.347656 0.484375 0.346680 0.485677 0.347656 0.486979 0.347656 0.492188 0.350586 0.496094 0.351562 0.500000 0.353516 0.502604 0.354492 0.502604 0.365234 0.510417 0.367188 0.510417 0.372070 0.514323 0.375000 0.514323 0.375977 0.515625 0.376953 0.514323 0.381836 0.513021 0.383789 0.510417 0.384766 0.510417 0.386719 0.507812 0.387695 0.507812 0.390625 0.503906 0.390625 0.502604 0.391602 0.501302 0.391602 0.500000 0.390625 0.498698 0.390625 0.489583 0.389648 0.488281 0.389648 0.475260 0.390625 0.473958 0.390625 0.470052 0.389648 0.470052 0.382812 0.464844 0.380859 0.464844 0.379883 0.463542 0.377930 0.463542 0.376953 0.462240 0.375000 0.462240 0.374023 0.460938
0 0.373047 0.520833 0.372070 0.522135 0.371094 0.522135 0.371094 0.523438 0.369141 0.526042 0.369141 0.528646 0.366211 0.535156 0.366211 0.537760 0.365234 0.539062 0.365234 0.542969 0.364258 0.544271 0.364258 0.548177 0.362305 0.552083 0.362305 0.561198 0.363281 0.562500 0.363281 0.565104 0.367188 0.571615 0.369141 0.571615 0.372070 0.574219 0.374023 0.574219 0.375000 0.575521 0.376953 0.575521 0.377930 0.576823 0.384766 0.576823 0.385742 0.575521 0.388672 0.574219 0.394531 0.566406 0.395508 0.566406 0.396484 0.565104 0.396484 0.563802 0.397461 0.562500 0.397461 0.558594 0.398438 0.557292 0.398438 0.553385 0.397461 0.552083 0.397461 0.549479 0.396484 0.548177 0.395508 0.541667 0.394531 0.540365 0.394531 0.539062 0.391602 0.535156 0.390625 0.531250 0.389648 0.531250 0.384766 0.526042 0.383789 0.526042 0.378906 0.522135 0.375000 0.522135 0.374023 0.520833
0 0.347656 0.548177 0.346680 0.549479 0.341797 0.550781 0.339844 0.553385 0.339844 0.554688 0.338867 0.555990 0.337891 0.555990 0.333008 0.559896 0.333008 0.563802 0.332031 0.565104 0.332031 0.572917 0.333008 0.574219 0.333008 0.578125 0.332031 0.579427 0.333008 0.580729 0.333008 0.583333 0.333984 0.584635 0.333984 0.587240 0.334961 0.588542 0.334961 0.589844 0.339844 0.597656 0.340820 0.597656 0.343750 0.600260 0.345703 0.600260 0.346680 0.601562 0.350586 0.601562 0.351562 0.602865 0.354492 0.602865 0.355469 0.601562 0.357422 0.601562 0.358398 0.600260 0.361328 0.598958 0.364258 0.595052 0.364258 0.592448 0.365234 0.591146 0.365234 0.582031 0.364258 0.580729 0.364258 0.570312 0.363281 0.569010 0.363281 0.567708 0.362305 0.566406 0.362305 0.563802 0.361328 0.562500 0.361328 0.555990 0.360352 0.554688 0.360352 0.553385 0.359375 0.552083 0.357422 0.552083 0.356445 0.550781 0.354492 0.550781 0.353516 0.549479 0.351562 0.549479 0.350586 0.548177
0 0.419922 0.570312 0.415039 0.570312 0.414062 0.571615 0.412109 0.571615 0.411133 0.572917 0.409180 0.572917 0.408203 0.574219 0.407227 0.574219 0.399414 0.584635 0.398438 0.584635 0.396484 0.587240 0.395508 0.587240 0.392578 0.591146 0.392578 0.592448 0.390625 0.596354 0.390625 0.598958 0.389648 0.600260 0.388672 0.606771 0.389648 0.608073 0.389648 0.611979 0.390625 0.613281 0.391602 0.619792 0.392578 0.621094 0.393555 0.625000 0.395508 0.627604 0.399414 0.627604 0.400391 0.626302 0.404297 0.626302 0.405273 0.625000 0.407227 0.625000 0.408203 0.623698 0.411133 0.623698 0.412109 0.622396 0.415039 0.622396 0.416016 0.621094 0.420898 0.621094 0.421875 0.619792 0.423828 0.619792 0.424805 0.618490 0.425781 0.618490 0.428711 0.614583 0.428711 0.613281 0.429688 0.611979 0.429688 0.601562 0.430664 0.600260 0.430664 0.591146 0.429688 0.589844 0.428711 0.585938 0.426758 0.583333 0.425781 0.583333 0.422852 0.580729 0.422852 0.574219
0 0.437500 0.608073 0.434570 0.611979 0.434570 0.613281 0.432617 0.615885 0.431641 0.615885 0.426758 0.621094 0.423828 0.622396 0.423828 0.635417 0.424805 0.636719 0.424805 0.639323 0.425781 0.640625 0.425781 0.641927 0.427734 0.641927 0.432617 0.645833 0.434570 0.645833 0.435547 0.647135 0.437500 0.647135 0.440430 0.649740 0.442383 0.649740 0.447266 0.653646 0.453125 0.653646 0.458984 0.648438 0.458984 0.644531 0.459961 0.643229 0.459961 0.631510 0.460938 0.630208 0.460938 0.622396 0.459961 0.621094 0.458008 0.614583 0.457031 0.615885 0.455078 0.615885 0.452148 0.611979 0.451172 0.611979 0.448242 0.609375 0.446289 0.609375 0.445312 0.608073
0 0.477539 0.606771 0.473633 0.611979 0.473633 0.613281 0.471680 0.617188 0.471680 0.619792 0.469727 0.623698 0.469727 0.626302 0.468750 0.627604 0.468750 0.631510 0.467773 0.632812 0.467773 0.639323 0.476562 0.654948 0.476562 0.657552 0.477539 0.658854 0.477539 0.661458 0.478516 0.662760 0.479492 0.662760 0.480469 0.664062 0.490234 0.664062 0.491211 0.662760 0.492188 0.662760 0.495117 0.658854 0.495117 0.657552 0.496094 0.656250 0.496094 0.653646 0.500977 0.641927 0.500977 0.639323 0.501953 0.638021 0.501953 0.635417 0.502930 0.634115 0.502930 0.630208 0.503906 0.628906 0.503906 0.626302 0.502930 0.625000 0.501953 0.621094 0.500000 0.618490 0.500000 0.617188 0.497070 0.611979 0.495117 0.611979 0.494141 0.610677 0.489258 0.609375 0.486328 0.606771
0 0.516602 0.588542 0.510742 0.595052 0.510742 0.597656 0.509766 0.598958 0.509766 0.601562 0.508789 0.602865 0.508789 0.605469 0.507812 0.606771 0.507812 0.610677 0.506836 0.611979 0.506836 0.617188 0.505859 0.618490 0.505859 0.623698 0.504883 0.625000 0.504883 0.632812 0.506836 0.635417 0.507812 0.635417 0.508789 0.636719 0.510742 0.636719 0.511719 0.638021 0.512695 0.638021 0.513672 0.639323 0.515625 0.639323 0.516602 0.640625 0.529297 0.640625 0.537109 0.630208 0.537109 0.628906 0.540039 0.622396 0.540039 0.619792 0.541016 0.618490 0.541016 0.615885 0.541992 0.614583 0.541992 0.604167 0.541016 0.602865 0.541016 0.600260 0.538086 0.596354 0.538086 0.595052 0.537109 0.593750 0.534180 0.593750 0.533203 0.592448 0.530273 0.592448 0.529297 0.591146 0.526367 0.591146 0.525391 0.589844 0.523438 0.589844 0.522461 0.588542
0 0.552734 0.605469 0.549805 0.610677 0.547852 0.610677 0.547852 0.611979 0.545898 0.614583 0.545898 0.615885 0.542969 0.622396 0.542969 0.626302 0.541992 0.627604 0.541992 0.630208 0.541016 0.631510 0.541016 0.634115 0.541992 0.635417 0.541992 0.639323 0.542969 0.640625 0.542969 0.643229 0.545898 0.647135 0.545898 0.648438 0.546875 0.649740 0.547852 0.649740 0.550781 0.653646 0.555664 0.656250 0.558594 0.660156 0.561523 0.660156 0.562500 0.661458 0.563477 0.661458 0.564453 0.660156 0.566406 0.660156 0.567383 0.658854 0.572266 0.656250 0.574219 0.653646 0.575195 0.653646 0.583984 0.640625 0.584961 0.636719 0.583984 0.635417 0.583984 0.634115 0.580078 0.628906 0.579102 0.625000 0.578125 0.623698 0.575195 0.622396 0.570312 0.615885 0.570312 0.614583 0.567383 0.610677 0.567383 0.606771 0.564453 0.606771 0.563477 0.605469 0.561523 0.605469 0.560547 0.604167 0.559570 0.604167 0.558594 0.605469
0 0.600586 0.593750 0.599609 0.595052 0.598633 0.595052 0.597656 0.596354 0.597656 0.597656 0.591797 0.604167 0.591797 0.606771 0.590820 0.608073 0.590820 0.617188 0.591797 0.618490 0.591797 0.621094 0.592773 0.622396 0.592773 0.623698 0.595703 0.628906 0.595703 0.631510 0.598633 0.638021 0.599609 0.644531 0.600586 0.645833 0.600586 0.647135 0.603516 0.651042 0.605469 0.651042 0.606445 0.652344 0.610352 0.652344 0.611328 0.651042 0.618164 0.651042 0.619141 0.649740 0.621094 0.649740 0.624023 0.644531 0.624023 0.641927 0.625000 0.640625 0.625000 0.636719 0.626953 0.632812 0.627930 0.623698 0.629883 0.619792 0.629883 0.615885 0.628906 0.614583 0.628906 0.610677 0.627930 0.609375 0.627930 0.605469 0.626953 0.604167 0.626953 0.601562 0.621094 0.595052 0.620117 0.595052 0.619141 0.593750 0.616211 0.593750 0.615234 0.592448 0.605469 0.592448 0.604492 0.593750
0 0.596680 0.660156 0.596680 0.661458 0.595703 0.662760 0.595703 0.664062 0.596680 0.665365 0.596680 0.671875 0.597656 0.673177 0.597656 0.675781 0.598633 0.677083 0.599609 0.683594 0.601562 0.687500 0.601562 0.690104 0.603516 0.694010 0.603516 0.696615 0.606445 0.700521 0.607422 0.700521 0.608398 0.701823 0.610352 0.701823 0.611328 0.703125 0.613281 0.703125 0.614258 0.704427 0.619141 0.704427 0.620117 0.703125 0.626953 0.703125 0.627930 0.701823 0.629883 0.701823 0.630859 0.700521 0.631836 0.700521 0.633789 0.697917 0.634766 0.697917 0.639648 0.694010 0.639648 0.691406 0.640625 0.690104 0.640625 0.686198 0.639648 0.684896 0.639648 0.682292 0.638672 0.680990 0.636719 0.674479 0.635742 0.674479 0.630859 0.667969 0.629883 0.667969 0.627930 0.665365 0.626953 0.665365 0.623047 0.660156 0.622070 0.660156 0.621094 0.658854 0.621094 0.657552 0.614258 0.654948 0.613281 0.656250 0.611328 0.656250 0.610352 0.657552 0.598633 0.657552
0 0.637695 0.625000 0.634766 0.628906 0.633789 0.628906 0.633789 0.630208 0.629883 0.635417 0.628906 0.635417 0.627930 0.636719 0.627930 0.638021 0.625977 0.641927 0.625977 0.644531 0.625000 0.645833 0.625000 0.649740 0.625977 0.651042 0.625977 0.652344 0.634766 0.664062 0.634766 0.665365 0.640625 0.673177 0.641602 0.673177 0.646484 0.677083 0.647461 0.675781 0.650391 0.675781 0.651367 0.674479 0.654297 0.673177 0.657227 0.669271 0.658203 0.669271 0.658203 0.667969 0.661133 0.664062 0.661133 0.661458 0.662109 0.660156 0.662109 0.657552 0.663086 0.656250 0.663086 0.654948 0.664062 0.653646 0.664062 0.651042 0.665039 0.649740 0.665039 0.640625 0.660156 0.634115 0.658203 0.634115 0.654297 0.628906 0.653320 0.628906 0.652344 0.627604 0.649414 0.627604 0.646484 0.625000
0 0.664062 0.678385 0.661133 0.684896 0.662109 0.686198 0.662109 0.688802 0.657227 0.695312 0.657227 0.696615 0.656250 0.697917 0.656250 0.701823 0.661133 0.710938 0.661133 0.714844 0.662109 0.716146 0.662109 0.718750 0.663086 0.720052 0.663086 0.721354 0.666016 0.725260 0.667969 0.725260 0.668945 0.726562 0.693359 0.726562 0.693359 0.725260 0.696289 0.721354 0.696289 0.720052 0.698242 0.716146 0.698242 0.700521 0.697266 0.699219 0.697266 0.694010 0.696289 0.692708 0.695312 0.688802 0.690430 0.682292 0.689453 0.678385 0.684570 0.674479 0.676758 0.674479 0.675781 0.675781 0.672852 0.675781 0.671875 0.677083 0.666016 0.677083 0.665039 0.678385
0 0.711914 0.684896 0.710938 0.686198 0.709961 0.686198 0.705078 0.692708 0.705078 0.694010 0.704102 0.695312 0.704102 0.697917 0.703125 0.699219 0.703125 0.703125 0.702148 0.704427 0.702148 0.727865 0.709961 0.735677 0.710938 0.735677 0.715820 0.739583 0.717773 0.739583 0.718750 0.740885 0.725586 0.740885 0.726562 0.739583 0.728516 0.739583 0.729492 0.738281 0.730469 0.738281 0.731445 0.734375 0.733398 0.731771 0.735352 0.731771 0.735352 0.730469 0.738281 0.726562 0.739258 0.726562 0.739258 0.725260 0.740234 0.723958 0.740234 0.716146 0.741211 0.714844 0.741211 0.701823 0.739258 0.699219 0.738281 0.699219 0.733398 0.692708 0.733398 0.691406 0.727539 0.684896 0.725586 0.684896 0.724609 0.683594 0.717773 0.683594 0.716797 0.684896
0 0.701172 0.625000 0.700195 0.626302 0.698242 0.626302 0.697266 0.627604 0.696289 0.627604 0.696289 0.628906 0.694336 0.631510 0.693359 0.631510 0.689453 0.636719 0.689453 0.640625 0.688477 0.641927 0.688477 0.643229 0.689453 0.644531 0.689453 0.649740 0.690430 0.651042 0.690430 0.653646 0.694336 0.660156 0.694336 0.661458 0.695312 0.662760 0.695312 0.665365 0.697266 0.667969 0.698242 0.671875 0.701172 0.677083 0.702148 0.677083 0.705078 0.679688 0.712891 0.679688 0.713867 0.678385 0.715820 0.678385 0.716797 0.677083 0.721680 0.674479 0.726562 0.667969 0.726562 0.647135 0.725586 0.645833 0.725586 0.639323 0.724609 0.638021 0.724609 0.635417 0.719727 0.628906 0.717773 0.628906 0.716797 0.627604 0.714844 0.627604 0.713867 0.626302 0.710938 0.626302 0.709961 0.625000
0 0.745117 0.669271 0.745117 0.671875 0.744141 0.673177 0.746094 0.677083 0.746094 0.683594 0.747070 0.684896 0.747070 0.686198 0.749023 0.688802 0.750977 0.688802 0.751953 0.690104 0.752930 0.690104 0.753906 0.691406 0.755859 0.691406 0.758789 0.694010 0.761719 0.694010 0.764648 0.696615 0.766602 0.696615 0.767578 0.697917 0.769531 0.697917 0.770508 0.699219 0.774414 0.699219 0.775391 0.700521 0.776367 0.699219 0.779297 0.699219 0.780273 0.697917 0.781250 0.697917 0.785156 0.692708 0.785156 0.691406 0.786133 0.690104 0.786133 0.682292 0.785156 0.680990 0.785156 0.670573 0.786133 0.669271 0.786133 0.666667 0.785156 0.665365 0.785156 0.662760 0.783203 0.660156 0.781250 0.660156 0.778320 0.657552 0.776367 0.657552 0.775391 0.656250 0.772461 0.656250 0.771484 0.654948 0.770508 0.656250 0.761719 0.656250 0.760742 0.657552 0.758789 0.657552 0.757812 0.658854 0.750977 0.662760
0 0.435547 0.532552 0.434570 0.533854 0.433594 0.533854 0.428711 0.540365 0.428711 0.541667 0.425781 0.548177 0.425781 0.552083 0.424805 0.553385 0.424805 0.555990 0.422852 0.559896 0.422852 0.565104 0.423828 0.566406 0.424805 0.570312 0.426758 0.572917 0.426758 0.574219 0.430664 0.579427 0.430664 0.580729 0.432617 0.583333 0.433594 0.583333 0.434570 0.584635 0.436523 0.584635 0.437500 0.585938 0.449219 0.585938 0.450195 0.584635 0.452148 0.584635 0.453125 0.583333 0.456055 0.582031 0.458984 0.575521 0.458984 0.565104 0.458008 0.563802 0.458008 0.557292 0.457031 0.555990 0.457031 0.552083 0.456055 0.550781 0.456055 0.544271 0.455078 0.542969 0.455078 0.540365 0.453125 0.536458 0.451172 0.536458 0.450195 0.535156 0.444336 0.535156 0.443359 0.533854 0.436523 0.533854
0 0.468750 0.557292 0.465820 0.561198 0.465820 0.567708 0.464844 0.569010 0.464844 0.585938 0.465820 0.587240 0.465820 0.589844 0.468750 0.593750 0.468750 0.595052 0.469727 0.596354 0.470703 0.596354 0.472656 0.598958 0.472656 0.600260 0.475586 0.602865 0.480469 0.602865 0.481445 0.601562 0.484375 0.601562 0.485352 0.600260 0.495117 0.600260 0.499023 0.593750 0.499023 0.592448 0.500977 0.588542 0.500977 0.585938 0.501953 0.584635 0.500977 0.583333 0.500977 0.579427 0.500000 0.578125 0.500000 0.576823 0.496094 0.571615 0.496094 0.570312 0.491211 0.563802 0.491211 0.562500 0.485352 0.554688 0.484375 0.554688 0.483398 0.553385 0.478516 0.553385 0.477539 0.554688 0.475586 0.554688 0.474609 0.555990 0.471680 0.555990 0.470703 0.557292
0 0.443359 0.490885 0.438477 0.497396 0.438477 0.498698 0.436523 0.502604 0.436523 0.524740 0.437500 0.526042 0.437500 0.527344 0.441406 0.531250 0.445312 0.531250 0.446289 0.532552 0.450195 0.532552 0.451172 0.533854 0.454102 0.533854 0.455078 0.535156 0.461914 0.535156 0.462891 0.536458 0.465820 0.536458 0.466797 0.535156 0.467773 0.535156 0.472656 0.527344 0.472656 0.526042 0.474609 0.522135 0.474609 0.519531 0.475586 0.518229 0.475586 0.514323 0.476562 0.513021 0.476562 0.510417 0.477539 0.509115 0.477539 0.503906 0.475586 0.500000 0.475586 0.497396 0.472656 0.494792 0.470703 0.494792 0.465820 0.490885 0.462891 0.490885 0.461914 0.489583 0.452148 0.489583 0.451172 0.488281 0.446289 0.488281 0.444336 0.490885
0 0.497070 0.498698 0.492188 0.498698 0.489258 0.501302 0.488281 0.505208 0.484375 0.511719 0.484375 0.514323 0.483398 0.515625 0.483398 0.516927 0.481445 0.520833 0.481445 0.523438 0.478516 0.529948 0.478516 0.539062 0.486328 0.549479 0.488281 0.549479 0.489258 0.550781 0.490234 0.550781 0.491211 0.549479 0.493164 0.549479 0.494141 0.548177 0.498047 0.548177 0.499023 0.546875 0.500977 0.546875 0.501953 0.545573 0.504883 0.544271 0.506836 0.541667 0.507812 0.541667 0.513672 0.533854 0.513672 0.526042 0.512695 0.524740 0.512695 0.516927 0.505859 0.505208 0.504883 0.505208 0.502930 0.502604 0.501953 0.502604
0 0.527344 0.536458 0.526367 0.537760 0.524414 0.537760 0.520508 0.542969 0.519531 0.542969 0.518555 0.544271 0.516602 0.544271 0.512695 0.549479 0.512695 0.550781 0.511719 0.552083 0.511719 0.554688 0.510742 0.555990 0.510742 0.565104 0.511719 0.566406 0.511719 0.567708 0.518555 0.576823 0.519531 0.576823 0.522461 0.580729 0.523438 0.580729 0.530273 0.585938 0.534180 0.585938 0.537109 0.583333 0.541992 0.582031 0.543945 0.579427 0.546875 0.578125 0.549805 0.574219 0.549805 0.571615 0.550781 0.570312 0.550781 0.554688 0.549805 0.553385 0.549805 0.549479 0.548828 0.548177 0.548828 0.542969 0.546875 0.539062 0.545898 0.539062 0.544922 0.537760 0.541016 0.537760 0.540039 0.536458 0.536133 0.536458 0.535156 0.537760 0.532227 0.539062 0.529297 0.536458
0 0.750000 0.708333 0.750000 0.718750 0.749023 0.720052 0.749023 0.721354 0.750000 0.722656 0.750000 0.730469 0.748047 0.734375 0.748047 0.738281 0.749023 0.739583 0.750000 0.743490 0.752930 0.747396 0.755859 0.748698 0.757812 0.751302 0.764648 0.751302 0.765625 0.750000 0.766602 0.750000 0.767578 0.748698 0.774414 0.744792 0.780273 0.738281 0.783203 0.736979 0.788086 0.730469 0.788086 0.725260 0.787109 0.723958 0.787109 0.720052 0.786133 0.718750 0.785156 0.714844 0.782227 0.710938 0.781250 0.707031 0.778320 0.704427 0.770508 0.704427 0.769531 0.705729 0.766602 0.705729 0.765625 0.704427 0.751953 0.704427
0 0.789062 0.688802 0.788086 0.690104 0.787109 0.694010 0.785156 0.696615 0.785156 0.697917 0.784180 0.699219 0.784180 0.707031 0.787109 0.710938 0.787109 0.712240 0.788086 0.713542 0.788086 0.716146 0.789062 0.717448 0.790039 0.721354 0.791992 0.723958 0.791992 0.725260 0.792969 0.726562 0.792969 0.727865 0.793945 0.729167 0.794922 0.733073 0.795898 0.733073 0.796875 0.734375 0.798828 0.734375 0.799805 0.735677 0.806641 0.735677 0.808594 0.733073 0.809570 0.733073 0.812500 0.729167 0.812500 0.727865 0.815430 0.723958 0.815430 0.722656 0.816406 0.721354 0.815430 0.717448 0.813477 0.714844 0.813477 0.713542 0.812500 0.712240 0.812500 0.707031 0.811523 0.705729 0.811523 0.703125 0.810547 0.701823 0.810547 0.700521 0.809570 0.699219 0.809570 0.697917 0.808594 0.696615 0.807617 0.692708 0.804688 0.690104 0.802734 0.690104 0.801758 0.688802 0.798828 0.688802 0.797852 0.687500 0.795898 0.687500 0.794922 0.686198 0.793945 0.686198 0.791016 0.688802
0 0.813477 0.626302 0.812500 0.627604 0.810547 0.627604 0.806641 0.630208 0.803711 0.634115 0.802734 0.634115 0.797852 0.639323 0.796875 0.641927 0.796875 0.644531 0.794922 0.648438 0.795898 0.649740 0.795898 0.658854 0.793945 0.661458 0.793945 0.669271 0.795898 0.674479 0.797852 0.677083 0.799805 0.678385 0.802734 0.678385 0.806641 0.680990 0.811523 0.687500 0.813477 0.688802 0.815430 0.688802 0.816406 0.690104 0.818359 0.690104 0.819336 0.688802 0.821289 0.688802 0.825195 0.686198 0.828125 0.686198 0.829102 0.684896 0.831055 0.684896 0.833008 0.682292 0.833984 0.679688 0.833984 0.675781 0.834961 0.674479 0.834961 0.661458 0.835938 0.660156 0.835938 0.648438 0.836914 0.645833 0.835938 0.644531 0.835938 0.641927 0.834961 0.639323 0.826172 0.635417 0.818359 0.627604 0.815430 0.627604
0 0.825195 0.716146 0.825195 0.722656 0.826172 0.723958 0.826172 0.725260 0.833008 0.734375 0.833008 0.735677 0.833984 0.735677 0.835938 0.738281 0.840820 0.740885 0.845703 0.746094 0.846680 0.746094 0.849609 0.748698 0.851562 0.748698 0.852539 0.750000 0.856445 0.750000 0.857422 0.748698 0.860352 0.748698 0.861328 0.747396 0.868164 0.743490 0.870117 0.740885 0.871094 0.736979 0.874023 0.733073 0.874023 0.731771 0.875000 0.730469 0.875000 0.727865 0.875977 0.726562 0.875000 0.722656 0.871094 0.718750 0.870117 0.718750 0.868164 0.716146 0.868164 0.714844 0.866211 0.712240 0.865234 0.712240 0.862305 0.707031 0.861328 0.707031 0.857422 0.701823 0.856445 0.701823 0.853516 0.699219 0.837891 0.699219 0.834961 0.703125 0.832031 0.704427 0.829102 0.708333 0.828125 0.712240
0 0.778320 0.588542 0.777344 0.589844 0.775391 0.589844 0.774414 0.591146 0.771484 0.591146 0.770508 0.592448 0.769531 0.592448 0.766602 0.596354 0.763672 0.597656 0.761719 0.605469 0.762695 0.606771 0.762695 0.609375 0.763672 0.610677 0.763672 0.614583 0.764648 0.615885 0.764648 0.617188 0.763672 0.618490 0.763672 0.622396 0.765625 0.626302 0.765625 0.628906 0.764648 0.630208 0.765625 0.634115 0.771484 0.641927 0.772461 0.641927 0.773438 0.643229 0.775391 0.643229 0.776367 0.644531 0.783203 0.644531 0.784180 0.643229 0.787109 0.643229 0.788086 0.641927 0.792969 0.639323 0.794922 0.636719 0.794922 0.635417 0.796875 0.631510 0.796875 0.626302 0.797852 0.625000 0.797852 0.622396 0.798828 0.621094 0.798828 0.602865 0.797852 0.601562 0.797852 0.600260 0.795898 0.600260 0.793945 0.597656 0.791016 0.596354 0.789062 0.593750 0.788086 0.593750 0.787109 0.592448 0.783203 0.592448
0 0.840820 0.638021 0.838867 0.641927 0.838867 0.653646 0.837891 0.654948 0.837891 0.660156 0.836914 0.661458 0.836914 0.664062 0.837891 0.665365 0.837891 0.669271 0.839844 0.671875 0.841797 0.671875 0.844727 0.675781 0.846680 0.675781 0.847656 0.677083 0.850586 0.678385 0.852539 0.680990 0.853516 0.680990 0.858398 0.684896 0.860352 0.684896 0.861328 0.686198 0.863281 0.686198 0.864258 0.687500 0.870117 0.687500 0.871094 0.686198 0.871094 0.684896 0.875977 0.678385 0.875977 0.677083 0.877930 0.674479 0.877930 0.661458 0.876953 0.660156 0.876953 0.653646 0.875977 0.652344 0.875977 0.648438 0.875000 0.647135 0.875000 0.645833 0.873047 0.643229 0.867188 0.643229 0.866211 0.641927 0.863281 0.641927 0.857422 0.636719 0.852539 0.636719 0.851562 0.635417 0.843750 0.635417 0.841797 0.638021
0 0.791016 0.523438 0.792969 0.523438 0.793945 0.524740 0.793945 0.527344 0.790039 0.532552 0.788086 0.533854 0.788086 0.539062 0.786133 0.541667 0.783203 0.537760 0.782227 0.540365 0.778320 0.544271 0.781250 0.548177 0.781250 0.553385 0.779297 0.557292 0.779297 0.559896 0.780273 0.561198 0.780273 0.566406 0.778320 0.569010 0.783203 0.575521 0.789062 0.579427 0.791016 0.579427 0.793945 0.582031 0.796875 0.582031 0.797852 0.583333 0.800781 0.583333 0.801758 0.584635 0.804688 0.582031 0.804688 0.580729 0.808594 0.574219 0.808594 0.563802 0.809570 0.562500 0.809570 0.559896 0.810547 0.558594 0.810547 0.553385 0.812500 0.548177 0.812500 0.536458 0.810547 0.532552 0.802734 0.527344 0.800781 0.527344 0.797852 0.524740
0 0.812500 0.558594 0.809570 0.565104 0.809570 0.574219 0.808594 0.575521 0.808594 0.576823 0.806641 0.579427 0.805664 0.579427 0.805664 0.580729 0.803711 0.584635 0.803711 0.596354 0.804688 0.597656 0.804688 0.600260 0.807617 0.602865 0.810547 0.602865 0.811523 0.604167 0.816406 0.604167 0.817383 0.605469 0.822266 0.605469 0.823242 0.604167 0.826172 0.604167 0.827148 0.602865 0.828125 0.602865 0.829102 0.601562 0.833984 0.598958 0.838867 0.592448 0.839844 0.588542 0.841797 0.585938 0.841797 0.579427 0.838867 0.575521 0.837891 0.575521 0.835938 0.572917 0.834961 0.572917 0.832031 0.570312 0.830078 0.570312 0.829102 0.569010 0.829102 0.567708 0.823242 0.559896 0.820312 0.559896 0.819336 0.558594
0 0.652344 0.546875 0.648438 0.553385 0.648438 0.555990 0.650391 0.558594 0.645508 0.565104 0.646484 0.566406 0.646484 0.572917 0.647461 0.574219 0.647461 0.584635 0.646484 0.585938 0.644531 0.584635 0.642578 0.579427 0.642578 0.576823 0.641602 0.578125 0.641602 0.582031 0.640625 0.583333 0.641602 0.587240 0.643555 0.589844 0.646484 0.591146 0.649414 0.595052 0.651367 0.595052 0.654297 0.597656 0.656250 0.597656 0.657227 0.598958 0.659180 0.598958 0.663086 0.601562 0.666992 0.601562 0.667969 0.600260 0.669922 0.600260 0.673828 0.597656 0.677734 0.597656 0.678711 0.596354 0.680664 0.596354 0.681641 0.595052 0.682617 0.588542 0.681641 0.587240 0.680664 0.569010 0.679688 0.567708 0.679688 0.563802 0.678711 0.562500 0.678711 0.557292 0.677734 0.555990 0.677734 0.553385 0.671875 0.549479 0.669922 0.546875 0.666992 0.546875 0.666016 0.545573 0.664062 0.545573 0.658203 0.550781 0.657227 0.550781 0.656250 0.548177
0 0.688477 0.572917 0.687500 0.572917 0.686523 0.574219 0.684570 0.574219 0.682617 0.576823 0.682617 0.588542 0.683594 0.589844 0.682617 0.593750 0.679688 0.597656 0.678711 0.597656 0.677734 0.598958 0.674805 0.598958 0.673828 0.600260 0.670898 0.600260 0.669922 0.601562 0.667969 0.601562 0.667969 0.602865 0.666992 0.604167 0.666992 0.606771 0.671875 0.614583 0.671875 0.615885 0.673828 0.618490 0.674805 0.618490 0.676758 0.621094 0.676758 0.622396 0.677734 0.622396 0.680664 0.625000 0.690430 0.625000 0.691406 0.623698 0.693359 0.623698 0.694336 0.622396 0.697266 0.621094 0.702148 0.614583 0.702148 0.613281 0.703125 0.611979 0.703125 0.608073 0.704102 0.606771 0.704102 0.592448 0.703125 0.591146 0.703125 0.587240 0.702148 0.585938 0.702148 0.584635 0.699219 0.580729 0.698242 0.580729 0.693359 0.575521 0.692383 0.575521 0.691406 0.574219 0.689453 0.574219
0 0.568359 0.522135 0.565430 0.526042 0.564453 0.526042 0.554688 0.539062 0.554688 0.544271 0.555664 0.545573 0.555664 0.548177 0.556641 0.549479 0.556641 0.552083 0.558594 0.555990 0.558594 0.558594 0.559570 0.559896 0.559570 0.562500 0.560547 0.563802 0.560547 0.565104 0.562500 0.565104 0.563477 0.566406 0.565430 0.566406 0.566406 0.567708 0.568359 0.567708 0.569336 0.569010 0.573242 0.569010 0.574219 0.570312 0.581055 0.570312 0.582031 0.569010 0.583984 0.569010 0.593750 0.554688 0.593750 0.553385 0.595703 0.549479 0.594727 0.548177 0.594727 0.546875 0.593750 0.545573 0.592773 0.545573 0.590820 0.542969 0.589844 0.539062 0.576172 0.522135
0 0.612305 0.527344 0.609375 0.527344 0.607422 0.529948 0.606445 0.529948 0.603516 0.539062 0.601562 0.541667 0.601562 0.542969 0.599609 0.545573 0.599609 0.546875 0.596680 0.550781 0.594727 0.557292 0.591797 0.561198 0.591797 0.562500 0.588867 0.569010 0.588867 0.576823 0.590820 0.579427 0.591797 0.579427 0.595703 0.583333 0.598633 0.583333 0.599609 0.584635 0.602539 0.584635 0.603516 0.585938 0.611328 0.585938 0.612305 0.584635 0.615234 0.584635 0.616211 0.583333 0.619141 0.582031 0.628906 0.567708 0.628906 0.566406 0.629883 0.565104 0.629883 0.557292 0.628906 0.555990 0.628906 0.553385 0.626953 0.549479 0.626953 0.545573 0.625977 0.544271 0.625977 0.541667 0.622070 0.536458 0.621094 0.536458 0.620117 0.535156 0.620117 0.533854 0.617188 0.532552
0 0.556641 0.471354 0.555664 0.471354 0.553711 0.473958 0.552734 0.473958 0.549805 0.476562 0.546875 0.476562 0.545898 0.477865 0.543945 0.477865 0.542969 0.479167 0.541992 0.479167 0.538086 0.484375 0.538086 0.486979 0.537109 0.488281 0.536133 0.492188 0.531250 0.500000 0.531250 0.501302 0.528320 0.506510 0.529297 0.510417 0.532227 0.514323 0.532227 0.515625 0.534180 0.519531 0.534180 0.522135 0.540039 0.529948 0.541992 0.529948 0.542969 0.531250 0.544922 0.531250 0.545898 0.532552 0.550781 0.532552 0.551758 0.531250 0.554688 0.531250 0.555664 0.529948 0.558594 0.528646 0.560547 0.526042 0.561523 0.526042 0.567383 0.519531 0.567383 0.518229 0.570312 0.511719 0.570312 0.509115 0.571289 0.507812 0.571289 0.503906 0.570312 0.502604 0.569336 0.498698 0.565430 0.492188 0.562500 0.480469
0 0.577148 0.471354 0.575195 0.473958 0.575195 0.481771 0.573242 0.485677 0.573242 0.493490 0.574219 0.494792 0.574219 0.500000 0.577148 0.505208 0.577148 0.506510 0.583984 0.515625 0.591797 0.520833 0.595703 0.520833 0.596680 0.522135 0.600586 0.522135 0.601562 0.523438 0.605469 0.523438 0.606445 0.522135 0.608398 0.522135 0.610352 0.519531 0.610352 0.515625 0.611328 0.514323 0.612305 0.505208 0.614258 0.501302 0.614258 0.498698 0.615234 0.497396 0.615234 0.493490 0.616211 0.492188 0.616211 0.489583 0.617188 0.488281 0.617188 0.484375 0.618164 0.483073 0.618164 0.480469 0.617188 0.479167 0.617188 0.476562 0.616211 0.473958 0.610352 0.466146 0.608398 0.464844 0.606445 0.464844 0.605469 0.463542 0.601562 0.463542 0.600586 0.464844 0.591797 0.464844 0.590820 0.466146 0.587891 0.466146 0.584961 0.468750 0.583008 0.468750 0.580078 0.471354
0 0.649414 0.488281 0.648438 0.489583 0.645508 0.490885 0.642578 0.494792 0.641602 0.494792 0.640625 0.496094 0.637695 0.496094 0.635742 0.500000 0.634766 0.500000 0.633789 0.501302 0.630859 0.501302 0.629883 0.502604 0.627930 0.502604 0.626953 0.503906 0.625977 0.503906 0.624023 0.507812 0.624023 0.515625 0.623047 0.516927 0.623047 0.518229 0.624023 0.519531 0.624023 0.522135 0.625977 0.524740 0.626953 0.528646 0.631836 0.535156 0.632812 0.535156 0.639648 0.540365 0.641602 0.540365 0.642578 0.541667 0.650391 0.541667 0.651367 0.540365 0.653320 0.540365 0.656250 0.536458 0.656250 0.533854 0.659180 0.527344 0.659180 0.513021 0.663086 0.507812 0.663086 0.501302 0.661133 0.498698 0.656250 0.496094 0.653320 0.490885 0.652344 0.490885
0 0.659180 0.463542 0.659180 0.468750 0.661133 0.471354 0.661133 0.481771 0.660156 0.483073 0.660156 0.486979 0.661133 0.488281 0.661133 0.490885 0.662109 0.493490 0.666016 0.498698 0.669922 0.501302 0.674805 0.502604 0.677734 0.505208 0.682617 0.505208 0.683594 0.506510 0.686523 0.506510 0.687500 0.505208 0.692383 0.505208 0.698242 0.497396 0.700195 0.492188 0.700195 0.488281 0.701172 0.486979 0.701172 0.477865 0.702148 0.476562 0.702148 0.472656 0.703125 0.471354 0.703125 0.460938 0.698242 0.454427 0.697266 0.454427 0.692383 0.449219 0.688477 0.449219 0.687500 0.447917 0.679688 0.447917 0.676758 0.451823 0.672852 0.454427 0.670898 0.454427 0.663086 0.459635
0 0.702148 0.489583 0.701172 0.490885 0.699219 0.497396 0.691406 0.507812 0.690430 0.507812 0.689453 0.511719 0.687500 0.514323 0.687500 0.515625 0.686523 0.516927 0.686523 0.523438 0.687500 0.524740 0.688477 0.528646 0.700195 0.544271 0.707031 0.544271 0.709961 0.541667 0.711914 0.541667 0.714844 0.539062 0.716797 0.539062 0.717773 0.537760 0.718750 0.537760 0.720703 0.535156 0.720703 0.533854 0.721680 0.532552 0.720703 0.531250 0.720703 0.514323 0.719727 0.513021 0.719727 0.510417 0.718750 0.509115 0.718750 0.506510 0.714844 0.501302 0.714844 0.500000 0.712891 0.497396 0.711914 0.497396 0.707031 0.490885 0.706055 0.490885 0.705078 0.489583
0 0.623047 0.429688 0.623047 0.430990 0.621094 0.433594 0.619141 0.433594 0.619141 0.437500 0.620117 0.438802 0.618164 0.442708 0.618164 0.449219 0.617188 0.450521 0.617188 0.463542 0.621094 0.473958 0.625977 0.479167 0.633789 0.484375 0.635742 0.484375 0.638672 0.486979 0.640625 0.486979 0.641602 0.488281 0.645508 0.488281 0.649414 0.485677 0.651367 0.483073 0.653320 0.477865 0.653320 0.473958 0.654297 0.472656 0.654297 0.467448 0.655273 0.466146 0.655273 0.462240 0.656250 0.460938 0.656250 0.458333 0.657227 0.457031 0.657227 0.454427 0.659180 0.449219 0.658203 0.447917 0.658203 0.445312 0.657227 0.442708 0.652344 0.437500 0.648438 0.434896 0.646484 0.434896 0.645508 0.433594 0.642578 0.433594 0.641602 0.432292 0.636719 0.432292 0.633789 0.429688
0 0.590820 0.401042 0.589844 0.402344 0.587891 0.402344 0.586914 0.403646 0.585938 0.403646 0.578125 0.411458 0.578125 0.412760 0.576172 0.415365 0.574219 0.421875 0.570312 0.428385 0.570312 0.432292 0.571289 0.433594 0.575195 0.445312 0.579102 0.450521 0.579102 0.451823 0.580078 0.451823 0.582031 0.454427 0.583008 0.454427 0.587891 0.458333 0.590820 0.458333 0.591797 0.459635 0.600586 0.459635 0.601562 0.458333 0.603516 0.458333 0.613281 0.444010 0.613281 0.440104 0.614258 0.438802 0.614258 0.432292 0.615234 0.430990 0.615234 0.427083 0.613281 0.423177 0.613281 0.420573 0.612305 0.419271 0.611328 0.412760 0.607422 0.407552 0.606445 0.407552 0.605469 0.406250 0.603516 0.406250 0.602539 0.404948 0.600586 0.404948 0.599609 0.403646 0.597656 0.403646 0.594727 0.401042
0 0.547852 0.401042 0.542969 0.401042 0.541992 0.402344 0.539062 0.402344 0.538086 0.403646 0.533203 0.404948 0.530273 0.407552 0.528320 0.407552 0.526367 0.410156 0.525391 0.410156 0.521484 0.414062 0.520508 0.414062 0.515625 0.420573 0.515625 0.423177 0.514648 0.424479 0.514648 0.429688 0.513672 0.430990 0.513672 0.434896 0.514648 0.436198 0.514648 0.437500 0.517578 0.441406 0.518555 0.441406 0.526367 0.449219 0.527344 0.449219 0.528320 0.450521 0.530273 0.450521 0.534180 0.454427 0.535156 0.454427 0.536133 0.455729 0.538086 0.455729 0.539062 0.457031 0.543945 0.455729 0.545898 0.453125 0.546875 0.453125 0.547852 0.451823 0.552734 0.449219 0.554688 0.446615 0.555664 0.446615 0.559570 0.441406 0.559570 0.440104 0.560547 0.438802 0.560547 0.436198 0.561523 0.434896 0.561523 0.424479 0.560547 0.423177 0.560547 0.419271 0.556641 0.414062 0.556641 0.412760
0 0.512695 0.445312 0.511719 0.446615 0.507812 0.446615 0.506836 0.447917 0.505859 0.447917 0.499023 0.457031 0.499023 0.466146 0.498047 0.467448 0.498047 0.473958 0.497070 0.475260 0.497070 0.483073 0.496094 0.484375 0.496094 0.488281 0.498047 0.492188 0.500977 0.493490 0.504883 0.498698 0.509766 0.501302 0.511719 0.503906 0.515625 0.503906 0.516602 0.505208 0.518555 0.505208 0.519531 0.503906 0.522461 0.503906 0.523438 0.502604 0.524414 0.502604 0.526367 0.500000 0.527344 0.500000 0.532227 0.493490 0.532227 0.492188 0.535156 0.486979 0.535156 0.484375 0.536133 0.483073 0.536133 0.479167 0.535156 0.477865 0.535156 0.475260 0.528320 0.464844 0.528320 0.463542 0.526367 0.460938 0.526367 0.459635 0.524414 0.457031 0.524414 0.455729 0.519531 0.449219 0.519531 0.447917
0 0.457031 0.450521 0.457031 0.451823 0.455078 0.454427 0.455078 0.455729 0.453125 0.459635 0.453125 0.468750 0.454102 0.470052 0.454102 0.477865 0.455078 0.479167 0.455078 0.480469 0.457031 0.483073 0.458008 0.483073 0.460938 0.485677 0.477539 0.485677 0.478516 0.484375 0.486328 0.484375 0.487305 0.483073 0.490234 0.483073 0.492188 0.480469 0.492188 0.457031 0.491211 0.455729 0.491211 0.450521 0.487305 0.445312 0.486328 0.445312 0.484375 0.442708 0.483398 0.442708 0.482422 0.441406 0.480469 0.441406 0.479492 0.440104 0.469727 0.440104 0.468750 0.441406 0.466797 0.441406 0.465820 0.442708 0.462891 0.444010
0 0.421875 0.417969 0.420898 0.419271 0.417969 0.420573 0.415039 0.424479 0.415039 0.425781 0.413086 0.428385 0.413086 0.429688 0.411133 0.433594 0.411133 0.458333 0.412109 0.459635 0.416992 0.462240 0.418945 0.464844 0.419922 0.464844 0.421875 0.467448 0.422852 0.467448 0.424805 0.470052 0.425781 0.470052 0.426758 0.471354 0.429688 0.471354 0.430664 0.472656 0.431641 0.471354 0.435547 0.471354 0.436523 0.470052 0.439453 0.468750 0.446289 0.459635 0.446289 0.458333 0.447266 0.457031 0.447266 0.453125 0.448242 0.451823 0.448242 0.444010 0.447266 0.442708 0.447266 0.441406 0.445312 0.438802 0.445312 0.437500 0.436523 0.425781 0.435547 0.425781 0.431641 0.420573 0.430664 0.420573 0.428711 0.417969
0 0.368164 0.399740 0.361328 0.407552 0.359375 0.412760 0.359375 0.415365 0.358398 0.416667 0.358398 0.420573 0.357422 0.421875 0.357422 0.433594 0.360352 0.438802 0.360352 0.440104 0.361328 0.440104 0.365234 0.445312 0.369141 0.447917 0.372070 0.447917 0.374023 0.450521 0.375977 0.451823 0.377930 0.451823 0.378906 0.453125 0.380859 0.451823 0.382812 0.451823 0.387695 0.447917 0.390625 0.447917 0.392578 0.449219 0.394531 0.446615 0.395508 0.446615 0.399414 0.441406 0.400391 0.438802 0.399414 0.437500 0.399414 0.432292 0.403320 0.429688 0.403320 0.424479 0.402344 0.423177 0.402344 0.419271 0.392578 0.407552 0.391602 0.407552 0.383789 0.399740 0.381836 0.399740 0.377930 0.397135 0.374023 0.397135 0.373047 0.398438
0 0.311523 0.395833 0.307617 0.401042 0.307617 0.403646 0.304688 0.410156 0.304688 0.415365 0.303711 0.416667 0.303711 0.424479 0.304688 0.425781 0.304688 0.429688 0.306641 0.434896 0.312500 0.442708 0.313477 0.445312 0.314453 0.445312 0.320312 0.451823 0.322266 0.451823 0.323242 0.453125 0.338867 0.453125 0.339844 0.451823 0.345703 0.450521 0.346680 0.447917 0.348633 0.445312 0.349609 0.445312 0.349609 0.441406 0.350586 0.440104 0.349609 0.438802 0.349609 0.436198 0.347656 0.434896 0.344727 0.429688 0.346680 0.425781 0.346680 0.420573 0.349609 0.415365 0.350586 0.410156 0.351562 0.408854 0.349609 0.406250 0.349609 0.404948 0.343750 0.402344 0.339844 0.397135 0.338867 0.397135 0.333984 0.391927 0.330078 0.391927 0.325195 0.388021 0.324219 0.389323 0.318359 0.390625
0 0.301758 0.339844 0.298828 0.338542 0.296875 0.335938 0.292969 0.333333 0.291016 0.333333 0.290039 0.332031 0.286133 0.332031 0.285156 0.330729 0.283203 0.330729 0.282227 0.332031 0.278320 0.332031 0.277344 0.333333 0.272461 0.333333 0.271484 0.334635 0.266602 0.334635 0.265625 0.335938 0.265625 0.341146 0.261719 0.351562 0.261719 0.365885 0.262695 0.367188 0.262695 0.373698 0.263672 0.375000 0.263672 0.378906 0.264648 0.381510 0.267578 0.385417 0.272461 0.386719 0.275391 0.389323 0.288086 0.389323 0.290039 0.386719 0.291016 0.386719 0.292969 0.382812 0.292969 0.378906 0.293945 0.377604 0.294922 0.368490 0.295898 0.367188 0.296875 0.360677 0.298828 0.356771 0.298828 0.354167 0.299805 0.352865 0.299805 0.350260 0.301758 0.345052
0 0.311523 0.326823 0.309570 0.329427 0.307617 0.335938 0.303711 0.342448 0.303711 0.345052 0.301758 0.348958 0.300781 0.355469 0.297852 0.360677 0.298828 0.363281 0.298828 0.365885 0.301758 0.369792 0.305664 0.372396 0.308594 0.372396 0.309570 0.373698 0.311523 0.373698 0.315430 0.376302 0.318359 0.376302 0.319336 0.377604 0.323242 0.377604 0.324219 0.378906 0.331055 0.378906 0.332031 0.380208 0.333984 0.380208 0.337891 0.377604 0.340820 0.373698 0.341797 0.373698 0.345703 0.368490 0.346680 0.365885 0.346680 0.355469 0.345703 0.354167 0.345703 0.350260 0.344727 0.347656 0.340820 0.341146 0.340820 0.330729 0.339844 0.329427 0.336914 0.329427 0.335938 0.328125 0.333008 0.328125 0.332031 0.326823 0.330078 0.326823 0.329102 0.325521 0.325195 0.325521 0.324219 0.324219 0.316406 0.324219 0.315430 0.325521 0.313477 0.325521
0 0.348633 0.269531 0.347656 0.270833 0.344727 0.270833 0.343750 0.272135 0.341797 0.272135 0.340820 0.273438 0.339844 0.273438 0.336914 0.277344 0.336914 0.279948 0.335938 0.281250 0.335938 0.304688 0.334961 0.305990 0.334961 0.317708 0.335938 0.319010 0.335938 0.320312 0.341797 0.326823 0.343750 0.326823 0.344727 0.328125 0.356445 0.328125 0.357422 0.326823 0.359375 0.326823 0.360352 0.325521 0.361328 0.325521 0.361328 0.324219 0.364258 0.320312 0.368164 0.320312 0.373047 0.313802 0.372070 0.312500 0.372070 0.299479 0.371094 0.298177 0.371094 0.283854 0.370117 0.282552 0.370117 0.279948 0.365234 0.273438 0.365234 0.272135 0.364258 0.272135 0.361328 0.269531
0 0.405273 0.356771 0.401367 0.354167 0.399414 0.351562 0.395508 0.348958 0.392578 0.348958 0.391602 0.347656 0.389648 0.347656 0.388672 0.348958 0.387695 0.347656 0.379883 0.347656 0.378906 0.348958 0.371094 0.348958 0.370117 0.350260 0.368164 0.350260 0.362305 0.354167 0.361328 0.355469 0.361328 0.359375 0.360352 0.360677 0.360352 0.373698 0.361328 0.375000 0.361328 0.385417 0.360352 0.386719 0.360352 0.393229 0.361328 0.395833 0.366211 0.398438 0.367188 0.397135 0.371094 0.397135 0.372070 0.395833 0.378906 0.394531 0.384766 0.390625 0.387695 0.390625 0.388672 0.389323 0.390625 0.389323 0.396484 0.381510 0.398438 0.376302 0.398438 0.373698 0.399414 0.372396 0.399414 0.369792 0.400391 0.367188 0.403320 0.363281 0.405273 0.361979
0 0.410156 0.358073 0.409180 0.359375 0.408203 0.359375 0.408203 0.360677 0.403320 0.367188 0.403320 0.368490 0.401367 0.371094 0.398438 0.380208 0.395508 0.384115 0.395508 0.385417 0.393555 0.388021 0.393555 0.390625 0.392578 0.391927 0.393555 0.393229 0.394531 0.397135 0.399414 0.402344 0.401367 0.402344 0.404297 0.404948 0.407227 0.404948 0.408203 0.406250 0.410156 0.406250 0.411133 0.407552 0.414062 0.407552 0.415039 0.408854 0.420898 0.408854 0.421875 0.410156 0.426758 0.410156 0.427734 0.408854 0.430664 0.407552 0.435547 0.399740 0.435547 0.398438 0.436523 0.397135 0.436523 0.393229 0.437500 0.391927 0.437500 0.388021 0.438477 0.386719 0.438477 0.385417 0.441406 0.381510 0.441406 0.376302 0.435547 0.367188 0.434570 0.367188 0.429688 0.363281 0.427734 0.363281 0.422852 0.359375 0.419922 0.359375 0.418945 0.358073 0.416016 0.358073 0.415039 0.356771 0.414062 0.358073
0 0.470703 0.377604 0.458008 0.377604 0.457031 0.378906 0.451172 0.378906 0.449219 0.380208 0.442383 0.389323 0.440430 0.394531 0.440430 0.411458 0.441406 0.412760 0.441406 0.415365 0.445312 0.420573 0.447266 0.425781 0.456055 0.437500 0.459961 0.437500 0.462891 0.434896 0.464844 0.434896 0.473633 0.425781 0.475586 0.425781 0.477539 0.424479 0.482422 0.417969 0.482422 0.416667 0.484375 0.414062 0.485352 0.414062 0.485352 0.411458 0.486328 0.410156 0.486328 0.407552 0.485352 0.406250 0.485352 0.403646 0.483398 0.399740 0.483398 0.397135 0.482422 0.394531 0.480469 0.391927 0.480469 0.390625
0 0.426758 0.274740 0.418945 0.279948 0.416992 0.282552 0.416992 0.283854 0.412109 0.290365 0.411133 0.292969 0.411133 0.295573 0.410156 0.296875 0.410156 0.300781 0.409180 0.302083 0.408203 0.311198 0.410156 0.316406 0.414062 0.321615 0.414062 0.322917 0.415039 0.322917 0.419922 0.329427 0.419922 0.330729 0.421875 0.333333 0.423828 0.334635 0.425781 0.334635 0.426758 0.335938 0.428711 0.335938 0.429688 0.337240 0.433594 0.337240 0.435547 0.338542 0.436523 0.337240 0.439453 0.337240 0.443359 0.334635 0.446289 0.330729 0.448242 0.324219 0.450195 0.321615 0.450195 0.319010 0.452148 0.315104 0.452148 0.311198 0.453125 0.308594 0.452148 0.307292 0.452148 0.303385 0.438477 0.285156 0.438477 0.283854 0.437500 0.283854 0.430664 0.276042 0.428711 0.274740
0 0.461914 0.235677 0.460938 0.236979 0.458008 0.236979 0.455078 0.239583 0.453125 0.239583 0.452148 0.240885 0.451172 0.240885 0.449219 0.243490 0.449219 0.244792 0.446289 0.247396 0.446289 0.248698 0.445312 0.250000 0.445312 0.272135 0.446289 0.273438 0.446289 0.286458 0.447266 0.287760 0.447266 0.290365 0.449219 0.292969 0.449219 0.294271 0.450195 0.294271 0.453125 0.296875 0.455078 0.296875 0.458008 0.299479 0.460938 0.299479 0.461914 0.300781 0.466797 0.300781 0.467773 0.299479 0.469727 0.299479 0.479492 0.286458 0.479492 0.285156 0.481445 0.282552 0.481445 0.277344 0.482422 0.276042 0.482422 0.268229 0.481445 0.266927 0.481445 0.260417 0.480469 0.259115 0.480469 0.251302 0.479492 0.251302 0.476562 0.247396 0.470703 0.244792 0.464844 0.236979
0 0.488281 0.188802 0.488281 0.194010 0.490234 0.200521 0.490234 0.217448 0.491211 0.218750 0.491211 0.225260 0.493164 0.229167 0.493164 0.236979 0.495117 0.242188 0.497070 0.243490 0.501953 0.243490 0.502930 0.244792 0.520508 0.244792 0.529297 0.236979 0.532227 0.236979 0.533203 0.235677 0.536133 0.236979 0.540039 0.231771 0.540039 0.207031 0.538086 0.203125 0.538086 0.200521 0.536133 0.195312 0.534180 0.192708 0.533203 0.183594 0.531250 0.178385 0.529297 0.177083 0.523438 0.177083 0.522461 0.178385 0.519531 0.178385 0.518555 0.177083 0.505859 0.177083 0.500000 0.180990 0.498047 0.183594 0.490234 0.186198
0 0.556641 0.223958 0.547852 0.234375 0.545898 0.240885 0.540039 0.250000 0.539062 0.252604 0.539062 0.255208 0.538086 0.256510 0.538086 0.260417 0.537109 0.263021 0.538086 0.264323 0.538086 0.266927 0.546875 0.278646 0.549805 0.279948 0.551758 0.282552 0.555664 0.285156 0.558594 0.285156 0.559570 0.286458 0.562500 0.286458 0.563477 0.285156 0.569336 0.285156 0.570312 0.283854 0.572266 0.283854 0.573242 0.281250 0.577148 0.277344 0.580078 0.269531 0.580078 0.266927 0.581055 0.265625 0.581055 0.243490 0.579102 0.239583 0.579102 0.236979 0.575195 0.231771 0.573242 0.230469 0.571289 0.230469 0.569336 0.227865 0.565430 0.225260 0.563477 0.225260 0.562500 0.223958
0 0.593750 0.251302 0.589844 0.255208 0.588867 0.255208 0.583008 0.265625 0.583008 0.268229 0.581055 0.272135 0.581055 0.276042 0.580078 0.277344 0.580078 0.278646 0.581055 0.279948 0.581055 0.282552 0.582031 0.283854 0.582031 0.285156 0.585938 0.290365 0.585938 0.292969 0.586914 0.294271 0.587891 0.294271 0.590820 0.296875 0.592773 0.296875 0.593750 0.298177 0.594727 0.298177 0.596680 0.300781 0.597656 0.300781 0.599609 0.303385 0.600586 0.303385 0.603516 0.305990 0.610352 0.305990 0.612305 0.303385 0.615234 0.302083 0.624023 0.289062 0.624023 0.287760 0.626953 0.281250 0.626953 0.270833 0.625977 0.269531 0.625977 0.266927 0.623047 0.261719 0.622070 0.261719 0.619141 0.259115 0.616211 0.259115 0.615234 0.257812 0.613281 0.257812 0.611328 0.255208 0.610352 0.255208 0.608398 0.252604 0.607422 0.252604 0.604492 0.250000 0.597656 0.250000 0.596680 0.251302
0 0.541016 0.277344 0.539062 0.277344 0.538086 0.276042 0.535156 0.276042 0.534180 0.277344 0.530273 0.277344 0.523438 0.282552 0.521484 0.282552 0.520508 0.283854 0.515625 0.285156 0.513672 0.287760 0.511719 0.292969 0.510742 0.299479 0.508789 0.303385 0.508789 0.309896 0.510742 0.315104 0.510742 0.326823 0.513672 0.330729 0.515625 0.332031 0.523438 0.332031 0.524414 0.330729 0.527344 0.330729 0.528320 0.329427 0.532227 0.329427 0.533203 0.328125 0.538086 0.328125 0.539062 0.326823 0.545898 0.325521 0.547852 0.324219 0.550781 0.320312 0.553711 0.312500 0.554688 0.303385 0.551758 0.298177 0.547852 0.286458
0 0.553711 0.317708 0.553711 0.319010 0.551758 0.322917 0.551758 0.325521 0.550781 0.326823 0.550781 0.335938 0.551758 0.337240 0.551758 0.339844 0.556641 0.351562 0.556641 0.355469 0.558594 0.359375 0.562500 0.359375 0.563477 0.358073 0.572266 0.358073 0.573242 0.356771 0.578125 0.356771 0.579102 0.355469 0.583984 0.355469 0.587891 0.351562 0.587891 0.350260 0.588867 0.348958 0.588867 0.346354 0.589844 0.345052 0.589844 0.341146 0.590820 0.339844 0.590820 0.337240 0.591797 0.335938 0.591797 0.329427 0.590820 0.328125 0.590820 0.325521 0.583008 0.315104 0.583008 0.313802 0.581055 0.309896 0.580078 0.309896 0.579102 0.308594 0.572266 0.308594 0.571289 0.307292 0.566406 0.307292 0.565430 0.308594 0.562500 0.308594 0.561523 0.309896 0.560547 0.309896
0 0.548828 0.337240 0.544922 0.334635 0.542969 0.334635 0.541992 0.335938 0.539062 0.335938 0.538086 0.337240 0.536133 0.337240 0.535156 0.338542 0.530273 0.339844 0.527344 0.342448 0.525391 0.342448 0.524414 0.343750 0.519531 0.345052 0.515625 0.348958 0.513672 0.354167 0.513672 0.359375 0.512695 0.360677 0.513672 0.363281 0.513672 0.368490 0.514648 0.369792 0.514648 0.372396 0.515625 0.373698 0.515625 0.376302 0.516602 0.377604 0.516602 0.380208 0.517578 0.382812 0.522461 0.390625 0.524414 0.391927 0.527344 0.391927 0.528320 0.393229 0.536133 0.393229 0.537109 0.391927 0.540039 0.391927 0.548828 0.385417 0.550781 0.378906 0.552734 0.376302 0.552734 0.373698 0.553711 0.372396 0.554688 0.365885 0.556641 0.361979 0.556641 0.355469 0.555664 0.354167 0.555664 0.351562 0.552734 0.343750
0 0.482422 0.324219 0.482422 0.325521 0.480469 0.328125 0.477539 0.337240 0.473633 0.342448 0.473633 0.343750 0.471680 0.346354 0.471680 0.348958 0.470703 0.350260 0.470703 0.354167 0.471680 0.355469 0.471680 0.359375 0.472656 0.360677 0.472656 0.363281 0.473633 0.364583 0.473633 0.365885 0.481445 0.373698 0.484375 0.373698 0.485352 0.375000 0.487305 0.375000 0.488281 0.373698 0.497070 0.373698 0.498047 0.372396 0.500000 0.372396 0.500977 0.371094 0.506836 0.371094 0.507812 0.369792 0.508789 0.365885 0.510742 0.363281 0.510742 0.361979 0.511719 0.360677 0.511719 0.358073 0.512695 0.356771 0.512695 0.352865 0.513672 0.351562 0.513672 0.348958 0.514648 0.347656 0.514648 0.345052 0.513672 0.343750 0.513672 0.342448 0.511719 0.339844 0.504883 0.335938 0.502930 0.333333 0.498047 0.330729 0.496094 0.328125 0.495117 0.328125 0.488281 0.322917 0.484375 0.322917 0.483398 0.324219
0 0.599609 0.332031 0.593750 0.339844 0.593750 0.341146 0.590820 0.346354 0.590820 0.348958 0.589844 0.350260 0.589844 0.361979 0.587891 0.365885 0.587891 0.371094 0.592773 0.378906 0.595703 0.380208 0.599609 0.385417 0.599609 0.386719 0.602539 0.389323 0.631836 0.389323 0.633789 0.386719 0.634766 0.381510 0.636719 0.377604 0.636719 0.365885 0.637695 0.364583 0.637695 0.350260 0.636719 0.347656 0.634766 0.345052 0.633789 0.345052 0.625977 0.333333 0.625000 0.333333 0.622070 0.329427 0.620117 0.329427 0.619141 0.328125 0.614258 0.328125 0.613281 0.329427 0.606445 0.330729 0.602539 0.333333 0.601562 0.332031
0 0.680664 0.294271 0.676758 0.291667 0.672852 0.291667 0.669922 0.289062 0.663086 0.289062 0.655273 0.294271 0.654297 0.296875 0.649414 0.300781 0.644531 0.308594 0.642578 0.308594 0.641602 0.309896 0.640625 0.315104 0.641602 0.316406 0.641602 0.321615 0.644531 0.329427 0.641602 0.333333 0.641602 0.339844 0.642578 0.341146 0.645508 0.341146 0.647461 0.342448 0.650391 0.346354 0.650391 0.351562 0.649414 0.352865 0.649414 0.355469 0.652344 0.355469 0.654297 0.354167 0.655273 0.351562 0.655273 0.346354 0.657227 0.343750 0.660156 0.346354 0.660156 0.350260 0.662109 0.351562 0.667969 0.351562 0.677734 0.339844 0.678711 0.339844 0.679688 0.337240 0.687500 0.328125 0.691406 0.320312 0.691406 0.312500 0.687500 0.302083
0 0.580078 0.147135 0.579102 0.148438 0.577148 0.148438 0.569336 0.153646 0.564453 0.161458 0.563477 0.164062 0.563477 0.167969 0.562500 0.169271 0.562500 0.171875 0.560547 0.177083 0.560547 0.186198 0.561523 0.188802 0.564453 0.192708 0.566406 0.199219 0.569336 0.203125 0.570312 0.205729 0.578125 0.210938 0.583984 0.210938 0.589844 0.207031 0.594727 0.207031 0.596680 0.204427 0.599609 0.203125 0.602539 0.199219 0.603516 0.196615 0.603516 0.191406 0.604492 0.190104 0.604492 0.184896 0.605469 0.183594 0.604492 0.182292 0.604492 0.178385 0.602539 0.175781 0.601562 0.171875 0.599609 0.169271 0.598633 0.165365 0.596680 0.162760 0.595703 0.158854 0.592773 0.154948 0.592773 0.153646 0.588867 0.148438 0.586914 0.147135
0 0.610352 0.178385 0.606445 0.184896 0.606445 0.190104 0.605469 0.191406 0.605469 0.195312 0.603516 0.200521 0.603516 0.218750 0.604492 0.220052 0.604492 0.223958 0.606445 0.229167 0.610352 0.233073 0.615234 0.233073 0.616211 0.231771 0.621094 0.231771 0.623047 0.233073 0.624023 0.231771 0.636719 0.231771 0.637695 0.230469 0.639648 0.230469 0.641602 0.227865 0.641602 0.225260 0.642578 0.223958 0.642578 0.212240 0.641602 0.210938 0.641602 0.200521 0.642578 0.199219 0.641602 0.197917 0.641602 0.192708 0.642578 0.191406 0.642578 0.179688 0.640625 0.177083 0.634766 0.173177 0.617188 0.173177 0.613281 0.177083
0 0.664062 0.174479 0.662109 0.177083 0.660156 0.178385 0.658203 0.178385 0.650391 0.183594 0.645508 0.190104 0.645508 0.192708 0.643555 0.197917 0.643555 0.213542 0.644531 0.214844 0.644531 0.218750 0.645508 0.221354 0.648438 0.221354 0.649414 0.222656 0.652344 0.222656 0.656250 0.225260 0.659180 0.225260 0.663086 0.227865 0.665039 0.230469 0.666016 0.230469 0.668945 0.234375 0.672852 0.234375 0.674805 0.231771 0.676758 0.231771 0.679688 0.227865 0.680664 0.227865 0.685547 0.220052 0.685547 0.217448 0.688477 0.212240 0.688477 0.209635 0.689453 0.208333 0.689453 0.196615 0.688477 0.195312 0.688477 0.190104 0.686523 0.188802 0.683594 0.184896 0.675781 0.179688 0.673828 0.179688 0.671875 0.178385 0.668945 0.174479
0 0.688477 0.337240 0.685547 0.342448 0.685547 0.347656 0.680664 0.354167 0.680664 0.369792 0.683594 0.373698 0.683594 0.375000 0.684570 0.376302 0.684570 0.378906 0.685547 0.380208 0.686523 0.384115 0.688477 0.386719 0.689453 0.386719 0.690430 0.388021 0.692383 0.388021 0.693359 0.389323 0.700195 0.389323 0.701172 0.388021 0.702148 0.388021 0.703125 0.389323 0.708008 0.389323 0.708984 0.388021 0.711914 0.388021 0.717773 0.381510 0.717773 0.380208 0.720703 0.375000 0.720703 0.372396 0.721680 0.371094 0.721680 0.367188 0.722656 0.365885 0.722656 0.351562 0.721680 0.350260 0.721680 0.348958 0.719727 0.346354 0.719727 0.345052 0.718750 0.345052 0.709961 0.333333 0.697266 0.333333 0.696289 0.334635 0.693359 0.334635 0.692383 0.335938 0.690430 0.335938 0.689453 0.337240
0 0.655273 0.402344 0.655273 0.403646 0.652344 0.408854 0.652344 0.411458 0.650391 0.412760 0.650391 0.414062 0.653320 0.412760 0.655273 0.415365 0.655273 0.423177 0.660156 0.429688 0.660156 0.430990 0.666016 0.440104 0.668945 0.440104 0.669922 0.441406 0.676758 0.441406 0.677734 0.442708 0.680664 0.442708 0.681641 0.444010 0.694336 0.444010 0.697266 0.440104 0.699219 0.434896 0.699219 0.428385 0.700195 0.427083 0.700195 0.423177 0.699219 0.421875 0.699219 0.412760 0.696289 0.404948 0.696289 0.399740 0.695312 0.398438 0.695312 0.395833 0.693359 0.391927 0.691406 0.390625 0.688477 0.390625 0.687500 0.389323 0.679688 0.389323 0.678711 0.388021 0.676758 0.388021 0.675781 0.389323 0.672852 0.389323 0.671875 0.390625 0.666016 0.390625 0.661133 0.395833 0.660156 0.395833
0 0.722656 0.412760 0.722656 0.414062 0.724609 0.414062 0.728516 0.417969 0.728516 0.423177 0.725586 0.428385 0.725586 0.433594 0.722656 0.437500 0.720703 0.442708 0.719727 0.455729 0.717773 0.459635 0.718750 0.464844 0.722656 0.466146 0.723633 0.467448 0.725586 0.467448 0.727539 0.470052 0.733398 0.471354 0.734375 0.472656 0.737305 0.472656 0.738281 0.473958 0.740234 0.473958 0.741211 0.472656 0.745117 0.472656 0.746094 0.471354 0.749023 0.471354 0.750977 0.470052 0.754883 0.464844 0.755859 0.462240 0.755859 0.458333 0.759766 0.447917 0.761719 0.445312 0.761719 0.442708 0.765625 0.433594 0.764648 0.427083 0.761719 0.423177 0.760742 0.423177 0.756836 0.416667 0.754883 0.415365 0.750000 0.415365 0.749023 0.414062 0.737305 0.414062 0.736328 0.412760 0.732422 0.412760 0.731445 0.411458 0.726562 0.411458 0.725586 0.412760
0 0.731445 0.373698 0.729492 0.376302 0.729492 0.380208 0.728516 0.381510 0.728516 0.388021 0.729492 0.389323 0.729492 0.391927 0.735352 0.399740 0.736328 0.399740 0.737305 0.401042 0.739258 0.401042 0.748047 0.407552 0.752930 0.408854 0.754883 0.411458 0.760742 0.408854 0.762695 0.406250 0.763672 0.406250 0.765625 0.403646 0.766602 0.403646 0.771484 0.397135 0.771484 0.395833 0.774414 0.389323 0.774414 0.386719 0.775391 0.385417 0.775391 0.380208 0.776367 0.378906 0.776367 0.373698 0.770508 0.365885 0.758789 0.365885 0.757812 0.367188 0.752930 0.367188 0.751953 0.365885 0.747070 0.365885 0.746094 0.367188 0.744141 0.367188 0.743164 0.368490 0.738281 0.369792 0.736328 0.372396
0 0.771484 0.281250 0.766602 0.281250 0.765625 0.279948 0.760742 0.279948 0.759766 0.278646 0.753906 0.278646 0.752930 0.277344 0.749023 0.277344 0.748047 0.276042 0.743164 0.277344 0.742188 0.278646 0.742188 0.281250 0.741211 0.283854 0.738281 0.287760 0.738281 0.289062 0.736328 0.291667 0.734375 0.296875 0.729492 0.303385 0.729492 0.319010 0.730469 0.321615 0.732422 0.324219 0.735352 0.325521 0.738281 0.329427 0.739258 0.329427 0.743164 0.335938 0.751953 0.335938 0.752930 0.334635 0.756836 0.334635 0.758789 0.333333 0.763672 0.325521 0.765625 0.320312 0.769531 0.315104 0.770508 0.311198 0.772461 0.308594 0.772461 0.307292 0.775391 0.302083 0.775391 0.292969 0.773438 0.289062 0.773438 0.285156
0 0.791016 0.282552 0.790039 0.283854 0.785156 0.286458 0.783203 0.289062 0.782227 0.289062 0.779297 0.295573 0.779297 0.298177 0.778320 0.299479 0.778320 0.305990 0.779297 0.307292 0.779297 0.316406 0.778320 0.317708 0.778320 0.332031 0.780273 0.335938 0.781250 0.335938 0.784180 0.338542 0.786133 0.338542 0.787109 0.339844 0.797852 0.339844 0.798828 0.338542 0.799805 0.338542 0.800781 0.337240 0.802734 0.337240 0.804688 0.334635 0.805664 0.334635 0.806641 0.333333 0.808594 0.333333 0.810547 0.330729 0.811523 0.330729 0.811523 0.307292 0.812500 0.305990 0.812500 0.302083 0.811523 0.300781 0.811523 0.296875 0.810547 0.295573 0.810547 0.292969 0.807617 0.287760 0.806641 0.287760 0.802734 0.283854 0.800781 0.283854 0.799805 0.282552
0 0.836914 0.273438 0.835938 0.273438 0.834961 0.274740 0.833008 0.274740 0.831055 0.277344 0.828125 0.278646 0.824219 0.282552 0.822266 0.282552 0.821289 0.283854 0.818359 0.283854 0.818359 0.286458 0.817383 0.287760 0.814453 0.287760 0.813477 0.289062 0.813477 0.295573 0.815430 0.298177 0.815430 0.313802 0.814453 0.315104 0.814453 0.319010 0.815430 0.320312 0.816406 0.324219 0.819336 0.328125 0.822266 0.328125 0.823242 0.329427 0.837891 0.329427 0.838867 0.328125 0.840820 0.328125 0.841797 0.326823 0.842773 0.326823 0.848633 0.319010 0.848633 0.316406 0.849609 0.315104 0.849609 0.312500 0.850586 0.311198 0.850586 0.305990 0.851562 0.304688 0.851562 0.289062 0.850586 0.287760 0.850586 0.286458 0.846680 0.281250 0.845703 0.281250 0.843750 0.278646 0.842773 0.278646 0.840820 0.276042 0.839844 0.276042
0 0.789062 0.407552 0.788086 0.408854 0.791992 0.412760 0.788086 0.417969 0.788086 0.419271 0.787109 0.420573 0.787109 0.432292 0.788086 0.433594 0.788086 0.445312 0.786133 0.449219 0.788086 0.453125 0.788086 0.459635 0.790039 0.462240 0.796875 0.463542 0.799805 0.466146 0.804688 0.466146 0.805664 0.464844 0.806641 0.464844 0.806641 0.463542 0.807617 0.462240 0.808594 0.462240 0.810547 0.459635 0.811523 0.459635 0.815430 0.454427 0.815430 0.451823 0.816406 0.450521 0.816406 0.427083 0.815430 0.425781 0.815430 0.417969 0.814453 0.416667 0.814453 0.412760 0.811523 0.408854 0.809570 0.408854 0.808594 0.407552 0.807617 0.407552 0.806641 0.406250 0.804688 0.406250 0.803711 0.404948 0.798828 0.404948 0.797852 0.406250 0.795898 0.406250 0.794922 0.407552
0 0.821289 0.445312 0.818359 0.449219 0.817383 0.455729 0.813477 0.460938 0.813477 0.463542 0.812500 0.464844 0.812500 0.493490 0.811523 0.494792 0.811523 0.497396 0.815430 0.501302 0.820312 0.501302 0.821289 0.502604 0.825195 0.502604 0.829102 0.500000 0.831055 0.501302 0.837891 0.501302 0.841797 0.498698 0.848633 0.490885 0.848633 0.454427 0.847656 0.453125 0.847656 0.450521 0.843750 0.445312 0.841797 0.444010 0.824219 0.444010 0.823242 0.445312
0 0.857422 0.470052 0.851562 0.470052 0.850586 0.471354 0.850586 0.484375 0.851562 0.485677 0.850586 0.486979 0.849609 0.490885 0.838867 0.503906 0.838867 0.515625 0.839844 0.516927 0.839844 0.520833 0.840820 0.522135 0.840820 0.523438 0.843750 0.526042 0.846680 0.526042 0.847656 0.527344 0.850586 0.527344 0.851562 0.526042 0.853516 0.526042 0.855469 0.523438 0.858398 0.522135 0.864258 0.515625 0.865234 0.515625 0.867188 0.513021 0.870117 0.511719 0.872070 0.509115 0.875000 0.507812 0.876953 0.505208 0.876953 0.494792 0.875977 0.493490 0.875977 0.486979 0.874023 0.484375 0.871094 0.483073 0.869141 0.480469 0.866211 0.479167 0.864258 0.476562 0.862305 0.476562 0.860352 0.473958 0.859375 0.473958
0 0.830078 0.397135 0.829102 0.398438 0.830078 0.399740 0.832031 0.399740 0.835938 0.402344 0.834961 0.404948 0.831055 0.406250 0.829102 0.408854 0.829102 0.412760 0.830078 0.414062 0.830078 0.421875 0.831055 0.423177 0.831055 0.428385 0.832031 0.429688 0.832031 0.436198 0.833008 0.438802 0.836914 0.441406 0.844727 0.442708 0.847656 0.446615 0.855469 0.446615 0.865234 0.440104 0.867188 0.437500 0.871094 0.434896 0.871094 0.433594 0.873047 0.430990 0.875000 0.425781 0.875000 0.406250 0.874023 0.404948 0.873047 0.399740 0.868164 0.393229 0.866211 0.393229 0.865234 0.391927 0.847656 0.391927 0.846680 0.393229 0.840820 0.393229 0.837891 0.395833
0 0.881836 0.398438 0.881836 0.399740 0.883789 0.402344 0.883789 0.404948 0.885742 0.407552 0.885742 0.410156 0.884766 0.411458 0.884766 0.415365 0.883789 0.416667 0.883789 0.436198 0.884766 0.437500 0.887695 0.437500 0.890625 0.441406 0.891602 0.445312 0.897461 0.445312 0.898438 0.446615 0.915039 0.447917 0.919922 0.444010 0.920898 0.440104 0.926758 0.430990 0.926758 0.428385 0.927734 0.427083 0.927734 0.419271 0.926758 0.417969 0.926758 0.411458 0.925781 0.410156 0.925781 0.407552 0.918945 0.397135 0.916992 0.397135 0.913086 0.394531 0.906250 0.394531 0.902344 0.397135 0.883789 0.397135
0 0.931641 0.470052 0.914062 0.470052 0.913086 0.471354 0.908203 0.471354 0.907227 0.472656 0.902344 0.475260 0.902344 0.476562 0.900391 0.480469 0.899414 0.486979 0.896484 0.492188 0.896484 0.494792 0.897461 0.496094 0.897461 0.497396 0.896484 0.498698 0.896484 0.510417 0.897461 0.511719 0.897461 0.514323 0.899414 0.518229 0.902344 0.518229 0.903320 0.519531 0.907227 0.519531 0.908203 0.520833 0.910156 0.520833 0.911133 0.522135 0.912109 0.522135 0.913086 0.523438 0.915039 0.523438 0.916016 0.524740 0.916992 0.523438 0.919922 0.523438 0.922852 0.520833 0.924805 0.520833 0.925781 0.519531 0.926758 0.519531 0.930664 0.514323 0.931641 0.514323 0.931641 0.513021 0.933594 0.509115 0.933594 0.505208 0.934570 0.503906 0.934570 0.500000 0.935547 0.498698 0.935547 0.490885 0.936523 0.489583 0.936523 0.479167 0.935547 0.477865 0.934570 0.473958
0 0.950195 0.466146 0.946289 0.471354 0.945312 0.471354 0.938477 0.479167 0.938477 0.483073 0.937500 0.484375 0.937500 0.493490 0.936523 0.494792 0.936523 0.506510 0.942383 0.514323 0.942383 0.515625 0.944336 0.518229 0.945312 0.518229 0.949219 0.522135 0.951172 0.522135 0.952148 0.523438 0.962891 0.523438 0.963867 0.522135 0.964844 0.522135 0.964844 0.520833 0.966797 0.516927 0.966797 0.514323 0.969727 0.507812 0.970703 0.501302 0.972656 0.497396 0.972656 0.490885 0.971680 0.489583 0.971680 0.477865 0.969727 0.473958 0.967773 0.473958 0.964844 0.471354 0.962891 0.471354 0.958008 0.467448 0.956055 0.467448 0.955078 0.466146
0 0.863281 0.532552 0.862305 0.535156 0.866211 0.539062 0.865234 0.540365 0.865234 0.544271 0.863281 0.549479 0.863281 0.553385 0.860352 0.561198 0.860352 0.572917 0.866211 0.580729 0.875977 0.583333 0.881836 0.587240 0.883789 0.589844 0.892578 0.589844 0.893555 0.585938 0.897461 0.580729 0.897461 0.579427 0.901367 0.572917 0.905273 0.561198 0.907227 0.558594 0.909180 0.553385 0.909180 0.548177 0.907227 0.545573 0.906250 0.541667 0.904297 0.540365 0.898438 0.540365 0.897461 0.539062 0.894531 0.539062 0.886719 0.533854 0.884766 0.533854 0.883789 0.532552 0.879883 0.532552 0.878906 0.531250 0.875000 0.531250 0.874023 0.529948 0.871094 0.529948 0.870117 0.531250 0.865234 0.531250
0 0.938477 0.540365 0.928711 0.540365 0.927734 0.539062 0.926758 0.539062 0.925781 0.540365 0.922852 0.540365 0.917969 0.544271 0.916016 0.544271 0.914062 0.546875 0.914062 0.548177 0.912109 0.550781 0.910156 0.557292 0.908203 0.559896 0.908203 0.563802 0.906250 0.567708 0.906250 0.572917 0.905273 0.574219 0.906250 0.575521 0.906250 0.578125 0.907227 0.579427 0.907227 0.580729 0.910156 0.584635 0.911133 0.584635 0.913086 0.587240 0.914062 0.587240 0.916992 0.591146 0.917969 0.591146 0.920898 0.593750 0.924805 0.593750 0.925781 0.592448 0.927734 0.592448 0.929688 0.589844 0.930664 0.589844 0.931641 0.588542 0.933594 0.588542 0.934570 0.587240 0.945312 0.580729 0.947266 0.578125 0.948242 0.578125 0.952148 0.574219 0.952148 0.571615 0.953125 0.570312 0.953125 0.569010 0.952148 0.567708 0.952148 0.563802 0.951172 0.562500 0.951172 0.559896 0.949219 0.557292 0.949219 0.555990 0.946289 0.550781 0.946289 0.549479 0.940430 0.541667 0.939453 0.541667
0 0.967773 0.536458 0.958008 0.549479 0.957031 0.549479 0.956055 0.550781 0.956055 0.552083 0.954102 0.555990 0.954102 0.576823 0.955078 0.578125 0.956055 0.582031 0.960938 0.588542 0.961914 0.588542 0.962891 0.589844 0.964844 0.589844 0.965820 0.591146 0.980469 0.591146 0.981445 0.589844 0.984375 0.589844 0.985352 0.588542 0.985352 0.587240 0.989258 0.583333 0.990234 0.583333 0.994141 0.578125 0.994141 0.576823 0.995117 0.575521 0.995117 0.574219 0.994141 0.572917 0.994141 0.566406 0.993164 0.565104 0.992188 0.555990 0.991211 0.554688 0.991211 0.552083 0.990234 0.550781 0.990234 0.546875 0.989258 0.545573 0.989258 0.544271 0.986328 0.541667 0.984375 0.541667 0.983398 0.540365 0.980469 0.540365 0.979492 0.539062 0.976562 0.539062 0.973633 0.536458
0 0.999023 0.592448 0.997070 0.592448 0.993164 0.587240 0.989258 0.587240 0.987305 0.589844 0.985352 0.589844 0.984375 0.591146 0.982422 0.591146 0.981445 0.592448 0.973633 0.592448 0.972656 0.593750 0.971680 0.593750 0.968750 0.600260 0.968750 0.604167 0.967773 0.605469 0.966797 0.605469 0.966797 0.606771 0.965820 0.608073 0.965820 0.611979 0.967773 0.611979 0.970703 0.615885 0.969727 0.617188 0.969727 0.622396 0.970703 0.623698 0.970703 0.625000 0.972656 0.627604 0.973633 0.627604 0.974609 0.628906 0.979492 0.628906 0.980469 0.630208 0.983398 0.630208 0.984375 0.628906 0.993164 0.628906 0.994141 0.627604 0.999023 0.627604
0 0.875000 0.684896 0.875000 0.690104 0.875977 0.691406 0.876953 0.695312 0.878906 0.697917 0.879883 0.697917 0.880859 0.699219 0.886719 0.699219 0.889648 0.696615 0.893555 0.696615 0.894531 0.695312 0.899414 0.695312 0.900391 0.694010 0.905273 0.694010 0.906250 0.692708 0.908203 0.692708 0.910156 0.690104 0.911133 0.690104 0.912109 0.688802 0.912109 0.687500 0.913086 0.686198 0.913086 0.683594 0.914062 0.682292 0.914062 0.679688 0.915039 0.678385 0.915039 0.673177 0.913086 0.670573 0.913086 0.669271 0.912109 0.667969 0.911133 0.667969 0.908203 0.664062 0.907227 0.664062 0.905273 0.661458 0.904297 0.661458 0.903320 0.660156 0.902344 0.661458 0.897461 0.661458 0.896484 0.660156 0.892578 0.660156 0.889648 0.657552 0.887695 0.657552 0.886719 0.658854 0.885742 0.658854 0.884766 0.660156 0.884766 0.661458 0.880859 0.666667 0.880859 0.669271 0.879883 0.670573 0.879883 0.674479 0.878906 0.675781 0.878906 0.677083 0.876953 0.679688 0.876953 0.680990
