0 0.042969 0.334635 0.035156 0.345052 0.034180 0.348958 0.031250 0.352865 0.029297 0.359375 0.028320 0.377604 0.029297 0.378906 0.030273 0.385417 0.035156 0.397135 0.041016 0.403646 0.042969 0.403646 0.046875 0.406250 0.053711 0.406250 0.056641 0.403646 0.063477 0.403646 0.064453 0.402344 0.081055 0.402344 0.083984 0.397135 0.083984 0.393229 0.084961 0.391927 0.084961 0.367188 0.078125 0.364583 0.068359 0.356771 0.054688 0.339844 0.055664 0.337240 0.054688 0.334635 0.052734 0.333333 0.049805 0.333333 0.048828 0.332031
0 0.058594 0.317708 0.056641 0.322917 0.056641 0.333333 0.058594 0.339844 0.067383 0.352865 0.072266 0.355469 0.074219 0.358073 0.080078 0.361979 0.082031 0.361979 0.083008 0.363281 0.086914 0.363281 0.087891 0.364583 0.100586 0.364583 0.105469 0.361979 0.111328 0.361979 0.116211 0.356771 0.113281 0.350260 0.113281 0.329427 0.111328 0.326823 0.108398 0.319010 0.108398 0.313802 0.107422 0.312500 0.107422 0.309896 0.103516 0.304688 0.099609 0.302083 0.089844 0.302083 0.088867 0.303385 0.085938 0.303385 0.081055 0.307292 0.071289 0.307292 0.066406 0.311198 0.064453 0.311198
0 0.110352 0.365885 0.102539 0.371094 0.102539 0.372396 0.097656 0.378906 0.092773 0.391927 0.092773 0.394531 0.093750 0.395833 0.095703 0.406250 0.103516 0.424479 0.110352 0.429688 0.114258 0.429688 0.118164 0.433594 0.124023 0.433594 0.125977 0.434896 0.126953 0.432292 0.143555 0.408854 0.144531 0.404948 0.146484 0.402344 0.146484 0.397135 0.147461 0.395833 0.148438 0.386719 0.146484 0.384115 0.146484 0.382812 0.143555 0.380208 0.140625 0.372396 0.132812 0.367188 0.130859 0.367188 0.129883 0.365885 0.121094 0.365885 0.120117 0.364583 0.114258 0.364583 0.113281 0.365885
0 0.083008 0.406250 0.082031 0.411458 0.081055 0.412760 0.081055 0.429688 0.082031 0.430990 0.082031 0.434896 0.083984 0.440104 0.085938 0.442708 0.087891 0.447917 0.090820 0.451823 0.092773 0.451823 0.093750 0.453125 0.103516 0.453125 0.104492 0.454427 0.117188 0.454427 0.118164 0.453125 0.123047 0.454427 0.124023 0.453125 0.126953 0.453125 0.128906 0.450521 0.128906 0.441406 0.129883 0.440104 0.126953 0.432292 0.125977 0.432292 0.125000 0.434896 0.123047 0.436198 0.120117 0.436198 0.119141 0.437500 0.113281 0.432292 0.110352 0.432292 0.107422 0.428385 0.103516 0.425781 0.101562 0.423177 0.100586 0.419271 0.097656 0.415365 0.095703 0.410156 0.095703 0.407552 0.091797 0.397135 0.090820 0.397135 0.087891 0.401042 0.086914 0.401042
0 0.146484 0.412760 0.140625 0.420573 0.136719 0.433594 0.136719 0.438802 0.139648 0.442708 0.143555 0.454427 0.154297 0.467448 0.161133 0.470052 0.166016 0.473958 0.168945 0.473958 0.169922 0.475260 0.177734 0.475260 0.178711 0.473958 0.180664 0.473958 0.183594 0.470052 0.183594 0.464844 0.185547 0.462240 0.186523 0.454427 0.187500 0.453125 0.189453 0.442708 0.191406 0.438802 0.186523 0.429688 0.186523 0.420573 0.187500 0.419271 0.186523 0.417969 0.183594 0.417969 0.177734 0.423177 0.177734 0.425781 0.178711 0.427083 0.178711 0.430990 0.177734 0.432292 0.172852 0.425781 0.169922 0.424479 0.166016 0.417969 0.169922 0.414062 0.168945 0.408854 0.165039 0.408854 0.164062 0.407552 0.154297 0.407552
0 0.201172 0.432292 0.194336 0.440104 0.192383 0.446615 0.188477 0.453125 0.188477 0.457031 0.185547 0.463542 0.185547 0.472656 0.186523 0.475260 0.192383 0.480469 0.198242 0.488281 0.199219 0.488281 0.207031 0.500000 0.211914 0.503906 0.219727 0.503906 0.229492 0.498698 0.238281 0.488281 0.241211 0.481771 0.243164 0.481771 0.244141 0.480469 0.243164 0.479167 0.243164 0.467448 0.245117 0.463542 0.245117 0.459635 0.240234 0.445312 0.236328 0.437500 0.232422 0.434896 0.217773 0.434896 0.216797 0.433594 0.210938 0.433594 0.207031 0.430990
0 0.210938 0.364583 0.208984 0.367188 0.204102 0.380208 0.204102 0.382812 0.200195 0.393229 0.199219 0.399740 0.195312 0.408854 0.195312 0.414062 0.196289 0.416667 0.203125 0.425781 0.207031 0.427083 0.208008 0.428385 0.209961 0.428385 0.210938 0.429688 0.212891 0.429688 0.213867 0.430990 0.231445 0.430990 0.232422 0.429688 0.236328 0.428385 0.238281 0.425781 0.240234 0.425781 0.246094 0.417969 0.247070 0.417969 0.250000 0.412760 0.249023 0.411458 0.249023 0.406250 0.248047 0.404948 0.248047 0.399740 0.249023 0.398438 0.249023 0.390625 0.247070 0.388021 0.243164 0.386719 0.236328 0.378906 0.229492 0.373698 0.224609 0.367188 0.222656 0.367188 0.218750 0.364583 0.214844 0.364583 0.213867 0.363281
0 0.283203 0.399740 0.279297 0.401042 0.274414 0.406250 0.270508 0.406250 0.267578 0.403646 0.264648 0.406250 0.262695 0.406250 0.260742 0.410156 0.250000 0.424479 0.247070 0.430990 0.247070 0.434896 0.246094 0.436198 0.246094 0.445312 0.247070 0.446615 0.247070 0.450521 0.250000 0.457031 0.250000 0.459635 0.255859 0.468750 0.256836 0.468750 0.262695 0.475260 0.265625 0.475260 0.266602 0.476562 0.270508 0.475260 0.285156 0.462240 0.288086 0.460938 0.291016 0.457031 0.293945 0.455729 0.295898 0.453125 0.296875 0.447917 0.301758 0.440104 0.301758 0.429688 0.299805 0.424479 0.299805 0.419271 0.291016 0.406250
0 0.154297 0.311198 0.153320 0.312500 0.153320 0.316406 0.151367 0.320312 0.149414 0.321615 0.141602 0.321615 0.139648 0.322917 0.134766 0.335938 0.134766 0.342448 0.138672 0.352865 0.138672 0.355469 0.141602 0.361979 0.141602 0.364583 0.144531 0.371094 0.144531 0.373698 0.146484 0.376302 0.147461 0.380208 0.151367 0.385417 0.153320 0.385417 0.157227 0.388021 0.160156 0.388021 0.165039 0.391927 0.170898 0.391927 0.176758 0.386719 0.177734 0.382812 0.180664 0.377604 0.185547 0.376302 0.189453 0.371094 0.192383 0.371094 0.192383 0.368490 0.193359 0.367188 0.192383 0.360677 0.190430 0.359375 0.188477 0.352865 0.180664 0.341146 0.178711 0.334635 0.172852 0.326823 0.172852 0.325521 0.164062 0.315104 0.163086 0.312500 0.161133 0.311198
0 0.168945 0.294271 0.168945 0.305990 0.167969 0.307292 0.167969 0.313802 0.169922 0.316406 0.169922 0.319010 0.177734 0.328125 0.177734 0.329427 0.180664 0.333333 0.182617 0.339844 0.185547 0.343750 0.186523 0.343750 0.190430 0.350260 0.192383 0.351562 0.196289 0.351562 0.197266 0.352865 0.207031 0.352865 0.208008 0.354167 0.208984 0.352865 0.211914 0.352865 0.216797 0.348958 0.219727 0.348958 0.223633 0.343750 0.224609 0.341146 0.224609 0.335938 0.225586 0.334635 0.225586 0.320312 0.224609 0.319010 0.224609 0.315104 0.221680 0.308594 0.219727 0.307292 0.216797 0.307292 0.212891 0.309896 0.210938 0.307292 0.209961 0.303385 0.205078 0.298177 0.203125 0.298177 0.202148 0.296875 0.200195 0.296875 0.190430 0.291667 0.186523 0.291667 0.177734 0.286458 0.174805 0.289062 0.172852 0.289062
0 0.122070 0.226562 0.121094 0.234375 0.122070 0.235677 0.123047 0.244792 0.125977 0.251302 0.127930 0.259115 0.133789 0.269531 0.135742 0.278646 0.137695 0.282552 0.141602 0.285156 0.144531 0.285156 0.151367 0.289062 0.156250 0.289062 0.157227 0.290365 0.163086 0.286458 0.172852 0.283854 0.177734 0.279948 0.177734 0.269531 0.176758 0.268229 0.176758 0.261719 0.175781 0.260417 0.176758 0.251302 0.172852 0.244792 0.171875 0.239583 0.169922 0.236979 0.169922 0.231771 0.161133 0.225260 0.158203 0.225260 0.155273 0.221354 0.157227 0.217448 0.162109 0.217448 0.164062 0.214844 0.163086 0.212240 0.157227 0.212240 0.156250 0.213542 0.148438 0.214844 0.145508 0.212240 0.137695 0.210938 0.136719 0.213542 0.134766 0.213542 0.126953 0.223958
0 0.160156 0.131510 0.159180 0.136719 0.155273 0.140625 0.153320 0.144531 0.153320 0.153646 0.160156 0.180990 0.162109 0.184896 0.162109 0.188802 0.166016 0.200521 0.166992 0.207031 0.170898 0.210938 0.179688 0.212240 0.180664 0.213542 0.199219 0.213542 0.200195 0.212240 0.204102 0.212240 0.206055 0.210938 0.206055 0.205729 0.208008 0.200521 0.208008 0.192708 0.210938 0.183594 0.210938 0.179688 0.206055 0.162760 0.194336 0.149740 0.190430 0.139323 0.187500 0.135417 0.178711 0.131510 0.171875 0.131510 0.166016 0.128906
0 0.263672 0.161458 0.261719 0.164062 0.259766 0.164062 0.252930 0.171875 0.250000 0.173177 0.246094 0.179688 0.246094 0.184896 0.247070 0.186198 0.247070 0.195312 0.246094 0.196615 0.246094 0.199219 0.247070 0.200521 0.248047 0.212240 0.251953 0.223958 0.261719 0.235677 0.268555 0.239583 0.271484 0.239583 0.272461 0.240885 0.280273 0.240885 0.286133 0.236979 0.289062 0.233073 0.291992 0.226562 0.291992 0.218750 0.291016 0.217448 0.291016 0.179688 0.287109 0.173177 0.285156 0.171875 0.282227 0.171875 0.277344 0.166667 0.271484 0.162760
0 0.314453 0.204427 0.306641 0.213542 0.305664 0.217448 0.302734 0.221354 0.301758 0.226562 0.295898 0.235677 0.295898 0.240885 0.294922 0.243490 0.295898 0.244792 0.296875 0.252604 0.299805 0.260417 0.301758 0.263021 0.303711 0.269531 0.311523 0.281250 0.313477 0.282552 0.317383 0.282552 0.318359 0.281250 0.324219 0.279948 0.329102 0.274740 0.334961 0.270833 0.337891 0.270833 0.348633 0.264323 0.350586 0.261719 0.350586 0.259115 0.351562 0.257812 0.351562 0.246094 0.353516 0.242188 0.353516 0.239583 0.350586 0.230469 0.342773 0.220052 0.335938 0.216146 0.334961 0.214844 0.334961 0.210938 0.333008 0.208333 0.324219 0.210938 0.320312 0.208333 0.317383 0.208333
0 0.349609 0.128906 0.343750 0.134115 0.340820 0.141927 0.335938 0.149740 0.331055 0.161458 0.329102 0.164062 0.328125 0.167969 0.326172 0.170573 0.325195 0.177083 0.324219 0.178385 0.324219 0.190104 0.325195 0.190104 0.328125 0.194010 0.328125 0.195312 0.336914 0.209635 0.343750 0.209635 0.344727 0.208333 0.365234 0.208333 0.366211 0.207031 0.368164 0.207031 0.374023 0.197917 0.375000 0.194010 0.379883 0.184896 0.382812 0.174479 0.382812 0.167969 0.375000 0.156250 0.374023 0.151042 0.364258 0.139323 0.357422 0.134115 0.353516 0.132812
0 0.387695 0.196615 0.384766 0.200521 0.382812 0.207031 0.378906 0.212240 0.375000 0.225260 0.375000 0.235677 0.375977 0.236979 0.375977 0.240885 0.377930 0.247396 0.384766 0.257812 0.390625 0.261719 0.397461 0.269531 0.415039 0.268229 0.422852 0.264323 0.434570 0.247396 0.436523 0.242188 0.435547 0.233073 0.434570 0.231771 0.434570 0.223958 0.428711 0.210938 0.419922 0.200521 0.415039 0.203125 0.408203 0.203125 0.406250 0.200521 0.404297 0.200521 0.401367 0.197917 0.398438 0.197917 0.397461 0.196615
0 0.400391 0.123698 0.395508 0.128906 0.395508 0.131510 0.391602 0.138021 0.391602 0.141927 0.390625 0.144531 0.387695 0.148438 0.389648 0.152344 0.389648 0.154948 0.388672 0.157552 0.386719 0.158854 0.386719 0.165365 0.385742 0.166667 0.385742 0.169271 0.388672 0.174479 0.391602 0.183594 0.403320 0.196615 0.407227 0.199219 0.417969 0.199219 0.418945 0.197917 0.420898 0.197917 0.422852 0.196615 0.429688 0.186198 0.435547 0.174479 0.435547 0.171875 0.439453 0.164062 0.441406 0.157552 0.440430 0.145833 0.438477 0.140625 0.424805 0.125000 0.422852 0.125000 0.419922 0.122396 0.408203 0.122396 0.403320 0.125000 0.402344 0.123698
0 0.452148 0.167969 0.451172 0.169271 0.451172 0.178385 0.449219 0.180990 0.445312 0.180990 0.443359 0.174479 0.441406 0.182292 0.439453 0.184896 0.439453 0.190104 0.440430 0.191406 0.439453 0.214844 0.442383 0.225260 0.447266 0.233073 0.457031 0.239583 0.468750 0.244792 0.473633 0.244792 0.485352 0.238281 0.486328 0.235677 0.492188 0.229167 0.496094 0.218750 0.496094 0.200521 0.495117 0.199219 0.495117 0.191406 0.491211 0.178385 0.490234 0.177083 0.485352 0.177083 0.482422 0.174479 0.482422 0.169271 0.479492 0.166667 0.476562 0.166667 0.475586 0.165365 0.464844 0.164062 0.457031 0.167969
0 0.439453 0.244792 0.428711 0.260417 0.428711 0.263021 0.427734 0.264323 0.427734 0.272135 0.433594 0.291667 0.441406 0.307292 0.443359 0.309896 0.445312 0.309896 0.446289 0.311198 0.452148 0.311198 0.453125 0.312500 0.456055 0.312500 0.460938 0.315104 0.469727 0.315104 0.473633 0.312500 0.484375 0.298177 0.484375 0.295573 0.485352 0.294271 0.485352 0.273438 0.483398 0.269531 0.482422 0.256510 0.475586 0.247396 0.463867 0.247396 0.462891 0.246094 0.459961 0.246094 0.458984 0.244792 0.452148 0.243490 0.451172 0.242188 0.443359 0.242188
0 0.492188 0.291667 0.490234 0.292969 0.489258 0.295573 0.483398 0.303385 0.482422 0.303385 0.482422 0.304688 0.478516 0.309896 0.477539 0.309896 0.477539 0.311198 0.473633 0.316406 0.472656 0.319010 0.473633 0.332031 0.477539 0.339844 0.483398 0.343750 0.488281 0.345052 0.493164 0.348958 0.495117 0.348958 0.498047 0.351562 0.505859 0.354167 0.508789 0.356771 0.513672 0.355469 0.513672 0.354167 0.515625 0.351562 0.516602 0.351562 0.521484 0.343750 0.524414 0.335938 0.524414 0.332031 0.525391 0.330729 0.525391 0.326823 0.524414 0.325521 0.523438 0.317708 0.522461 0.316406 0.522461 0.309896 0.521484 0.308594 0.521484 0.305990 0.518555 0.300781 0.511719 0.295573 0.505859 0.294271 0.501953 0.291667
0 0.374023 0.255208 0.370117 0.257812 0.366211 0.263021 0.365234 0.266927 0.363281 0.269531 0.360352 0.270833 0.357422 0.274740 0.354492 0.283854 0.354492 0.303385 0.357422 0.311198 0.365234 0.322917 0.372070 0.325521 0.377930 0.330729 0.383789 0.330729 0.386719 0.328125 0.388672 0.328125 0.395508 0.324219 0.402344 0.316406 0.405273 0.315104 0.406250 0.312500 0.406250 0.307292 0.407227 0.305990 0.406250 0.303385 0.406250 0.294271 0.405273 0.292969 0.406250 0.291667 0.406250 0.287760 0.405273 0.286458 0.404297 0.279948 0.401367 0.273438 0.387695 0.264323 0.379883 0.255208
0 0.435547 0.309896 0.421875 0.309896 0.420898 0.311198 0.415039 0.312500 0.411133 0.317708 0.401367 0.345052 0.400391 0.352865 0.399414 0.354167 0.399414 0.359375 0.398438 0.360677 0.398438 0.369792 0.402344 0.382812 0.411133 0.390625 0.420898 0.390625 0.421875 0.391927 0.426758 0.391927 0.427734 0.390625 0.430664 0.390625 0.435547 0.388021 0.443359 0.377604 0.444336 0.373698 0.447266 0.368490 0.447266 0.364583 0.449219 0.359375 0.453125 0.352865 0.454102 0.343750 0.455078 0.342448 0.454102 0.335938 0.450195 0.330729 0.448242 0.324219 0.445312 0.320312 0.444336 0.316406 0.441406 0.312500 0.439453 0.312500
0 0.348633 0.308594 0.348633 0.312500 0.349609 0.313802 0.348633 0.315104 0.343750 0.315104 0.342773 0.316406 0.338867 0.316406 0.337891 0.315104 0.328125 0.315104 0.327148 0.316406 0.323242 0.316406 0.321289 0.317708 0.318359 0.313802 0.317383 0.315104 0.317383 0.317708 0.313477 0.321615 0.309570 0.329427 0.308594 0.341146 0.309570 0.342448 0.309570 0.355469 0.311523 0.361979 0.320312 0.372396 0.324219 0.375000 0.325195 0.377604 0.328125 0.380208 0.328125 0.381510 0.333008 0.385417 0.339844 0.382812 0.347656 0.372396 0.349609 0.371094 0.354492 0.356771 0.357422 0.352865 0.363281 0.337240 0.363281 0.329427 0.361328 0.324219 0.358398 0.321615 0.354492 0.313802 0.351562 0.312500
0 0.248047 0.329427 0.240234 0.350260 0.240234 0.359375 0.241211 0.360677 0.241211 0.364583 0.243164 0.371094 0.247070 0.376302 0.250000 0.384115 0.251953 0.386719 0.256836 0.388021 0.261719 0.391927 0.265625 0.391927 0.269531 0.389323 0.276367 0.389323 0.277344 0.388021 0.284180 0.386719 0.288086 0.384115 0.292969 0.376302 0.292969 0.372396 0.294922 0.368490 0.295898 0.359375 0.298828 0.356771 0.298828 0.346354 0.297852 0.346354 0.295898 0.350260 0.291992 0.350260 0.289062 0.346354 0.287109 0.341146 0.287109 0.337240 0.286133 0.334635 0.282227 0.332031 0.278320 0.332031 0.274414 0.329427 0.269531 0.329427 0.268555 0.328125 0.261719 0.328125 0.255859 0.332031 0.250000 0.332031
0 0.303711 0.367188 0.301758 0.369792 0.301758 0.371094 0.293945 0.381510 0.293945 0.382812 0.299805 0.397135 0.301758 0.407552 0.305664 0.417969 0.305664 0.423177 0.311523 0.427083 0.315430 0.427083 0.316406 0.428385 0.321289 0.428385 0.322266 0.429688 0.328125 0.429688 0.329102 0.428385 0.337891 0.428385 0.338867 0.427083 0.340820 0.427083 0.341797 0.424479 0.341797 0.421875 0.340820 0.420573 0.340820 0.416667 0.335938 0.404948 0.335938 0.402344 0.333008 0.397135 0.331055 0.386719 0.329102 0.384115 0.328125 0.384115 0.321289 0.375000 0.317383 0.373698 0.314453 0.369792 0.314453 0.368490 0.310547 0.364583 0.307617 0.364583
0 0.365234 0.354167 0.358398 0.369792 0.353516 0.373698 0.351562 0.377604 0.350586 0.394531 0.351562 0.395833 0.351562 0.401042 0.352539 0.402344 0.352539 0.404948 0.355469 0.410156 0.356445 0.414062 0.358398 0.415365 0.366211 0.415365 0.367188 0.416667 0.369141 0.416667 0.370117 0.417969 0.374023 0.417969 0.375000 0.419271 0.390625 0.419271 0.391602 0.417969 0.395508 0.417969 0.398438 0.414062 0.398438 0.411458 0.400391 0.407552 0.400391 0.402344 0.401367 0.401042 0.401367 0.394531 0.402344 0.391927 0.399414 0.384115 0.398438 0.377604 0.394531 0.367188 0.391602 0.364583 0.388672 0.364583 0.387695 0.363281 0.381836 0.363281 0.377930 0.360677 0.375977 0.360677 0.372070 0.363281 0.368164 0.360677 0.368164 0.358073 0.370117 0.356771
0 0.404297 0.399740 0.403320 0.402344 0.403320 0.406250 0.402344 0.407552 0.402344 0.419271 0.403320 0.420573 0.403320 0.427083 0.404297 0.428385 0.404297 0.430990 0.405273 0.433594 0.411133 0.442708 0.413086 0.444010 0.415039 0.444010 0.416016 0.445312 0.418945 0.445312 0.419922 0.446615 0.425781 0.446615 0.426758 0.445312 0.432617 0.445312 0.434570 0.446615 0.435547 0.445312 0.437500 0.445312 0.444336 0.436198 0.445312 0.436198 0.446289 0.433594 0.448242 0.432292 0.449219 0.429688 0.449219 0.425781 0.450195 0.424479 0.450195 0.417969 0.453125 0.414062 0.453125 0.408854 0.450195 0.406250 0.447266 0.406250 0.446289 0.404948 0.442383 0.404948 0.427734 0.394531 0.421875 0.394531 0.420898 0.393229 0.410156 0.393229
0 0.457031 0.386719 0.457031 0.389323 0.455078 0.393229 0.455078 0.412760 0.456055 0.414062 0.458008 0.424479 0.462891 0.433594 0.464844 0.434896 0.495117 0.434896 0.497070 0.436198 0.501953 0.432292 0.504883 0.424479 0.504883 0.420573 0.505859 0.419271 0.505859 0.404948 0.504883 0.403646 0.504883 0.398438 0.501953 0.397135 0.498047 0.391927 0.493164 0.391927 0.490234 0.388021 0.488281 0.388021 0.487305 0.386719 0.480469 0.386719 0.479492 0.385417 0.468750 0.385417 0.467773 0.386719 0.462891 0.386719 0.461914 0.385417 0.458008 0.385417
0 0.446289 0.440104 0.444336 0.445312 0.443359 0.451823 0.442383 0.453125 0.443359 0.459635 0.452148 0.470052 0.455078 0.471354 0.458008 0.475260 0.458984 0.475260 0.466797 0.483073 0.468750 0.483073 0.469727 0.484375 0.471680 0.483073 0.474609 0.483073 0.477539 0.480469 0.479492 0.480469 0.483398 0.477865 0.485352 0.475260 0.487305 0.468750 0.489258 0.466146 0.490234 0.459635 0.493164 0.454427 0.497070 0.444010 0.496094 0.442708 0.496094 0.440104 0.493164 0.437500 0.492188 0.438802 0.489258 0.438802 0.488281 0.437500 0.483398 0.437500 0.482422 0.436198 0.464844 0.436198 0.463867 0.434896 0.461914 0.434896 0.458984 0.430990 0.457031 0.432292 0.454102 0.432292 0.452148 0.434896 0.449219 0.436198
0 0.403320 0.449219 0.393555 0.475260 0.393555 0.485677 0.396484 0.489583 0.399414 0.496094 0.407227 0.507812 0.410156 0.509115 0.416992 0.515625 0.437500 0.515625 0.440430 0.513021 0.444336 0.507812 0.447266 0.500000 0.447266 0.497396 0.449219 0.492188 0.449219 0.477865 0.450195 0.476562 0.441406 0.458333 0.437500 0.453125 0.432617 0.449219 0.418945 0.449219 0.417969 0.447917 0.412109 0.446615 0.411133 0.445312 0.410156 0.446615 0.407227 0.446615
0 0.353516 0.419271 0.350586 0.425781 0.350586 0.428385 0.349609 0.429688 0.349609 0.432292 0.347656 0.437500 0.347656 0.441406 0.346680 0.442708 0.346680 0.451823 0.344727 0.455729 0.344727 0.459635 0.345703 0.460938 0.345703 0.468750 0.346680 0.471354 0.348633 0.473958 0.352539 0.476562 0.354492 0.476562 0.355469 0.477865 0.373047 0.477865 0.374023 0.476562 0.375977 0.476562 0.379883 0.473958 0.393555 0.455729 0.393555 0.453125 0.395508 0.450521 0.395508 0.446615 0.396484 0.445312 0.393555 0.440104 0.393555 0.437500 0.392578 0.436198 0.390625 0.425781 0.384766 0.421875 0.378906 0.421875 0.377930 0.420573 0.370117 0.420573 0.369141 0.419271
0 0.317383 0.433594 0.314453 0.436198 0.310547 0.437500 0.303711 0.446615 0.302734 0.450521 0.297852 0.458333 0.297852 0.460938 0.295898 0.466146 0.295898 0.471354 0.293945 0.476562 0.294922 0.477865 0.294922 0.480469 0.297852 0.484375 0.307617 0.490885 0.316406 0.493490 0.324219 0.498698 0.327148 0.498698 0.328125 0.500000 0.333984 0.500000 0.335938 0.497396 0.338867 0.496094 0.341797 0.492188 0.344727 0.483073 0.344727 0.476562 0.343750 0.475260 0.343750 0.463542 0.342773 0.462240 0.342773 0.458333 0.340820 0.454427 0.343750 0.445312 0.340820 0.441406 0.337891 0.440104 0.333984 0.436198 0.332031 0.436198 0.328125 0.433594
0 0.247070 0.506510 0.246094 0.510417 0.244141 0.511719 0.244141 0.515625 0.245117 0.516927 0.244141 0.519531 0.244141 0.526042 0.246094 0.531250 0.246094 0.535156 0.250977 0.544271 0.254883 0.545573 0.259766 0.549479 0.262695 0.549479 0.263672 0.550781 0.269531 0.550781 0.270508 0.552083 0.279297 0.552083 0.280273 0.553385 0.286133 0.553385 0.288086 0.552083 0.291016 0.548177 0.291016 0.546875 0.295898 0.541667 0.296875 0.536458 0.297852 0.535156 0.297852 0.529948 0.298828 0.527344 0.296875 0.523438 0.295898 0.518229 0.290039 0.514323 0.288086 0.511719 0.285156 0.503906 0.283203 0.502604 0.276367 0.502604 0.275391 0.501302 0.268555 0.501302 0.266602 0.500000 0.265625 0.501302 0.259766 0.501302 0.251953 0.507812 0.250977 0.507812 0.249023 0.505208
0 0.236328 0.501302 0.233398 0.501302 0.232422 0.500000 0.231445 0.501302 0.229492 0.501302 0.228516 0.502604 0.226562 0.502604 0.225586 0.503906 0.223633 0.503906 0.219727 0.506510 0.210938 0.506510 0.209961 0.505208 0.207031 0.505208 0.204102 0.507812 0.204102 0.509115 0.202148 0.511719 0.200195 0.516927 0.200195 0.519531 0.201172 0.520833 0.201172 0.529948 0.202148 0.531250 0.202148 0.537760 0.204102 0.541667 0.204102 0.544271 0.205078 0.546875 0.211914 0.555990 0.211914 0.557292 0.212891 0.557292 0.216797 0.561198 0.220703 0.561198 0.221680 0.562500 0.225586 0.562500 0.226562 0.563802 0.231445 0.561198 0.234375 0.555990 0.234375 0.554688 0.239258 0.548177 0.241211 0.542969 0.244141 0.539062 0.244141 0.529948 0.243164 0.528646 0.243164 0.526042 0.242188 0.524740 0.242188 0.522135 0.240234 0.516927 0.241211 0.514323 0.241211 0.509115 0.239258 0.503906
0 0.176758 0.511719 0.174805 0.514323 0.174805 0.516927 0.172852 0.520833 0.172852 0.523438 0.170898 0.526042 0.170898 0.536458 0.176758 0.552083 0.180664 0.557292 0.182617 0.557292 0.194336 0.565104 0.200195 0.565104 0.206055 0.569010 0.208984 0.569010 0.208984 0.567708 0.210938 0.565104 0.211914 0.558594 0.203125 0.544271 0.203125 0.541667 0.202148 0.540365 0.202148 0.536458 0.201172 0.535156 0.201172 0.528646 0.200195 0.527344 0.201172 0.523438 0.196289 0.516927 0.196289 0.515625 0.192383 0.511719 0.192383 0.509115 0.190430 0.506510 0.184570 0.506510 0.181641 0.510417 0.178711 0.510417
0 0.162109 0.480469 0.160156 0.480469 0.157227 0.477865 0.157227 0.484375 0.156250 0.485677 0.151367 0.485677 0.144531 0.481771 0.140625 0.481771 0.139648 0.483073 0.134766 0.484375 0.129883 0.488281 0.125977 0.488281 0.125000 0.489583 0.121094 0.489583 0.119141 0.485677 0.114258 0.493490 0.114258 0.502604 0.119141 0.510417 0.122070 0.518229 0.134766 0.533854 0.138672 0.536458 0.141602 0.536458 0.142578 0.537760 0.153320 0.537760 0.158203 0.533854 0.160156 0.533854 0.163086 0.529948 0.166016 0.528646 0.168945 0.523438 0.167969 0.515625 0.169922 0.513021 0.169922 0.492188 0.168945 0.490885 0.165039 0.494792 0.162109 0.490885 0.164062 0.488281 0.164062 0.485677
0 0.109375 0.532552 0.109375 0.535156 0.112305 0.541667 0.115234 0.542969 0.119141 0.548177 0.122070 0.549479 0.124023 0.552083 0.126953 0.553385 0.130859 0.557292 0.150391 0.557292 0.151367 0.555990 0.153320 0.555990 0.154297 0.554688 0.158203 0.554688 0.160156 0.552083 0.161133 0.552083 0.164062 0.548177 0.164062 0.546875 0.165039 0.545573 0.165039 0.540365 0.164062 0.539062 0.163086 0.535156 0.161133 0.535156 0.160156 0.536458 0.157227 0.536458 0.156250 0.537760 0.152344 0.537760 0.151367 0.539062 0.139648 0.539062 0.138672 0.537760 0.136719 0.537760 0.135742 0.536458 0.134766 0.536458 0.132812 0.533854 0.132812 0.532552 0.131836 0.532552 0.124023 0.520833 0.120117 0.520833 0.119141 0.522135 0.118164 0.522135 0.111328 0.531250 0.110352 0.531250
0 0.169922 0.555990 0.167969 0.557292 0.163086 0.563802 0.162109 0.566406 0.162109 0.569010 0.160156 0.571615 0.158203 0.576823 0.158203 0.589844 0.161133 0.593750 0.164062 0.595052 0.168945 0.600260 0.172852 0.610677 0.172852 0.613281 0.174805 0.615885 0.176758 0.617188 0.182617 0.617188 0.183594 0.615885 0.186523 0.615885 0.187500 0.614583 0.189453 0.614583 0.196289 0.608073 0.197266 0.608073 0.199219 0.605469 0.200195 0.605469 0.202148 0.601562 0.202148 0.593750 0.203125 0.592448 0.203125 0.589844 0.202148 0.588542 0.202148 0.580729 0.199219 0.574219 0.200195 0.572917 0.200195 0.570312 0.198242 0.569010 0.196289 0.569010 0.193359 0.566406 0.191406 0.566406 0.188477 0.563802 0.186523 0.563802 0.178711 0.558594 0.176758 0.555990
0 0.214844 0.563802 0.211914 0.567708 0.209961 0.572917 0.209961 0.575521 0.205078 0.587240 0.205078 0.589844 0.204102 0.591146 0.204102 0.605469 0.206055 0.606771 0.207031 0.609375 0.212891 0.617188 0.212891 0.618490 0.217773 0.623698 0.218750 0.627604 0.222656 0.630208 0.235352 0.630208 0.239258 0.623698 0.243164 0.613281 0.248047 0.606771 0.249023 0.604167 0.249023 0.600260 0.250000 0.598958 0.250000 0.596354 0.249023 0.593750 0.244141 0.591146 0.236328 0.583333 0.234375 0.578125 0.234375 0.572917 0.229492 0.567708 0.227539 0.567708 0.226562 0.566406 0.224609 0.566406 0.220703 0.563802
0 0.236328 0.580729 0.237305 0.583333 0.238281 0.583333 0.245117 0.589844 0.247070 0.589844 0.250977 0.592448 0.261719 0.592448 0.262695 0.591146 0.264648 0.591146 0.266602 0.589844 0.268555 0.587240 0.269531 0.587240 0.270508 0.584635 0.274414 0.587240 0.277344 0.583333 0.281250 0.580729 0.287109 0.570312 0.287109 0.566406 0.282227 0.566406 0.280273 0.563802 0.280273 0.561198 0.281250 0.559896 0.283203 0.559896 0.282227 0.558594 0.280273 0.561198 0.279297 0.561198 0.277344 0.558594 0.274414 0.557292 0.270508 0.553385 0.268555 0.553385 0.267578 0.552083 0.262695 0.552083 0.259766 0.549479 0.257812 0.549479 0.256836 0.548177 0.251953 0.546875 0.249023 0.544271 0.247070 0.544271 0.245117 0.545573 0.242188 0.553385 0.242188 0.557292 0.237305 0.569010 0.237305 0.572917 0.236328 0.574219
0 0.261719 0.595052 0.261719 0.600260 0.262695 0.601562 0.263672 0.605469 0.267578 0.611979 0.269531 0.618490 0.274414 0.626302 0.276367 0.626302 0.277344 0.627604 0.279297 0.627604 0.280273 0.628906 0.283203 0.628906 0.284180 0.630208 0.288086 0.630208 0.289062 0.628906 0.291016 0.628906 0.291992 0.627604 0.294922 0.627604 0.295898 0.626302 0.298828 0.626302 0.299805 0.625000 0.300781 0.625000 0.303711 0.619792 0.303711 0.606771 0.300781 0.601562 0.300781 0.600260 0.297852 0.596354 0.297852 0.593750 0.296875 0.592448 0.296875 0.588542 0.294922 0.585938 0.290039 0.585938 0.289062 0.584635 0.287109 0.584635 0.286133 0.583333 0.284180 0.583333 0.283203 0.582031 0.282227 0.582031 0.280273 0.584635 0.279297 0.584635 0.276367 0.589844 0.275391 0.589844 0.274414 0.591146 0.266602 0.591146 0.265625 0.592448 0.263672 0.592448
0 0.253906 0.626302 0.253906 0.628906 0.252930 0.630208 0.252930 0.635417 0.251953 0.636719 0.251953 0.644531 0.252930 0.645833 0.252930 0.649740 0.253906 0.651042 0.255859 0.657552 0.257812 0.660156 0.258789 0.660156 0.262695 0.665365 0.263672 0.665365 0.264648 0.666667 0.273438 0.666667 0.282227 0.660156 0.284180 0.660156 0.285156 0.658854 0.286133 0.658854 0.288086 0.656250 0.290039 0.656250 0.291016 0.654948 0.291992 0.654948 0.293945 0.652344 0.293945 0.643229 0.292969 0.641927 0.291992 0.635417 0.289062 0.631510 0.283203 0.631510 0.282227 0.630208 0.280273 0.630208 0.279297 0.628906 0.276367 0.628906 0.275391 0.627604 0.274414 0.627604 0.266602 0.618490 0.263672 0.622396 0.261719 0.622396 0.260742 0.623698 0.255859 0.623698
0 0.297852 0.584635 0.297852 0.593750 0.298828 0.595052 0.298828 0.596354 0.301758 0.600260 0.301758 0.601562 0.305664 0.606771 0.308594 0.606771 0.309570 0.608073 0.311523 0.608073 0.312500 0.609375 0.315430 0.610677 0.317383 0.613281 0.319336 0.613281 0.324219 0.617188 0.327148 0.617188 0.328125 0.618490 0.330078 0.618490 0.331055 0.617188 0.333008 0.617188 0.333984 0.615885 0.336914 0.614583 0.338867 0.611979 0.338867 0.610677 0.342773 0.605469 0.342773 0.602865 0.343750 0.601562 0.343750 0.593750 0.342773 0.592448 0.342773 0.589844 0.339844 0.583333 0.339844 0.579427 0.337891 0.575521 0.335938 0.575521 0.334961 0.576823 0.333008 0.576823 0.332031 0.578125 0.327148 0.578125 0.326172 0.576823 0.324219 0.576823 0.323242 0.575521 0.320312 0.575521 0.319336 0.574219 0.306641 0.574219 0.304688 0.576823 0.303711 0.576823
0 0.301758 0.648438 0.301758 0.649740 0.300781 0.651042 0.300781 0.653646 0.301758 0.654948 0.301758 0.656250 0.306641 0.662760 0.307617 0.666667 0.313477 0.674479 0.313477 0.675781 0.315430 0.675781 0.316406 0.677083 0.330078 0.677083 0.331055 0.678385 0.333008 0.678385 0.333984 0.679688 0.337891 0.679688 0.340820 0.675781 0.340820 0.674479 0.341797 0.673177 0.341797 0.670573 0.343750 0.667969 0.343750 0.666667 0.345703 0.664062 0.345703 0.662760 0.347656 0.658854 0.347656 0.654948 0.346680 0.653646 0.346680 0.652344 0.345703 0.652344 0.342773 0.649740 0.337891 0.648438 0.336914 0.647135 0.333008 0.647135 0.329102 0.641927 0.323242 0.641927 0.322266 0.643229 0.311523 0.643229 0.310547 0.644531 0.309570 0.643229 0.306641 0.643229 0.305664 0.644531 0.304688 0.644531
0 0.349609 0.604167 0.344727 0.611979 0.343750 0.614583 0.343750 0.617188 0.342773 0.618490 0.342773 0.622396 0.337891 0.630208 0.337891 0.638021 0.339844 0.643229 0.343750 0.648438 0.348633 0.651042 0.350586 0.653646 0.352539 0.654948 0.354492 0.654948 0.355469 0.656250 0.359375 0.656250 0.360352 0.657552 0.365234 0.657552 0.366211 0.656250 0.369141 0.656250 0.372070 0.653646 0.374023 0.653646 0.375977 0.651042 0.377930 0.651042 0.379883 0.649740 0.381836 0.644531 0.383789 0.641927 0.383789 0.639323 0.384766 0.638021 0.384766 0.630208 0.381836 0.622396 0.381836 0.618490 0.380859 0.615885 0.374023 0.606771 0.372070 0.605469 0.369141 0.605469 0.368164 0.604167 0.365234 0.604167 0.364258 0.602865 0.351562 0.602865
0 0.380859 0.651042 0.379883 0.652344 0.377930 0.652344 0.369141 0.658854 0.366211 0.658854 0.365234 0.660156 0.364258 0.660156 0.362305 0.662760 0.362305 0.667969 0.364258 0.671875 0.364258 0.675781 0.365234 0.677083 0.365234 0.680990 0.366211 0.682292 0.366211 0.683594 0.368164 0.686198 0.368164 0.687500 0.370117 0.690104 0.370117 0.691406 0.372070 0.694010 0.372070 0.695312 0.375000 0.699219 0.378906 0.699219 0.379883 0.700521 0.380859 0.699219 0.383789 0.699219 0.384766 0.697917 0.385742 0.697917 0.387695 0.695312 0.388672 0.695312 0.390625 0.692708 0.395508 0.690104 0.398438 0.686198 0.399414 0.686198 0.404297 0.679688 0.404297 0.670573 0.403320 0.669271 0.403320 0.667969 0.400391 0.664062 0.395508 0.661458 0.392578 0.657552 0.392578 0.656250 0.391602 0.656250 0.390625 0.654948 0.385742 0.654948
0 0.424805 0.631510 0.419922 0.631510 0.418945 0.632812 0.416992 0.632812 0.416016 0.634115 0.414062 0.634115 0.413086 0.635417 0.410156 0.635417 0.409180 0.636719 0.407227 0.636719 0.404297 0.639323 0.395508 0.639323 0.394531 0.640625 0.392578 0.640625 0.392578 0.641927 0.391602 0.643229 0.391602 0.652344 0.392578 0.653646 0.392578 0.654948 0.396484 0.660156 0.401367 0.662760 0.404297 0.666667 0.406250 0.674479 0.409180 0.677083 0.412109 0.677083 0.415039 0.674479 0.416992 0.674479 0.420898 0.669271 0.421875 0.669271 0.422852 0.667969 0.424805 0.667969 0.425781 0.669271 0.427734 0.669271 0.428711 0.670573 0.431641 0.670573 0.432617 0.669271 0.434570 0.669271 0.440430 0.662760 0.433594 0.652344 0.433594 0.651042 0.429688 0.647135 0.428711 0.643229 0.424805 0.636719 0.424805 0.635417 0.425781 0.634115 0.425781 0.632812
0 0.409180 0.679688 0.409180 0.684896 0.410156 0.686198 0.410156 0.688802 0.411133 0.690104 0.411133 0.691406 0.421875 0.705729 0.422852 0.705729 0.423828 0.707031 0.428711 0.707031 0.429688 0.705729 0.436523 0.705729 0.437500 0.704427 0.440430 0.704427 0.441406 0.703125 0.444336 0.703125 0.445312 0.701823 0.449219 0.701823 0.451172 0.699219 0.451172 0.690104 0.450195 0.688802 0.450195 0.682292 0.449219 0.680990 0.449219 0.678385 0.444336 0.674479 0.442383 0.674479 0.441406 0.673177 0.439453 0.673177 0.438477 0.671875 0.420898 0.671875 0.417969 0.674479 0.416016 0.674479 0.413086 0.678385 0.412109 0.678385 0.411133 0.679688
0 0.455078 0.670573 0.452148 0.675781 0.452148 0.678385 0.451172 0.679688 0.451172 0.684896 0.452148 0.686198 0.452148 0.696615 0.453125 0.697917 0.453125 0.700521 0.454102 0.701823 0.454102 0.703125 0.457031 0.707031 0.457031 0.708333 0.462891 0.716146 0.463867 0.716146 0.465820 0.718750 0.466797 0.718750 0.469727 0.721354 0.478516 0.721354 0.479492 0.720052 0.483398 0.720052 0.484375 0.718750 0.486328 0.718750 0.487305 0.717448 0.488281 0.717448 0.490234 0.714844 0.490234 0.712240 0.489258 0.710938 0.490234 0.709635 0.490234 0.701823 0.491211 0.700521 0.491211 0.692708 0.492188 0.691406 0.492188 0.683594 0.491211 0.682292 0.491211 0.678385 0.489258 0.675781 0.488281 0.675781 0.485352 0.673177 0.483398 0.673177 0.482422 0.671875 0.477539 0.669271 0.474609 0.665365 0.473633 0.665365 0.472656 0.664062 0.470703 0.664062 0.469727 0.665365 0.467773 0.665365 0.466797 0.666667 0.462891 0.666667 0.461914 0.667969 0.458984 0.667969 0.458008 0.669271
0 0.454102 0.604167 0.451172 0.606771 0.451172 0.609375 0.449219 0.611979 0.447266 0.611979 0.444336 0.617188 0.442383 0.618490 0.440430 0.618490 0.439453 0.619792 0.439453 0.621094 0.437500 0.623698 0.435547 0.628906 0.435547 0.632812 0.436523 0.634115 0.436523 0.638021 0.438477 0.641927 0.438477 0.644531 0.439453 0.645833 0.440430 0.652344 0.444336 0.662760 0.449219 0.666667 0.459961 0.666667 0.467773 0.661458 0.473633 0.654948 0.474609 0.654948 0.476562 0.649740 0.476562 0.645833 0.477539 0.644531 0.477539 0.639323 0.478516 0.638021 0.478516 0.632812 0.479492 0.631510 0.479492 0.621094 0.477539 0.618490 0.475586 0.618490 0.473633 0.615885 0.473633 0.613281 0.474609 0.611979 0.473633 0.609375 0.471680 0.609375 0.470703 0.608073 0.467773 0.608073 0.466797 0.606771 0.463867 0.606771 0.462891 0.605469 0.458008 0.605469 0.457031 0.604167
0 0.422852 0.574219 0.420898 0.574219 0.419922 0.572917 0.416016 0.572917 0.415039 0.571615 0.409180 0.571615 0.408203 0.570312 0.405273 0.572917 0.399414 0.574219 0.399414 0.575521 0.393555 0.583333 0.392578 0.583333 0.391602 0.585938 0.386719 0.592448 0.384766 0.597656 0.384766 0.600260 0.383789 0.601562 0.383789 0.609375 0.384766 0.610677 0.384766 0.614583 0.385742 0.615885 0.385742 0.622396 0.389648 0.631510 0.395508 0.635417 0.404297 0.636719 0.405273 0.635417 0.412109 0.634115 0.423828 0.626302 0.430664 0.618490 0.431641 0.611979 0.434570 0.604167 0.434570 0.598958 0.433594 0.597656 0.432617 0.589844 0.428711 0.583333 0.427734 0.579427 0.426758 0.579427
0 0.387695 0.553385 0.383789 0.550781 0.383789 0.552083 0.379883 0.557292 0.375000 0.557292 0.374023 0.558594 0.365234 0.558594 0.364258 0.557292 0.362305 0.557292 0.361328 0.555990 0.358398 0.555990 0.357422 0.554688 0.345703 0.570312 0.345703 0.571615 0.343750 0.574219 0.342773 0.576823 0.342773 0.584635 0.348633 0.593750 0.349609 0.593750 0.352539 0.597656 0.354492 0.598958 0.357422 0.598958 0.358398 0.600260 0.363281 0.600260 0.364258 0.601562 0.368164 0.601562 0.369141 0.602865 0.373047 0.602865 0.382812 0.591146 0.383789 0.591146 0.383789 0.589844 0.386719 0.585938 0.388672 0.584635 0.390625 0.579427 0.390625 0.576823 0.391602 0.575521 0.391602 0.567708 0.389648 0.563802 0.389648 0.561198 0.388672 0.559896
0 0.298828 0.539062 0.298828 0.557292 0.303711 0.563802 0.303711 0.565104 0.309570 0.571615 0.312500 0.571615 0.313477 0.570312 0.317383 0.570312 0.318359 0.571615 0.319336 0.571615 0.322266 0.574219 0.324219 0.574219 0.325195 0.575521 0.332031 0.575521 0.333008 0.574219 0.334961 0.574219 0.335938 0.572917 0.337891 0.572917 0.338867 0.571615 0.341797 0.570312 0.344727 0.563802 0.344727 0.552083 0.343750 0.550781 0.343750 0.549479 0.335938 0.540365 0.330078 0.537760 0.325195 0.531250 0.322266 0.529948 0.318359 0.526042 0.313477 0.526042 0.312500 0.527344 0.310547 0.527344 0.307617 0.529948 0.305664 0.529948 0.304688 0.531250 0.303711 0.531250 0.302734 0.532552 0.302734 0.533854
0 0.338867 0.511719 0.336914 0.528646 0.337891 0.529948 0.337891 0.535156 0.338867 0.537760 0.344727 0.544271 0.346680 0.544271 0.350586 0.548177 0.358398 0.553385 0.361328 0.553385 0.362305 0.554688 0.368164 0.555990 0.369141 0.557292 0.373047 0.557292 0.375977 0.554688 0.377930 0.554688 0.381836 0.549479 0.382812 0.549479 0.387695 0.541667 0.390625 0.533854 0.390625 0.528646 0.392578 0.523438 0.392578 0.519531 0.388672 0.513021 0.388672 0.507812 0.387695 0.506510 0.383789 0.506510 0.380859 0.509115 0.378906 0.509115 0.375977 0.506510 0.372070 0.505208 0.367188 0.500000 0.362305 0.500000 0.357422 0.505208 0.354492 0.505208 0.352539 0.506510 0.350586 0.503906 0.349609 0.500000 0.344727 0.500000
0 0.391602 0.540365 0.391602 0.553385 0.392578 0.554688 0.393555 0.563802 0.395508 0.566406 0.402344 0.566406 0.403320 0.565104 0.418945 0.565104 0.419922 0.563802 0.425781 0.563802 0.426758 0.562500 0.429688 0.562500 0.433594 0.559896 0.433594 0.558594 0.435547 0.555990 0.438477 0.548177 0.437500 0.545573 0.437500 0.537760 0.435547 0.533854 0.435547 0.522135 0.434570 0.520833 0.426758 0.520833 0.423828 0.518229 0.408203 0.518229 0.402344 0.522135 0.398438 0.526042 0.398438 0.527344 0.395508 0.531250 0.395508 0.532552 0.393555 0.535156
0 0.442383 0.548177 0.442383 0.550781 0.440430 0.553385 0.439453 0.553385 0.439453 0.557292 0.436523 0.563802 0.436523 0.571615 0.435547 0.572917 0.435547 0.580729 0.436523 0.583333 0.440430 0.585938 0.443359 0.589844 0.453125 0.596354 0.455078 0.598958 0.457031 0.598958 0.461914 0.602865 0.464844 0.602865 0.465820 0.604167 0.469727 0.604167 0.470703 0.602865 0.472656 0.602865 0.476562 0.600260 0.479492 0.596354 0.481445 0.591146 0.481445 0.587240 0.482422 0.585938 0.482422 0.580729 0.483398 0.579427 0.483398 0.569010 0.481445 0.565104 0.481445 0.559896 0.479492 0.558594 0.477539 0.558594 0.472656 0.552083 0.470703 0.550781 0.468750 0.550781 0.467773 0.549479 0.451172 0.549479 0.448242 0.552083 0.445312 0.552083 0.443359 0.549479 0.443359 0.548177
0 0.537109 0.661458 0.536133 0.660156 0.533203 0.660156 0.530273 0.656250 0.527344 0.654948 0.523438 0.649740 0.522461 0.649740 0.518555 0.645833 0.514648 0.645833 0.513672 0.647135 0.511719 0.647135 0.510742 0.648438 0.509766 0.648438 0.504883 0.652344 0.502930 0.652344 0.501953 0.653646 0.496094 0.653646 0.495117 0.654948 0.494141 0.654948 0.494141 0.656250 0.493164 0.657552 0.493164 0.673177 0.494141 0.674479 0.494141 0.684896 0.497070 0.690104 0.497070 0.691406 0.501953 0.697917 0.508789 0.697917 0.509766 0.696615 0.510742 0.696615 0.511719 0.695312 0.513672 0.695312 0.518555 0.691406 0.523438 0.690104 0.532227 0.683594 0.534180 0.683594 0.535156 0.682292 0.536133 0.682292 0.539062 0.678385 0.539062 0.677083 0.540039 0.675781 0.540039 0.673177 0.539062 0.671875 0.539062 0.669271 0.538086 0.667969
0 0.547852 0.578125 0.543945 0.578125 0.542969 0.576823 0.541016 0.576823 0.540039 0.575521 0.535156 0.574219 0.532227 0.571615 0.527344 0.571615 0.525391 0.574219 0.524414 0.574219 0.519531 0.578125 0.517578 0.578125 0.514648 0.582031 0.514648 0.584635 0.513672 0.585938 0.513672 0.589844 0.509766 0.598958 0.509766 0.608073 0.508789 0.609375 0.508789 0.613281 0.509766 0.614583 0.509766 0.615885 0.511719 0.618490 0.512695 0.618490 0.513672 0.619792 0.515625 0.619792 0.516602 0.621094 0.520508 0.621094 0.523438 0.623698 0.530273 0.623698 0.532227 0.621094 0.535156 0.619792 0.541016 0.613281 0.541992 0.613281 0.543945 0.610677 0.544922 0.610677 0.546875 0.608073 0.547852 0.608073 0.548828 0.606771 0.548828 0.604167 0.549805 0.602865 0.549805 0.593750 0.550781 0.592448 0.550781 0.584635
0 0.531250 0.540365 0.529297 0.537760 0.528320 0.537760 0.523438 0.531250 0.522461 0.531250 0.521484 0.529948 0.506836 0.529948 0.504883 0.532552 0.500977 0.544271 0.490234 0.557292 0.490234 0.558594 0.487305 0.565104 0.487305 0.570312 0.490234 0.574219 0.491211 0.574219 0.494141 0.576823 0.497070 0.576823 0.498047 0.578125 0.514648 0.578125 0.515625 0.576823 0.517578 0.576823 0.518555 0.575521 0.523438 0.574219 0.529297 0.567708 0.530273 0.567708 0.533203 0.563802 0.533203 0.561198 0.534180 0.559896 0.534180 0.555990 0.535156 0.554688 0.535156 0.553385 0.534180 0.552083 0.534180 0.548177 0.533203 0.546875
0 0.497070 0.477865 0.485352 0.477865 0.473633 0.485677 0.471680 0.485677 0.469727 0.488281 0.466797 0.488281 0.462891 0.494792 0.462891 0.514323 0.463867 0.515625 0.463867 0.518229 0.468750 0.531250 0.473633 0.536458 0.473633 0.545573 0.474609 0.546875 0.474609 0.549479 0.475586 0.549479 0.478516 0.554688 0.481445 0.554688 0.482422 0.555990 0.486328 0.555990 0.487305 0.554688 0.489258 0.554688 0.493164 0.549479 0.494141 0.549479 0.499023 0.544271 0.502930 0.533854 0.502930 0.529948 0.503906 0.528646 0.503906 0.519531 0.504883 0.518229 0.504883 0.497396 0.503906 0.496094 0.503906 0.493490 0.501953 0.490885 0.501953 0.484375 0.500000 0.481771 0.500000 0.480469
0 0.548828 0.466146 0.547852 0.466146 0.547852 0.467448 0.544922 0.471354 0.541992 0.471354 0.540039 0.468750 0.538086 0.467448 0.535156 0.467448 0.534180 0.466146 0.524414 0.467448 0.520508 0.471354 0.519531 0.471354 0.519531 0.472656 0.513672 0.479167 0.511719 0.477865 0.506836 0.477865 0.505859 0.479167 0.505859 0.496094 0.506836 0.497396 0.506836 0.502604 0.507812 0.503906 0.507812 0.506510 0.517578 0.522135 0.520508 0.523438 0.525391 0.528646 0.535156 0.528646 0.537109 0.527344 0.544922 0.514323 0.544922 0.511719 0.546875 0.506510 0.551758 0.500000 0.554688 0.492188 0.554688 0.486979 0.553711 0.485677 0.552734 0.472656
0 0.580078 0.509115 0.578125 0.507812 0.569336 0.507812 0.568359 0.506510 0.564453 0.506510 0.563477 0.505208 0.560547 0.505208 0.558594 0.503906 0.557617 0.505208 0.552734 0.505208 0.548828 0.510417 0.547852 0.510417 0.546875 0.514323 0.544922 0.516927 0.542969 0.522135 0.542969 0.524740 0.539062 0.532552 0.539062 0.536458 0.540039 0.537760 0.540039 0.553385 0.541992 0.558594 0.544922 0.562500 0.546875 0.563802 0.548828 0.563802 0.549805 0.565104 0.551758 0.565104 0.555664 0.569010 0.559570 0.569010 0.561523 0.567708 0.565430 0.562500 0.566406 0.562500 0.570312 0.557292 0.571289 0.557292 0.582031 0.542969 0.582031 0.515625 0.581055 0.514323 0.581055 0.511719
0 0.604492 0.563802 0.603516 0.562500 0.602539 0.562500 0.601562 0.561198 0.599609 0.561198 0.598633 0.559896 0.597656 0.561198 0.594727 0.561198 0.593750 0.559896 0.589844 0.559896 0.588867 0.561198 0.570312 0.561198 0.569336 0.562500 0.568359 0.562500 0.564453 0.567708 0.563477 0.567708 0.561523 0.570312 0.561523 0.575521 0.560547 0.576823 0.557617 0.578125 0.554688 0.582031 0.553711 0.585938 0.556641 0.592448 0.561523 0.592448 0.562500 0.593750 0.566406 0.593750 0.567383 0.595052 0.580078 0.595052 0.581055 0.593750 0.585938 0.593750 0.586914 0.592448 0.589844 0.592448 0.590820 0.591146 0.594727 0.591146 0.595703 0.589844 0.599609 0.589844 0.603516 0.585938 0.603516 0.583333 0.604492 0.582031
0 0.524414 0.186198 0.524414 0.207031 0.525391 0.208333 0.525391 0.212240 0.527344 0.216146 0.527344 0.218750 0.529297 0.223958 0.531250 0.226562 0.534180 0.234375 0.534180 0.236979 0.536133 0.239583 0.541016 0.239583 0.544922 0.242188 0.555664 0.243490 0.556641 0.244792 0.569336 0.244792 0.573242 0.242188 0.576172 0.238281 0.582031 0.222656 0.583008 0.212240 0.583984 0.210938 0.583984 0.204427 0.584961 0.203125 0.583984 0.191406 0.582031 0.187500 0.576172 0.182292 0.572266 0.184896 0.570312 0.184896 0.569336 0.183594 0.564453 0.183594 0.560547 0.180990 0.555664 0.180990 0.547852 0.177083 0.538086 0.177083 0.531250 0.184896 0.529297 0.184896 0.528320 0.186198 0.527344 0.184896 0.525391 0.184896
0 0.534180 0.242188 0.534180 0.246094 0.528320 0.252604 0.525391 0.260417 0.524414 0.281250 0.525391 0.282552 0.525391 0.290365 0.526367 0.294271 0.528320 0.296875 0.530273 0.304688 0.533203 0.309896 0.535156 0.316406 0.541016 0.322917 0.545898 0.322917 0.551758 0.325521 0.559570 0.325521 0.571289 0.315104 0.580078 0.313802 0.583008 0.307292 0.583008 0.299479 0.580078 0.289062 0.580078 0.277344 0.579102 0.276042 0.579102 0.270833 0.578125 0.269531 0.577148 0.260417 0.572266 0.247396 0.553711 0.247396 0.552734 0.246094 0.541016 0.244792 0.539062 0.242188
0 0.583008 0.315104 0.581055 0.316406 0.575195 0.316406 0.573242 0.317708 0.567383 0.326823 0.559570 0.326823 0.558594 0.328125 0.553711 0.328125 0.551758 0.329427 0.548828 0.326823 0.542969 0.325521 0.540039 0.328125 0.538086 0.328125 0.537109 0.329427 0.537109 0.333333 0.538086 0.334635 0.538086 0.356771 0.540039 0.363281 0.550781 0.376302 0.558594 0.381510 0.567383 0.381510 0.577148 0.375000 0.583008 0.373698 0.584961 0.371094 0.584961 0.368490 0.585938 0.367188 0.585938 0.360677 0.587891 0.358073 0.589844 0.352865 0.589844 0.348958 0.590820 0.347656 0.590820 0.337240 0.589844 0.335938 0.588867 0.325521 0.586914 0.320312
0 0.632812 0.296875 0.629883 0.296875 0.628906 0.295573 0.617188 0.295573 0.616211 0.296875 0.613281 0.296875 0.606445 0.304688 0.606445 0.309896 0.605469 0.312500 0.602539 0.315104 0.604492 0.317708 0.604492 0.320312 0.600586 0.322917 0.599609 0.328125 0.597656 0.332031 0.597656 0.334635 0.595703 0.339844 0.595703 0.355469 0.596680 0.356771 0.596680 0.360677 0.598633 0.365885 0.603516 0.372396 0.607422 0.375000 0.613281 0.376302 0.614258 0.375000 0.623047 0.375000 0.626953 0.372396 0.637695 0.360677 0.639648 0.354167 0.644531 0.346354 0.645508 0.320312 0.644531 0.319010 0.643555 0.312500 0.639648 0.303385 0.636719 0.299479
0 0.672852 0.333333 0.670898 0.333333 0.669922 0.332031 0.666992 0.332031 0.666016 0.333333 0.659180 0.333333 0.657227 0.332031 0.656250 0.333333 0.650391 0.333333 0.647461 0.335938 0.646484 0.338542 0.646484 0.343750 0.645508 0.345052 0.645508 0.347656 0.641602 0.354167 0.638672 0.361979 0.638672 0.364583 0.637695 0.365885 0.638672 0.391927 0.639648 0.393229 0.640625 0.398438 0.642578 0.401042 0.644531 0.401042 0.645508 0.402344 0.647461 0.401042 0.655273 0.401042 0.656250 0.399740 0.658203 0.399740 0.662109 0.397135 0.673828 0.381510 0.673828 0.380208 0.680664 0.372396 0.682617 0.367188 0.681641 0.361979 0.680664 0.360677 0.680664 0.347656 0.677734 0.339844
0 0.638672 0.209635 0.635742 0.210938 0.635742 0.213542 0.633789 0.216146 0.631836 0.216146 0.628906 0.212240 0.624023 0.212240 0.623047 0.213542 0.621094 0.213542 0.614258 0.218750 0.607422 0.229167 0.604492 0.229167 0.599609 0.234375 0.598633 0.236979 0.598633 0.243490 0.604492 0.248698 0.604492 0.252604 0.601562 0.256510 0.601562 0.259115 0.598633 0.265625 0.598633 0.276042 0.602539 0.282552 0.612305 0.285156 0.613281 0.286458 0.617188 0.286458 0.621094 0.289062 0.633789 0.289062 0.635742 0.286458 0.637695 0.286458 0.651367 0.265625 0.651367 0.231771 0.643555 0.216146
0 0.626953 0.131510 0.621094 0.130208 0.618164 0.132812 0.615234 0.132812 0.607422 0.139323 0.604492 0.139323 0.600586 0.141927 0.594727 0.143229 0.592773 0.145833 0.587891 0.148438 0.583008 0.154948 0.583008 0.157552 0.582031 0.158854 0.582031 0.161458 0.583008 0.162760 0.581055 0.169271 0.581055 0.174479 0.583008 0.179688 0.583008 0.183594 0.584961 0.186198 0.586914 0.196615 0.590820 0.201823 0.592773 0.201823 0.593750 0.203125 0.597656 0.203125 0.598633 0.201823 0.600586 0.203125 0.610352 0.203125 0.611328 0.201823 0.614258 0.201823 0.620117 0.196615 0.622070 0.196615 0.626953 0.190104 0.627930 0.184896 0.630859 0.180990 0.631836 0.175781 0.635742 0.169271 0.635742 0.165365 0.636719 0.164062 0.636719 0.153646 0.635742 0.152344 0.635742 0.148438 0.633789 0.143229 0.626953 0.132812
0 0.716797 0.183594 0.715820 0.182292 0.711914 0.182292 0.702148 0.175781 0.696289 0.177083 0.695312 0.178385 0.675781 0.178385 0.674805 0.179688 0.676758 0.183594 0.675781 0.184896 0.673828 0.184896 0.665039 0.190104 0.664062 0.188802 0.662109 0.188802 0.660156 0.191406 0.659180 0.195312 0.656250 0.199219 0.651367 0.221354 0.653320 0.226562 0.657227 0.231771 0.663086 0.236979 0.669922 0.238281 0.670898 0.239583 0.674805 0.239583 0.675781 0.240885 0.679688 0.240885 0.683594 0.243490 0.688477 0.243490 0.693359 0.239583 0.698242 0.233073 0.706055 0.227865 0.713867 0.217448 0.715820 0.210938 0.716797 0.192708 0.717773 0.191406
0 0.737305 0.207031 0.733398 0.207031 0.732422 0.205729 0.730469 0.207031 0.727539 0.210938 0.718750 0.217448 0.714844 0.223958 0.708984 0.227865 0.708008 0.230469 0.705078 0.231771 0.696289 0.242188 0.696289 0.251302 0.703125 0.263021 0.704102 0.268229 0.712891 0.278646 0.714844 0.278646 0.715820 0.279948 0.733398 0.281250 0.734375 0.279948 0.740234 0.278646 0.745117 0.274740 0.747070 0.274740 0.751953 0.269531 0.756836 0.268229 0.759766 0.264323 0.759766 0.260417 0.757812 0.256510 0.757812 0.252604 0.756836 0.251302 0.754883 0.240885 0.750977 0.233073 0.750977 0.230469 0.747070 0.221354 0.746094 0.216146 0.741211 0.209635
0 0.676758 0.317708 0.676758 0.324219 0.680664 0.334635 0.683594 0.338542 0.683594 0.339844 0.685547 0.341146 0.693359 0.351562 0.695312 0.351562 0.696289 0.352865 0.700195 0.352865 0.701172 0.354167 0.711914 0.354167 0.712891 0.352865 0.715820 0.352865 0.724609 0.347656 0.727539 0.343750 0.734375 0.339844 0.738281 0.334635 0.738281 0.326823 0.736328 0.322917 0.736328 0.320312 0.730469 0.315104 0.729492 0.309896 0.724609 0.299479 0.721680 0.295573 0.721680 0.294271 0.715820 0.287760 0.714844 0.289062 0.704102 0.289062 0.701172 0.285156 0.701172 0.283854 0.694336 0.283854 0.693359 0.282552 0.692383 0.283854 0.689453 0.283854 0.687500 0.290365 0.684570 0.292969 0.683594 0.296875 0.681641 0.299479 0.679688 0.304688 0.678711 0.313802
0 0.587891 0.385417 0.583008 0.380208 0.578125 0.382812 0.570312 0.382812 0.569336 0.384115 0.553711 0.384115 0.543945 0.401042 0.541016 0.397135 0.540039 0.399740 0.540039 0.410156 0.539062 0.411458 0.539062 0.428385 0.540039 0.429688 0.540039 0.433594 0.541016 0.436198 0.543945 0.438802 0.550781 0.440104 0.557617 0.444010 0.566406 0.444010 0.567383 0.445312 0.581055 0.445312 0.583008 0.444010 0.585938 0.440104 0.586914 0.436198 0.588867 0.433594 0.593750 0.417969 0.593750 0.406250 0.592773 0.404948 0.592773 0.402344 0.591797 0.401042 0.591797 0.398438
0 0.593750 0.449219 0.583008 0.445312 0.580078 0.447917 0.578125 0.446615 0.570312 0.446615 0.569336 0.447917 0.566406 0.447917 0.563477 0.451823 0.562500 0.451823 0.561523 0.454427 0.558594 0.458333 0.557617 0.460938 0.557617 0.464844 0.555664 0.470052 0.556641 0.472656 0.556641 0.489583 0.557617 0.492188 0.564453 0.500000 0.570312 0.503906 0.577148 0.503906 0.578125 0.502604 0.580078 0.502604 0.594727 0.484375 0.595703 0.484375 0.601562 0.476562 0.603516 0.470052 0.602539 0.467448 0.599609 0.463542 0.598633 0.460938 0.598633 0.458333 0.597656 0.457031 0.597656 0.454427
0 0.642578 0.404948 0.640625 0.404948 0.640625 0.408854 0.637695 0.412760 0.634766 0.412760 0.630859 0.415365 0.626953 0.412760 0.624023 0.415365 0.616211 0.416667 0.615234 0.417969 0.612305 0.417969 0.611328 0.416667 0.605469 0.416667 0.604492 0.417969 0.602539 0.417969 0.602539 0.420573 0.600586 0.425781 0.597656 0.429688 0.597656 0.449219 0.604492 0.466146 0.606445 0.467448 0.610352 0.467448 0.611328 0.468750 0.620117 0.468750 0.621094 0.467448 0.625977 0.467448 0.626953 0.466146 0.630859 0.466146 0.631836 0.464844 0.636719 0.464844 0.638672 0.466146 0.642578 0.462240 0.642578 0.460938 0.646484 0.455729 0.648438 0.446615 0.651367 0.440104 0.651367 0.429688 0.650391 0.428385 0.650391 0.424479 0.645508 0.408854
0 0.634766 0.467448 0.631836 0.467448 0.627930 0.470052 0.623047 0.470052 0.622070 0.471354 0.618164 0.471354 0.617188 0.472656 0.614258 0.472656 0.611328 0.475260 0.608398 0.475260 0.606445 0.476562 0.606445 0.477865 0.602539 0.483073 0.600586 0.483073 0.597656 0.486979 0.597656 0.496094 0.598633 0.497396 0.598633 0.500000 0.599609 0.501302 0.600586 0.507812 0.605469 0.515625 0.612305 0.519531 0.614258 0.522135 0.618164 0.524740 0.621094 0.524740 0.623047 0.526042 0.624023 0.524740 0.629883 0.524740 0.632812 0.522135 0.634766 0.522135 0.638672 0.518229 0.640625 0.518229 0.645508 0.513021 0.645508 0.510417 0.646484 0.509115 0.646484 0.505208 0.645508 0.503906 0.644531 0.494792 0.643555 0.493490 0.643555 0.490885 0.641602 0.485677 0.641602 0.480469 0.640625 0.479167 0.640625 0.476562 0.638672 0.471354
0 0.666992 0.519531 0.663086 0.514323 0.662109 0.514323 0.661133 0.513021 0.657227 0.513021 0.654297 0.510417 0.651367 0.510417 0.650391 0.511719 0.647461 0.513021 0.642578 0.518229 0.639648 0.519531 0.637695 0.522135 0.636719 0.522135 0.633789 0.524740 0.631836 0.524740 0.628906 0.528646 0.628906 0.529948 0.626953 0.533854 0.626953 0.536458 0.625977 0.537760 0.625977 0.539062 0.626953 0.540365 0.626953 0.545573 0.627930 0.546875 0.627930 0.561198 0.628906 0.562500 0.628906 0.563802 0.629883 0.563802 0.630859 0.565104 0.656250 0.565104 0.657227 0.563802 0.658203 0.563802 0.661133 0.559896 0.661133 0.557292 0.662109 0.555990 0.665039 0.546875 0.666992 0.544271 0.666992 0.540365 0.668945 0.536458 0.668945 0.526042 0.667969 0.524740 0.667969 0.522135 0.666992 0.520833
0 0.662109 0.442708 0.658203 0.445312 0.657227 0.447917 0.657227 0.454427 0.656250 0.455729 0.656250 0.458333 0.647461 0.471354 0.647461 0.473958 0.646484 0.475260 0.646484 0.477865 0.647461 0.479167 0.647461 0.498698 0.649414 0.502604 0.658203 0.509115 0.660156 0.509115 0.664062 0.511719 0.666016 0.515625 0.669922 0.515625 0.671875 0.513021 0.673828 0.513021 0.675781 0.510417 0.679688 0.507812 0.679688 0.505208 0.683594 0.498698 0.683594 0.497396 0.685547 0.496094 0.693359 0.484375 0.694336 0.481771 0.694336 0.471354 0.689453 0.463542 0.687500 0.458333 0.687500 0.455729 0.685547 0.453125 0.680664 0.453125 0.677734 0.450521 0.672852 0.449219 0.668945 0.444010 0.665039 0.445312
0 0.706055 0.468750 0.699219 0.476562 0.690430 0.494792 0.690430 0.497396 0.692383 0.501302 0.692383 0.505208 0.695312 0.513021 0.697266 0.515625 0.697266 0.516927 0.704102 0.524740 0.713867 0.524740 0.714844 0.526042 0.719727 0.526042 0.720703 0.527344 0.723633 0.527344 0.724609 0.528646 0.730469 0.528646 0.737305 0.522135 0.740234 0.515625 0.750977 0.501302 0.750977 0.498698 0.752930 0.496094 0.752930 0.492188 0.750977 0.489583 0.750000 0.484375 0.743164 0.475260 0.737305 0.471354 0.728516 0.471354 0.727539 0.470052 0.720703 0.470052 0.719727 0.468750 0.712891 0.468750 0.711914 0.467448
0 0.693359 0.373698 0.680664 0.377604 0.680664 0.378906 0.677734 0.381510 0.676758 0.384115 0.665039 0.398438 0.665039 0.399740 0.659180 0.408854 0.659180 0.416667 0.662109 0.423177 0.665039 0.423177 0.666992 0.425781 0.668945 0.430990 0.668945 0.434896 0.670898 0.441406 0.673828 0.445312 0.675781 0.445312 0.676758 0.446615 0.681641 0.446615 0.685547 0.449219 0.689453 0.449219 0.690430 0.447917 0.692383 0.447917 0.701172 0.436198 0.702148 0.436198 0.704102 0.432292 0.714844 0.419271 0.715820 0.416667 0.715820 0.406250 0.709961 0.391927 0.710938 0.390625 0.710938 0.386719 0.703125 0.382812 0.696289 0.375000 0.694336 0.375000
0 0.723633 0.407552 0.718750 0.414062 0.715820 0.421875 0.707031 0.433594 0.706055 0.433594 0.705078 0.436198 0.706055 0.445312 0.709961 0.455729 0.710938 0.462240 0.711914 0.464844 0.713867 0.466146 0.718750 0.466146 0.719727 0.467448 0.731445 0.467448 0.732422 0.468750 0.737305 0.468750 0.743164 0.472656 0.748047 0.472656 0.752930 0.466146 0.753906 0.462240 0.755859 0.459635 0.756836 0.454427 0.757812 0.453125 0.757812 0.447917 0.758789 0.446615 0.758789 0.434896 0.756836 0.432292 0.754883 0.427083 0.753906 0.420573 0.751953 0.415365 0.750000 0.414062 0.745117 0.414062 0.744141 0.412760 0.734375 0.412760 0.733398 0.411458 0.730469 0.411458 0.727539 0.408854
0 0.740234 0.337240 0.736328 0.341146 0.731445 0.343750 0.726562 0.348958 0.716797 0.355469 0.712891 0.356771 0.708984 0.365885 0.708984 0.376302 0.712891 0.382812 0.715820 0.390625 0.722656 0.399740 0.723633 0.403646 0.726562 0.406250 0.731445 0.408854 0.738281 0.408854 0.739258 0.410156 0.750977 0.410156 0.752930 0.407552 0.757812 0.404948 0.760742 0.401042 0.764648 0.398438 0.767578 0.390625 0.769531 0.388021 0.769531 0.382812 0.761719 0.361979 0.751953 0.342448 0.750977 0.342448 0.748047 0.338542 0.743164 0.338542 0.742188 0.337240
0 0.779297 0.352865 0.767578 0.354167 0.766602 0.355469 0.766602 0.361979 0.770508 0.365885 0.770508 0.367188 0.767578 0.369792 0.767578 0.372396 0.771484 0.381510 0.771484 0.384115 0.766602 0.397135 0.755859 0.407552 0.753906 0.412760 0.755859 0.416667 0.761719 0.423177 0.761719 0.424479 0.771484 0.430990 0.785156 0.427083 0.794922 0.412760 0.796875 0.407552 0.803711 0.398438 0.804688 0.398438 0.806641 0.393229 0.805664 0.386719 0.799805 0.371094 0.791016 0.363281 0.788086 0.361979 0.786133 0.355469 0.783203 0.355469
0 0.783203 0.430990 0.779297 0.430990 0.778320 0.432292 0.774414 0.432292 0.773438 0.433594 0.768555 0.433594 0.767578 0.434896 0.764648 0.434896 0.763672 0.436198 0.763672 0.438802 0.759766 0.447917 0.757812 0.458333 0.753906 0.468750 0.750977 0.471354 0.750977 0.479167 0.751953 0.480469 0.752930 0.486979 0.757812 0.494792 0.759766 0.494792 0.760742 0.496094 0.762695 0.496094 0.765625 0.498698 0.768555 0.498698 0.769531 0.500000 0.778320 0.500000 0.779297 0.498698 0.783203 0.497396 0.789062 0.485677 0.789062 0.481771 0.791016 0.476562 0.791016 0.473958 0.793945 0.467448 0.793945 0.464844 0.795898 0.459635 0.795898 0.451823 0.796875 0.450521 0.795898 0.449219 0.794922 0.444010 0.792969 0.442708 0.785156 0.432292
0 0.840820 0.455729 0.835938 0.455729 0.834961 0.454427 0.833008 0.454427 0.832031 0.455729 0.826172 0.455729 0.825195 0.454427 0.823242 0.454427 0.819336 0.451823 0.817383 0.449219 0.813477 0.446615 0.807617 0.446615 0.806641 0.447917 0.804688 0.447917 0.803711 0.450521 0.800781 0.451823 0.798828 0.454427 0.796875 0.459635 0.796875 0.462240 0.793945 0.468750 0.793945 0.471354 0.791016 0.479167 0.791016 0.483073 0.790039 0.484375 0.790039 0.490885 0.793945 0.492188 0.795898 0.494792 0.800781 0.496094 0.805664 0.501302 0.809570 0.501302 0.810547 0.502604 0.813477 0.502604 0.819336 0.493490 0.821289 0.493490 0.827148 0.489583 0.829102 0.489583 0.836914 0.480469 0.836914 0.479167 0.839844 0.475260 0.840820 0.470052 0.842773 0.466146 0.842773 0.463542 0.843750 0.462240 0.843750 0.458333
0 0.853516 0.398438 0.852539 0.395833 0.848633 0.391927 0.844727 0.393229 0.841797 0.395833 0.829102 0.395833 0.828125 0.397135 0.824219 0.397135 0.823242 0.398438 0.819336 0.398438 0.818359 0.397135 0.816406 0.397135 0.815430 0.398438 0.813477 0.398438 0.809570 0.404948 0.806641 0.404948 0.803711 0.408854 0.801758 0.414062 0.800781 0.420573 0.801758 0.423177 0.805664 0.427083 0.807617 0.433594 0.812500 0.440104 0.817383 0.442708 0.827148 0.451823 0.830078 0.453125 0.841797 0.445312 0.843750 0.442708 0.850586 0.438802 0.852539 0.436198 0.853516 0.433594
0 0.844727 0.330729 0.840820 0.328125 0.839844 0.329427 0.839844 0.333333 0.840820 0.334635 0.839844 0.335938 0.833984 0.335938 0.833008 0.337240 0.827148 0.337240 0.826172 0.338542 0.824219 0.338542 0.821289 0.342448 0.816406 0.345052 0.809570 0.355469 0.807617 0.355469 0.806641 0.354167 0.806641 0.361979 0.804688 0.365885 0.804688 0.375000 0.809570 0.388021 0.810547 0.388021 0.815430 0.393229 0.818359 0.393229 0.819336 0.394531 0.841797 0.393229 0.844727 0.390625 0.846680 0.390625 0.848633 0.388021 0.849609 0.384115 0.851562 0.381510 0.852539 0.376302 0.855469 0.371094 0.855469 0.367188 0.857422 0.364583 0.861328 0.355469 0.860352 0.354167 0.860352 0.351562 0.857422 0.347656 0.857422 0.346354 0.855469 0.345052 0.848633 0.335938 0.846680 0.335938 0.844727 0.333333
0 0.757812 0.272135 0.756836 0.273438 0.753906 0.273438 0.748047 0.277344 0.746094 0.277344 0.741211 0.282552 0.741211 0.285156 0.739258 0.290365 0.736328 0.294271 0.732422 0.303385 0.732422 0.311198 0.733398 0.313802 0.738281 0.319010 0.739258 0.322917 0.747070 0.332031 0.750977 0.334635 0.752930 0.334635 0.753906 0.335938 0.762695 0.335938 0.766602 0.333333 0.769531 0.329427 0.770508 0.325521 0.777344 0.315104 0.778320 0.309896 0.779297 0.308594 0.779297 0.305990 0.781250 0.303385 0.786133 0.290365 0.786133 0.287760 0.787109 0.286458 0.787109 0.281250 0.786133 0.279948 0.777344 0.279948 0.776367 0.278646 0.771484 0.277344 0.764648 0.272135
0 0.791016 0.200521 0.785156 0.200521 0.781250 0.203125 0.776367 0.203125 0.765625 0.209635 0.761719 0.214844 0.761719 0.225260 0.758789 0.230469 0.756836 0.230469 0.755859 0.231771 0.758789 0.234375 0.758789 0.242188 0.760742 0.244792 0.760742 0.247396 0.762695 0.252604 0.761719 0.255208 0.762695 0.257812 0.762695 0.268229 0.767578 0.273438 0.772461 0.274740 0.776367 0.278646 0.782227 0.278646 0.784180 0.277344 0.791992 0.268229 0.794922 0.266927 0.798828 0.261719 0.799805 0.261719 0.799805 0.260417 0.802734 0.257812 0.802734 0.256510 0.806641 0.251302 0.809570 0.242188 0.809570 0.233073 0.808594 0.231771 0.807617 0.216146 0.802734 0.207031 0.800781 0.207031
0 0.809570 0.251302 0.809570 0.253906 0.812500 0.256510 0.810547 0.259115 0.806641 0.257812 0.804688 0.261719 0.804688 0.268229 0.799805 0.274740 0.796875 0.283854 0.793945 0.286458 0.791016 0.291667 0.791016 0.303385 0.796875 0.308594 0.800781 0.313802 0.808594 0.319010 0.815430 0.319010 0.816406 0.317708 0.820312 0.317708 0.821289 0.316406 0.831055 0.315104 0.838867 0.305990 0.842773 0.298177 0.845703 0.290365 0.847656 0.276042 0.844727 0.270833 0.834961 0.265625 0.833984 0.263021 0.827148 0.259115 0.825195 0.256510 0.823242 0.256510 0.821289 0.252604 0.815430 0.252604 0.814453 0.253906 0.811523 0.251302
0 0.789062 0.096354 0.781250 0.096354 0.777344 0.100260 0.774414 0.100260 0.770508 0.105469 0.759766 0.114583 0.747070 0.132812 0.746094 0.139323 0.747070 0.140625 0.747070 0.144531 0.749023 0.147135 0.750000 0.151042 0.750000 0.158854 0.747070 0.162760 0.750977 0.164062 0.761719 0.177083 0.765625 0.179688 0.768555 0.179688 0.772461 0.182292 0.776367 0.182292 0.779297 0.179688 0.812500 0.136719 0.815430 0.127604 0.814453 0.123698 0.810547 0.118490 0.806641 0.117188 0.800781 0.111979 0.795898 0.105469 0.794922 0.101562
0 0.896484 0.158854 0.883789 0.152344 0.884766 0.158854 0.880859 0.162760 0.874023 0.166667 0.865234 0.164062 0.861328 0.167969 0.859375 0.177083 0.859375 0.183594 0.857422 0.188802 0.856445 0.204427 0.852539 0.208333 0.852539 0.217448 0.851562 0.220052 0.845703 0.226562 0.841797 0.223958 0.839844 0.225260 0.843750 0.231771 0.847656 0.233073 0.849609 0.235677 0.850586 0.234375 0.875000 0.235677 0.882812 0.227865 0.893555 0.220052 0.894531 0.209635 0.900391 0.197917 0.901367 0.186198 0.902344 0.184896 0.901367 0.177083 0.898438 0.174479 0.898438 0.171875 0.896484 0.167969 0.898438 0.162760 0.896484 0.161458
0 0.970703 0.257812 0.966797 0.248698 0.962891 0.244792 0.954102 0.230469 0.952148 0.230469 0.940430 0.221354 0.936523 0.221354 0.937500 0.225260 0.930664 0.229167 0.924805 0.238281 0.921875 0.239583 0.920898 0.243490 0.916016 0.250000 0.915039 0.252604 0.915039 0.259115 0.911133 0.268229 0.907227 0.273438 0.905273 0.286458 0.901367 0.290365 0.901367 0.292969 0.903320 0.294271 0.905273 0.298177 0.920898 0.305990 0.924805 0.305990 0.925781 0.307292 0.942383 0.305990 0.951172 0.294271 0.954102 0.294271 0.956055 0.289062 0.958008 0.287760 0.968750 0.272135 0.970703 0.265625
0 0.418945 0.739583 0.417969 0.740885 0.416016 0.740885 0.410156 0.733073 0.409180 0.733073 0.405273 0.729167 0.403320 0.729167 0.400391 0.726562 0.397461 0.726562 0.396484 0.725260 0.395508 0.725260 0.394531 0.726562 0.390625 0.726562 0.389648 0.727865 0.387695 0.727865 0.382812 0.733073 0.381836 0.733073 0.380859 0.734375 0.376953 0.734375 0.375977 0.735677 0.375977 0.736979 0.375000 0.738281 0.375000 0.743490 0.374023 0.744792 0.374023 0.746094 0.375000 0.747396 0.375000 0.751302 0.375977 0.752604 0.375977 0.759115 0.381836 0.769531 0.382812 0.769531 0.383789 0.770833 0.385742 0.770833 0.386719 0.772135 0.391602 0.772135 0.394531 0.769531 0.397461 0.769531 0.398438 0.768229 0.402344 0.768229 0.407227 0.764323 0.410156 0.764323 0.411133 0.763021 0.414062 0.761719 0.418945 0.755208 0.418945 0.750000 0.419922 0.748698 0.419922 0.746094 0.418945 0.744792
