0 0.426758 0.046875 0.425781 0.049479 0.419922 0.057292 0.418945 0.059896 0.418945 0.066406 0.419922 0.067708 0.419922 0.070312 0.424805 0.076823 0.425781 0.079427 0.425781 0.082031 0.426758 0.083333 0.426758 0.088542 0.427734 0.089844 0.427734 0.095052 0.435547 0.095052 0.437500 0.097656 0.437500 0.098958 0.439453 0.100260 0.445312 0.100260 0.446289 0.098958 0.451172 0.098958 0.453125 0.097656 0.455078 0.095052 0.457031 0.089844 0.457031 0.087240 0.458008 0.085938 0.458984 0.079427 0.460938 0.075521 0.460938 0.061198 0.458008 0.053385 0.458008 0.050781 0.455078 0.046875 0.454102 0.046875 0.450195 0.042969 0.448242 0.042969 0.447266 0.041667 0.441406 0.041667 0.440430 0.040365 0.438477 0.041667 0.435547 0.041667 0.433594 0.044271 0.429688 0.046875
0 0.404297 0.053385 0.400391 0.053385 0.396484 0.057292 0.393555 0.058594 0.379883 0.076823 0.378906 0.079427 0.378906 0.098958 0.379883 0.100260 0.378906 0.102865 0.378906 0.113281 0.385742 0.125000 0.386719 0.125000 0.388672 0.127604 0.393555 0.127604 0.396484 0.130208 0.398438 0.130208 0.399414 0.128906 0.404297 0.128906 0.405273 0.127604 0.409180 0.126302 0.411133 0.123698 0.415039 0.122396 0.419922 0.115885 0.420898 0.111979 0.423828 0.108073 0.424805 0.102865 0.425781 0.101562 0.425781 0.092448 0.426758 0.091146 0.425781 0.089844 0.425781 0.083333 0.423828 0.078125 0.418945 0.070312 0.417969 0.070312 0.414062 0.065104 0.413086 0.065104 0.409180 0.059896 0.408203 0.059896 0.404297 0.054688
0 0.330078 0.083333 0.327148 0.087240 0.327148 0.088542 0.325195 0.091146 0.323242 0.096354 0.323242 0.098958 0.322266 0.100260 0.322266 0.105469 0.321289 0.106771 0.321289 0.109375 0.319336 0.114583 0.319336 0.119792 0.318359 0.122396 0.319336 0.123698 0.319336 0.127604 0.321289 0.131510 0.321289 0.136719 0.324219 0.139323 0.326172 0.139323 0.327148 0.140625 0.332031 0.140625 0.333008 0.141927 0.346680 0.141927 0.347656 0.143229 0.354492 0.143229 0.354492 0.141927 0.358398 0.136719 0.358398 0.135417 0.362305 0.130208 0.363281 0.127604 0.363281 0.117188 0.362305 0.115885 0.362305 0.109375 0.359375 0.105469 0.358398 0.101562 0.353516 0.095052 0.350586 0.087240 0.345703 0.080729 0.343750 0.079427 0.338867 0.079427 0.337891 0.080729 0.335938 0.080729 0.334961 0.082031 0.332031 0.082031
0 0.315430 0.141927 0.311523 0.148438 0.310547 0.156250 0.309570 0.157552 0.309570 0.162760 0.308594 0.164062 0.309570 0.166667 0.309570 0.184896 0.310547 0.186198 0.310547 0.188802 0.312500 0.194010 0.316406 0.197917 0.318359 0.203125 0.321289 0.207031 0.325195 0.209635 0.327148 0.209635 0.328125 0.208333 0.333984 0.208333 0.334961 0.207031 0.342773 0.204427 0.342773 0.203125 0.350586 0.194010 0.350586 0.191406 0.351562 0.190104 0.351562 0.184896 0.352539 0.183594 0.352539 0.169271 0.353516 0.167969 0.353516 0.157552 0.352539 0.156250 0.352539 0.152344 0.350586 0.149740 0.349609 0.145833 0.347656 0.144531 0.344727 0.144531 0.343750 0.143229 0.330078 0.143229 0.329102 0.141927 0.326172 0.141927 0.325195 0.140625 0.318359 0.140625 0.317383 0.141927
0 0.388672 0.134115 0.377930 0.134115 0.376953 0.135417 0.375000 0.135417 0.374023 0.134115 0.365234 0.134115 0.361328 0.136719 0.356445 0.145833 0.356445 0.149740 0.355469 0.151042 0.355469 0.177083 0.356445 0.178385 0.356445 0.182292 0.360352 0.188802 0.362305 0.196615 0.369141 0.205729 0.371094 0.207031 0.375977 0.207031 0.376953 0.205729 0.379883 0.205729 0.388672 0.200521 0.393555 0.194010 0.393555 0.191406 0.396484 0.187500 0.398438 0.182292 0.398438 0.170573 0.399414 0.169271 0.399414 0.156250 0.400391 0.154948 0.400391 0.145833 0.396484 0.140625 0.395508 0.140625 0.392578 0.136719
0 0.474609 0.091146 0.471680 0.092448 0.469727 0.095052 0.468750 0.098958 0.466797 0.100260 0.463867 0.104167 0.463867 0.105469 0.461914 0.106771 0.457031 0.113281 0.456055 0.117188 0.454102 0.119792 0.453125 0.127604 0.451172 0.132812 0.452148 0.136719 0.454102 0.139323 0.455078 0.148438 0.457031 0.151042 0.460938 0.161458 0.466797 0.161458 0.467773 0.160156 0.470703 0.160156 0.471680 0.158854 0.484375 0.160156 0.488281 0.154948 0.490234 0.149740 0.498047 0.140625 0.500977 0.132812 0.500977 0.118490 0.500000 0.115885 0.498047 0.113281 0.497070 0.113281 0.492188 0.106771 0.492188 0.105469 0.484375 0.096354 0.480469 0.095052
0 0.306641 0.221354 0.304688 0.225260 0.304688 0.231771 0.305664 0.233073 0.305664 0.235677 0.307617 0.240885 0.308594 0.256510 0.310547 0.260417 0.310547 0.263021 0.314453 0.269531 0.317383 0.270833 0.322266 0.276042 0.326172 0.276042 0.327148 0.277344 0.329102 0.277344 0.330078 0.278646 0.333984 0.278646 0.334961 0.279948 0.340820 0.279948 0.344727 0.277344 0.347656 0.273438 0.348633 0.273438 0.354492 0.257812 0.354492 0.246094 0.353516 0.244792 0.353516 0.240885 0.351562 0.238281 0.350586 0.234375 0.344727 0.225260 0.343750 0.225260 0.335938 0.214844 0.333984 0.213542 0.327148 0.213542 0.326172 0.214844 0.321289 0.214844 0.320312 0.216146 0.317383 0.216146 0.314453 0.218750 0.311523 0.218750 0.310547 0.220052
0 0.279297 0.281250 0.275391 0.287760 0.275391 0.290365 0.274414 0.291667 0.274414 0.304688 0.275391 0.305990 0.275391 0.309896 0.276367 0.312500 0.279297 0.316406 0.284180 0.319010 0.286133 0.321615 0.290039 0.324219 0.291992 0.324219 0.297852 0.328125 0.302734 0.333333 0.305664 0.333333 0.306641 0.334635 0.309570 0.334635 0.311523 0.333333 0.311523 0.332031 0.316406 0.325521 0.316406 0.324219 0.321289 0.316406 0.322266 0.313802 0.322266 0.308594 0.323242 0.307292 0.323242 0.300781 0.322266 0.299479 0.322266 0.296875 0.319336 0.291667 0.319336 0.290365 0.315430 0.285156 0.315430 0.283854 0.310547 0.277344 0.305664 0.277344 0.299805 0.273438 0.293945 0.273438 0.292969 0.274740 0.290039 0.274740 0.281250 0.281250
0 0.290039 0.325521 0.289062 0.326823 0.286133 0.326823 0.284180 0.329427 0.283203 0.329427 0.275391 0.341146 0.275391 0.342448 0.272461 0.346354 0.266602 0.359375 0.266602 0.361979 0.265625 0.363281 0.265625 0.368490 0.270508 0.376302 0.270508 0.377604 0.282227 0.391927 0.286133 0.394531 0.291016 0.394531 0.291992 0.395833 0.298828 0.395833 0.299805 0.394531 0.302734 0.394531 0.312500 0.388021 0.317383 0.381510 0.319336 0.376302 0.319336 0.363281 0.315430 0.351562 0.311523 0.345052 0.308594 0.343750 0.297852 0.330729
0 0.264648 0.373698 0.262695 0.373698 0.261719 0.372396 0.257812 0.372396 0.256836 0.371094 0.253906 0.371094 0.252930 0.369792 0.250000 0.369792 0.249023 0.371094 0.244141 0.372396 0.242188 0.375000 0.241211 0.375000 0.231445 0.386719 0.230469 0.391927 0.229492 0.393229 0.228516 0.410156 0.229492 0.411458 0.229492 0.414062 0.234375 0.423177 0.243164 0.429688 0.246094 0.429688 0.248047 0.430990 0.249023 0.429688 0.253906 0.429688 0.254883 0.428385 0.257812 0.428385 0.258789 0.427083 0.261719 0.427083 0.262695 0.425781 0.267578 0.424479 0.273438 0.420573 0.276367 0.416667 0.277344 0.414062 0.277344 0.410156 0.278320 0.408854 0.278320 0.398438 0.277344 0.397135 0.277344 0.393229 0.273438 0.388021 0.273438 0.386719 0.268555 0.378906 0.268555 0.377604
0 0.287109 0.398438 0.280273 0.407552 0.279297 0.410156 0.279297 0.412760 0.278320 0.414062 0.278320 0.416667 0.277344 0.417969 0.277344 0.420573 0.275391 0.425781 0.274414 0.437500 0.277344 0.445312 0.286133 0.458333 0.288086 0.458333 0.289062 0.459635 0.293945 0.459635 0.296875 0.462240 0.308594 0.462240 0.313477 0.455729 0.317383 0.453125 0.323242 0.444010 0.323242 0.440104 0.324219 0.438802 0.324219 0.425781 0.326172 0.420573 0.326172 0.416667 0.323242 0.412760 0.317383 0.408854 0.315430 0.408854 0.314453 0.407552 0.306641 0.404948 0.299805 0.399740
0 0.284180 0.477865 0.269531 0.477865 0.268555 0.479167 0.263672 0.479167 0.262695 0.480469 0.259766 0.480469 0.258789 0.481771 0.255859 0.481771 0.254883 0.483073 0.251953 0.481771 0.250977 0.483073 0.247070 0.483073 0.245117 0.484375 0.241211 0.492188 0.241211 0.496094 0.240234 0.497396 0.240234 0.518229 0.241211 0.519531 0.241211 0.523438 0.243164 0.526042 0.243164 0.527344 0.249023 0.533854 0.252930 0.535156 0.253906 0.536458 0.255859 0.536458 0.256836 0.537760 0.269531 0.537760 0.272461 0.535156 0.278320 0.533854 0.284180 0.527344 0.285156 0.527344 0.289062 0.522135 0.288086 0.519531 0.288086 0.516927 0.289062 0.515625 0.289062 0.510417 0.288086 0.509115 0.288086 0.498698 0.287109 0.497396 0.288086 0.496094 0.288086 0.486979 0.287109 0.485677 0.287109 0.480469
0 0.297852 0.467448 0.296875 0.470052 0.291992 0.475260 0.290039 0.480469 0.290039 0.484375 0.291016 0.485677 0.291016 0.494792 0.291992 0.496094 0.291992 0.501302 0.292969 0.502604 0.292969 0.506510 0.294922 0.510417 0.295898 0.516927 0.297852 0.519531 0.299805 0.519531 0.305664 0.523438 0.320312 0.523438 0.321289 0.522135 0.324219 0.522135 0.326172 0.520833 0.330078 0.515625 0.333984 0.513021 0.333984 0.510417 0.334961 0.509115 0.334961 0.503906 0.333984 0.502604 0.333984 0.498698 0.330078 0.490885 0.330078 0.484375 0.329102 0.483073 0.329102 0.479167 0.328125 0.477865 0.328125 0.475260 0.327148 0.472656 0.323242 0.467448 0.321289 0.466146 0.319336 0.466146 0.318359 0.464844 0.307617 0.464844 0.306641 0.466146 0.304688 0.464844 0.301758 0.464844
0 0.289062 0.537760 0.280273 0.548177 0.278320 0.553385 0.272461 0.561198 0.271484 0.566406 0.270508 0.567708 0.270508 0.571615 0.271484 0.572917 0.272461 0.578125 0.274414 0.580729 0.278320 0.589844 0.279297 0.589844 0.282227 0.593750 0.284180 0.593750 0.285156 0.595052 0.288086 0.595052 0.289062 0.596354 0.291992 0.596354 0.292969 0.597656 0.296875 0.597656 0.297852 0.598958 0.300781 0.598958 0.301758 0.597656 0.306641 0.597656 0.307617 0.596354 0.312500 0.595052 0.314453 0.592448 0.315430 0.592448 0.318359 0.587240 0.319336 0.582031 0.320312 0.580729 0.320312 0.578125 0.321289 0.576823 0.321289 0.571615 0.320312 0.570312 0.320312 0.566406 0.319336 0.565104 0.319336 0.561198 0.318359 0.558594 0.313477 0.550781 0.312500 0.545573 0.310547 0.544271 0.309570 0.541667 0.305664 0.536458 0.302734 0.536458 0.301758 0.535156 0.293945 0.535156 0.292969 0.536458
0 0.327148 0.313802 0.321289 0.322917 0.319336 0.328125 0.319336 0.330729 0.318359 0.332031 0.318359 0.335938 0.317383 0.337240 0.317383 0.339844 0.316406 0.341146 0.316406 0.346354 0.320312 0.356771 0.326172 0.364583 0.328125 0.364583 0.329102 0.365885 0.334961 0.365885 0.338867 0.368490 0.344727 0.368490 0.345703 0.369792 0.352539 0.369792 0.358398 0.360677 0.360352 0.355469 0.360352 0.351562 0.361328 0.350260 0.362305 0.343750 0.363281 0.342448 0.363281 0.338542 0.360352 0.334635 0.360352 0.329427 0.357422 0.324219 0.357422 0.321615 0.350586 0.312500 0.348633 0.311198 0.345703 0.311198 0.344727 0.309896 0.334961 0.309896 0.333984 0.311198 0.332031 0.311198 0.331055 0.312500 0.329102 0.312500
0 0.340820 0.371094 0.336914 0.373698 0.334961 0.376302 0.333984 0.376302 0.327148 0.385417 0.325195 0.386719 0.325195 0.389323 0.322266 0.395833 0.322266 0.399740 0.323242 0.401042 0.323242 0.404948 0.324219 0.406250 0.324219 0.408854 0.326172 0.411458 0.328125 0.416667 0.328125 0.419271 0.330078 0.423177 0.330078 0.428385 0.336914 0.434896 0.339844 0.434896 0.340820 0.436198 0.343750 0.436198 0.344727 0.437500 0.349609 0.437500 0.350586 0.436198 0.353516 0.436198 0.357422 0.433594 0.359375 0.430990 0.359375 0.429688 0.364258 0.423177 0.365234 0.420573 0.365234 0.410156 0.364258 0.408854 0.364258 0.404948 0.363281 0.403646 0.363281 0.398438 0.361328 0.394531 0.361328 0.391927 0.358398 0.384115 0.352539 0.376302 0.351562 0.373698 0.349609 0.372396 0.345703 0.372396 0.344727 0.371094
0 0.365234 0.460938 0.353516 0.460938 0.351562 0.459635 0.350586 0.460938 0.344727 0.460938 0.343750 0.462240 0.341797 0.462240 0.339844 0.463542 0.333984 0.471354 0.332031 0.476562 0.332031 0.479167 0.331055 0.480469 0.331055 0.486979 0.332031 0.488281 0.332031 0.490885 0.335938 0.501302 0.339844 0.506510 0.339844 0.507812 0.348633 0.522135 0.351562 0.522135 0.352539 0.523438 0.354492 0.523438 0.355469 0.522135 0.359375 0.522135 0.360352 0.520833 0.362305 0.520833 0.367188 0.515625 0.371094 0.513021 0.377930 0.502604 0.377930 0.500000 0.378906 0.498698 0.378906 0.492188 0.379883 0.490885 0.379883 0.485677 0.378906 0.484375 0.378906 0.481771 0.376953 0.476562 0.375000 0.475260 0.371094 0.470052 0.370117 0.470052 0.366211 0.464844 0.366211 0.462240
0 0.357422 0.524740 0.353516 0.527344 0.351562 0.529948 0.350586 0.529948 0.345703 0.536458 0.344727 0.539062 0.344727 0.542969 0.343750 0.544271 0.343750 0.558594 0.344727 0.559896 0.344727 0.562500 0.345703 0.565104 0.351562 0.572917 0.355469 0.574219 0.361328 0.578125 0.364258 0.578125 0.365234 0.579427 0.368164 0.579427 0.369141 0.580729 0.374023 0.580729 0.381836 0.575521 0.383789 0.572917 0.387695 0.570312 0.392578 0.563802 0.392578 0.561198 0.394531 0.555990 0.394531 0.550781 0.395508 0.549479 0.395508 0.539062 0.394531 0.537760 0.392578 0.537760 0.389648 0.535156 0.387695 0.535156 0.380859 0.529948 0.378906 0.529948 0.374023 0.526042 0.369141 0.524740 0.366211 0.522135 0.364258 0.522135 0.360352 0.524740
0 0.325195 0.583333 0.323242 0.585938 0.317383 0.601562 0.317383 0.606771 0.316406 0.608073 0.316406 0.613281 0.315430 0.614583 0.316406 0.622396 0.320312 0.632812 0.326172 0.640625 0.330078 0.643229 0.332031 0.643229 0.333008 0.644531 0.339844 0.644531 0.340820 0.643229 0.345703 0.643229 0.353516 0.634115 0.353516 0.632812 0.357422 0.627604 0.357422 0.626302 0.363281 0.617188 0.364258 0.611979 0.365234 0.610677 0.364258 0.608073 0.364258 0.601562 0.363281 0.600260 0.363281 0.597656 0.361328 0.595052 0.361328 0.593750 0.353516 0.583333 0.349609 0.580729 0.333008 0.580729 0.332031 0.582031
0 0.408203 0.178385 0.399414 0.188802 0.399414 0.190104 0.396484 0.195312 0.396484 0.200521 0.397461 0.201823 0.398438 0.208333 0.403320 0.221354 0.404297 0.235677 0.406250 0.238281 0.410156 0.239583 0.411133 0.240885 0.416016 0.240885 0.418945 0.238281 0.426758 0.238281 0.427734 0.236979 0.428711 0.238281 0.431641 0.238281 0.432617 0.236979 0.434570 0.236979 0.438477 0.230469 0.438477 0.226562 0.439453 0.225260 0.439453 0.217448 0.440430 0.216146 0.440430 0.200521 0.438477 0.197917 0.436523 0.191406 0.433594 0.186198 0.432617 0.186198 0.428711 0.180990 0.427734 0.180990 0.420898 0.174479 0.415039 0.174479 0.414062 0.175781 0.412109 0.175781
0 0.379883 0.208333 0.378906 0.209635 0.376953 0.209635 0.369141 0.214844 0.360352 0.225260 0.360352 0.226562 0.357422 0.230469 0.357422 0.240885 0.358398 0.242188 0.358398 0.248698 0.360352 0.253906 0.362305 0.256510 0.363281 0.260417 0.366211 0.264323 0.370117 0.266927 0.374023 0.266927 0.377930 0.269531 0.382812 0.269531 0.384766 0.270833 0.385742 0.269531 0.389648 0.269531 0.390625 0.268229 0.392578 0.268229 0.399414 0.257812 0.401367 0.252604 0.401367 0.243490 0.402344 0.242188 0.402344 0.233073 0.403320 0.230469 0.402344 0.229167 0.402344 0.222656 0.400391 0.217448 0.396484 0.212240 0.392578 0.209635 0.389648 0.209635 0.388672 0.208333
0 0.365234 0.278646 0.361328 0.282552 0.360352 0.282552 0.358398 0.285156 0.357422 0.285156 0.354492 0.289062 0.354492 0.290365 0.353516 0.291667 0.353516 0.295573 0.352539 0.296875 0.352539 0.302083 0.353516 0.303385 0.353516 0.305990 0.355469 0.308594 0.356445 0.312500 0.365234 0.324219 0.365234 0.325521 0.368164 0.329427 0.369141 0.329427 0.370117 0.330729 0.374023 0.330729 0.375000 0.332031 0.383789 0.332031 0.387695 0.328125 0.388672 0.328125 0.394531 0.320312 0.394531 0.319010 0.396484 0.316406 0.396484 0.315104 0.397461 0.313802 0.397461 0.309896 0.398438 0.308594 0.398438 0.298177 0.397461 0.296875 0.396484 0.292969 0.389648 0.283854 0.388672 0.283854 0.384766 0.279948 0.383789 0.279948 0.379883 0.274740 0.376953 0.274740 0.375977 0.276042 0.373047 0.276042 0.372070 0.277344
0 0.369141 0.334635 0.369141 0.335938 0.366211 0.339844 0.366211 0.341146 0.363281 0.346354 0.363281 0.348958 0.362305 0.350260 0.362305 0.355469 0.361328 0.356771 0.361328 0.360677 0.360352 0.361979 0.360352 0.365885 0.361328 0.367188 0.361328 0.372396 0.362305 0.373698 0.362305 0.376302 0.364258 0.381510 0.372070 0.394531 0.375000 0.394531 0.375977 0.395833 0.389648 0.395833 0.390625 0.394531 0.392578 0.394531 0.393555 0.393229 0.397461 0.391927 0.397461 0.390625 0.400391 0.385417 0.400391 0.382812 0.405273 0.376302 0.406250 0.373698 0.406250 0.361979 0.407227 0.360677 0.406250 0.359375 0.406250 0.350260 0.404297 0.345052 0.400391 0.341146 0.398438 0.341146 0.397461 0.339844 0.395508 0.339844 0.394531 0.338542 0.392578 0.338542 0.391602 0.337240 0.389648 0.337240 0.385742 0.334635 0.375977 0.334635 0.375000 0.333333 0.371094 0.333333
0 0.378906 0.411458 0.373047 0.415365 0.371094 0.417969 0.370117 0.417969 0.370117 0.419271 0.368164 0.420573 0.367188 0.423177 0.361328 0.430990 0.360352 0.433594 0.360352 0.446615 0.361328 0.447917 0.362305 0.454427 0.363281 0.457031 0.367188 0.459635 0.369141 0.459635 0.373047 0.463542 0.377930 0.464844 0.379883 0.467448 0.382812 0.467448 0.383789 0.468750 0.388672 0.468750 0.389648 0.470052 0.392578 0.470052 0.393555 0.468750 0.395508 0.468750 0.404297 0.458333 0.404297 0.457031 0.407227 0.451823 0.407227 0.449219 0.408203 0.447917 0.408203 0.433594 0.406250 0.429688 0.406250 0.427083 0.405273 0.424479 0.399414 0.416667 0.397461 0.415365 0.395508 0.415365 0.394531 0.414062 0.391602 0.414062 0.390625 0.412760 0.384766 0.412760 0.383789 0.411458
0 0.392578 0.476562 0.386719 0.480469 0.381836 0.485677 0.381836 0.490885 0.380859 0.492188 0.380859 0.501302 0.379883 0.502604 0.379883 0.509115 0.378906 0.510417 0.378906 0.523438 0.379883 0.524740 0.379883 0.527344 0.383789 0.531250 0.388672 0.532552 0.394531 0.536458 0.402344 0.536458 0.403320 0.535156 0.405273 0.535156 0.406250 0.533854 0.408203 0.533854 0.409180 0.532552 0.411133 0.532552 0.415039 0.529948 0.420898 0.522135 0.422852 0.516927 0.422852 0.509115 0.423828 0.507812 0.422852 0.505208 0.422852 0.498698 0.421875 0.497396 0.420898 0.490885 0.417969 0.486979 0.416992 0.486979 0.412109 0.481771 0.410156 0.481771 0.409180 0.480469 0.405273 0.480469 0.399414 0.476562
0 0.380859 0.636719 0.376953 0.635417 0.375000 0.632812 0.368164 0.628906 0.360352 0.634115 0.357422 0.634115 0.355469 0.635417 0.344727 0.647135 0.339844 0.647135 0.339844 0.649740 0.337891 0.654948 0.337891 0.661458 0.336914 0.662760 0.336914 0.666667 0.337891 0.667969 0.338867 0.673177 0.340820 0.675781 0.342773 0.680990 0.348633 0.688802 0.350586 0.688802 0.351562 0.690104 0.357422 0.690104 0.358398 0.691406 0.365234 0.691406 0.366211 0.690104 0.370117 0.690104 0.375977 0.686198 0.375977 0.684896 0.381836 0.677083 0.381836 0.675781 0.383789 0.673177 0.383789 0.671875 0.385742 0.669271 0.387695 0.664062 0.387695 0.653646 0.386719 0.652344 0.386719 0.647135
0 0.332031 0.699219 0.332031 0.701823 0.331055 0.703125 0.331055 0.707031 0.330078 0.708333 0.330078 0.721354 0.331055 0.722656 0.331055 0.725260 0.332031 0.727865 0.346680 0.746094 0.347656 0.746094 0.349609 0.748698 0.352539 0.748698 0.356445 0.751302 0.359375 0.751302 0.367188 0.744792 0.372070 0.744792 0.373047 0.743490 0.375977 0.743490 0.376953 0.742188 0.379883 0.734375 0.379883 0.729167 0.380859 0.727865 0.380859 0.720052 0.378906 0.714844 0.365234 0.694010 0.362305 0.694010 0.361328 0.692708 0.352539 0.692708 0.351562 0.691406 0.348633 0.691406 0.347656 0.690104 0.342773 0.690104 0.340820 0.691406 0.336914 0.696615 0.333984 0.696615
0 0.406250 0.664062 0.404297 0.664062 0.403320 0.662760 0.399414 0.662760 0.398438 0.664062 0.392578 0.664062 0.390625 0.665365 0.380859 0.679688 0.380859 0.680990 0.376953 0.686198 0.376953 0.687500 0.375000 0.688802 0.371094 0.694010 0.372070 0.700521 0.374023 0.703125 0.375977 0.708333 0.380859 0.714844 0.381836 0.717448 0.385742 0.720052 0.399414 0.720052 0.400391 0.718750 0.404297 0.718750 0.405273 0.717448 0.410156 0.716146 0.415039 0.709635 0.415039 0.708333 0.416992 0.705729 0.419922 0.694010 0.416992 0.687500 0.416992 0.684896 0.416016 0.682292 0.410156 0.673177 0.408203 0.666667
0 0.403320 0.604167 0.401367 0.606771 0.401367 0.610677 0.399414 0.614583 0.399414 0.622396 0.398438 0.623698 0.398438 0.630208 0.399414 0.631510 0.399414 0.648438 0.401367 0.653646 0.406250 0.660156 0.414062 0.665365 0.423828 0.665365 0.424805 0.664062 0.428711 0.664062 0.436523 0.658854 0.439453 0.653646 0.439453 0.651042 0.440430 0.649740 0.440430 0.645833 0.441406 0.644531 0.441406 0.636719 0.442383 0.635417 0.442383 0.627604 0.440430 0.622396 0.438477 0.619792 0.438477 0.618490 0.435547 0.614583 0.432617 0.613281 0.430664 0.610677 0.426758 0.608073 0.422852 0.608073 0.421875 0.606771 0.415039 0.606771 0.414062 0.608073 0.410156 0.608073 0.408203 0.610677 0.407227 0.610677 0.405273 0.605469
0 0.427734 0.539062 0.424805 0.539062 0.423828 0.540365 0.421875 0.539062 0.414062 0.539062 0.413086 0.540365 0.411133 0.540365 0.407227 0.544271 0.406250 0.544271 0.400391 0.552083 0.399414 0.554688 0.399414 0.557292 0.398438 0.558594 0.398438 0.592448 0.400391 0.595052 0.400391 0.596354 0.404297 0.598958 0.407227 0.598958 0.408203 0.600260 0.410156 0.600260 0.413086 0.602865 0.418945 0.602865 0.422852 0.598958 0.424805 0.598958 0.428711 0.596354 0.430664 0.593750 0.433594 0.592448 0.439453 0.584635 0.440430 0.582031 0.440430 0.555990 0.437500 0.548177 0.434570 0.544271 0.433594 0.544271 0.431641 0.541667
0 0.421875 0.756510 0.413086 0.763021 0.413086 0.764323 0.411133 0.766927 0.409180 0.766927 0.408203 0.768229 0.408203 0.770833 0.407227 0.772135 0.404297 0.773438 0.405273 0.774740 0.407227 0.774740 0.408203 0.776042 0.408203 0.778646 0.407227 0.779948 0.405273 0.779948 0.404297 0.778646 0.403320 0.781250 0.403320 0.785156 0.405273 0.790365 0.406250 0.799479 0.415039 0.812500 0.420898 0.816406 0.422852 0.816406 0.427734 0.820312 0.432617 0.820312 0.433594 0.819010 0.438477 0.817708 0.441406 0.813802 0.445312 0.803385 0.449219 0.796875 0.449219 0.794271 0.452148 0.787760 0.452148 0.782552 0.451172 0.779948 0.444336 0.770833 0.443359 0.770833 0.439453 0.765625 0.438477 0.765625 0.432617 0.759115 0.428711 0.756510
0 0.458984 0.781250 0.458008 0.782552 0.458008 0.783854 0.453125 0.790365 0.453125 0.791667 0.451172 0.794271 0.451172 0.796875 0.450195 0.798177 0.450195 0.800781 0.449219 0.802083 0.449219 0.805990 0.450195 0.807292 0.450195 0.808594 0.451172 0.809896 0.451172 0.811198 0.452148 0.812500 0.452148 0.813802 0.453125 0.815104 0.453125 0.816406 0.455078 0.820312 0.456055 0.820312 0.457031 0.821615 0.458984 0.821615 0.459961 0.822917 0.464844 0.822917 0.465820 0.824219 0.466797 0.824219 0.467773 0.822917 0.471680 0.822917 0.472656 0.821615 0.473633 0.821615 0.473633 0.817708 0.472656 0.816406 0.472656 0.813802 0.471680 0.812500 0.471680 0.808594 0.469727 0.804688 0.469727 0.802083 0.468750 0.800781 0.468750 0.799479 0.466797 0.796875 0.466797 0.795573 0.465820 0.794271 0.465820 0.792969 0.464844 0.791667 0.464844 0.790365 0.462891 0.787760 0.462891 0.786458
0 0.473633 0.710938 0.472656 0.712240 0.469727 0.712240 0.468750 0.713542 0.461914 0.713542 0.454102 0.718750 0.439453 0.718750 0.436523 0.725260 0.437500 0.726562 0.437500 0.730469 0.438477 0.731771 0.438477 0.736979 0.439453 0.738281 0.439453 0.742188 0.440430 0.743490 0.440430 0.750000 0.443359 0.757812 0.453125 0.770833 0.455078 0.770833 0.456055 0.772135 0.459961 0.772135 0.460938 0.770833 0.465820 0.770833 0.466797 0.769531 0.474609 0.769531 0.476562 0.766927 0.477539 0.766927 0.477539 0.765625 0.484375 0.756510 0.484375 0.753906 0.485352 0.752604 0.485352 0.738281 0.484375 0.736979 0.484375 0.734375 0.482422 0.729167 0.482422 0.722656 0.480469 0.717448 0.479492 0.717448
0 0.445312 0.658854 0.442383 0.662760 0.440430 0.664062 0.436523 0.664062 0.434570 0.666667 0.434570 0.667969 0.432617 0.670573 0.431641 0.670573 0.425781 0.678385 0.423828 0.683594 0.423828 0.694010 0.424805 0.696615 0.433594 0.708333 0.438477 0.710938 0.442383 0.716146 0.444336 0.716146 0.445312 0.717448 0.454102 0.717448 0.459961 0.713542 0.462891 0.709635 0.463867 0.707031 0.463867 0.704427 0.464844 0.703125 0.464844 0.699219 0.466797 0.694010 0.466797 0.690104 0.468750 0.684896 0.468750 0.677083 0.465820 0.669271 0.458008 0.661458 0.456055 0.660156 0.453125 0.660156 0.452148 0.658854
0 0.482422 0.645833 0.481445 0.647135 0.479492 0.647135 0.477539 0.648438 0.470703 0.657552 0.468750 0.662760 0.468750 0.670573 0.469727 0.671875 0.469727 0.677083 0.470703 0.678385 0.470703 0.682292 0.471680 0.683594 0.472656 0.695312 0.474609 0.699219 0.474609 0.701823 0.475586 0.704427 0.478516 0.708333 0.481445 0.708333 0.485352 0.710938 0.495117 0.710938 0.502930 0.700521 0.503906 0.696615 0.507812 0.691406 0.508789 0.688802 0.508789 0.686198 0.510742 0.680990 0.510742 0.667969 0.509766 0.666667 0.509766 0.664062 0.507812 0.658854 0.498047 0.645833 0.492188 0.645833 0.491211 0.647135 0.483398 0.647135
0 0.501953 0.733073 0.500977 0.734375 0.500977 0.738281 0.500000 0.739583 0.500000 0.742188 0.499023 0.743490 0.499023 0.751302 0.500000 0.752604 0.500000 0.755208 0.500977 0.756510 0.500977 0.763021 0.500000 0.764323 0.499023 0.768229 0.500977 0.770833 0.501953 0.777344 0.504883 0.781250 0.507812 0.781250 0.508789 0.782552 0.520508 0.782552 0.521484 0.781250 0.524414 0.781250 0.525391 0.779948 0.532227 0.776042 0.541016 0.763021 0.541016 0.759115 0.541992 0.757812 0.541992 0.756510 0.541016 0.755208 0.541016 0.750000 0.540039 0.748698 0.539062 0.744792 0.535156 0.739583 0.533203 0.739583 0.532227 0.738281 0.531250 0.738281 0.526367 0.734375 0.524414 0.734375 0.521484 0.731771 0.518555 0.731771 0.513672 0.727865 0.508789 0.729167 0.505859 0.733073
0 0.520508 0.673177 0.518555 0.675781 0.517578 0.675781 0.512695 0.682292 0.510742 0.687500 0.510742 0.690104 0.509766 0.691406 0.509766 0.695312 0.508789 0.696615 0.509766 0.708333 0.514648 0.721354 0.516602 0.723958 0.518555 0.729167 0.520508 0.730469 0.523438 0.730469 0.529297 0.734375 0.537109 0.734375 0.538086 0.733073 0.541016 0.733073 0.542969 0.730469 0.543945 0.730469 0.544922 0.727865 0.548828 0.722656 0.550781 0.717448 0.550781 0.714844 0.551758 0.713542 0.551758 0.699219 0.548828 0.692708 0.547852 0.686198 0.544922 0.680990 0.541016 0.680990 0.540039 0.679688 0.538086 0.679688 0.535156 0.675781 0.534180 0.675781 0.530273 0.671875 0.523438 0.671875 0.522461 0.673177
0 0.451172 0.583333 0.449219 0.584635 0.444336 0.591146 0.441406 0.598958 0.441406 0.611979 0.442383 0.613281 0.442383 0.615885 0.446289 0.626302 0.455078 0.638021 0.460938 0.641927 0.467773 0.641927 0.468750 0.643229 0.470703 0.643229 0.471680 0.641927 0.474609 0.641927 0.475586 0.640625 0.477539 0.640625 0.481445 0.638021 0.490234 0.625000 0.490234 0.614583 0.487305 0.609375 0.486328 0.604167 0.480469 0.593750 0.477539 0.585938 0.474609 0.582031 0.465820 0.582031 0.464844 0.583333 0.460938 0.583333 0.458984 0.585938 0.457031 0.585938 0.456055 0.584635 0.452148 0.584635
0 0.449219 0.545573 0.449219 0.550781 0.451172 0.554688 0.456055 0.554688 0.457031 0.555990 0.459961 0.555990 0.463867 0.559896 0.463867 0.561198 0.465820 0.563802 0.465820 0.569010 0.467773 0.574219 0.470703 0.578125 0.474609 0.578125 0.490234 0.567708 0.493164 0.563802 0.494141 0.563802 0.494141 0.562500 0.496094 0.559896 0.496094 0.544271 0.493164 0.536458 0.490234 0.531250 0.487305 0.529948 0.482422 0.523438 0.480469 0.523438 0.479492 0.522135 0.472656 0.522135 0.471680 0.523438 0.467773 0.523438 0.466797 0.522135 0.461914 0.522135 0.456055 0.527344 0.454102 0.532552 0.454102 0.535156 0.453125 0.536458 0.453125 0.540365
0 0.519531 0.561198 0.517578 0.561198 0.516602 0.559896 0.509766 0.559896 0.508789 0.561198 0.506836 0.561198 0.497070 0.567708 0.494141 0.571615 0.492188 0.571615 0.490234 0.572917 0.488281 0.575521 0.488281 0.576823 0.486328 0.579427 0.486328 0.584635 0.485352 0.585938 0.485352 0.595052 0.486328 0.596354 0.486328 0.598958 0.492188 0.610677 0.496094 0.613281 0.498047 0.613281 0.500977 0.615885 0.502930 0.615885 0.503906 0.617188 0.513672 0.617188 0.514648 0.615885 0.519531 0.614583 0.525391 0.610677 0.527344 0.608073 0.528320 0.608073 0.533203 0.601562 0.534180 0.598958 0.534180 0.596354 0.535156 0.595052 0.535156 0.589844 0.533203 0.585938 0.533203 0.583333
0 0.420898 0.444010 0.418945 0.446615 0.415039 0.449219 0.415039 0.451823 0.413086 0.455729 0.413086 0.459635 0.411133 0.464844 0.411133 0.471354 0.412109 0.473958 0.428711 0.497396 0.432617 0.500000 0.442383 0.500000 0.444336 0.498698 0.448242 0.493490 0.451172 0.485677 0.451172 0.481771 0.457031 0.467448 0.457031 0.464844 0.458008 0.463542 0.458008 0.458333 0.456055 0.453125 0.452148 0.447917 0.450195 0.447917 0.444336 0.442708 0.441406 0.442708 0.440430 0.441406 0.427734 0.441406 0.426758 0.442708 0.423828 0.442708 0.422852 0.444010
0 0.458984 0.464844 0.454102 0.471354 0.454102 0.473958 0.453125 0.475260 0.453125 0.477865 0.451172 0.483073 0.451172 0.493490 0.453125 0.497396 0.453125 0.500000 0.454102 0.502604 0.459961 0.510417 0.460938 0.510417 0.461914 0.513021 0.466797 0.519531 0.468750 0.520833 0.478516 0.520833 0.479492 0.519531 0.484375 0.518229 0.488281 0.514323 0.489258 0.514323 0.496094 0.496094 0.496094 0.493490 0.497070 0.492188 0.497070 0.483073 0.496094 0.481771 0.496094 0.479167 0.495117 0.476562 0.489258 0.468750 0.483398 0.464844 0.475586 0.464844 0.474609 0.463542 0.461914 0.463542 0.460938 0.464844
0 0.422852 0.378906 0.421875 0.380208 0.416016 0.380208 0.415039 0.381510 0.413086 0.381510 0.409180 0.384115 0.407227 0.386719 0.406250 0.386719 0.402344 0.391927 0.402344 0.402344 0.403320 0.403646 0.403320 0.408854 0.404297 0.410156 0.404297 0.412760 0.408203 0.421875 0.408203 0.424479 0.410156 0.429688 0.413086 0.433594 0.413086 0.434896 0.416992 0.437500 0.418945 0.437500 0.419922 0.438802 0.422852 0.438802 0.423828 0.440104 0.425781 0.440104 0.426758 0.438802 0.431641 0.438802 0.435547 0.436198 0.440430 0.429688 0.440430 0.428385 0.443359 0.424479 0.445312 0.419271 0.445312 0.415365 0.446289 0.414062 0.446289 0.407552 0.445312 0.406250 0.445312 0.402344 0.442383 0.394531 0.440430 0.391927 0.438477 0.385417 0.436523 0.382812 0.434570 0.381510 0.429688 0.381510 0.428711 0.380208 0.424805 0.380208
0 0.458008 0.404948 0.452148 0.412760 0.452148 0.414062 0.450195 0.416667 0.448242 0.421875 0.448242 0.424479 0.447266 0.425781 0.447266 0.432292 0.448242 0.434896 0.452148 0.438802 0.454102 0.445312 0.463867 0.455729 0.467773 0.455729 0.468750 0.457031 0.474609 0.457031 0.475586 0.458333 0.483398 0.458333 0.484375 0.459635 0.487305 0.458333 0.493164 0.450521 0.493164 0.447917 0.494141 0.446615 0.494141 0.442708 0.495117 0.441406 0.495117 0.424479 0.494141 0.423177 0.494141 0.412760 0.493164 0.410156 0.490234 0.406250 0.482422 0.401042 0.462891 0.401042 0.460938 0.403646
0 0.500977 0.496094 0.500000 0.497396 0.500000 0.502604 0.499023 0.503906 0.499023 0.507812 0.496094 0.514323 0.496094 0.518229 0.495117 0.519531 0.495117 0.533854 0.497070 0.539062 0.499023 0.541667 0.499023 0.542969 0.504883 0.550781 0.506836 0.550781 0.507812 0.552083 0.509766 0.552083 0.510742 0.553385 0.512695 0.553385 0.516602 0.555990 0.525391 0.555990 0.526367 0.554688 0.529297 0.554688 0.532227 0.550781 0.535156 0.542969 0.535156 0.540365 0.536133 0.539062 0.536133 0.536458 0.537109 0.535156 0.537109 0.532552 0.539062 0.527344 0.539062 0.513021 0.535156 0.505208 0.532227 0.503906 0.529297 0.500000 0.528320 0.500000 0.526367 0.497396 0.520508 0.493490 0.517578 0.493490 0.516602 0.492188 0.508789 0.492188 0.502930 0.496094
0 0.416016 0.311198 0.414062 0.313802 0.411133 0.321615 0.407227 0.325521 0.405273 0.330729 0.405273 0.339844 0.407227 0.343750 0.408203 0.350260 0.412109 0.355469 0.413086 0.361979 0.416992 0.368490 0.423828 0.369792 0.427734 0.372396 0.436523 0.372396 0.440430 0.369792 0.442383 0.367188 0.446289 0.356771 0.454102 0.346354 0.454102 0.342448 0.455078 0.341146 0.455078 0.334635 0.454102 0.333333 0.454102 0.330729 0.450195 0.324219 0.449219 0.324219 0.437500 0.308594 0.435547 0.307292 0.430664 0.307292 0.428711 0.309896 0.424805 0.312500 0.421875 0.312500 0.420898 0.311198
0 0.427734 0.243490 0.422852 0.243490 0.421875 0.244792 0.418945 0.244792 0.417969 0.246094 0.413086 0.246094 0.412109 0.247396 0.407227 0.248698 0.401367 0.255208 0.396484 0.266927 0.396484 0.279948 0.397461 0.281250 0.398438 0.286458 0.401367 0.290365 0.401367 0.291667 0.405273 0.296875 0.411133 0.300781 0.416992 0.308594 0.418945 0.308594 0.422852 0.311198 0.430664 0.305990 0.433594 0.302083 0.433594 0.300781 0.440430 0.292969 0.440430 0.291667 0.446289 0.283854 0.447266 0.281250 0.447266 0.273438 0.446289 0.272135 0.446289 0.268229 0.443359 0.260417 0.439453 0.257812 0.434570 0.252604 0.433594 0.252604
0 0.458008 0.233073 0.457031 0.234375 0.456055 0.234375 0.451172 0.240885 0.450195 0.240885 0.449219 0.242188 0.449219 0.243490 0.448242 0.244792 0.447266 0.244792 0.445312 0.248698 0.445312 0.260417 0.446289 0.261719 0.446289 0.265625 0.447266 0.266927 0.447266 0.269531 0.448242 0.270833 0.448242 0.279948 0.449219 0.281250 0.449219 0.282552 0.450195 0.282552 0.451172 0.283854 0.453125 0.283854 0.454102 0.285156 0.458984 0.286458 0.459961 0.287760 0.460938 0.287760 0.461914 0.289062 0.463867 0.289062 0.464844 0.290365 0.475586 0.290365 0.478516 0.286458 0.479492 0.286458 0.479492 0.285156 0.482422 0.281250 0.482422 0.279948 0.485352 0.273438 0.485352 0.270833 0.486328 0.269531 0.486328 0.256510 0.485352 0.255208 0.484375 0.246094 0.479492 0.239583 0.478516 0.239583 0.473633 0.235677 0.471680 0.235677 0.470703 0.234375 0.462891 0.234375 0.461914 0.233073
0 0.481445 0.162760 0.468750 0.162760 0.467773 0.164062 0.464844 0.164062 0.463867 0.165365 0.458984 0.166667 0.450195 0.177083 0.449219 0.180990 0.446289 0.184896 0.446289 0.187500 0.445312 0.188802 0.445312 0.196615 0.447266 0.199219 0.450195 0.199219 0.452148 0.204427 0.455078 0.208333 0.456055 0.208333 0.460938 0.216146 0.458008 0.221354 0.458008 0.223958 0.457031 0.225260 0.458008 0.226562 0.464844 0.226562 0.465820 0.225260 0.468750 0.227865 0.474609 0.227865 0.475586 0.226562 0.479492 0.226562 0.481445 0.225260 0.491211 0.212240 0.492188 0.209635 0.492188 0.207031 0.493164 0.205729 0.493164 0.197917 0.492188 0.196615 0.491211 0.180990 0.486328 0.167969
0 0.499023 0.147135 0.497070 0.149740 0.495117 0.154948 0.495117 0.158854 0.493164 0.164062 0.493164 0.170573 0.492188 0.171875 0.492188 0.175781 0.493164 0.177083 0.493164 0.190104 0.496094 0.197917 0.496094 0.200521 0.501953 0.207031 0.503906 0.208333 0.506836 0.208333 0.512695 0.212240 0.516602 0.209635 0.520508 0.209635 0.525391 0.203125 0.526367 0.196615 0.531250 0.184896 0.531250 0.173177 0.530273 0.171875 0.530273 0.161458 0.529297 0.158854 0.526367 0.154948 0.514648 0.147135 0.511719 0.147135 0.510742 0.145833 0.501953 0.145833 0.500977 0.147135
0 0.512695 0.223958 0.506836 0.223958 0.505859 0.225260 0.502930 0.225260 0.501953 0.226562 0.500000 0.226562 0.497070 0.231771 0.497070 0.234375 0.496094 0.235677 0.496094 0.238281 0.495117 0.240885 0.490234 0.247396 0.489258 0.250000 0.489258 0.252604 0.488281 0.253906 0.488281 0.272135 0.491211 0.277344 0.492188 0.281250 0.496094 0.286458 0.498047 0.287760 0.500000 0.287760 0.500977 0.289062 0.507812 0.289062 0.509766 0.290365 0.510742 0.289062 0.515625 0.289062 0.517578 0.287760 0.527344 0.274740 0.527344 0.273438 0.529297 0.270833 0.531250 0.265625 0.531250 0.260417 0.530273 0.259115 0.530273 0.251302 0.529297 0.250000 0.529297 0.244792 0.528320 0.243490 0.528320 0.235677 0.527344 0.234375 0.527344 0.230469 0.524414 0.227865 0.522461 0.227865 0.521484 0.226562 0.518555 0.226562 0.517578 0.225260 0.513672 0.225260
0 0.565430 0.197917 0.563477 0.196615 0.561523 0.197917 0.558594 0.197917 0.556641 0.200521 0.554688 0.200521 0.551758 0.203125 0.549805 0.203125 0.547852 0.204427 0.541016 0.212240 0.540039 0.214844 0.540039 0.218750 0.536133 0.225260 0.536133 0.227865 0.535156 0.229167 0.535156 0.234375 0.536133 0.235677 0.536133 0.238281 0.535156 0.239583 0.535156 0.246094 0.537109 0.251302 0.540039 0.255208 0.540039 0.257812 0.541992 0.257812 0.542969 0.259115 0.545898 0.259115 0.546875 0.257812 0.548828 0.257812 0.549805 0.259115 0.552734 0.259115 0.553711 0.260417 0.555664 0.260417 0.556641 0.259115 0.561523 0.257812 0.566406 0.251302 0.567383 0.251302 0.570312 0.247396 0.571289 0.247396 0.574219 0.243490 0.575195 0.243490 0.581055 0.235677 0.582031 0.233073 0.582031 0.221354 0.580078 0.218750 0.580078 0.217448
0 0.586914 0.286458 0.585938 0.283854 0.583984 0.282552 0.580078 0.277344 0.579102 0.274740 0.578125 0.274740 0.576172 0.272135 0.575195 0.272135 0.573242 0.269531 0.569336 0.266927 0.565430 0.266927 0.564453 0.268229 0.561523 0.268229 0.560547 0.269531 0.558594 0.269531 0.557617 0.268229 0.550781 0.268229 0.549805 0.269531 0.547852 0.269531 0.543945 0.272135 0.543945 0.273438 0.538086 0.283854 0.536133 0.289062 0.536133 0.292969 0.535156 0.294271 0.535156 0.300781 0.536133 0.303385 0.541016 0.309896 0.542969 0.311198 0.548828 0.311198 0.549805 0.312500 0.551758 0.312500 0.555664 0.315104 0.558594 0.315104 0.559570 0.316406 0.579102 0.316406 0.581055 0.313802 0.581055 0.312500 0.585938 0.303385 0.585938 0.292969 0.586914 0.291667
0 0.487305 0.302083 0.484375 0.305990 0.482422 0.311198 0.482422 0.313802 0.481445 0.315104 0.481445 0.320312 0.482422 0.321615 0.482422 0.324219 0.486328 0.334635 0.487305 0.334635 0.497070 0.347656 0.498047 0.352865 0.500977 0.352865 0.501953 0.354167 0.515625 0.354167 0.516602 0.355469 0.517578 0.354167 0.519531 0.354167 0.523438 0.347656 0.527344 0.337240 0.527344 0.334635 0.529297 0.330729 0.529297 0.328125 0.530273 0.326823 0.530273 0.315104 0.528320 0.309896 0.526367 0.307292 0.526367 0.305990 0.520508 0.299479 0.518555 0.299479 0.514648 0.296875 0.511719 0.296875 0.510742 0.295573 0.502930 0.295573 0.501953 0.294271 0.499023 0.294271 0.498047 0.295573 0.496094 0.295573 0.490234 0.299479 0.488281 0.302083
0 0.466797 0.334635 0.465820 0.335938 0.463867 0.335938 0.450195 0.355469 0.446289 0.365885 0.446289 0.377604 0.447266 0.378906 0.447266 0.382812 0.450195 0.386719 0.451172 0.386719 0.454102 0.390625 0.458984 0.393229 0.460938 0.395833 0.462891 0.395833 0.463867 0.397135 0.469727 0.397135 0.470703 0.398438 0.478516 0.398438 0.480469 0.397135 0.487305 0.388021 0.488281 0.384115 0.490234 0.381510 0.490234 0.378906 0.492188 0.373698 0.492188 0.369792 0.494141 0.364583 0.496094 0.361979 0.496094 0.355469 0.495117 0.354167 0.494141 0.347656 0.488281 0.339844 0.484375 0.337240 0.482422 0.337240 0.481445 0.335938 0.478516 0.335938 0.477539 0.334635
0 0.521484 0.355469 0.520508 0.355469 0.519531 0.356771 0.506836 0.356771 0.505859 0.358073 0.503906 0.358073 0.502930 0.359375 0.498047 0.361979 0.495117 0.365885 0.495117 0.367188 0.493164 0.371094 0.493164 0.375000 0.492188 0.376302 0.492188 0.380208 0.491211 0.381510 0.491211 0.389323 0.493164 0.393229 0.493164 0.399740 0.494141 0.401042 0.494141 0.403646 0.500000 0.410156 0.501953 0.410156 0.502930 0.411458 0.505859 0.411458 0.506836 0.412760 0.511719 0.412760 0.512695 0.411458 0.516602 0.411458 0.519531 0.408854 0.521484 0.408854 0.525391 0.404948 0.526367 0.398438 0.530273 0.393229 0.530273 0.391927 0.532227 0.388021 0.532227 0.380208 0.531250 0.378906 0.531250 0.373698 0.530273 0.372396 0.527344 0.363281
0 0.541992 0.313802 0.541016 0.315104 0.537109 0.316406 0.534180 0.320312 0.534180 0.325521 0.529297 0.334635 0.529297 0.337240 0.525391 0.346354 0.525391 0.351562 0.526367 0.352865 0.526367 0.356771 0.528320 0.361979 0.530273 0.364583 0.531250 0.369792 0.534180 0.375000 0.536133 0.375000 0.539062 0.377604 0.549805 0.377604 0.557617 0.372396 0.563477 0.363281 0.564453 0.359375 0.568359 0.354167 0.569336 0.350260 0.572266 0.345052 0.572266 0.342448 0.573242 0.341146 0.573242 0.334635 0.572266 0.333333 0.572266 0.329427 0.570312 0.325521 0.566406 0.322917 0.564453 0.322917 0.557617 0.317708 0.555664 0.317708 0.554688 0.316406 0.552734 0.316406 0.548828 0.313802
0 0.610352 0.290365 0.603516 0.290365 0.602539 0.289062 0.601562 0.290365 0.598633 0.290365 0.596680 0.291667 0.589844 0.300781 0.587891 0.302083 0.587891 0.303385 0.583008 0.311198 0.579102 0.321615 0.577148 0.324219 0.577148 0.326823 0.576172 0.328125 0.576172 0.335938 0.577148 0.337240 0.577148 0.339844 0.585938 0.350260 0.588867 0.351562 0.590820 0.354167 0.592773 0.354167 0.593750 0.355469 0.606445 0.355469 0.608398 0.354167 0.614258 0.345052 0.619141 0.332031 0.622070 0.326823 0.622070 0.319010 0.619141 0.311198 0.619141 0.308594 0.617188 0.304688 0.616211 0.298177 0.615234 0.295573
0 0.572266 0.350260 0.568359 0.355469 0.568359 0.356771 0.563477 0.364583 0.563477 0.365885 0.556641 0.375000 0.553711 0.376302 0.547852 0.382812 0.548828 0.384115 0.548828 0.393229 0.552734 0.398438 0.553711 0.402344 0.555664 0.404948 0.568359 0.412760 0.578125 0.412760 0.579102 0.411458 0.583008 0.410156 0.587891 0.403646 0.588867 0.403646 0.588867 0.402344 0.595703 0.391927 0.600586 0.378906 0.600586 0.371094 0.597656 0.363281 0.593750 0.358073 0.587891 0.354167 0.585938 0.354167 0.583008 0.351562 0.579102 0.351562 0.578125 0.350260
0 0.529297 0.421875 0.528320 0.421875 0.525391 0.419271 0.520508 0.419271 0.519531 0.420573 0.504883 0.420573 0.503906 0.421875 0.501953 0.421875 0.499023 0.424479 0.499023 0.425781 0.497070 0.428385 0.497070 0.430990 0.496094 0.432292 0.496094 0.444010 0.495117 0.445312 0.495117 0.454427 0.496094 0.455729 0.496094 0.458333 0.497070 0.459635 0.497070 0.463542 0.498047 0.464844 0.498047 0.466146 0.501953 0.471354 0.502930 0.471354 0.506836 0.475260 0.514648 0.475260 0.515625 0.473958 0.518555 0.473958 0.519531 0.472656 0.524414 0.470052 0.526367 0.467448 0.527344 0.467448 0.531250 0.462240 0.531250 0.460938 0.532227 0.459635 0.532227 0.454427 0.533203 0.453125 0.533203 0.447917 0.534180 0.446615 0.534180 0.433594 0.533203 0.432292 0.533203 0.429688 0.531250 0.427083 0.531250 0.425781 0.529297 0.423177
0 0.555664 0.411458 0.554688 0.412760 0.549805 0.414062 0.545898 0.417969 0.541016 0.420573 0.536133 0.428385 0.536133 0.437500 0.537109 0.438802 0.536133 0.440104 0.536133 0.460938 0.540039 0.466146 0.541992 0.467448 0.546875 0.468750 0.552734 0.472656 0.559570 0.472656 0.562500 0.470052 0.564453 0.470052 0.565430 0.468750 0.567383 0.468750 0.568359 0.467448 0.573242 0.466146 0.578125 0.460938 0.578125 0.457031 0.579102 0.455729 0.579102 0.450521 0.580078 0.449219 0.580078 0.440104 0.579102 0.438802 0.579102 0.433594 0.577148 0.428385 0.572266 0.421875 0.571289 0.421875 0.565430 0.415365 0.563477 0.415365 0.560547 0.412760 0.557617 0.412760
0 0.587891 0.420573 0.583984 0.425781 0.582031 0.430990 0.582031 0.438802 0.583008 0.440104 0.583008 0.455729 0.584961 0.460938 0.586914 0.463542 0.590820 0.466146 0.592773 0.466146 0.595703 0.468750 0.597656 0.468750 0.598633 0.470052 0.600586 0.470052 0.601562 0.471354 0.603516 0.471354 0.604492 0.472656 0.606445 0.472656 0.610352 0.475260 0.614258 0.475260 0.615234 0.476562 0.620117 0.476562 0.621094 0.475260 0.623047 0.475260 0.630859 0.464844 0.630859 0.463542 0.632812 0.460938 0.632812 0.457031 0.633789 0.455729 0.633789 0.450521 0.632812 0.449219 0.632812 0.440104 0.631836 0.438802 0.631836 0.436198 0.629883 0.430990 0.625000 0.424479 0.614258 0.416667 0.611328 0.416667 0.610352 0.415365 0.601562 0.415365 0.600586 0.416667 0.597656 0.416667 0.596680 0.417969 0.594727 0.417969 0.590820 0.420573
0 0.611328 0.358073 0.610352 0.359375 0.608398 0.359375 0.603516 0.365885 0.603516 0.369792 0.602539 0.371094 0.602539 0.377604 0.601562 0.378906 0.600586 0.385417 0.597656 0.391927 0.597656 0.394531 0.596680 0.395833 0.596680 0.399740 0.597656 0.401042 0.597656 0.403646 0.599609 0.406250 0.607422 0.411458 0.609375 0.411458 0.618164 0.417969 0.625000 0.419271 0.625977 0.417969 0.627930 0.417969 0.632812 0.411458 0.632812 0.410156 0.634766 0.407552 0.636719 0.402344 0.636719 0.399740 0.637695 0.398438 0.637695 0.380208 0.636719 0.378906 0.635742 0.372396 0.630859 0.364583 0.625000 0.360677 0.623047 0.360677 0.622070 0.359375 0.617188 0.359375 0.616211 0.358073
0 0.641602 0.401042 0.637695 0.406250 0.636719 0.410156 0.632812 0.415365 0.630859 0.420573 0.630859 0.428385 0.634766 0.438802 0.634766 0.441406 0.635742 0.442708 0.635742 0.446615 0.636719 0.447917 0.636719 0.450521 0.637695 0.453125 0.638672 0.453125 0.642578 0.457031 0.645508 0.457031 0.646484 0.458333 0.663086 0.458333 0.664062 0.457031 0.666016 0.457031 0.669922 0.454427 0.672852 0.450521 0.674805 0.445312 0.674805 0.440104 0.675781 0.438802 0.675781 0.433594 0.676758 0.432292 0.676758 0.428385 0.672852 0.420573 0.672852 0.417969 0.670898 0.415365 0.670898 0.414062 0.668945 0.412760 0.666016 0.407552 0.660156 0.403646 0.658203 0.401042 0.655273 0.401042 0.654297 0.399740 0.643555 0.399740
0 0.696289 0.427083 0.695312 0.427083 0.694336 0.425781 0.690430 0.425781 0.689453 0.427083 0.688477 0.427083 0.687500 0.428385 0.685547 0.428385 0.684570 0.429688 0.679688 0.429688 0.679688 0.430990 0.678711 0.432292 0.678711 0.434896 0.677734 0.436198 0.677734 0.438802 0.675781 0.442708 0.675781 0.445312 0.674805 0.446615 0.673828 0.450521 0.666016 0.459635 0.666016 0.470052 0.667969 0.473958 0.667969 0.476562 0.668945 0.477865 0.668945 0.479167 0.670898 0.481771 0.672852 0.481771 0.673828 0.483073 0.686523 0.483073 0.687500 0.481771 0.689453 0.481771 0.690430 0.480469 0.693359 0.479167 0.701172 0.468750 0.701172 0.467448 0.704102 0.460938 0.704102 0.446615 0.703125 0.445312 0.703125 0.442708 0.701172 0.438802 0.701172 0.436198 0.699219 0.433594 0.699219 0.430990
0 0.640625 0.458333 0.639648 0.459635 0.638672 0.459635 0.634766 0.464844 0.634766 0.466146 0.632812 0.468750 0.631836 0.468750 0.625977 0.476562 0.625977 0.480469 0.625000 0.481771 0.625000 0.484375 0.624023 0.485677 0.624023 0.496094 0.625000 0.497396 0.625000 0.501302 0.628906 0.509115 0.629883 0.509115 0.634766 0.513021 0.640625 0.513021 0.641602 0.514323 0.643555 0.514323 0.644531 0.513021 0.651367 0.513021 0.652344 0.511719 0.654297 0.511719 0.656250 0.509115 0.656250 0.507812 0.658203 0.505208 0.658203 0.503906 0.662109 0.498698 0.662109 0.497396 0.666016 0.490885 0.666016 0.488281 0.666992 0.486979 0.666992 0.480469 0.666016 0.479167 0.666016 0.476562 0.664062 0.473958 0.664062 0.472656 0.657227 0.463542 0.656250 0.463542 0.651367 0.459635 0.647461 0.459635 0.646484 0.458333
0 0.580078 0.490885 0.580078 0.497396 0.582031 0.500000 0.583008 0.502604 0.583008 0.505208 0.583984 0.506510 0.583984 0.509115 0.584961 0.510417 0.584961 0.526042 0.587891 0.528646 0.590820 0.528646 0.593750 0.531250 0.595703 0.531250 0.599609 0.533854 0.607422 0.533854 0.612305 0.529948 0.615234 0.529948 0.616211 0.528646 0.618164 0.528646 0.623047 0.520833 0.623047 0.515625 0.624023 0.514323 0.624023 0.500000 0.623047 0.498698 0.623047 0.488281 0.616211 0.479167 0.614258 0.479167 0.613281 0.477865 0.603516 0.477865 0.602539 0.479167 0.598633 0.476562 0.597656 0.477865 0.593750 0.477865 0.591797 0.476562 0.588867 0.480469 0.587891 0.480469 0.586914 0.483073
0 0.573242 0.486979 0.570312 0.486979 0.569336 0.485677 0.563477 0.485677 0.562500 0.486979 0.554688 0.486979 0.553711 0.488281 0.551758 0.488281 0.549805 0.489583 0.547852 0.492188 0.546875 0.490885 0.543945 0.490885 0.540039 0.498698 0.540039 0.503906 0.541016 0.505208 0.541016 0.519531 0.541992 0.520833 0.541992 0.527344 0.544922 0.533854 0.544922 0.536458 0.546875 0.537760 0.550781 0.542969 0.554688 0.545573 0.567383 0.545573 0.571289 0.541667 0.574219 0.540365 0.578125 0.533854 0.581055 0.526042 0.581055 0.523438 0.583984 0.518229 0.583984 0.515625 0.583008 0.514323 0.582031 0.507812 0.580078 0.503906 0.580078 0.501302 0.578125 0.498698 0.575195 0.489583
0 0.543945 0.549479 0.540039 0.553385 0.540039 0.554688 0.538086 0.558594 0.538086 0.561198 0.534180 0.570312 0.534180 0.578125 0.535156 0.579427 0.535156 0.583333 0.536133 0.584635 0.536133 0.587240 0.537109 0.588542 0.537109 0.592448 0.538086 0.593750 0.538086 0.596354 0.539062 0.597656 0.540039 0.604167 0.541992 0.606771 0.543945 0.606771 0.544922 0.608073 0.550781 0.608073 0.551758 0.609375 0.552734 0.609375 0.553711 0.608073 0.559570 0.608073 0.560547 0.606771 0.563477 0.605469 0.565430 0.602865 0.566406 0.598958 0.569336 0.593750 0.569336 0.591146 0.570312 0.589844 0.570312 0.579427 0.571289 0.578125 0.571289 0.575521 0.572266 0.574219 0.572266 0.559896 0.569336 0.557292 0.566406 0.557292 0.565430 0.555990 0.563477 0.555990 0.560547 0.553385 0.558594 0.553385 0.557617 0.552083 0.555664 0.552083 0.554688 0.550781 0.552734 0.550781 0.551758 0.549479
0 0.533203 0.610677 0.529297 0.614583 0.527344 0.614583 0.522461 0.621094 0.521484 0.623698 0.518555 0.623698 0.517578 0.625000 0.517578 0.630208 0.516602 0.631510 0.516602 0.647135 0.517578 0.648438 0.517578 0.652344 0.526367 0.665365 0.528320 0.666667 0.530273 0.666667 0.531250 0.667969 0.533203 0.667969 0.534180 0.669271 0.541016 0.670573 0.546875 0.674479 0.549805 0.674479 0.551758 0.673177 0.558594 0.664062 0.559570 0.664062 0.562500 0.658854 0.562500 0.648438 0.561523 0.647135 0.561523 0.643229 0.560547 0.641927 0.560547 0.639323 0.558594 0.634115 0.558594 0.630208 0.557617 0.628906 0.556641 0.622396 0.554688 0.617188 0.551758 0.614583 0.546875 0.614583 0.541016 0.610677
0 0.572266 0.593750 0.568359 0.597656 0.567383 0.601562 0.559570 0.611979 0.559570 0.625000 0.560547 0.626302 0.560547 0.632812 0.561523 0.634115 0.562500 0.638021 0.565430 0.641927 0.566406 0.641927 0.567383 0.643229 0.569336 0.643229 0.570312 0.644531 0.572266 0.644531 0.573242 0.645833 0.575195 0.645833 0.576172 0.647135 0.580078 0.647135 0.581055 0.645833 0.589844 0.640625 0.596680 0.631510 0.596680 0.630208 0.600586 0.626302 0.600586 0.625000 0.601562 0.623698 0.601562 0.617188 0.600586 0.615885 0.600586 0.614583 0.595703 0.608073 0.594727 0.608073 0.591797 0.604167 0.590820 0.604167 0.583008 0.596354 0.582031 0.596354 0.579102 0.593750
0 0.606445 0.548177 0.594727 0.555990 0.594727 0.558594 0.592773 0.562500 0.592773 0.578125 0.591797 0.579427 0.591797 0.583333 0.590820 0.584635 0.587891 0.584635 0.589844 0.584635 0.590820 0.585938 0.590820 0.591146 0.594727 0.597656 0.606445 0.605469 0.609375 0.605469 0.611328 0.606771 0.612305 0.605469 0.614258 0.605469 0.620117 0.601562 0.622070 0.598958 0.625977 0.596354 0.628906 0.592448 0.629883 0.592448 0.635742 0.584635 0.635742 0.576823 0.636719 0.575521 0.635742 0.574219 0.635742 0.571615 0.629883 0.562500 0.626953 0.561198 0.625000 0.558594 0.622070 0.557292 0.619141 0.553385 0.615234 0.550781 0.613281 0.550781 0.612305 0.549479 0.608398 0.549479
0 0.625977 0.522135 0.623047 0.526042 0.622070 0.526042 0.622070 0.527344 0.618164 0.533854 0.618164 0.542969 0.619141 0.544271 0.619141 0.549479 0.620117 0.552083 0.621094 0.552083 0.625000 0.557292 0.625977 0.557292 0.628906 0.561198 0.629883 0.561198 0.639648 0.574219 0.640625 0.574219 0.642578 0.576823 0.644531 0.576823 0.645508 0.578125 0.647461 0.576823 0.651367 0.576823 0.655273 0.572917 0.656250 0.572917 0.663086 0.563802 0.664062 0.561198 0.664062 0.555990 0.661133 0.549479 0.661133 0.544271 0.659180 0.539062 0.659180 0.533854 0.658203 0.531250 0.654297 0.526042 0.651367 0.524740 0.649414 0.522135 0.647461 0.522135 0.643555 0.519531 0.640625 0.519531 0.639648 0.518229 0.633789 0.518229 0.632812 0.519531 0.629883 0.519531
0 0.669922 0.490885 0.669922 0.492188 0.662109 0.502604 0.658203 0.513021 0.658203 0.522135 0.659180 0.523438 0.659180 0.527344 0.660156 0.529948 0.664062 0.535156 0.666992 0.536458 0.668945 0.539062 0.674805 0.542969 0.676758 0.545573 0.685547 0.545573 0.686523 0.544271 0.691406 0.544271 0.699219 0.539062 0.702148 0.535156 0.702148 0.532552 0.703125 0.531250 0.703125 0.527344 0.704102 0.526042 0.704102 0.519531 0.703125 0.518229 0.703125 0.506510 0.702148 0.505208 0.702148 0.501302 0.695312 0.492188 0.687500 0.486979 0.684570 0.486979 0.683594 0.485677 0.680664 0.485677 0.679688 0.486979 0.677734 0.486979 0.676758 0.488281 0.674805 0.488281 0.673828 0.489583 0.671875 0.489583
0 0.708008 0.460938 0.705078 0.466146 0.702148 0.473958 0.697266 0.480469 0.698242 0.483073 0.698242 0.485677 0.699219 0.486979 0.699219 0.489583 0.704102 0.501302 0.704102 0.505208 0.705078 0.506510 0.705078 0.509115 0.706055 0.511719 0.711914 0.515625 0.716797 0.515625 0.717773 0.516927 0.720703 0.516927 0.721680 0.518229 0.724609 0.518229 0.725586 0.519531 0.729492 0.519531 0.730469 0.520833 0.734375 0.520833 0.735352 0.522135 0.738281 0.518229 0.742188 0.507812 0.742188 0.505208 0.743164 0.503906 0.743164 0.484375 0.742188 0.483073 0.742188 0.477865 0.741211 0.475260 0.737305 0.471354 0.731445 0.467448 0.729492 0.467448 0.719727 0.460938
0 0.734375 0.523438 0.732422 0.523438 0.731445 0.522135 0.725586 0.522135 0.724609 0.520833 0.723633 0.522135 0.718750 0.523438 0.717773 0.524740 0.714844 0.526042 0.714844 0.527344 0.713867 0.528646 0.710938 0.529948 0.704102 0.539062 0.701172 0.540365 0.698242 0.544271 0.698242 0.549479 0.699219 0.550781 0.699219 0.553385 0.701172 0.555990 0.701172 0.557292 0.703125 0.559896 0.703125 0.561198 0.705078 0.563802 0.705078 0.565104 0.710938 0.574219 0.711914 0.574219 0.712891 0.575521 0.716797 0.575521 0.717773 0.576823 0.728516 0.576823 0.729492 0.575521 0.731445 0.575521 0.733398 0.572917 0.734375 0.572917 0.738281 0.566406 0.738281 0.565104 0.740234 0.561198 0.741211 0.554688 0.742188 0.553385 0.742188 0.537760 0.739258 0.532552 0.738281 0.528646
0 0.688477 0.546875 0.687500 0.548177 0.682617 0.548177 0.681641 0.549479 0.677734 0.549479 0.676758 0.550781 0.675781 0.550781 0.675781 0.552083 0.672852 0.555990 0.671875 0.555990 0.670898 0.554688 0.668945 0.554688 0.667969 0.555990 0.666992 0.555990 0.666992 0.558594 0.666016 0.559896 0.664062 0.566406 0.661133 0.570312 0.661133 0.572917 0.660156 0.574219 0.661133 0.575521 0.662109 0.579427 0.668945 0.588542 0.668945 0.591146 0.669922 0.592448 0.670898 0.596354 0.672852 0.598958 0.674805 0.598958 0.675781 0.600260 0.691406 0.600260 0.692383 0.598958 0.694336 0.598958 0.695312 0.597656 0.698242 0.597656 0.699219 0.596354 0.700195 0.596354 0.703125 0.592448 0.703125 0.591146 0.707031 0.584635 0.707031 0.582031 0.708008 0.580729 0.708008 0.574219 0.707031 0.572917 0.707031 0.571615 0.704102 0.567708 0.703125 0.563802 0.694336 0.552083 0.693359 0.552083 0.690430 0.548177 0.689453 0.548177
0 0.654297 0.578125 0.652344 0.579427 0.648438 0.579427 0.647461 0.580729 0.645508 0.580729 0.642578 0.583333 0.640625 0.583333 0.638672 0.584635 0.632812 0.592448 0.631836 0.592448 0.625977 0.600260 0.625000 0.600260 0.623047 0.604167 0.623047 0.608073 0.624023 0.609375 0.624023 0.611979 0.626953 0.617188 0.632812 0.621094 0.643555 0.634115 0.645508 0.635417 0.649414 0.635417 0.650391 0.636719 0.651367 0.635417 0.655273 0.635417 0.656250 0.634115 0.658203 0.634115 0.660156 0.632812 0.663086 0.628906 0.664062 0.628906 0.666992 0.625000 0.667969 0.625000 0.667969 0.623698 0.669922 0.621094 0.671875 0.615885 0.671875 0.604167 0.668945 0.597656 0.668945 0.595052 0.665039 0.584635 0.660156 0.580729 0.658203 0.580729
0 0.603516 0.623698 0.602539 0.628906 0.599609 0.632812 0.599609 0.634115 0.594727 0.639323 0.594727 0.643229 0.595703 0.644531 0.598633 0.640625 0.600586 0.640625 0.601562 0.641927 0.601562 0.653646 0.602539 0.654948 0.602539 0.658854 0.605469 0.666667 0.606445 0.674479 0.609375 0.680990 0.613281 0.683594 0.617188 0.683594 0.618164 0.684896 0.620117 0.683594 0.630859 0.683594 0.631836 0.682292 0.636719 0.680990 0.640625 0.673177 0.640625 0.669271 0.641602 0.667969 0.641602 0.661458 0.642578 0.660156 0.642578 0.639323 0.641602 0.638021 0.641602 0.635417 0.633789 0.625000 0.628906 0.625000 0.627930 0.626302 0.625977 0.626302 0.622070 0.621094 0.606445 0.621094 0.604492 0.623698
0 0.575195 0.652344 0.567383 0.657552 0.564453 0.661458 0.564453 0.662760 0.557617 0.671875 0.555664 0.673177 0.555664 0.675781 0.554688 0.677083 0.554688 0.686198 0.555664 0.687500 0.555664 0.690104 0.557617 0.691406 0.559570 0.695312 0.560547 0.695312 0.563477 0.699219 0.564453 0.699219 0.570312 0.707031 0.572266 0.708333 0.574219 0.708333 0.575195 0.709635 0.581055 0.709635 0.584961 0.707031 0.587891 0.707031 0.588867 0.705729 0.590820 0.705729 0.592773 0.703125 0.593750 0.703125 0.598633 0.696615 0.599609 0.696615 0.604492 0.691406 0.604492 0.673177 0.603516 0.671875 0.603516 0.667969 0.602539 0.665365 0.599609 0.661458 0.597656 0.660156 0.595703 0.660156 0.594727 0.658854 0.590820 0.658854 0.588867 0.656250 0.583008 0.652344
0 0.509766 0.839844 0.507812 0.841146 0.502930 0.848958 0.502930 0.856771 0.499023 0.864583 0.499023 0.873698 0.500977 0.878906 0.500977 0.882812 0.503906 0.888021 0.503906 0.890625 0.507812 0.895833 0.510742 0.897135 0.512695 0.899740 0.516602 0.899740 0.517578 0.901042 0.521484 0.902344 0.523438 0.899740 0.526367 0.899740 0.529297 0.897135 0.531250 0.897135 0.535156 0.894531 0.545898 0.876302 0.545898 0.872396 0.546875 0.869792 0.548828 0.867188 0.550781 0.869792 0.552734 0.869792 0.552734 0.865885 0.551758 0.865885 0.548828 0.861979 0.544922 0.852865 0.538086 0.845052 0.536133 0.845052 0.530273 0.841146 0.526367 0.841146 0.525391 0.839844 0.518555 0.839844 0.517578 0.838542 0.515625 0.838542 0.514648 0.839844
0 0.548828 0.860677 0.547852 0.860677 0.547852 0.871094 0.546875 0.872396 0.546875 0.873698 0.543945 0.877604 0.542969 0.881510 0.541016 0.884115 0.541016 0.885417 0.539062 0.888021 0.539062 0.889323 0.528320 0.902344 0.524414 0.902344 0.523438 0.903646 0.522461 0.903646 0.522461 0.904948 0.521484 0.906250 0.521484 0.908854 0.522461 0.908854 0.523438 0.910156 0.525391 0.910156 0.528320 0.912760 0.527344 0.919271 0.532227 0.919271 0.533203 0.917969 0.534180 0.919271 0.537109 0.919271 0.539062 0.921875 0.540039 0.921875 0.541992 0.919271 0.542969 0.915365 0.546875 0.910156 0.546875 0.908854 0.548828 0.904948 0.548828 0.902344 0.549805 0.901042 0.550781 0.894531 0.552734 0.890625 0.552734 0.888021 0.554688 0.884115 0.554688 0.878906 0.555664 0.877604 0.555664 0.869792 0.554688 0.868490 0.554688 0.867188
0 0.541016 0.773438 0.538086 0.777344 0.536133 0.777344 0.529297 0.782552 0.527344 0.782552 0.523438 0.785156 0.519531 0.791667 0.519531 0.799479 0.520508 0.800781 0.520508 0.803385 0.521484 0.804688 0.521484 0.807292 0.522461 0.808594 0.523438 0.815104 0.525391 0.820312 0.527344 0.822917 0.527344 0.824219 0.530273 0.828125 0.530273 0.829427 0.534180 0.834635 0.538086 0.837240 0.540039 0.837240 0.541016 0.838542 0.545898 0.838542 0.553711 0.833333 0.554688 0.830729 0.563477 0.819010 0.563477 0.816406 0.564453 0.815104 0.564453 0.812500 0.563477 0.811198 0.563477 0.798177 0.559570 0.787760 0.556641 0.783854 0.556641 0.782552 0.554688 0.781250 0.549805 0.773438
0 0.585938 0.834635 0.583984 0.834635 0.583008 0.833333 0.580078 0.833333 0.579102 0.832031 0.578125 0.833333 0.574219 0.833333 0.571289 0.835938 0.568359 0.835938 0.564453 0.838542 0.559570 0.838542 0.557617 0.835938 0.556641 0.835938 0.554688 0.839844 0.554688 0.859375 0.553711 0.860677 0.556641 0.868490 0.556641 0.872396 0.557617 0.873698 0.557617 0.878906 0.558594 0.880208 0.558594 0.882812 0.561523 0.884115 0.568359 0.893229 0.571289 0.890625 0.576172 0.890625 0.582031 0.886719 0.588867 0.877604 0.591797 0.876302 0.592773 0.873698 0.592773 0.871094 0.593750 0.869792 0.593750 0.865885 0.594727 0.864583 0.594727 0.860677 0.595703 0.859375 0.595703 0.855469 0.594727 0.854167 0.594727 0.845052 0.592773 0.839844 0.589844 0.838542
0 0.574219 0.894531 0.572266 0.899740 0.572266 0.908854 0.573242 0.910156 0.573242 0.914062 0.576172 0.921875 0.583984 0.932292 0.585938 0.932292 0.586914 0.933594 0.599609 0.933594 0.600586 0.934896 0.607422 0.934896 0.609375 0.932292 0.611328 0.925781 0.614258 0.921875 0.616211 0.916667 0.616211 0.914062 0.617188 0.912760 0.617188 0.899740 0.616211 0.898438 0.616211 0.893229 0.613281 0.888021 0.613281 0.886719 0.612305 0.886719 0.610352 0.884115 0.608398 0.884115 0.607422 0.882812 0.604492 0.882812 0.603516 0.881510 0.598633 0.881510 0.597656 0.878906 0.595703 0.877604 0.592773 0.880208 0.590820 0.880208 0.588867 0.881510 0.586914 0.884115 0.585938 0.884115 0.581055 0.889323 0.576172 0.891927
0 0.623047 0.908854 0.618164 0.914062 0.616211 0.920573 0.614258 0.923177 0.612305 0.928385 0.612305 0.932292 0.615234 0.938802 0.615234 0.941406 0.617188 0.946615 0.619141 0.949219 0.619141 0.950521 0.622070 0.954427 0.622070 0.955729 0.628906 0.964844 0.635742 0.964844 0.636719 0.963542 0.641602 0.963542 0.642578 0.962240 0.645508 0.962240 0.653320 0.957031 0.656250 0.953125 0.657227 0.950521 0.657227 0.946615 0.658203 0.945312 0.658203 0.938802 0.657227 0.937500 0.657227 0.929688 0.656250 0.928385 0.656250 0.925781 0.655273 0.923177 0.648438 0.912760 0.648438 0.911458 0.644531 0.906250 0.642578 0.906250 0.641602 0.904948 0.639648 0.906250 0.637695 0.906250 0.636719 0.904948 0.630859 0.904948 0.625977 0.908854
0 0.666016 0.923177 0.661133 0.930990 0.661133 0.934896 0.660156 0.936198 0.660156 0.945312 0.661133 0.946615 0.661133 0.950521 0.662109 0.951823 0.662109 0.954427 0.664062 0.959635 0.672852 0.971354 0.674805 0.971354 0.677734 0.973958 0.679688 0.973958 0.684570 0.979167 0.688477 0.979167 0.695312 0.973958 0.697266 0.973958 0.702148 0.967448 0.702148 0.964844 0.706055 0.955729 0.706055 0.951823 0.707031 0.949219 0.706055 0.947917 0.705078 0.938802 0.704102 0.937500 0.702148 0.938802 0.699219 0.938802 0.697266 0.937500 0.695312 0.934896 0.694336 0.932292 0.694336 0.929688 0.688477 0.919271 0.687500 0.920573 0.684570 0.920573 0.680664 0.917969 0.671875 0.917969 0.669922 0.920573
0 0.723633 0.907552 0.722656 0.908854 0.720703 0.908854 0.719727 0.910156 0.717773 0.910156 0.716797 0.911458 0.712891 0.912760 0.710938 0.915365 0.709961 0.919271 0.707031 0.923177 0.706055 0.923177 0.707031 0.928385 0.709961 0.933594 0.709961 0.936198 0.710938 0.937500 0.710938 0.954427 0.712891 0.957031 0.713867 0.955729 0.716797 0.955729 0.718750 0.958333 0.719727 0.960938 0.719727 0.964844 0.721680 0.970052 0.723633 0.972656 0.724609 0.976562 0.731445 0.980469 0.736328 0.980469 0.743164 0.971354 0.744141 0.971354 0.750977 0.963542 0.750977 0.960938 0.753906 0.957031 0.756836 0.950521 0.756836 0.944010 0.750000 0.928385 0.745117 0.923177 0.743164 0.917969 0.743164 0.914062 0.739258 0.907552
0 0.769531 0.882812 0.764648 0.882812 0.759766 0.886719 0.753906 0.886719 0.752930 0.888021 0.750977 0.888021 0.749023 0.890625 0.745117 0.893229 0.745117 0.898438 0.746094 0.899740 0.746094 0.902344 0.743164 0.906250 0.743164 0.908854 0.752930 0.927083 0.753906 0.933594 0.758789 0.946615 0.766602 0.946615 0.767578 0.945312 0.769531 0.945312 0.773438 0.941406 0.781250 0.936198 0.783203 0.936198 0.787109 0.933594 0.792969 0.927083 0.793945 0.921875 0.794922 0.920573 0.794922 0.910156 0.793945 0.907552 0.792969 0.907552 0.791992 0.904948 0.787109 0.898438 0.787109 0.897135 0.786133 0.897135 0.782227 0.891927 0.781250 0.891927 0.778320 0.886719 0.774414 0.886719
0 0.563477 0.776042 0.563477 0.789062 0.564453 0.790365 0.564453 0.798177 0.565430 0.799479 0.565430 0.808594 0.566406 0.809896 0.566406 0.812500 0.568359 0.817708 0.575195 0.825521 0.576172 0.825521 0.578125 0.828125 0.582031 0.830729 0.588867 0.832031 0.589844 0.830729 0.593750 0.830729 0.596680 0.828125 0.598633 0.828125 0.600586 0.825521 0.600586 0.822917 0.601562 0.821615 0.601562 0.817708 0.604492 0.809896 0.604492 0.800781 0.605469 0.799479 0.605469 0.787760 0.604492 0.785156 0.602539 0.782552 0.598633 0.779948 0.595703 0.779948 0.587891 0.774740 0.577148 0.774740 0.576172 0.773438 0.574219 0.773438 0.569336 0.777344 0.566406 0.777344 0.565430 0.776042
0 0.612305 0.809896 0.606445 0.813802 0.606445 0.819010 0.607422 0.820312 0.605469 0.821615 0.605469 0.824219 0.603516 0.826823 0.602539 0.826823 0.602539 0.828125 0.598633 0.834635 0.598633 0.837240 0.596680 0.841146 0.597656 0.842448 0.597656 0.847656 0.601562 0.854167 0.601562 0.855469 0.610352 0.864583 0.612305 0.864583 0.620117 0.869792 0.623047 0.869792 0.624023 0.871094 0.628906 0.871094 0.629883 0.872396 0.637695 0.867188 0.644531 0.856771 0.644531 0.838542 0.643555 0.837240 0.643555 0.833333 0.642578 0.832031 0.642578 0.826823 0.641602 0.825521 0.641602 0.822917 0.635742 0.816406 0.631836 0.815104 0.630859 0.813802 0.627930 0.813802 0.626953 0.812500 0.625000 0.812500 0.623047 0.809896
0 0.654297 0.847656 0.648438 0.851562 0.645508 0.859375 0.637695 0.869792 0.633789 0.872396 0.633789 0.881510 0.636719 0.886719 0.636719 0.888021 0.649414 0.904948 0.655273 0.908854 0.659180 0.908854 0.665039 0.904948 0.666992 0.902344 0.667969 0.902344 0.669922 0.899740 0.673828 0.897135 0.680664 0.888021 0.680664 0.873698 0.679688 0.872396 0.679688 0.869792 0.670898 0.852865 0.668945 0.852865 0.664062 0.848958 0.661133 0.848958 0.660156 0.847656
0 0.682617 0.867188 0.682617 0.877604 0.683594 0.878906 0.683594 0.886719 0.684570 0.888021 0.684570 0.891927 0.685547 0.893229 0.686523 0.902344 0.691406 0.907552 0.697266 0.911458 0.701172 0.911458 0.702148 0.910156 0.707031 0.910156 0.708008 0.908854 0.714844 0.908854 0.715820 0.907552 0.718750 0.907552 0.721680 0.904948 0.723633 0.904948 0.727539 0.897135 0.727539 0.876302 0.724609 0.871094 0.722656 0.871094 0.718750 0.865885 0.716797 0.864583 0.712891 0.864583 0.711914 0.863281 0.710938 0.864583 0.707031 0.864583 0.706055 0.865885 0.700195 0.865885 0.694336 0.861979 0.688477 0.861979 0.687500 0.863281 0.685547 0.863281
0 0.724609 0.835938 0.724609 0.841146 0.723633 0.842448 0.723633 0.847656 0.722656 0.848958 0.722656 0.860677 0.723633 0.863281 0.724609 0.863281 0.726562 0.865885 0.728516 0.871094 0.737305 0.882812 0.738281 0.882812 0.740234 0.885417 0.742188 0.886719 0.755859 0.885417 0.761719 0.881510 0.769531 0.878906 0.770508 0.876302 0.774414 0.872396 0.774414 0.861979 0.773438 0.860677 0.773438 0.854167 0.772461 0.852865 0.771484 0.846354 0.764648 0.835938 0.755859 0.830729 0.752930 0.830729 0.747070 0.834635 0.744141 0.834635 0.741211 0.830729 0.737305 0.829427 0.734375 0.825521 0.731445 0.825521 0.729492 0.826823
0 0.815430 0.809896 0.813477 0.811198 0.812500 0.815104 0.809570 0.819010 0.808594 0.819010 0.808594 0.830729 0.807617 0.832031 0.806641 0.837240 0.804688 0.839844 0.796875 0.843750 0.794922 0.846354 0.794922 0.851562 0.801758 0.856771 0.807617 0.864583 0.810547 0.865885 0.814453 0.871094 0.815430 0.871094 0.822266 0.877604 0.830078 0.876302 0.833984 0.872396 0.834961 0.872396 0.840820 0.863281 0.841797 0.858073 0.845703 0.848958 0.845703 0.838542 0.842773 0.833333 0.842773 0.832031 0.840820 0.830729 0.832031 0.819010 0.831055 0.819010 0.829102 0.816406 0.827148 0.816406 0.824219 0.813802 0.822266 0.813802 0.817383 0.809896
0 0.797852 0.802083 0.795898 0.802083 0.790039 0.796875 0.786133 0.796875 0.779297 0.802083 0.777344 0.802083 0.776367 0.803385 0.773438 0.803385 0.772461 0.804688 0.769531 0.804688 0.768555 0.805990 0.768555 0.808594 0.767578 0.809896 0.767578 0.812500 0.766602 0.813802 0.766602 0.817708 0.765625 0.819010 0.765625 0.828125 0.766602 0.829427 0.766602 0.832031 0.769531 0.837240 0.771484 0.843750 0.772461 0.843750 0.775391 0.847656 0.779297 0.847656 0.780273 0.846354 0.784180 0.846354 0.785156 0.845052 0.787109 0.845052 0.788086 0.843750 0.791992 0.843750 0.792969 0.842448 0.794922 0.842448 0.795898 0.841146 0.798828 0.841146 0.799805 0.839844 0.801758 0.839844 0.802734 0.838542 0.803711 0.838542 0.805664 0.835938 0.805664 0.834635 0.806641 0.833333 0.806641 0.821615 0.805664 0.820312 0.801758 0.808594
0 0.718750 0.789062 0.718750 0.795573 0.719727 0.796875 0.719727 0.800781 0.720703 0.802083 0.720703 0.805990 0.721680 0.808594 0.725586 0.813802 0.726562 0.813802 0.729492 0.817708 0.730469 0.817708 0.733398 0.821615 0.734375 0.821615 0.737305 0.825521 0.738281 0.825521 0.743164 0.830729 0.749023 0.830729 0.752930 0.828125 0.755859 0.828125 0.756836 0.826823 0.758789 0.826823 0.760742 0.825521 0.762695 0.822917 0.763672 0.820312 0.763672 0.817708 0.764648 0.816406 0.764648 0.812500 0.765625 0.811198 0.765625 0.805990 0.764648 0.804688 0.764648 0.799479 0.763672 0.798177 0.763672 0.791667 0.762695 0.790365 0.762695 0.787760 0.759766 0.782552 0.751953 0.777344 0.750000 0.773438 0.748047 0.772135 0.746094 0.772135 0.745117 0.770833 0.740234 0.770833 0.739258 0.772135 0.736328 0.772135 0.734375 0.774740 0.725586 0.779948
0 0.712891 0.787760 0.708984 0.785156 0.703125 0.785156 0.702148 0.783854 0.694336 0.783854 0.693359 0.785156 0.689453 0.785156 0.687500 0.789062 0.680664 0.789062 0.676758 0.792969 0.676758 0.794271 0.674805 0.796875 0.672852 0.802083 0.672852 0.808594 0.671875 0.809896 0.671875 0.820312 0.677734 0.828125 0.679688 0.828125 0.683594 0.832031 0.687500 0.834635 0.689453 0.834635 0.690430 0.835938 0.698242 0.835938 0.699219 0.834635 0.701172 0.834635 0.706055 0.830729 0.708008 0.830729 0.711914 0.828125 0.714844 0.820312 0.714844 0.817708 0.716797 0.813802 0.717773 0.807292 0.718750 0.805990 0.718750 0.802083 0.717773 0.800781 0.717773 0.798177
0 0.654297 0.782552 0.653320 0.783854 0.651367 0.783854 0.650391 0.785156 0.646484 0.785156 0.642578 0.790365 0.642578 0.791667 0.640625 0.794271 0.640625 0.795573 0.635742 0.802083 0.635742 0.803385 0.634766 0.804688 0.634766 0.811198 0.635742 0.812500 0.635742 0.813802 0.638672 0.816406 0.638672 0.817708 0.643555 0.824219 0.643555 0.825521 0.649414 0.833333 0.650391 0.833333 0.653320 0.835938 0.660156 0.835938 0.663086 0.833333 0.665039 0.833333 0.667969 0.829427 0.667969 0.825521 0.668945 0.824219 0.668945 0.816406 0.669922 0.815104 0.669922 0.798177 0.668945 0.796875 0.668945 0.794271 0.667969 0.792969 0.667969 0.791667 0.666016 0.789062 0.665039 0.789062 0.661133 0.783854 0.660156 0.783854 0.659180 0.782552
0 0.618164 0.747396 0.617188 0.748698 0.616211 0.748698 0.616211 0.750000 0.614258 0.752604 0.614258 0.753906 0.611328 0.760417 0.611328 0.763021 0.608398 0.766927 0.608398 0.768229 0.607422 0.769531 0.607422 0.774740 0.606445 0.776042 0.606445 0.777344 0.607422 0.778646 0.607422 0.782552 0.608398 0.783854 0.608398 0.786458 0.615234 0.795573 0.616211 0.795573 0.622070 0.802083 0.626953 0.803385 0.629883 0.805990 0.633789 0.805990 0.634766 0.804688 0.635742 0.800781 0.641602 0.791667 0.642578 0.787760 0.646484 0.781250 0.646484 0.778646 0.649414 0.772135 0.648438 0.763021 0.647461 0.761719 0.646484 0.757812 0.643555 0.753906 0.642578 0.753906 0.639648 0.751302 0.636719 0.751302 0.635742 0.750000 0.630859 0.750000 0.629883 0.748698 0.625977 0.748698 0.625000 0.747396
0 0.571289 0.730469 0.571289 0.731771 0.568359 0.735677 0.567383 0.735677 0.567383 0.740885 0.566406 0.742188 0.566406 0.747396 0.568359 0.750000 0.571289 0.759115 0.575195 0.764323 0.576172 0.764323 0.586914 0.772135 0.591797 0.773438 0.594727 0.776042 0.599609 0.776042 0.601562 0.773438 0.602539 0.773438 0.608398 0.764323 0.608398 0.763021 0.609375 0.761719 0.609375 0.759115 0.610352 0.757812 0.610352 0.753906 0.611328 0.752604 0.611328 0.738281 0.610352 0.736979 0.610352 0.735677 0.605469 0.729167 0.603516 0.729167 0.602539 0.727865 0.599609 0.727865 0.598633 0.726562 0.594727 0.726562 0.593750 0.725260 0.591797 0.725260 0.590820 0.723958 0.588867 0.723958 0.587891 0.722656 0.583984 0.722656 0.583008 0.723958 0.579102 0.723958 0.575195 0.729167 0.573242 0.729167 0.572266 0.730469
0 0.613281 0.687500 0.609375 0.691406 0.608398 0.691406 0.606445 0.694010 0.605469 0.696615 0.605469 0.699219 0.602539 0.703125 0.602539 0.709635 0.605469 0.713542 0.607422 0.718750 0.607422 0.721354 0.609375 0.725260 0.609375 0.727865 0.616211 0.738281 0.619141 0.739583 0.623047 0.743490 0.625000 0.743490 0.625977 0.744792 0.631836 0.744792 0.632812 0.743490 0.634766 0.743490 0.636719 0.742188 0.642578 0.734375 0.642578 0.733073 0.645508 0.729167 0.648438 0.721354 0.648438 0.705729 0.647461 0.704427 0.647461 0.701823 0.646484 0.699219 0.641602 0.691406 0.635742 0.687500 0.631836 0.687500 0.630859 0.686198 0.628906 0.687500
0 0.673828 0.718750 0.670898 0.718750 0.669922 0.717448 0.668945 0.718750 0.662109 0.720052 0.660156 0.722656 0.657227 0.723958 0.654297 0.727865 0.652344 0.727865 0.650391 0.726562 0.647461 0.731771 0.647461 0.734375 0.646484 0.735677 0.647461 0.738281 0.647461 0.747396 0.649414 0.752604 0.649414 0.759115 0.650391 0.760417 0.650391 0.763021 0.652344 0.768229 0.655273 0.772135 0.655273 0.773438 0.660156 0.778646 0.672852 0.778646 0.673828 0.777344 0.678711 0.777344 0.679688 0.776042 0.683594 0.776042 0.684570 0.774740 0.686523 0.774740 0.690430 0.769531 0.690430 0.757812 0.691406 0.756510 0.690430 0.755208 0.690430 0.743490 0.689453 0.742188 0.689453 0.739583 0.685547 0.734375 0.685547 0.733073 0.682617 0.729167 0.682617 0.727865
0 0.689453 0.730469 0.689453 0.733073 0.690430 0.734375 0.690430 0.739583 0.691406 0.740885 0.691406 0.744792 0.692383 0.746094 0.692383 0.765625 0.693359 0.766927 0.693359 0.770833 0.696289 0.776042 0.700195 0.778646 0.703125 0.778646 0.704102 0.779948 0.719727 0.779948 0.720703 0.778646 0.724609 0.778646 0.730469 0.774740 0.735352 0.768229 0.737305 0.763021 0.737305 0.756510 0.736328 0.755208 0.736328 0.751302 0.734375 0.746094 0.730469 0.739583 0.727539 0.731771 0.723633 0.726562 0.718750 0.725260 0.714844 0.722656 0.712891 0.720052 0.706055 0.720052 0.702148 0.722656 0.699219 0.722656 0.695312 0.725260 0.695312 0.726562 0.693359 0.729167
0 0.749023 0.720052 0.747070 0.722656 0.743164 0.725260 0.739258 0.731771 0.739258 0.742188 0.738281 0.743490 0.738281 0.747396 0.740234 0.752604 0.740234 0.757812 0.741211 0.760417 0.746094 0.766927 0.747070 0.766927 0.752930 0.773438 0.753906 0.773438 0.757812 0.777344 0.768555 0.777344 0.769531 0.776042 0.772461 0.776042 0.776367 0.773438 0.780273 0.763021 0.780273 0.753906 0.781250 0.752604 0.781250 0.744792 0.780273 0.743490 0.780273 0.734375 0.779297 0.733073 0.779297 0.730469 0.775391 0.727865 0.768555 0.720052 0.766602 0.718750 0.764648 0.718750 0.763672 0.717448 0.753906 0.717448 0.752930 0.718750 0.750977 0.718750
0 0.786133 0.738281 0.784180 0.740885 0.784180 0.751302 0.783203 0.752604 0.783203 0.755208 0.782227 0.756510 0.782227 0.764323 0.781250 0.765625 0.781250 0.769531 0.780273 0.770833 0.780273 0.776042 0.790039 0.790365 0.791016 0.790365 0.791992 0.791667 0.793945 0.791667 0.794922 0.792969 0.802734 0.792969 0.803711 0.794271 0.806641 0.794271 0.816406 0.782552 0.816406 0.781250 0.818359 0.777344 0.818359 0.774740 0.819336 0.773438 0.819336 0.759115 0.818359 0.757812 0.817383 0.751302 0.813477 0.743490 0.810547 0.742188 0.808594 0.739583 0.806641 0.739583 0.805664 0.738281 0.803711 0.738281 0.802734 0.736979 0.800781 0.736979 0.799805 0.735677 0.795898 0.735677 0.794922 0.736979 0.790039 0.736979 0.789062 0.738281
0 0.848633 0.751302 0.845703 0.753906 0.842773 0.753906 0.841797 0.752604 0.836914 0.752604 0.834961 0.755208 0.829102 0.757812 0.829102 0.759115 0.826172 0.763021 0.822266 0.756510 0.821289 0.757812 0.822266 0.769531 0.821289 0.770833 0.821289 0.778646 0.820312 0.781250 0.818359 0.782552 0.816406 0.787760 0.817383 0.795573 0.822266 0.802083 0.824219 0.802083 0.832031 0.811198 0.834961 0.812500 0.836914 0.815104 0.840820 0.815104 0.841797 0.813802 0.849609 0.813802 0.853516 0.811198 0.855469 0.808594 0.861328 0.804688 0.865234 0.799479 0.867188 0.794271 0.867188 0.787760 0.866211 0.786458 0.866211 0.782552 0.864258 0.777344 0.864258 0.773438 0.862305 0.770833 0.860352 0.764323 0.856445 0.759115 0.851562 0.759115 0.848633 0.756510 0.848633 0.753906 0.849609 0.752604
0 0.652344 0.643229 0.649414 0.648438 0.649414 0.653646 0.648438 0.654948 0.645508 0.656250 0.643555 0.658854 0.643555 0.661458 0.642578 0.662760 0.642578 0.669271 0.641602 0.670573 0.641602 0.674479 0.638672 0.679688 0.638672 0.683594 0.639648 0.684896 0.639648 0.686198 0.650391 0.700521 0.651367 0.700521 0.652344 0.701823 0.654297 0.701823 0.657227 0.704427 0.663086 0.704427 0.664062 0.703125 0.666016 0.703125 0.666992 0.701823 0.667969 0.701823 0.674805 0.692708 0.674805 0.691406 0.676758 0.688802 0.677734 0.682292 0.676758 0.680990 0.676758 0.677083 0.675781 0.675781 0.675781 0.670573 0.674805 0.669271 0.674805 0.666667 0.672852 0.662760 0.671875 0.656250 0.669922 0.653646 0.667969 0.653646 0.665039 0.649740 0.661133 0.649740 0.660156 0.648438 0.657227 0.647135 0.654297 0.643229
0 0.680664 0.667969 0.680664 0.674479 0.679688 0.675781 0.678711 0.687500 0.676758 0.692708 0.674805 0.695312 0.674805 0.696615 0.671875 0.700521 0.673828 0.705729 0.677734 0.708333 0.680664 0.712240 0.688477 0.717448 0.691406 0.717448 0.692383 0.718750 0.698242 0.718750 0.699219 0.720052 0.701172 0.718750 0.704102 0.718750 0.705078 0.717448 0.708008 0.717448 0.711914 0.714844 0.716797 0.709635 0.720703 0.699219 0.720703 0.694010 0.721680 0.692708 0.721680 0.682292 0.720703 0.680990 0.720703 0.675781 0.719727 0.674479 0.719727 0.671875 0.717773 0.669271 0.715820 0.667969 0.709961 0.667969 0.708984 0.666667 0.701172 0.666667 0.700195 0.665365 0.698242 0.665365 0.694336 0.662760 0.692383 0.662760 0.690430 0.665365 0.686523 0.667969
0 0.695312 0.604167 0.693359 0.605469 0.688477 0.611979 0.688477 0.614583 0.686523 0.619792 0.686523 0.625000 0.685547 0.626302 0.686523 0.628906 0.686523 0.639323 0.685547 0.640625 0.685547 0.645833 0.688477 0.652344 0.690430 0.653646 0.692383 0.653646 0.696289 0.656250 0.699219 0.660156 0.702148 0.661458 0.704102 0.664062 0.706055 0.665365 0.714844 0.665365 0.715820 0.666667 0.719727 0.662760 0.719727 0.660156 0.725586 0.644531 0.725586 0.638021 0.726562 0.636719 0.726562 0.627604 0.725586 0.626302 0.725586 0.623698 0.724609 0.621094 0.715820 0.609375 0.714844 0.609375 0.711914 0.605469 0.709961 0.605469 0.708984 0.604167
0 0.732422 0.638021 0.730469 0.640625 0.730469 0.641927 0.727539 0.644531 0.725586 0.649740 0.725586 0.652344 0.722656 0.657552 0.722656 0.661458 0.721680 0.662760 0.721680 0.670573 0.722656 0.671875 0.722656 0.678385 0.723633 0.679688 0.723633 0.683594 0.725586 0.688802 0.729492 0.690104 0.732422 0.692708 0.737305 0.692708 0.738281 0.694010 0.740234 0.694010 0.744141 0.696615 0.750977 0.696615 0.752930 0.695312 0.756836 0.690104 0.757812 0.690104 0.766602 0.678385 0.766602 0.677083 0.768555 0.674479 0.768555 0.669271 0.769531 0.667969 0.769531 0.654948 0.768555 0.653646 0.768555 0.651042 0.766602 0.645833 0.762695 0.641927 0.755859 0.641927 0.754883 0.643229 0.751953 0.643229 0.750977 0.641927 0.746094 0.641927 0.745117 0.640625 0.742188 0.640625 0.738281 0.638021
0 0.770508 0.678385 0.765625 0.684896 0.765625 0.687500 0.764648 0.688802 0.764648 0.694010 0.765625 0.695312 0.765625 0.710938 0.766602 0.712240 0.769531 0.713542 0.771484 0.716146 0.772461 0.716146 0.781250 0.726562 0.782227 0.726562 0.784180 0.729167 0.785156 0.729167 0.790039 0.733073 0.794922 0.733073 0.795898 0.731771 0.798828 0.731771 0.799805 0.730469 0.800781 0.730469 0.808594 0.720052 0.808594 0.709635 0.809570 0.708333 0.809570 0.703125 0.808594 0.701823 0.808594 0.697917 0.807617 0.696615 0.805664 0.690104 0.799805 0.683594 0.798828 0.683594 0.797852 0.682292 0.795898 0.682292 0.794922 0.680990 0.789062 0.680990 0.788086 0.679688 0.783203 0.679688 0.782227 0.678385 0.780273 0.678385 0.779297 0.677083 0.774414 0.677083 0.773438 0.678385
0 0.848633 0.671875 0.841797 0.671875 0.837891 0.675781 0.836914 0.675781 0.833984 0.679688 0.833008 0.682292 0.829102 0.682292 0.828125 0.683594 0.821289 0.683594 0.816406 0.690104 0.815430 0.694010 0.812500 0.699219 0.812500 0.704427 0.811523 0.705729 0.811523 0.713542 0.812500 0.714844 0.812500 0.717448 0.813477 0.720052 0.814453 0.720052 0.819336 0.726562 0.821289 0.727865 0.824219 0.727865 0.828125 0.725260 0.836914 0.725260 0.837891 0.723958 0.843750 0.723958 0.854492 0.716146 0.857422 0.708333 0.857422 0.703125 0.856445 0.701823 0.856445 0.697917 0.855469 0.696615 0.854492 0.690104 0.851562 0.684896 0.851562 0.680990 0.848633 0.674479
0 0.813477 0.623698 0.811523 0.628906 0.808594 0.632812 0.807617 0.635417 0.807617 0.643229 0.810547 0.651042 0.810547 0.664062 0.809570 0.665365 0.809570 0.669271 0.812500 0.674479 0.815430 0.675781 0.818359 0.679688 0.820312 0.680990 0.832031 0.680990 0.836914 0.674479 0.840820 0.671875 0.845703 0.665365 0.849609 0.654948 0.849609 0.649740 0.850586 0.648438 0.849609 0.645833 0.849609 0.643229 0.848633 0.641927 0.848633 0.639323 0.846680 0.634115 0.843750 0.630208 0.837891 0.626302 0.835938 0.626302 0.834961 0.625000 0.832031 0.625000 0.831055 0.623698 0.819336 0.623698 0.818359 0.622396
0 0.776367 0.617188 0.773438 0.622396 0.773438 0.626302 0.772461 0.628906 0.770508 0.631510 0.769531 0.635417 0.766602 0.640625 0.766602 0.643229 0.768555 0.645833 0.770508 0.651042 0.770508 0.657552 0.771484 0.658854 0.771484 0.669271 0.773438 0.673177 0.777344 0.673177 0.778320 0.674479 0.789062 0.674479 0.790039 0.675781 0.792969 0.675781 0.793945 0.677083 0.796875 0.677083 0.797852 0.678385 0.801758 0.675781 0.801758 0.674479 0.803711 0.671875 0.803711 0.670573 0.805664 0.669271 0.805664 0.667969 0.807617 0.665365 0.809570 0.660156 0.809570 0.653646 0.806641 0.645833 0.806641 0.641927 0.805664 0.640625 0.805664 0.638021 0.801758 0.628906 0.801758 0.626302 0.799805 0.623698 0.799805 0.622396 0.796875 0.619792 0.785156 0.619792 0.782227 0.617188
0 0.721680 0.589844 0.721680 0.591146 0.719727 0.593750 0.717773 0.605469 0.720703 0.610677 0.720703 0.611979 0.726562 0.619792 0.726562 0.622396 0.727539 0.623698 0.727539 0.627604 0.730469 0.632812 0.731445 0.632812 0.732422 0.634115 0.734375 0.634115 0.735352 0.635417 0.738281 0.635417 0.739258 0.636719 0.740234 0.636719 0.741211 0.635417 0.745117 0.635417 0.746094 0.634115 0.750977 0.632812 0.751953 0.631510 0.752930 0.631510 0.753906 0.630208 0.755859 0.630208 0.758789 0.627604 0.758789 0.626302 0.760742 0.623698 0.760742 0.622396 0.762695 0.618490 0.762695 0.601562 0.751953 0.587240 0.750977 0.587240 0.749023 0.584635 0.748047 0.584635 0.745117 0.582031 0.732422 0.582031 0.731445 0.583333 0.728516 0.583333 0.725586 0.587240 0.724609 0.587240
0 0.808594 0.561198 0.807617 0.561198 0.806641 0.559896 0.801758 0.559896 0.794922 0.567708 0.793945 0.567708 0.787109 0.578125 0.786133 0.578125 0.785156 0.579427 0.782227 0.580729 0.780273 0.583333 0.777344 0.584635 0.774414 0.589844 0.774414 0.593750 0.775391 0.595052 0.775391 0.600260 0.774414 0.601562 0.773438 0.601562 0.773438 0.604167 0.772461 0.605469 0.773438 0.606771 0.774414 0.606771 0.778320 0.611979 0.781250 0.611979 0.782227 0.613281 0.788086 0.613281 0.789062 0.614583 0.801758 0.614583 0.802734 0.613281 0.804688 0.613281 0.805664 0.611979 0.806641 0.611979 0.809570 0.608073 0.810547 0.608073 0.810547 0.606771 0.814453 0.601562 0.815430 0.601562 0.815430 0.600260 0.817383 0.597656 0.817383 0.583333 0.816406 0.582031 0.816406 0.575521 0.815430 0.574219 0.813477 0.567708
0 0.784180 0.526042 0.782227 0.524740 0.775391 0.524740 0.774414 0.526042 0.767578 0.526042 0.765625 0.527344 0.761719 0.532552 0.760742 0.532552 0.758789 0.535156 0.758789 0.536458 0.752930 0.544271 0.753906 0.545573 0.753906 0.552083 0.750977 0.558594 0.750977 0.565104 0.755859 0.569010 0.755859 0.571615 0.753906 0.572917 0.753906 0.574219 0.755859 0.574219 0.758789 0.576823 0.760742 0.576823 0.761719 0.578125 0.763672 0.578125 0.767578 0.580729 0.770508 0.580729 0.771484 0.579427 0.782227 0.579427 0.783203 0.578125 0.785156 0.578125 0.787109 0.576823 0.789062 0.574219 0.791992 0.566406 0.791992 0.550781 0.791016 0.549479 0.791016 0.544271 0.789062 0.539062 0.789062 0.533854
