0 0.110352 0.261719 0.109375 0.264323 0.109375 0.277344 0.110352 0.278646 0.111328 0.291667 0.115234 0.299479 0.126953 0.312500 0.132812 0.315104 0.140625 0.315104 0.141602 0.316406 0.143555 0.315104 0.164062 0.315104 0.177734 0.298177 0.178711 0.294271 0.178711 0.283854 0.179688 0.282552 0.179688 0.272135 0.177734 0.266927 0.174805 0.266927 0.172852 0.263021 0.171875 0.264323 0.167969 0.264323 0.163086 0.257812 0.161133 0.251302 0.154297 0.247396 0.145508 0.247396 0.142578 0.250000 0.137695 0.251302 0.128906 0.256510 0.125977 0.256510 0.121094 0.259115 0.114258 0.259115
0 0.162109 0.325521 0.160156 0.324219 0.146484 0.324219 0.134766 0.332031 0.132812 0.334635 0.121094 0.338542 0.117188 0.343750 0.115234 0.348958 0.116211 0.386719 0.125000 0.401042 0.128906 0.403646 0.141602 0.403646 0.152344 0.399740 0.169922 0.397135 0.173828 0.393229 0.173828 0.389323 0.169922 0.382812 0.169922 0.376302 0.177734 0.361979 0.178711 0.350260 0.175781 0.348958 0.170898 0.342448 0.159180 0.337240 0.155273 0.330729 0.156250 0.329427 0.161133 0.329427
0 0.200195 0.325521 0.195312 0.329427 0.190430 0.339844 0.186523 0.345052 0.185547 0.348958 0.182617 0.352865 0.179688 0.363281 0.170898 0.377604 0.171875 0.382812 0.180664 0.394531 0.198242 0.406250 0.202148 0.406250 0.203125 0.407552 0.212891 0.407552 0.213867 0.406250 0.220703 0.406250 0.221680 0.404948 0.226562 0.404948 0.227539 0.406250 0.233398 0.399740 0.234375 0.397135 0.234375 0.391927 0.235352 0.390625 0.235352 0.380208 0.233398 0.373698 0.232422 0.351562 0.228516 0.343750 0.220703 0.338542 0.210938 0.326823 0.206055 0.324219
0 0.192383 0.406250 0.183594 0.403646 0.182617 0.404948 0.177734 0.404948 0.176758 0.406250 0.157227 0.407552 0.146484 0.414062 0.140625 0.423177 0.139648 0.428385 0.136719 0.434896 0.136719 0.438802 0.134766 0.445312 0.134766 0.455729 0.135742 0.457031 0.136719 0.464844 0.139648 0.471354 0.143555 0.476562 0.149414 0.479167 0.168945 0.479167 0.169922 0.480469 0.177734 0.480469 0.178711 0.481771 0.186523 0.481771 0.187500 0.480469 0.193359 0.479167 0.198242 0.471354 0.199219 0.460938 0.202148 0.450521 0.202148 0.445312 0.198242 0.429688 0.191406 0.419271 0.194336 0.410156
0 0.167969 0.500000 0.156250 0.489583 0.153320 0.488281 0.146484 0.480469 0.138672 0.479167 0.137695 0.480469 0.126953 0.481771 0.125977 0.483073 0.120117 0.484375 0.117188 0.486979 0.114258 0.486979 0.111328 0.492188 0.109375 0.497396 0.108398 0.506510 0.107422 0.507812 0.108398 0.519531 0.109375 0.520833 0.110352 0.527344 0.113281 0.533854 0.125000 0.542969 0.135742 0.542969 0.136719 0.541667 0.144531 0.541667 0.145508 0.540365 0.149414 0.540365 0.158203 0.533854 0.165039 0.531250 0.167969 0.527344 0.167969 0.522135 0.168945 0.520833 0.168945 0.515625 0.169922 0.514323 0.168945 0.502604
0 0.157227 0.542969 0.154297 0.544271 0.155273 0.546875 0.154297 0.550781 0.153320 0.550781 0.152344 0.548177 0.149414 0.548177 0.144531 0.555990 0.142578 0.557292 0.141602 0.561198 0.138672 0.565104 0.137695 0.570312 0.133789 0.579427 0.133789 0.596354 0.134766 0.597656 0.134766 0.601562 0.138672 0.610677 0.143555 0.614583 0.149414 0.622396 0.157227 0.627604 0.170898 0.627604 0.176758 0.623698 0.179688 0.619792 0.181641 0.614583 0.181641 0.605469 0.185547 0.595052 0.186523 0.587240 0.191406 0.575521 0.191406 0.569010 0.189453 0.563802 0.189453 0.559896 0.188477 0.558594 0.185547 0.559896 0.184570 0.558594 0.184570 0.554688 0.182617 0.557292 0.180664 0.557292 0.175781 0.552083 0.171875 0.550781 0.168945 0.546875 0.165039 0.548177 0.164062 0.544271 0.162109 0.542969
0 0.118164 0.614583 0.115234 0.619792 0.115234 0.622396 0.113281 0.626302 0.113281 0.632812 0.112305 0.634115 0.112305 0.677083 0.118164 0.687500 0.120117 0.687500 0.121094 0.688802 0.127930 0.688802 0.128906 0.690104 0.140625 0.690104 0.146484 0.686198 0.156250 0.674479 0.156250 0.671875 0.159180 0.667969 0.159180 0.665365 0.160156 0.664062 0.159180 0.652344 0.161133 0.647135 0.159180 0.641927 0.154297 0.638021 0.144531 0.625000 0.138672 0.621094 0.133789 0.619792 0.127930 0.614583 0.125000 0.614583 0.124023 0.613281 0.122070 0.614583
0 0.208984 0.684896 0.205078 0.684896 0.200195 0.680990 0.198242 0.680990 0.194336 0.678385 0.192383 0.675781 0.191406 0.677083 0.189453 0.677083 0.185547 0.682292 0.180664 0.684896 0.166992 0.686198 0.165039 0.683594 0.162109 0.683594 0.155273 0.688802 0.153320 0.688802 0.151367 0.691406 0.145508 0.695312 0.145508 0.708333 0.149414 0.720052 0.149414 0.722656 0.156250 0.735677 0.160156 0.740885 0.166016 0.744792 0.177734 0.743490 0.180664 0.746094 0.184570 0.746094 0.186523 0.743490 0.188477 0.743490 0.199219 0.731771 0.208008 0.723958 0.208984 0.721354 0.209961 0.707031 0.211914 0.703125 0.211914 0.696615 0.210938 0.695312
0 0.275391 0.705729 0.270508 0.703125 0.266602 0.703125 0.265625 0.701823 0.260742 0.700521 0.258789 0.697917 0.256836 0.697917 0.255859 0.696615 0.244141 0.696615 0.243164 0.697917 0.240234 0.697917 0.237305 0.700521 0.234375 0.700521 0.233398 0.701823 0.227539 0.701823 0.223633 0.709635 0.223633 0.740885 0.225586 0.744792 0.225586 0.747396 0.227539 0.752604 0.231445 0.756510 0.237305 0.757812 0.244141 0.765625 0.248047 0.765625 0.249023 0.764323 0.255859 0.763021 0.257812 0.760417 0.259766 0.760417 0.265625 0.755208 0.268555 0.751302 0.269531 0.751302 0.274414 0.743490 0.275391 0.739583 0.277344 0.736979 0.278320 0.726562 0.280273 0.722656 0.280273 0.713542
0 0.216797 0.611979 0.209961 0.611979 0.203125 0.615885 0.198242 0.615885 0.196289 0.617188 0.192383 0.623698 0.191406 0.631510 0.187500 0.638021 0.184570 0.645833 0.184570 0.652344 0.187500 0.658854 0.191406 0.664062 0.194336 0.671875 0.197266 0.675781 0.208008 0.682292 0.210938 0.682292 0.214844 0.679688 0.216797 0.677083 0.226562 0.670573 0.230469 0.665365 0.236328 0.661458 0.241211 0.654948 0.245117 0.645833 0.245117 0.639323 0.244141 0.636719 0.233398 0.622396 0.223633 0.615885 0.220703 0.615885
0 0.262695 0.630208 0.254883 0.636719 0.254883 0.638021 0.249023 0.645833 0.247070 0.652344 0.240234 0.661458 0.238281 0.666667 0.239258 0.678385 0.241211 0.683594 0.242188 0.695312 0.257812 0.695312 0.262695 0.699219 0.266602 0.699219 0.267578 0.700521 0.277344 0.700521 0.278320 0.699219 0.281250 0.699219 0.285156 0.696615 0.288086 0.692708 0.292969 0.690104 0.293945 0.687500 0.294922 0.677083 0.293945 0.675781 0.292969 0.652344 0.286133 0.644531 0.285156 0.644531 0.281250 0.638021 0.278320 0.636719 0.275391 0.632812 0.272461 0.632812 0.267578 0.630208
0 0.212891 0.578125 0.212891 0.587240 0.214844 0.589844 0.214844 0.601562 0.215820 0.602865 0.215820 0.606771 0.216797 0.609375 0.221680 0.614583 0.224609 0.614583 0.225586 0.615885 0.230469 0.617188 0.235352 0.621094 0.247070 0.621094 0.248047 0.622396 0.257812 0.622396 0.258789 0.623698 0.262695 0.623698 0.264648 0.622396 0.266602 0.615885 0.271484 0.608073 0.271484 0.605469 0.272461 0.604167 0.272461 0.592448 0.271484 0.591146 0.271484 0.585938 0.270508 0.584635 0.268555 0.574219 0.264648 0.571615 0.259766 0.571615 0.252930 0.563802 0.249023 0.563802 0.248047 0.562500 0.239258 0.562500 0.238281 0.563802 0.233398 0.563802 0.226562 0.567708 0.224609 0.570312 0.221680 0.570312 0.217773 0.574219 0.215820 0.574219
0 0.250000 0.500000 0.246094 0.497396 0.235352 0.484375 0.232422 0.483073 0.229492 0.485677 0.227539 0.485677 0.224609 0.481771 0.223633 0.476562 0.220703 0.475260 0.212891 0.476562 0.210938 0.479167 0.208008 0.479167 0.207031 0.480469 0.197266 0.481771 0.197266 0.483073 0.200195 0.483073 0.202148 0.486979 0.199219 0.488281 0.197266 0.492188 0.194336 0.493490 0.189453 0.500000 0.186523 0.516927 0.184570 0.522135 0.180664 0.527344 0.180664 0.533854 0.186523 0.539062 0.189453 0.542969 0.192383 0.550781 0.200195 0.558594 0.206055 0.558594 0.217773 0.552083 0.220703 0.552083 0.244141 0.541667 0.250000 0.535156 0.250977 0.529948 0.254883 0.522135 0.254883 0.516927
0 0.234375 0.403646 0.233398 0.406250 0.233398 0.411458 0.232422 0.412760 0.232422 0.421875 0.230469 0.428385 0.230469 0.442708 0.231445 0.444010 0.233398 0.458333 0.235352 0.463542 0.237305 0.464844 0.238281 0.468750 0.243164 0.476562 0.251953 0.481771 0.260742 0.481771 0.264648 0.479167 0.274414 0.476562 0.281250 0.470052 0.284180 0.468750 0.287109 0.464844 0.290039 0.463542 0.291992 0.454427 0.293945 0.450521 0.294922 0.440104 0.289062 0.424479 0.286133 0.421875 0.283203 0.421875 0.278320 0.414062 0.273438 0.414062 0.269531 0.408854 0.266602 0.408854 0.257812 0.404948 0.252930 0.404948 0.251953 0.403646 0.244141 0.403646 0.239258 0.401042
0 0.291016 0.477865 0.259766 0.498698 0.256836 0.506510 0.256836 0.516927 0.257812 0.518229 0.257812 0.523438 0.258789 0.524740 0.258789 0.527344 0.261719 0.531250 0.261719 0.532552 0.269531 0.541667 0.273438 0.544271 0.279297 0.544271 0.286133 0.548177 0.296875 0.548177 0.302734 0.544271 0.310547 0.533854 0.313477 0.526042 0.315430 0.523438 0.315430 0.514323 0.312500 0.507812 0.312500 0.496094 0.311523 0.493490 0.301758 0.480469 0.297852 0.477865
0 0.273438 0.322917 0.265625 0.332031 0.258789 0.346354 0.252930 0.363281 0.252930 0.373698 0.256836 0.381510 0.258789 0.389323 0.264648 0.403646 0.279297 0.410156 0.284180 0.410156 0.293945 0.406250 0.302734 0.406250 0.310547 0.399740 0.316406 0.390625 0.316406 0.388021 0.318359 0.385417 0.321289 0.390625 0.322266 0.386719 0.320312 0.384115 0.320312 0.378906 0.323242 0.371094 0.323242 0.365885 0.320312 0.356771 0.320312 0.348958 0.317383 0.339844 0.315430 0.337240 0.315430 0.334635 0.309570 0.326823 0.304688 0.322917 0.299805 0.322917 0.298828 0.321615 0.278320 0.321615 0.277344 0.322917
0 0.302734 0.225260 0.293945 0.233073 0.291016 0.238281 0.289062 0.244792 0.286133 0.248698 0.282227 0.260417 0.284180 0.274740 0.291992 0.291667 0.299805 0.300781 0.305664 0.304688 0.311523 0.305990 0.315430 0.308594 0.319336 0.308594 0.320312 0.309896 0.329102 0.307292 0.333008 0.303385 0.333984 0.299479 0.339844 0.290365 0.343750 0.281250 0.343750 0.270833 0.344727 0.269531 0.344727 0.261719 0.340820 0.250000 0.335938 0.243490 0.335938 0.242188 0.333008 0.240885 0.329102 0.235677 0.322266 0.230469 0.319336 0.223958 0.315430 0.222656 0.314453 0.223958
0 0.356445 0.268229 0.342773 0.289062 0.339844 0.299479 0.338867 0.315104 0.339844 0.316406 0.339844 0.321615 0.341797 0.328125 0.347656 0.333333 0.359375 0.338542 0.363281 0.342448 0.368164 0.343750 0.379883 0.351562 0.384766 0.351562 0.391602 0.347656 0.403320 0.333333 0.406250 0.324219 0.406250 0.316406 0.402344 0.300781 0.401367 0.290365 0.395508 0.281250 0.386719 0.276042 0.380859 0.269531 0.377930 0.269531 0.373047 0.265625 0.365234 0.264323 0.362305 0.266927
0 0.357422 0.348958 0.354492 0.351562 0.352539 0.356771 0.347656 0.363281 0.342773 0.373698 0.339844 0.377604 0.335938 0.388021 0.332031 0.394531 0.332031 0.399740 0.333008 0.402344 0.333984 0.402344 0.338867 0.408854 0.341797 0.410156 0.347656 0.417969 0.353516 0.421875 0.373047 0.421875 0.375000 0.424479 0.377930 0.424479 0.379883 0.423177 0.380859 0.420573 0.382812 0.419271 0.388672 0.410156 0.388672 0.401042 0.389648 0.399740 0.389648 0.394531 0.388672 0.393229 0.389648 0.391927 0.389648 0.385417 0.388672 0.384115 0.387695 0.376302 0.385742 0.372396 0.384766 0.367188 0.373047 0.354167 0.365234 0.348958
0 0.299805 0.441406 0.297852 0.446615 0.297852 0.457031 0.303711 0.471354 0.304688 0.476562 0.310547 0.481771 0.312500 0.481771 0.324219 0.489583 0.340820 0.489583 0.341797 0.488281 0.349609 0.488281 0.350586 0.486979 0.352539 0.486979 0.356445 0.481771 0.357422 0.481771 0.359375 0.477865 0.359375 0.475260 0.361328 0.471354 0.361328 0.451823 0.360352 0.450521 0.360352 0.444010 0.359375 0.442708 0.359375 0.440104 0.355469 0.429688 0.351562 0.424479 0.343750 0.419271 0.341797 0.419271 0.340820 0.417969 0.333008 0.417969 0.330078 0.420573 0.327148 0.420573 0.326172 0.421875 0.321289 0.423177 0.318359 0.427083 0.304688 0.436198
0 0.350586 0.493490 0.347656 0.496094 0.335938 0.497396 0.332031 0.500000 0.328125 0.505208 0.325195 0.514323 0.325195 0.524740 0.321289 0.533854 0.321289 0.539062 0.327148 0.548177 0.327148 0.549479 0.333008 0.557292 0.333008 0.558594 0.341797 0.570312 0.347656 0.571615 0.348633 0.572917 0.353516 0.572917 0.354492 0.571615 0.356445 0.571615 0.359375 0.567708 0.369141 0.559896 0.372070 0.555990 0.378906 0.539062 0.378906 0.533854 0.379883 0.532552 0.378906 0.531250 0.378906 0.528646 0.375000 0.523438 0.375000 0.522135 0.368164 0.514323 0.362305 0.502604 0.356445 0.494792 0.354492 0.493490
0 0.294922 0.569010 0.289062 0.575521 0.289062 0.578125 0.286133 0.580729 0.278320 0.596354 0.276367 0.606771 0.278320 0.627604 0.288086 0.644531 0.295898 0.652344 0.303711 0.654948 0.309570 0.658854 0.315430 0.658854 0.321289 0.653646 0.326172 0.652344 0.333984 0.644531 0.335938 0.640625 0.336914 0.631510 0.338867 0.623698 0.340820 0.621094 0.340820 0.610677 0.337891 0.598958 0.337891 0.579427 0.329102 0.569010 0.328125 0.570312 0.328125 0.576823 0.330078 0.580729 0.328125 0.583333 0.324219 0.583333 0.318359 0.578125 0.304688 0.578125 0.299805 0.582031 0.295898 0.582031 0.294922 0.580729 0.295898 0.570312
0 0.336914 0.647135 0.333984 0.648438 0.335938 0.652344 0.334961 0.653646 0.328125 0.654948 0.320312 0.661458 0.314453 0.670573 0.310547 0.671875 0.308594 0.677083 0.307617 0.694010 0.313477 0.704427 0.314453 0.709635 0.318359 0.717448 0.324219 0.722656 0.328125 0.723958 0.333008 0.727865 0.345703 0.730469 0.349609 0.726562 0.351562 0.726562 0.355469 0.721354 0.357422 0.707031 0.361328 0.700521 0.364258 0.691406 0.366211 0.688802 0.368164 0.680990 0.368164 0.673177 0.365234 0.664062 0.360352 0.656250 0.356445 0.658854 0.351562 0.654948 0.348633 0.654948 0.344727 0.652344 0.341797 0.647135
0 0.298828 0.700521 0.291992 0.709635 0.290039 0.716146 0.293945 0.726562 0.300781 0.736979 0.301758 0.740885 0.304688 0.744792 0.305664 0.748698 0.310547 0.755208 0.313477 0.755208 0.317383 0.759115 0.326172 0.756510 0.328125 0.755208 0.337891 0.742188 0.337891 0.740885 0.341797 0.735677 0.341797 0.733073 0.340820 0.731771 0.336914 0.731771 0.335938 0.730469 0.331055 0.729167 0.329102 0.726562 0.327148 0.725260 0.325195 0.725260 0.320312 0.720052 0.319336 0.720052 0.314453 0.712240 0.309570 0.699219 0.308594 0.699219 0.306641 0.696615 0.305664 0.697917 0.303711 0.697917 0.302734 0.699219 0.300781 0.699219
0 0.360352 0.704427 0.360352 0.705729 0.358398 0.708333 0.358398 0.712240 0.357422 0.713542 0.357422 0.726562 0.355469 0.729167 0.356445 0.734375 0.360352 0.739583 0.361328 0.739583 0.369141 0.748698 0.370117 0.748698 0.374023 0.752604 0.377930 0.752604 0.381836 0.755208 0.386719 0.755208 0.387695 0.756510 0.395508 0.756510 0.399414 0.753906 0.400391 0.751302 0.400391 0.736979 0.401367 0.735677 0.402344 0.727865 0.403320 0.726562 0.403320 0.722656 0.404297 0.721354 0.404297 0.705729 0.401367 0.701823 0.399414 0.700521 0.397461 0.701823 0.393555 0.701823 0.392578 0.700521 0.389648 0.700521 0.388672 0.699219 0.376953 0.697917 0.375977 0.699219 0.370117 0.699219 0.369141 0.700521 0.367188 0.700521 0.366211 0.701823 0.364258 0.701823
0 0.379883 0.614583 0.375977 0.618490 0.371094 0.631510 0.364258 0.644531 0.364258 0.656250 0.368164 0.666667 0.369141 0.666667 0.370117 0.669271 0.377930 0.678385 0.377930 0.679688 0.390625 0.697917 0.394531 0.697917 0.395508 0.699219 0.396484 0.697917 0.399414 0.697917 0.415039 0.684896 0.418945 0.678385 0.422852 0.667969 0.423828 0.656250 0.424805 0.654948 0.424805 0.648438 0.426758 0.644531 0.426758 0.641927 0.422852 0.636719 0.422852 0.632812 0.420898 0.628906 0.420898 0.621094 0.419922 0.619792 0.405273 0.619792 0.393555 0.614583
0 0.447266 0.674479 0.440430 0.677083 0.435547 0.683594 0.431641 0.686198 0.423828 0.696615 0.422852 0.696615 0.413086 0.710938 0.411133 0.721354 0.412109 0.722656 0.412109 0.725260 0.415039 0.729167 0.416016 0.731771 0.416016 0.735677 0.418945 0.742188 0.422852 0.744792 0.424805 0.743490 0.436523 0.744792 0.437500 0.743490 0.445312 0.742188 0.456055 0.735677 0.458984 0.733073 0.462891 0.726562 0.462891 0.723958 0.463867 0.722656 0.463867 0.717448 0.465820 0.712240 0.465820 0.696615 0.465820 0.697917 0.462891 0.701823 0.460938 0.699219 0.460938 0.696615 0.458008 0.688802 0.455078 0.686198 0.449219 0.677083 0.449219 0.675781
0 0.477539 0.722656 0.476562 0.725260 0.476562 0.727865 0.477539 0.729167 0.477539 0.740885 0.478516 0.743490 0.483398 0.748698 0.490234 0.752604 0.492188 0.755208 0.496094 0.757812 0.500977 0.759115 0.501953 0.760417 0.504883 0.760417 0.509766 0.764323 0.513672 0.764323 0.514648 0.763021 0.516602 0.763021 0.520508 0.759115 0.521484 0.759115 0.523438 0.756510 0.523438 0.753906 0.524414 0.752604 0.524414 0.746094 0.525391 0.744792 0.525391 0.729167 0.523438 0.726562 0.520508 0.725260 0.516602 0.720052 0.514648 0.720052 0.513672 0.718750 0.509766 0.718750 0.500000 0.712240 0.496094 0.712240 0.495117 0.710938 0.493164 0.710938 0.492188 0.712240 0.488281 0.712240 0.486328 0.713542 0.483398 0.717448 0.480469 0.718750
0 0.373047 0.570312 0.372070 0.575521 0.371094 0.576823 0.371094 0.579427 0.370117 0.580729 0.370117 0.583333 0.369141 0.584635 0.369141 0.595052 0.373047 0.605469 0.375977 0.609375 0.377930 0.610677 0.387695 0.610677 0.388672 0.611979 0.392578 0.611979 0.396484 0.614583 0.400391 0.614583 0.401367 0.615885 0.404297 0.615885 0.405273 0.617188 0.416992 0.617188 0.417969 0.615885 0.420898 0.615885 0.426758 0.611979 0.425781 0.604167 0.424805 0.602865 0.424805 0.600260 0.425781 0.598958 0.425781 0.585938 0.423828 0.583333 0.422852 0.578125 0.419922 0.574219 0.410156 0.572917 0.409180 0.571615 0.404297 0.571615 0.403320 0.570312 0.401367 0.570312 0.398438 0.567708 0.395508 0.567708 0.394531 0.566406 0.380859 0.566406 0.379883 0.567708 0.374023 0.569010
0 0.450195 0.576823 0.443359 0.576823 0.442383 0.578125 0.439453 0.578125 0.435547 0.580729 0.431641 0.585938 0.431641 0.589844 0.430664 0.591146 0.430664 0.615885 0.431641 0.617188 0.431641 0.627604 0.432617 0.628906 0.432617 0.631510 0.439453 0.640625 0.441406 0.640625 0.442383 0.641927 0.452148 0.639323 0.469727 0.627604 0.469727 0.626302 0.474609 0.617188 0.474609 0.610677 0.473633 0.609375 0.473633 0.605469 0.471680 0.601562 0.471680 0.597656 0.470703 0.595052 0.469727 0.595052 0.467773 0.592448 0.467773 0.591146 0.458984 0.580729 0.457031 0.580729 0.456055 0.579427 0.454102 0.579427
0 0.375977 0.455729 0.372070 0.460938 0.372070 0.463542 0.371094 0.464844 0.371094 0.473958 0.370117 0.475260 0.370117 0.477865 0.366211 0.490885 0.366211 0.502604 0.367188 0.505208 0.373047 0.511719 0.376953 0.513021 0.386719 0.520833 0.404297 0.520833 0.405273 0.519531 0.412109 0.516927 0.414062 0.514323 0.415039 0.503906 0.416016 0.502604 0.416992 0.494792 0.417969 0.493490 0.417969 0.483073 0.418945 0.481771 0.417969 0.479167 0.417969 0.466146 0.407227 0.455729 0.399414 0.453125 0.395508 0.449219 0.387695 0.449219 0.386719 0.450521 0.383789 0.450521 0.381836 0.453125 0.379883 0.453125
0 0.419922 0.386719 0.413086 0.391927 0.408203 0.398438 0.404297 0.401042 0.399414 0.408854 0.394531 0.424479 0.394531 0.441406 0.399414 0.449219 0.414062 0.459635 0.420898 0.467448 0.425781 0.470052 0.434570 0.477865 0.439453 0.479167 0.442383 0.477865 0.454102 0.459635 0.456055 0.454427 0.458008 0.442708 0.458984 0.441406 0.458984 0.425781 0.455078 0.415365 0.454102 0.407552 0.450195 0.402344 0.430664 0.388021 0.427734 0.386719
0 0.419922 0.325521 0.415039 0.332031 0.411133 0.339844 0.409180 0.347656 0.407227 0.350260 0.405273 0.358073 0.406250 0.364583 0.412109 0.367188 0.415039 0.367188 0.422852 0.376302 0.430664 0.381510 0.438477 0.389323 0.448242 0.395833 0.453125 0.401042 0.458008 0.399740 0.463867 0.393229 0.467773 0.382812 0.470703 0.371094 0.470703 0.363281 0.469727 0.361979 0.468750 0.347656 0.466797 0.341146 0.458008 0.329427 0.454102 0.329427 0.450195 0.324219 0.444336 0.320312 0.440430 0.320312 0.439453 0.319010 0.438477 0.320312 0.429688 0.320312
0 0.377930 0.194010 0.371094 0.204427 0.367188 0.214844 0.367188 0.217448 0.364258 0.222656 0.364258 0.226562 0.363281 0.227865 0.364258 0.238281 0.367188 0.243490 0.368164 0.250000 0.372070 0.259115 0.379883 0.266927 0.387695 0.270833 0.419922 0.269531 0.422852 0.268229 0.427734 0.257812 0.428711 0.251302 0.430664 0.247396 0.430664 0.242188 0.432617 0.236979 0.433594 0.220052 0.426758 0.214844 0.422852 0.214844 0.417969 0.209635 0.409180 0.205729 0.387695 0.191406 0.382812 0.191406
0 0.449219 0.229167 0.448242 0.230469 0.445312 0.230469 0.442383 0.233073 0.435547 0.242188 0.435547 0.247396 0.433594 0.252604 0.433594 0.256510 0.429688 0.265625 0.426758 0.269531 0.424805 0.276042 0.424805 0.279948 0.422852 0.285156 0.422852 0.294271 0.435547 0.303385 0.437500 0.305990 0.443359 0.307292 0.453125 0.313802 0.459961 0.313802 0.473633 0.307292 0.479492 0.299479 0.480469 0.296875 0.480469 0.272135 0.479492 0.270833 0.478516 0.260417 0.474609 0.248698 0.465820 0.240885 0.458008 0.231771 0.453125 0.229167
0 0.453125 0.139323 0.449219 0.139323 0.448242 0.140625 0.444336 0.140625 0.443359 0.141927 0.439453 0.141927 0.437500 0.143229 0.430664 0.153646 0.430664 0.154948 0.423828 0.164062 0.419922 0.173177 0.413086 0.183594 0.413086 0.191406 0.414062 0.192708 0.415039 0.199219 0.421875 0.209635 0.424805 0.212240 0.426758 0.212240 0.433594 0.218750 0.435547 0.218750 0.438477 0.221354 0.441406 0.221354 0.444336 0.223958 0.451172 0.223958 0.454102 0.221354 0.455078 0.218750 0.458984 0.214844 0.459961 0.209635 0.467773 0.197917 0.470703 0.191406 0.469727 0.182292 0.467773 0.179688 0.464844 0.170573 0.464844 0.165365 0.463867 0.164062 0.464844 0.158854 0.458008 0.151042 0.457031 0.143229
0 0.603516 0.166667 0.593750 0.171875 0.593750 0.173177 0.590820 0.175781 0.586914 0.182292 0.583008 0.191406 0.582031 0.208333 0.587891 0.218750 0.590820 0.227865 0.593750 0.231771 0.597656 0.247396 0.606445 0.256510 0.612305 0.256510 0.625000 0.247396 0.626953 0.247396 0.635742 0.236979 0.638672 0.227865 0.638672 0.217448 0.639648 0.216146 0.639648 0.212240 0.641602 0.209635 0.642578 0.205729 0.642578 0.200521 0.641602 0.199219 0.641602 0.195312 0.636719 0.186198 0.633789 0.177083 0.629883 0.171875 0.625977 0.169271 0.622070 0.169271 0.616211 0.166667
0 0.576172 0.234375 0.571289 0.234375 0.563477 0.226562 0.552734 0.222656 0.547852 0.222656 0.536133 0.229167 0.531250 0.234375 0.528320 0.235677 0.519531 0.246094 0.516602 0.247396 0.514648 0.252604 0.521484 0.259115 0.523438 0.266927 0.523438 0.279948 0.522461 0.281250 0.522461 0.294271 0.523438 0.298177 0.536133 0.312500 0.540039 0.315104 0.543945 0.315104 0.561523 0.304688 0.573242 0.299479 0.580078 0.298177 0.583008 0.295573 0.586914 0.287760 0.585938 0.285156 0.585938 0.277344 0.584961 0.276042 0.584961 0.266927 0.582031 0.251302 0.583008 0.247396 0.580078 0.238281
0 0.634766 0.246094 0.630859 0.246094 0.611328 0.259115 0.605469 0.257812 0.598633 0.252604 0.595703 0.260417 0.592773 0.274740 0.589844 0.281250 0.589844 0.287760 0.590820 0.289062 0.590820 0.294271 0.593750 0.302083 0.594727 0.302083 0.596680 0.305990 0.605469 0.316406 0.610352 0.319010 0.621094 0.319010 0.622070 0.317708 0.626953 0.316406 0.633789 0.311198 0.633789 0.308594 0.634766 0.307292 0.634766 0.299479 0.635742 0.298177 0.635742 0.282552 0.636719 0.281250 0.636719 0.255208 0.635742 0.253906
0 0.572266 0.319010 0.560547 0.328125 0.557617 0.332031 0.555664 0.337240 0.551758 0.341146 0.550781 0.347656 0.556641 0.361979 0.557617 0.361979 0.561523 0.367188 0.564453 0.375000 0.569336 0.380208 0.571289 0.380208 0.575195 0.384115 0.576172 0.386719 0.576172 0.390625 0.575195 0.391927 0.576172 0.394531 0.576172 0.399740 0.577148 0.401042 0.584961 0.401042 0.585938 0.399740 0.588867 0.399740 0.592773 0.395833 0.595703 0.394531 0.598633 0.391927 0.602539 0.385417 0.607422 0.368490 0.608398 0.356771 0.609375 0.355469 0.609375 0.348958 0.606445 0.341146 0.595703 0.328125 0.587891 0.322917 0.584961 0.322917 0.579102 0.319010
0 0.497070 0.325521 0.492188 0.328125 0.482422 0.341146 0.480469 0.346354 0.480469 0.351562 0.479492 0.352865 0.479492 0.364583 0.480469 0.367188 0.478516 0.372396 0.478516 0.380208 0.486328 0.393229 0.491211 0.395833 0.506836 0.414062 0.508789 0.415365 0.514648 0.415365 0.521484 0.408854 0.525391 0.399740 0.527344 0.389323 0.530273 0.382812 0.535156 0.363281 0.537109 0.360677 0.538086 0.351562 0.521484 0.332031 0.517578 0.329427 0.514648 0.329427 0.507812 0.325521
0 0.550781 0.378906 0.541992 0.384115 0.540039 0.384115 0.536133 0.388021 0.535156 0.391927 0.532227 0.395833 0.523438 0.420573 0.524414 0.430990 0.527344 0.437500 0.527344 0.440104 0.529297 0.445312 0.533203 0.451823 0.535156 0.451823 0.537109 0.454427 0.538086 0.453125 0.540039 0.453125 0.542969 0.457031 0.546875 0.459635 0.553711 0.459635 0.554688 0.460938 0.566406 0.459635 0.576172 0.453125 0.581055 0.445312 0.581055 0.442708 0.582031 0.441406 0.582031 0.438802 0.578125 0.428385 0.577148 0.419271 0.576172 0.417969 0.576172 0.404948 0.575195 0.403646 0.575195 0.398438 0.574219 0.397135 0.574219 0.385417 0.572266 0.382812 0.570312 0.382812 0.567383 0.380208 0.563477 0.380208 0.562500 0.378906
0 0.474609 0.408854 0.468750 0.415365 0.467773 0.423177 0.466797 0.424479 0.465820 0.432292 0.464844 0.433594 0.464844 0.442708 0.465820 0.444010 0.465820 0.462240 0.469727 0.470052 0.474609 0.476562 0.478516 0.479167 0.481445 0.479167 0.482422 0.480469 0.485352 0.480469 0.486328 0.481771 0.496094 0.481771 0.497070 0.483073 0.498047 0.481771 0.500000 0.481771 0.503906 0.477865 0.505859 0.472656 0.507812 0.458333 0.512695 0.446615 0.512695 0.442708 0.513672 0.441406 0.513672 0.424479 0.507812 0.416667 0.505859 0.415365 0.500977 0.415365 0.497070 0.411458 0.490234 0.408854 0.489258 0.407552 0.477539 0.407552 0.476562 0.408854
0 0.512695 0.464844 0.508789 0.471354 0.508789 0.473958 0.504883 0.480469 0.503906 0.484375 0.498047 0.492188 0.498047 0.502604 0.500000 0.507812 0.505859 0.513021 0.505859 0.515625 0.507812 0.520833 0.523438 0.531250 0.525391 0.531250 0.526367 0.532552 0.541016 0.532552 0.541992 0.531250 0.546875 0.529948 0.548828 0.527344 0.548828 0.520833 0.549805 0.519531 0.549805 0.514323 0.550781 0.513021 0.550781 0.506510 0.554688 0.497396 0.554688 0.493490 0.555664 0.492188 0.555664 0.481771 0.554688 0.480469 0.554688 0.476562 0.552734 0.472656 0.548828 0.467448 0.538086 0.463542 0.530273 0.458333 0.524414 0.458333 0.523438 0.459635 0.521484 0.459635 0.517578 0.463542 0.514648 0.463542
0 0.445312 0.479167 0.444336 0.480469 0.442383 0.480469 0.433594 0.490885 0.432617 0.494792 0.430664 0.497396 0.430664 0.500000 0.424805 0.513021 0.424805 0.519531 0.425781 0.520833 0.426758 0.527344 0.432617 0.537760 0.434570 0.542969 0.434570 0.548177 0.436523 0.550781 0.438477 0.550781 0.441406 0.554688 0.451172 0.561198 0.458008 0.561198 0.462891 0.558594 0.465820 0.554688 0.469727 0.544271 0.471680 0.532552 0.479492 0.515625 0.479492 0.511719 0.475586 0.503906 0.471680 0.492188 0.469727 0.489583 0.459961 0.483073 0.453125 0.483073 0.451172 0.480469
0 0.506836 0.522135 0.504883 0.522135 0.500977 0.519531 0.488281 0.519531 0.486328 0.520833 0.476562 0.535156 0.475586 0.540365 0.472656 0.544271 0.471680 0.552083 0.470703 0.553385 0.470703 0.557292 0.469727 0.558594 0.469727 0.565104 0.466797 0.574219 0.467773 0.585938 0.468750 0.587240 0.468750 0.589844 0.472656 0.593750 0.494141 0.593750 0.495117 0.592448 0.503906 0.591146 0.508789 0.587240 0.511719 0.583333 0.511719 0.582031 0.517578 0.575521 0.519531 0.570312 0.519531 0.563802 0.518555 0.562500 0.518555 0.550781 0.516602 0.545573 0.516602 0.541667 0.514648 0.536458 0.514648 0.532552
0 0.528320 0.537760 0.526367 0.542969 0.526367 0.550781 0.525391 0.552083 0.525391 0.558594 0.526367 0.559896 0.526367 0.572917 0.527344 0.574219 0.526367 0.579427 0.528320 0.585938 0.529297 0.585938 0.535156 0.595052 0.536133 0.595052 0.539062 0.598958 0.545898 0.602865 0.550781 0.602865 0.551758 0.604167 0.564453 0.604167 0.571289 0.600260 0.579102 0.591146 0.581055 0.584635 0.580078 0.583333 0.580078 0.578125 0.579102 0.576823 0.579102 0.572917 0.578125 0.571615 0.578125 0.567708 0.577148 0.566406 0.577148 0.562500 0.576172 0.561198 0.576172 0.557292 0.575195 0.555990 0.575195 0.552083 0.573242 0.546875 0.572266 0.539062 0.568359 0.532552 0.564453 0.529948 0.552734 0.529948 0.537109 0.537760
0 0.589844 0.569010 0.588867 0.570312 0.588867 0.574219 0.586914 0.575521 0.583008 0.582031 0.582031 0.588542 0.580078 0.593750 0.578125 0.596354 0.578125 0.602865 0.579102 0.604167 0.579102 0.613281 0.583984 0.626302 0.583984 0.628906 0.585938 0.631510 0.589844 0.634115 0.594727 0.634115 0.595703 0.635417 0.610352 0.635417 0.619141 0.630208 0.625000 0.622396 0.628906 0.611979 0.628906 0.609375 0.629883 0.608073 0.629883 0.598958 0.628906 0.596354 0.622070 0.589844 0.620117 0.589844 0.617188 0.587240 0.613281 0.585938 0.609375 0.580729 0.602539 0.576823 0.599609 0.572917 0.599609 0.571615 0.595703 0.570312 0.594727 0.569010
0 0.501953 0.617188 0.500977 0.619792 0.500977 0.628906 0.502930 0.627604 0.502930 0.625000 0.504883 0.621094 0.509766 0.621094 0.513672 0.626302 0.511719 0.628906 0.507812 0.630208 0.505859 0.634115 0.501953 0.636719 0.498047 0.632812 0.496094 0.635417 0.494141 0.635417 0.493164 0.638021 0.493164 0.651042 0.496094 0.656250 0.497070 0.665365 0.501953 0.673177 0.506836 0.674479 0.510742 0.678385 0.520508 0.683594 0.523438 0.683594 0.524414 0.684896 0.536133 0.684896 0.545898 0.673177 0.548828 0.662760 0.547852 0.661458 0.547852 0.653646 0.541992 0.630208 0.537109 0.617188 0.535156 0.615885 0.522461 0.617188 0.517578 0.623698 0.515625 0.623698 0.511719 0.615885 0.504883 0.615885
0 0.582031 0.635417 0.578125 0.635417 0.573242 0.639323 0.571289 0.639323 0.569336 0.641927 0.563477 0.645833 0.559570 0.651042 0.557617 0.657552 0.555664 0.660156 0.553711 0.665365 0.544922 0.678385 0.545898 0.687500 0.548828 0.694010 0.554688 0.701823 0.555664 0.701823 0.560547 0.707031 0.562500 0.707031 0.563477 0.708333 0.568359 0.708333 0.569336 0.707031 0.574219 0.705729 0.581055 0.700521 0.583008 0.700521 0.584961 0.697917 0.588867 0.695312 0.591797 0.691406 0.593750 0.686198 0.593750 0.683594 0.594727 0.682292 0.594727 0.675781 0.595703 0.674479 0.595703 0.667969 0.596680 0.666667 0.596680 0.662760 0.595703 0.661458 0.595703 0.653646 0.594727 0.652344 0.593750 0.647135 0.589844 0.641927 0.586914 0.640625
0 0.546875 0.710938 0.543945 0.714844 0.545898 0.718750 0.545898 0.723958 0.542969 0.727865 0.540039 0.727865 0.539062 0.730469 0.539062 0.739583 0.538086 0.740885 0.540039 0.744792 0.540039 0.747396 0.553711 0.764323 0.562500 0.772135 0.569336 0.776042 0.572266 0.776042 0.573242 0.774740 0.576172 0.774740 0.578125 0.773438 0.583984 0.765625 0.587891 0.755208 0.591797 0.751302 0.591797 0.747396 0.588867 0.738281 0.588867 0.733073 0.587891 0.731771 0.586914 0.721354 0.583984 0.717448 0.583008 0.712240 0.582031 0.714844 0.579102 0.717448 0.577148 0.714844 0.577148 0.710938 0.572266 0.710938 0.569336 0.714844 0.561523 0.713542 0.559570 0.710938 0.557617 0.712240
0 0.598633 0.760417 0.594727 0.766927 0.595703 0.774740 0.601562 0.789062 0.602539 0.795573 0.606445 0.802083 0.609375 0.813802 0.612305 0.817708 0.613281 0.821615 0.617188 0.825521 0.641602 0.824219 0.644531 0.819010 0.644531 0.807292 0.645508 0.805990 0.646484 0.786458 0.647461 0.785156 0.646484 0.781250 0.646484 0.773438 0.642578 0.764323 0.641602 0.757812 0.641602 0.763021 0.639648 0.766927 0.639648 0.769531 0.637695 0.772135 0.632812 0.768229 0.629883 0.768229 0.627930 0.764323 0.625977 0.763021 0.621094 0.763021 0.620117 0.761719 0.617188 0.763021 0.615234 0.765625 0.606445 0.769531 0.604492 0.766927 0.605469 0.763021 0.609375 0.757812 0.608398 0.755208 0.603516 0.756510 0.601562 0.759115
0 0.650391 0.802083 0.649414 0.804688 0.649414 0.813802 0.648438 0.815104 0.648438 0.825521 0.649414 0.826823 0.649414 0.833333 0.650391 0.834635 0.649414 0.848958 0.651367 0.854167 0.653320 0.855469 0.655273 0.855469 0.656250 0.854167 0.666016 0.854167 0.666992 0.852865 0.670898 0.852865 0.671875 0.851562 0.677734 0.851562 0.678711 0.850260 0.682617 0.850260 0.683594 0.848958 0.689453 0.848958 0.698242 0.835938 0.698242 0.822917 0.693359 0.811198 0.680664 0.811198 0.678711 0.808594 0.675781 0.807292 0.669922 0.800781 0.667969 0.800781 0.662109 0.804688 0.658203 0.802083 0.656250 0.802083 0.655273 0.800781 0.652344 0.800781
0 0.711914 0.740885 0.710938 0.742188 0.710938 0.748698 0.708008 0.752604 0.707031 0.751302 0.703125 0.751302 0.702148 0.752604 0.697266 0.752604 0.696289 0.753906 0.690430 0.753906 0.684570 0.760417 0.682617 0.760417 0.680664 0.763021 0.680664 0.765625 0.678711 0.769531 0.677734 0.774740 0.672852 0.778646 0.672852 0.782552 0.670898 0.787760 0.671875 0.799479 0.674805 0.803385 0.682617 0.808594 0.688477 0.808594 0.689453 0.807292 0.700195 0.807292 0.701172 0.805990 0.708984 0.804688 0.712891 0.802083 0.718750 0.802083 0.722656 0.798177 0.724609 0.791667 0.724609 0.787760 0.725586 0.786458 0.724609 0.770833 0.723633 0.769531 0.722656 0.761719 0.720703 0.759115 0.719727 0.753906 0.717773 0.751302 0.716797 0.747396 0.714844 0.746094
0 0.737305 0.769531 0.735352 0.769531 0.732422 0.766927 0.727539 0.766927 0.725586 0.769531 0.725586 0.774740 0.726562 0.776042 0.726562 0.787760 0.724609 0.791667 0.723633 0.798177 0.719727 0.803385 0.710938 0.804688 0.709961 0.805990 0.707031 0.805990 0.706055 0.807292 0.703125 0.807292 0.701172 0.808594 0.699219 0.813802 0.700195 0.816406 0.704102 0.821615 0.706055 0.821615 0.707031 0.822917 0.712891 0.822917 0.716797 0.819010 0.719727 0.819010 0.720703 0.817708 0.724609 0.817708 0.728516 0.815104 0.735352 0.813802 0.738281 0.811198 0.740234 0.811198 0.742188 0.808594 0.743164 0.805990 0.743164 0.799479 0.744141 0.798177 0.744141 0.791667 0.743164 0.790365 0.743164 0.786458 0.742188 0.785156 0.742188 0.782552
0 0.779297 0.763021 0.773438 0.763021 0.769531 0.765625 0.766602 0.765625 0.761719 0.769531 0.753906 0.769531 0.752930 0.770833 0.750000 0.770833 0.749023 0.772135 0.747070 0.772135 0.747070 0.774740 0.746094 0.776042 0.746094 0.785156 0.747070 0.786458 0.747070 0.798177 0.748047 0.799479 0.748047 0.807292 0.749023 0.808594 0.749023 0.813802 0.752930 0.819010 0.752930 0.820312 0.753906 0.820312 0.758789 0.825521 0.768555 0.832031 0.772461 0.832031 0.776367 0.829427 0.778320 0.826823 0.781250 0.819010 0.782227 0.813802 0.793945 0.798177 0.794922 0.795573 0.794922 0.783854 0.793945 0.781250 0.785156 0.769531 0.782227 0.768229 0.779297 0.764323
0 0.599609 0.675781 0.599609 0.678385 0.598633 0.679688 0.598633 0.684896 0.595703 0.692708 0.592773 0.696615 0.592773 0.707031 0.596680 0.713542 0.600586 0.726562 0.604492 0.731771 0.613281 0.731771 0.614258 0.733073 0.619141 0.733073 0.620117 0.731771 0.633789 0.731771 0.634766 0.730469 0.637695 0.730469 0.642578 0.725260 0.644531 0.720052 0.644531 0.714844 0.645508 0.713542 0.645508 0.697917 0.644531 0.696615 0.644531 0.691406 0.642578 0.687500 0.642578 0.684896 0.637695 0.677083 0.633789 0.675781 0.632812 0.674479 0.615234 0.674479 0.614258 0.673177 0.603516 0.673177
0 0.630859 0.610677 0.628906 0.615885 0.628906 0.618490 0.625977 0.622396 0.625977 0.623698 0.617188 0.635417 0.616211 0.635417 0.613281 0.640625 0.613281 0.644531 0.612305 0.645833 0.612305 0.664062 0.613281 0.665365 0.613281 0.669271 0.616211 0.671875 0.633789 0.671875 0.634766 0.673177 0.639648 0.673177 0.640625 0.671875 0.644531 0.671875 0.645508 0.673177 0.651367 0.673177 0.652344 0.671875 0.654297 0.671875 0.659180 0.664062 0.659180 0.661458 0.660156 0.660156 0.660156 0.654948 0.661133 0.653646 0.660156 0.651042 0.660156 0.630208 0.659180 0.627604 0.656250 0.623698 0.651367 0.621094 0.648438 0.617188 0.642578 0.613281 0.640625 0.613281 0.636719 0.610677
0 0.702148 0.662760 0.699219 0.661458 0.696289 0.657552 0.692383 0.656250 0.689453 0.658854 0.687500 0.657552 0.678711 0.657552 0.672852 0.665365 0.668945 0.666667 0.667969 0.667969 0.666016 0.667969 0.665039 0.669271 0.661133 0.666667 0.661133 0.667969 0.657227 0.671875 0.656250 0.674479 0.656250 0.678385 0.652344 0.683594 0.651367 0.686198 0.651367 0.694010 0.654297 0.700521 0.657227 0.700521 0.658203 0.701823 0.669922 0.703125 0.675781 0.707031 0.678711 0.707031 0.679688 0.708333 0.681641 0.708333 0.684570 0.710938 0.686523 0.710938 0.690430 0.713542 0.695312 0.713542 0.700195 0.705729 0.702148 0.700521 0.702148 0.696615 0.703125 0.695312 0.703125 0.680990 0.702148 0.679688
0 0.580078 0.459635 0.577148 0.463542 0.571289 0.464844 0.563477 0.468750 0.563477 0.477865 0.556641 0.500000 0.555664 0.513021 0.563477 0.524740 0.569336 0.528646 0.586914 0.546875 0.593750 0.546875 0.597656 0.544271 0.603516 0.537760 0.604492 0.533854 0.607422 0.528646 0.607422 0.526042 0.609375 0.520833 0.613281 0.514323 0.614258 0.506510 0.613281 0.505208 0.613281 0.501302 0.610352 0.496094 0.605469 0.480469 0.599609 0.470052 0.589844 0.463542 0.585938 0.459635
0 0.615234 0.516927 0.615234 0.518229 0.611328 0.523438 0.611328 0.527344 0.607422 0.536458 0.608398 0.546875 0.604492 0.557292 0.604492 0.561198 0.605469 0.562500 0.606445 0.569010 0.609375 0.572917 0.612305 0.580729 0.614258 0.583333 0.625000 0.583333 0.625977 0.582031 0.630859 0.582031 0.634766 0.579427 0.637695 0.579427 0.643555 0.575521 0.646484 0.575521 0.647461 0.574219 0.650391 0.574219 0.652344 0.572917 0.656250 0.565104 0.656250 0.542969 0.654297 0.537760 0.653320 0.537760 0.646484 0.527344 0.646484 0.524740 0.642578 0.516927 0.638672 0.514323 0.632812 0.514323 0.627930 0.511719 0.622070 0.511719 0.620117 0.513021 0.624023 0.516927 0.623047 0.519531
0 0.690430 0.559896 0.684570 0.553385 0.678711 0.552083 0.677734 0.550781 0.675781 0.552083 0.665039 0.552083 0.659180 0.555990 0.657227 0.561198 0.657227 0.565104 0.654297 0.572917 0.649414 0.576823 0.646484 0.576823 0.645508 0.578125 0.640625 0.579427 0.638672 0.583333 0.639648 0.591146 0.647461 0.602865 0.647461 0.604167 0.649414 0.606771 0.649414 0.610677 0.651367 0.611979 0.654297 0.611979 0.657227 0.614583 0.669922 0.614583 0.670898 0.613281 0.675781 0.611979 0.685547 0.598958 0.686523 0.598958 0.689453 0.593750 0.689453 0.588542 0.690430 0.587240 0.690430 0.584635 0.692383 0.579427 0.692383 0.569010 0.691406 0.567708 0.691406 0.562500
0 0.622070 0.397135 0.616211 0.393229 0.607422 0.391927 0.606445 0.393229 0.598633 0.395833 0.595703 0.398438 0.593750 0.398438 0.586914 0.403646 0.582031 0.404948 0.579102 0.407552 0.578125 0.410156 0.578125 0.420573 0.579102 0.421875 0.580078 0.429688 0.583008 0.437500 0.583984 0.445312 0.585938 0.447917 0.586914 0.450521 0.586914 0.454427 0.589844 0.457031 0.593750 0.457031 0.594727 0.458333 0.597656 0.458333 0.598633 0.457031 0.604492 0.457031 0.605469 0.455729 0.613281 0.455729 0.618164 0.450521 0.620117 0.444010 0.624023 0.438802 0.625000 0.434896 0.627930 0.430990 0.628906 0.430990 0.632812 0.424479 0.632812 0.417969 0.628906 0.406250
0 0.641602 0.433594 0.628906 0.444010 0.624023 0.450521 0.624023 0.451823 0.621094 0.455729 0.620117 0.455729 0.619141 0.462240 0.617188 0.466146 0.618164 0.481771 0.622070 0.490885 0.622070 0.493490 0.624023 0.496094 0.625977 0.496094 0.635742 0.501302 0.638672 0.501302 0.639648 0.502604 0.644531 0.502604 0.645508 0.503906 0.655273 0.505208 0.656250 0.506510 0.662109 0.506510 0.671875 0.498698 0.675781 0.489583 0.675781 0.486979 0.676758 0.485677 0.676758 0.471354 0.675781 0.470052 0.675781 0.466146 0.671875 0.458333 0.669922 0.449219 0.665039 0.442708 0.658203 0.438802 0.651367 0.437500 0.646484 0.433594
0 0.708984 0.492188 0.707031 0.489583 0.703125 0.486979 0.701172 0.486979 0.700195 0.485677 0.697266 0.485677 0.696289 0.484375 0.690430 0.483073 0.689453 0.481771 0.686523 0.483073 0.678711 0.493490 0.678711 0.496094 0.677734 0.497396 0.669922 0.502604 0.662109 0.511719 0.661133 0.515625 0.659180 0.516927 0.657227 0.520833 0.658203 0.527344 0.661133 0.531250 0.665039 0.540365 0.668945 0.542969 0.674805 0.542969 0.678711 0.545573 0.689453 0.545573 0.690430 0.544271 0.693359 0.544271 0.694336 0.542969 0.696289 0.542969 0.697266 0.541667 0.699219 0.541667 0.700195 0.540365 0.704102 0.539062 0.708984 0.528646 0.708984 0.524740 0.709961 0.523438 0.709961 0.519531 0.710938 0.518229 0.710938 0.514323 0.711914 0.513021 0.711914 0.501302 0.710938 0.500000 0.710938 0.497396
0 0.630859 0.371094 0.629883 0.378906 0.628906 0.380208 0.628906 0.403646 0.630859 0.406250 0.635742 0.421875 0.638672 0.425781 0.639648 0.425781 0.641602 0.428385 0.646484 0.428385 0.647461 0.427083 0.650391 0.427083 0.651367 0.425781 0.655273 0.425781 0.656250 0.424479 0.659180 0.424479 0.660156 0.423177 0.667969 0.421875 0.668945 0.420573 0.670898 0.420573 0.674805 0.416667 0.676758 0.416667 0.678711 0.414062 0.681641 0.406250 0.682617 0.395833 0.681641 0.394531 0.681641 0.390625 0.679688 0.385417 0.677734 0.382812 0.675781 0.373698 0.672852 0.369792 0.670898 0.368490 0.666016 0.368490 0.665039 0.367188 0.660156 0.367188 0.654297 0.360677 0.650391 0.360677 0.649414 0.361979 0.648438 0.360677 0.646484 0.360677 0.645508 0.361979 0.637695 0.363281
0 0.684570 0.406250 0.681641 0.410156 0.680664 0.414062 0.675781 0.423177 0.675781 0.429688 0.673828 0.436198 0.673828 0.444010 0.677734 0.450521 0.678711 0.454427 0.682617 0.459635 0.682617 0.462240 0.685547 0.466146 0.687500 0.472656 0.690430 0.476562 0.690430 0.479167 0.694336 0.483073 0.697266 0.483073 0.704102 0.486979 0.708008 0.486979 0.720703 0.468750 0.722656 0.463542 0.725586 0.459635 0.727539 0.450521 0.728516 0.449219 0.728516 0.446615 0.727539 0.445312 0.727539 0.438802 0.724609 0.432292 0.723633 0.423177 0.719727 0.416667 0.711914 0.415365 0.705078 0.407552 0.696289 0.406250 0.695312 0.404948
0 0.656250 0.291667 0.649414 0.302083 0.647461 0.308594 0.647461 0.312500 0.646484 0.313802 0.646484 0.326823 0.647461 0.328125 0.647461 0.337240 0.648438 0.338542 0.649414 0.347656 0.651367 0.350260 0.655273 0.351562 0.658203 0.354167 0.661133 0.354167 0.665039 0.356771 0.670898 0.356771 0.671875 0.358073 0.674805 0.358073 0.676758 0.360677 0.679688 0.360677 0.680664 0.361979 0.693359 0.361979 0.695312 0.360677 0.702148 0.348958 0.705078 0.339844 0.705078 0.322917 0.704102 0.321615 0.704102 0.317708 0.702148 0.311198 0.689453 0.292969 0.687500 0.292969 0.683594 0.290365 0.659180 0.290365 0.658203 0.291667
0 0.760742 0.367188 0.758789 0.364583 0.753906 0.361979 0.747070 0.354167 0.745117 0.354167 0.743164 0.351562 0.741211 0.351562 0.739258 0.348958 0.739258 0.346354 0.731445 0.346354 0.729492 0.347656 0.720703 0.359375 0.719727 0.359375 0.715820 0.364583 0.714844 0.364583 0.708008 0.376302 0.708008 0.380208 0.707031 0.381510 0.707031 0.385417 0.706055 0.386719 0.706055 0.403646 0.707031 0.406250 0.708984 0.408854 0.710938 0.408854 0.711914 0.410156 0.716797 0.410156 0.717773 0.411458 0.720703 0.411458 0.721680 0.410156 0.733398 0.410156 0.734375 0.408854 0.744141 0.408854 0.745117 0.407552 0.748047 0.407552 0.750000 0.406250 0.755859 0.399740 0.755859 0.397135 0.759766 0.390625
0 0.766602 0.386719 0.759766 0.394531 0.757812 0.401042 0.748047 0.414062 0.750000 0.417969 0.750000 0.436198 0.749023 0.437500 0.750000 0.450521 0.752930 0.459635 0.758789 0.471354 0.766602 0.483073 0.770508 0.486979 0.775391 0.488281 0.777344 0.490885 0.783203 0.493490 0.787109 0.490885 0.791016 0.485677 0.798828 0.471354 0.806641 0.449219 0.808594 0.428385 0.802734 0.415365 0.792969 0.407552 0.784180 0.397135 0.770508 0.388021
0 0.747070 0.457031 0.746094 0.458333 0.735352 0.458333 0.728516 0.462240 0.717773 0.477865 0.717773 0.484375 0.716797 0.485677 0.716797 0.490885 0.715820 0.492188 0.716797 0.493490 0.716797 0.498698 0.717773 0.500000 0.718750 0.507812 0.723633 0.515625 0.723633 0.516927 0.728516 0.522135 0.740234 0.528646 0.748047 0.528646 0.749023 0.527344 0.756836 0.524740 0.760742 0.520833 0.771484 0.514323 0.773438 0.511719 0.773438 0.501302 0.772461 0.500000 0.772461 0.496094 0.770508 0.490885 0.757812 0.473958 0.757812 0.471354 0.752930 0.463542 0.751953 0.459635
0 0.809570 0.437500 0.808594 0.438802 0.808594 0.444010 0.807617 0.445312 0.805664 0.455729 0.799805 0.471354 0.797852 0.473958 0.794922 0.481771 0.791992 0.485677 0.790039 0.490885 0.790039 0.498698 0.791992 0.503906 0.795898 0.509115 0.799805 0.511719 0.804688 0.513021 0.805664 0.514323 0.814453 0.515625 0.817383 0.511719 0.822266 0.509115 0.825195 0.505208 0.829102 0.502604 0.833008 0.497396 0.839844 0.479167 0.839844 0.471354 0.835938 0.462240 0.835938 0.459635 0.833984 0.457031 0.830078 0.447917 0.827148 0.444010 0.819336 0.438802 0.816406 0.438802 0.815430 0.437500
0 0.813477 0.520833 0.808594 0.520833 0.806641 0.518229 0.804688 0.518229 0.803711 0.516927 0.793945 0.518229 0.795898 0.518229 0.797852 0.522135 0.791016 0.526042 0.786133 0.532552 0.783203 0.533854 0.783203 0.535156 0.780273 0.539062 0.780273 0.542969 0.779297 0.544271 0.779297 0.553385 0.780273 0.554688 0.780273 0.559896 0.781250 0.561198 0.782227 0.582031 0.784180 0.584635 0.784180 0.589844 0.790039 0.595052 0.802734 0.593750 0.805664 0.591146 0.810547 0.589844 0.812500 0.587240 0.816406 0.584635 0.818359 0.584635 0.823242 0.576823 0.824219 0.565104 0.825195 0.563802 0.826172 0.554688 0.827148 0.553385 0.827148 0.544271 0.826172 0.542969 0.825195 0.535156 0.822266 0.531250 0.822266 0.529948 0.820312 0.528646 0.817383 0.524740 0.817383 0.523438
0 0.751953 0.576823 0.750977 0.575521 0.744141 0.575521 0.740234 0.572917 0.733398 0.572917 0.732422 0.574219 0.726562 0.574219 0.725586 0.575521 0.721680 0.575521 0.720703 0.574219 0.719727 0.575521 0.714844 0.576823 0.710938 0.580729 0.708984 0.580729 0.708008 0.582031 0.707031 0.580729 0.702148 0.580729 0.701172 0.582031 0.700195 0.580729 0.696289 0.580729 0.696289 0.583333 0.695312 0.584635 0.695312 0.592448 0.696289 0.593750 0.697266 0.598958 0.705078 0.608073 0.707031 0.614583 0.710938 0.618490 0.714844 0.618490 0.715820 0.619792 0.741211 0.619792 0.742188 0.618490 0.750000 0.618490 0.755859 0.611979 0.756836 0.611979 0.758789 0.608073 0.758789 0.604167 0.755859 0.597656 0.755859 0.593750 0.754883 0.592448 0.754883 0.588542 0.753906 0.587240
0 0.750977 0.635417 0.747070 0.638021 0.741211 0.647135 0.741211 0.649740 0.739258 0.653646 0.739258 0.656250 0.737305 0.661458 0.737305 0.666667 0.736328 0.667969 0.738281 0.673177 0.738281 0.677083 0.743164 0.688802 0.749023 0.696615 0.750977 0.697917 0.752930 0.697917 0.756836 0.700521 0.764648 0.700521 0.765625 0.699219 0.771484 0.697917 0.778320 0.691406 0.779297 0.691406 0.782227 0.687500 0.783203 0.687500 0.783203 0.686198 0.787109 0.680990 0.788086 0.680990 0.789062 0.678385 0.788086 0.677083 0.788086 0.662760 0.787109 0.660156 0.782227 0.657552 0.780273 0.654948 0.773438 0.649740 0.770508 0.644531 0.767578 0.644531 0.765625 0.641927 0.765625 0.638021 0.761719 0.635417 0.759766 0.635417 0.758789 0.634115 0.757812 0.635417
0 0.802734 0.677083 0.797852 0.670573 0.791016 0.670573 0.790039 0.673177 0.790039 0.675781 0.791016 0.678385 0.790039 0.680990 0.787109 0.684896 0.786133 0.684896 0.785156 0.688802 0.783203 0.691406 0.782227 0.691406 0.778320 0.696615 0.775391 0.697917 0.772461 0.701823 0.768555 0.704427 0.765625 0.704427 0.764648 0.705729 0.758789 0.705729 0.756836 0.710938 0.762695 0.718750 0.764648 0.720052 0.767578 0.720052 0.768555 0.721354 0.770508 0.721354 0.777344 0.726562 0.779297 0.726562 0.780273 0.727865 0.784180 0.727865 0.785156 0.729167 0.791016 0.729167 0.791992 0.727865 0.793945 0.727865 0.796875 0.723958 0.797852 0.723958 0.802734 0.716146 0.803711 0.713542 0.803711 0.710938 0.804688 0.709635 0.804688 0.707031 0.805664 0.705729 0.805664 0.699219 0.804688 0.697917 0.804688 0.683594 0.803711 0.682292 0.803711 0.679688
0 0.763672 0.605469 0.763672 0.608073 0.765625 0.610677 0.765625 0.631510 0.774414 0.641927 0.780273 0.645833 0.787109 0.654948 0.789062 0.654948 0.790039 0.656250 0.798828 0.656250 0.799805 0.654948 0.802734 0.654948 0.805664 0.652344 0.807617 0.652344 0.814453 0.647135 0.817383 0.643229 0.821289 0.632812 0.821289 0.625000 0.822266 0.623698 0.821289 0.618490 0.812500 0.608073 0.811523 0.608073 0.807617 0.602865 0.806641 0.602865 0.801758 0.596354 0.797852 0.596354 0.793945 0.598958 0.788086 0.598958 0.786133 0.596354 0.786133 0.595052 0.782227 0.592448 0.781250 0.593750 0.776367 0.595052 0.771484 0.601562 0.770508 0.601562 0.770508 0.602865 0.768555 0.605469
0 0.729492 0.720052 0.729492 0.727865 0.728516 0.729167 0.728516 0.734375 0.727539 0.735677 0.728516 0.738281 0.728516 0.751302 0.730469 0.752604 0.733398 0.757812 0.736328 0.759115 0.743164 0.766927 0.749023 0.766927 0.751953 0.764323 0.760742 0.764323 0.761719 0.763021 0.763672 0.763021 0.775391 0.751302 0.775391 0.748698 0.777344 0.744792 0.777344 0.736979 0.776367 0.735677 0.775391 0.730469 0.770508 0.723958 0.768555 0.723958 0.767578 0.722656 0.765625 0.722656 0.764648 0.721354 0.760742 0.720052 0.750977 0.709635 0.747070 0.707031 0.744141 0.707031 0.743164 0.705729 0.739258 0.705729 0.737305 0.707031 0.737305 0.708333 0.735352 0.710938 0.734375 0.710938 0.731445 0.718750
0 0.782227 0.735677 0.781250 0.738281 0.781250 0.751302 0.782227 0.752604 0.782227 0.756510 0.785156 0.763021 0.787109 0.764323 0.791016 0.770833 0.794922 0.773438 0.797852 0.777344 0.800781 0.777344 0.801758 0.778646 0.819336 0.778646 0.820312 0.777344 0.824219 0.777344 0.830078 0.773438 0.831055 0.770833 0.833984 0.769531 0.836914 0.765625 0.836914 0.764323 0.842773 0.757812 0.842773 0.750000 0.841797 0.748698 0.841797 0.744792 0.839844 0.738281 0.836914 0.735677 0.832031 0.734375 0.820312 0.726562 0.818359 0.721354 0.817383 0.721354 0.813477 0.716146 0.811523 0.716146 0.810547 0.714844 0.805664 0.716146 0.800781 0.723958 0.797852 0.725260 0.794922 0.729167 0.791016 0.731771 0.788086 0.731771
0 0.856445 0.671875 0.855469 0.673177 0.855469 0.675781 0.858398 0.675781 0.860352 0.678385 0.860352 0.680990 0.856445 0.684896 0.848633 0.686198 0.845703 0.690104 0.844727 0.692708 0.844727 0.696615 0.843750 0.697917 0.842773 0.720052 0.838867 0.731771 0.844727 0.742188 0.850586 0.746094 0.853516 0.746094 0.854492 0.747396 0.867188 0.747396 0.875000 0.742188 0.876953 0.742188 0.878906 0.739583 0.878906 0.736979 0.879883 0.735677 0.879883 0.723958 0.880859 0.722656 0.881836 0.707031 0.882812 0.705729 0.882812 0.699219 0.881836 0.697917 0.881836 0.692708 0.875977 0.686198 0.873047 0.684896 0.869141 0.679688 0.865234 0.677083 0.863281 0.677083 0.859375 0.673177
0 0.720703 0.855469 0.719727 0.856771 0.718750 0.856771 0.711914 0.867188 0.711914 0.868490 0.709961 0.871094 0.709961 0.872396 0.708008 0.876302 0.707031 0.882812 0.708008 0.884115 0.709961 0.890625 0.718750 0.901042 0.718750 0.902344 0.719727 0.903646 0.718750 0.904948 0.718750 0.908854 0.720703 0.911458 0.722656 0.911458 0.723633 0.912760 0.734375 0.912760 0.735352 0.914062 0.738281 0.914062 0.739258 0.915365 0.743164 0.910156 0.743164 0.908854 0.747070 0.903646 0.747070 0.902344 0.748047 0.901042 0.748047 0.898438 0.749023 0.897135 0.749023 0.886719 0.745117 0.881510 0.745117 0.880208 0.743164 0.876302 0.743164 0.873698 0.742188 0.872396 0.740234 0.865885 0.739258 0.865885 0.732422 0.855469
0 0.860352 0.595052 0.855469 0.595052 0.854492 0.596354 0.856445 0.600260 0.852539 0.602865 0.849609 0.602865 0.848633 0.601562 0.843750 0.601562 0.841797 0.602865 0.835938 0.611979 0.834961 0.622396 0.833984 0.623698 0.833008 0.623698 0.829102 0.618490 0.825195 0.621094 0.825195 0.628906 0.827148 0.634115 0.827148 0.643229 0.829102 0.648438 0.842773 0.664062 0.845703 0.664062 0.848633 0.666667 0.859375 0.666667 0.876953 0.645833 0.876953 0.641927 0.877930 0.640625 0.877930 0.634115 0.878906 0.632812 0.878906 0.627604 0.879883 0.626302 0.879883 0.617188 0.877930 0.611979 0.874023 0.608073 0.870117 0.606771 0.865234 0.601562 0.863281 0.602865 0.858398 0.602865 0.856445 0.600260 0.859375 0.596354 0.861328 0.596354
0 0.901367 0.532552 0.897461 0.532552 0.896484 0.531250 0.888672 0.532552 0.881836 0.540365 0.875977 0.544271 0.865234 0.561198 0.865234 0.563802 0.864258 0.565104 0.865234 0.566406 0.866211 0.574219 0.869141 0.580729 0.867188 0.582031 0.865234 0.585938 0.864258 0.585938 0.862305 0.582031 0.859375 0.584635 0.861328 0.587240 0.863281 0.587240 0.868164 0.595052 0.873047 0.595052 0.874023 0.596354 0.875977 0.596354 0.877930 0.598958 0.881836 0.611979 0.883789 0.613281 0.887695 0.611979 0.893555 0.605469 0.899414 0.601562 0.909180 0.588542 0.909180 0.587240 0.913086 0.583333 0.915039 0.578125 0.914062 0.563802 0.913086 0.562500 0.913086 0.558594 0.912109 0.557292 0.912109 0.553385 0.911133 0.552083 0.909180 0.539062 0.906250 0.535156
0 0.872070 0.447917 0.869141 0.451823 0.868164 0.451823 0.860352 0.463542 0.859375 0.468750 0.858398 0.470052 0.858398 0.475260 0.854492 0.480469 0.853516 0.480469 0.852539 0.483073 0.852539 0.493490 0.853516 0.494792 0.853516 0.498698 0.855469 0.502604 0.855469 0.506510 0.859375 0.510417 0.867188 0.510417 0.868164 0.511719 0.871094 0.511719 0.872070 0.513021 0.874023 0.513021 0.875000 0.514323 0.876953 0.514323 0.880859 0.516927 0.883789 0.516927 0.885742 0.514323 0.888672 0.513021 0.897461 0.501302 0.897461 0.500000 0.899414 0.497396 0.900391 0.490885 0.899414 0.489583 0.898438 0.483073 0.894531 0.473958 0.894531 0.471354 0.892578 0.466146 0.892578 0.460938 0.890625 0.455729 0.887695 0.451823 0.887695 0.450521 0.885742 0.449219 0.881836 0.449219 0.880859 0.447917
0 0.815430 0.338542 0.810547 0.346354 0.809570 0.351562 0.808594 0.352865 0.808594 0.356771 0.805664 0.364583 0.805664 0.368490 0.807617 0.371094 0.807617 0.376302 0.809570 0.378906 0.810547 0.382812 0.811523 0.382812 0.813477 0.385417 0.813477 0.386719 0.820312 0.395833 0.824219 0.397135 0.825195 0.398438 0.833008 0.398438 0.833984 0.397135 0.837891 0.397135 0.844727 0.391927 0.848633 0.390625 0.850586 0.388021 0.849609 0.385417 0.849609 0.381510 0.851562 0.376302 0.855469 0.371094 0.856445 0.368490 0.856445 0.360677 0.853516 0.356771 0.853516 0.355469 0.852539 0.355469 0.841797 0.343750 0.828125 0.334635 0.820312 0.334635 0.816406 0.338542
0 0.696289 0.178385 0.692383 0.178385 0.687500 0.183594 0.678711 0.183594 0.671875 0.187500 0.668945 0.192708 0.666016 0.195312 0.666992 0.195312 0.668945 0.199219 0.667969 0.216146 0.665039 0.221354 0.665039 0.225260 0.662109 0.231771 0.660156 0.240885 0.662109 0.251302 0.664062 0.256510 0.667969 0.261719 0.673828 0.265625 0.675781 0.265625 0.679688 0.270833 0.686523 0.272135 0.691406 0.274740 0.699219 0.272135 0.704102 0.268229 0.708984 0.261719 0.709961 0.255208 0.716797 0.238281 0.718750 0.230469 0.721680 0.226562 0.721680 0.222656 0.722656 0.221354 0.720703 0.214844 0.713867 0.204427 0.711914 0.195312 0.708984 0.191406 0.708984 0.188802 0.703125 0.182292
0 0.701172 0.121094 0.698242 0.126302 0.699219 0.130208 0.698242 0.145833 0.699219 0.148438 0.702148 0.152344 0.704102 0.158854 0.709961 0.169271 0.711914 0.175781 0.716797 0.183594 0.724609 0.203125 0.727539 0.207031 0.731445 0.209635 0.736328 0.207031 0.739258 0.201823 0.742188 0.200521 0.745117 0.192708 0.754883 0.173177 0.755859 0.166667 0.758789 0.160156 0.758789 0.149740 0.755859 0.138021 0.750977 0.128906 0.743164 0.128906 0.732422 0.121094 0.726562 0.119792 0.725586 0.118490 0.709961 0.118490 0.708984 0.119792
0 0.760742 0.165365 0.758789 0.166667 0.755859 0.174479 0.753906 0.177083 0.750977 0.186198 0.749023 0.188802 0.749023 0.191406 0.748047 0.192708 0.748047 0.201823 0.745117 0.205729 0.743164 0.205729 0.740234 0.208333 0.740234 0.214844 0.744141 0.225260 0.744141 0.227865 0.749023 0.234375 0.750000 0.234375 0.754883 0.239583 0.756836 0.239583 0.759766 0.242188 0.770508 0.242188 0.772461 0.239583 0.773438 0.236979 0.773438 0.233073 0.776367 0.226562 0.776367 0.222656 0.777344 0.221354 0.777344 0.214844 0.778320 0.213542 0.778320 0.207031 0.779297 0.205729 0.779297 0.203125 0.781250 0.199219 0.781250 0.196615 0.783203 0.191406 0.783203 0.179688 0.778320 0.171875 0.777344 0.171875 0.772461 0.166667 0.769531 0.166667 0.768555 0.165365
0 0.754883 0.247396 0.757812 0.247396 0.758789 0.248698 0.758789 0.255208 0.759766 0.256510 0.760742 0.265625 0.757812 0.269531 0.754883 0.270833 0.754883 0.273438 0.752930 0.277344 0.750000 0.304688 0.751953 0.307292 0.757812 0.309896 0.759766 0.313802 0.759766 0.316406 0.763672 0.321615 0.768555 0.324219 0.780273 0.325521 0.789062 0.321615 0.799805 0.308594 0.801758 0.300781 0.801758 0.273438 0.799805 0.268229 0.799805 0.261719 0.797852 0.253906 0.791992 0.248698 0.783203 0.247396 0.782227 0.246094 0.781250 0.247396 0.774414 0.247396 0.773438 0.246094 0.760742 0.246094 0.759766 0.247396
0 0.830078 0.272135 0.828125 0.270833 0.823242 0.270833 0.818359 0.268229 0.807617 0.268229 0.803711 0.270833 0.802734 0.273438 0.803711 0.276042 0.802734 0.300781 0.800781 0.308594 0.788086 0.324219 0.782227 0.326823 0.781250 0.329427 0.782227 0.332031 0.787109 0.332031 0.791016 0.334635 0.793945 0.338542 0.799805 0.338542 0.801758 0.342448 0.800781 0.343750 0.796875 0.343750 0.793945 0.341146 0.788086 0.345052 0.789062 0.346354 0.792969 0.346354 0.793945 0.347656 0.799805 0.346354 0.801758 0.345052 0.804688 0.339844 0.811523 0.338542 0.821289 0.329427 0.828125 0.325521 0.830078 0.320312 0.830078 0.289062 0.831055 0.287760 0.831055 0.281250 0.832031 0.279948
0 0.835938 0.179688 0.829102 0.179688 0.820312 0.184896 0.819336 0.194010 0.809570 0.210938 0.809570 0.217448 0.807617 0.223958 0.807617 0.238281 0.810547 0.247396 0.808594 0.250000 0.806641 0.250000 0.805664 0.252604 0.807617 0.253906 0.809570 0.257812 0.812500 0.257812 0.818359 0.264323 0.822266 0.265625 0.825195 0.268229 0.830078 0.268229 0.834961 0.264323 0.838867 0.263021 0.841797 0.259115 0.842773 0.253906 0.846680 0.246094 0.846680 0.243490 0.848633 0.240885 0.851562 0.231771 0.853516 0.229167 0.856445 0.220052 0.859375 0.214844 0.859375 0.205729 0.853516 0.197917 0.852539 0.197917 0.844727 0.186198 0.840820 0.182292
0 0.861328 0.217448 0.851562 0.239583 0.850586 0.255208 0.851562 0.259115 0.853516 0.261719 0.852539 0.274740 0.863281 0.290365 0.869141 0.294271 0.875977 0.295573 0.876953 0.296875 0.877930 0.295573 0.889648 0.295573 0.890625 0.296875 0.894531 0.295573 0.896484 0.292969 0.900391 0.282552 0.903320 0.279948 0.904297 0.276042 0.912109 0.260417 0.912109 0.252604 0.909180 0.246094 0.907227 0.234375 0.905273 0.230469 0.897461 0.221354 0.897461 0.216146 0.896484 0.212240 0.894531 0.209635 0.879883 0.209635 0.878906 0.210938 0.875000 0.210938 0.874023 0.212240 0.868164 0.213542 0.864258 0.217448
0 0.893555 0.298177 0.890625 0.298177 0.889648 0.299479 0.887695 0.299479 0.885742 0.302083 0.883789 0.302083 0.882812 0.303385 0.877930 0.303385 0.876953 0.304688 0.875000 0.304688 0.874023 0.303385 0.867188 0.303385 0.865234 0.304688 0.859375 0.312500 0.858398 0.315104 0.858398 0.324219 0.857422 0.325521 0.857422 0.341146 0.858398 0.342448 0.858398 0.350260 0.859375 0.350260 0.862305 0.354167 0.868164 0.358073 0.873047 0.359375 0.874023 0.360677 0.881836 0.360677 0.882812 0.359375 0.886719 0.359375 0.890625 0.356771 0.892578 0.354167 0.893555 0.354167 0.896484 0.350260 0.898438 0.345052 0.899414 0.338542 0.898438 0.337240 0.898438 0.333333 0.897461 0.332031 0.897461 0.322917 0.896484 0.321615 0.896484 0.309896 0.895508 0.308594 0.895508 0.300781
