0 0.110352 0.227865 0.102539 0.239583 0.097656 0.257812 0.097656 0.272135 0.103516 0.291667 0.112305 0.305990 0.131836 0.325521 0.144531 0.333333 0.153320 0.334635 0.156250 0.337240 0.162109 0.338542 0.165039 0.334635 0.169922 0.320312 0.168945 0.309896 0.180664 0.303385 0.183594 0.299479 0.185547 0.274740 0.182617 0.261719 0.177734 0.248698 0.161133 0.235677 0.153320 0.231771 0.150391 0.227865 0.144531 0.225260 0.139648 0.220052 0.133789 0.220052 0.129883 0.222656 0.115234 0.225260
0 0.097656 0.371094 0.090820 0.382812 0.084961 0.412760 0.085938 0.454427 0.106445 0.475260 0.114258 0.477865 0.122070 0.484375 0.134766 0.488281 0.149414 0.485677 0.147461 0.481771 0.152344 0.479167 0.156250 0.473958 0.156250 0.471354 0.162109 0.462240 0.167969 0.446615 0.166992 0.432292 0.164062 0.425781 0.163086 0.416667 0.156250 0.403646 0.154297 0.380208 0.152344 0.373698 0.147461 0.371094 0.135742 0.369792 0.127930 0.365885 0.119141 0.364583 0.105469 0.367188
0 0.249023 0.214844 0.231445 0.213542 0.230469 0.214844 0.218750 0.214844 0.211914 0.217448 0.204102 0.217448 0.187500 0.221354 0.183594 0.226562 0.180664 0.238281 0.180664 0.252604 0.187500 0.273438 0.191406 0.281250 0.210938 0.305990 0.211914 0.309896 0.216797 0.312500 0.219727 0.316406 0.222656 0.315104 0.233398 0.316406 0.249023 0.309896 0.253906 0.304688 0.258789 0.303385 0.262695 0.298177 0.262695 0.294271 0.264648 0.291667 0.267578 0.277344 0.267578 0.265625 0.264648 0.257812 0.259766 0.233073 0.255859 0.222656
0 0.171875 0.309896 0.169922 0.328125 0.163086 0.347656 0.156250 0.360677 0.155273 0.378906 0.157227 0.395833 0.159180 0.401042 0.166992 0.411458 0.182617 0.421875 0.205078 0.425781 0.220703 0.420573 0.227539 0.412760 0.233398 0.395833 0.233398 0.389323 0.235352 0.382812 0.233398 0.377604 0.235352 0.369792 0.234375 0.361979 0.236328 0.358073 0.233398 0.342448 0.222656 0.324219 0.210938 0.313802 0.203125 0.309896 0.184570 0.307292
0 0.224609 0.446615 0.208008 0.447917 0.201172 0.451823 0.185547 0.455729 0.183594 0.459635 0.178711 0.460938 0.179688 0.464844 0.174805 0.472656 0.170898 0.473958 0.169922 0.476562 0.162109 0.477865 0.156250 0.485677 0.157227 0.492188 0.164062 0.501302 0.165039 0.506510 0.168945 0.509115 0.175781 0.518229 0.180664 0.528646 0.190430 0.541667 0.204102 0.549479 0.215820 0.546875 0.226562 0.532552 0.226562 0.529948 0.229492 0.526042 0.231445 0.519531 0.231445 0.511719 0.233398 0.502604 0.232422 0.483073 0.233398 0.481771 0.233398 0.462240 0.234375 0.460938 0.232422 0.458333 0.232422 0.455729 0.228516 0.451823 0.228516 0.449219
0 0.135742 0.528646 0.130859 0.541667 0.130859 0.553385 0.132812 0.558594 0.133789 0.569010 0.136719 0.575521 0.138672 0.584635 0.150391 0.605469 0.156250 0.608073 0.172852 0.608073 0.173828 0.606771 0.190430 0.605469 0.196289 0.602865 0.204102 0.596354 0.210938 0.584635 0.209961 0.570312 0.205078 0.555990 0.199219 0.548177 0.191406 0.545573 0.169922 0.513021 0.165039 0.510417 0.155273 0.510417 0.154297 0.509115 0.146484 0.514323
0 0.268555 0.209635 0.265625 0.220052 0.264648 0.231771 0.265625 0.247396 0.276367 0.266927 0.280273 0.277344 0.284180 0.279948 0.290039 0.287760 0.306641 0.292969 0.314453 0.299479 0.321289 0.294271 0.333984 0.291667 0.352539 0.277344 0.353516 0.274740 0.352539 0.231771 0.349609 0.217448 0.345703 0.209635 0.313477 0.191406 0.308594 0.190104 0.301758 0.184896 0.292969 0.183594 0.282227 0.190104 0.272461 0.201823
0 0.281250 0.290365 0.278320 0.291667 0.274414 0.296875 0.262695 0.303385 0.248047 0.322917 0.245117 0.324219 0.237305 0.337240 0.237305 0.346354 0.240234 0.355469 0.252930 0.369792 0.259766 0.372396 0.273438 0.381510 0.283203 0.384115 0.291992 0.390625 0.299805 0.391927 0.317383 0.381510 0.323242 0.375000 0.325195 0.359375 0.330078 0.358073 0.333008 0.345052 0.333008 0.337240 0.329102 0.325521 0.321289 0.309896 0.309570 0.300781 0.297852 0.296875 0.291016 0.291667
0 0.234375 0.401042 0.227539 0.421875 0.226562 0.428385 0.227539 0.440104 0.233398 0.453125 0.241211 0.463542 0.245117 0.472656 0.249023 0.477865 0.258789 0.481771 0.262695 0.486979 0.267578 0.486979 0.270508 0.483073 0.287109 0.481771 0.297852 0.476562 0.308594 0.464844 0.307617 0.459635 0.310547 0.455729 0.310547 0.441406 0.311523 0.440104 0.310547 0.438802 0.310547 0.428385 0.305664 0.414062 0.296875 0.397135 0.290039 0.393229 0.275391 0.393229 0.267578 0.390625 0.248047 0.390625 0.241211 0.393229
0 0.270508 0.511719 0.262695 0.511719 0.258789 0.514323 0.255859 0.514323 0.249023 0.519531 0.242188 0.527344 0.241211 0.531250 0.241211 0.535156 0.242188 0.536458 0.241211 0.549479 0.239258 0.555990 0.237305 0.558594 0.236328 0.570312 0.229492 0.574219 0.231445 0.576823 0.233398 0.576823 0.251953 0.600260 0.254883 0.602865 0.256836 0.602865 0.259766 0.606771 0.262695 0.606771 0.269531 0.602865 0.277344 0.593750 0.284180 0.583333 0.289062 0.571615 0.289062 0.567708 0.291992 0.555990 0.291992 0.550781 0.292969 0.549479 0.291992 0.541667 0.287109 0.532552
0 0.387695 0.269531 0.371094 0.268229 0.360352 0.273438 0.350586 0.282552 0.343750 0.291667 0.339844 0.303385 0.339844 0.308594 0.338867 0.309896 0.338867 0.329427 0.339844 0.330729 0.340820 0.342448 0.344727 0.348958 0.351562 0.355469 0.355469 0.363281 0.364258 0.368490 0.376953 0.368490 0.379883 0.367188 0.400391 0.341146 0.404297 0.330729 0.409180 0.324219 0.413086 0.315104 0.413086 0.309896 0.410156 0.300781 0.401367 0.285156
0 0.349609 0.372396 0.347656 0.373698 0.340820 0.373698 0.330078 0.384115 0.321289 0.395833 0.320312 0.399740 0.315430 0.407552 0.312500 0.416667 0.312500 0.425781 0.315430 0.433594 0.316406 0.446615 0.320312 0.459635 0.328125 0.472656 0.342773 0.480469 0.353516 0.480469 0.363281 0.475260 0.365234 0.468750 0.374023 0.451823 0.385742 0.416667 0.385742 0.407552 0.383789 0.402344 0.372070 0.385417 0.361328 0.376302
0 0.317383 0.471354 0.314453 0.475260 0.311523 0.483073 0.311523 0.485677 0.303711 0.493490 0.298828 0.503906 0.297852 0.516927 0.296875 0.518229 0.297852 0.524740 0.304688 0.545573 0.313477 0.555990 0.319336 0.558594 0.333008 0.558594 0.333984 0.557292 0.337891 0.557292 0.341797 0.554688 0.345703 0.549479 0.349609 0.539062 0.352539 0.519531 0.355469 0.510417 0.357422 0.493490 0.353516 0.486979 0.349609 0.484375 0.342773 0.484375 0.333984 0.480469 0.331055 0.477865 0.326172 0.476562 0.321289 0.471354
0 0.273438 0.602865 0.263672 0.613281 0.259766 0.621094 0.259766 0.632812 0.260742 0.634115 0.263672 0.656250 0.272461 0.677083 0.278320 0.680990 0.305664 0.680990 0.319336 0.675781 0.325195 0.669271 0.326172 0.665365 0.330078 0.660156 0.332031 0.651042 0.332031 0.627604 0.331055 0.626302 0.331055 0.622396 0.326172 0.614583 0.321289 0.611979 0.313477 0.601562 0.311523 0.601562 0.306641 0.597656 0.303711 0.597656 0.299805 0.593750 0.287109 0.595052 0.278320 0.601562
0 0.271484 0.680990 0.266602 0.692708 0.266602 0.712240 0.272461 0.726562 0.276367 0.729167 0.278320 0.729167 0.281250 0.731771 0.283203 0.731771 0.297852 0.742188 0.302734 0.742188 0.303711 0.743490 0.307617 0.743490 0.308594 0.744792 0.312500 0.744792 0.316406 0.742188 0.318359 0.738281 0.318359 0.735677 0.315430 0.727865 0.304688 0.714844 0.304688 0.705729 0.306641 0.701823 0.311523 0.696615 0.312500 0.692708 0.317383 0.684896 0.316406 0.683594 0.312500 0.683594 0.311523 0.682292 0.308594 0.682292 0.307617 0.683594 0.293945 0.683594 0.292969 0.682292 0.274414 0.682292 0.273438 0.680990
0 0.298828 0.773438 0.296875 0.776042 0.291016 0.776042 0.286133 0.772135 0.283203 0.772135 0.282227 0.770833 0.271484 0.770833 0.266602 0.774740 0.258789 0.785156 0.255859 0.792969 0.251953 0.798177 0.248047 0.798177 0.247070 0.802083 0.247070 0.805990 0.248047 0.807292 0.248047 0.822917 0.247070 0.824219 0.248047 0.825521 0.248047 0.829427 0.255859 0.841146 0.260742 0.845052 0.265625 0.851562 0.268555 0.852865 0.275391 0.852865 0.278320 0.850260 0.285156 0.848958 0.286133 0.843750 0.290039 0.841146 0.292969 0.837240 0.294922 0.829427 0.305664 0.813802 0.305664 0.812500 0.309570 0.808594 0.310547 0.805990 0.310547 0.800781 0.309570 0.799479 0.308594 0.790365 0.304688 0.782552 0.304688 0.779948 0.302734 0.779948
0 0.489258 0.199219 0.479492 0.199219 0.472656 0.204427 0.462891 0.205729 0.456055 0.209635 0.451172 0.209635 0.444336 0.214844 0.439453 0.216146 0.430664 0.233073 0.428711 0.248698 0.431641 0.251302 0.435547 0.260417 0.436523 0.270833 0.442383 0.279948 0.449219 0.285156 0.457031 0.286458 0.461914 0.291667 0.471680 0.295573 0.473633 0.299479 0.476562 0.300781 0.483398 0.299479 0.490234 0.295573 0.501953 0.278646 0.508789 0.257812 0.508789 0.244792 0.506836 0.239583 0.503906 0.221354 0.498047 0.207031 0.493164 0.200521
0 0.443359 0.332031 0.427734 0.330729 0.420898 0.333333 0.415039 0.337240 0.408203 0.346354 0.407227 0.350260 0.403320 0.355469 0.399414 0.358073 0.397461 0.365885 0.398438 0.371094 0.394531 0.391927 0.395508 0.393229 0.395508 0.401042 0.399414 0.415365 0.408203 0.427083 0.415039 0.432292 0.418945 0.433594 0.432617 0.433594 0.434570 0.432292 0.462891 0.393229 0.468750 0.380208 0.468750 0.368490 0.458008 0.345052
0 0.390625 0.444010 0.386719 0.447917 0.384766 0.447917 0.381836 0.454427 0.374023 0.463542 0.373047 0.467448 0.365234 0.476562 0.364258 0.485677 0.366211 0.496094 0.370117 0.506510 0.375977 0.516927 0.377930 0.524740 0.381836 0.529948 0.395508 0.532552 0.401367 0.535156 0.409180 0.535156 0.410156 0.536458 0.419922 0.535156 0.427734 0.528646 0.435547 0.518229 0.438477 0.503906 0.437500 0.490885 0.423828 0.457031 0.414062 0.441406 0.400391 0.440104 0.396484 0.442708
0 0.345703 0.554688 0.337891 0.559896 0.333984 0.565104 0.329102 0.578125 0.329102 0.602865 0.328125 0.604167 0.328125 0.611979 0.333008 0.619792 0.335938 0.628906 0.337891 0.631510 0.340820 0.632812 0.341797 0.635417 0.345703 0.639323 0.357422 0.644531 0.366211 0.644531 0.367188 0.645833 0.371094 0.644531 0.375977 0.640625 0.377930 0.640625 0.380859 0.638021 0.383789 0.632812 0.385742 0.625000 0.385742 0.615885 0.386719 0.614583 0.386719 0.576823 0.375000 0.559896 0.369141 0.554688 0.366211 0.554688 0.365234 0.553385 0.349609 0.553385 0.348633 0.554688
0 0.306641 0.704427 0.306641 0.716146 0.309570 0.716146 0.317383 0.727865 0.325195 0.753906 0.327148 0.764323 0.327148 0.772135 0.329102 0.774740 0.332031 0.774740 0.337891 0.778646 0.347656 0.778646 0.366211 0.766927 0.375977 0.756510 0.376953 0.751302 0.380859 0.746094 0.381836 0.735677 0.383789 0.729167 0.383789 0.718750 0.382812 0.717448 0.383789 0.709635 0.381836 0.701823 0.379883 0.699219 0.375000 0.704427 0.371094 0.705729 0.368164 0.704427 0.365234 0.699219 0.357422 0.691406 0.347656 0.690104 0.346680 0.688802 0.327148 0.688802 0.326172 0.690104 0.319336 0.690104 0.317383 0.692708 0.313477 0.694010
0 0.388672 0.751302 0.380859 0.751302 0.379883 0.755208 0.372070 0.765625 0.348633 0.779948 0.340820 0.781250 0.329102 0.777344 0.326172 0.781250 0.326172 0.792969 0.328125 0.802083 0.332031 0.813802 0.334961 0.817708 0.339844 0.832031 0.343750 0.838542 0.353516 0.843750 0.356445 0.843750 0.359375 0.846354 0.365234 0.846354 0.369141 0.843750 0.378906 0.842448 0.392578 0.829427 0.396484 0.820312 0.393555 0.805990 0.392578 0.776042 0.391602 0.774740 0.391602 0.766927
0 0.294922 0.845052 0.293945 0.852865 0.291992 0.855469 0.294922 0.877604 0.301758 0.895833 0.301758 0.898438 0.309570 0.907552 0.316406 0.907552 0.322266 0.910156 0.333984 0.910156 0.343750 0.906250 0.351562 0.901042 0.353516 0.898438 0.356445 0.897135 0.361328 0.888021 0.361328 0.881510 0.356445 0.876302 0.355469 0.868490 0.353516 0.867188 0.355469 0.863281 0.353516 0.855469 0.352539 0.854167 0.348633 0.854167 0.346680 0.851562 0.346680 0.848958 0.339844 0.838542 0.331055 0.833333 0.320312 0.833333 0.317383 0.837240 0.312500 0.837240 0.310547 0.833333 0.306641 0.833333 0.301758 0.835938 0.297852 0.839844
0 0.413086 0.802083 0.405273 0.792969 0.400391 0.794271 0.396484 0.799479 0.396484 0.816406 0.397461 0.819010 0.395508 0.822917 0.395508 0.825521 0.391602 0.832031 0.385742 0.838542 0.376953 0.845052 0.372070 0.845052 0.371094 0.846354 0.368164 0.846354 0.364258 0.848958 0.360352 0.848958 0.357422 0.851562 0.357422 0.858073 0.359375 0.860677 0.366211 0.860677 0.368164 0.861979 0.376953 0.873698 0.382812 0.877604 0.388672 0.877604 0.389648 0.876302 0.392578 0.876302 0.395508 0.873698 0.400391 0.873698 0.403320 0.871094 0.411133 0.868490 0.412109 0.865885 0.413086 0.851562 0.419922 0.832031 0.419922 0.822917 0.416016 0.813802 0.416016 0.808594 0.414062 0.805990
0 0.396484 0.766927 0.399414 0.772135 0.399414 0.773438 0.402344 0.777344 0.405273 0.778646 0.414062 0.790365 0.414062 0.791667 0.419922 0.800781 0.423828 0.803385 0.430664 0.803385 0.431641 0.802083 0.434570 0.802083 0.438477 0.799479 0.442383 0.799479 0.445312 0.795573 0.448242 0.794271 0.454102 0.787760 0.455078 0.787760 0.457031 0.785156 0.459961 0.777344 0.459961 0.773438 0.458984 0.772135 0.458984 0.766927 0.458008 0.764323 0.446289 0.763021 0.445312 0.761719 0.409180 0.761719 0.408203 0.760417 0.400391 0.760417
0 0.392578 0.688802 0.392578 0.695312 0.390625 0.700521 0.390625 0.717448 0.391602 0.723958 0.394531 0.730469 0.395508 0.744792 0.401367 0.757812 0.415039 0.759115 0.416016 0.760417 0.438477 0.759115 0.449219 0.761719 0.455078 0.761719 0.458984 0.757812 0.461914 0.726562 0.459961 0.717448 0.458984 0.701823 0.454102 0.686198 0.451172 0.683594 0.446289 0.683594 0.438477 0.679688 0.432617 0.678385 0.425781 0.679688 0.422852 0.674479 0.419922 0.674479 0.422852 0.677083 0.420898 0.680990 0.418945 0.682292 0.416016 0.680990 0.413086 0.684896 0.410156 0.686198 0.396484 0.704427 0.393555 0.700521
0 0.391602 0.602865 0.389648 0.609375 0.388672 0.627604 0.389648 0.639323 0.393555 0.653646 0.399414 0.662760 0.403320 0.665365 0.415039 0.666667 0.442383 0.678385 0.450195 0.678385 0.455078 0.673177 0.458984 0.664062 0.459961 0.656250 0.465820 0.636719 0.464844 0.617188 0.461914 0.606771 0.455078 0.593750 0.453125 0.593750 0.450195 0.589844 0.446289 0.589844 0.441406 0.584635 0.435547 0.584635 0.447266 0.596354 0.444336 0.600260 0.438477 0.595052 0.422852 0.593750 0.413086 0.601562 0.404297 0.605469 0.401367 0.605469 0.398438 0.601562 0.399414 0.597656 0.404297 0.595052 0.401367 0.595052 0.398438 0.598958 0.395508 0.598958
0 0.477539 0.490885 0.471680 0.488281 0.463867 0.488281 0.459961 0.490885 0.451172 0.492188 0.445312 0.496094 0.442383 0.500000 0.441406 0.506510 0.435547 0.520833 0.424805 0.533854 0.423828 0.537760 0.424805 0.548177 0.426758 0.552083 0.426758 0.554688 0.432617 0.567708 0.435547 0.571615 0.439453 0.574219 0.449219 0.575521 0.450195 0.576823 0.459961 0.576823 0.460938 0.575521 0.466797 0.574219 0.477539 0.565104 0.482422 0.563802 0.486328 0.558594 0.487305 0.548177 0.490234 0.541667 0.490234 0.537760 0.491211 0.536458 0.491211 0.522135 0.487305 0.506510 0.484375 0.502604 0.481445 0.494792
0 0.485352 0.395833 0.482422 0.398438 0.477539 0.407552 0.475586 0.414062 0.470703 0.421875 0.469727 0.429688 0.465820 0.445312 0.463867 0.449219 0.463867 0.455729 0.470703 0.473958 0.477539 0.481771 0.488281 0.486979 0.500977 0.488281 0.505859 0.484375 0.514648 0.481771 0.529297 0.468750 0.533203 0.463542 0.535156 0.450521 0.533203 0.442708 0.530273 0.437500 0.527344 0.428385 0.517578 0.412760 0.516602 0.407552 0.512695 0.399740 0.509766 0.397135 0.496094 0.398438 0.491211 0.395833
0 0.452148 0.333333 0.452148 0.335938 0.458008 0.342448 0.465820 0.358073 0.474609 0.367188 0.490234 0.390625 0.498047 0.395833 0.513672 0.394531 0.520508 0.391927 0.527344 0.382812 0.528320 0.372396 0.535156 0.355469 0.535156 0.339844 0.531250 0.328125 0.525391 0.317708 0.506836 0.300781 0.491211 0.300781 0.490234 0.299479 0.482422 0.303385 0.479492 0.307292 0.476562 0.308594 0.470703 0.316406 0.465820 0.317708
0 0.573242 0.265625 0.562500 0.264323 0.552734 0.268229 0.543945 0.268229 0.539062 0.272135 0.537109 0.272135 0.531250 0.278646 0.531250 0.287760 0.530273 0.289062 0.531250 0.290365 0.532227 0.299479 0.529297 0.309896 0.531250 0.312500 0.533203 0.324219 0.538086 0.338542 0.541016 0.342448 0.551758 0.350260 0.557617 0.350260 0.576172 0.342448 0.580078 0.342448 0.585938 0.339844 0.593750 0.333333 0.599609 0.332031 0.603516 0.328125 0.603516 0.312500 0.598633 0.298177 0.596680 0.295573 0.596680 0.292969 0.587891 0.279948 0.577148 0.268229
0 0.634766 0.335938 0.630859 0.332031 0.622070 0.330729 0.621094 0.332031 0.604492 0.333333 0.584961 0.342448 0.579102 0.359375 0.579102 0.371094 0.575195 0.376302 0.576172 0.380208 0.576172 0.390625 0.575195 0.391927 0.578125 0.395833 0.579102 0.399740 0.583008 0.403646 0.586914 0.402344 0.582031 0.398438 0.582031 0.393229 0.583984 0.391927 0.585938 0.395833 0.588867 0.397135 0.589844 0.401042 0.595703 0.401042 0.599609 0.406250 0.605469 0.408854 0.615234 0.408854 0.619141 0.404948 0.622070 0.404948 0.628906 0.401042 0.631836 0.397135 0.632812 0.393229 0.638672 0.385417 0.642578 0.375000 0.642578 0.369792 0.643555 0.368490 0.643555 0.356771 0.642578 0.352865
0 0.532227 0.417969 0.529297 0.423177 0.529297 0.428385 0.533203 0.440104 0.536133 0.445312 0.537109 0.458333 0.540039 0.463542 0.541992 0.472656 0.545898 0.480469 0.549805 0.481771 0.558594 0.488281 0.561523 0.492188 0.561523 0.496094 0.563477 0.497396 0.569336 0.497396 0.575195 0.494792 0.580078 0.489583 0.591797 0.484375 0.600586 0.472656 0.604492 0.460938 0.604492 0.445312 0.600586 0.437500 0.591797 0.430990 0.588867 0.427083 0.583984 0.424479 0.568359 0.411458 0.563477 0.411458 0.551758 0.416667
0 0.528320 0.480469 0.516602 0.486979 0.507812 0.497396 0.504883 0.498698 0.502930 0.496094 0.500977 0.496094 0.497070 0.501302 0.497070 0.506510 0.496094 0.507812 0.496094 0.539062 0.497070 0.540365 0.497070 0.545573 0.499023 0.549479 0.503906 0.552083 0.515625 0.566406 0.520508 0.567708 0.529297 0.574219 0.538086 0.574219 0.551758 0.566406 0.557617 0.558594 0.561523 0.544271 0.561523 0.536458 0.562500 0.535156 0.561523 0.514323 0.559570 0.507812 0.558594 0.496094 0.555664 0.490885 0.545898 0.484375 0.540039 0.484375 0.535156 0.480469
0 0.478516 0.587240 0.468750 0.598958 0.465820 0.606771 0.465820 0.613281 0.467773 0.618490 0.467773 0.625000 0.468750 0.626302 0.468750 0.641927 0.466797 0.648438 0.469727 0.658854 0.471680 0.662760 0.477539 0.665365 0.482422 0.670573 0.490234 0.675781 0.497070 0.678385 0.508789 0.678385 0.520508 0.673177 0.530273 0.661458 0.536133 0.647135 0.536133 0.628906 0.534180 0.621094 0.516602 0.596354 0.512695 0.595052 0.501953 0.584635 0.492188 0.583333 0.487305 0.585938
0 0.514648 0.695312 0.508789 0.695312 0.500977 0.699219 0.498047 0.705729 0.494141 0.707031 0.489258 0.710938 0.487305 0.710938 0.482422 0.716146 0.477539 0.718750 0.470703 0.726562 0.467773 0.726562 0.465820 0.729167 0.466797 0.733073 0.465820 0.744792 0.469727 0.755208 0.470703 0.765625 0.477539 0.776042 0.489258 0.781250 0.499023 0.777344 0.519531 0.752604 0.520508 0.752604 0.529297 0.740885 0.530273 0.734375 0.528320 0.727865 0.528320 0.722656 0.525391 0.714844 0.522461 0.710938 0.517578 0.699219
0 0.452148 0.815104 0.451172 0.817708 0.447266 0.821615 0.443359 0.830729 0.441406 0.832031 0.441406 0.834635 0.440430 0.835938 0.441406 0.846354 0.447266 0.859375 0.459961 0.867188 0.475586 0.872396 0.485352 0.878906 0.487305 0.878906 0.491211 0.876302 0.499023 0.865885 0.500977 0.861979 0.500977 0.850260 0.504883 0.839844 0.504883 0.832031 0.503906 0.830729 0.505859 0.825521 0.505859 0.819010 0.500000 0.811198 0.492188 0.807292 0.477539 0.805990 0.473633 0.803385 0.469727 0.803385 0.464844 0.805990 0.458984 0.812500
0 0.528320 0.809896 0.528320 0.813802 0.526367 0.816406 0.520508 0.817708 0.513672 0.821615 0.510742 0.825521 0.510742 0.828125 0.507812 0.835938 0.507812 0.846354 0.508789 0.847656 0.508789 0.863281 0.510742 0.871094 0.513672 0.875000 0.517578 0.876302 0.526367 0.882812 0.531250 0.889323 0.537109 0.893229 0.544922 0.901042 0.552734 0.901042 0.557617 0.890625 0.560547 0.888021 0.564453 0.881510 0.567383 0.872396 0.567383 0.868490 0.568359 0.867188 0.568359 0.852865 0.567383 0.851562 0.567383 0.837240 0.566406 0.835938 0.566406 0.830729 0.563477 0.824219 0.559570 0.821615 0.556641 0.821615 0.550781 0.816406 0.531250 0.812500
0 0.512695 0.770833 0.511719 0.782552 0.518555 0.790365 0.519531 0.794271 0.524414 0.802083 0.530273 0.805990 0.543945 0.805990 0.544922 0.807292 0.570312 0.807292 0.574219 0.804688 0.578125 0.799479 0.581055 0.789062 0.581055 0.770833 0.580078 0.769531 0.580078 0.765625 0.578125 0.760417 0.574219 0.756510 0.574219 0.753906 0.571289 0.747396 0.565430 0.747396 0.564453 0.748698 0.550781 0.748698 0.549805 0.747396 0.542969 0.747396 0.541992 0.746094 0.529297 0.747396 0.529297 0.748698 0.525391 0.752604 0.523438 0.756510 0.515625 0.764323
0 0.545898 0.645833 0.541992 0.648438 0.541016 0.652344 0.533203 0.662760 0.530273 0.670573 0.530273 0.674479 0.527344 0.679688 0.526367 0.688802 0.523438 0.694010 0.524414 0.703125 0.528320 0.713542 0.530273 0.729167 0.534180 0.738281 0.542969 0.744792 0.562500 0.746094 0.563477 0.744792 0.566406 0.744792 0.574219 0.738281 0.577148 0.734375 0.583984 0.718750 0.586914 0.708333 0.588867 0.679688 0.586914 0.674479 0.580078 0.665365 0.574219 0.661458 0.560547 0.648438 0.557617 0.648438 0.552734 0.645833
0 0.568359 0.553385 0.555664 0.566406 0.549805 0.574219 0.547852 0.579427 0.547852 0.584635 0.548828 0.585938 0.547852 0.601562 0.542969 0.610677 0.543945 0.626302 0.548828 0.634115 0.551758 0.634115 0.561523 0.645833 0.566406 0.647135 0.574219 0.652344 0.585938 0.653646 0.588867 0.649740 0.593750 0.636719 0.593750 0.634115 0.595703 0.630208 0.595703 0.626302 0.599609 0.617188 0.600586 0.610677 0.607422 0.589844 0.607422 0.585938 0.602539 0.574219 0.587891 0.567708 0.584961 0.563802 0.580078 0.561198 0.578125 0.558594 0.578125 0.554688 0.576172 0.553385
0 0.586914 0.513021 0.583008 0.520833 0.586914 0.527344 0.586914 0.531250 0.579102 0.542969 0.579102 0.548177 0.586914 0.562500 0.589844 0.562500 0.593750 0.566406 0.599609 0.569010 0.602539 0.571615 0.609375 0.582031 0.611328 0.583333 0.616211 0.583333 0.617188 0.584635 0.625000 0.584635 0.631836 0.582031 0.641602 0.575521 0.646484 0.570312 0.648438 0.561198 0.650391 0.557292 0.651367 0.544271 0.649414 0.539062 0.639648 0.526042 0.637695 0.520833 0.632812 0.515625 0.630859 0.510417 0.622070 0.501302 0.605469 0.501302 0.604492 0.502604 0.600586 0.502604 0.593750 0.506510 0.590820 0.510417
0 0.620117 0.427083 0.613281 0.434896 0.607422 0.447917 0.607422 0.451823 0.606445 0.453125 0.606445 0.476562 0.607422 0.477865 0.607422 0.481771 0.609375 0.486979 0.617188 0.498698 0.621094 0.498698 0.625977 0.502604 0.634766 0.515625 0.639648 0.516927 0.640625 0.515625 0.649414 0.514323 0.656250 0.509115 0.671875 0.489583 0.672852 0.485677 0.672852 0.471354 0.671875 0.470052 0.670898 0.460938 0.664062 0.446615 0.661133 0.436198 0.656250 0.432292 0.650391 0.430990 0.646484 0.428385 0.641602 0.428385 0.640625 0.427083 0.628906 0.427083 0.627930 0.425781
0 0.669922 0.278646 0.665039 0.278646 0.657227 0.291667 0.650391 0.292969 0.648438 0.304688 0.646484 0.307292 0.639648 0.328125 0.639648 0.342448 0.646484 0.359375 0.652344 0.365885 0.653320 0.371094 0.655273 0.373698 0.662109 0.376302 0.665039 0.376302 0.677734 0.368490 0.689453 0.364583 0.697266 0.358073 0.704102 0.348958 0.710938 0.330729 0.710938 0.315104 0.708984 0.307292 0.705078 0.302083 0.694336 0.295573 0.688477 0.289062
0 0.735352 0.372396 0.729492 0.369792 0.724609 0.369792 0.722656 0.367188 0.716797 0.364583 0.713867 0.365885 0.704102 0.365885 0.698242 0.368490 0.694336 0.375000 0.690430 0.376302 0.688477 0.378906 0.689453 0.382812 0.691406 0.380208 0.698242 0.380208 0.699219 0.381510 0.697266 0.384115 0.693359 0.385417 0.692383 0.388021 0.689453 0.415365 0.687500 0.419271 0.686523 0.429688 0.684570 0.433594 0.685547 0.441406 0.690430 0.450521 0.701172 0.451823 0.708984 0.445312 0.723633 0.445312 0.725586 0.442708 0.739258 0.434896 0.747070 0.425781 0.748047 0.423177 0.748047 0.402344 0.745117 0.393229
0 0.716797 0.447917 0.711914 0.449219 0.709961 0.453125 0.704102 0.457031 0.698242 0.458333 0.696289 0.460938 0.696289 0.464844 0.691406 0.468750 0.688477 0.473958 0.689453 0.479167 0.692383 0.476562 0.693359 0.477865 0.693359 0.486979 0.691406 0.489583 0.691406 0.493490 0.687500 0.505208 0.688477 0.518229 0.690430 0.524740 0.694336 0.528646 0.692383 0.532552 0.697266 0.536458 0.704102 0.539062 0.707031 0.537760 0.710938 0.539062 0.723633 0.539062 0.735352 0.529948 0.740234 0.528646 0.746094 0.519531 0.746094 0.515625 0.749023 0.506510 0.749023 0.501302 0.751953 0.494792 0.751953 0.489583 0.752930 0.488281 0.752930 0.480469 0.746094 0.470052 0.741211 0.467448 0.735352 0.460938 0.728516 0.457031 0.720703 0.449219
0 0.656250 0.558594 0.656250 0.575521 0.654297 0.580729 0.656250 0.591146 0.655273 0.605469 0.657227 0.610677 0.657227 0.623698 0.658203 0.628906 0.660156 0.631510 0.667969 0.635417 0.674805 0.635417 0.680664 0.638021 0.696289 0.639323 0.697266 0.640625 0.711914 0.640625 0.716797 0.638021 0.719727 0.634115 0.724609 0.635417 0.728516 0.631510 0.728516 0.623698 0.727539 0.622396 0.728516 0.619792 0.728516 0.604167 0.724609 0.587240 0.715820 0.571615 0.708984 0.563802 0.702148 0.558594 0.697266 0.558594 0.695312 0.554688 0.687500 0.549479 0.683594 0.549479 0.680664 0.552083 0.678711 0.549479 0.669922 0.546875 0.666016 0.552083 0.662109 0.553385 0.660156 0.557292
0 0.608398 0.604167 0.602539 0.617188 0.599609 0.628906 0.599609 0.632812 0.595703 0.643229 0.594727 0.653646 0.596680 0.662760 0.613281 0.684896 0.621094 0.690104 0.634766 0.695312 0.643555 0.695312 0.649414 0.692708 0.652344 0.688802 0.653320 0.678385 0.657227 0.667969 0.659180 0.658854 0.660156 0.636719 0.657227 0.631510 0.654297 0.621094 0.654297 0.610677 0.645508 0.602865 0.632812 0.600260 0.631836 0.598958 0.618164 0.598958 0.614258 0.602865
0 0.640625 0.708333 0.637695 0.708333 0.629883 0.701823 0.626953 0.701823 0.623047 0.699219 0.617188 0.699219 0.614258 0.695312 0.609375 0.694010 0.612305 0.697917 0.610352 0.701823 0.607422 0.704427 0.601562 0.703125 0.598633 0.708333 0.594727 0.710938 0.592773 0.707031 0.593750 0.699219 0.591797 0.696615 0.590820 0.699219 0.590820 0.712240 0.592773 0.716146 0.587891 0.718750 0.586914 0.723958 0.578125 0.739583 0.578125 0.744792 0.583008 0.760417 0.594727 0.776042 0.607422 0.774740 0.614258 0.770833 0.619141 0.770833 0.625000 0.768229 0.632812 0.768229 0.639648 0.764323 0.643555 0.759115 0.645508 0.753906 0.647461 0.742188 0.647461 0.723958 0.646484 0.718750 0.642578 0.713542 0.642578 0.710938
0 0.620117 0.773438 0.614258 0.773438 0.611328 0.776042 0.608398 0.776042 0.607422 0.777344 0.594727 0.778646 0.591797 0.774740 0.586914 0.770833 0.583008 0.772135 0.583008 0.786458 0.582031 0.787760 0.581055 0.795573 0.576172 0.804688 0.568359 0.809896 0.568359 0.815104 0.570312 0.815104 0.578125 0.820312 0.582031 0.820312 0.586914 0.822917 0.595703 0.822917 0.598633 0.819010 0.601562 0.804688 0.605469 0.799479 0.605469 0.796875 0.607422 0.794271 0.608398 0.795573 0.608398 0.805990 0.606445 0.809896 0.611328 0.809896 0.611328 0.808594 0.617188 0.799479 0.621094 0.789062 0.621094 0.785156 0.622070 0.783854 0.621094 0.781250 0.621094 0.774740
0 0.630859 0.843750 0.630859 0.847656 0.633789 0.850260 0.633789 0.859375 0.635742 0.863281 0.639648 0.865885 0.641602 0.865885 0.644531 0.868490 0.649414 0.869792 0.656250 0.875000 0.662109 0.876302 0.669922 0.884115 0.677734 0.884115 0.681641 0.881510 0.686523 0.876302 0.689453 0.868490 0.699219 0.855469 0.699219 0.848958 0.698242 0.846354 0.688477 0.834635 0.688477 0.829427 0.675781 0.829427 0.674805 0.828125 0.672852 0.828125 0.669922 0.824219 0.668945 0.824219 0.664062 0.817708 0.664062 0.816406 0.658203 0.816406 0.655273 0.819010 0.650391 0.820312 0.644531 0.829427 0.642578 0.829427 0.634766 0.837240 0.634766 0.839844 0.631836 0.843750
0 0.651367 0.729167 0.649414 0.735677 0.650391 0.740885 0.649414 0.742188 0.647461 0.752604 0.645508 0.756510 0.645508 0.759115 0.638672 0.768229 0.638672 0.772135 0.636719 0.777344 0.638672 0.782552 0.647461 0.790365 0.653320 0.791667 0.666016 0.798177 0.675781 0.798177 0.676758 0.796875 0.685547 0.796875 0.687500 0.795573 0.699219 0.776042 0.702148 0.768229 0.702148 0.751302 0.701172 0.750000 0.697266 0.750000 0.691406 0.740885 0.679688 0.739583 0.675781 0.735677 0.673828 0.730469 0.666992 0.722656 0.665039 0.722656 0.660156 0.727865 0.654297 0.727865 0.653320 0.729167
0 0.682617 0.643229 0.680664 0.645833 0.678711 0.645833 0.677734 0.648438 0.674805 0.648438 0.670898 0.651042 0.667969 0.654948 0.664062 0.656250 0.661133 0.660156 0.661133 0.662760 0.656250 0.677083 0.655273 0.686198 0.656250 0.690104 0.663086 0.703125 0.667969 0.717448 0.672852 0.723958 0.673828 0.729167 0.680664 0.738281 0.688477 0.738281 0.702148 0.727865 0.709961 0.717448 0.713867 0.700521 0.718750 0.687500 0.718750 0.677083 0.715820 0.673177 0.708984 0.656250 0.704102 0.648438 0.694336 0.644531
0 0.769531 0.397135 0.757812 0.397135 0.756836 0.398438 0.750977 0.398438 0.749023 0.401042 0.749023 0.407552 0.750977 0.414062 0.750000 0.415365 0.749023 0.424479 0.744141 0.432292 0.740234 0.434896 0.736328 0.440104 0.736328 0.444010 0.735352 0.445312 0.735352 0.457031 0.743164 0.466146 0.746094 0.467448 0.750977 0.472656 0.754883 0.479167 0.756836 0.480469 0.756836 0.484375 0.757812 0.486979 0.759766 0.488281 0.765625 0.486979 0.767578 0.484375 0.774414 0.481771 0.783203 0.475260 0.791016 0.463542 0.793945 0.460938 0.797852 0.445312 0.797852 0.438802 0.795898 0.436198 0.794922 0.432292 0.787109 0.420573 0.779297 0.403646
0 0.785156 0.497396 0.781250 0.497396 0.780273 0.496094 0.763672 0.497396 0.762695 0.498698 0.755859 0.500000 0.753906 0.502604 0.753906 0.506510 0.750977 0.510417 0.747070 0.524740 0.740234 0.532552 0.737305 0.533854 0.736328 0.537760 0.736328 0.550781 0.737305 0.552083 0.737305 0.555990 0.738281 0.559896 0.743164 0.566406 0.749023 0.571615 0.751953 0.571615 0.762695 0.578125 0.767578 0.578125 0.768555 0.579427 0.778320 0.578125 0.779297 0.576823 0.786133 0.576823 0.797852 0.569010 0.802734 0.558594 0.803711 0.550781 0.807617 0.544271 0.807617 0.540365 0.808594 0.539062 0.807617 0.531250 0.805664 0.526042 0.804688 0.518229 0.801758 0.513021 0.793945 0.503906
0 0.744141 0.578125 0.743164 0.579427 0.738281 0.579427 0.732422 0.583333 0.728516 0.589844 0.728516 0.595052 0.730469 0.598958 0.729492 0.632812 0.725586 0.638021 0.722656 0.639323 0.717773 0.644531 0.717773 0.651042 0.716797 0.653646 0.717773 0.657552 0.723633 0.664062 0.738281 0.669271 0.743164 0.673177 0.750000 0.673177 0.755859 0.670573 0.759766 0.665365 0.768555 0.660156 0.780273 0.645833 0.780273 0.643229 0.782227 0.639323 0.782227 0.630208 0.777344 0.617188 0.769531 0.605469 0.763672 0.592448 0.754883 0.580729 0.748047 0.578125
0 0.730469 0.673177 0.724609 0.679688 0.721680 0.687500 0.721680 0.690104 0.716797 0.700521 0.715820 0.708333 0.712891 0.716146 0.714844 0.727865 0.719727 0.735677 0.722656 0.736979 0.729492 0.743490 0.735352 0.744792 0.739258 0.747396 0.743164 0.747396 0.750000 0.751302 0.753906 0.751302 0.758789 0.746094 0.763672 0.743490 0.768555 0.738281 0.776367 0.726562 0.777344 0.726562 0.780273 0.720052 0.779297 0.718750 0.779297 0.714844 0.782227 0.707031 0.782227 0.699219 0.779297 0.692708 0.769531 0.686198 0.763672 0.679688 0.759766 0.678385 0.756836 0.675781 0.743164 0.675781 0.738281 0.673177
0 0.748047 0.759115 0.741211 0.756510 0.739258 0.753906 0.736328 0.753906 0.731445 0.751302 0.726562 0.755208 0.720703 0.755208 0.718750 0.759115 0.713867 0.760417 0.707031 0.765625 0.704102 0.770833 0.702148 0.779948 0.700195 0.782552 0.698242 0.789062 0.695312 0.792969 0.694336 0.798177 0.691406 0.803385 0.691406 0.812500 0.700195 0.829427 0.707031 0.834635 0.712891 0.842448 0.724609 0.843750 0.725586 0.842448 0.733398 0.842448 0.734375 0.841146 0.741211 0.839844 0.748047 0.835938 0.751953 0.830729 0.753906 0.824219 0.755859 0.821615 0.758789 0.809896 0.759766 0.800781 0.758789 0.799479 0.758789 0.794271 0.757812 0.792969 0.755859 0.778646 0.750977 0.763021
0 0.806641 0.593750 0.804688 0.596354 0.805664 0.598958 0.818359 0.600260 0.821289 0.605469 0.818359 0.608073 0.812500 0.609375 0.800781 0.619792 0.798828 0.623698 0.793945 0.625000 0.791992 0.622396 0.790039 0.622396 0.784180 0.627604 0.785156 0.634115 0.782227 0.652344 0.783203 0.662760 0.786133 0.665365 0.786133 0.667969 0.789062 0.670573 0.790039 0.674479 0.791992 0.674479 0.798828 0.683594 0.803711 0.684896 0.808594 0.690104 0.811523 0.690104 0.821289 0.695312 0.829102 0.696615 0.833984 0.695312 0.834961 0.694010 0.834961 0.679688 0.841797 0.667969 0.843750 0.658854 0.848633 0.652344 0.854492 0.634115 0.854492 0.627604 0.849609 0.615885 0.837891 0.604167 0.825195 0.596354 0.815430 0.595052 0.810547 0.592448
0 0.846680 0.684896 0.840820 0.675781 0.836914 0.679688 0.837891 0.691406 0.834961 0.696615 0.832031 0.696615 0.831055 0.697917 0.818359 0.696615 0.797852 0.684896 0.791992 0.686198 0.791016 0.690104 0.785156 0.697917 0.784180 0.705729 0.783203 0.707031 0.783203 0.720052 0.780273 0.730469 0.781250 0.736979 0.791992 0.743490 0.793945 0.746094 0.802734 0.747396 0.807617 0.750000 0.825195 0.750000 0.833008 0.746094 0.842773 0.733073 0.845703 0.723958 0.845703 0.720052 0.848633 0.709635 0.848633 0.696615 0.847656 0.695312
0 0.759766 0.787760 0.761719 0.795573 0.761719 0.808594 0.755859 0.825521 0.755859 0.832031 0.759766 0.838542 0.763672 0.841146 0.766602 0.845052 0.773438 0.846354 0.774414 0.847656 0.790039 0.847656 0.791016 0.846354 0.802734 0.847656 0.810547 0.842448 0.819336 0.824219 0.819336 0.820312 0.822266 0.813802 0.825195 0.800781 0.825195 0.796875 0.823242 0.792969 0.820312 0.791667 0.817383 0.787760 0.809570 0.782552 0.807617 0.782552 0.805664 0.779948 0.798828 0.781250 0.794922 0.778646 0.791992 0.779948 0.782227 0.778646 0.781250 0.779948 0.776367 0.779948 0.774414 0.781250 0.773438 0.777344 0.770508 0.776042 0.768555 0.777344 0.764648 0.783854 0.761719 0.785156
0 0.797852 0.854167 0.795898 0.855469 0.795898 0.856771 0.800781 0.860677 0.799805 0.863281 0.785156 0.864583 0.776367 0.871094 0.764648 0.888021 0.764648 0.889323 0.767578 0.889323 0.770508 0.885417 0.772461 0.886719 0.772461 0.893229 0.767578 0.904948 0.764648 0.899740 0.762695 0.899740 0.760742 0.902344 0.760742 0.904948 0.766602 0.914062 0.777344 0.921875 0.780273 0.925781 0.788086 0.929688 0.800781 0.929688 0.804688 0.927083 0.813477 0.917969 0.815430 0.910156 0.819336 0.903646 0.814453 0.886719 0.813477 0.873698 0.810547 0.869792 0.809570 0.865885 0.806641 0.867188 0.805664 0.865885 0.805664 0.861979 0.803711 0.860677 0.801758 0.856771
