0 0.047852 0.326823 0.042969 0.326823 0.041992 0.328125 0.037109 0.330729 0.037109 0.332031 0.036133 0.333333 0.036133 0.335938 0.035156 0.337240 0.035156 0.341146 0.034180 0.342448 0.034180 0.346354 0.033203 0.347656 0.033203 0.354167 0.032227 0.355469 0.032227 0.359375 0.031250 0.360677 0.031250 0.376302 0.033203 0.380208 0.035156 0.380208 0.036133 0.381510 0.042969 0.381510 0.043945 0.382812 0.044922 0.382812 0.046875 0.380208 0.054688 0.380208 0.055664 0.378906 0.056641 0.378906 0.060547 0.373698 0.060547 0.369792 0.062500 0.367188 0.062500 0.361979 0.061523 0.360677 0.061523 0.354167 0.060547 0.352865 0.060547 0.348958 0.059570 0.347656 0.057617 0.341146 0.055664 0.338542 0.053711 0.332031
0 0.051758 0.397135 0.051758 0.398438 0.050781 0.399740 0.050781 0.402344 0.049805 0.403646 0.049805 0.406250 0.048828 0.407552 0.048828 0.410156 0.047852 0.411458 0.047852 0.419271 0.048828 0.420573 0.048828 0.423177 0.049805 0.424479 0.049805 0.425781 0.050781 0.427083 0.051758 0.430990 0.057617 0.440104 0.057617 0.441406 0.059570 0.444010 0.059570 0.445312 0.062500 0.445312 0.063477 0.446615 0.076172 0.446615 0.077148 0.445312 0.078125 0.445312 0.078125 0.433594 0.079102 0.432292 0.079102 0.427083 0.078125 0.425781 0.078125 0.420573 0.077148 0.419271 0.077148 0.417969 0.075195 0.415365 0.075195 0.414062 0.072266 0.410156 0.072266 0.408854 0.068359 0.403646 0.068359 0.402344 0.067383 0.401042 0.067383 0.398438 0.065430 0.395833 0.064453 0.395833 0.063477 0.394531 0.056641 0.394531 0.055664 0.395833 0.053711 0.395833 0.052734 0.397135
0 0.066406 0.391927 0.071289 0.406250 0.075195 0.411458 0.080078 0.414062 0.083984 0.417969 0.103516 0.417969 0.104492 0.416667 0.106445 0.416667 0.108398 0.414062 0.108398 0.407552 0.107422 0.406250 0.107422 0.402344 0.108398 0.401042 0.108398 0.398438 0.109375 0.397135 0.109375 0.394531 0.110352 0.393229 0.110352 0.386719 0.109375 0.385417 0.109375 0.384115 0.103516 0.376302 0.103516 0.375000 0.101562 0.371094 0.101562 0.367188 0.100586 0.365885 0.089844 0.365885 0.088867 0.364583 0.086914 0.364583 0.085938 0.365885 0.084961 0.365885 0.081055 0.371094 0.078125 0.372396 0.078125 0.373698 0.075195 0.377604 0.075195 0.378906 0.070312 0.384115 0.070312 0.385417
0 0.115234 0.334635 0.113281 0.337240 0.112305 0.337240 0.111328 0.338542 0.108398 0.338542 0.107422 0.339844 0.105469 0.339844 0.103516 0.342448 0.103516 0.355469 0.102539 0.356771 0.102539 0.371094 0.103516 0.372396 0.103516 0.375000 0.107422 0.380208 0.107422 0.381510 0.109375 0.384115 0.110352 0.384115 0.111328 0.385417 0.116211 0.385417 0.122070 0.380208 0.125000 0.380208 0.125977 0.378906 0.126953 0.378906 0.130859 0.372396 0.130859 0.371094 0.126953 0.365885 0.126953 0.364583 0.125977 0.363281 0.125977 0.360677 0.125000 0.359375 0.125000 0.358073 0.124023 0.356771 0.124023 0.355469 0.122070 0.351562 0.122070 0.348958 0.121094 0.347656 0.121094 0.345052 0.119141 0.342448 0.118164 0.338542
0 0.129883 0.309896 0.129883 0.311198 0.126953 0.315104 0.125977 0.315104 0.124023 0.317708 0.123047 0.317708 0.118164 0.324219 0.118164 0.326823 0.117188 0.328125 0.117188 0.332031 0.118164 0.333333 0.119141 0.339844 0.122070 0.346354 0.122070 0.348958 0.123047 0.350260 0.124023 0.354167 0.125977 0.356771 0.125977 0.359375 0.126953 0.360677 0.126953 0.363281 0.127930 0.364583 0.127930 0.365885 0.130859 0.369792 0.131836 0.369792 0.132812 0.371094 0.142578 0.371094 0.143555 0.369792 0.146484 0.368490 0.146484 0.365885 0.147461 0.364583 0.147461 0.360677 0.151367 0.351562 0.151367 0.345052 0.150391 0.343750 0.150391 0.341146 0.149414 0.339844 0.149414 0.337240 0.148438 0.335938 0.148438 0.332031 0.147461 0.330729 0.145508 0.324219 0.141602 0.319010 0.140625 0.315104 0.139648 0.313802 0.138672 0.313802 0.135742 0.309896
0 0.121094 0.382812 0.117188 0.388021 0.117188 0.389323 0.116211 0.390625 0.116211 0.394531 0.114258 0.398438 0.114258 0.402344 0.112305 0.406250 0.112305 0.408854 0.111328 0.410156 0.111328 0.412760 0.110352 0.414062 0.110352 0.419271 0.111328 0.420573 0.111328 0.423177 0.113281 0.425781 0.113281 0.427083 0.114258 0.427083 0.115234 0.428385 0.115234 0.429688 0.116211 0.430990 0.117188 0.430990 0.118164 0.432292 0.121094 0.432292 0.122070 0.433594 0.130859 0.433594 0.131836 0.434896 0.140625 0.434896 0.141602 0.433594 0.146484 0.433594 0.147461 0.432292 0.147461 0.424479 0.145508 0.421875 0.142578 0.421875 0.141602 0.420573 0.141602 0.417969 0.144531 0.414062 0.144531 0.406250 0.143555 0.404948 0.143555 0.389323 0.144531 0.388021 0.144531 0.386719 0.143555 0.385417 0.140625 0.385417 0.139648 0.384115 0.132812 0.384115 0.131836 0.382812 0.128906 0.382812 0.127930 0.381510 0.123047 0.381510 0.122070 0.382812
0 0.116211 0.436198 0.113281 0.438802 0.113281 0.440104 0.109375 0.445312 0.109375 0.446615 0.107422 0.449219 0.107422 0.450521 0.106445 0.451823 0.106445 0.455729 0.105469 0.457031 0.105469 0.466146 0.106445 0.467448 0.106445 0.470052 0.111328 0.476562 0.113281 0.483073 0.115234 0.485677 0.118164 0.485677 0.119141 0.486979 0.121094 0.486979 0.122070 0.488281 0.127930 0.488281 0.137695 0.480469 0.136719 0.480469 0.134766 0.477865 0.134766 0.471354 0.135742 0.470052 0.135742 0.467448 0.136719 0.466146 0.136719 0.463542 0.138672 0.459635 0.138672 0.454427 0.137695 0.453125 0.137695 0.451823 0.135742 0.449219 0.135742 0.447917 0.133789 0.445312 0.133789 0.444010 0.131836 0.440104 0.130859 0.440104 0.129883 0.438802 0.126953 0.438802 0.125977 0.437500 0.122070 0.437500 0.121094 0.436198
0 0.176758 0.335938 0.172852 0.335938 0.171875 0.337240 0.167969 0.337240 0.166992 0.338542 0.165039 0.338542 0.162109 0.342448 0.161133 0.342448 0.161133 0.343750 0.155273 0.351562 0.154297 0.355469 0.149414 0.363281 0.149414 0.369792 0.150391 0.371094 0.150391 0.372396 0.154297 0.377604 0.154297 0.378906 0.155273 0.380208 0.158203 0.381510 0.161133 0.385417 0.162109 0.385417 0.165039 0.388021 0.169922 0.388021 0.170898 0.389323 0.174805 0.389323 0.175781 0.388021 0.177734 0.388021 0.177734 0.384115 0.185547 0.375000 0.185547 0.372396 0.186523 0.371094 0.185547 0.369792 0.185547 0.351562 0.182617 0.347656 0.182617 0.346354 0.181641 0.345052 0.181641 0.343750 0.179688 0.341146 0.178711 0.337240 0.177734 0.337240
0 0.144531 0.386719 0.144531 0.407552 0.147461 0.412760 0.147461 0.415365 0.152344 0.423177 0.152344 0.424479 0.154297 0.427083 0.157227 0.427083 0.160156 0.430990 0.163086 0.430990 0.164062 0.432292 0.170898 0.432292 0.172852 0.429688 0.172852 0.427083 0.173828 0.425781 0.173828 0.424479 0.176758 0.420573 0.177734 0.420573 0.178711 0.419271 0.178711 0.417969 0.179688 0.416667 0.179688 0.414062 0.184570 0.407552 0.184570 0.402344 0.181641 0.398438 0.181641 0.394531 0.182617 0.393229 0.179688 0.393229 0.178711 0.391927 0.172852 0.391927 0.171875 0.390625 0.169922 0.390625 0.168945 0.389323 0.166016 0.389323 0.165039 0.388021 0.162109 0.388021 0.161133 0.386719 0.159180 0.386719 0.154297 0.382812 0.151367 0.382812 0.150391 0.384115 0.148438 0.384115 0.147461 0.385417
0 0.216797 0.272135 0.214844 0.276042 0.214844 0.295573 0.215820 0.296875 0.215820 0.300781 0.216797 0.302083 0.216797 0.309896 0.217773 0.311198 0.217773 0.313802 0.218750 0.315104 0.218750 0.319010 0.219727 0.320312 0.219727 0.322917 0.220703 0.324219 0.220703 0.326823 0.221680 0.328125 0.221680 0.329427 0.222656 0.329427 0.223633 0.330729 0.236328 0.330729 0.239258 0.333333 0.244141 0.333333 0.245117 0.332031 0.248047 0.332031 0.250000 0.329427 0.250000 0.325521 0.250977 0.324219 0.250000 0.322917 0.250000 0.317708 0.246094 0.308594 0.246094 0.295573 0.245117 0.294271 0.244141 0.290365 0.241211 0.286458 0.241211 0.285156 0.234375 0.277344 0.234375 0.276042 0.233398 0.276042 0.232422 0.274740 0.228516 0.274740 0.227539 0.273438 0.226562 0.273438 0.225586 0.272135 0.223633 0.272135 0.222656 0.270833 0.218750 0.270833 0.217773 0.272135
0 0.151367 0.485677 0.149414 0.488281 0.149414 0.489583 0.145508 0.498698 0.145508 0.514323 0.146484 0.515625 0.146484 0.519531 0.147461 0.520833 0.147461 0.523438 0.148438 0.524740 0.151367 0.524740 0.152344 0.526042 0.170898 0.526042 0.171875 0.524740 0.175781 0.524740 0.176758 0.523438 0.177734 0.523438 0.177734 0.515625 0.176758 0.514323 0.173828 0.518229 0.168945 0.518229 0.167969 0.516927 0.167969 0.514323 0.166016 0.510417 0.166016 0.505208 0.166992 0.503906 0.167969 0.500000 0.171875 0.496094 0.170898 0.492188 0.169922 0.490885 0.168945 0.490885 0.167969 0.489583 0.166016 0.489583 0.165039 0.488281 0.164062 0.489583 0.161133 0.489583 0.159180 0.486979 0.159180 0.480469 0.157227 0.480469 0.156250 0.481771 0.155273 0.481771 0.152344 0.485677
0 0.237305 0.471354 0.231445 0.468750 0.230469 0.470052 0.215820 0.470052 0.214844 0.471354 0.210938 0.471354 0.209961 0.472656 0.208008 0.472656 0.207031 0.473958 0.206055 0.473958 0.200195 0.481771 0.200195 0.489583 0.199219 0.490885 0.199219 0.496094 0.198242 0.497396 0.198242 0.501302 0.199219 0.502604 0.199219 0.505208 0.203125 0.509115 0.205078 0.509115 0.206055 0.510417 0.208008 0.510417 0.208984 0.511719 0.211914 0.511719 0.212891 0.513021 0.216797 0.513021 0.217773 0.514323 0.221680 0.514323 0.222656 0.515625 0.223633 0.515625 0.226562 0.513021 0.228516 0.513021 0.231445 0.509115 0.232422 0.509115 0.233398 0.507812 0.235352 0.507812 0.236328 0.506510 0.236328 0.501302 0.241211 0.497396 0.241211 0.493490 0.240234 0.492188 0.240234 0.489583 0.236328 0.485677 0.236328 0.481771 0.237305 0.480469 0.237305 0.477865 0.238281 0.476562 0.238281 0.475260 0.237305 0.473958
0 0.216797 0.515625 0.207031 0.515625 0.206055 0.516927 0.200195 0.516927 0.196289 0.519531 0.194336 0.522135 0.193359 0.522135 0.191406 0.527344 0.191406 0.529948 0.188477 0.533854 0.188477 0.536458 0.186523 0.541667 0.186523 0.545573 0.187500 0.546875 0.187500 0.550781 0.188477 0.552083 0.189453 0.558594 0.191406 0.561198 0.191406 0.562500 0.197266 0.570312 0.198242 0.570312 0.200195 0.572917 0.208984 0.572917 0.209961 0.571615 0.211914 0.571615 0.216797 0.566406 0.217773 0.566406 0.220703 0.559896 0.220703 0.558594 0.217773 0.553385 0.218750 0.552083 0.218750 0.546875 0.220703 0.544271 0.220703 0.542969 0.223633 0.539062 0.224609 0.539062 0.224609 0.535156 0.223633 0.533854 0.221680 0.539062 0.220703 0.540365 0.219727 0.539062 0.219727 0.535156 0.215820 0.527344 0.218750 0.523438 0.220703 0.523438 0.221680 0.522135 0.220703 0.519531
0 0.226562 0.563802 0.225586 0.565104 0.224609 0.565104 0.217773 0.574219 0.217773 0.575521 0.215820 0.579427 0.215820 0.582031 0.214844 0.583333 0.214844 0.588542 0.213867 0.589844 0.214844 0.591146 0.214844 0.593750 0.215820 0.595052 0.215820 0.598958 0.216797 0.600260 0.216797 0.601562 0.220703 0.606771 0.221680 0.606771 0.223633 0.609375 0.223633 0.610677 0.224609 0.610677 0.227539 0.613281 0.229492 0.613281 0.230469 0.614583 0.235352 0.614583 0.236328 0.613281 0.237305 0.613281 0.238281 0.611979 0.241211 0.610677 0.243164 0.608073 0.243164 0.605469 0.244141 0.604167 0.244141 0.600260 0.245117 0.598958 0.245117 0.596354 0.248047 0.589844 0.248047 0.584635 0.249023 0.583333 0.249023 0.580729 0.248047 0.579427 0.239258 0.579427 0.238281 0.578125 0.235352 0.576823 0.233398 0.574219 0.233398 0.572917 0.230469 0.569010 0.229492 0.565104 0.228516 0.563802
0 0.277344 0.584635 0.276367 0.584635 0.275391 0.583333 0.273438 0.583333 0.272461 0.582031 0.269531 0.582031 0.268555 0.583333 0.263672 0.583333 0.262695 0.584635 0.257812 0.585938 0.254883 0.588542 0.250000 0.589844 0.247070 0.593750 0.247070 0.595052 0.246094 0.596354 0.246094 0.601562 0.245117 0.602865 0.245117 0.609375 0.244141 0.610677 0.244141 0.630208 0.245117 0.631510 0.245117 0.632812 0.246094 0.632812 0.249023 0.636719 0.250000 0.636719 0.250977 0.638021 0.252930 0.638021 0.253906 0.639323 0.260742 0.639323 0.261719 0.638021 0.266602 0.638021 0.271484 0.634115 0.273438 0.634115 0.278320 0.627604 0.279297 0.627604 0.279297 0.626302 0.280273 0.625000 0.280273 0.622396 0.281250 0.621094 0.281250 0.613281 0.282227 0.611979 0.282227 0.609375 0.281250 0.608073 0.281250 0.596354 0.280273 0.595052 0.280273 0.591146
0 0.277344 0.635417 0.274414 0.635417 0.273438 0.636719 0.271484 0.636719 0.268555 0.639323 0.265625 0.639323 0.264648 0.640625 0.259766 0.640625 0.258789 0.641927 0.254883 0.641927 0.252930 0.644531 0.252930 0.647135 0.251953 0.648438 0.251953 0.653646 0.250977 0.654948 0.250977 0.661458 0.250000 0.662760 0.250000 0.667969 0.249023 0.669271 0.249023 0.678385 0.250977 0.682292 0.251953 0.682292 0.253906 0.684896 0.254883 0.684896 0.259766 0.688802 0.268555 0.688802 0.269531 0.687500 0.272461 0.687500 0.273438 0.686198 0.275391 0.686198 0.276367 0.684896 0.279297 0.683594 0.282227 0.679688 0.283203 0.679688 0.284180 0.678385 0.284180 0.677083 0.286133 0.674479 0.286133 0.673177 0.288086 0.669271 0.288086 0.664062 0.287109 0.662760 0.287109 0.658854 0.286133 0.657552 0.286133 0.656250 0.285156 0.656250 0.284180 0.654948 0.284180 0.653646 0.282227 0.649740 0.282227 0.645833 0.281250 0.644531 0.281250 0.640625 0.280273 0.639323 0.280273 0.638021
0 0.248047 0.522135 0.247070 0.523438 0.244141 0.524740 0.242188 0.527344 0.240234 0.527344 0.238281 0.529948 0.232422 0.532552 0.232422 0.533854 0.230469 0.537760 0.230469 0.541667 0.229492 0.542969 0.229492 0.546875 0.228516 0.548177 0.228516 0.561198 0.229492 0.562500 0.231445 0.569010 0.234375 0.572917 0.234375 0.574219 0.235352 0.575521 0.236328 0.575521 0.237305 0.576823 0.239258 0.576823 0.240234 0.578125 0.247070 0.578125 0.248047 0.576823 0.250977 0.576823 0.254883 0.572917 0.255859 0.572917 0.257812 0.570312 0.259766 0.570312 0.260742 0.569010 0.263672 0.567708 0.265625 0.565104 0.266602 0.565104 0.267578 0.563802 0.267578 0.561198 0.268555 0.559896 0.267578 0.555990 0.261719 0.546875 0.260742 0.542969 0.252930 0.533854 0.252930 0.532552 0.250977 0.528646 0.250977 0.523438 0.249023 0.523438
0 0.218750 0.411458 0.213867 0.416667 0.213867 0.417969 0.209961 0.424479 0.209961 0.427083 0.208984 0.428385 0.208984 0.450521 0.211914 0.458333 0.212891 0.458333 0.219727 0.466146 0.226562 0.466146 0.227539 0.464844 0.232422 0.464844 0.233398 0.463542 0.236328 0.463542 0.238281 0.459635 0.238281 0.457031 0.239258 0.455729 0.239258 0.450521 0.240234 0.447917 0.246094 0.438802 0.246094 0.436198 0.248047 0.434896 0.248047 0.433594 0.246094 0.432292 0.243164 0.432292 0.241211 0.429688 0.240234 0.429688 0.236328 0.424479 0.235352 0.424479 0.231445 0.417969 0.235352 0.414062 0.236328 0.415365 0.242188 0.415365 0.243164 0.414062 0.242188 0.412760 0.227539 0.414062 0.224609 0.411458
0 0.276367 0.434896 0.274414 0.434896 0.273438 0.433594 0.254883 0.433594 0.253906 0.434896 0.251953 0.434896 0.250000 0.437500 0.247070 0.438802 0.243164 0.444010 0.242188 0.447917 0.240234 0.450521 0.240234 0.455729 0.239258 0.457031 0.239258 0.464844 0.240234 0.466146 0.240234 0.470052 0.242188 0.473958 0.243164 0.480469 0.249023 0.489583 0.256836 0.489583 0.257812 0.488281 0.259766 0.488281 0.263672 0.484375 0.264648 0.484375 0.267578 0.481771 0.269531 0.481771 0.271484 0.479167 0.272461 0.479167 0.274414 0.476562 0.275391 0.476562 0.277344 0.473958 0.278320 0.473958 0.281250 0.471354 0.281250 0.466146 0.280273 0.464844 0.280273 0.458333 0.281250 0.457031 0.281250 0.449219 0.279297 0.446615 0.279297 0.445312 0.277344 0.441406 0.277344 0.437500 0.276367 0.436198
0 0.275391 0.376302 0.274414 0.377604 0.270508 0.377604 0.269531 0.378906 0.266602 0.378906 0.263672 0.381510 0.261719 0.381510 0.258789 0.386719 0.258789 0.391927 0.257812 0.393229 0.257812 0.399740 0.258789 0.401042 0.258789 0.407552 0.261719 0.411458 0.261719 0.412760 0.262695 0.414062 0.262695 0.417969 0.266602 0.423177 0.266602 0.424479 0.273438 0.429688 0.275391 0.429688 0.276367 0.430990 0.279297 0.430990 0.280273 0.429688 0.283203 0.429688 0.284180 0.428385 0.294922 0.421875 0.296875 0.419271 0.297852 0.419271 0.297852 0.416667 0.296875 0.415365 0.294922 0.415365 0.292969 0.412760 0.292969 0.410156 0.291992 0.408854 0.291992 0.407552 0.292969 0.406250 0.292969 0.399740 0.293945 0.398438 0.293945 0.395833 0.294922 0.394531 0.294922 0.385417 0.293945 0.384115 0.291992 0.384115 0.285156 0.378906 0.283203 0.378906 0.282227 0.377604 0.276367 0.377604
0 0.310547 0.328125 0.308594 0.326823 0.306641 0.326823 0.305664 0.325521 0.300781 0.325521 0.299805 0.326823 0.283203 0.326823 0.282227 0.328125 0.278320 0.328125 0.274414 0.332031 0.273438 0.334635 0.273438 0.338542 0.272461 0.339844 0.272461 0.347656 0.273438 0.348958 0.273438 0.358073 0.275391 0.363281 0.275391 0.367188 0.279297 0.375000 0.281250 0.376302 0.285156 0.376302 0.286133 0.377604 0.289062 0.377604 0.290039 0.376302 0.291992 0.377604 0.306641 0.377604 0.308594 0.376302 0.306641 0.373698 0.306641 0.371094 0.305664 0.369792 0.305664 0.361979 0.306641 0.360677 0.306641 0.358073 0.309570 0.354167 0.310547 0.351562 0.310547 0.348958 0.311523 0.347656 0.311523 0.339844 0.312500 0.337240 0.314453 0.335938 0.314453 0.334635
0 0.297852 0.287760 0.297852 0.289062 0.296875 0.290365 0.296875 0.292969 0.295898 0.294271 0.295898 0.298177 0.294922 0.299479 0.295898 0.300781 0.295898 0.304688 0.298828 0.309896 0.298828 0.311198 0.302734 0.316406 0.303711 0.320312 0.305664 0.322917 0.306641 0.322917 0.307617 0.324219 0.309570 0.324219 0.310547 0.325521 0.314453 0.325521 0.315430 0.326823 0.319336 0.326823 0.320312 0.328125 0.325195 0.328125 0.326172 0.326823 0.328125 0.326823 0.329102 0.325521 0.331055 0.325521 0.332031 0.324219 0.333008 0.324219 0.333984 0.322917 0.333984 0.321615 0.335938 0.319010 0.336914 0.319010 0.336914 0.316406 0.337891 0.315104 0.337891 0.313802 0.335938 0.309896 0.336914 0.303385 0.334961 0.300781 0.332031 0.299479 0.324219 0.289062 0.324219 0.281250 0.325195 0.279948 0.325195 0.278646 0.317383 0.278646 0.316406 0.279948 0.309570 0.279948 0.308594 0.281250 0.303711 0.282552 0.302734 0.283854 0.301758 0.283854 0.298828 0.287760
0 0.338867 0.244792 0.335938 0.248698 0.333008 0.256510 0.333008 0.259115 0.331055 0.264323 0.329102 0.266927 0.329102 0.270833 0.328125 0.272135 0.328125 0.274740 0.325195 0.279948 0.325195 0.286458 0.324219 0.287760 0.325195 0.290365 0.327148 0.291667 0.332031 0.298177 0.335938 0.300781 0.337891 0.300781 0.338867 0.302083 0.342773 0.302083 0.343750 0.303385 0.351562 0.303385 0.352539 0.304688 0.354492 0.304688 0.355469 0.303385 0.359375 0.303385 0.360352 0.304688 0.361328 0.303385 0.363281 0.303385 0.363281 0.298177 0.361328 0.294271 0.366211 0.289062 0.366211 0.286458 0.369141 0.283854 0.369141 0.279948 0.370117 0.278646 0.370117 0.268229 0.367188 0.264323 0.365234 0.259115 0.365234 0.255208 0.364258 0.252604 0.352539 0.244792 0.350586 0.244792 0.349609 0.243490 0.346680 0.243490 0.345703 0.242188 0.343750 0.242188 0.342773 0.243490
0 0.399414 0.217448 0.394531 0.217448 0.393555 0.218750 0.388672 0.220052 0.385742 0.222656 0.383789 0.222656 0.380859 0.225260 0.378906 0.225260 0.377930 0.226562 0.375000 0.226562 0.368164 0.233073 0.367188 0.238281 0.366211 0.239583 0.366211 0.253906 0.367188 0.255208 0.368164 0.260417 0.371094 0.264323 0.375000 0.266927 0.380859 0.274740 0.385742 0.277344 0.387695 0.279948 0.389648 0.279948 0.390625 0.281250 0.394531 0.281250 0.395508 0.282552 0.401367 0.278646 0.401367 0.277344 0.403320 0.274740 0.408203 0.272135 0.408203 0.270833 0.412109 0.266927 0.412109 0.259115 0.413086 0.257812 0.411133 0.252604 0.411133 0.244792 0.410156 0.243490 0.410156 0.229167 0.409180 0.226562 0.405273 0.221354
0 0.343750 0.313802 0.339844 0.320312 0.337891 0.325521 0.337891 0.328125 0.336914 0.329427 0.336914 0.343750 0.339844 0.351562 0.344727 0.358073 0.345703 0.358073 0.349609 0.363281 0.350586 0.363281 0.352539 0.365885 0.352539 0.367188 0.356445 0.368490 0.357422 0.369792 0.359375 0.369792 0.360352 0.371094 0.364258 0.371094 0.365234 0.372396 0.371094 0.372396 0.372070 0.371094 0.375000 0.371094 0.377930 0.368490 0.379883 0.368490 0.381836 0.365885 0.380859 0.363281 0.380859 0.359375 0.381836 0.358073 0.381836 0.351562 0.382812 0.350260 0.383789 0.345052 0.382812 0.343750 0.382812 0.334635 0.381836 0.333333 0.381836 0.330729 0.375977 0.321615 0.375000 0.316406 0.368164 0.308594 0.350586 0.308594 0.346680 0.311198 0.344727 0.313802
0 0.398438 0.283854 0.391602 0.291667 0.390625 0.291667 0.384766 0.299479 0.383789 0.299479 0.378906 0.304688 0.378906 0.305990 0.376953 0.308594 0.376953 0.316406 0.379883 0.325521 0.384766 0.332031 0.399414 0.343750 0.401367 0.343750 0.402344 0.345052 0.406250 0.345052 0.408203 0.346354 0.411133 0.343750 0.413086 0.343750 0.416016 0.339844 0.419922 0.337240 0.419922 0.335938 0.427734 0.321615 0.427734 0.319010 0.428711 0.317708 0.428711 0.312500 0.427734 0.311198 0.427734 0.307292 0.426758 0.304688 0.426758 0.309896 0.423828 0.313802 0.422852 0.313802 0.420898 0.311198 0.419922 0.308594 0.420898 0.307292 0.420898 0.296875 0.421875 0.294271 0.419922 0.291667 0.417969 0.291667 0.416016 0.289062 0.411133 0.287760 0.406250 0.283854
0 0.346680 0.378906 0.341797 0.386719 0.341797 0.388021 0.340820 0.389323 0.340820 0.393229 0.343750 0.399740 0.343750 0.402344 0.344727 0.403646 0.344727 0.407552 0.345703 0.408854 0.347656 0.415365 0.351562 0.420573 0.352539 0.420573 0.359375 0.425781 0.364258 0.425781 0.365234 0.427083 0.371094 0.427083 0.372070 0.425781 0.375000 0.425781 0.376953 0.423177 0.378906 0.416667 0.381836 0.412760 0.381836 0.411458 0.387695 0.397135 0.387695 0.390625 0.386719 0.389323 0.386719 0.381510 0.383789 0.377604 0.381836 0.377604 0.380859 0.376302 0.352539 0.376302 0.351562 0.377604 0.348633 0.377604 0.347656 0.378906
0 0.342773 0.407552 0.333984 0.408854 0.329102 0.412760 0.325195 0.412760 0.319336 0.416667 0.317383 0.416667 0.315430 0.419271 0.314453 0.419271 0.310547 0.424479 0.310547 0.425781 0.308594 0.428385 0.306641 0.433594 0.306641 0.437500 0.305664 0.438802 0.305664 0.445312 0.306641 0.446615 0.306641 0.450521 0.308594 0.453125 0.311523 0.454427 0.313477 0.457031 0.314453 0.457031 0.325195 0.467448 0.332031 0.466146 0.332031 0.450521 0.333984 0.445312 0.338867 0.438802 0.339844 0.438802 0.341797 0.436198 0.342773 0.436198 0.344727 0.433594 0.345703 0.433594 0.349609 0.429688 0.349609 0.423177 0.346680 0.417969 0.344727 0.412760 0.344727 0.410156
0 0.297852 0.459635 0.294922 0.463542 0.294922 0.464844 0.289062 0.475260 0.289062 0.476562 0.285156 0.485677 0.285156 0.492188 0.287109 0.496094 0.287109 0.498698 0.288086 0.500000 0.288086 0.501302 0.289062 0.501302 0.292969 0.505208 0.296875 0.505208 0.297852 0.506510 0.302734 0.506510 0.303711 0.505208 0.322266 0.505208 0.322266 0.503906 0.324219 0.500000 0.324219 0.497396 0.325195 0.496094 0.326172 0.489583 0.327148 0.488281 0.327148 0.481771 0.326172 0.480469 0.326172 0.477865 0.325195 0.476562 0.325195 0.473958 0.324219 0.472656 0.324219 0.471354 0.318359 0.463542 0.317383 0.463542 0.315430 0.460938 0.314453 0.460938 0.311523 0.458333 0.303711 0.458333 0.302734 0.457031 0.301758 0.458333 0.299805 0.458333 0.298828 0.459635
0 0.297852 0.509115 0.296875 0.509115 0.295898 0.507812 0.293945 0.507812 0.292969 0.506510 0.288086 0.503906 0.284180 0.500000 0.277344 0.500000 0.276367 0.501302 0.274414 0.501302 0.273438 0.502604 0.270508 0.503906 0.267578 0.507812 0.265625 0.514323 0.259766 0.522135 0.259766 0.531250 0.260742 0.532552 0.260742 0.537760 0.261719 0.539062 0.261719 0.541667 0.263672 0.544271 0.263672 0.546875 0.268555 0.553385 0.269531 0.553385 0.270508 0.554688 0.279297 0.554688 0.280273 0.553385 0.282227 0.553385 0.285156 0.550781 0.287109 0.550781 0.291016 0.545573 0.291992 0.545573 0.293945 0.542969 0.293945 0.539062 0.294922 0.537760 0.294922 0.536458 0.301758 0.527344 0.301758 0.526042 0.303711 0.523438 0.304688 0.523438 0.304688 0.520833 0.303711 0.519531 0.302734 0.515625
0 0.292969 0.561198 0.291992 0.562500 0.290039 0.562500 0.289062 0.563802 0.284180 0.566406 0.284180 0.569010 0.283203 0.570312 0.283203 0.572917 0.282227 0.574219 0.282227 0.576823 0.281250 0.578125 0.281250 0.585938 0.282227 0.587240 0.282227 0.593750 0.283203 0.595052 0.283203 0.598958 0.284180 0.600260 0.284180 0.601562 0.286133 0.604167 0.287109 0.604167 0.291992 0.608073 0.293945 0.608073 0.294922 0.609375 0.301758 0.609375 0.302734 0.608073 0.305664 0.606771 0.307617 0.604167 0.308594 0.600260 0.312500 0.595052 0.313477 0.595052 0.320312 0.585938 0.321289 0.585938 0.321289 0.583333 0.320312 0.582031 0.320312 0.579427 0.318359 0.576823 0.317383 0.576823 0.310547 0.571615 0.308594 0.571615 0.307617 0.570312 0.306641 0.570312 0.303711 0.566406 0.300781 0.565104 0.297852 0.561198
0 0.325195 0.518229 0.322266 0.518229 0.321289 0.519531 0.319336 0.519531 0.318359 0.520833 0.316406 0.520833 0.312500 0.523438 0.308594 0.523438 0.307617 0.524740 0.305664 0.524740 0.303711 0.527344 0.302734 0.527344 0.296875 0.535156 0.295898 0.537760 0.295898 0.554688 0.296875 0.557292 0.300781 0.563802 0.303711 0.565104 0.306641 0.569010 0.308594 0.570312 0.310547 0.570312 0.314453 0.572917 0.321289 0.572917 0.322266 0.571615 0.326172 0.571615 0.327148 0.570312 0.329102 0.570312 0.336914 0.565104 0.340820 0.558594 0.340820 0.555990 0.341797 0.553385 0.339844 0.550781 0.339844 0.545573 0.340820 0.544271 0.339844 0.532552 0.338867 0.532552 0.336914 0.529948 0.333008 0.527344 0.328125 0.519531 0.326172 0.519531
0 0.310547 0.609375 0.305664 0.609375 0.304688 0.610677 0.300781 0.610677 0.299805 0.611979 0.292969 0.611979 0.291992 0.613281 0.291016 0.613281 0.290039 0.614583 0.289062 0.618490 0.285156 0.623698 0.285156 0.625000 0.283203 0.628906 0.283203 0.631510 0.282227 0.632812 0.282227 0.636719 0.283203 0.638021 0.283203 0.641927 0.284180 0.643229 0.284180 0.645833 0.285156 0.647135 0.286133 0.651042 0.290039 0.657552 0.290039 0.658854 0.294922 0.662760 0.296875 0.662760 0.297852 0.664062 0.302734 0.664062 0.303711 0.662760 0.305664 0.662760 0.308594 0.657552 0.308594 0.656250 0.311523 0.652344 0.311523 0.651042 0.313477 0.648438 0.313477 0.647135 0.314453 0.645833 0.315430 0.645833 0.321289 0.638021 0.321289 0.635417 0.322266 0.634115 0.322266 0.631510 0.323242 0.630208 0.323242 0.626302 0.322266 0.625000 0.322266 0.623698 0.315430 0.614583 0.314453 0.614583
0 0.333008 0.645833 0.332031 0.645833 0.331055 0.647135 0.321289 0.647135 0.318359 0.651042 0.317383 0.651042 0.315430 0.653646 0.312500 0.654948 0.309570 0.658854 0.309570 0.660156 0.305664 0.664062 0.305664 0.666667 0.304688 0.667969 0.304688 0.678385 0.307617 0.683594 0.307617 0.684896 0.312500 0.691406 0.312500 0.692708 0.314453 0.695312 0.315430 0.695312 0.319336 0.699219 0.321289 0.699219 0.322266 0.700521 0.324219 0.700521 0.325195 0.701823 0.335938 0.701823 0.336914 0.700521 0.338867 0.700521 0.346680 0.688802 0.346680 0.686198 0.348633 0.682292 0.348633 0.675781 0.345703 0.675781 0.344727 0.674479 0.344727 0.667969 0.343750 0.666667 0.343750 0.662760 0.342773 0.661458 0.342773 0.658854 0.341797 0.657552 0.340820 0.657552 0.333984 0.648438 0.333984 0.647135
0 0.282227 0.690104 0.282227 0.691406 0.278320 0.696615 0.278320 0.699219 0.275391 0.704427 0.275391 0.708333 0.274414 0.709635 0.274414 0.716146 0.278320 0.720052 0.279297 0.720052 0.293945 0.739583 0.298828 0.739583 0.301758 0.736979 0.304688 0.736979 0.308594 0.733073 0.309570 0.733073 0.310547 0.731771 0.310547 0.729167 0.311523 0.727865 0.311523 0.725260 0.312500 0.723958 0.312500 0.722656 0.314453 0.720052 0.314453 0.718750 0.318359 0.714844 0.318359 0.713542 0.317383 0.712240 0.317383 0.707031 0.318359 0.705729 0.316406 0.703125 0.315430 0.703125 0.314453 0.701823 0.314453 0.700521 0.311523 0.700521 0.310547 0.699219 0.309570 0.699219 0.308594 0.700521 0.305664 0.700521 0.304688 0.699219 0.303711 0.699219 0.302734 0.697917 0.300781 0.697917 0.297852 0.695312 0.287109 0.695312 0.286133 0.694010 0.286133 0.691406 0.287109 0.690104
0 0.340820 0.591146 0.338867 0.593750 0.335938 0.595052 0.330078 0.602865 0.330078 0.604167 0.329102 0.605469 0.329102 0.608073 0.326172 0.614583 0.326172 0.625000 0.327148 0.626302 0.328125 0.632812 0.331055 0.636719 0.331055 0.638021 0.333008 0.640625 0.333984 0.640625 0.335938 0.643229 0.335938 0.644531 0.336914 0.645833 0.337891 0.645833 0.340820 0.649740 0.340820 0.651042 0.341797 0.652344 0.344727 0.652344 0.347656 0.649740 0.349609 0.649740 0.350586 0.648438 0.353516 0.647135 0.355469 0.644531 0.356445 0.644531 0.362305 0.636719 0.362305 0.609375 0.360352 0.605469 0.361328 0.604167 0.362305 0.600260 0.361328 0.600260 0.360352 0.598958 0.358398 0.598958 0.355469 0.595052 0.352539 0.595052 0.351562 0.593750 0.349609 0.593750 0.348633 0.592448 0.346680 0.592448 0.345703 0.591146
0 0.338867 0.708333 0.331055 0.708333 0.330078 0.709635 0.329102 0.709635 0.322266 0.718750 0.322266 0.720052 0.319336 0.723958 0.319336 0.725260 0.318359 0.726562 0.315430 0.727865 0.310547 0.735677 0.310547 0.747396 0.311523 0.748698 0.311523 0.750000 0.316406 0.756510 0.316406 0.757812 0.317383 0.757812 0.325195 0.765625 0.329102 0.765625 0.330078 0.764323 0.334961 0.763021 0.339844 0.759115 0.344727 0.757812 0.347656 0.753906 0.348633 0.753906 0.349609 0.752604 0.349609 0.750000 0.351562 0.747396 0.351562 0.743490 0.352539 0.742188 0.352539 0.740885 0.351562 0.739583 0.351562 0.734375 0.353516 0.731771 0.353516 0.730469 0.352539 0.729167 0.352539 0.726562 0.351562 0.726562 0.349609 0.723958 0.349609 0.720052 0.348633 0.718750 0.345703 0.717448 0.344727 0.716146 0.344727 0.714844
0 0.365234 0.735677 0.358398 0.744792 0.358398 0.746094 0.357422 0.747396 0.357422 0.752604 0.356445 0.753906 0.356445 0.770833 0.357422 0.772135 0.357422 0.773438 0.361328 0.778646 0.363281 0.778646 0.364258 0.779948 0.377930 0.779948 0.378906 0.781250 0.388672 0.781250 0.389648 0.779948 0.391602 0.779948 0.393555 0.777344 0.393555 0.772135 0.394531 0.770833 0.394531 0.765625 0.395508 0.764323 0.395508 0.760417 0.396484 0.759115 0.396484 0.756510 0.395508 0.755208 0.395508 0.752604 0.394531 0.751302 0.392578 0.744792 0.390625 0.742188 0.390625 0.740885 0.388672 0.738281 0.385742 0.736979 0.384766 0.735677 0.384766 0.734375 0.380859 0.730469 0.375000 0.730469 0.373047 0.733073 0.369141 0.733073 0.367188 0.735677
0 0.361328 0.670573 0.356445 0.677083 0.356445 0.678385 0.355469 0.679688 0.355469 0.682292 0.350586 0.688802 0.350586 0.690104 0.348633 0.694010 0.348633 0.699219 0.347656 0.700521 0.347656 0.708333 0.346680 0.709635 0.347656 0.710938 0.348633 0.714844 0.352539 0.720052 0.352539 0.721354 0.353516 0.721354 0.357422 0.726562 0.360352 0.726562 0.361328 0.727865 0.366211 0.729167 0.367188 0.727865 0.368164 0.727865 0.373047 0.721354 0.373047 0.720052 0.375000 0.716146 0.375000 0.699219 0.375977 0.697917 0.375977 0.695312 0.378906 0.688802 0.378906 0.686198 0.380859 0.683594 0.380859 0.677083 0.376953 0.673177 0.374023 0.673177 0.373047 0.674479 0.371094 0.674479 0.369141 0.677083 0.368164 0.677083 0.365234 0.679688 0.363281 0.677083 0.363281 0.675781 0.362305 0.674479 0.362305 0.671875
0 0.401367 0.666667 0.394531 0.666667 0.393555 0.667969 0.392578 0.667969 0.384766 0.678385 0.382812 0.684896 0.378906 0.691406 0.378906 0.692708 0.375977 0.699219 0.375977 0.709635 0.376953 0.710938 0.376953 0.713542 0.377930 0.714844 0.377930 0.716146 0.383789 0.722656 0.386719 0.722656 0.387695 0.723958 0.389648 0.723958 0.390625 0.725260 0.394531 0.725260 0.395508 0.726562 0.396484 0.726562 0.397461 0.725260 0.400391 0.725260 0.407227 0.717448 0.409180 0.717448 0.417969 0.705729 0.417969 0.704427 0.419922 0.701823 0.419922 0.691406 0.415039 0.686198 0.412109 0.671875 0.411133 0.670573 0.408203 0.670573 0.407227 0.669271 0.405273 0.669271 0.404297 0.667969 0.402344 0.667969
0 0.422852 0.718750 0.420898 0.718750 0.419922 0.717448 0.418945 0.717448 0.417969 0.718750 0.415039 0.718750 0.414062 0.720052 0.413086 0.720052 0.408203 0.726562 0.407227 0.726562 0.402344 0.733073 0.402344 0.734375 0.399414 0.738281 0.398438 0.738281 0.398438 0.739583 0.397461 0.740885 0.397461 0.747396 0.398438 0.748698 0.398438 0.751302 0.399414 0.752604 0.399414 0.755208 0.403320 0.763021 0.406250 0.763021 0.407227 0.764323 0.411133 0.764323 0.412109 0.765625 0.414062 0.765625 0.415039 0.766927 0.420898 0.766927 0.421875 0.765625 0.424805 0.764323 0.429688 0.759115 0.432617 0.757812 0.436523 0.752604 0.436523 0.747396 0.435547 0.746094 0.435547 0.742188 0.434570 0.740885 0.433594 0.740885 0.430664 0.736979 0.430664 0.735677 0.428711 0.733073 0.428711 0.730469 0.427734 0.729167 0.426758 0.725260 0.423828 0.721354 0.423828 0.720052
0 0.438477 0.675781 0.437500 0.677083 0.434570 0.677083 0.429688 0.683594 0.429688 0.684896 0.426758 0.690104 0.426758 0.692708 0.423828 0.699219 0.423828 0.717448 0.426758 0.722656 0.431641 0.735677 0.433594 0.738281 0.439453 0.740885 0.440430 0.739583 0.446289 0.739583 0.448242 0.738281 0.451172 0.734375 0.457031 0.730469 0.459961 0.726562 0.459961 0.723958 0.460938 0.722656 0.460938 0.714844 0.461914 0.713542 0.461914 0.707031 0.462891 0.705729 0.462891 0.699219 0.460938 0.695312 0.460938 0.692708 0.455078 0.686198 0.454102 0.686198 0.448242 0.678385 0.446289 0.677083 0.444336 0.678385 0.442383 0.678385
0 0.468750 0.720052 0.466797 0.722656 0.462891 0.722656 0.459961 0.727865 0.459961 0.729167 0.457031 0.733073 0.454102 0.734375 0.448242 0.740885 0.446289 0.746094 0.446289 0.752604 0.447266 0.753906 0.447266 0.757812 0.448242 0.759115 0.448242 0.761719 0.449219 0.763021 0.449219 0.765625 0.450195 0.766927 0.450195 0.769531 0.451172 0.770833 0.451172 0.773438 0.453125 0.778646 0.455078 0.779948 0.458984 0.779948 0.464844 0.783854 0.473633 0.783854 0.474609 0.782552 0.478516 0.782552 0.480469 0.781250 0.487305 0.773438 0.489258 0.768229 0.489258 0.763021 0.490234 0.761719 0.490234 0.757812 0.492188 0.752604 0.492188 0.744792 0.493164 0.743490 0.493164 0.739583 0.490234 0.734375 0.490234 0.731771 0.483398 0.725260 0.480469 0.723958 0.476562 0.720052
0 0.383789 0.587240 0.382812 0.588542 0.378906 0.588542 0.375977 0.591146 0.374023 0.591146 0.373047 0.592448 0.372070 0.592448 0.366211 0.600260 0.366211 0.601562 0.365234 0.602865 0.365234 0.605469 0.364258 0.606771 0.364258 0.609375 0.363281 0.610677 0.363281 0.626302 0.364258 0.627604 0.364258 0.632812 0.365234 0.634115 0.365234 0.635417 0.367188 0.638021 0.368164 0.638021 0.373047 0.641927 0.375000 0.641927 0.375977 0.643229 0.387695 0.643229 0.388672 0.641927 0.389648 0.641927 0.392578 0.638021 0.392578 0.636719 0.396484 0.630208 0.398438 0.623698 0.401367 0.618490 0.401367 0.614583 0.398438 0.609375 0.398438 0.608073 0.395508 0.604167 0.395508 0.602865 0.394531 0.601562 0.394531 0.598958 0.393555 0.597656 0.393555 0.595052 0.388672 0.589844 0.387695 0.589844 0.386719 0.588542 0.384766 0.588542
0 0.333008 0.481771 0.328125 0.488281 0.328125 0.489583 0.326172 0.493490 0.326172 0.497396 0.325195 0.498698 0.324219 0.505208 0.323242 0.506510 0.326172 0.511719 0.326172 0.513021 0.327148 0.514323 0.328125 0.514323 0.331055 0.518229 0.331055 0.519531 0.336914 0.527344 0.337891 0.527344 0.338867 0.528646 0.341797 0.528646 0.344727 0.531250 0.349609 0.531250 0.354492 0.527344 0.356445 0.527344 0.357422 0.526042 0.358398 0.526042 0.361328 0.522135 0.361328 0.518229 0.362305 0.516927 0.362305 0.513021 0.363281 0.511719 0.363281 0.510417 0.364258 0.509115 0.364258 0.506510 0.366211 0.502604 0.366211 0.497396 0.364258 0.494792 0.363281 0.490885 0.360352 0.488281 0.348633 0.488281 0.347656 0.486979 0.346680 0.486979 0.341797 0.480469 0.340820 0.480469 0.339844 0.479167 0.336914 0.479167 0.335938 0.480469
0 0.360352 0.544271 0.359375 0.545573 0.357422 0.545573 0.356445 0.546875 0.355469 0.546875 0.355469 0.548177 0.352539 0.552083 0.352539 0.553385 0.350586 0.557292 0.350586 0.569010 0.351562 0.570312 0.351562 0.571615 0.352539 0.572917 0.352539 0.575521 0.354492 0.578125 0.355469 0.582031 0.358398 0.585938 0.363281 0.588542 0.365234 0.591146 0.369141 0.591146 0.370117 0.589844 0.373047 0.588542 0.375000 0.585938 0.375977 0.585938 0.384766 0.574219 0.385742 0.574219 0.386719 0.572917 0.386719 0.571615 0.388672 0.569010 0.388672 0.567708 0.389648 0.566406 0.389648 0.557292 0.388672 0.555990 0.388672 0.553385 0.385742 0.549479 0.384766 0.549479 0.383789 0.548177 0.381836 0.548177 0.380859 0.546875 0.375977 0.546875 0.375000 0.545573 0.370117 0.545573 0.369141 0.544271
0 0.388672 0.492188 0.383789 0.492188 0.382812 0.493490 0.375977 0.497396 0.367188 0.509115 0.367188 0.510417 0.364258 0.515625 0.364258 0.532552 0.365234 0.533854 0.367188 0.540365 0.371094 0.544271 0.377930 0.544271 0.378906 0.545573 0.381836 0.545573 0.382812 0.544271 0.387695 0.544271 0.388672 0.542969 0.394531 0.542969 0.395508 0.541667 0.400391 0.541667 0.401367 0.540365 0.402344 0.540365 0.402344 0.539062 0.406250 0.533854 0.406250 0.532552 0.407227 0.531250 0.407227 0.524740 0.406250 0.523438 0.406250 0.520833 0.405273 0.519531 0.405273 0.518229 0.400391 0.511719 0.400391 0.510417 0.398438 0.507812 0.398438 0.506510 0.396484 0.502604 0.396484 0.500000 0.395508 0.498698 0.393555 0.498698 0.392578 0.497396 0.391602 0.497396
0 0.408203 0.475260 0.404297 0.480469 0.403320 0.480469 0.400391 0.484375 0.399414 0.484375 0.397461 0.486979 0.397461 0.488281 0.396484 0.489583 0.396484 0.493490 0.397461 0.494792 0.397461 0.498698 0.398438 0.500000 0.399414 0.506510 0.406250 0.515625 0.407227 0.515625 0.409180 0.518229 0.410156 0.518229 0.415039 0.523438 0.416016 0.523438 0.416992 0.524740 0.418945 0.524740 0.419922 0.526042 0.423828 0.526042 0.424805 0.524740 0.426758 0.524740 0.428711 0.522135 0.429688 0.522135 0.433594 0.516927 0.433594 0.515625 0.434570 0.514323 0.435547 0.514323 0.435547 0.513021 0.436523 0.511719 0.436523 0.509115 0.437500 0.507812 0.437500 0.498698 0.438477 0.497396 0.437500 0.496094 0.437500 0.494792 0.435547 0.492188 0.432617 0.490885 0.424805 0.480469 0.424805 0.479167 0.423828 0.479167 0.422852 0.477865 0.420898 0.477865 0.417969 0.475260 0.415039 0.475260 0.414062 0.473958 0.411133 0.473958 0.410156 0.475260
0 0.406250 0.536458 0.403320 0.541667 0.403320 0.546875 0.404297 0.548177 0.404297 0.549479 0.407227 0.553385 0.407227 0.554688 0.408203 0.555990 0.410156 0.562500 0.412109 0.565104 0.415039 0.574219 0.420898 0.582031 0.421875 0.582031 0.422852 0.583333 0.432617 0.583333 0.432617 0.582031 0.437500 0.575521 0.437500 0.574219 0.440430 0.570312 0.440430 0.567708 0.442383 0.565104 0.442383 0.558594 0.441406 0.557292 0.441406 0.554688 0.436523 0.548177 0.436523 0.545573 0.435547 0.544271 0.435547 0.540365 0.433594 0.537760 0.433594 0.533854 0.430664 0.532552 0.427734 0.528646 0.417969 0.528646 0.416992 0.529948 0.410156 0.533854 0.408203 0.536458
0 0.397461 0.572917 0.397461 0.574219 0.395508 0.578125 0.395508 0.596354 0.397461 0.600260 0.397461 0.602865 0.401367 0.608073 0.403320 0.608073 0.404297 0.609375 0.420898 0.609375 0.421875 0.608073 0.424805 0.608073 0.425781 0.606771 0.427734 0.606771 0.428711 0.605469 0.430664 0.605469 0.431641 0.604167 0.431641 0.588542 0.429688 0.585938 0.426758 0.585938 0.425781 0.584635 0.423828 0.584635 0.422852 0.583333 0.419922 0.582031 0.415039 0.575521 0.415039 0.574219 0.413086 0.571615 0.412109 0.571615 0.409180 0.569010 0.406250 0.569010 0.405273 0.567708 0.403320 0.567708 0.402344 0.569010 0.399414 0.570312
0 0.432617 0.621094 0.428711 0.615885 0.426758 0.615885 0.423828 0.613281 0.419922 0.613281 0.418945 0.614583 0.414062 0.614583 0.413086 0.615885 0.411133 0.615885 0.408203 0.619792 0.407227 0.619792 0.406250 0.621094 0.404297 0.621094 0.403320 0.622396 0.403320 0.623698 0.399414 0.628906 0.399414 0.630208 0.395508 0.635417 0.395508 0.636719 0.391602 0.641927 0.391602 0.653646 0.392578 0.654948 0.392578 0.657552 0.394531 0.660156 0.396484 0.660156 0.397461 0.661458 0.399414 0.661458 0.400391 0.662760 0.402344 0.662760 0.403320 0.664062 0.406250 0.664062 0.407227 0.665365 0.409180 0.665365 0.410156 0.666667 0.413086 0.666667 0.414062 0.667969 0.419922 0.667969 0.420898 0.666667 0.422852 0.666667 0.424805 0.664062 0.424805 0.662760 0.431641 0.653646 0.431641 0.652344 0.434570 0.648438 0.434570 0.647135 0.436523 0.643229 0.436523 0.632812 0.435547 0.631510 0.435547 0.628906 0.434570 0.627604
0 0.459961 0.627604 0.456055 0.631510 0.455078 0.631510 0.450195 0.638021 0.449219 0.641927 0.447266 0.644531 0.447266 0.647135 0.446289 0.648438 0.446289 0.656250 0.447266 0.657552 0.446289 0.660156 0.446289 0.664062 0.448242 0.667969 0.448242 0.670573 0.449219 0.671875 0.450195 0.678385 0.451172 0.680990 0.454102 0.684896 0.455078 0.684896 0.457031 0.687500 0.469727 0.687500 0.470703 0.686198 0.472656 0.686198 0.477539 0.680990 0.480469 0.679688 0.485352 0.673177 0.485352 0.658854 0.489258 0.648438 0.489258 0.641927 0.486328 0.638021 0.486328 0.636719 0.484375 0.636719 0.475586 0.630208 0.469727 0.630208 0.466797 0.627604
0 0.487305 0.674479 0.483398 0.678385 0.482422 0.678385 0.479492 0.683594 0.477539 0.683594 0.470703 0.692708 0.470703 0.695312 0.469727 0.696615 0.469727 0.705729 0.473633 0.710938 0.474609 0.710938 0.477539 0.714844 0.477539 0.716146 0.478516 0.716146 0.487305 0.726562 0.489258 0.727865 0.491211 0.727865 0.492188 0.729167 0.497070 0.729167 0.500977 0.723958 0.500977 0.722656 0.505859 0.716146 0.506836 0.716146 0.508789 0.710938 0.508789 0.705729 0.509766 0.704427 0.509766 0.688802 0.508789 0.686198 0.504883 0.680990 0.502930 0.683594 0.502930 0.684896 0.505859 0.686198 0.507812 0.688802 0.507812 0.690104 0.505859 0.692708 0.503906 0.692708 0.500000 0.688802 0.500000 0.684896 0.499023 0.684896 0.495117 0.679688 0.493164 0.674479
0 0.516602 0.664062 0.513672 0.669271 0.513672 0.677083 0.512695 0.678385 0.512695 0.701823 0.513672 0.703125 0.513672 0.708333 0.514648 0.709635 0.514648 0.710938 0.515625 0.710938 0.522461 0.716146 0.525391 0.716146 0.526367 0.717448 0.528320 0.717448 0.529297 0.718750 0.535156 0.718750 0.536133 0.717448 0.537109 0.717448 0.537109 0.716146 0.538086 0.714844 0.538086 0.712240 0.545898 0.700521 0.545898 0.697917 0.546875 0.696615 0.546875 0.695312 0.547852 0.694010 0.547852 0.691406 0.548828 0.690104 0.548828 0.679688 0.547852 0.678385 0.547852 0.677083 0.544922 0.673177 0.543945 0.669271 0.541016 0.665365 0.532227 0.665365 0.531250 0.664062 0.522461 0.664062 0.521484 0.662760 0.520508 0.662760 0.519531 0.664062
0 0.447266 0.571615 0.443359 0.575521 0.442383 0.575521 0.439453 0.579427 0.438477 0.579427 0.435547 0.584635 0.435547 0.587240 0.434570 0.588542 0.434570 0.593750 0.433594 0.595052 0.433594 0.602865 0.434570 0.604167 0.435547 0.610677 0.438477 0.614583 0.443359 0.617188 0.447266 0.621094 0.452148 0.621094 0.453125 0.622396 0.460938 0.622396 0.461914 0.623698 0.462891 0.623698 0.463867 0.622396 0.465820 0.622396 0.468750 0.618490 0.468750 0.617188 0.469727 0.615885 0.469727 0.611979 0.470703 0.610677 0.470703 0.597656 0.471680 0.596354 0.471680 0.592448 0.472656 0.591146 0.471680 0.584635 0.470703 0.583333 0.465820 0.584635 0.462891 0.579427 0.462891 0.575521 0.459961 0.572917 0.458008 0.572917 0.457031 0.571615 0.452148 0.571615 0.451172 0.570312 0.450195 0.571615
0 0.488281 0.579427 0.487305 0.580729 0.486328 0.580729 0.486328 0.582031 0.485352 0.583333 0.481445 0.583333 0.477539 0.588542 0.477539 0.589844 0.473633 0.596354 0.473633 0.601562 0.472656 0.602865 0.472656 0.619792 0.476562 0.625000 0.479492 0.626302 0.484375 0.632812 0.485352 0.632812 0.487305 0.635417 0.488281 0.635417 0.491211 0.639323 0.496094 0.639323 0.497070 0.638021 0.498047 0.638021 0.500977 0.634115 0.501953 0.634115 0.505859 0.628906 0.505859 0.627604 0.506836 0.626302 0.506836 0.623698 0.507812 0.622396 0.507812 0.619792 0.508789 0.618490 0.508789 0.615885 0.509766 0.614583 0.509766 0.600260 0.508789 0.598958 0.507812 0.595052 0.503906 0.589844 0.503906 0.588542 0.501953 0.585938 0.501953 0.584635 0.500977 0.584635 0.500000 0.583333 0.495117 0.583333 0.494141 0.584635 0.491211 0.579427
0 0.373047 0.432292 0.371094 0.432292 0.370117 0.430990 0.366211 0.430990 0.365234 0.429688 0.361328 0.429688 0.360352 0.430990 0.354492 0.430990 0.353516 0.432292 0.350586 0.432292 0.349609 0.433594 0.344727 0.434896 0.342773 0.437500 0.339844 0.438802 0.334961 0.445312 0.333008 0.450521 0.333008 0.458333 0.333984 0.459635 0.333984 0.463542 0.334961 0.466146 0.337891 0.470052 0.337891 0.471354 0.340820 0.475260 0.340820 0.476562 0.342773 0.479167 0.342773 0.480469 0.345703 0.485677 0.347656 0.486979 0.354492 0.486979 0.357422 0.484375 0.364258 0.484375 0.365234 0.483073 0.368164 0.483073 0.369141 0.481771 0.374023 0.480469 0.374023 0.473958 0.375000 0.472656 0.375000 0.467448 0.376953 0.462240 0.376953 0.453125 0.377930 0.451823 0.377930 0.449219 0.375000 0.442708 0.375000 0.434896
0 0.389648 0.398438 0.386719 0.402344 0.384766 0.410156 0.379883 0.419271 0.379883 0.429688 0.381836 0.432292 0.381836 0.434896 0.383789 0.438802 0.383789 0.441406 0.387695 0.447917 0.387695 0.449219 0.390625 0.451823 0.396484 0.451823 0.397461 0.453125 0.402344 0.453125 0.403320 0.454427 0.414062 0.454427 0.415039 0.453125 0.416992 0.453125 0.420898 0.450521 0.424805 0.444010 0.423828 0.432292 0.424805 0.430990 0.424805 0.415365 0.425781 0.414062 0.425781 0.410156 0.424805 0.408854 0.424805 0.406250 0.422852 0.401042 0.420898 0.398438 0.420898 0.397135 0.417969 0.394531 0.400391 0.394531 0.399414 0.395833 0.396484 0.395833 0.395508 0.397135 0.391602 0.397135
0 0.472656 0.485677 0.467773 0.485677 0.465820 0.484375 0.464844 0.485677 0.458008 0.486979 0.456055 0.489583 0.455078 0.489583 0.454102 0.492188 0.451172 0.496094 0.450195 0.496094 0.450195 0.497396 0.445312 0.503906 0.445312 0.505208 0.440430 0.513021 0.439453 0.519531 0.440430 0.520833 0.440430 0.523438 0.441406 0.526042 0.447266 0.533854 0.448242 0.533854 0.450195 0.536458 0.454102 0.539062 0.456055 0.539062 0.457031 0.540365 0.459961 0.540365 0.460938 0.541667 0.470703 0.541667 0.476562 0.537760 0.489258 0.520833 0.490234 0.518229 0.490234 0.514323 0.491211 0.513021 0.491211 0.507812 0.487305 0.503906 0.486328 0.500000 0.477539 0.488281 0.475586 0.488281
0 0.435547 0.393229 0.432617 0.397135 0.432617 0.401042 0.431641 0.402344 0.431641 0.406250 0.430664 0.407552 0.430664 0.412760 0.429688 0.414062 0.429688 0.424479 0.426758 0.430990 0.426758 0.437500 0.427734 0.440104 0.430664 0.444010 0.438477 0.449219 0.440430 0.449219 0.443359 0.451823 0.453125 0.451823 0.454102 0.450521 0.458984 0.450521 0.464844 0.446615 0.467773 0.441406 0.468750 0.436198 0.471680 0.428385 0.474609 0.423177 0.471680 0.417969 0.471680 0.408854 0.469727 0.404948 0.468750 0.399740 0.465820 0.395833 0.463867 0.395833 0.460938 0.393229 0.452148 0.393229 0.451172 0.394531 0.448242 0.394531 0.447266 0.393229
0 0.436523 0.332031 0.435547 0.333333 0.431641 0.334635 0.428711 0.338542 0.425781 0.339844 0.422852 0.343750 0.420898 0.343750 0.417969 0.346354 0.416016 0.351562 0.416016 0.354167 0.416992 0.355469 0.416016 0.356771 0.416016 0.363281 0.415039 0.364583 0.415039 0.377604 0.416016 0.380208 0.419922 0.382812 0.424805 0.384115 0.425781 0.385417 0.429688 0.385417 0.430664 0.386719 0.432617 0.386719 0.436523 0.389323 0.441406 0.389323 0.442383 0.390625 0.446289 0.390625 0.447266 0.389323 0.449219 0.389323 0.453125 0.386719 0.457031 0.381510 0.457031 0.380208 0.458984 0.377604 0.459961 0.377604 0.459961 0.371094 0.458008 0.367188 0.459961 0.361979 0.459961 0.359375 0.460938 0.358073 0.460938 0.354167 0.459961 0.352865 0.459961 0.345052 0.458008 0.339844 0.454102 0.339844 0.452148 0.337240 0.450195 0.337240 0.448242 0.334635 0.444336 0.332031
0 0.435547 0.270833 0.431641 0.277344 0.431641 0.279948 0.430664 0.281250 0.430664 0.302083 0.434570 0.309896 0.434570 0.312500 0.435547 0.313802 0.435547 0.316406 0.436523 0.319010 0.440430 0.322917 0.443359 0.324219 0.445312 0.326823 0.447266 0.328125 0.450195 0.328125 0.455078 0.332031 0.462891 0.332031 0.466797 0.328125 0.467773 0.328125 0.467773 0.326823 0.471680 0.321615 0.472656 0.319010 0.472656 0.316406 0.474609 0.312500 0.474609 0.308594 0.475586 0.307292 0.475586 0.299479 0.472656 0.294271 0.472656 0.292969 0.467773 0.287760 0.467773 0.283854 0.465820 0.279948 0.461914 0.279948 0.460938 0.277344 0.458984 0.276042 0.453125 0.268229 0.443359 0.268229 0.442383 0.269531
0 0.480469 0.217448 0.479492 0.218750 0.475586 0.220052 0.470703 0.225260 0.468750 0.225260 0.465820 0.229167 0.465820 0.231771 0.461914 0.238281 0.461914 0.240885 0.459961 0.246094 0.459961 0.256510 0.460938 0.257812 0.460938 0.261719 0.465820 0.270833 0.466797 0.274740 0.469727 0.278646 0.475586 0.282552 0.477539 0.287760 0.479492 0.289062 0.489258 0.289062 0.496094 0.283854 0.498047 0.283854 0.500000 0.281250 0.500000 0.278646 0.500977 0.277344 0.500977 0.272135 0.501953 0.270833 0.501953 0.260417 0.500977 0.259115 0.500977 0.256510 0.500000 0.255208 0.500000 0.252604 0.499023 0.251302 0.499023 0.248698 0.498047 0.247396 0.498047 0.244792 0.496094 0.239583 0.496094 0.235677 0.498047 0.233073 0.498047 0.230469 0.488281 0.220052
0 0.507812 0.264323 0.504883 0.266927 0.503906 0.269531 0.503906 0.274740 0.500977 0.282552 0.500977 0.303385 0.501953 0.304688 0.502930 0.309896 0.507812 0.316406 0.513672 0.320312 0.516602 0.320312 0.519531 0.322917 0.521484 0.322917 0.524414 0.325521 0.528320 0.325521 0.531250 0.322917 0.533203 0.322917 0.541016 0.317708 0.544922 0.312500 0.546875 0.307292 0.546875 0.304688 0.547852 0.303385 0.547852 0.287760 0.546875 0.286458 0.546875 0.278646 0.542969 0.269531 0.540039 0.265625 0.538086 0.265625 0.537109 0.266927 0.532227 0.266927 0.526367 0.263021 0.521484 0.263021 0.520508 0.264323
0 0.484375 0.319010 0.482422 0.320312 0.472656 0.333333 0.472656 0.335938 0.471680 0.337240 0.471680 0.346354 0.472656 0.347656 0.472656 0.350260 0.475586 0.359375 0.478516 0.363281 0.478516 0.364583 0.482422 0.371094 0.483398 0.375000 0.488281 0.381510 0.490234 0.382812 0.497070 0.382812 0.501953 0.378906 0.504883 0.375000 0.506836 0.375000 0.507812 0.373698 0.511719 0.372396 0.517578 0.365885 0.517578 0.364583 0.520508 0.360677 0.520508 0.356771 0.521484 0.355469 0.520508 0.346354 0.518555 0.347656 0.518555 0.351562 0.517578 0.352865 0.516602 0.351562 0.516602 0.345052 0.515625 0.343750 0.516602 0.330729 0.506836 0.320312 0.504883 0.319010 0.491211 0.319010 0.490234 0.317708 0.488281 0.319010
0 0.512695 0.381510 0.506836 0.381510 0.504883 0.380208 0.503906 0.381510 0.500977 0.381510 0.498047 0.384115 0.495117 0.384115 0.494141 0.385417 0.488281 0.385417 0.486328 0.386719 0.483398 0.390625 0.481445 0.395833 0.481445 0.398438 0.479492 0.402344 0.479492 0.412760 0.480469 0.414062 0.480469 0.419271 0.481445 0.420573 0.481445 0.423177 0.484375 0.430990 0.490234 0.438802 0.492188 0.438802 0.493164 0.440104 0.495117 0.440104 0.499023 0.442708 0.506836 0.442708 0.510742 0.440104 0.513672 0.436198 0.513672 0.434896 0.519531 0.424479 0.519531 0.419271 0.516602 0.411458 0.516602 0.402344 0.518555 0.397135 0.518555 0.390625
0 0.501953 0.447917 0.500000 0.447917 0.497070 0.451823 0.496094 0.450521 0.492188 0.450521 0.491211 0.451823 0.481445 0.451823 0.474609 0.460938 0.473633 0.460938 0.473633 0.462240 0.471680 0.464844 0.471680 0.473958 0.472656 0.475260 0.473633 0.479167 0.491211 0.505208 0.495117 0.505208 0.496094 0.503906 0.500977 0.501302 0.502930 0.498698 0.505859 0.497396 0.508789 0.493490 0.509766 0.493490 0.513672 0.486979 0.513672 0.477865 0.514648 0.476562 0.514648 0.475260 0.513672 0.473958 0.513672 0.470052 0.508789 0.463542 0.508789 0.460938 0.506836 0.457031 0.506836 0.454427
0 0.487305 0.535156 0.487305 0.536458 0.486328 0.537760 0.486328 0.545573 0.487305 0.546875 0.487305 0.554688 0.488281 0.555990 0.489258 0.559896 0.498047 0.571615 0.499023 0.571615 0.500000 0.572917 0.503906 0.572917 0.504883 0.574219 0.506836 0.574219 0.507812 0.572917 0.516602 0.572917 0.517578 0.571615 0.519531 0.571615 0.520508 0.570312 0.523438 0.569010 0.527344 0.563802 0.528320 0.559896 0.531250 0.554688 0.531250 0.545573 0.532227 0.544271 0.531250 0.542969 0.531250 0.539062 0.529297 0.536458 0.528320 0.536458 0.527344 0.537760 0.520508 0.537760 0.519531 0.536458 0.518555 0.536458 0.516602 0.533854 0.516602 0.529948 0.513672 0.524740 0.513672 0.523438 0.511719 0.523438 0.510742 0.522135 0.500977 0.522135 0.500000 0.523438 0.498047 0.523438 0.490234 0.533854
0 0.537109 0.575521 0.534180 0.575521 0.533203 0.574219 0.532227 0.575521 0.530273 0.575521 0.527344 0.579427 0.525391 0.579427 0.523438 0.583333 0.520508 0.584635 0.520508 0.585938 0.518555 0.588542 0.517578 0.588542 0.516602 0.591146 0.516602 0.593750 0.515625 0.595052 0.515625 0.604167 0.514648 0.605469 0.514648 0.615885 0.515625 0.617188 0.515625 0.619792 0.517578 0.625000 0.517578 0.634115 0.520508 0.639323 0.532227 0.639323 0.534180 0.638021 0.536133 0.635417 0.540039 0.632812 0.553711 0.614583 0.553711 0.606771 0.552734 0.605469 0.552734 0.592448 0.551758 0.589844 0.547852 0.583333 0.541016 0.580729 0.540039 0.578125
0 0.556641 0.614583 0.542969 0.632812 0.542969 0.634115 0.541992 0.635417 0.541992 0.638021 0.540039 0.641927 0.540039 0.648438 0.541016 0.649740 0.541016 0.652344 0.542969 0.656250 0.542969 0.658854 0.543945 0.660156 0.543945 0.662760 0.544922 0.664062 0.544922 0.667969 0.548828 0.674479 0.549805 0.674479 0.552734 0.677083 0.564453 0.677083 0.565430 0.675781 0.568359 0.675781 0.569336 0.674479 0.572266 0.673177 0.576172 0.667969 0.577148 0.667969 0.580078 0.662760 0.581055 0.656250 0.580078 0.654948 0.580078 0.649740 0.579102 0.648438 0.579102 0.643229 0.578125 0.641927 0.578125 0.639323 0.575195 0.635417 0.574219 0.635417 0.571289 0.632812 0.568359 0.623698 0.565430 0.621094 0.565430 0.619792 0.563477 0.615885 0.562500 0.615885 0.561523 0.614583
0 0.560547 0.692708 0.558594 0.695312 0.553711 0.697917 0.546875 0.708333 0.546875 0.710938 0.544922 0.713542 0.544922 0.714844 0.542969 0.717448 0.542969 0.718750 0.541992 0.720052 0.541992 0.731771 0.543945 0.735677 0.544922 0.735677 0.546875 0.738281 0.547852 0.738281 0.554688 0.743490 0.556641 0.743490 0.557617 0.744792 0.561523 0.744792 0.562500 0.746094 0.568359 0.746094 0.569336 0.744792 0.571289 0.744792 0.573242 0.742188 0.574219 0.742188 0.578125 0.736979 0.578125 0.735677 0.580078 0.731771 0.580078 0.723958 0.579102 0.722656 0.579102 0.721354 0.574219 0.720052 0.569336 0.714844 0.569336 0.710938 0.568359 0.709635 0.568359 0.700521 0.567383 0.699219 0.567383 0.696615 0.564453 0.692708
0 0.571289 0.678385 0.571289 0.679688 0.569336 0.683594 0.569336 0.703125 0.570312 0.704427 0.570312 0.709635 0.571289 0.710938 0.571289 0.714844 0.573242 0.717448 0.575195 0.717448 0.576172 0.718750 0.578125 0.718750 0.579102 0.720052 0.589844 0.720052 0.590820 0.721354 0.592773 0.721354 0.593750 0.720052 0.603516 0.720052 0.607422 0.716146 0.607422 0.714844 0.609375 0.710938 0.609375 0.708333 0.610352 0.707031 0.610352 0.699219 0.612305 0.695312 0.612305 0.687500 0.611328 0.686198 0.611328 0.683594 0.610352 0.682292 0.609375 0.682292 0.608398 0.680990 0.604492 0.680990 0.603516 0.682292 0.590820 0.673177 0.586914 0.673177 0.583008 0.677083 0.578125 0.677083 0.577148 0.675781 0.575195 0.675781 0.574219 0.677083
0 0.620117 0.709635 0.618164 0.709635 0.617188 0.708333 0.614258 0.708333 0.610352 0.713542 0.610352 0.714844 0.603516 0.722656 0.601562 0.722656 0.598633 0.725260 0.595703 0.725260 0.594727 0.726562 0.590820 0.726562 0.588867 0.730469 0.588867 0.733073 0.589844 0.734375 0.589844 0.740885 0.590820 0.742188 0.590820 0.751302 0.592773 0.755208 0.592773 0.757812 0.594727 0.760417 0.594727 0.761719 0.600586 0.769531 0.602539 0.770833 0.621094 0.770833 0.625000 0.768229 0.627930 0.764323 0.628906 0.761719 0.628906 0.736979 0.627930 0.735677 0.627930 0.729167 0.626953 0.727865 0.626953 0.717448 0.625977 0.716146 0.625977 0.713542
0 0.551758 0.484375 0.549805 0.484375 0.548828 0.483073 0.546875 0.483073 0.545898 0.484375 0.541992 0.484375 0.541016 0.483073 0.537109 0.483073 0.536133 0.481771 0.529297 0.481771 0.528320 0.483073 0.524414 0.483073 0.517578 0.492188 0.516602 0.492188 0.514648 0.494792 0.514648 0.496094 0.512695 0.498698 0.512695 0.505208 0.511719 0.507812 0.512695 0.509115 0.512695 0.514323 0.513672 0.515625 0.514648 0.522135 0.517578 0.528646 0.517578 0.532552 0.519531 0.535156 0.522461 0.535156 0.524414 0.536458 0.525391 0.535156 0.530273 0.535156 0.531250 0.533854 0.541016 0.533854 0.544922 0.529948 0.545898 0.529948 0.552734 0.520833 0.553711 0.518229 0.553711 0.511719 0.554688 0.510417 0.554688 0.506510 0.555664 0.505208 0.555664 0.497396 0.554688 0.496094 0.553711 0.486979
0 0.552734 0.434896 0.548828 0.429688 0.545898 0.429688 0.544922 0.430990 0.528320 0.430990 0.527344 0.432292 0.518555 0.437500 0.514648 0.442708 0.514648 0.445312 0.512695 0.447917 0.512695 0.453125 0.511719 0.454427 0.511719 0.458333 0.512695 0.459635 0.512695 0.463542 0.513672 0.464844 0.513672 0.466146 0.517578 0.471354 0.518555 0.471354 0.525391 0.476562 0.529297 0.476562 0.530273 0.477865 0.534180 0.477865 0.535156 0.479167 0.538086 0.479167 0.539062 0.480469 0.547852 0.480469 0.548828 0.479167 0.548828 0.476562 0.549805 0.475260 0.549805 0.470052 0.550781 0.468750 0.551758 0.464844 0.554688 0.460938 0.554688 0.459635 0.555664 0.458333 0.555664 0.449219 0.554688 0.447917 0.554688 0.444010 0.553711 0.442708 0.553711 0.438802 0.552734 0.437500
0 0.549805 0.364583 0.547852 0.364583 0.546875 0.363281 0.538086 0.363281 0.537109 0.364583 0.530273 0.365885 0.528320 0.367188 0.528320 0.368490 0.526367 0.371094 0.526367 0.373698 0.524414 0.377604 0.524414 0.380208 0.523438 0.381510 0.523438 0.384115 0.521484 0.389323 0.521484 0.393229 0.520508 0.394531 0.520508 0.397135 0.518555 0.402344 0.518555 0.414062 0.520508 0.416667 0.522461 0.421875 0.527344 0.424479 0.529297 0.427083 0.546875 0.427083 0.550781 0.424479 0.558594 0.415365 0.564453 0.399740 0.564453 0.397135 0.562500 0.391927 0.562500 0.386719 0.561523 0.385417 0.561523 0.382812 0.559570 0.377604 0.557617 0.375000 0.557617 0.373698 0.551758 0.365885
0 0.555664 0.309896 0.548828 0.319010 0.547852 0.319010 0.544922 0.322917 0.543945 0.322917 0.542969 0.325521 0.540039 0.329427 0.540039 0.332031 0.539062 0.333333 0.539062 0.345052 0.540039 0.346354 0.540039 0.351562 0.543945 0.360677 0.545898 0.361979 0.548828 0.361979 0.551758 0.364583 0.564453 0.364583 0.565430 0.363281 0.570312 0.363281 0.576172 0.359375 0.582031 0.351562 0.582031 0.350260 0.584961 0.345052 0.584961 0.342448 0.585938 0.341146 0.584961 0.329427 0.586914 0.325521 0.585938 0.322917 0.585938 0.320312 0.582031 0.317708 0.580078 0.315104 0.575195 0.315104 0.569336 0.311198 0.566406 0.311198 0.565430 0.309896
0 0.594727 0.236979 0.589844 0.230469 0.587891 0.229167 0.577148 0.229167 0.576172 0.230469 0.567383 0.230469 0.566406 0.231771 0.561523 0.231771 0.560547 0.233073 0.557617 0.233073 0.556641 0.234375 0.552734 0.234375 0.550781 0.236979 0.550781 0.240885 0.549805 0.242188 0.549805 0.251302 0.548828 0.252604 0.548828 0.260417 0.547852 0.261719 0.547852 0.268229 0.550781 0.274740 0.550781 0.277344 0.551758 0.278646 0.553711 0.278646 0.559570 0.282552 0.561523 0.282552 0.562500 0.281250 0.576172 0.281250 0.578125 0.279948 0.582031 0.274740 0.582031 0.273438 0.584961 0.269531 0.584961 0.268229 0.588867 0.264323 0.591797 0.255208 0.596680 0.248698
0 0.625977 0.304688 0.622070 0.302083 0.620117 0.302083 0.619141 0.300781 0.611328 0.300781 0.610352 0.302083 0.603516 0.302083 0.602539 0.303385 0.600586 0.303385 0.598633 0.304688 0.591797 0.312500 0.591797 0.315104 0.588867 0.322917 0.588867 0.332031 0.589844 0.333333 0.589844 0.337240 0.590820 0.338542 0.590820 0.341146 0.593750 0.348958 0.596680 0.352865 0.596680 0.354167 0.601562 0.359375 0.618164 0.358073 0.625000 0.352865 0.626953 0.352865 0.630859 0.350260 0.637695 0.343750 0.638672 0.339844 0.636719 0.334635 0.636719 0.330729 0.635742 0.329427 0.635742 0.322917 0.634766 0.321615 0.634766 0.317708 0.633789 0.316406 0.633789 0.313802
0 0.653320 0.289062 0.637695 0.305990 0.637695 0.307292 0.635742 0.309896 0.635742 0.317708 0.636719 0.319010 0.636719 0.325521 0.637695 0.326823 0.637695 0.332031 0.638672 0.333333 0.638672 0.335938 0.639648 0.337240 0.640625 0.342448 0.642578 0.343750 0.645508 0.348958 0.649414 0.351562 0.657227 0.352865 0.658203 0.354167 0.659180 0.352865 0.663086 0.352865 0.665039 0.351562 0.667969 0.347656 0.668945 0.347656 0.670898 0.345052 0.677734 0.339844 0.677734 0.338542 0.679688 0.335938 0.680664 0.335938 0.682617 0.330729 0.682617 0.319010 0.684570 0.313802 0.683594 0.312500 0.683594 0.309896 0.680664 0.302083 0.679688 0.302083 0.672852 0.294271 0.668945 0.292969 0.667969 0.291667 0.665039 0.291667 0.664062 0.290365
0 0.584961 0.355469 0.577148 0.360677 0.571289 0.368490 0.567383 0.378906 0.567383 0.381510 0.566406 0.382812 0.567383 0.384115 0.567383 0.390625 0.569336 0.395833 0.569336 0.399740 0.572266 0.407552 0.575195 0.411458 0.581055 0.415365 0.583008 0.415365 0.583984 0.416667 0.593750 0.416667 0.599609 0.412760 0.599609 0.411458 0.606445 0.402344 0.607422 0.398438 0.610352 0.393229 0.610352 0.388021 0.605469 0.375000 0.605469 0.372396 0.603516 0.369792 0.602539 0.365885 0.595703 0.356771 0.593750 0.355469
0 0.593750 0.428385 0.591797 0.427083 0.589844 0.427083 0.588867 0.425781 0.582031 0.425781 0.581055 0.427083 0.575195 0.427083 0.574219 0.428385 0.571289 0.428385 0.567383 0.430990 0.565430 0.433594 0.563477 0.438802 0.563477 0.441406 0.560547 0.447917 0.560547 0.453125 0.559570 0.454427 0.560547 0.457031 0.560547 0.463542 0.559570 0.464844 0.559570 0.468750 0.558594 0.470052 0.558594 0.475260 0.561523 0.479167 0.563477 0.480469 0.566406 0.480469 0.567383 0.481771 0.570312 0.481771 0.571289 0.483073 0.579102 0.483073 0.580078 0.481771 0.583008 0.481771 0.583984 0.480469 0.585938 0.480469 0.591797 0.476562 0.593750 0.473958 0.596680 0.464844 0.599609 0.459635 0.599609 0.455729 0.600586 0.454427 0.600586 0.441406 0.599609 0.440104 0.599609 0.436198
0 0.663086 0.356771 0.652344 0.356771 0.651367 0.355469 0.649414 0.355469 0.648438 0.356771 0.638672 0.356771 0.630859 0.365885 0.629883 0.380208 0.632812 0.385417 0.638672 0.401042 0.648438 0.412760 0.648438 0.415365 0.650391 0.419271 0.651367 0.417969 0.654297 0.417969 0.657227 0.414062 0.659180 0.414062 0.666992 0.404948 0.667969 0.404948 0.670898 0.401042 0.671875 0.398438 0.671875 0.395833 0.673828 0.393229 0.673828 0.390625 0.675781 0.386719 0.675781 0.382812 0.672852 0.376302 0.672852 0.373698 0.671875 0.372396 0.670898 0.365885 0.665039 0.358073
0 0.612305 0.407552 0.606445 0.416667 0.606445 0.419271 0.603516 0.427083 0.603516 0.434896 0.604492 0.436198 0.604492 0.438802 0.606445 0.444010 0.617188 0.458333 0.621094 0.460938 0.626953 0.460938 0.627930 0.462240 0.638672 0.462240 0.642578 0.457031 0.642578 0.454427 0.643555 0.453125 0.643555 0.450521 0.644531 0.449219 0.644531 0.446615 0.646484 0.442708 0.646484 0.438802 0.647461 0.437500 0.647461 0.432292 0.648438 0.430990 0.648438 0.425781 0.649414 0.424479 0.649414 0.421875 0.648438 0.420573 0.648438 0.417969 0.646484 0.412760 0.642578 0.407552 0.639648 0.407552 0.638672 0.406250 0.628906 0.406250 0.627930 0.404948 0.625000 0.404948 0.624023 0.406250 0.615234 0.406250 0.614258 0.407552
0 0.586914 0.483073 0.583008 0.483073 0.582031 0.484375 0.577148 0.485677 0.576172 0.486979 0.575195 0.486979 0.570312 0.493490 0.569336 0.493490 0.567383 0.496094 0.564453 0.496094 0.559570 0.502604 0.559570 0.503906 0.556641 0.509115 0.556641 0.515625 0.557617 0.516927 0.557617 0.518229 0.567383 0.531250 0.569336 0.531250 0.576172 0.536458 0.582031 0.536458 0.583008 0.535156 0.584961 0.535156 0.585938 0.533854 0.594727 0.528646 0.599609 0.522135 0.599609 0.519531 0.600586 0.518229 0.600586 0.507812 0.599609 0.506510 0.594727 0.492188 0.588867 0.484375 0.587891 0.484375
0 0.544922 0.533854 0.541016 0.540365 0.541016 0.542969 0.540039 0.544271 0.540039 0.565104 0.541016 0.566406 0.541016 0.570312 0.543945 0.574219 0.544922 0.574219 0.551758 0.583333 0.552734 0.583333 0.554688 0.585938 0.556641 0.585938 0.557617 0.587240 0.560547 0.587240 0.561523 0.588542 0.570312 0.588542 0.571289 0.587240 0.576172 0.585938 0.577148 0.584635 0.577148 0.582031 0.578125 0.580729 0.578125 0.579427 0.577148 0.578125 0.577148 0.572917 0.576172 0.571615 0.576172 0.567708 0.575195 0.566406 0.575195 0.558594 0.574219 0.557292 0.574219 0.550781 0.573242 0.549479 0.572266 0.542969 0.570312 0.540365 0.570312 0.539062 0.568359 0.536458 0.567383 0.536458 0.566406 0.535156 0.564453 0.535156 0.561523 0.532552 0.552734 0.532552 0.551758 0.533854
0 0.582031 0.540365 0.579102 0.544271 0.577148 0.549479 0.577148 0.562500 0.578125 0.563802 0.578125 0.569010 0.580078 0.572917 0.580078 0.575521 0.582031 0.580729 0.585938 0.583333 0.587891 0.585938 0.595703 0.591146 0.597656 0.591146 0.598633 0.592448 0.607422 0.592448 0.611328 0.589844 0.614258 0.585938 0.615234 0.585938 0.615234 0.584635 0.619141 0.579427 0.619141 0.575521 0.620117 0.574219 0.620117 0.562500 0.616211 0.552083 0.616211 0.549479 0.615234 0.548177 0.615234 0.542969 0.614258 0.540365 0.610352 0.536458 0.608398 0.536458 0.607422 0.535156 0.604492 0.535156 0.603516 0.533854 0.594727 0.533854 0.593750 0.535156 0.591797 0.535156 0.590820 0.536458 0.588867 0.536458 0.587891 0.537760 0.585938 0.537760
0 0.574219 0.589844 0.572266 0.592448 0.571289 0.592448 0.571289 0.593750 0.570312 0.595052 0.570312 0.598958 0.569336 0.600260 0.569336 0.617188 0.570312 0.618490 0.570312 0.622396 0.571289 0.623698 0.571289 0.625000 0.579102 0.636719 0.580078 0.636719 0.584961 0.640625 0.594727 0.640625 0.595703 0.639323 0.600586 0.636719 0.602539 0.634115 0.603516 0.634115 0.609375 0.626302 0.609375 0.625000 0.610352 0.623698 0.610352 0.615885 0.611328 0.614583 0.611328 0.611979 0.610352 0.610677 0.610352 0.608073 0.608398 0.604167 0.608398 0.601562 0.605469 0.596354 0.603516 0.596354 0.602539 0.595052 0.599609 0.595052 0.598633 0.593750 0.594727 0.593750 0.590820 0.589844 0.588867 0.589844 0.585938 0.587240 0.579102 0.587240 0.578125 0.588542 0.576172 0.588542 0.575195 0.589844
0 0.646484 0.645833 0.644531 0.645833 0.643555 0.647135 0.638672 0.647135 0.637695 0.645833 0.630859 0.645833 0.629883 0.647135 0.627930 0.647135 0.626953 0.648438 0.625977 0.652344 0.622070 0.657552 0.620117 0.657552 0.618164 0.660156 0.618164 0.661458 0.614258 0.666667 0.614258 0.677083 0.615234 0.678385 0.616211 0.684896 0.620117 0.690104 0.621094 0.690104 0.624023 0.695312 0.625000 0.695312 0.625977 0.696615 0.627930 0.696615 0.628906 0.697917 0.631836 0.697917 0.632812 0.699219 0.635742 0.699219 0.636719 0.697917 0.637695 0.697917 0.642578 0.691406 0.643555 0.687500 0.647461 0.682292 0.647461 0.680990 0.648438 0.679688 0.648438 0.677083 0.649414 0.675781 0.649414 0.674479 0.651367 0.670573 0.651367 0.667969 0.652344 0.666667 0.652344 0.661458 0.653320 0.660156 0.653320 0.657552 0.652344 0.656250 0.652344 0.652344 0.651367 0.651042 0.651367 0.649740 0.648438 0.648438
0 0.648438 0.688802 0.647461 0.690104 0.646484 0.690104 0.637695 0.701823 0.636719 0.701823 0.634766 0.704427 0.634766 0.708333 0.633789 0.709635 0.633789 0.710938 0.634766 0.712240 0.634766 0.721354 0.635742 0.722656 0.636719 0.726562 0.641602 0.733073 0.642578 0.733073 0.643555 0.734375 0.643555 0.735677 0.646484 0.739583 0.647461 0.739583 0.650391 0.744792 0.651367 0.744792 0.654297 0.747396 0.664062 0.747396 0.667969 0.743490 0.668945 0.743490 0.672852 0.738281 0.672852 0.736979 0.676758 0.730469 0.676758 0.727865 0.677734 0.726562 0.677734 0.721354 0.678711 0.720052 0.678711 0.714844 0.672852 0.705729 0.671875 0.705729 0.670898 0.704427 0.668945 0.704427 0.664062 0.700521 0.662109 0.700521 0.661133 0.699219 0.660156 0.699219 0.653320 0.690104 0.652344 0.690104 0.651367 0.688802
0 0.613281 0.463542 0.611328 0.464844 0.608398 0.468750 0.607422 0.468750 0.605469 0.471354 0.604492 0.475260 0.601562 0.479167 0.601562 0.481771 0.600586 0.483073 0.600586 0.490885 0.599609 0.492188 0.599609 0.498698 0.600586 0.500000 0.600586 0.502604 0.603516 0.510417 0.605469 0.513021 0.605469 0.514323 0.607422 0.515625 0.609375 0.515625 0.613281 0.518229 0.616211 0.518229 0.617188 0.519531 0.629883 0.519531 0.631836 0.518229 0.642578 0.503906 0.642578 0.501302 0.644531 0.497396 0.644531 0.494792 0.645508 0.493490 0.645508 0.489583 0.646484 0.488281 0.646484 0.483073 0.645508 0.481771 0.645508 0.477865 0.642578 0.470052 0.640625 0.467448 0.636719 0.464844 0.631836 0.464844 0.630859 0.463542 0.625000 0.463542 0.624023 0.462240 0.618164 0.462240 0.617188 0.463542
0 0.654297 0.518229 0.652344 0.518229 0.651367 0.516927 0.647461 0.516927 0.646484 0.515625 0.644531 0.516927 0.641602 0.516927 0.636719 0.520833 0.634766 0.520833 0.628906 0.524740 0.624023 0.526042 0.622070 0.527344 0.619141 0.531250 0.617188 0.536458 0.617188 0.549479 0.618164 0.550781 0.618164 0.554688 0.620117 0.557292 0.622070 0.562500 0.622070 0.565104 0.625000 0.569010 0.625977 0.569010 0.629883 0.572917 0.636719 0.572917 0.637695 0.571615 0.642578 0.571615 0.643555 0.570312 0.646484 0.570312 0.647461 0.569010 0.649414 0.569010 0.651367 0.567708 0.660156 0.554688 0.662109 0.549479 0.662109 0.532552 0.659180 0.528646 0.658203 0.524740
0 0.636719 0.574219 0.633789 0.578125 0.632812 0.582031 0.625977 0.591146 0.625977 0.592448 0.625000 0.593750 0.625000 0.601562 0.625977 0.602865 0.628906 0.611979 0.634766 0.618490 0.635742 0.618490 0.636719 0.619792 0.639648 0.619792 0.640625 0.621094 0.646484 0.621094 0.647461 0.622396 0.653320 0.622396 0.654297 0.621094 0.658203 0.621094 0.659180 0.619792 0.661133 0.619792 0.662109 0.618490 0.663086 0.618490 0.666016 0.614583 0.666016 0.613281 0.669922 0.604167 0.669922 0.595052 0.663086 0.585938 0.663086 0.584635 0.657227 0.576823 0.657227 0.575521 0.653320 0.571615 0.645508 0.571615 0.644531 0.572917 0.641602 0.572917 0.640625 0.574219
0 0.665039 0.647135 0.660156 0.654948 0.660156 0.656250 0.658203 0.660156 0.658203 0.662760 0.654297 0.669271 0.655273 0.670573 0.655273 0.683594 0.656250 0.684896 0.656250 0.687500 0.657227 0.688802 0.657227 0.695312 0.658203 0.695312 0.663086 0.699219 0.665039 0.699219 0.666016 0.700521 0.676758 0.700521 0.677734 0.699219 0.681641 0.699219 0.682617 0.697917 0.685547 0.697917 0.689453 0.692708 0.689453 0.690104 0.692383 0.686198 0.692383 0.684896 0.694336 0.682292 0.694336 0.680990 0.696289 0.677083 0.696289 0.673177 0.697266 0.671875 0.697266 0.664062 0.696289 0.662760 0.696289 0.660156 0.694336 0.656250 0.694336 0.653646 0.693359 0.652344 0.692383 0.652344 0.688477 0.647135 0.686523 0.647135 0.685547 0.645833 0.674805 0.645833 0.673828 0.647135 0.672852 0.645833 0.667969 0.645833 0.666992 0.647135
0 0.705078 0.690104 0.703125 0.690104 0.702148 0.691406 0.699219 0.691406 0.698242 0.692708 0.695312 0.692708 0.694336 0.694010 0.693359 0.694010 0.689453 0.699219 0.688477 0.699219 0.685547 0.703125 0.684570 0.703125 0.681641 0.708333 0.681641 0.722656 0.680664 0.723958 0.680664 0.727865 0.679688 0.729167 0.679688 0.731771 0.680664 0.731771 0.682617 0.734375 0.682617 0.735677 0.687500 0.740885 0.688477 0.740885 0.693359 0.744792 0.696289 0.744792 0.697266 0.746094 0.702148 0.746094 0.703125 0.744792 0.706055 0.744792 0.707031 0.743490 0.708984 0.743490 0.709961 0.742188 0.710938 0.742188 0.713867 0.738281 0.714844 0.738281 0.718750 0.733073 0.718750 0.731771 0.719727 0.730469 0.719727 0.729167 0.718750 0.727865 0.718750 0.723958 0.717773 0.722656 0.717773 0.720052 0.716797 0.718750 0.716797 0.716146 0.715820 0.714844 0.715820 0.713542 0.714844 0.712240 0.714844 0.709635 0.712891 0.705729 0.712891 0.701823 0.710938 0.699219 0.710938 0.697917 0.708984 0.695312 0.708984 0.694010
0 0.742188 0.647135 0.741211 0.647135 0.740234 0.645833 0.737305 0.645833 0.736328 0.644531 0.727539 0.644531 0.725586 0.647135 0.725586 0.648438 0.712891 0.664062 0.712891 0.665365 0.710938 0.667969 0.710938 0.669271 0.708008 0.675781 0.708008 0.678385 0.707031 0.679688 0.707031 0.686198 0.708008 0.687500 0.708008 0.688802 0.710938 0.692708 0.710938 0.695312 0.713867 0.699219 0.721680 0.699219 0.722656 0.697917 0.732422 0.697917 0.733398 0.696615 0.736328 0.696615 0.737305 0.695312 0.738281 0.695312 0.739258 0.694010 0.739258 0.692708 0.745117 0.684896 0.745117 0.683594 0.746094 0.682292 0.746094 0.679688 0.747070 0.678385 0.747070 0.673177 0.748047 0.671875 0.748047 0.658854
0 0.703125 0.589844 0.702148 0.591146 0.696289 0.592448 0.694336 0.595052 0.692383 0.596354 0.689453 0.596354 0.688477 0.597656 0.687500 0.602865 0.685547 0.605469 0.685547 0.608073 0.690430 0.608073 0.692383 0.606771 0.694336 0.609375 0.694336 0.611979 0.692383 0.614583 0.689453 0.615885 0.685547 0.622396 0.685547 0.628906 0.684570 0.631510 0.686523 0.636719 0.696289 0.651042 0.700195 0.652344 0.701172 0.653646 0.703125 0.653646 0.708008 0.657552 0.713867 0.658854 0.718750 0.653646 0.719727 0.653646 0.724609 0.647135 0.724609 0.644531 0.726562 0.639323 0.726562 0.631510 0.727539 0.630208 0.727539 0.625000 0.728516 0.623698 0.728516 0.608073 0.727539 0.606771 0.727539 0.604167 0.724609 0.600260 0.721680 0.598958 0.719727 0.596354 0.715820 0.593750 0.711914 0.593750 0.707031 0.589844
0 0.676758 0.532552 0.675781 0.533854 0.673828 0.533854 0.667969 0.541667 0.666016 0.542969 0.662109 0.553385 0.662109 0.557292 0.661133 0.559896 0.664062 0.565104 0.663086 0.567708 0.663086 0.575521 0.666016 0.583333 0.668945 0.584635 0.675781 0.591146 0.677734 0.591146 0.680664 0.593750 0.683594 0.593750 0.685547 0.595052 0.691406 0.591146 0.697266 0.583333 0.698242 0.579427 0.703125 0.572917 0.703125 0.570312 0.706055 0.565104 0.706055 0.561198 0.707031 0.558594 0.705078 0.553385 0.701172 0.546875 0.701172 0.545573 0.700195 0.545573 0.696289 0.540365 0.696289 0.539062 0.692383 0.536458 0.689453 0.536458 0.686523 0.533854 0.679688 0.533854 0.678711 0.532552
0 0.660156 0.464844 0.658203 0.466146 0.655273 0.470052 0.654297 0.470052 0.651367 0.476562 0.651367 0.479167 0.650391 0.480469 0.650391 0.483073 0.651367 0.484375 0.651367 0.490885 0.650391 0.492188 0.650391 0.496094 0.649414 0.497396 0.649414 0.502604 0.648438 0.503906 0.648438 0.511719 0.650391 0.515625 0.652344 0.515625 0.656250 0.518229 0.661133 0.524740 0.663086 0.523438 0.670898 0.523438 0.671875 0.524740 0.673828 0.524740 0.675781 0.523438 0.683594 0.513021 0.683594 0.511719 0.686523 0.507812 0.688477 0.502604 0.688477 0.485677 0.687500 0.484375 0.687500 0.480469 0.686523 0.479167 0.686523 0.476562 0.685547 0.473958 0.680664 0.467448 0.678711 0.467448 0.675781 0.464844 0.672852 0.464844 0.671875 0.463542 0.664062 0.463542 0.663086 0.464844
0 0.672852 0.402344 0.668945 0.406250 0.666992 0.411458 0.664062 0.412760 0.662109 0.415365 0.660156 0.420573 0.660156 0.424479 0.659180 0.425781 0.659180 0.432292 0.658203 0.433594 0.658203 0.437500 0.659180 0.438802 0.659180 0.444010 0.662109 0.449219 0.662109 0.450521 0.666992 0.457031 0.668945 0.458333 0.673828 0.458333 0.679688 0.462240 0.687500 0.462240 0.688477 0.463542 0.690430 0.462240 0.692383 0.462240 0.694336 0.459635 0.695312 0.459635 0.703125 0.449219 0.705078 0.444010 0.705078 0.440104 0.706055 0.438802 0.706055 0.430990 0.707031 0.429688 0.706055 0.428385 0.706055 0.425781 0.704102 0.421875 0.703125 0.421875 0.698242 0.416667 0.692383 0.412760 0.690430 0.412760 0.685547 0.408854 0.680664 0.407552
0 0.711914 0.286458 0.710938 0.287760 0.708984 0.287760 0.701172 0.298177 0.700195 0.298177 0.700195 0.300781 0.697266 0.304688 0.699219 0.305990 0.700195 0.309896 0.697266 0.315104 0.697266 0.321615 0.696289 0.322917 0.696289 0.333333 0.697266 0.334635 0.697266 0.346354 0.700195 0.350260 0.700195 0.351562 0.704102 0.352865 0.705078 0.354167 0.707031 0.354167 0.708008 0.355469 0.713867 0.356771 0.714844 0.355469 0.718750 0.355469 0.719727 0.354167 0.724609 0.354167 0.725586 0.352865 0.728516 0.352865 0.732422 0.348958 0.732422 0.347656 0.737305 0.339844 0.737305 0.335938 0.738281 0.334635 0.739258 0.326823 0.740234 0.325521 0.740234 0.319010 0.738281 0.315104 0.738281 0.309896 0.736328 0.305990 0.735352 0.300781 0.730469 0.294271 0.729492 0.294271 0.724609 0.289062 0.722656 0.289062 0.721680 0.287760 0.715820 0.287760 0.714844 0.286458
0 0.728516 0.359375 0.728516 0.367188 0.729492 0.368490 0.729492 0.371094 0.726562 0.378906 0.726562 0.386719 0.725586 0.388021 0.725586 0.394531 0.726562 0.395833 0.727539 0.403646 0.731445 0.410156 0.735352 0.412760 0.740234 0.412760 0.741211 0.411458 0.751953 0.410156 0.755859 0.407552 0.757812 0.404948 0.759766 0.404948 0.764648 0.401042 0.770508 0.399740 0.773438 0.397135 0.774414 0.391927 0.772461 0.389323 0.772461 0.386719 0.770508 0.381510 0.770508 0.377604 0.765625 0.365885 0.758789 0.358073 0.754883 0.355469 0.752930 0.355469 0.751953 0.354167 0.749023 0.354167 0.748047 0.352865 0.740234 0.352865 0.739258 0.354167 0.733398 0.354167
0 0.736328 0.415365 0.730469 0.420573 0.724609 0.421875 0.720703 0.427083 0.719727 0.427083 0.715820 0.433594 0.711914 0.436198 0.710938 0.438802 0.710938 0.451823 0.714844 0.463542 0.716797 0.466146 0.720703 0.468750 0.723633 0.472656 0.727539 0.475260 0.740234 0.475260 0.741211 0.476562 0.746094 0.476562 0.750977 0.472656 0.753906 0.468750 0.756836 0.467448 0.761719 0.460938 0.763672 0.455729 0.763672 0.453125 0.764648 0.451823 0.764648 0.434896 0.760742 0.428385 0.760742 0.427083 0.755859 0.420573 0.754883 0.416667 0.750977 0.416667 0.750000 0.415365 0.746094 0.415365 0.745117 0.416667 0.743164 0.415365
0 0.705078 0.467448 0.704102 0.468750 0.699219 0.470052 0.696289 0.473958 0.696289 0.475260 0.691406 0.484375 0.691406 0.486979 0.690430 0.488281 0.690430 0.513021 0.691406 0.514323 0.691406 0.518229 0.692383 0.520833 0.697266 0.528646 0.699219 0.529948 0.701172 0.529948 0.704102 0.532552 0.712891 0.532552 0.713867 0.531250 0.716797 0.531250 0.720703 0.528646 0.733398 0.511719 0.733398 0.492188 0.732422 0.490885 0.732422 0.488281 0.726562 0.477865 0.724609 0.477865 0.718750 0.473958 0.714844 0.468750 0.712891 0.467448
0 0.736328 0.526042 0.731445 0.526042 0.726562 0.529948 0.724609 0.529948 0.722656 0.531250 0.711914 0.542969 0.711914 0.545573 0.710938 0.546875 0.710938 0.550781 0.709961 0.552083 0.709961 0.565104 0.711914 0.567708 0.714844 0.576823 0.717773 0.580729 0.717773 0.582031 0.718750 0.582031 0.725586 0.588542 0.729492 0.588542 0.737305 0.583333 0.740234 0.583333 0.741211 0.582031 0.743164 0.582031 0.745117 0.580729 0.748047 0.576823 0.749023 0.576823 0.755859 0.558594 0.755859 0.548177 0.754883 0.546875 0.754883 0.542969 0.748047 0.539062 0.746094 0.535156 0.745117 0.535156 0.742188 0.531250 0.741211 0.531250
0 0.747070 0.583333 0.746094 0.584635 0.744141 0.584635 0.741211 0.588542 0.738281 0.589844 0.736328 0.592448 0.733398 0.592448 0.730469 0.595052 0.728516 0.600260 0.728516 0.602865 0.729492 0.604167 0.729492 0.609375 0.730469 0.610677 0.730469 0.627604 0.734375 0.632812 0.735352 0.632812 0.738281 0.636719 0.739258 0.636719 0.745117 0.644531 0.747070 0.644531 0.748047 0.645833 0.750977 0.645833 0.751953 0.647135 0.756836 0.647135 0.757812 0.645833 0.762695 0.644531 0.766602 0.641927 0.768555 0.639323 0.769531 0.639323 0.774414 0.631510 0.776367 0.626302 0.776367 0.621094 0.775391 0.618490 0.771484 0.613281 0.768555 0.604167 0.759766 0.591146 0.758789 0.587240 0.756836 0.584635 0.754883 0.583333
0 0.797852 0.674479 0.796875 0.675781 0.780273 0.675781 0.779297 0.674479 0.778320 0.674479 0.776367 0.677083 0.774414 0.677083 0.773438 0.678385 0.770508 0.679688 0.768555 0.682292 0.767578 0.682292 0.762695 0.690104 0.762695 0.694010 0.761719 0.695312 0.761719 0.697917 0.760742 0.699219 0.760742 0.701823 0.761719 0.703125 0.761719 0.707031 0.762695 0.708333 0.764648 0.714844 0.767578 0.718750 0.768555 0.718750 0.770508 0.721354 0.771484 0.721354 0.774414 0.723958 0.779297 0.723958 0.780273 0.722656 0.785156 0.720052 0.787109 0.717448 0.788086 0.717448 0.791016 0.714844 0.792969 0.714844 0.799805 0.707031 0.802734 0.705729 0.805664 0.701823 0.806641 0.701823 0.807617 0.700521 0.807617 0.692708 0.806641 0.691406 0.806641 0.690104 0.798828 0.679688 0.798828 0.677083 0.797852 0.675781
0 0.805664 0.605469 0.801758 0.611979 0.800781 0.619792 0.799805 0.621094 0.802734 0.621094 0.806641 0.626302 0.804688 0.627604 0.802734 0.631510 0.803711 0.632812 0.804688 0.640625 0.805664 0.641927 0.804688 0.648438 0.806641 0.651042 0.806641 0.652344 0.814453 0.661458 0.818359 0.664062 0.823242 0.665365 0.824219 0.666667 0.829102 0.666667 0.831055 0.667969 0.832031 0.666667 0.834961 0.666667 0.836914 0.664062 0.840820 0.662760 0.842773 0.657552 0.843750 0.643229 0.844727 0.641927 0.844727 0.636719 0.845703 0.635417 0.845703 0.626302 0.844727 0.625000 0.844727 0.611979 0.839844 0.606771 0.832031 0.608073 0.831055 0.606771 0.829102 0.606771 0.821289 0.602865 0.819336 0.605469
0 0.762695 0.553385 0.760742 0.557292 0.760742 0.566406 0.763672 0.570312 0.762695 0.580729 0.764648 0.584635 0.765625 0.589844 0.774414 0.601562 0.778320 0.604167 0.781250 0.604167 0.782227 0.605469 0.788086 0.606771 0.789062 0.608073 0.794922 0.608073 0.795898 0.606771 0.797852 0.606771 0.802734 0.600260 0.812500 0.574219 0.816406 0.569010 0.817383 0.569010 0.817383 0.565104 0.815430 0.559896 0.810547 0.553385 0.794922 0.542969 0.791016 0.542969 0.790039 0.541667 0.782227 0.541667 0.779297 0.544271 0.775391 0.545573 0.772461 0.549479 0.766602 0.550781 0.764648 0.553385
0 0.743164 0.480469 0.742188 0.481771 0.742188 0.486979 0.740234 0.492188 0.738281 0.494792 0.738281 0.497396 0.737305 0.498698 0.737305 0.510417 0.742188 0.523438 0.747070 0.528646 0.749023 0.528646 0.752930 0.531250 0.755859 0.531250 0.759766 0.533854 0.762695 0.533854 0.763672 0.535156 0.766602 0.535156 0.767578 0.536458 0.770508 0.536458 0.771484 0.537760 0.774414 0.537760 0.776367 0.535156 0.777344 0.535156 0.783203 0.527344 0.783203 0.524740 0.785156 0.520833 0.785156 0.518229 0.787109 0.513021 0.786133 0.510417 0.786133 0.506510 0.784180 0.502604 0.784180 0.500000 0.782227 0.494792 0.780273 0.492188 0.780273 0.490885 0.773438 0.483073 0.762695 0.475260 0.751953 0.475260 0.747070 0.479167
0 0.788086 0.424479 0.787109 0.427083 0.783203 0.427083 0.782227 0.428385 0.782227 0.433594 0.774414 0.444010 0.774414 0.445312 0.769531 0.450521 0.769531 0.454427 0.770508 0.455729 0.770508 0.464844 0.773438 0.471354 0.774414 0.477865 0.775391 0.479167 0.778320 0.479167 0.780273 0.481771 0.781250 0.485677 0.784180 0.489583 0.788086 0.490885 0.789062 0.492188 0.791992 0.492188 0.792969 0.493490 0.798828 0.493490 0.799805 0.492188 0.803711 0.490885 0.805664 0.488281 0.805664 0.486979 0.815430 0.473958 0.816406 0.468750 0.817383 0.467448 0.817383 0.464844 0.816406 0.463542 0.816406 0.449219 0.815430 0.447917 0.815430 0.444010 0.813477 0.438802 0.804688 0.428385 0.798828 0.427083 0.797852 0.425781 0.794922 0.425781 0.793945 0.424479
0 0.810547 0.488281 0.808594 0.489583 0.807617 0.492188 0.803711 0.497396 0.802734 0.500000 0.802734 0.507812 0.799805 0.513021 0.799805 0.516927 0.798828 0.518229 0.798828 0.533854 0.799805 0.535156 0.799805 0.541667 0.801758 0.542969 0.804688 0.546875 0.805664 0.546875 0.807617 0.549479 0.811523 0.552083 0.821289 0.552083 0.822266 0.550781 0.825195 0.550781 0.826172 0.549479 0.828125 0.549479 0.835938 0.540365 0.835938 0.539062 0.838867 0.533854 0.838867 0.531250 0.840820 0.527344 0.840820 0.519531 0.839844 0.518229 0.839844 0.515625 0.836914 0.509115 0.836914 0.506510 0.826172 0.490885 0.824219 0.489583 0.822266 0.489583 0.821289 0.488281
0 0.856445 0.546875 0.855469 0.549479 0.855469 0.552083 0.853516 0.553385 0.850586 0.558594 0.846680 0.561198 0.844727 0.565104 0.844727 0.575521 0.843750 0.576823 0.842773 0.585938 0.840820 0.591146 0.841797 0.592448 0.841797 0.601562 0.843750 0.604167 0.845703 0.605469 0.847656 0.605469 0.849609 0.608073 0.852539 0.608073 0.853516 0.609375 0.856445 0.609375 0.857422 0.610677 0.872070 0.610677 0.873047 0.609375 0.875977 0.609375 0.880859 0.602865 0.880859 0.565104 0.879883 0.563802 0.879883 0.558594 0.878906 0.558594 0.875977 0.554688 0.874023 0.554688 0.873047 0.553385 0.870117 0.553385 0.869141 0.552083 0.865234 0.552083 0.864258 0.550781 0.861328 0.552083
0 0.843750 0.378906 0.819336 0.378906 0.818359 0.380208 0.812500 0.380208 0.811523 0.381510 0.809570 0.381510 0.808594 0.382812 0.809570 0.384115 0.809570 0.390625 0.807617 0.393229 0.806641 0.393229 0.804688 0.397135 0.804688 0.402344 0.806641 0.406250 0.806641 0.411458 0.807617 0.412760 0.807617 0.414062 0.804688 0.417969 0.804688 0.423177 0.809570 0.428385 0.811523 0.428385 0.814453 0.430990 0.817383 0.430990 0.824219 0.437500 0.827148 0.437500 0.833008 0.433594 0.837891 0.432292 0.844727 0.427083 0.846680 0.424479 0.851562 0.411458 0.854492 0.407552 0.855469 0.399740 0.854492 0.398438 0.853516 0.393229 0.851562 0.390625 0.849609 0.385417 0.848633 0.385417 0.845703 0.381510 0.845703 0.380208
0 0.853516 0.438802 0.842773 0.438802 0.838867 0.441406 0.834961 0.446615 0.832031 0.447917 0.827148 0.453125 0.821289 0.468750 0.821289 0.473958 0.822266 0.475260 0.822266 0.477865 0.824219 0.480469 0.826172 0.485677 0.828125 0.488281 0.832031 0.489583 0.833984 0.492188 0.835938 0.497396 0.839844 0.501302 0.844727 0.501302 0.847656 0.498698 0.851562 0.497396 0.853516 0.494792 0.855469 0.494792 0.859375 0.490885 0.861328 0.490885 0.863281 0.488281 0.874023 0.481771 0.874023 0.480469 0.877930 0.475260 0.877930 0.468750 0.876953 0.467448 0.876953 0.464844 0.868164 0.451823 0.868164 0.450521 0.863281 0.445312
0 0.879883 0.489583 0.878906 0.490885 0.878906 0.493490 0.879883 0.494792 0.882812 0.494792 0.883789 0.497396 0.881836 0.500000 0.881836 0.502604 0.875977 0.514323 0.875977 0.516927 0.875000 0.518229 0.875000 0.531250 0.875977 0.532552 0.875977 0.535156 0.875000 0.536458 0.875000 0.539062 0.872070 0.542969 0.872070 0.544271 0.875977 0.550781 0.879883 0.552083 0.883789 0.557292 0.901367 0.557292 0.902344 0.555990 0.906250 0.555990 0.909180 0.553385 0.911133 0.553385 0.914062 0.549479 0.915039 0.549479 0.915039 0.548177 0.922852 0.537760 0.925781 0.528646 0.924805 0.518229 0.923828 0.516927 0.920898 0.516927 0.918945 0.515625 0.911133 0.503906 0.904297 0.500000 0.901367 0.496094 0.898438 0.494792 0.896484 0.492188 0.894531 0.492188 0.893555 0.490885 0.881836 0.490885
0 0.952148 0.462240 0.938477 0.445312 0.935547 0.445312 0.932617 0.447917 0.925781 0.447917 0.924805 0.449219 0.918945 0.449219 0.917969 0.450521 0.916016 0.450521 0.907227 0.459635 0.905273 0.458333 0.905273 0.453125 0.903320 0.451823 0.898438 0.460938 0.899414 0.462240 0.901367 0.462240 0.904297 0.458333 0.905273 0.459635 0.905273 0.462240 0.897461 0.473958 0.896484 0.476562 0.896484 0.481771 0.899414 0.488281 0.903320 0.490885 0.905273 0.496094 0.911133 0.501302 0.924805 0.501302 0.927734 0.498698 0.932617 0.498698 0.934570 0.501302 0.934570 0.505208 0.936523 0.501302 0.942383 0.497396 0.951172 0.486979 0.951172 0.484375 0.953125 0.480469 0.953125 0.472656 0.954102 0.471354
0 0.900391 0.378906 0.896484 0.373698 0.894531 0.373698 0.893555 0.372396 0.872070 0.373698 0.871094 0.375000 0.867188 0.375000 0.866211 0.376302 0.859375 0.376302 0.856445 0.378906 0.852539 0.377604 0.855469 0.381510 0.853516 0.382812 0.851562 0.386719 0.856445 0.395833 0.856445 0.399740 0.857422 0.401042 0.857422 0.403646 0.856445 0.404948 0.856445 0.410156 0.853516 0.412760 0.853516 0.416667 0.857422 0.421875 0.858398 0.425781 0.861328 0.428385 0.889648 0.428385 0.890625 0.427083 0.895508 0.427083 0.899414 0.424479 0.903320 0.417969 0.903320 0.415365 0.906250 0.407552 0.906250 0.402344 0.907227 0.401042 0.907227 0.394531 0.903320 0.384115 0.900391 0.380208
0 0.861328 0.289062 0.857422 0.289062 0.855469 0.291667 0.848633 0.294271 0.849609 0.295573 0.854492 0.296875 0.855469 0.298177 0.854492 0.300781 0.852539 0.300781 0.851562 0.302083 0.844727 0.302083 0.843750 0.303385 0.835938 0.303385 0.834961 0.304688 0.832031 0.304688 0.832031 0.309896 0.830078 0.312500 0.829102 0.319010 0.826172 0.324219 0.828125 0.333333 0.830078 0.338542 0.833008 0.342448 0.835938 0.350260 0.837891 0.352865 0.839844 0.352865 0.840820 0.354167 0.845703 0.354167 0.847656 0.358073 0.853516 0.356771 0.857422 0.352865 0.861328 0.351562 0.870117 0.338542 0.872070 0.330729 0.877930 0.322917 0.878906 0.320312 0.878906 0.313802 0.876953 0.309896 0.875977 0.309896 0.870117 0.303385 0.867188 0.302083 0.862305 0.295573
