0 0.092773 0.641927 0.086914 0.657552 0.086914 0.680990 0.084961 0.695312 0.086914 0.703125 0.091797 0.712240 0.107422 0.730469 0.107422 0.738281 0.109375 0.740885 0.113281 0.742188 0.128906 0.740885 0.135742 0.743490 0.152344 0.742188 0.164062 0.735677 0.172852 0.727865 0.186523 0.709635 0.187500 0.697917 0.179688 0.687500 0.175781 0.678385 0.152344 0.640625 0.146484 0.639323 0.135742 0.643229 0.122070 0.635417 0.114258 0.625000 0.106445 0.623698
0 0.217773 0.549479 0.212891 0.542969 0.200195 0.533854 0.184570 0.533854 0.180664 0.531250 0.133789 0.532552 0.128906 0.535156 0.122070 0.533854 0.117188 0.539062 0.113281 0.548177 0.112305 0.566406 0.108398 0.579427 0.108398 0.593750 0.104492 0.606771 0.105469 0.610677 0.124023 0.635417 0.133789 0.640625 0.158203 0.636719 0.188477 0.627604 0.201172 0.627604 0.205078 0.623698 0.208984 0.613281 0.217773 0.601562 0.217773 0.592448 0.214844 0.585938 0.214844 0.574219 0.217773 0.566406
0 0.192383 0.707031 0.189453 0.710938 0.186523 0.721354 0.173828 0.742188 0.172852 0.746094 0.172852 0.756510 0.176758 0.764323 0.177734 0.776042 0.181641 0.789062 0.186523 0.791667 0.190430 0.796875 0.196289 0.808594 0.197266 0.813802 0.200195 0.816406 0.207031 0.816406 0.212891 0.820312 0.223633 0.821615 0.247070 0.820312 0.250977 0.817708 0.255859 0.808594 0.265625 0.798177 0.269531 0.776042 0.268555 0.769531 0.262695 0.757812 0.260742 0.750000 0.246094 0.720052 0.243164 0.716146 0.225586 0.705729 0.223633 0.700521 0.209961 0.699219 0.208984 0.705729 0.204102 0.705729 0.200195 0.708333
0 0.368164 0.779948 0.364258 0.782552 0.366211 0.799479 0.363281 0.815104 0.360352 0.817708 0.358398 0.815104 0.358398 0.803385 0.355469 0.800781 0.354492 0.794271 0.350586 0.789062 0.351562 0.781250 0.349609 0.778646 0.349609 0.772135 0.345703 0.770833 0.341797 0.765625 0.326172 0.759115 0.320312 0.761719 0.311523 0.760417 0.309570 0.757812 0.311523 0.752604 0.298828 0.753906 0.285156 0.763021 0.274414 0.773438 0.271484 0.781250 0.270508 0.798177 0.278320 0.812500 0.286133 0.847656 0.291016 0.860677 0.294922 0.864583 0.309570 0.865885 0.320312 0.860677 0.330078 0.860677 0.345703 0.847656 0.352539 0.832031 0.364258 0.817708 0.365234 0.809896 0.369141 0.804688 0.370117 0.789062
0 0.375977 0.791667 0.372070 0.817708 0.372070 0.842448 0.375977 0.855469 0.384766 0.865885 0.392578 0.871094 0.403320 0.875000 0.421875 0.877604 0.438477 0.876302 0.445312 0.872396 0.451172 0.865885 0.454102 0.856771 0.454102 0.847656 0.457031 0.830729 0.457031 0.815104 0.454102 0.800781 0.454102 0.792969 0.451172 0.792969 0.449219 0.800781 0.438477 0.808594 0.435547 0.805990 0.435547 0.798177 0.425781 0.791667 0.420898 0.790365 0.419922 0.783854 0.415039 0.783854 0.414062 0.786458 0.411133 0.787760 0.395508 0.786458 0.381836 0.794271
0 0.506836 0.817708 0.496094 0.819010 0.480469 0.833333 0.468750 0.848958 0.467773 0.854167 0.464844 0.858073 0.461914 0.858073 0.458984 0.852865 0.458984 0.848958 0.458008 0.850260 0.458008 0.856771 0.459961 0.861979 0.459961 0.876302 0.494141 0.929688 0.499023 0.929688 0.503906 0.925781 0.513672 0.923177 0.516602 0.919271 0.527344 0.914062 0.534180 0.903646 0.537109 0.902344 0.537109 0.899740 0.542969 0.891927 0.539062 0.888021 0.541016 0.885417 0.543945 0.886719 0.544922 0.881510 0.547852 0.877604 0.547852 0.872396 0.544922 0.864583 0.541992 0.861979 0.540039 0.850260 0.536133 0.843750 0.533203 0.843750 0.526367 0.834635 0.529297 0.832031 0.529297 0.829427 0.523438 0.829427 0.520508 0.825521
0 0.623047 0.830729 0.585938 0.832031 0.575195 0.834635 0.563477 0.833333 0.562500 0.834635 0.561523 0.851562 0.555664 0.855469 0.555664 0.867188 0.551758 0.875000 0.551758 0.881510 0.555664 0.893229 0.568359 0.907552 0.575195 0.911458 0.583984 0.923177 0.591797 0.924479 0.613281 0.919271 0.623047 0.907552 0.626953 0.899740 0.627930 0.893229 0.633789 0.877604 0.635742 0.867188 0.635742 0.855469 0.631836 0.845052
0 0.311523 0.500000 0.302734 0.494792 0.297852 0.494792 0.285156 0.489583 0.275391 0.481771 0.267578 0.483073 0.255859 0.493490 0.250000 0.493490 0.248047 0.497396 0.237305 0.507812 0.227539 0.522135 0.223633 0.532552 0.223633 0.540365 0.219727 0.558594 0.221680 0.569010 0.227539 0.575521 0.231445 0.576823 0.243164 0.591146 0.256836 0.598958 0.265625 0.598958 0.281250 0.588542 0.298828 0.583333 0.311523 0.575521 0.317383 0.567708 0.318359 0.563802 0.317383 0.522135 0.320312 0.513021
0 0.263672 0.330729 0.256836 0.339844 0.249023 0.345052 0.245117 0.350260 0.242188 0.360677 0.235352 0.368490 0.234375 0.407552 0.241211 0.425781 0.245117 0.432292 0.249023 0.434896 0.274414 0.444010 0.299805 0.444010 0.313477 0.433594 0.324219 0.419271 0.324219 0.386719 0.326172 0.382812 0.328125 0.386719 0.327148 0.393229 0.330078 0.393229 0.330078 0.377604 0.327148 0.368490 0.329102 0.360677 0.307617 0.347656 0.297852 0.333333 0.291016 0.333333 0.281250 0.338542 0.273438 0.338542 0.271484 0.335938 0.266602 0.337240
0 0.356445 0.242188 0.348633 0.242188 0.344727 0.246094 0.334961 0.247396 0.323242 0.256510 0.319336 0.261719 0.306641 0.269531 0.302734 0.282552 0.299805 0.304688 0.300781 0.328125 0.305664 0.339844 0.310547 0.345052 0.318359 0.346354 0.325195 0.354167 0.337891 0.359375 0.343750 0.367188 0.346680 0.368490 0.351562 0.367188 0.357422 0.359375 0.367188 0.358073 0.379883 0.351562 0.389648 0.338542 0.394531 0.324219 0.394531 0.317708 0.391602 0.309896 0.391602 0.289062 0.385742 0.273438 0.384766 0.266927 0.381836 0.261719 0.371094 0.251302
0 0.442383 0.208333 0.424805 0.209635 0.416016 0.214844 0.416016 0.221354 0.403320 0.230469 0.397461 0.239583 0.392578 0.256510 0.388672 0.261719 0.389648 0.276042 0.393555 0.285156 0.394531 0.294271 0.403320 0.317708 0.407227 0.322917 0.406250 0.330729 0.408203 0.337240 0.410156 0.339844 0.419922 0.342448 0.429688 0.350260 0.437500 0.350260 0.441406 0.347656 0.447266 0.339844 0.457031 0.333333 0.463867 0.325521 0.474609 0.308594 0.478516 0.294271 0.483398 0.286458 0.483398 0.277344 0.478516 0.269531 0.477539 0.247396 0.469727 0.226562 0.461914 0.218750
0 0.380859 0.358073 0.380859 0.420573 0.385742 0.434896 0.402344 0.458333 0.411133 0.464844 0.418945 0.466146 0.424805 0.472656 0.428711 0.473958 0.435547 0.471354 0.437500 0.467448 0.458008 0.455729 0.462891 0.455729 0.466797 0.451823 0.473633 0.423177 0.473633 0.402344 0.469727 0.386719 0.460938 0.375000 0.432617 0.354167 0.417969 0.352865 0.415039 0.348958 0.415039 0.346354 0.408203 0.343750 0.398438 0.345052 0.395508 0.352865 0.383789 0.354167
0 0.415039 0.486979 0.412109 0.489583 0.399414 0.488281 0.392578 0.481771 0.387695 0.484375 0.376953 0.481771 0.368164 0.483073 0.362305 0.493490 0.355469 0.498698 0.344727 0.515625 0.339844 0.518229 0.336914 0.510417 0.329102 0.510417 0.325195 0.529948 0.325195 0.542969 0.333008 0.561198 0.336914 0.583333 0.349609 0.604167 0.359375 0.610677 0.369141 0.608073 0.384766 0.609375 0.399414 0.605469 0.406250 0.596354 0.427734 0.542969 0.426758 0.523438
0 0.341797 0.605469 0.340820 0.604167 0.337891 0.619792 0.331055 0.600260 0.317383 0.583333 0.310547 0.582031 0.310547 0.587240 0.312500 0.589844 0.311523 0.591146 0.308594 0.587240 0.293945 0.587240 0.280273 0.592448 0.267578 0.601562 0.255859 0.602865 0.251953 0.609375 0.248047 0.627604 0.244141 0.634115 0.244141 0.648438 0.249023 0.667969 0.258789 0.686198 0.262695 0.690104 0.271484 0.690104 0.280273 0.695312 0.294922 0.695312 0.297852 0.697917 0.301758 0.697917 0.306641 0.691406 0.319336 0.684896 0.329102 0.675781 0.336914 0.662760 0.342773 0.643229
0 0.354492 0.615885 0.352539 0.627604 0.354492 0.630208 0.353516 0.621094 0.357422 0.618490 0.359375 0.621094 0.357422 0.630208 0.350586 0.635417 0.346680 0.644531 0.346680 0.664062 0.348633 0.667969 0.349609 0.680990 0.353516 0.697917 0.353516 0.710938 0.379883 0.729167 0.398438 0.733073 0.406250 0.729167 0.413086 0.721354 0.422852 0.703125 0.436523 0.687500 0.436523 0.654948 0.424805 0.626302 0.418945 0.617188 0.409180 0.609375 0.404297 0.608073 0.386719 0.611979 0.371094 0.610677 0.365234 0.614583
0 0.498047 0.645833 0.477539 0.647135 0.473633 0.645833 0.461914 0.652344 0.449219 0.653646 0.441406 0.658854 0.439453 0.664062 0.439453 0.671875 0.441406 0.673177 0.439453 0.675781 0.439453 0.690104 0.435547 0.695312 0.434570 0.700521 0.429688 0.705729 0.428711 0.710938 0.431641 0.733073 0.436523 0.747396 0.443359 0.755208 0.450195 0.766927 0.470703 0.768229 0.478516 0.772135 0.488281 0.764323 0.500000 0.759115 0.513672 0.738281 0.519531 0.717448 0.520508 0.696615 0.515625 0.677083 0.508789 0.658854 0.500977 0.647135
0 0.485352 0.539062 0.478516 0.537760 0.474609 0.533854 0.468750 0.531250 0.460938 0.531250 0.437500 0.536458 0.435547 0.539062 0.431641 0.539062 0.428711 0.542969 0.426758 0.552083 0.424805 0.554688 0.419922 0.570312 0.414062 0.579427 0.411133 0.588542 0.411133 0.595052 0.428711 0.622396 0.433594 0.634115 0.435547 0.643229 0.439453 0.648438 0.452148 0.651042 0.468750 0.645833 0.476562 0.628906 0.484375 0.617188 0.496094 0.583333 0.497070 0.575521 0.495117 0.561198 0.487305 0.546875 0.487305 0.542969
0 0.578125 0.570312 0.568359 0.571615 0.564453 0.576823 0.558594 0.576823 0.552734 0.580729 0.546875 0.582031 0.538086 0.593750 0.528320 0.601562 0.526367 0.605469 0.525391 0.613281 0.522461 0.615885 0.523438 0.625000 0.522461 0.632812 0.516602 0.641927 0.518555 0.657552 0.524414 0.667969 0.559570 0.688802 0.567383 0.688802 0.586914 0.669271 0.593750 0.658854 0.600586 0.622396 0.598633 0.611979 0.598633 0.601562 0.584961 0.575521
0 0.583008 0.678385 0.578125 0.683594 0.564453 0.692708 0.551758 0.686198 0.547852 0.686198 0.545898 0.690104 0.545898 0.694010 0.542969 0.697917 0.539062 0.700521 0.528320 0.716146 0.525391 0.716146 0.521484 0.720052 0.517578 0.735677 0.517578 0.746094 0.523438 0.753906 0.530273 0.768229 0.543945 0.782552 0.546875 0.783854 0.556641 0.783854 0.559570 0.781250 0.571289 0.782552 0.579102 0.772135 0.585938 0.759115 0.593750 0.752604 0.598633 0.744792 0.599609 0.735677 0.602539 0.730469 0.602539 0.722656 0.599609 0.714844 0.599609 0.709635 0.595703 0.700521 0.584961 0.686198 0.582031 0.684896
0 0.701172 0.705729 0.694336 0.707031 0.688477 0.716146 0.685547 0.716146 0.673828 0.722656 0.666016 0.723958 0.663086 0.726562 0.655273 0.729167 0.649414 0.734375 0.643555 0.736979 0.640625 0.740885 0.640625 0.746094 0.633789 0.763021 0.632812 0.768229 0.633789 0.778646 0.631836 0.782552 0.632812 0.792969 0.638672 0.802083 0.654297 0.813802 0.662109 0.815104 0.665039 0.812500 0.675781 0.808594 0.683594 0.799479 0.690430 0.794271 0.700195 0.791667 0.708984 0.782552 0.712891 0.769531 0.712891 0.764323 0.714844 0.757812 0.714844 0.747396 0.708984 0.722656
0 0.708984 0.813802 0.708008 0.811198 0.704102 0.807292 0.700195 0.798177 0.698242 0.795573 0.696289 0.795573 0.695312 0.796875 0.689453 0.798177 0.685547 0.802083 0.683594 0.802083 0.680664 0.805990 0.671875 0.812500 0.666016 0.813802 0.662109 0.816406 0.653320 0.815104 0.650391 0.812500 0.648438 0.812500 0.646484 0.809896 0.643555 0.809896 0.642578 0.808594 0.638672 0.809896 0.634766 0.820312 0.630859 0.826823 0.633789 0.835938 0.632812 0.839844 0.639648 0.847656 0.642578 0.854167 0.646484 0.859375 0.653320 0.863281 0.657227 0.863281 0.662109 0.860677 0.676758 0.860677 0.679688 0.858073 0.691406 0.854167 0.695312 0.851562 0.699219 0.846354 0.700195 0.841146 0.703125 0.835938 0.703125 0.833333 0.707031 0.826823
0 0.708008 0.834635 0.707031 0.847656 0.703125 0.851562 0.702148 0.859375 0.710938 0.875000 0.711914 0.881510 0.715820 0.889323 0.736328 0.916667 0.746094 0.917969 0.750000 0.915365 0.770508 0.914062 0.781250 0.906250 0.790039 0.903646 0.793945 0.897135 0.796875 0.888021 0.797852 0.865885 0.771484 0.820312 0.750000 0.820312 0.747070 0.817708 0.744141 0.820312 0.743164 0.815104 0.732422 0.820312 0.726562 0.826823 0.725586 0.830729 0.727539 0.837240 0.730469 0.839844 0.729492 0.841146 0.719727 0.839844 0.719727 0.825521 0.716797 0.821615
0 0.857422 0.789062 0.855469 0.789062 0.849609 0.794271 0.844727 0.794271 0.843750 0.795573 0.836914 0.794271 0.831055 0.796875 0.820312 0.808594 0.815430 0.811198 0.808594 0.821615 0.802734 0.828125 0.800781 0.828125 0.798828 0.832031 0.796875 0.832031 0.794922 0.828125 0.791016 0.825521 0.789062 0.834635 0.790039 0.838542 0.793945 0.845052 0.794922 0.850260 0.803711 0.859375 0.804688 0.865885 0.812500 0.877604 0.816406 0.878906 0.826172 0.877604 0.830078 0.880208 0.836914 0.876302 0.854492 0.873698 0.859375 0.868490 0.861328 0.863281 0.869141 0.851562 0.872070 0.842448 0.872070 0.837240 0.875977 0.828125 0.875977 0.820312 0.869141 0.811198 0.866211 0.803385 0.862305 0.799479
0 0.704102 0.701823 0.703125 0.704427 0.710938 0.723958 0.715820 0.742188 0.715820 0.750000 0.716797 0.751302 0.716797 0.756510 0.713867 0.768229 0.713867 0.774740 0.710938 0.785156 0.720703 0.789062 0.740234 0.789062 0.750977 0.785156 0.755859 0.786458 0.760742 0.783854 0.764648 0.778646 0.765625 0.774740 0.775391 0.757812 0.777344 0.746094 0.776367 0.735677 0.745117 0.696615 0.732422 0.695312 0.728516 0.697917 0.719727 0.697917 0.718750 0.699219 0.712891 0.699219
0 0.829102 0.653646 0.826172 0.653646 0.819336 0.662760 0.810547 0.664062 0.796875 0.677083 0.790039 0.687500 0.782227 0.705729 0.781250 0.721354 0.779297 0.723958 0.775391 0.722656 0.775391 0.726562 0.777344 0.726562 0.787109 0.738281 0.814453 0.759115 0.821289 0.759115 0.825195 0.756510 0.830078 0.756510 0.832031 0.753906 0.840820 0.751302 0.845703 0.747396 0.853516 0.735677 0.857422 0.720052 0.857422 0.701823 0.852539 0.675781 0.845703 0.664062
0 0.923828 0.692708 0.919922 0.697917 0.891602 0.699219 0.883789 0.708333 0.881836 0.713542 0.880859 0.722656 0.874023 0.751302 0.874023 0.763021 0.872070 0.766927 0.872070 0.770833 0.869141 0.772135 0.871094 0.776042 0.871094 0.778646 0.880859 0.791667 0.891602 0.800781 0.901367 0.802083 0.903320 0.799479 0.911133 0.798177 0.912109 0.792969 0.918945 0.791667 0.919922 0.787760 0.927734 0.779948 0.931641 0.773438 0.934570 0.772135 0.942383 0.759115 0.943359 0.753906 0.942383 0.740885 0.946289 0.726562 0.943359 0.718750 0.939453 0.716146
0 0.677734 0.562500 0.671875 0.559896 0.657227 0.561198 0.646484 0.571615 0.636719 0.576823 0.622070 0.575521 0.614258 0.585938 0.606445 0.601562 0.603516 0.591146 0.602539 0.611979 0.605469 0.621094 0.606445 0.635417 0.613281 0.648438 0.622070 0.660156 0.628906 0.662760 0.631836 0.660156 0.633789 0.654948 0.647461 0.656250 0.654297 0.660156 0.659180 0.660156 0.667969 0.654948 0.683594 0.632812 0.689453 0.617188 0.695312 0.608073 0.696289 0.598958 0.684570 0.571615
0 0.748047 0.605469 0.743164 0.613281 0.740234 0.613281 0.734375 0.608073 0.727539 0.608073 0.719727 0.613281 0.713867 0.614583 0.705078 0.622396 0.701172 0.622396 0.697266 0.625000 0.694336 0.621094 0.697266 0.615885 0.696289 0.614583 0.692383 0.617188 0.692383 0.619792 0.689453 0.623698 0.685547 0.635417 0.679688 0.643229 0.676758 0.653646 0.679688 0.665365 0.685547 0.673177 0.689453 0.683594 0.698242 0.696615 0.708984 0.697917 0.709961 0.696615 0.726562 0.695312 0.733398 0.692708 0.741211 0.692708 0.748047 0.690104 0.754883 0.680990 0.762695 0.658854 0.764648 0.645833 0.759766 0.635417 0.755859 0.621094
0 0.793945 0.527344 0.785156 0.526042 0.782227 0.529948 0.778320 0.529948 0.773438 0.532552 0.766602 0.532552 0.762695 0.536458 0.759766 0.536458 0.750000 0.550781 0.748047 0.555990 0.743164 0.559896 0.747070 0.562500 0.749023 0.566406 0.750000 0.575521 0.748047 0.589844 0.750000 0.595052 0.750000 0.598958 0.753906 0.608073 0.754883 0.615885 0.760742 0.632812 0.767578 0.641927 0.775391 0.640625 0.792969 0.631510 0.799805 0.623698 0.814453 0.601562 0.817383 0.561198 0.813477 0.558594 0.813477 0.554688 0.803711 0.541667 0.799805 0.533854
0 0.892578 0.565104 0.883789 0.572917 0.877930 0.575521 0.871094 0.575521 0.861328 0.582031 0.846680 0.600260 0.843750 0.606771 0.843750 0.611979 0.838867 0.617188 0.839844 0.623698 0.838867 0.644531 0.856445 0.666667 0.859375 0.666667 0.872070 0.673177 0.886719 0.673177 0.892578 0.669271 0.895508 0.669271 0.903320 0.661458 0.904297 0.657552 0.908203 0.652344 0.909180 0.647135 0.914062 0.639323 0.915039 0.628906 0.912109 0.618490 0.912109 0.602865 0.908203 0.593750 0.904297 0.579427
0 0.645508 0.438802 0.640625 0.450521 0.625977 0.473958 0.625977 0.480469 0.627930 0.484375 0.627930 0.510417 0.625977 0.527344 0.642578 0.549479 0.647461 0.552083 0.661133 0.553385 0.677734 0.550781 0.681641 0.552083 0.683594 0.555990 0.693359 0.557292 0.704102 0.554688 0.708984 0.549479 0.708984 0.540365 0.712891 0.516927 0.712891 0.494792 0.708984 0.480469 0.701172 0.464844 0.698242 0.454427 0.692383 0.445312 0.684570 0.438802 0.688477 0.447917 0.686523 0.453125 0.672852 0.454427 0.668945 0.451823 0.657227 0.457031 0.655273 0.454427 0.661133 0.444010 0.660156 0.440104 0.655273 0.437500
0 0.715820 0.442708 0.705078 0.447917 0.701172 0.454427 0.703125 0.464844 0.709961 0.476562 0.709961 0.480469 0.713867 0.492188 0.713867 0.501302 0.714844 0.502604 0.713867 0.522135 0.709961 0.549479 0.705078 0.558594 0.715820 0.570312 0.722656 0.571615 0.738281 0.561198 0.749023 0.549479 0.755859 0.536458 0.758789 0.526042 0.761719 0.520833 0.763672 0.506510 0.761719 0.497396 0.754883 0.481771 0.750977 0.476562 0.750000 0.466146 0.748047 0.462240 0.737305 0.451823 0.727539 0.445312
0 0.859375 0.438802 0.854492 0.445312 0.864258 0.444010 0.866211 0.447917 0.864258 0.451823 0.853516 0.451823 0.849609 0.449219 0.844727 0.449219 0.834961 0.458333 0.825195 0.480469 0.820312 0.498698 0.819336 0.511719 0.822266 0.522135 0.820312 0.529948 0.826172 0.535156 0.833984 0.536458 0.836914 0.544271 0.846680 0.545573 0.849609 0.549479 0.849609 0.553385 0.852539 0.555990 0.865234 0.555990 0.874023 0.549479 0.876953 0.541667 0.888672 0.523438 0.895508 0.496094 0.893555 0.485677 0.893555 0.475260 0.890625 0.471354 0.889648 0.466146 0.868164 0.444010 0.865234 0.444010 0.864258 0.440104
0 0.680664 0.345052 0.677734 0.354167 0.677734 0.361979 0.675781 0.364583 0.675781 0.369792 0.677734 0.372396 0.675781 0.389323 0.671875 0.397135 0.672852 0.402344 0.671875 0.403646 0.671875 0.411458 0.674805 0.417969 0.674805 0.423177 0.681641 0.428385 0.696289 0.445312 0.706055 0.445312 0.710938 0.440104 0.722656 0.434896 0.729492 0.427083 0.737305 0.423177 0.740234 0.417969 0.740234 0.412760 0.745117 0.401042 0.747070 0.388021 0.747070 0.371094 0.740234 0.351562 0.733398 0.345052 0.728516 0.345052 0.719727 0.341146 0.713867 0.342448 0.702148 0.342448 0.701172 0.341146 0.688477 0.342448 0.684570 0.341146 0.682617 0.345052
0 0.744141 0.341146 0.741211 0.345052 0.741211 0.351562 0.750000 0.367188 0.747070 0.401042 0.742188 0.412760 0.743164 0.417969 0.742188 0.432292 0.746094 0.444010 0.749023 0.447917 0.757812 0.453125 0.761719 0.458333 0.763672 0.458333 0.769531 0.453125 0.779297 0.450521 0.791992 0.440104 0.797852 0.438802 0.805664 0.428385 0.806641 0.416667 0.809570 0.408854 0.808594 0.386719 0.806641 0.377604 0.801758 0.365885 0.796875 0.358073 0.786133 0.350260 0.782227 0.348958 0.768555 0.350260 0.766602 0.348958 0.762695 0.351562 0.755859 0.345052 0.752930 0.343750 0.748047 0.345052
0 0.578125 0.356771 0.582031 0.359375 0.585938 0.367188 0.585938 0.371094 0.580078 0.377604 0.576172 0.376302 0.567383 0.389323 0.560547 0.393229 0.555664 0.407552 0.553711 0.419271 0.550781 0.423177 0.549805 0.432292 0.546875 0.436198 0.547852 0.441406 0.554688 0.451823 0.557617 0.459635 0.561523 0.464844 0.570312 0.471354 0.597656 0.473958 0.616211 0.471354 0.627930 0.464844 0.635742 0.454427 0.637695 0.446615 0.639648 0.401042 0.636719 0.386719 0.630859 0.375000 0.623047 0.365885 0.614258 0.359375 0.610352 0.358073 0.607422 0.360677 0.598633 0.360677 0.595703 0.356771 0.591797 0.355469
0 0.487305 0.414062 0.483398 0.417969 0.483398 0.425781 0.473633 0.438802 0.464844 0.462240 0.460938 0.467448 0.459961 0.485677 0.461914 0.501302 0.477539 0.524740 0.492188 0.537760 0.502930 0.539062 0.516602 0.536458 0.519531 0.539062 0.524414 0.539062 0.525391 0.533854 0.541016 0.515625 0.548828 0.498698 0.553711 0.483073 0.552734 0.459635 0.548828 0.450521 0.540039 0.438802 0.537109 0.429688 0.526367 0.419271 0.520508 0.415365 0.513672 0.414062 0.496094 0.415365 0.491211 0.412760
0 0.498047 0.277344 0.492188 0.281250 0.479492 0.299479 0.473633 0.315104 0.461914 0.330729 0.459961 0.335938 0.459961 0.356771 0.461914 0.371094 0.470703 0.385417 0.485352 0.397135 0.495117 0.402344 0.508789 0.403646 0.516602 0.398438 0.529297 0.381510 0.535156 0.371094 0.537109 0.364583 0.543945 0.356771 0.543945 0.350260 0.541016 0.343750 0.541992 0.315104 0.537109 0.304688 0.529297 0.294271 0.517578 0.287760 0.509766 0.278646
0 0.407227 0.084635 0.397461 0.096354 0.388672 0.110677 0.382812 0.128906 0.383789 0.149740 0.390625 0.162760 0.398438 0.194010 0.402344 0.199219 0.401367 0.203125 0.397461 0.204427 0.400391 0.205729 0.403320 0.201823 0.409180 0.208333 0.416016 0.210938 0.422852 0.207031 0.439453 0.205729 0.445312 0.201823 0.456055 0.199219 0.458984 0.195312 0.459961 0.187500 0.465820 0.174479 0.468750 0.160156 0.473633 0.148438 0.473633 0.144531 0.468750 0.131510 0.465820 0.113281 0.461914 0.102865 0.458008 0.096354 0.438477 0.084635 0.425781 0.084635 0.420898 0.082031 0.412109 0.082031
0 0.494141 0.157552 0.477539 0.173177 0.470703 0.197917 0.469727 0.220052 0.481445 0.248698 0.500977 0.266927 0.508789 0.270833 0.512695 0.278646 0.515625 0.279948 0.521484 0.278646 0.536133 0.283854 0.544922 0.282552 0.552734 0.278646 0.560547 0.269531 0.568359 0.265625 0.576172 0.250000 0.578125 0.230469 0.576172 0.197917 0.569336 0.179688 0.558594 0.165365 0.541016 0.154948 0.536133 0.147135 0.528320 0.145833
0 0.596680 0.227865 0.593750 0.229167 0.590820 0.235677 0.585938 0.240885 0.575195 0.263021 0.563477 0.279948 0.561523 0.287760 0.558594 0.291667 0.554688 0.292969 0.554688 0.299479 0.552734 0.302083 0.548828 0.299479 0.547852 0.300781 0.546875 0.315104 0.555664 0.333333 0.564453 0.341146 0.591797 0.351562 0.623047 0.351562 0.624023 0.345052 0.634766 0.332031 0.641602 0.326823 0.651367 0.311198 0.653320 0.303385 0.653320 0.282552 0.645508 0.255208 0.645508 0.248698 0.638672 0.233073 0.628906 0.229167
0 0.675781 0.119792 0.644531 0.122396 0.633789 0.134115 0.629883 0.140625 0.624023 0.144531 0.622070 0.148438 0.622070 0.152344 0.615234 0.162760 0.615234 0.191406 0.618164 0.200521 0.617188 0.212240 0.619141 0.218750 0.619141 0.222656 0.617188 0.225260 0.636719 0.229167 0.643555 0.236979 0.645508 0.243490 0.647461 0.244792 0.661133 0.242188 0.672852 0.236979 0.681641 0.222656 0.691406 0.212240 0.693359 0.203125 0.690430 0.188802 0.688477 0.158854 0.685547 0.147135 0.685547 0.140625 0.681641 0.125000
0 0.726562 0.053385 0.709961 0.054688 0.708008 0.057292 0.695312 0.063802 0.691406 0.075521 0.688477 0.079427 0.684570 0.093750 0.683594 0.104167 0.681641 0.106771 0.681641 0.111979 0.679688 0.115885 0.683594 0.123698 0.685547 0.131510 0.688477 0.156250 0.690430 0.162760 0.697266 0.171875 0.702148 0.174479 0.705078 0.174479 0.735352 0.158854 0.750000 0.153646 0.754883 0.148438 0.758789 0.139323 0.762695 0.122396 0.763672 0.106771 0.748047 0.075521
0 0.728516 0.220052 0.718750 0.216146 0.706055 0.216146 0.686523 0.220052 0.679688 0.233073 0.665039 0.252604 0.664062 0.259115 0.666016 0.259115 0.668945 0.253906 0.671875 0.257812 0.669922 0.269531 0.665039 0.272135 0.663086 0.269531 0.663086 0.261719 0.662109 0.260417 0.661133 0.263021 0.662109 0.273438 0.665039 0.277344 0.668945 0.273438 0.670898 0.277344 0.670898 0.286458 0.666016 0.286458 0.665039 0.289062 0.666016 0.296875 0.669922 0.299479 0.672852 0.311198 0.676758 0.312500 0.681641 0.321615 0.694336 0.325521 0.693359 0.334635 0.709961 0.334635 0.715820 0.329427 0.724609 0.329427 0.732422 0.325521 0.743164 0.313802 0.763672 0.285156 0.763672 0.272135 0.759766 0.259115 0.756836 0.255208 0.750977 0.252604 0.739258 0.231771
0 0.816406 0.195312 0.804688 0.195312 0.811523 0.196615 0.813477 0.199219 0.812500 0.204427 0.810547 0.207031 0.798828 0.209635 0.783203 0.229167 0.776367 0.234375 0.770508 0.242188 0.772461 0.246094 0.772461 0.252604 0.766602 0.263021 0.765625 0.244792 0.763672 0.242188 0.760742 0.252604 0.763672 0.263021 0.765625 0.264323 0.766602 0.282552 0.760742 0.298177 0.764648 0.302083 0.766602 0.308594 0.782227 0.317708 0.791992 0.320312 0.809570 0.319010 0.815430 0.315104 0.854492 0.269531 0.855469 0.255208 0.852539 0.248698 0.851562 0.239583 0.844727 0.223958 0.834961 0.209635 0.822266 0.197917
