0 0.108398 0.238281 0.103516 0.247396 0.098633 0.261719 0.098633 0.281250 0.102539 0.296875 0.106445 0.302083 0.110352 0.311198 0.120117 0.319010 0.129883 0.332031 0.137695 0.334635 0.142578 0.339844 0.157227 0.342448 0.165039 0.339844 0.167969 0.329427 0.167969 0.324219 0.170898 0.316406 0.180664 0.311198 0.184570 0.303385 0.185547 0.282552 0.178711 0.259115 0.164062 0.244792 0.139648 0.230469 0.125000 0.230469 0.116211 0.233073
0 0.100586 0.376302 0.090820 0.389323 0.087891 0.399740 0.084961 0.421875 0.085938 0.430990 0.084961 0.455729 0.091797 0.467448 0.099609 0.470052 0.116211 0.486979 0.129883 0.490885 0.136719 0.490885 0.150391 0.486979 0.151367 0.483073 0.157227 0.475260 0.166016 0.458333 0.166992 0.447917 0.164062 0.440104 0.163086 0.430990 0.159180 0.424479 0.158203 0.416667 0.156250 0.414062 0.156250 0.403646 0.153320 0.394531 0.153320 0.385417 0.144531 0.377604 0.138672 0.377604 0.128906 0.372396 0.112305 0.372396
0 0.247070 0.221354 0.243164 0.220052 0.226562 0.221354 0.196289 0.227865 0.189453 0.227865 0.185547 0.231771 0.181641 0.243490 0.180664 0.257812 0.186523 0.278646 0.196289 0.295573 0.204102 0.303385 0.214844 0.319010 0.218750 0.321615 0.240234 0.320312 0.248047 0.313802 0.255859 0.312500 0.263672 0.302083 0.268555 0.291667 0.270508 0.278646 0.268555 0.273438 0.269531 0.266927 0.264648 0.257812 0.260742 0.240885 0.255859 0.229167
0 0.176758 0.315104 0.172852 0.319010 0.169922 0.335938 0.166016 0.343750 0.161133 0.359375 0.157227 0.364583 0.155273 0.378906 0.157227 0.402344 0.160156 0.410156 0.165039 0.416667 0.177734 0.424479 0.194336 0.430990 0.213867 0.429688 0.216797 0.425781 0.220703 0.424479 0.227539 0.415365 0.232422 0.402344 0.231445 0.381510 0.233398 0.372396 0.233398 0.363281 0.235352 0.358073 0.233398 0.348958 0.223633 0.333333 0.208984 0.320312 0.194336 0.315104
0 0.212891 0.451823 0.208984 0.454427 0.201172 0.454427 0.194336 0.458333 0.189453 0.458333 0.183594 0.460938 0.181641 0.463542 0.169922 0.470052 0.162109 0.479167 0.160156 0.479167 0.157227 0.483073 0.155273 0.489583 0.157227 0.500000 0.161133 0.503906 0.161133 0.507812 0.163086 0.511719 0.166992 0.514323 0.175781 0.526042 0.183594 0.540365 0.191406 0.549479 0.203125 0.554688 0.210938 0.554688 0.216797 0.550781 0.219727 0.545573 0.225586 0.540365 0.227539 0.533854 0.230469 0.529948 0.232422 0.515625 0.232422 0.494792 0.231445 0.490885 0.233398 0.479167 0.231445 0.475260 0.228516 0.481771 0.215820 0.466146 0.212891 0.459635 0.214844 0.457031 0.214844 0.454427
0 0.137695 0.531250 0.130859 0.544271 0.131836 0.570312 0.137695 0.589844 0.142578 0.597656 0.144531 0.604167 0.149414 0.610677 0.154297 0.610677 0.155273 0.611979 0.179688 0.611979 0.180664 0.613281 0.190430 0.611979 0.196289 0.606771 0.208984 0.585938 0.208984 0.576823 0.203125 0.561198 0.196289 0.553385 0.189453 0.550781 0.178711 0.532552 0.174805 0.528646 0.172852 0.523438 0.166016 0.516927 0.158203 0.516927 0.151367 0.519531
0 0.275391 0.205729 0.267578 0.221354 0.265625 0.233073 0.265625 0.244792 0.276367 0.274740 0.286133 0.289062 0.300781 0.299479 0.314453 0.304688 0.322266 0.299479 0.333008 0.296875 0.349609 0.281250 0.349609 0.278646 0.352539 0.273438 0.351562 0.269531 0.352539 0.240885 0.349609 0.225260 0.343750 0.216146 0.296875 0.191406 0.292969 0.191406 0.289062 0.195312 0.283203 0.197917
0 0.282227 0.296875 0.279297 0.298177 0.275391 0.303385 0.264648 0.308594 0.259766 0.313802 0.250000 0.328125 0.246094 0.330729 0.238281 0.341146 0.236328 0.346354 0.236328 0.351562 0.242188 0.365885 0.251953 0.376302 0.297852 0.399740 0.317383 0.388021 0.323242 0.380208 0.325195 0.372396 0.330078 0.365885 0.331055 0.361979 0.332031 0.342448 0.326172 0.325521 0.318359 0.313802 0.316406 0.313802 0.310547 0.308594 0.293945 0.302083 0.287109 0.296875
0 0.234375 0.407552 0.229492 0.419271 0.226562 0.432292 0.227539 0.447917 0.232422 0.459635 0.239258 0.468750 0.244141 0.479167 0.250977 0.486979 0.258789 0.489583 0.261719 0.493490 0.266602 0.493490 0.270508 0.489583 0.289062 0.488281 0.299805 0.481771 0.308594 0.470052 0.311523 0.460938 0.310547 0.433594 0.301758 0.415365 0.298828 0.406250 0.294922 0.402344 0.289062 0.399740 0.277344 0.399740 0.267578 0.397135 0.248047 0.397135 0.238281 0.402344
0 0.266602 0.516927 0.263672 0.516927 0.262695 0.518229 0.254883 0.520833 0.249023 0.526042 0.241211 0.536458 0.239258 0.542969 0.239258 0.550781 0.238281 0.552083 0.238281 0.557292 0.237305 0.558594 0.237305 0.563802 0.236328 0.565104 0.236328 0.572917 0.235352 0.574219 0.235352 0.576823 0.233398 0.579427 0.237305 0.589844 0.240234 0.593750 0.245117 0.597656 0.247070 0.601562 0.250977 0.605469 0.255859 0.606771 0.258789 0.609375 0.260742 0.609375 0.261719 0.608073 0.267578 0.608073 0.271484 0.605469 0.273438 0.601562 0.283203 0.589844 0.288086 0.576823 0.289062 0.563802 0.291016 0.557292 0.291016 0.550781 0.287109 0.540365 0.286133 0.540365 0.285156 0.537760 0.271484 0.519531 0.269531 0.519531
0 0.388672 0.278646 0.375977 0.276042 0.375000 0.277344 0.368164 0.277344 0.361328 0.281250 0.358398 0.281250 0.353516 0.287760 0.350586 0.289062 0.340820 0.303385 0.338867 0.311198 0.338867 0.320312 0.337891 0.321615 0.337891 0.329427 0.338867 0.330729 0.340820 0.348958 0.354492 0.368490 0.360352 0.373698 0.368164 0.376302 0.375000 0.376302 0.380859 0.372396 0.382812 0.368490 0.398438 0.351562 0.404297 0.338542 0.407227 0.335938 0.408203 0.332031 0.413086 0.325521 0.412109 0.317708 0.410156 0.315104 0.410156 0.308594 0.403320 0.298177 0.402344 0.294271 0.393555 0.282552
0 0.345703 0.378906 0.337891 0.381510 0.321289 0.401042 0.312500 0.420573 0.311523 0.428385 0.315430 0.446615 0.316406 0.457031 0.322266 0.470052 0.330078 0.480469 0.334961 0.484375 0.354492 0.485677 0.360352 0.483073 0.363281 0.479167 0.367188 0.468750 0.373047 0.458333 0.382812 0.430990 0.384766 0.416667 0.382812 0.408854 0.366211 0.386719 0.354492 0.380208
0 0.317383 0.481771 0.312500 0.485677 0.311523 0.488281 0.307617 0.492188 0.306641 0.496094 0.304688 0.498698 0.301758 0.507812 0.299805 0.510417 0.297852 0.523438 0.296875 0.524740 0.296875 0.529948 0.299805 0.537760 0.301758 0.548177 0.303711 0.552083 0.314453 0.563802 0.316406 0.563802 0.317383 0.565104 0.333984 0.565104 0.341797 0.559896 0.343750 0.557292 0.346680 0.549479 0.347656 0.542969 0.350586 0.535156 0.352539 0.516927 0.355469 0.507812 0.355469 0.500000 0.354492 0.497396 0.347656 0.489583 0.334961 0.488281 0.322266 0.481771
0 0.259766 0.621094 0.257812 0.630208 0.257812 0.636719 0.258789 0.638021 0.258789 0.643229 0.259766 0.644531 0.259766 0.649740 0.260742 0.651042 0.260742 0.656250 0.262695 0.665365 0.270508 0.679688 0.276367 0.686198 0.290039 0.686198 0.291016 0.687500 0.311523 0.687500 0.312500 0.686198 0.316406 0.686198 0.320312 0.679688 0.322266 0.673177 0.329102 0.662760 0.330078 0.653646 0.331055 0.652344 0.330078 0.631510 0.327148 0.623698 0.324219 0.619792 0.316406 0.614583 0.311523 0.609375 0.299805 0.608073 0.298828 0.606771 0.293945 0.606771 0.290039 0.604167 0.286133 0.604167 0.279297 0.608073 0.274414 0.608073 0.268555 0.611979
0 0.267578 0.691406 0.267578 0.695312 0.264648 0.704427 0.265625 0.720052 0.266602 0.721354 0.267578 0.726562 0.272461 0.733073 0.276367 0.734375 0.279297 0.736979 0.281250 0.736979 0.286133 0.740885 0.288086 0.740885 0.290039 0.743490 0.291992 0.743490 0.295898 0.746094 0.298828 0.746094 0.305664 0.750000 0.310547 0.750000 0.315430 0.746094 0.315430 0.739583 0.311523 0.729167 0.306641 0.725260 0.303711 0.721354 0.301758 0.716146 0.303711 0.709635 0.310547 0.699219 0.309570 0.695312 0.307617 0.695312 0.304688 0.692708 0.302734 0.692708 0.298828 0.690104 0.295898 0.690104 0.294922 0.688802 0.287109 0.688802 0.286133 0.687500 0.275391 0.687500 0.274414 0.688802 0.273438 0.687500 0.270508 0.687500
0 0.297852 0.768229 0.294922 0.766927 0.291992 0.768229 0.296875 0.772135 0.296875 0.777344 0.295898 0.778646 0.286133 0.778646 0.278320 0.773438 0.270508 0.773438 0.265625 0.778646 0.260742 0.781250 0.258789 0.783854 0.257812 0.790365 0.245117 0.807292 0.246094 0.811198 0.246094 0.835938 0.249023 0.841146 0.252930 0.843750 0.260742 0.854167 0.266602 0.858073 0.271484 0.858073 0.281250 0.852865 0.284180 0.847656 0.291016 0.841146 0.294922 0.830729 0.307617 0.812500 0.308594 0.805990 0.306641 0.796875 0.304688 0.792969 0.304688 0.786458 0.303711 0.782552 0.298828 0.777344
0 0.486328 0.207031 0.476562 0.208333 0.464844 0.214844 0.456055 0.214844 0.439453 0.223958 0.431641 0.236979 0.427734 0.251302 0.427734 0.260417 0.426758 0.261719 0.427734 0.266927 0.429688 0.266927 0.428711 0.265625 0.430664 0.259115 0.432617 0.260417 0.431641 0.277344 0.434570 0.273438 0.436523 0.278646 0.439453 0.279948 0.448242 0.291667 0.456055 0.294271 0.463867 0.300781 0.469727 0.300781 0.473633 0.305990 0.476562 0.307292 0.486328 0.304688 0.493164 0.298177 0.504883 0.277344 0.508789 0.257812 0.506836 0.252604 0.505859 0.240885 0.500000 0.221354 0.493164 0.209635
0 0.435547 0.337240 0.423828 0.338542 0.412109 0.345052 0.405273 0.355469 0.404297 0.360677 0.398438 0.365885 0.396484 0.373698 0.396484 0.382812 0.394531 0.390625 0.395508 0.414062 0.398438 0.421875 0.403320 0.429688 0.416992 0.440104 0.423828 0.440104 0.424805 0.441406 0.431641 0.440104 0.460938 0.401042 0.467773 0.386719 0.466797 0.373698 0.458984 0.355469 0.448242 0.342448
0 0.385742 0.450521 0.374023 0.466146 0.373047 0.475260 0.371094 0.477865 0.365234 0.479167 0.364258 0.481771 0.364258 0.497396 0.368164 0.510417 0.374023 0.520833 0.375977 0.528646 0.379883 0.535156 0.381836 0.535156 0.384766 0.537760 0.397461 0.539062 0.403320 0.541667 0.416992 0.541667 0.419922 0.540365 0.426758 0.533854 0.434570 0.523438 0.436523 0.513021 0.436523 0.497396 0.433594 0.489583 0.431641 0.486979 0.426758 0.472656 0.413086 0.447917 0.399414 0.446615 0.398438 0.447917 0.393555 0.447917
0 0.345703 0.559896 0.336914 0.566406 0.330078 0.575521 0.328125 0.580729 0.328125 0.584635 0.327148 0.585938 0.327148 0.619792 0.333984 0.632812 0.339844 0.639323 0.340820 0.643229 0.350586 0.647135 0.353516 0.649740 0.368164 0.652344 0.370117 0.649740 0.376953 0.645833 0.380859 0.641927 0.382812 0.638021 0.383789 0.626302 0.384766 0.625000 0.384766 0.610677 0.385742 0.609375 0.385742 0.584635 0.384766 0.580729 0.376953 0.570312 0.365234 0.559896 0.362305 0.559896 0.361328 0.558594
0 0.322266 0.686198 0.321289 0.691406 0.318359 0.692708 0.307617 0.705729 0.307617 0.709635 0.303711 0.716146 0.304688 0.720052 0.306641 0.722656 0.309570 0.722656 0.314453 0.730469 0.324219 0.764323 0.325195 0.778646 0.341797 0.783854 0.357422 0.777344 0.360352 0.773438 0.368164 0.768229 0.375977 0.757812 0.375977 0.751302 0.379883 0.746094 0.381836 0.734375 0.381836 0.717448 0.380859 0.716146 0.381836 0.707031 0.379883 0.696615 0.376953 0.695312 0.376953 0.687500 0.375977 0.687500 0.376953 0.695312 0.375000 0.703125 0.370117 0.707031 0.367188 0.707031 0.356445 0.697917 0.347656 0.696615 0.344727 0.694010 0.328125 0.692708 0.322266 0.696615 0.320312 0.694010 0.322266 0.691406
0 0.380859 0.753906 0.378906 0.760417 0.374023 0.766927 0.346680 0.785156 0.338867 0.786458 0.327148 0.781250 0.325195 0.782552 0.324219 0.794271 0.325195 0.795573 0.326172 0.807292 0.338867 0.839844 0.340820 0.842448 0.349609 0.846354 0.356445 0.851562 0.367188 0.851562 0.378906 0.846354 0.388672 0.837240 0.392578 0.830729 0.393555 0.816406 0.390625 0.802083 0.389648 0.770833 0.387695 0.766927 0.387695 0.761719 0.383789 0.760417 0.380859 0.756510
0 0.292969 0.847656 0.291016 0.854167 0.291016 0.859375 0.290039 0.860677 0.290039 0.871094 0.291016 0.872396 0.291992 0.881510 0.293945 0.885417 0.294922 0.891927 0.297852 0.897135 0.300781 0.906250 0.305664 0.911458 0.311523 0.912760 0.312500 0.914062 0.317383 0.914062 0.318359 0.915365 0.331055 0.915365 0.348633 0.907552 0.353516 0.903646 0.356445 0.898438 0.357422 0.886719 0.354492 0.882812 0.353516 0.876302 0.350586 0.868490 0.347656 0.863281 0.344727 0.860677 0.342773 0.850260 0.336914 0.842448 0.330078 0.837240 0.321289 0.837240 0.318359 0.834635 0.307617 0.834635 0.303711 0.838542 0.298828 0.841146
0 0.408203 0.803385 0.406250 0.804688 0.407227 0.805990 0.407227 0.809896 0.404297 0.813802 0.402344 0.815104 0.395508 0.815104 0.394531 0.816406 0.394531 0.828125 0.388672 0.838542 0.376953 0.848958 0.375000 0.848958 0.371094 0.851562 0.368164 0.851562 0.367188 0.852865 0.357422 0.852865 0.356445 0.854167 0.356445 0.861979 0.357422 0.863281 0.363281 0.863281 0.365234 0.864583 0.379883 0.881510 0.386719 0.881510 0.391602 0.878906 0.397461 0.878906 0.398438 0.877604 0.407227 0.876302 0.409180 0.871094 0.410156 0.859375 0.411133 0.858073 0.412109 0.851562 0.417969 0.839844 0.417969 0.837240 0.418945 0.835938 0.417969 0.829427 0.416016 0.824219 0.413086 0.820312 0.411133 0.815104 0.411133 0.812500 0.408203 0.808594
0 0.397461 0.770833 0.397461 0.774740 0.399414 0.779948 0.401367 0.779948 0.403320 0.777344 0.405273 0.779948 0.405273 0.781250 0.406250 0.781250 0.409180 0.785156 0.409180 0.786458 0.416992 0.799479 0.416992 0.800781 0.426758 0.807292 0.430664 0.807292 0.431641 0.805990 0.434570 0.805990 0.435547 0.804688 0.438477 0.804688 0.441406 0.802083 0.443359 0.802083 0.449219 0.795573 0.453125 0.792969 0.453125 0.791667 0.456055 0.786458 0.456055 0.770833 0.454102 0.769531 0.448242 0.769531 0.447266 0.768229 0.439453 0.768229 0.438477 0.766927 0.399414 0.766927
0 0.402344 0.673177 0.397461 0.679688 0.398438 0.684896 0.396484 0.687500 0.392578 0.686198 0.390625 0.688802 0.388672 0.697917 0.388672 0.720052 0.390625 0.727865 0.392578 0.747396 0.395508 0.753906 0.395508 0.756510 0.399414 0.763021 0.407227 0.765625 0.444336 0.765625 0.445312 0.766927 0.454102 0.766927 0.456055 0.764323 0.458984 0.751302 0.458984 0.718750 0.454102 0.696615 0.450195 0.690104 0.446289 0.690104 0.437500 0.684896 0.433594 0.684896 0.423828 0.678385 0.417969 0.678385 0.408203 0.673177
0 0.388672 0.615885 0.387695 0.619792 0.388672 0.648438 0.391602 0.658854 0.395508 0.665365 0.401367 0.669271 0.405273 0.669271 0.415039 0.674479 0.426758 0.677083 0.442383 0.684896 0.446289 0.684896 0.452148 0.680990 0.458008 0.666667 0.462891 0.643229 0.461914 0.619792 0.458984 0.614583 0.458008 0.609375 0.457031 0.621094 0.455078 0.623698 0.451172 0.617188 0.442383 0.614583 0.438477 0.605469 0.432617 0.604167 0.427734 0.600260 0.421875 0.600260 0.416016 0.605469 0.411133 0.605469 0.407227 0.608073 0.397461 0.619792 0.392578 0.630208 0.390625 0.628906 0.390625 0.622396
0 0.471680 0.494792 0.464844 0.493490 0.458984 0.497396 0.455078 0.497396 0.447266 0.501302 0.442383 0.506510 0.440430 0.513021 0.438477 0.514323 0.434570 0.526042 0.422852 0.539062 0.422852 0.549479 0.423828 0.550781 0.424805 0.559896 0.429688 0.570312 0.435547 0.578125 0.443359 0.582031 0.458008 0.583333 0.467773 0.578125 0.476562 0.570312 0.480469 0.569010 0.484375 0.563802 0.484375 0.558594 0.489258 0.542969 0.489258 0.535156 0.490234 0.532552 0.489258 0.531250 0.488281 0.519531 0.486328 0.513021 0.479492 0.501302
0 0.484375 0.403646 0.477539 0.408854 0.477539 0.412760 0.471680 0.423177 0.467773 0.436198 0.467773 0.445312 0.465820 0.449219 0.465820 0.451823 0.463867 0.454427 0.463867 0.458333 0.467773 0.466146 0.468750 0.476562 0.475586 0.486979 0.481445 0.490885 0.498047 0.494792 0.500977 0.492188 0.509766 0.489583 0.526367 0.476562 0.526367 0.475260 0.529297 0.472656 0.533203 0.463542 0.533203 0.454427 0.528320 0.440104 0.517578 0.421875 0.514648 0.412760 0.509766 0.406250 0.507812 0.404948 0.500977 0.404948 0.500000 0.403646 0.497070 0.403646 0.492188 0.406250 0.491211 0.404948
0 0.452148 0.338542 0.451172 0.341146 0.452148 0.343750 0.458984 0.352865 0.463867 0.363281 0.478516 0.381510 0.487305 0.395833 0.496094 0.402344 0.506836 0.402344 0.507812 0.401042 0.516602 0.399740 0.520508 0.397135 0.525391 0.390625 0.526367 0.380208 0.533203 0.364583 0.534180 0.351562 0.532227 0.345052 0.532227 0.335938 0.523438 0.322917 0.508789 0.311198 0.505859 0.307292 0.499023 0.307292 0.498047 0.308594 0.489258 0.307292 0.485352 0.308594 0.469727 0.321615 0.465820 0.322917
0 0.571289 0.272135 0.560547 0.272135 0.556641 0.276042 0.540039 0.277344 0.532227 0.283854 0.531250 0.286458 0.531250 0.295573 0.533203 0.302083 0.532227 0.325521 0.533203 0.326823 0.533203 0.332031 0.535156 0.341146 0.539062 0.347656 0.551758 0.356771 0.558594 0.355469 0.566406 0.351562 0.571289 0.351562 0.591797 0.342448 0.596680 0.338542 0.600586 0.337240 0.602539 0.333333 0.601562 0.317708 0.594727 0.298177 0.583008 0.282552
0 0.631836 0.341146 0.626953 0.337240 0.609375 0.338542 0.608398 0.339844 0.598633 0.341146 0.583008 0.348958 0.581055 0.351562 0.578125 0.360677 0.577148 0.373698 0.574219 0.378906 0.574219 0.384115 0.576172 0.386719 0.574219 0.391927 0.574219 0.398438 0.575195 0.402344 0.579102 0.408854 0.585938 0.415365 0.595703 0.416667 0.596680 0.417969 0.605469 0.417969 0.606445 0.416667 0.610352 0.416667 0.616211 0.414062 0.618164 0.411458 0.622070 0.411458 0.624023 0.408854 0.627930 0.407552 0.631836 0.402344 0.631836 0.398438 0.637695 0.390625 0.641602 0.380208 0.641602 0.371094 0.642578 0.369792 0.641602 0.360677 0.638672 0.356771 0.634766 0.345052
0 0.528320 0.433594 0.535156 0.453125 0.535156 0.459635 0.536133 0.460938 0.536133 0.464844 0.539062 0.470052 0.539062 0.475260 0.546875 0.488281 0.552734 0.490885 0.557617 0.496094 0.561523 0.502604 0.572266 0.501302 0.579102 0.496094 0.583984 0.494792 0.591797 0.488281 0.599609 0.476562 0.603516 0.462240 0.603516 0.454427 0.600586 0.446615 0.586914 0.433594 0.583984 0.432292 0.580078 0.427083 0.578125 0.427083 0.566406 0.417969 0.562500 0.417969 0.554688 0.421875 0.545898 0.423177 0.541016 0.425781 0.536133 0.432292
0 0.527344 0.486979 0.511719 0.496094 0.504883 0.505208 0.501953 0.505208 0.497070 0.507812 0.495117 0.513021 0.496094 0.516927 0.494141 0.522135 0.494141 0.528646 0.495117 0.529948 0.495117 0.549479 0.499023 0.555990 0.501953 0.557292 0.512695 0.570312 0.519531 0.572917 0.527344 0.579427 0.534180 0.580729 0.541992 0.576823 0.547852 0.571615 0.549805 0.571615 0.555664 0.563802 0.559570 0.552083 0.559570 0.539062 0.560547 0.537760 0.559570 0.536458 0.559570 0.520833 0.557617 0.514323 0.556641 0.501302 0.552734 0.494792 0.548828 0.492188 0.541016 0.490885 0.534180 0.486979
0 0.477539 0.589844 0.466797 0.602865 0.466797 0.605469 0.463867 0.611979 0.463867 0.617188 0.466797 0.630208 0.466797 0.640625 0.465820 0.641927 0.466797 0.664062 0.471680 0.669271 0.476562 0.670573 0.486328 0.679688 0.493164 0.683594 0.506836 0.683594 0.521484 0.674479 0.528320 0.666667 0.534180 0.652344 0.534180 0.639323 0.533203 0.638021 0.532227 0.626302 0.516602 0.604167 0.510742 0.600260 0.506836 0.595052 0.499023 0.589844 0.494141 0.589844 0.493164 0.588542 0.480469 0.588542
0 0.513672 0.699219 0.499023 0.697917 0.497070 0.700521 0.493164 0.700521 0.485352 0.695312 0.478516 0.697917 0.477539 0.701823 0.478516 0.703125 0.481445 0.701823 0.483398 0.705729 0.482422 0.707031 0.477539 0.707031 0.470703 0.710938 0.468750 0.713542 0.468750 0.716146 0.462891 0.722656 0.462891 0.727865 0.461914 0.729167 0.461914 0.747396 0.467773 0.761719 0.467773 0.766927 0.469727 0.773438 0.474609 0.779948 0.476562 0.779948 0.486328 0.786458 0.487305 0.785156 0.494141 0.783854 0.499023 0.779948 0.506836 0.769531 0.510742 0.766927 0.517578 0.759115 0.526367 0.746094 0.527344 0.738281 0.526367 0.736979 0.524414 0.722656 0.518555 0.712240 0.517578 0.707031
0 0.448242 0.813802 0.446289 0.816406 0.445312 0.820312 0.439453 0.826823 0.437500 0.834635 0.437500 0.845052 0.438477 0.846354 0.439453 0.855469 0.442383 0.860677 0.447266 0.865885 0.451172 0.867188 0.455078 0.871094 0.464844 0.873698 0.469727 0.877604 0.472656 0.877604 0.481445 0.884115 0.485352 0.884115 0.488281 0.880208 0.491211 0.878906 0.496094 0.872396 0.498047 0.865885 0.498047 0.858073 0.500977 0.850260 0.500977 0.845052 0.501953 0.843750 0.501953 0.833333 0.502930 0.832031 0.502930 0.824219 0.501953 0.821615 0.498047 0.816406 0.496094 0.816406 0.493164 0.812500 0.487305 0.808594 0.485352 0.808594 0.482422 0.811198 0.479492 0.811198 0.475586 0.807292 0.468750 0.807292 0.462891 0.809896 0.458984 0.813802
0 0.516602 0.813802 0.515625 0.815104 0.521484 0.819010 0.518555 0.821615 0.516602 0.821615 0.508789 0.830729 0.505859 0.841146 0.505859 0.865885 0.506836 0.867188 0.506836 0.871094 0.510742 0.878906 0.515625 0.882812 0.519531 0.884115 0.532227 0.897135 0.543945 0.906250 0.548828 0.906250 0.551758 0.903646 0.553711 0.898438 0.558594 0.891927 0.564453 0.877604 0.566406 0.860677 0.565430 0.859375 0.565430 0.848958 0.564453 0.847656 0.563477 0.835938 0.559570 0.825521 0.546875 0.820312 0.544922 0.817708 0.527344 0.815104 0.526367 0.813802
0 0.514648 0.772135 0.514648 0.774740 0.513672 0.776042 0.513672 0.782552 0.515625 0.786458 0.518555 0.800781 0.522461 0.805990 0.522461 0.807292 0.528320 0.811198 0.544922 0.811198 0.545898 0.812500 0.555664 0.812500 0.556641 0.813802 0.562500 0.813802 0.564453 0.815104 0.565430 0.813802 0.570312 0.812500 0.574219 0.808594 0.578125 0.794271 0.578125 0.790365 0.579102 0.789062 0.579102 0.786458 0.578125 0.785156 0.578125 0.774740 0.579102 0.773438 0.579102 0.770833 0.576172 0.765625 0.571289 0.761719 0.568359 0.752604 0.565430 0.752604 0.564453 0.753906 0.543945 0.753906 0.540039 0.751302 0.536133 0.751302 0.521484 0.761719
0 0.546875 0.651042 0.544922 0.653646 0.539062 0.656250 0.531250 0.666667 0.530273 0.674479 0.528320 0.678385 0.527344 0.690104 0.523438 0.699219 0.523438 0.712240 0.526367 0.720052 0.527344 0.731771 0.529297 0.739583 0.538086 0.748698 0.541016 0.748698 0.541992 0.750000 0.560547 0.750000 0.561523 0.748698 0.565430 0.748698 0.568359 0.747396 0.573242 0.740885 0.581055 0.726562 0.584961 0.712240 0.584961 0.703125 0.585938 0.701823 0.585938 0.696615 0.584961 0.695312 0.586914 0.690104 0.585938 0.682292 0.583008 0.677083 0.567383 0.662760 0.563477 0.657552
0 0.566406 0.559896 0.559570 0.563802 0.546875 0.580729 0.544922 0.591146 0.541992 0.596354 0.542969 0.611979 0.541016 0.614583 0.539062 0.614583 0.538086 0.617188 0.541016 0.631510 0.547852 0.643229 0.552734 0.644531 0.555664 0.648438 0.565430 0.654948 0.571289 0.657552 0.582031 0.658854 0.586914 0.653646 0.587891 0.649740 0.591797 0.643229 0.593750 0.632812 0.599609 0.615885 0.605469 0.591146 0.602539 0.582031 0.599609 0.578125 0.595703 0.575521 0.586914 0.574219 0.583984 0.571615 0.579102 0.570312 0.578125 0.569010 0.579102 0.567708 0.578125 0.563802 0.572266 0.559896
0 0.586914 0.516927 0.586914 0.518229 0.590820 0.522135 0.590820 0.526042 0.589844 0.528646 0.586914 0.531250 0.586914 0.537760 0.583984 0.539062 0.583984 0.544271 0.579102 0.552083 0.579102 0.559896 0.581055 0.561198 0.586914 0.570312 0.600586 0.575521 0.603516 0.582031 0.607422 0.587240 0.611328 0.587240 0.615234 0.589844 0.624023 0.589844 0.626953 0.587240 0.629883 0.587240 0.642578 0.578125 0.647461 0.567708 0.647461 0.562500 0.649414 0.555990 0.646484 0.542969 0.625977 0.516927 0.625977 0.513021 0.623047 0.509115 0.618164 0.506510 0.609375 0.506510 0.608398 0.507812 0.604492 0.507812 0.603516 0.509115 0.599609 0.509115 0.593750 0.511719 0.588867 0.516927
0 0.621094 0.432292 0.615234 0.436198 0.609375 0.444010 0.605469 0.453125 0.605469 0.473958 0.606445 0.475260 0.605469 0.485677 0.607422 0.488281 0.611328 0.500000 0.615234 0.503906 0.622070 0.505208 0.628906 0.514323 0.632812 0.522135 0.634766 0.523438 0.635742 0.522135 0.640625 0.522135 0.641602 0.520833 0.648438 0.519531 0.657227 0.511719 0.662109 0.503906 0.669922 0.494792 0.671875 0.485677 0.668945 0.472656 0.668945 0.467448 0.665039 0.457031 0.661133 0.450521 0.659180 0.442708 0.657227 0.440104 0.642578 0.433594 0.634766 0.433594 0.627930 0.430990
0 0.667969 0.286458 0.662109 0.286458 0.657227 0.291667 0.653320 0.290365 0.646484 0.304688 0.645508 0.315104 0.641602 0.322917 0.640625 0.329427 0.638672 0.333333 0.637695 0.345052 0.640625 0.356771 0.643555 0.361979 0.644531 0.368490 0.649414 0.375000 0.653320 0.375000 0.655273 0.377604 0.653320 0.381510 0.655273 0.382812 0.664062 0.382812 0.677734 0.377604 0.687500 0.369792 0.689453 0.369792 0.703125 0.355469 0.708984 0.335938 0.708984 0.321615 0.704102 0.309896 0.677734 0.290365
0 0.732422 0.378906 0.727539 0.376302 0.721680 0.376302 0.716797 0.371094 0.713867 0.371094 0.710938 0.367188 0.708008 0.365885 0.705078 0.367188 0.701172 0.373698 0.695312 0.373698 0.692383 0.380208 0.688477 0.381510 0.688477 0.385417 0.691406 0.386719 0.696289 0.385417 0.697266 0.388021 0.692383 0.390625 0.690430 0.403646 0.688477 0.407552 0.687500 0.420573 0.684570 0.432292 0.685547 0.437500 0.684570 0.442708 0.685547 0.454427 0.691406 0.457031 0.701172 0.458333 0.707031 0.451823 0.719727 0.451823 0.732422 0.444010 0.743164 0.434896 0.746094 0.425781 0.746094 0.417969 0.745117 0.416667 0.744141 0.404948 0.740234 0.394531 0.737305 0.390625 0.735352 0.382812
0 0.711914 0.454427 0.708008 0.457031 0.706055 0.460938 0.703125 0.462240 0.700195 0.466146 0.689453 0.464844 0.689453 0.470052 0.688477 0.471354 0.688477 0.479167 0.689453 0.480469 0.688477 0.510417 0.685547 0.516927 0.687500 0.520833 0.688477 0.527344 0.691406 0.531250 0.692383 0.536458 0.695312 0.541667 0.699219 0.544271 0.713867 0.544271 0.714844 0.545573 0.719727 0.545573 0.740234 0.532552 0.744141 0.527344 0.743164 0.523438 0.747070 0.513021 0.750000 0.498698 0.750000 0.484375 0.738281 0.471354 0.727539 0.464844 0.721680 0.458333 0.715820 0.454427
0 0.654297 0.563802 0.653320 0.566406 0.653320 0.572917 0.654297 0.574219 0.653320 0.582031 0.656250 0.585938 0.657227 0.597656 0.652344 0.610677 0.656250 0.623698 0.656250 0.632812 0.661133 0.639323 0.666016 0.641927 0.673828 0.641927 0.674805 0.643229 0.696289 0.645833 0.697266 0.647135 0.708008 0.647135 0.712891 0.645833 0.716797 0.641927 0.720703 0.643229 0.724609 0.640625 0.725586 0.638021 0.725586 0.610677 0.723633 0.597656 0.720703 0.588542 0.710938 0.574219 0.700195 0.565104 0.694336 0.562500 0.689453 0.557292 0.670898 0.552083 0.664062 0.552083 0.662109 0.557292
0 0.608398 0.609375 0.604492 0.614583 0.601562 0.622396 0.600586 0.628906 0.597656 0.635417 0.596680 0.648438 0.593750 0.656250 0.592773 0.664062 0.612305 0.690104 0.614258 0.690104 0.616211 0.692708 0.626953 0.699219 0.633789 0.699219 0.634766 0.700521 0.644531 0.699219 0.650391 0.694010 0.651367 0.682292 0.655273 0.670573 0.656250 0.660156 0.657227 0.658854 0.657227 0.638021 0.654297 0.632812 0.652344 0.617188 0.649414 0.613281 0.630859 0.604167 0.617188 0.604167
0 0.638672 0.708333 0.635742 0.708333 0.634766 0.709635 0.629883 0.705729 0.618164 0.705729 0.607422 0.696615 0.593750 0.699219 0.593750 0.701823 0.595703 0.704427 0.594727 0.709635 0.591797 0.712240 0.590820 0.716146 0.587891 0.720052 0.586914 0.725260 0.583984 0.729167 0.583008 0.734375 0.576172 0.744792 0.576172 0.752604 0.579102 0.761719 0.589844 0.778646 0.593750 0.781250 0.598633 0.781250 0.620117 0.773438 0.633789 0.772135 0.640625 0.764323 0.643555 0.753906 0.645508 0.751302 0.646484 0.740885 0.645508 0.739583 0.645508 0.733073 0.644531 0.731771 0.642578 0.714844
0 0.620117 0.777344 0.614258 0.777344 0.611328 0.781250 0.604492 0.781250 0.603516 0.782552 0.597656 0.782552 0.596680 0.783854 0.593750 0.783854 0.589844 0.781250 0.583984 0.772135 0.581055 0.772135 0.579102 0.776042 0.580078 0.790365 0.577148 0.798177 0.576172 0.805990 0.575195 0.808594 0.569336 0.813802 0.566406 0.819010 0.572266 0.822917 0.575195 0.822917 0.577148 0.825521 0.579102 0.825521 0.580078 0.826823 0.585938 0.826823 0.586914 0.828125 0.592773 0.826823 0.595703 0.821615 0.595703 0.819010 0.601562 0.804688 0.602539 0.799479 0.607422 0.790365 0.608398 0.790365 0.611328 0.795573 0.611328 0.802083 0.610352 0.804688 0.611328 0.805990 0.615234 0.802083 0.616211 0.796875 0.619141 0.792969 0.619141 0.782552 0.620117 0.781250
0 0.626953 0.847656 0.626953 0.850260 0.629883 0.854167 0.631836 0.859375 0.632812 0.865885 0.634766 0.869792 0.642578 0.872396 0.646484 0.876302 0.651367 0.877604 0.654297 0.880208 0.657227 0.880208 0.661133 0.882812 0.665039 0.888021 0.667969 0.888021 0.668945 0.889323 0.673828 0.889323 0.677734 0.885417 0.680664 0.884115 0.685547 0.877604 0.686523 0.873698 0.694336 0.861979 0.694336 0.850260 0.691406 0.846354 0.688477 0.845052 0.681641 0.837240 0.678711 0.837240 0.677734 0.835938 0.674805 0.835938 0.673828 0.837240 0.669922 0.832031 0.665039 0.830729 0.661133 0.825521 0.657227 0.822917 0.652344 0.822917 0.651367 0.824219 0.649414 0.824219 0.641602 0.832031 0.639648 0.832031 0.635742 0.834635 0.632812 0.841146
0 0.648438 0.731771 0.647461 0.734375 0.647461 0.743490 0.648438 0.744792 0.647461 0.751302 0.645508 0.753906 0.645508 0.756510 0.638672 0.772135 0.633789 0.778646 0.635742 0.786458 0.643555 0.794271 0.646484 0.794271 0.660156 0.802083 0.670898 0.803385 0.671875 0.802083 0.682617 0.802083 0.685547 0.800781 0.689453 0.791667 0.695312 0.783854 0.699219 0.776042 0.699219 0.742188 0.697266 0.739583 0.694336 0.739583 0.687500 0.744792 0.679688 0.746094 0.666016 0.729167 0.663086 0.729167 0.661133 0.731771 0.653320 0.731771 0.652344 0.730469
0 0.670898 0.645833 0.664062 0.649740 0.663086 0.652344 0.663086 0.658854 0.658203 0.665365 0.658203 0.667969 0.655273 0.674479 0.653320 0.682292 0.653320 0.687500 0.654297 0.688802 0.654297 0.694010 0.658203 0.704427 0.662109 0.710938 0.666016 0.722656 0.669922 0.729167 0.672852 0.736979 0.677734 0.743490 0.684570 0.743490 0.694336 0.736979 0.704102 0.726562 0.710938 0.709635 0.711914 0.703125 0.715820 0.692708 0.715820 0.682292 0.710938 0.674479 0.708984 0.665365 0.703125 0.656250 0.691406 0.649740 0.685547 0.649740 0.681641 0.647135
0 0.754883 0.403646 0.753906 0.404948 0.746094 0.406250 0.746094 0.412760 0.747070 0.414062 0.747070 0.428385 0.746094 0.432292 0.742188 0.438802 0.739258 0.440104 0.738281 0.442708 0.734375 0.445312 0.736328 0.449219 0.735352 0.455729 0.738281 0.459635 0.738281 0.462240 0.740234 0.464844 0.740234 0.470052 0.748047 0.477865 0.757812 0.492188 0.762695 0.493490 0.764648 0.490885 0.768555 0.488281 0.771484 0.488281 0.775391 0.484375 0.780273 0.481771 0.786133 0.475260 0.790039 0.468750 0.794922 0.454427 0.794922 0.445312 0.774414 0.407552 0.769531 0.404948 0.765625 0.404948 0.764648 0.403646
0 0.753906 0.502604 0.751953 0.505208 0.751953 0.513021 0.753906 0.516927 0.746094 0.529948 0.743164 0.537760 0.745117 0.558594 0.743164 0.563802 0.742188 0.562500 0.739258 0.563802 0.740234 0.569010 0.742188 0.569010 0.750977 0.579427 0.756836 0.582031 0.760742 0.582031 0.761719 0.583333 0.785156 0.583333 0.787109 0.582031 0.799805 0.563802 0.801758 0.557292 0.801758 0.553385 0.803711 0.550781 0.805664 0.544271 0.804688 0.536458 0.799805 0.520833 0.791992 0.510417 0.784180 0.505208 0.776367 0.503906 0.775391 0.502604 0.765625 0.502604 0.764648 0.503906 0.761719 0.502604
0 0.736328 0.584635 0.726562 0.592448 0.725586 0.595052 0.727539 0.600260 0.727539 0.604167 0.726562 0.605469 0.726562 0.614583 0.727539 0.615885 0.726562 0.630208 0.727539 0.631510 0.727539 0.638021 0.726562 0.640625 0.718750 0.649740 0.718750 0.665365 0.719727 0.667969 0.724609 0.669271 0.731445 0.674479 0.741211 0.675781 0.742188 0.677083 0.750000 0.677083 0.752930 0.675781 0.757812 0.669271 0.766602 0.665365 0.771484 0.657552 0.775391 0.653646 0.779297 0.644531 0.779297 0.634115 0.775391 0.623698 0.766602 0.610677 0.763672 0.602865 0.759766 0.597656 0.756836 0.591146 0.750977 0.584635 0.748047 0.584635 0.747070 0.585938
0 0.729492 0.678385 0.724609 0.683594 0.721680 0.684896 0.718750 0.690104 0.718750 0.695312 0.716797 0.699219 0.716797 0.704427 0.713867 0.710938 0.713867 0.716146 0.711914 0.720052 0.711914 0.722656 0.713867 0.726562 0.712891 0.727865 0.712891 0.733073 0.715820 0.738281 0.722656 0.743490 0.728516 0.750000 0.741211 0.753906 0.744141 0.757812 0.751953 0.756510 0.757812 0.750000 0.763672 0.746094 0.767578 0.740885 0.770508 0.739583 0.774414 0.730469 0.777344 0.726562 0.778320 0.717448 0.779297 0.716146 0.779297 0.707031 0.780273 0.705729 0.779297 0.700521 0.772461 0.692708 0.767578 0.690104 0.765625 0.687500 0.761719 0.686198 0.754883 0.679688
0 0.704102 0.756510 0.703125 0.759115 0.704102 0.764323 0.708984 0.766927 0.705078 0.768229 0.703125 0.770833 0.702148 0.777344 0.688477 0.809896 0.689453 0.820312 0.696289 0.832031 0.713867 0.846354 0.726562 0.847656 0.727539 0.846354 0.733398 0.846354 0.744141 0.841146 0.749023 0.835938 0.756836 0.812500 0.756836 0.802083 0.750000 0.777344 0.749023 0.769531 0.739258 0.760417 0.722656 0.753906 0.709961 0.753906
0 0.798828 0.595052 0.797852 0.596354 0.800781 0.597656 0.801758 0.601562 0.795898 0.611979 0.799805 0.621094 0.793945 0.628906 0.791016 0.625000 0.789062 0.626302 0.792969 0.632812 0.791016 0.638021 0.786133 0.644531 0.783203 0.644531 0.781250 0.648438 0.782227 0.653646 0.786133 0.649740 0.789062 0.653646 0.788086 0.658854 0.791016 0.665365 0.791016 0.671875 0.789062 0.679688 0.791992 0.684896 0.804688 0.694010 0.811523 0.695312 0.820312 0.700521 0.828125 0.700521 0.832031 0.695312 0.831055 0.690104 0.834961 0.678385 0.840820 0.673177 0.844727 0.661458 0.851562 0.652344 0.851562 0.638021 0.849609 0.628906 0.844727 0.617188 0.838867 0.614583 0.831055 0.604167 0.814453 0.600260 0.808594 0.596354 0.799805 0.596354
0 0.839844 0.682292 0.836914 0.682292 0.833984 0.686198 0.833984 0.692708 0.834961 0.695312 0.831055 0.701823 0.828125 0.703125 0.824219 0.703125 0.823242 0.701823 0.819336 0.701823 0.818359 0.700521 0.807617 0.697917 0.796875 0.691406 0.790039 0.691406 0.790039 0.692708 0.784180 0.699219 0.781250 0.708333 0.780273 0.723958 0.778320 0.730469 0.780273 0.740885 0.783203 0.744792 0.786133 0.746094 0.788086 0.750000 0.791016 0.751302 0.798828 0.751302 0.799805 0.752604 0.812500 0.753906 0.813477 0.755208 0.822266 0.753906 0.827148 0.751302 0.837891 0.739583 0.845703 0.716146 0.846680 0.700521 0.845703 0.699219 0.845703 0.695312
0 0.760742 0.789062 0.758789 0.791667 0.759766 0.808594 0.751953 0.834635 0.752930 0.838542 0.762695 0.848958 0.769531 0.852865 0.773438 0.852865 0.774414 0.851562 0.792969 0.851562 0.793945 0.852865 0.797852 0.852865 0.798828 0.851562 0.801758 0.851562 0.815430 0.829427 0.817383 0.820312 0.820312 0.813802 0.820312 0.807292 0.813477 0.794271 0.808594 0.789062 0.802734 0.785156 0.797852 0.785156 0.796875 0.783854 0.776367 0.783854 0.771484 0.787760 0.762695 0.800781 0.760742 0.798177 0.760742 0.791667 0.762695 0.790365 0.763672 0.787760
0 0.780273 0.855469 0.779297 0.856771 0.782227 0.859375 0.791992 0.858073 0.792969 0.859375 0.792969 0.863281 0.795898 0.865885 0.794922 0.867188 0.783203 0.868490 0.778320 0.873698 0.774414 0.873698 0.765625 0.886719 0.763672 0.886719 0.758789 0.893229 0.758789 0.903646 0.756836 0.907552 0.758789 0.912760 0.758789 0.916667 0.757812 0.917969 0.758789 0.919271 0.768555 0.920573 0.784180 0.933594 0.791016 0.934896 0.797852 0.932292 0.803711 0.927083 0.808594 0.919271 0.809570 0.914062 0.814453 0.907552 0.814453 0.903646 0.812500 0.898438 0.812500 0.893229 0.809570 0.878906 0.805664 0.876302 0.805664 0.871094 0.802734 0.873698 0.799805 0.871094 0.803711 0.868490 0.802734 0.865885 0.798828 0.865885 0.792969 0.856771 0.790039 0.855469
