0 0.176758 0.313802 0.159180 0.312500 0.151367 0.315104 0.137695 0.315104 0.133789 0.316406 0.130859 0.320312 0.129883 0.330729 0.126953 0.334635 0.124023 0.335938 0.122070 0.341146 0.122070 0.346354 0.121094 0.347656 0.121094 0.368490 0.125977 0.386719 0.134766 0.403646 0.147461 0.403646 0.148438 0.402344 0.174805 0.403646 0.178711 0.402344 0.182617 0.398438 0.181641 0.393229 0.187500 0.381510 0.187500 0.376302 0.189453 0.371094 0.188477 0.369792 0.189453 0.354167 0.187500 0.347656 0.188477 0.339844 0.186523 0.335938 0.187500 0.330729
0 0.247070 0.316406 0.232422 0.325521 0.221680 0.335938 0.219727 0.345052 0.220703 0.358073 0.226562 0.382812 0.230469 0.389323 0.233398 0.398438 0.237305 0.402344 0.248047 0.406250 0.253906 0.412760 0.261719 0.412760 0.272461 0.406250 0.275391 0.401042 0.281250 0.395833 0.289062 0.378906 0.288086 0.371094 0.284180 0.367188 0.282227 0.360677 0.280273 0.358073 0.279297 0.351562 0.263672 0.321615 0.251953 0.316406
0 0.090820 0.368490 0.086914 0.375000 0.086914 0.377604 0.078125 0.398438 0.078125 0.402344 0.075195 0.414062 0.075195 0.425781 0.082031 0.436198 0.086914 0.453125 0.101562 0.462240 0.112305 0.464844 0.113281 0.466146 0.119141 0.466146 0.132812 0.460938 0.135742 0.458333 0.138672 0.450521 0.138672 0.419271 0.137695 0.415365 0.125977 0.393229 0.125000 0.386719 0.121094 0.375000 0.119141 0.372396 0.108398 0.373698 0.096680 0.367188
0 0.530273 0.122396 0.524414 0.125000 0.519531 0.130208 0.516602 0.138021 0.513672 0.138021 0.512695 0.151042 0.508789 0.157552 0.505859 0.166667 0.500000 0.178385 0.500000 0.188802 0.501953 0.192708 0.502930 0.200521 0.504883 0.205729 0.515625 0.217448 0.523438 0.220052 0.525391 0.222656 0.528320 0.222656 0.532227 0.225260 0.545898 0.223958 0.559570 0.213542 0.568359 0.200521 0.571289 0.191406 0.572266 0.179688 0.568359 0.170573 0.566406 0.158854 0.563477 0.152344 0.563477 0.140625 0.556641 0.131510 0.554688 0.131510 0.552734 0.128906 0.544922 0.126302 0.539062 0.122396
0 0.458984 0.160156 0.447266 0.169271 0.447266 0.173177 0.439453 0.182292 0.435547 0.177083 0.423828 0.190104 0.419922 0.217448 0.420898 0.225260 0.425781 0.239583 0.426758 0.257812 0.428711 0.261719 0.446289 0.272135 0.454102 0.279948 0.468750 0.285156 0.474609 0.285156 0.489258 0.277344 0.505859 0.252604 0.505859 0.242188 0.503906 0.236979 0.503906 0.212240 0.499023 0.188802 0.495117 0.178385 0.489258 0.170573 0.473633 0.158854
0 0.625977 0.188802 0.620117 0.186198 0.611328 0.186198 0.610352 0.184896 0.606445 0.184896 0.605469 0.186198 0.586914 0.186198 0.579102 0.190104 0.571289 0.199219 0.565430 0.221354 0.564453 0.234375 0.565430 0.235677 0.565430 0.246094 0.569336 0.253906 0.576172 0.261719 0.576172 0.268229 0.577148 0.269531 0.582031 0.270833 0.586914 0.276042 0.612305 0.274740 0.617188 0.270833 0.624023 0.261719 0.631836 0.246094 0.633789 0.234375 0.636719 0.227865 0.636719 0.218750 0.638672 0.212240 0.637695 0.205729
0 0.679688 0.200521 0.668945 0.200521 0.656250 0.205729 0.644531 0.220052 0.640625 0.229167 0.638672 0.248698 0.635742 0.257812 0.635742 0.264323 0.634766 0.265625 0.635742 0.277344 0.641602 0.295573 0.646484 0.302083 0.651367 0.305990 0.655273 0.307292 0.666016 0.305990 0.672852 0.296875 0.681641 0.290365 0.688477 0.287760 0.693359 0.281250 0.696289 0.270833 0.701172 0.261719 0.701172 0.250000 0.699219 0.246094 0.699219 0.242188 0.694336 0.225260 0.692383 0.210938 0.686523 0.204427
0 0.549805 0.226562 0.538086 0.229167 0.534180 0.231771 0.529297 0.231771 0.524414 0.234375 0.521484 0.238281 0.518555 0.246094 0.507812 0.260417 0.505859 0.265625 0.504883 0.283854 0.508789 0.299479 0.511719 0.304688 0.521484 0.312500 0.531250 0.322917 0.543945 0.322917 0.544922 0.321615 0.559570 0.320312 0.561523 0.317708 0.563477 0.317708 0.569336 0.309896 0.576172 0.304688 0.579102 0.296875 0.579102 0.282552 0.564453 0.255208 0.562500 0.248698 0.557617 0.240885 0.552734 0.229167
0 0.425781 0.311198 0.422852 0.320312 0.420898 0.335938 0.423828 0.350260 0.426758 0.355469 0.429688 0.356771 0.437500 0.356771 0.448242 0.361979 0.451172 0.361979 0.453125 0.364583 0.458008 0.367188 0.463867 0.367188 0.468750 0.361979 0.471680 0.351562 0.474609 0.351562 0.484375 0.358073 0.486328 0.358073 0.491211 0.351562 0.494141 0.339844 0.494141 0.332031 0.495117 0.330729 0.493164 0.313802 0.489258 0.305990 0.478516 0.298177 0.474609 0.291667 0.462891 0.289062 0.454102 0.285156 0.441406 0.292969 0.439453 0.295573 0.433594 0.298177
0 0.351562 0.277344 0.343750 0.287760 0.342773 0.298177 0.341797 0.299479 0.341797 0.311198 0.343750 0.317708 0.344727 0.328125 0.348633 0.334635 0.350586 0.346354 0.353516 0.351562 0.361328 0.354167 0.369141 0.359375 0.393555 0.360677 0.403320 0.347656 0.406250 0.346354 0.414062 0.334635 0.416016 0.329427 0.416016 0.312500 0.415039 0.311198 0.414062 0.299479 0.411133 0.292969 0.411133 0.289062 0.408203 0.285156 0.403320 0.281250 0.397461 0.278646 0.391602 0.278646 0.390625 0.277344 0.381836 0.277344 0.380859 0.276042 0.353516 0.276042
0 0.589844 0.286458 0.586914 0.287760 0.581055 0.294271 0.581055 0.296875 0.578125 0.304688 0.572266 0.313802 0.571289 0.317708 0.570312 0.345052 0.577148 0.354167 0.577148 0.356771 0.580078 0.360677 0.581055 0.364583 0.589844 0.377604 0.591797 0.378906 0.597656 0.378906 0.598633 0.380208 0.610352 0.380208 0.611328 0.378906 0.614258 0.378906 0.616211 0.377604 0.620117 0.371094 0.623047 0.369792 0.630859 0.360677 0.636719 0.346354 0.636719 0.334635 0.631836 0.321615 0.627930 0.316406 0.625977 0.309896 0.612305 0.286458 0.610352 0.285156
0 0.692383 0.289062 0.675781 0.309896 0.673828 0.315104 0.673828 0.319010 0.670898 0.321615 0.667969 0.326823 0.666992 0.346354 0.669922 0.355469 0.669922 0.359375 0.672852 0.363281 0.682617 0.368490 0.689453 0.378906 0.717773 0.378906 0.721680 0.376302 0.729492 0.365885 0.731445 0.361979 0.732422 0.351562 0.735352 0.345052 0.735352 0.338542 0.733398 0.333333 0.732422 0.322917 0.730469 0.317708 0.728516 0.304688 0.724609 0.299479 0.713867 0.292969 0.711914 0.292969 0.708008 0.289062 0.702148 0.289062 0.701172 0.287760
0 0.736328 0.350260 0.735352 0.360677 0.733398 0.363281 0.730469 0.372396 0.730469 0.385417 0.729492 0.386719 0.730469 0.389323 0.730469 0.398438 0.735352 0.410156 0.745117 0.420573 0.751953 0.430990 0.759766 0.430990 0.780273 0.424479 0.788086 0.424479 0.791992 0.421875 0.796875 0.421875 0.801758 0.419271 0.807617 0.412760 0.806641 0.386719 0.803711 0.375000 0.796875 0.359375 0.792969 0.355469 0.791992 0.351562 0.786133 0.345052 0.750000 0.345052
0 0.616211 0.389323 0.616211 0.398438 0.618164 0.403646 0.618164 0.407552 0.625000 0.419271 0.625000 0.421875 0.628906 0.429688 0.635742 0.432292 0.650391 0.442708 0.653320 0.441406 0.655273 0.442708 0.661133 0.441406 0.666992 0.433594 0.671875 0.430990 0.673828 0.428385 0.681641 0.425781 0.685547 0.420573 0.688477 0.408854 0.688477 0.401042 0.689453 0.399740 0.688477 0.384115 0.686523 0.378906 0.683594 0.376302 0.682617 0.372396 0.676758 0.367188 0.666016 0.363281 0.656250 0.356771 0.645508 0.352865 0.636719 0.352865 0.625000 0.372396 0.623047 0.378906 0.618164 0.384115
0 0.528320 0.329427 0.521484 0.335938 0.506836 0.355469 0.504883 0.360677 0.506836 0.377604 0.512695 0.394531 0.514648 0.397135 0.515625 0.402344 0.523438 0.411458 0.530273 0.415365 0.542969 0.415365 0.546875 0.419271 0.549805 0.419271 0.557617 0.408854 0.568359 0.399740 0.577148 0.386719 0.579102 0.377604 0.578125 0.373698 0.578125 0.361979 0.576172 0.356771 0.570312 0.348958 0.566406 0.346354 0.540039 0.334635 0.537109 0.332031
0 0.327148 0.348958 0.322266 0.351562 0.307617 0.375000 0.305664 0.384115 0.305664 0.404948 0.308594 0.411458 0.310547 0.429688 0.313477 0.434896 0.326172 0.441406 0.334961 0.441406 0.340820 0.438802 0.340820 0.437500 0.350586 0.425781 0.354492 0.416667 0.354492 0.411458 0.357422 0.401042 0.369141 0.386719 0.372070 0.381510 0.373047 0.376302 0.365234 0.360677 0.362305 0.360677 0.361328 0.361979 0.349609 0.351562 0.345703 0.351562 0.340820 0.348958
0 0.426758 0.372396 0.422852 0.372396 0.410156 0.367188 0.402344 0.367188 0.394531 0.363281 0.389648 0.365885 0.363281 0.395833 0.357422 0.403646 0.356445 0.407552 0.356445 0.423177 0.358398 0.427083 0.358398 0.433594 0.363281 0.444010 0.368164 0.449219 0.377930 0.450521 0.388672 0.457031 0.398438 0.457031 0.411133 0.451823 0.422852 0.441406 0.427734 0.433594 0.428711 0.424479 0.435547 0.407552 0.437500 0.398438 0.437500 0.391927 0.435547 0.386719 0.429688 0.380208
0 0.478516 0.355469 0.474609 0.355469 0.463867 0.369792 0.454102 0.380208 0.442383 0.395833 0.435547 0.412760 0.434570 0.419271 0.436523 0.424479 0.437500 0.432292 0.442383 0.440104 0.446289 0.450521 0.454102 0.458333 0.467773 0.458333 0.473633 0.455729 0.479492 0.455729 0.486328 0.450521 0.499023 0.444010 0.500977 0.441406 0.502930 0.433594 0.506836 0.427083 0.511719 0.412760 0.511719 0.406250 0.509766 0.397135 0.500977 0.377604 0.495117 0.371094 0.488281 0.369792 0.486328 0.367188 0.485352 0.361979
0 0.601562 0.399740 0.593750 0.398438 0.580078 0.403646 0.572266 0.408854 0.568359 0.414062 0.563477 0.416667 0.561523 0.423177 0.559570 0.425781 0.554688 0.445312 0.554688 0.457031 0.563477 0.479167 0.568359 0.485677 0.575195 0.490885 0.585938 0.493490 0.586914 0.492188 0.592773 0.492188 0.598633 0.489583 0.614258 0.477865 0.616211 0.475260 0.621094 0.460938 0.622070 0.454427 0.624023 0.450521 0.624023 0.429688 0.621094 0.419271 0.613281 0.407552
0 0.713867 0.401042 0.702148 0.401042 0.692383 0.407552 0.689453 0.412760 0.686523 0.423177 0.675781 0.438802 0.674805 0.444010 0.677734 0.450521 0.677734 0.457031 0.676758 0.458333 0.676758 0.473958 0.677734 0.476562 0.685547 0.486979 0.686523 0.485677 0.691406 0.486979 0.694336 0.490885 0.696289 0.497396 0.701172 0.502604 0.708008 0.502604 0.711914 0.500000 0.723633 0.486979 0.729492 0.476562 0.730469 0.472656 0.740234 0.458333 0.741211 0.454427 0.745117 0.447917 0.746094 0.433594 0.742188 0.423177 0.737305 0.417969 0.729492 0.414062 0.720703 0.404948
0 0.775391 0.433594 0.766602 0.447917 0.760742 0.454427 0.754883 0.468750 0.754883 0.475260 0.758789 0.481771 0.758789 0.486979 0.762695 0.488281 0.772461 0.505208 0.780273 0.509115 0.789062 0.518229 0.791016 0.522135 0.795898 0.520833 0.820312 0.520833 0.830078 0.513021 0.832031 0.509115 0.833008 0.501302 0.838867 0.494792 0.840820 0.481771 0.833008 0.468750 0.831055 0.459635 0.826172 0.447917 0.818359 0.438802 0.807617 0.433594 0.799805 0.433594 0.798828 0.432292 0.795898 0.434896 0.785156 0.434896 0.784180 0.433594 0.776367 0.434896
0 0.748047 0.484375 0.736328 0.484375 0.730469 0.488281 0.723633 0.489583 0.711914 0.505208 0.706055 0.507812 0.704102 0.510417 0.703125 0.516927 0.700195 0.520833 0.699219 0.524740 0.699219 0.536458 0.701172 0.541667 0.714844 0.561198 0.728516 0.570312 0.739258 0.571615 0.748047 0.567708 0.756836 0.566406 0.765625 0.552083 0.774414 0.529948 0.774414 0.524740 0.775391 0.523438 0.774414 0.520833 0.774414 0.513021 0.772461 0.507812 0.769531 0.505208 0.766602 0.497396
0 0.633789 0.471354 0.629883 0.475260 0.627930 0.475260 0.619141 0.484375 0.613281 0.496094 0.612305 0.500000 0.612305 0.519531 0.615234 0.535156 0.634766 0.554688 0.642578 0.559896 0.653320 0.570312 0.660156 0.570312 0.669922 0.565104 0.681641 0.550781 0.686523 0.536458 0.687500 0.518229 0.683594 0.503906 0.680664 0.497396 0.675781 0.490885 0.665039 0.481771 0.655273 0.470052 0.637695 0.470052
0 0.530273 0.434896 0.513672 0.436198 0.500977 0.446615 0.495117 0.454427 0.491211 0.457031 0.488281 0.462240 0.487305 0.472656 0.485352 0.477865 0.485352 0.483073 0.482422 0.492188 0.482422 0.497396 0.491211 0.516927 0.501953 0.529948 0.508789 0.531250 0.511719 0.533854 0.517578 0.533854 0.544922 0.505208 0.550781 0.493490 0.550781 0.489583 0.553711 0.479167 0.553711 0.466146 0.551758 0.462240 0.551758 0.459635 0.547852 0.450521 0.538086 0.438802
0 0.229492 0.401042 0.221680 0.398438 0.214844 0.398438 0.213867 0.397135 0.202148 0.397135 0.197266 0.399740 0.186523 0.411458 0.181641 0.414062 0.164062 0.430990 0.159180 0.444010 0.160156 0.453125 0.179688 0.477865 0.194336 0.488281 0.206055 0.488281 0.213867 0.484375 0.219727 0.484375 0.228516 0.480469 0.238281 0.464844 0.240234 0.459635 0.241211 0.446615 0.243164 0.440104 0.242188 0.433594 0.244141 0.429688 0.243164 0.424479 0.240234 0.423177 0.232422 0.412760 0.233398 0.406250
0 0.258789 0.417969 0.249023 0.432292 0.243164 0.459635 0.243164 0.464844 0.247070 0.475260 0.257812 0.489583 0.267578 0.498698 0.273438 0.501302 0.283203 0.501302 0.284180 0.500000 0.289062 0.500000 0.295898 0.497396 0.302734 0.497396 0.309570 0.490885 0.314453 0.481771 0.317383 0.480469 0.317383 0.470052 0.318359 0.468750 0.317383 0.454427 0.312500 0.445312 0.312500 0.437500 0.308594 0.428385 0.304688 0.412760 0.302734 0.411458 0.275391 0.411458 0.274414 0.412760 0.263672 0.414062
0 0.161133 0.470052 0.158203 0.471354 0.155273 0.468750 0.151367 0.468750 0.150391 0.470052 0.146484 0.468750 0.145508 0.470052 0.134766 0.470052 0.132812 0.471354 0.132812 0.473958 0.130859 0.476562 0.125977 0.477865 0.124023 0.480469 0.123047 0.485677 0.119141 0.492188 0.115234 0.503906 0.109375 0.513021 0.108398 0.523438 0.110352 0.528646 0.126953 0.557292 0.132812 0.558594 0.150391 0.552083 0.154297 0.552083 0.165039 0.544271 0.174805 0.542969 0.182617 0.533854 0.186523 0.518229 0.185547 0.500000 0.179688 0.488281 0.173828 0.485677 0.167969 0.477865 0.166016 0.477865
0 0.219727 0.490885 0.209961 0.503906 0.206055 0.511719 0.202148 0.527344 0.203125 0.541667 0.207031 0.552083 0.214844 0.565104 0.215820 0.569010 0.218750 0.572917 0.223633 0.572917 0.244141 0.582031 0.255859 0.580729 0.257812 0.578125 0.270508 0.570312 0.280273 0.553385 0.283203 0.541667 0.283203 0.536458 0.278320 0.520833 0.278320 0.513021 0.274414 0.509115 0.267578 0.506510 0.255859 0.492188 0.251953 0.489583 0.248047 0.489583 0.247070 0.488281 0.230469 0.488281 0.229492 0.489583
0 0.201172 0.541667 0.192383 0.540365 0.191406 0.541667 0.184570 0.542969 0.181641 0.545573 0.171875 0.548177 0.168945 0.552083 0.164062 0.554688 0.165039 0.558594 0.160156 0.570312 0.157227 0.574219 0.155273 0.582031 0.155273 0.596354 0.156250 0.597656 0.157227 0.611979 0.166016 0.630208 0.173828 0.630208 0.178711 0.627604 0.183594 0.627604 0.184570 0.626302 0.196289 0.623698 0.200195 0.621094 0.208008 0.619792 0.217773 0.609375 0.219727 0.601562 0.217773 0.576823
0 0.182617 0.630208 0.181641 0.632812 0.183594 0.635417 0.183594 0.648438 0.187500 0.658854 0.192383 0.666667 0.194336 0.671875 0.199219 0.671875 0.201172 0.674479 0.199219 0.677083 0.195312 0.678385 0.202148 0.678385 0.203125 0.679688 0.206055 0.679688 0.209961 0.683594 0.213867 0.684896 0.214844 0.686198 0.218750 0.686198 0.220703 0.684896 0.219727 0.682292 0.215820 0.679688 0.219727 0.674479 0.219727 0.669271 0.218750 0.667969 0.218750 0.665365 0.215820 0.656250 0.215820 0.645833 0.214844 0.644531 0.214844 0.634115 0.217773 0.627604 0.217773 0.623698 0.213867 0.622396 0.212891 0.621094 0.208008 0.621094 0.207031 0.622396 0.203125 0.622396 0.199219 0.625000 0.196289 0.625000 0.195312 0.626302 0.192383 0.626302 0.188477 0.628906
0 0.275391 0.596354 0.264648 0.592448 0.252930 0.593750 0.251953 0.595052 0.240234 0.593750 0.237305 0.596354 0.235352 0.602865 0.219727 0.623698 0.215820 0.635417 0.216797 0.654948 0.219727 0.666667 0.231445 0.686198 0.235352 0.686198 0.242188 0.680990 0.250977 0.680990 0.251953 0.682292 0.252930 0.680990 0.261719 0.680990 0.262695 0.682292 0.273438 0.675781 0.277344 0.670573 0.280273 0.662760 0.289062 0.652344 0.291016 0.647135 0.291016 0.638021 0.281250 0.619792 0.279297 0.611979 0.271484 0.604167 0.265625 0.602865 0.263672 0.600260 0.268555 0.596354
0 0.377930 0.459635 0.365234 0.454427 0.356445 0.455729 0.342773 0.460938 0.337891 0.460938 0.334961 0.463542 0.333008 0.463542 0.327148 0.470052 0.326172 0.473958 0.318359 0.488281 0.318359 0.492188 0.316406 0.497396 0.316406 0.503906 0.315430 0.505208 0.315430 0.516927 0.317383 0.522135 0.318359 0.529948 0.320312 0.535156 0.325195 0.541667 0.333008 0.548177 0.341797 0.549479 0.345703 0.548177 0.356445 0.540365 0.359375 0.540365 0.361328 0.537760 0.374023 0.529948 0.379883 0.523438 0.382812 0.503906 0.388672 0.492188 0.388672 0.484375 0.384766 0.471354 0.378906 0.463542
0 0.438477 0.451823 0.435547 0.450521 0.416016 0.450521 0.411133 0.454427 0.407227 0.459635 0.393555 0.489583 0.391602 0.490885 0.386719 0.502604 0.386719 0.505208 0.383789 0.510417 0.384766 0.520833 0.391602 0.528646 0.395508 0.529948 0.407227 0.545573 0.417969 0.545573 0.418945 0.544271 0.423828 0.545573 0.427734 0.544271 0.430664 0.541667 0.435547 0.540365 0.439453 0.535156 0.451172 0.527344 0.454102 0.523438 0.454102 0.511719 0.458008 0.507812 0.461914 0.492188 0.459961 0.488281 0.458984 0.475260 0.452148 0.467448 0.448242 0.459635 0.443359 0.457031
0 0.317383 0.536458 0.310547 0.536458 0.299805 0.544271 0.291016 0.544271 0.286133 0.549479 0.283203 0.558594 0.281250 0.613281 0.284180 0.622396 0.291016 0.631510 0.292969 0.631510 0.297852 0.635417 0.306641 0.635417 0.307617 0.634115 0.321289 0.631510 0.323242 0.628906 0.332031 0.625000 0.336914 0.621094 0.339844 0.613281 0.340820 0.602865 0.341797 0.601562 0.341797 0.592448 0.340820 0.591146 0.342773 0.582031 0.342773 0.574219 0.340820 0.570312 0.338867 0.570312 0.335938 0.566406 0.333984 0.558594
0 0.364258 0.544271 0.353516 0.555990 0.349609 0.563802 0.346680 0.575521 0.346680 0.585938 0.352539 0.597656 0.372070 0.625000 0.376953 0.630208 0.382812 0.632812 0.392578 0.631510 0.401367 0.626302 0.405273 0.622396 0.409180 0.621094 0.419922 0.606771 0.424805 0.587240 0.423828 0.579427 0.420898 0.571615 0.419922 0.562500 0.412109 0.553385 0.402344 0.548177 0.397461 0.542969 0.391602 0.541667 0.387695 0.539062 0.375977 0.540365
0 0.482422 0.548177 0.481445 0.549479 0.484375 0.552083 0.484375 0.555990 0.482422 0.558594 0.475586 0.554688 0.466797 0.553385 0.465820 0.552083 0.451172 0.552083 0.447266 0.554688 0.445312 0.561198 0.435547 0.578125 0.430664 0.593750 0.433594 0.611979 0.442383 0.618490 0.446289 0.623698 0.451172 0.626302 0.461914 0.638021 0.464844 0.639323 0.470703 0.638021 0.475586 0.634115 0.490234 0.611979 0.494141 0.600260 0.494141 0.595052 0.495117 0.593750 0.495117 0.576823 0.494141 0.575521 0.494141 0.571615 0.489258 0.557292
0 0.556641 0.506510 0.550781 0.506510 0.546875 0.509115 0.543945 0.509115 0.534180 0.520833 0.529297 0.523438 0.517578 0.536458 0.512695 0.536458 0.509766 0.539062 0.508789 0.549479 0.507812 0.550781 0.507812 0.558594 0.508789 0.562500 0.519531 0.578125 0.536133 0.592448 0.547852 0.591146 0.565430 0.575521 0.569336 0.570312 0.571289 0.559896 0.576172 0.549479 0.575195 0.545573 0.575195 0.531250 0.572266 0.520833 0.567383 0.513021
0 0.863281 0.515625 0.856445 0.510417 0.854492 0.510417 0.852539 0.507812 0.847656 0.506510 0.841797 0.510417 0.836914 0.509115 0.830078 0.516927 0.821289 0.523438 0.817383 0.524740 0.797852 0.523438 0.793945 0.527344 0.792969 0.532552 0.792969 0.541667 0.790039 0.552083 0.791016 0.565104 0.804688 0.580729 0.807617 0.582031 0.812500 0.591146 0.824219 0.595052 0.831055 0.593750 0.843750 0.584635 0.845703 0.584635 0.849609 0.580729 0.855469 0.579427 0.860352 0.572917 0.865234 0.571615 0.868164 0.567708 0.871094 0.557292 0.871094 0.548177 0.867188 0.536458 0.867188 0.523438
0 0.849609 0.584635 0.843750 0.589844 0.840820 0.589844 0.831055 0.598958 0.823242 0.600260 0.823242 0.606771 0.819336 0.613281 0.819336 0.618490 0.821289 0.621094 0.817383 0.627604 0.815430 0.622396 0.816406 0.614583 0.814453 0.611979 0.813477 0.615885 0.814453 0.634115 0.815430 0.635417 0.814453 0.641927 0.816406 0.647135 0.825195 0.658854 0.829102 0.661458 0.837891 0.671875 0.857422 0.673177 0.860352 0.670573 0.863281 0.670573 0.869141 0.666667 0.873047 0.661458 0.878906 0.658854 0.880859 0.648438 0.888672 0.640625 0.889648 0.632812 0.887695 0.626302 0.886719 0.615885 0.876953 0.595052 0.872070 0.593750 0.867188 0.589844 0.860352 0.588542 0.858398 0.585938
0 0.714844 0.596354 0.714844 0.604167 0.713867 0.605469 0.713867 0.626302 0.711914 0.630208 0.711914 0.638021 0.728516 0.660156 0.741211 0.667969 0.762695 0.670573 0.763672 0.669271 0.767578 0.669271 0.770508 0.666667 0.779297 0.653646 0.779297 0.636719 0.778320 0.635417 0.777344 0.615885 0.780273 0.611979 0.780273 0.604167 0.779297 0.600260 0.775391 0.595052 0.768555 0.591146 0.763672 0.584635 0.754883 0.578125 0.750977 0.578125 0.749023 0.580729 0.744141 0.580729 0.734375 0.587240 0.720703 0.591146
0 0.686523 0.561198 0.676758 0.562500 0.667969 0.569010 0.663086 0.570312 0.657227 0.574219 0.649414 0.574219 0.647461 0.575521 0.647461 0.582031 0.646484 0.583333 0.643555 0.580729 0.642578 0.575521 0.643555 0.589844 0.646484 0.592448 0.647461 0.622396 0.648438 0.623698 0.649414 0.635417 0.654297 0.647135 0.663086 0.656250 0.666992 0.657552 0.681641 0.657552 0.689453 0.653646 0.697266 0.645833 0.710938 0.625000 0.709961 0.601562 0.705078 0.580729 0.700195 0.574219 0.695312 0.570312 0.692383 0.565104
0 0.583008 0.570312 0.577148 0.572917 0.569336 0.579427 0.561523 0.589844 0.551758 0.621094 0.551758 0.632812 0.559570 0.644531 0.574219 0.658854 0.579102 0.665365 0.582031 0.666667 0.586914 0.671875 0.591797 0.671875 0.607422 0.657552 0.609375 0.648438 0.614258 0.638021 0.616211 0.625000 0.619141 0.619792 0.619141 0.604167 0.615234 0.593750 0.612305 0.592448 0.609375 0.588542 0.608398 0.584635 0.604492 0.582031 0.599609 0.574219 0.596680 0.574219 0.587891 0.570312
0 0.511719 0.588542 0.505859 0.591146 0.498047 0.602865 0.497070 0.606771 0.491211 0.615885 0.490234 0.622396 0.486328 0.634115 0.486328 0.641927 0.494141 0.664062 0.500000 0.671875 0.514648 0.682292 0.528320 0.682292 0.531250 0.679688 0.533203 0.679688 0.538086 0.673177 0.538086 0.669271 0.540039 0.665365 0.542969 0.653646 0.542969 0.649740 0.546875 0.632812 0.545898 0.611979 0.537109 0.596354 0.529297 0.591146 0.523438 0.589844 0.522461 0.588542
0 0.215820 0.707031 0.213867 0.710938 0.211914 0.718750 0.211914 0.723958 0.208984 0.730469 0.208984 0.735677 0.206055 0.746094 0.206055 0.757812 0.210938 0.769531 0.222656 0.773438 0.236328 0.783854 0.247070 0.789062 0.258789 0.787760 0.271484 0.777344 0.276367 0.768229 0.276367 0.765625 0.279297 0.761719 0.278320 0.757812 0.275391 0.755208 0.275391 0.752604 0.279297 0.743490 0.282227 0.748698 0.283203 0.746094 0.280273 0.742188 0.277344 0.731771 0.273438 0.726562 0.271484 0.720052 0.266602 0.712240 0.264648 0.710938 0.254883 0.712240 0.242188 0.704427 0.239258 0.700521 0.232422 0.697917 0.224609 0.700521
0 0.331055 0.635417 0.322266 0.641927 0.310547 0.658854 0.307617 0.670573 0.307617 0.675781 0.306641 0.677083 0.306641 0.683594 0.307617 0.684896 0.307617 0.700521 0.309570 0.704427 0.313477 0.707031 0.321289 0.718750 0.329102 0.725260 0.332031 0.726562 0.347656 0.726562 0.357422 0.721354 0.366211 0.709635 0.366211 0.699219 0.362305 0.683594 0.361328 0.665365 0.359375 0.657552 0.357422 0.654948 0.356445 0.651042 0.350586 0.641927 0.350586 0.639323 0.348633 0.636719 0.345703 0.635417
0 0.419922 0.626302 0.411133 0.626302 0.404297 0.630208 0.401367 0.630208 0.400391 0.628906 0.392578 0.634115 0.386719 0.634115 0.380859 0.636719 0.376953 0.647135 0.372070 0.667969 0.368164 0.677083 0.368164 0.682292 0.367188 0.683594 0.368164 0.695312 0.377930 0.707031 0.388672 0.713542 0.403320 0.713542 0.404297 0.714844 0.408203 0.714844 0.415039 0.709635 0.420898 0.701823 0.426758 0.696615 0.435547 0.683594 0.438477 0.674479 0.436523 0.670573 0.434570 0.656250 0.431641 0.652344 0.434570 0.647135 0.430664 0.647135 0.429688 0.645833 0.428711 0.640625 0.425781 0.635417 0.425781 0.632812
0 0.474609 0.649740 0.469727 0.651042 0.467773 0.653646 0.458984 0.657552 0.457031 0.660156 0.452148 0.662760 0.448242 0.667969 0.444336 0.680990 0.444336 0.687500 0.441406 0.699219 0.442383 0.707031 0.445312 0.713542 0.445312 0.716146 0.449219 0.722656 0.456055 0.729167 0.464844 0.733073 0.468750 0.733073 0.469727 0.734375 0.482422 0.733073 0.498047 0.723958 0.501953 0.717448 0.503906 0.709635 0.503906 0.687500 0.500000 0.674479 0.492188 0.667969 0.488281 0.656250 0.478516 0.653646
0 0.622070 0.640625 0.618164 0.643229 0.615234 0.647135 0.614258 0.652344 0.607422 0.664062 0.606445 0.670573 0.602539 0.675781 0.599609 0.687500 0.599609 0.691406 0.603516 0.697917 0.636719 0.736979 0.640625 0.736979 0.643555 0.733073 0.649414 0.731771 0.653320 0.729167 0.657227 0.723958 0.658203 0.718750 0.664062 0.705729 0.664062 0.699219 0.667969 0.688802 0.666992 0.677083 0.664062 0.671875 0.660156 0.658854 0.654297 0.653646 0.649414 0.645833 0.647461 0.644531 0.641602 0.644531 0.633789 0.640625
0 0.537109 0.682292 0.530273 0.684896 0.525391 0.691406 0.522461 0.691406 0.512695 0.696615 0.506836 0.713542 0.505859 0.727865 0.502930 0.742188 0.506836 0.751302 0.521484 0.769531 0.535156 0.777344 0.546875 0.778646 0.552734 0.776042 0.559570 0.768229 0.559570 0.751302 0.563477 0.726562 0.564453 0.701823 0.565430 0.700521 0.564453 0.696615 0.561523 0.699219 0.562500 0.704427 0.559570 0.707031 0.553711 0.700521 0.552734 0.696615 0.545898 0.696615 0.541992 0.694010 0.542969 0.691406 0.548828 0.691406 0.548828 0.688802 0.544922 0.683594
0 0.571289 0.718750 0.569336 0.722656 0.569336 0.725260 0.566406 0.730469 0.566406 0.734375 0.563477 0.744792 0.563477 0.751302 0.562500 0.752604 0.563477 0.766927 0.568359 0.778646 0.569336 0.778646 0.570312 0.781250 0.580078 0.792969 0.592773 0.794271 0.593750 0.795573 0.615234 0.795573 0.618164 0.794271 0.623047 0.786458 0.625977 0.777344 0.625977 0.759115 0.625000 0.757812 0.624023 0.738281 0.623047 0.736979 0.622070 0.726562 0.617188 0.720052 0.607422 0.716146 0.593750 0.716146 0.592773 0.717448 0.588867 0.717448 0.583984 0.720052 0.578125 0.720052 0.577148 0.721354
0 0.708008 0.687500 0.707031 0.688802 0.701172 0.688802 0.700195 0.690104 0.702148 0.692708 0.701172 0.695312 0.698242 0.691406 0.693359 0.691406 0.690430 0.688802 0.683594 0.688802 0.676758 0.695312 0.672852 0.696615 0.669922 0.690104 0.665039 0.710938 0.662109 0.716146 0.661133 0.722656 0.659180 0.726562 0.659180 0.748698 0.664062 0.766927 0.676758 0.782552 0.679688 0.783854 0.682617 0.787760 0.685547 0.787760 0.691406 0.783854 0.695312 0.778646 0.710938 0.764323 0.722656 0.757812 0.730469 0.746094 0.731445 0.734375 0.728516 0.720052 0.719727 0.703125
0 0.783203 0.665365 0.774414 0.666667 0.769531 0.673177 0.763672 0.674479 0.758789 0.680990 0.745117 0.687500 0.736328 0.695312 0.732422 0.704427 0.732422 0.712240 0.736328 0.723958 0.737305 0.734375 0.740234 0.736979 0.742188 0.744792 0.750977 0.757812 0.754883 0.760417 0.761719 0.760417 0.762695 0.759115 0.777344 0.760417 0.783203 0.757812 0.791016 0.751302 0.795898 0.744792 0.803711 0.727865 0.803711 0.722656 0.804688 0.721354 0.804688 0.700521 0.802734 0.695312 0.802734 0.691406
0 0.806641 0.694010 0.806641 0.722656 0.805664 0.723958 0.805664 0.731771 0.811523 0.738281 0.818359 0.740885 0.825195 0.748698 0.833984 0.753906 0.844727 0.753906 0.849609 0.751302 0.856445 0.751302 0.855469 0.747396 0.860352 0.742188 0.861328 0.730469 0.863281 0.726562 0.863281 0.722656 0.864258 0.721354 0.863281 0.717448 0.863281 0.701823 0.862305 0.700521 0.862305 0.696615 0.860352 0.690104 0.860352 0.684896 0.855469 0.679688 0.850586 0.677083 0.843750 0.677083 0.842773 0.675781 0.833008 0.677083 0.832031 0.675781 0.828125 0.675781 0.818359 0.687500
0 0.295898 0.725260 0.292969 0.730469 0.292969 0.733073 0.287109 0.748698 0.286133 0.757812 0.284180 0.763021 0.283203 0.773438 0.282227 0.774740 0.282227 0.783854 0.286133 0.789062 0.286133 0.792969 0.288086 0.796875 0.296875 0.807292 0.307617 0.807292 0.308594 0.805990 0.314453 0.805990 0.315430 0.804688 0.329102 0.804688 0.330078 0.803385 0.337891 0.803385 0.343750 0.800781 0.344727 0.799479 0.344727 0.794271 0.346680 0.786458 0.346680 0.774740 0.347656 0.773438 0.345703 0.764323 0.345703 0.756510 0.340820 0.748698 0.334961 0.733073 0.330078 0.727865 0.324219 0.725260 0.317383 0.717448 0.304688 0.718750
0 0.415039 0.753906 0.412109 0.757812 0.411133 0.763021 0.409180 0.759115 0.403320 0.759115 0.398438 0.755208 0.391602 0.755208 0.390625 0.756510 0.380859 0.755208 0.372070 0.761719 0.368164 0.772135 0.368164 0.779948 0.367188 0.781250 0.367188 0.807292 0.368164 0.808594 0.367188 0.809896 0.367188 0.816406 0.370117 0.820312 0.371094 0.824219 0.373047 0.825521 0.374023 0.833333 0.380859 0.833333 0.382812 0.835938 0.382812 0.839844 0.388672 0.846354 0.391602 0.847656 0.396484 0.846354 0.407227 0.837240 0.414062 0.826823 0.421875 0.819010 0.421875 0.816406 0.426758 0.811198 0.427734 0.804688 0.430664 0.803385 0.431641 0.798177 0.430664 0.798177 0.429688 0.802083 0.425781 0.805990 0.421875 0.805990 0.419922 0.803385 0.420898 0.798177 0.427734 0.789062 0.430664 0.787760 0.430664 0.777344 0.426758 0.776042 0.426758 0.772135 0.420898 0.763021 0.419922 0.757812
0 0.470703 0.743490 0.468750 0.746094 0.463867 0.761719 0.463867 0.782552 0.464844 0.783854 0.464844 0.792969 0.466797 0.799479 0.478516 0.813802 0.481445 0.815104 0.483398 0.817708 0.489258 0.820312 0.494141 0.820312 0.498047 0.822917 0.500977 0.822917 0.503906 0.825521 0.507812 0.825521 0.509766 0.824219 0.520508 0.808594 0.524414 0.798177 0.525391 0.787760 0.521484 0.776042 0.520508 0.776042 0.519531 0.773438 0.507812 0.759115 0.506836 0.755208 0.503906 0.751302 0.500000 0.739583 0.496094 0.739583 0.495117 0.738281 0.485352 0.738281 0.484375 0.739583 0.481445 0.739583 0.478516 0.742188
0 0.455078 0.796875 0.453125 0.796875 0.451172 0.799479 0.449219 0.805990 0.443359 0.809896 0.442383 0.807292 0.438477 0.807292 0.434570 0.811198 0.431641 0.809896 0.425781 0.819010 0.422852 0.820312 0.416992 0.828125 0.414062 0.829427 0.399414 0.850260 0.400391 0.855469 0.402344 0.856771 0.411133 0.869792 0.412109 0.873698 0.414062 0.875000 0.418945 0.875000 0.420898 0.877604 0.420898 0.884115 0.422852 0.886719 0.431641 0.885417 0.437500 0.878906 0.450195 0.876302 0.454102 0.873698 0.458984 0.867188 0.459961 0.860677 0.461914 0.858073 0.462891 0.852865 0.466797 0.843750 0.468750 0.828125 0.465820 0.819010 0.462891 0.813802 0.462891 0.811198 0.458008 0.799479
0 0.485352 0.833333 0.484375 0.834635 0.474609 0.834635 0.472656 0.835938 0.470703 0.838542 0.468750 0.843750 0.467773 0.850260 0.465820 0.852865 0.465820 0.855469 0.461914 0.864583 0.461914 0.873698 0.463867 0.877604 0.463867 0.880208 0.464844 0.881510 0.464844 0.884115 0.465820 0.886719 0.468750 0.890625 0.469727 0.894531 0.472656 0.898438 0.472656 0.901042 0.474609 0.903646 0.476562 0.903646 0.477539 0.904948 0.479492 0.904948 0.485352 0.901042 0.492188 0.899740 0.495117 0.897135 0.495117 0.891927 0.494141 0.890625 0.494141 0.886719 0.493164 0.885417 0.493164 0.881510 0.492188 0.880208 0.492188 0.875000 0.491211 0.873698 0.491211 0.856771 0.492188 0.855469 0.491211 0.854167 0.491211 0.848958 0.485352 0.839844 0.486328 0.838542 0.488281 0.838542 0.490234 0.835938 0.488281 0.834635 0.486328 0.834635
0 0.493164 0.865885 0.493164 0.876302 0.494141 0.877604 0.494141 0.882812 0.495117 0.884115 0.496094 0.893229 0.499023 0.902344 0.501953 0.907552 0.501953 0.912760 0.504883 0.915365 0.507812 0.915365 0.508789 0.916667 0.512695 0.915365 0.518555 0.919271 0.523438 0.920573 0.526367 0.923177 0.529297 0.923177 0.530273 0.924479 0.537109 0.924479 0.539062 0.921875 0.544922 0.919271 0.550781 0.911458 0.551758 0.911458 0.559570 0.895833 0.559570 0.885417 0.555664 0.873698 0.551758 0.873698 0.547852 0.868490 0.521484 0.850260 0.510742 0.850260 0.503906 0.855469 0.497070 0.865885 0.496094 0.864583
0 0.556641 0.794271 0.557617 0.841146 0.561523 0.855469 0.564453 0.861979 0.570312 0.869792 0.572266 0.876302 0.583008 0.889323 0.587891 0.891927 0.599609 0.888021 0.607422 0.875000 0.617188 0.848958 0.622070 0.841146 0.621094 0.824219 0.619141 0.817708 0.613281 0.808594 0.613281 0.803385 0.610352 0.799479 0.600586 0.799479 0.599609 0.798177 0.581055 0.795573 0.572266 0.789062
0 0.624023 0.792969 0.625000 0.800781 0.621094 0.812500 0.623047 0.832031 0.624023 0.833333 0.624023 0.842448 0.627930 0.850260 0.632812 0.856771 0.650391 0.873698 0.659180 0.872396 0.666016 0.865885 0.666992 0.861979 0.673828 0.851562 0.674805 0.847656 0.679688 0.839844 0.682617 0.830729 0.690430 0.819010 0.691406 0.815104 0.689453 0.808594 0.688477 0.808594 0.681641 0.798177 0.673828 0.790365 0.663086 0.790365 0.659180 0.787760 0.647461 0.787760 0.646484 0.789062 0.638672 0.789062 0.630859 0.792969
0 0.731445 0.755208 0.725586 0.761719 0.712891 0.768229 0.709961 0.776042 0.708008 0.778646 0.705078 0.778646 0.704102 0.779948 0.704102 0.786458 0.703125 0.787760 0.704102 0.789062 0.705078 0.802083 0.707031 0.807292 0.710938 0.812500 0.713867 0.825521 0.719727 0.841146 0.729492 0.850260 0.740234 0.855469 0.743164 0.854167 0.751953 0.842448 0.754883 0.841146 0.763672 0.830729 0.768555 0.820312 0.768555 0.815104 0.770508 0.809896 0.770508 0.803385 0.772461 0.798177 0.772461 0.791667 0.771484 0.790365 0.771484 0.786458 0.763672 0.773438 0.758789 0.769531 0.750000 0.759115 0.747070 0.759115 0.740234 0.755208
0 0.703125 0.834635 0.704102 0.842448 0.706055 0.846354 0.709961 0.864583 0.712891 0.872396 0.727539 0.893229 0.735352 0.899740 0.741211 0.901042 0.742188 0.899740 0.747070 0.899740 0.748047 0.898438 0.751953 0.898438 0.762695 0.894531 0.771484 0.885417 0.776367 0.875000 0.776367 0.864583 0.773438 0.858073 0.770508 0.846354 0.764648 0.838542 0.763672 0.834635 0.762695 0.834635 0.760742 0.838542 0.752930 0.843750 0.748047 0.848958 0.744141 0.855469 0.741211 0.856771 0.734375 0.854167 0.726562 0.848958 0.723633 0.845052 0.721680 0.845052 0.716797 0.839844 0.715820 0.835938 0.712891 0.832031 0.705078 0.832031
