0 0.155273 0.157552 0.151367 0.157552 0.150391 0.156250 0.149414 0.156250 0.148438 0.157552 0.137695 0.157552 0.136719 0.158854 0.133789 0.160156 0.130859 0.164062 0.129883 0.164062 0.128906 0.165365 0.128906 0.166667 0.125977 0.170573 0.125977 0.180990 0.127930 0.184896 0.127930 0.187500 0.128906 0.188802 0.128906 0.191406 0.129883 0.192708 0.129883 0.195312 0.130859 0.196615 0.130859 0.199219 0.131836 0.200521 0.132812 0.207031 0.133789 0.208333 0.134766 0.212240 0.137695 0.214844 0.140625 0.214844 0.141602 0.216146 0.150391 0.216146 0.151367 0.214844 0.156250 0.212240 0.158203 0.208333 0.158203 0.205729 0.159180 0.204427 0.159180 0.200521 0.160156 0.199219 0.160156 0.196615 0.161133 0.195312 0.161133 0.191406 0.162109 0.190104 0.162109 0.187500 0.163086 0.186198 0.163086 0.180990 0.164062 0.179688 0.164062 0.173177 0.162109 0.170573 0.162109 0.169271 0.156250 0.161458 0.156250 0.158854
0 0.179688 0.167969 0.172852 0.167969 0.168945 0.170573 0.166992 0.173177 0.166016 0.175781 0.166016 0.178385 0.165039 0.179688 0.165039 0.182292 0.164062 0.183594 0.164062 0.186198 0.163086 0.187500 0.163086 0.190104 0.162109 0.191406 0.161133 0.200521 0.160156 0.201823 0.160156 0.207031 0.159180 0.208333 0.159180 0.217448 0.160156 0.218750 0.160156 0.221354 0.162109 0.226562 0.168945 0.234375 0.176758 0.234375 0.177734 0.233073 0.179688 0.233073 0.185547 0.229167 0.195312 0.217448 0.198242 0.209635 0.198242 0.191406 0.199219 0.190104 0.199219 0.186198 0.198242 0.184896 0.198242 0.182292 0.192383 0.174479 0.188477 0.171875 0.186523 0.171875 0.185547 0.170573 0.180664 0.169271
0 0.173828 0.119792 0.166992 0.130208 0.166992 0.131510 0.163086 0.136719 0.163086 0.145833 0.166016 0.153646 0.167969 0.156250 0.167969 0.157552 0.173828 0.165365 0.177734 0.165365 0.178711 0.166667 0.184570 0.166667 0.185547 0.167969 0.187500 0.167969 0.191406 0.170573 0.197266 0.170573 0.198242 0.169271 0.200195 0.169271 0.203125 0.166667 0.203125 0.162760 0.204102 0.161458 0.204102 0.147135 0.205078 0.145833 0.205078 0.141927 0.206055 0.140625 0.206055 0.138021 0.208984 0.134115 0.209961 0.131510 0.208984 0.130208 0.208984 0.126302 0.208008 0.123698 0.203125 0.121094 0.201172 0.118490 0.197266 0.115885 0.190430 0.115885 0.189453 0.117188 0.187500 0.115885 0.184570 0.115885 0.183594 0.117188 0.180664 0.117188 0.179688 0.118490 0.176758 0.118490 0.175781 0.119792
0 0.211914 0.132812 0.208984 0.135417 0.206055 0.143229 0.206055 0.151042 0.205078 0.152344 0.205078 0.175781 0.214844 0.188802 0.216797 0.190104 0.218750 0.190104 0.219727 0.191406 0.221680 0.191406 0.222656 0.192708 0.224609 0.192708 0.225586 0.194010 0.232422 0.194010 0.236328 0.191406 0.238281 0.184896 0.240234 0.182292 0.244141 0.171875 0.246094 0.169271 0.246094 0.166667 0.247070 0.165365 0.247070 0.149740 0.248047 0.148438 0.246094 0.145833 0.243164 0.145833 0.240234 0.143229 0.238281 0.143229 0.233398 0.139323 0.230469 0.139323 0.220703 0.132812
0 0.284180 0.199219 0.282227 0.199219 0.281250 0.197917 0.279297 0.197917 0.278320 0.196615 0.271484 0.196615 0.270508 0.197917 0.269531 0.197917 0.267578 0.200521 0.262695 0.203125 0.260742 0.205729 0.260742 0.207031 0.258789 0.210938 0.258789 0.217448 0.257812 0.218750 0.257812 0.223958 0.256836 0.225260 0.256836 0.234375 0.257812 0.235677 0.257812 0.239583 0.259766 0.243490 0.260742 0.243490 0.262695 0.246094 0.263672 0.246094 0.263672 0.243490 0.264648 0.242188 0.264648 0.234375 0.265625 0.233073 0.265625 0.230469 0.267578 0.227865 0.267578 0.226562 0.271484 0.221354 0.272461 0.221354 0.273438 0.220052 0.277344 0.220052 0.278320 0.218750 0.291016 0.218750 0.291016 0.212240 0.290039 0.210938 0.288086 0.204427
0 0.271484 0.222656 0.266602 0.230469 0.265625 0.239583 0.264648 0.240885 0.264648 0.250000 0.263672 0.251302 0.263672 0.278646 0.264648 0.281250 0.267578 0.285156 0.274414 0.287760 0.280273 0.291667 0.297852 0.292969 0.298828 0.294271 0.299805 0.292969 0.303711 0.292969 0.305664 0.291667 0.310547 0.285156 0.312500 0.278646 0.312500 0.269531 0.313477 0.268229 0.312500 0.246094 0.314453 0.242188 0.310547 0.235677 0.307617 0.234375 0.304688 0.230469 0.298828 0.226562 0.293945 0.221354 0.291992 0.221354 0.291016 0.220052 0.276367 0.220052
0 0.325195 0.169271 0.319336 0.169271 0.318359 0.170573 0.309570 0.171875 0.302734 0.179688 0.301758 0.182292 0.301758 0.186198 0.300781 0.187500 0.300781 0.220052 0.305664 0.226562 0.309570 0.229167 0.314453 0.235677 0.316406 0.236979 0.319336 0.236979 0.321289 0.234375 0.323242 0.234375 0.328125 0.230469 0.330078 0.230469 0.332031 0.227865 0.335938 0.225260 0.335938 0.214844 0.329102 0.199219 0.329102 0.190104 0.328125 0.188802 0.328125 0.174479
0 0.332031 0.166667 0.330078 0.173177 0.330078 0.177083 0.329102 0.178385 0.329102 0.190104 0.330078 0.191406 0.330078 0.196615 0.333008 0.205729 0.336914 0.210938 0.338867 0.216146 0.339844 0.216146 0.345703 0.225260 0.347656 0.225260 0.348633 0.226562 0.358398 0.221354 0.366211 0.221354 0.370117 0.218750 0.376953 0.217448 0.380859 0.213542 0.383789 0.217448 0.384766 0.217448 0.386719 0.210938 0.384766 0.207031 0.383789 0.197917 0.378906 0.186198 0.377930 0.179688 0.376953 0.177083 0.367188 0.165365 0.355469 0.157552 0.344727 0.157552 0.334961 0.162760
0 0.359375 0.239583 0.355469 0.252604 0.356445 0.263021 0.363281 0.279948 0.369141 0.289062 0.375977 0.290365 0.376953 0.291667 0.380859 0.291667 0.381836 0.292969 0.393555 0.292969 0.394531 0.291667 0.400391 0.290365 0.402344 0.287760 0.405273 0.286458 0.408203 0.282552 0.411133 0.282552 0.414062 0.279948 0.414062 0.277344 0.415039 0.276042 0.415039 0.265625 0.414062 0.264323 0.414062 0.261719 0.408203 0.248698 0.408203 0.246094 0.403320 0.239583 0.399414 0.230469 0.391602 0.225260 0.375977 0.225260 0.375000 0.226562 0.368164 0.227865
0 0.349609 0.104167 0.347656 0.102865 0.344727 0.102865 0.341797 0.105469 0.339844 0.104167 0.335938 0.104167 0.334961 0.102865 0.322266 0.104167 0.318359 0.108073 0.314453 0.108073 0.309570 0.114583 0.306641 0.114583 0.303711 0.122396 0.302734 0.132812 0.309570 0.148438 0.309570 0.154948 0.316406 0.156250 0.325195 0.162760 0.330078 0.162760 0.336914 0.157552 0.340820 0.157552 0.347656 0.153646 0.351562 0.153646 0.357422 0.148438 0.357422 0.141927 0.358398 0.140625 0.358398 0.131510 0.357422 0.130208 0.357422 0.126302 0.355469 0.122396 0.354492 0.115885 0.352539 0.113281
0 0.419922 0.282552 0.416016 0.285156 0.412109 0.290365 0.408203 0.292969 0.406250 0.292969 0.399414 0.300781 0.393555 0.316406 0.392578 0.325521 0.397461 0.335938 0.399414 0.347656 0.404297 0.355469 0.407227 0.358073 0.411133 0.356771 0.416016 0.360677 0.425781 0.360677 0.426758 0.361979 0.435547 0.356771 0.436523 0.354167 0.439453 0.351562 0.443359 0.342448 0.443359 0.338542 0.445312 0.332031 0.445312 0.317708 0.447266 0.313802 0.447266 0.309896 0.446289 0.308594 0.446289 0.298177 0.442383 0.289062 0.440430 0.289062 0.439453 0.290365 0.431641 0.289062 0.425781 0.282552
0 0.461914 0.345052 0.458984 0.348958 0.455078 0.348958 0.449219 0.352865 0.437500 0.369792 0.437500 0.371094 0.435547 0.373698 0.435547 0.376302 0.433594 0.381510 0.433594 0.391927 0.434570 0.393229 0.434570 0.395833 0.435547 0.397135 0.435547 0.399740 0.436523 0.401042 0.436523 0.403646 0.438477 0.408854 0.443359 0.412760 0.446289 0.412760 0.448242 0.415365 0.452148 0.417969 0.455078 0.417969 0.456055 0.419271 0.466797 0.419271 0.472656 0.415365 0.480469 0.403646 0.480469 0.394531 0.479492 0.393229 0.479492 0.389323 0.478516 0.388021 0.478516 0.384115 0.477539 0.382812 0.477539 0.376302 0.476562 0.375000 0.476562 0.371094 0.475586 0.369792 0.475586 0.361979 0.473633 0.360677 0.466797 0.351562 0.465820 0.351562
0 0.498047 0.360677 0.494141 0.364583 0.486328 0.367188 0.481445 0.372396 0.482422 0.373698 0.482422 0.380208 0.481445 0.381510 0.481445 0.384115 0.482422 0.385417 0.482422 0.404948 0.483398 0.406250 0.482422 0.423177 0.487305 0.429688 0.490234 0.436198 0.497070 0.445312 0.500000 0.446615 0.503906 0.450521 0.513672 0.450521 0.514648 0.449219 0.517578 0.449219 0.521484 0.442708 0.528320 0.424479 0.528320 0.420573 0.529297 0.419271 0.529297 0.408854 0.530273 0.407552 0.530273 0.391927 0.523438 0.381510 0.521484 0.376302 0.521484 0.373698 0.519531 0.371094 0.516602 0.369792 0.512695 0.365885 0.507812 0.364583 0.504883 0.361979
0 0.530273 0.372396 0.527344 0.381510 0.531250 0.385417 0.533203 0.391927 0.533203 0.412760 0.532227 0.414062 0.531250 0.425781 0.533203 0.432292 0.534180 0.444010 0.536133 0.446615 0.549805 0.446615 0.550781 0.447917 0.555664 0.447917 0.556641 0.446615 0.562500 0.445312 0.569336 0.437500 0.570312 0.433594 0.578125 0.421875 0.582031 0.408854 0.585938 0.402344 0.586914 0.388021 0.583984 0.384115 0.570312 0.376302 0.563477 0.369792 0.537109 0.369792 0.536133 0.371094 0.532227 0.371094
0 0.602539 0.391927 0.599609 0.394531 0.595703 0.395833 0.593750 0.398438 0.589844 0.401042 0.583984 0.408854 0.583008 0.411458 0.583008 0.421875 0.592773 0.447917 0.596680 0.454427 0.600586 0.455729 0.603516 0.458333 0.608398 0.458333 0.609375 0.459635 0.611328 0.458333 0.619141 0.457031 0.625977 0.451823 0.628906 0.447917 0.630859 0.442708 0.630859 0.440104 0.631836 0.438802 0.631836 0.432292 0.632812 0.430990 0.632812 0.417969 0.631836 0.416667 0.630859 0.408854 0.625000 0.401042 0.624023 0.398438 0.623047 0.398438 0.619141 0.394531 0.616211 0.394531 0.615234 0.393229 0.609375 0.393229 0.608398 0.391927
0 0.653320 0.295573 0.653320 0.307292 0.652344 0.308594 0.655273 0.313802 0.655273 0.315104 0.657227 0.316406 0.665039 0.326823 0.666016 0.326823 0.667969 0.329427 0.667969 0.330729 0.668945 0.330729 0.671875 0.334635 0.674805 0.335938 0.678711 0.341146 0.680664 0.341146 0.681641 0.342448 0.692383 0.342448 0.693359 0.341146 0.697266 0.339844 0.703125 0.330729 0.704102 0.328125 0.704102 0.322917 0.705078 0.321615 0.705078 0.303385 0.704102 0.302083 0.704102 0.298177 0.702148 0.292969 0.700195 0.290365 0.699219 0.290365 0.692383 0.281250 0.688477 0.279948 0.687500 0.278646 0.682617 0.278646 0.681641 0.279948 0.671875 0.279948 0.670898 0.281250 0.667969 0.281250 0.666016 0.282552 0.660156 0.290365 0.655273 0.292969
0 0.667969 0.195312 0.666992 0.196615 0.664062 0.196615 0.661133 0.199219 0.659180 0.199219 0.655273 0.201823 0.652344 0.205729 0.648438 0.207031 0.646484 0.209635 0.646484 0.212240 0.643555 0.218750 0.643555 0.248698 0.642578 0.250000 0.642578 0.257812 0.645508 0.255208 0.653320 0.255208 0.664062 0.265625 0.666016 0.265625 0.666992 0.266927 0.678711 0.266927 0.681641 0.264323 0.683594 0.264323 0.687500 0.261719 0.690430 0.257812 0.690430 0.255208 0.691406 0.253906 0.691406 0.247396 0.693359 0.240885 0.693359 0.235677 0.696289 0.226562 0.696289 0.220052 0.695312 0.218750 0.695312 0.214844 0.691406 0.207031 0.688477 0.205729 0.686523 0.203125 0.682617 0.201823 0.677734 0.196615 0.675781 0.196615 0.674805 0.195312
0 0.699219 0.218750 0.698242 0.221354 0.698242 0.223958 0.699219 0.225260 0.698242 0.239583 0.694336 0.251302 0.694336 0.259115 0.695312 0.260417 0.695312 0.263021 0.697266 0.265625 0.699219 0.265625 0.700195 0.266927 0.704102 0.266927 0.710938 0.272135 0.713867 0.276042 0.715820 0.276042 0.718750 0.278646 0.723633 0.278646 0.724609 0.277344 0.726562 0.277344 0.729492 0.274740 0.731445 0.274740 0.735352 0.272135 0.744141 0.263021 0.745117 0.263021 0.746094 0.260417 0.746094 0.256510 0.742188 0.250000 0.741211 0.244792 0.739258 0.242188 0.739258 0.239583 0.738281 0.238281 0.738281 0.231771 0.733398 0.218750 0.731445 0.217448 0.728516 0.217448 0.724609 0.214844 0.717773 0.213542 0.716797 0.212240 0.708008 0.212240
0 0.748047 0.270833 0.742188 0.270833 0.732422 0.277344 0.730469 0.277344 0.727539 0.279948 0.722656 0.281250 0.714844 0.286458 0.709961 0.294271 0.709961 0.296875 0.708984 0.298177 0.708984 0.303385 0.711914 0.312500 0.714844 0.315104 0.718750 0.324219 0.721680 0.328125 0.722656 0.332031 0.727539 0.335938 0.746094 0.333333 0.755859 0.326823 0.755859 0.325521 0.762695 0.313802 0.762695 0.311198 0.765625 0.304688 0.765625 0.300781 0.766602 0.299479 0.761719 0.289062 0.752930 0.276042 0.752930 0.274740
0 0.766602 0.234375 0.762695 0.236979 0.759766 0.240885 0.757812 0.246094 0.757812 0.248698 0.756836 0.250000 0.756836 0.256510 0.755859 0.257812 0.756836 0.259115 0.756836 0.265625 0.755859 0.266927 0.756836 0.269531 0.756836 0.276042 0.759766 0.281250 0.759766 0.282552 0.763672 0.287760 0.765625 0.294271 0.770508 0.300781 0.782227 0.299479 0.789062 0.291667 0.790039 0.287760 0.791992 0.285156 0.795898 0.282552 0.799805 0.277344 0.799805 0.276042 0.802734 0.273438 0.804688 0.268229 0.805664 0.257812 0.804688 0.256510 0.804688 0.253906 0.796875 0.243490 0.795898 0.243490 0.790039 0.236979 0.788086 0.236979 0.787109 0.235677 0.780273 0.235677 0.779297 0.234375
0 0.700195 0.121094 0.687500 0.136719 0.684570 0.138021 0.681641 0.143229 0.680664 0.151042 0.673828 0.160156 0.672852 0.164062 0.674805 0.164062 0.676758 0.166667 0.676758 0.171875 0.677734 0.173177 0.677734 0.178385 0.678711 0.179688 0.678711 0.188802 0.679688 0.190104 0.679688 0.192708 0.681641 0.195312 0.686523 0.196615 0.687500 0.197917 0.691406 0.197917 0.692383 0.199219 0.694336 0.197917 0.699219 0.197917 0.700195 0.199219 0.705078 0.196615 0.708008 0.192708 0.710938 0.195312 0.711914 0.199219 0.721680 0.183594 0.722656 0.179688 0.731445 0.166667 0.735352 0.157552 0.735352 0.153646 0.730469 0.138021 0.727539 0.134115 0.721680 0.130208 0.719727 0.127604 0.717773 0.127604 0.713867 0.125000 0.711914 0.122396 0.709961 0.122396 0.708984 0.121094
0 0.772461 0.147135 0.769531 0.147135 0.763672 0.152344 0.761719 0.152344 0.758789 0.154948 0.754883 0.156250 0.753906 0.158854 0.747070 0.166667 0.746094 0.170573 0.743164 0.173177 0.742188 0.177083 0.740234 0.178385 0.736328 0.184896 0.736328 0.188802 0.738281 0.191406 0.738281 0.196615 0.737305 0.197917 0.737305 0.208333 0.741211 0.212240 0.744141 0.212240 0.747070 0.214844 0.751953 0.214844 0.753906 0.217448 0.764648 0.221354 0.767578 0.226562 0.771484 0.225260 0.771484 0.223958 0.777344 0.216146 0.778320 0.216146 0.790039 0.199219 0.790039 0.192708 0.789062 0.191406 0.789062 0.177083 0.788086 0.175781 0.787109 0.165365 0.786133 0.162760 0.777344 0.151042
0 0.833008 0.177083 0.828125 0.184896 0.828125 0.188802 0.829102 0.188802 0.831055 0.192708 0.831055 0.196615 0.830078 0.197917 0.830078 0.205729 0.829102 0.207031 0.829102 0.216146 0.831055 0.218750 0.842773 0.225260 0.849609 0.226562 0.853516 0.229167 0.857422 0.229167 0.865234 0.234375 0.869141 0.234375 0.875977 0.230469 0.883789 0.221354 0.884766 0.212240 0.887695 0.203125 0.887695 0.186198 0.885742 0.180990 0.880859 0.175781 0.878906 0.175781 0.868164 0.167969 0.862305 0.166667 0.860352 0.164062 0.854492 0.164062 0.847656 0.170573 0.841797 0.171875
0 0.910156 0.213542 0.901367 0.213542 0.891602 0.221354 0.887695 0.221354 0.883789 0.226562 0.883789 0.231771 0.881836 0.235677 0.881836 0.238281 0.879883 0.243490 0.879883 0.247396 0.877930 0.252604 0.877930 0.263021 0.879883 0.266927 0.879883 0.269531 0.882812 0.273438 0.882812 0.274740 0.888672 0.281250 0.897461 0.286458 0.899414 0.289062 0.904297 0.289062 0.913086 0.283854 0.919922 0.269531 0.924805 0.263021 0.924805 0.261719 0.928711 0.256510 0.932617 0.248698 0.932617 0.244792 0.931641 0.243490 0.931641 0.240885 0.927734 0.227865 0.923828 0.225260 0.919922 0.220052 0.916016 0.218750
0 0.963867 0.261719 0.955078 0.261719 0.952148 0.264323 0.950195 0.264323 0.948242 0.266927 0.946289 0.266927 0.942383 0.270833 0.932617 0.273438 0.932617 0.276042 0.933594 0.277344 0.928711 0.289062 0.928711 0.295573 0.927734 0.296875 0.927734 0.313802 0.928711 0.315104 0.928711 0.317708 0.931641 0.322917 0.935547 0.325521 0.942383 0.334635 0.952148 0.341146 0.958984 0.341146 0.966797 0.337240 0.972656 0.328125 0.977539 0.324219 0.980469 0.316406 0.980469 0.309896 0.977539 0.300781 0.975586 0.298177 0.971680 0.286458 0.965820 0.278646 0.965820 0.276042 0.967773 0.272135 0.967773 0.266927 0.966797 0.264323
0 0.969727 0.358073 0.965820 0.355469 0.962891 0.351562 0.945312 0.351562 0.944336 0.350260 0.931641 0.351562 0.924805 0.355469 0.922852 0.358073 0.922852 0.369792 0.923828 0.371094 0.920898 0.377604 0.921875 0.378906 0.921875 0.415365 0.922852 0.416667 0.922852 0.419271 0.928711 0.424479 0.936523 0.424479 0.944336 0.420573 0.948242 0.420573 0.949219 0.419271 0.959961 0.419271 0.964844 0.416667 0.969727 0.408854 0.969727 0.406250 0.970703 0.404948 0.970703 0.395833 0.972656 0.391927 0.971680 0.363281
0 0.847656 0.305990 0.843750 0.308594 0.836914 0.317708 0.835938 0.317708 0.833984 0.322917 0.833984 0.332031 0.833008 0.333333 0.833008 0.338542 0.832031 0.341146 0.835938 0.348958 0.836914 0.352865 0.842773 0.360677 0.848633 0.364583 0.854492 0.372396 0.860352 0.376302 0.869141 0.376302 0.874023 0.372396 0.876953 0.368490 0.880859 0.367188 0.884766 0.361979 0.884766 0.352865 0.890625 0.342448 0.891602 0.328125 0.888672 0.321615 0.881836 0.312500 0.881836 0.311198 0.876953 0.307292 0.870117 0.305990 0.869141 0.304688 0.851562 0.304688 0.850586 0.305990
0 0.818359 0.289062 0.815430 0.289062 0.814453 0.287760 0.809570 0.287760 0.808594 0.289062 0.801758 0.289062 0.800781 0.290365 0.792969 0.291667 0.785156 0.300781 0.780273 0.304688 0.780273 0.307292 0.779297 0.308594 0.779297 0.316406 0.790039 0.335938 0.790039 0.338542 0.793945 0.345052 0.795898 0.351562 0.799805 0.356771 0.814453 0.356771 0.818359 0.354167 0.824219 0.346354 0.824219 0.345052 0.829102 0.338542 0.830078 0.335938 0.830078 0.320312 0.829102 0.319010 0.829102 0.308594 0.828125 0.307292 0.828125 0.302083 0.826172 0.299479 0.826172 0.298177 0.824219 0.296875 0.823242 0.294271
0 0.753906 0.332031 0.751953 0.334635 0.749023 0.335938 0.742188 0.346354 0.742188 0.354167 0.744141 0.358073 0.744141 0.360677 0.746094 0.365885 0.746094 0.369792 0.748047 0.373698 0.749023 0.382812 0.751953 0.388021 0.751953 0.390625 0.752930 0.391927 0.750977 0.395833 0.748047 0.391927 0.744141 0.391927 0.748047 0.399740 0.750977 0.399740 0.751953 0.401042 0.752930 0.399740 0.755859 0.399740 0.757812 0.402344 0.762695 0.402344 0.767578 0.404948 0.773438 0.404948 0.774414 0.403646 0.776367 0.403646 0.781250 0.399740 0.786133 0.393229 0.791992 0.377604 0.792969 0.371094 0.794922 0.368490 0.794922 0.360677 0.790039 0.351562 0.790039 0.348958 0.787109 0.342448 0.786133 0.342448 0.781250 0.335938 0.781250 0.334635 0.778320 0.332031 0.776367 0.332031 0.775391 0.330729 0.757812 0.330729 0.756836 0.332031
0 0.802734 0.363281 0.794922 0.373698 0.793945 0.376302 0.793945 0.378906 0.791016 0.386719 0.791016 0.393229 0.791992 0.394531 0.791992 0.397135 0.799805 0.407552 0.801758 0.412760 0.802734 0.412760 0.806641 0.416667 0.808594 0.416667 0.811523 0.420573 0.813477 0.420573 0.814453 0.421875 0.820312 0.421875 0.821289 0.420573 0.827148 0.420573 0.833008 0.416667 0.839844 0.406250 0.845703 0.389323 0.844727 0.381510 0.841797 0.376302 0.841797 0.375000 0.838867 0.371094 0.830078 0.364583 0.824219 0.363281 0.823242 0.361979 0.820312 0.361979 0.817383 0.359375 0.813477 0.359375 0.812500 0.360677 0.806641 0.360677
0 0.884766 0.372396 0.878906 0.373698 0.875000 0.376302 0.872070 0.376302 0.863281 0.384115 0.860352 0.384115 0.852539 0.388021 0.848633 0.391927 0.848633 0.394531 0.845703 0.403646 0.846680 0.417969 0.852539 0.428385 0.854492 0.434896 0.856445 0.437500 0.866211 0.440104 0.873047 0.446615 0.885742 0.445312 0.896484 0.440104 0.900391 0.436198 0.902344 0.429688 0.908203 0.420573 0.910156 0.415365 0.910156 0.410156 0.909180 0.407552 0.899414 0.393229 0.896484 0.385417 0.889648 0.375000
0 0.865234 0.444010 0.859375 0.442708 0.858398 0.441406 0.853516 0.441406 0.852539 0.440104 0.851562 0.441406 0.836914 0.441406 0.828125 0.445312 0.818359 0.446615 0.812500 0.451823 0.809570 0.458333 0.809570 0.460938 0.812500 0.458333 0.814453 0.458333 0.815430 0.459635 0.815430 0.467448 0.812500 0.471354 0.812500 0.473958 0.809570 0.481771 0.812500 0.489583 0.812500 0.492188 0.821289 0.507812 0.824219 0.507812 0.825195 0.509115 0.831055 0.509115 0.833984 0.507812 0.834961 0.509115 0.839844 0.509115 0.840820 0.510417 0.842773 0.509115 0.850586 0.509115 0.862305 0.503906 0.867188 0.500000 0.868164 0.497396 0.869141 0.454427 0.868164 0.453125 0.868164 0.449219
0 0.916016 0.444010 0.906250 0.444010 0.905273 0.445312 0.903320 0.445312 0.894531 0.457031 0.891602 0.458333 0.888672 0.463542 0.888672 0.470052 0.887695 0.471354 0.887695 0.480469 0.886719 0.481771 0.886719 0.492188 0.893555 0.510417 0.895508 0.513021 0.899414 0.514323 0.900391 0.515625 0.902344 0.514323 0.912109 0.513021 0.912109 0.511719 0.915039 0.507812 0.918945 0.506510 0.930664 0.498698 0.932617 0.496094 0.932617 0.492188 0.935547 0.483073 0.935547 0.470052 0.934570 0.467448 0.930664 0.462240 0.927734 0.454427 0.923828 0.447917 0.918945 0.446615
0 0.907227 0.515625 0.906250 0.516927 0.903320 0.516927 0.899414 0.520833 0.899414 0.523438 0.897461 0.527344 0.897461 0.529948 0.894531 0.535156 0.893555 0.545573 0.890625 0.550781 0.890625 0.558594 0.891602 0.559896 0.891602 0.562500 0.898438 0.571615 0.901367 0.572917 0.910156 0.582031 0.915039 0.582031 0.916016 0.580729 0.917969 0.580729 0.918945 0.579427 0.920898 0.579427 0.921875 0.578125 0.923828 0.578125 0.926758 0.575521 0.930664 0.574219 0.933594 0.567708 0.939453 0.559896 0.941406 0.554688 0.941406 0.552083 0.942383 0.550781 0.942383 0.532552 0.939453 0.527344 0.936523 0.526042 0.934570 0.523438 0.931641 0.523438 0.927734 0.520833 0.919922 0.519531 0.918945 0.518229 0.916016 0.518229 0.915039 0.516927 0.909180 0.516927
0 0.837891 0.524740 0.834961 0.533854 0.828125 0.546875 0.828125 0.549479 0.827148 0.550781 0.827148 0.553385 0.825195 0.558594 0.827148 0.567708 0.829102 0.570312 0.829102 0.571615 0.836914 0.580729 0.846680 0.580729 0.847656 0.582031 0.853516 0.583333 0.854492 0.584635 0.863281 0.584635 0.864258 0.583333 0.867188 0.583333 0.874023 0.574219 0.874023 0.572917 0.876953 0.567708 0.876953 0.563802 0.877930 0.562500 0.877930 0.555990 0.876953 0.554688 0.876953 0.550781 0.875000 0.545573 0.873047 0.542969 0.872070 0.539062 0.870117 0.536458 0.869141 0.532552 0.863281 0.526042 0.857422 0.522135 0.854492 0.522135 0.853516 0.520833 0.841797 0.522135
0 0.867188 0.585938 0.864258 0.589844 0.863281 0.593750 0.860352 0.597656 0.859375 0.597656 0.857422 0.602865 0.857422 0.605469 0.856445 0.606771 0.856445 0.610677 0.855469 0.611979 0.855469 0.623698 0.856445 0.625000 0.856445 0.631510 0.857422 0.634115 0.858398 0.634115 0.860352 0.636719 0.862305 0.636719 0.863281 0.638021 0.866211 0.638021 0.867188 0.639323 0.874023 0.639323 0.875000 0.640625 0.885742 0.640625 0.886719 0.641927 0.891602 0.641927 0.893555 0.640625 0.894531 0.638021 0.899414 0.631510 0.900391 0.627604 0.902344 0.625000 0.904297 0.619792 0.904297 0.617188 0.905273 0.615885 0.905273 0.611979 0.906250 0.610677 0.905273 0.609375 0.905273 0.606771 0.901367 0.601562 0.899414 0.600260 0.897461 0.593750 0.892578 0.587240 0.890625 0.585938 0.888672 0.585938 0.887695 0.584635 0.882812 0.584635 0.881836 0.583333 0.875000 0.583333 0.874023 0.584635 0.869141 0.584635
0 0.760742 0.406250 0.759766 0.407552 0.754883 0.407552 0.751953 0.410156 0.750000 0.410156 0.746094 0.416667 0.746094 0.425781 0.745117 0.427083 0.745117 0.444010 0.744141 0.445312 0.744141 0.459635 0.751953 0.468750 0.754883 0.468750 0.755859 0.470052 0.758789 0.470052 0.759766 0.471354 0.765625 0.471354 0.766602 0.470052 0.769531 0.470052 0.777344 0.464844 0.784180 0.454427 0.787109 0.446615 0.787109 0.444010 0.788086 0.442708 0.789062 0.428385 0.788086 0.427083 0.788086 0.423177 0.786133 0.417969 0.781250 0.410156 0.779297 0.408854 0.775391 0.408854 0.774414 0.407552 0.768555 0.407552 0.767578 0.406250
0 0.768555 0.477865 0.768555 0.481771 0.764648 0.485677 0.760742 0.496094 0.760742 0.507812 0.761719 0.509115 0.762695 0.516927 0.765625 0.523438 0.765625 0.527344 0.766602 0.529948 0.769531 0.533854 0.769531 0.535156 0.775391 0.541667 0.779297 0.541667 0.780273 0.542969 0.785156 0.542969 0.787109 0.544271 0.788086 0.542969 0.793945 0.542969 0.794922 0.541667 0.801758 0.541667 0.802734 0.540365 0.804688 0.540365 0.809570 0.533854 0.809570 0.532552 0.812500 0.529948 0.816406 0.523438 0.817383 0.523438 0.818359 0.520833 0.818359 0.513021 0.813477 0.505208 0.812500 0.500000 0.808594 0.494792 0.803711 0.484375 0.795898 0.475260 0.791992 0.475260 0.791016 0.473958 0.787109 0.473958 0.786133 0.472656 0.781250 0.472656 0.780273 0.473958 0.773438 0.473958
0 0.813477 0.542969 0.808594 0.541667 0.807617 0.542969 0.803711 0.542969 0.802734 0.544271 0.795898 0.544271 0.794922 0.545573 0.789062 0.545573 0.788086 0.546875 0.786133 0.546875 0.782227 0.552083 0.782227 0.553385 0.779297 0.557292 0.779297 0.558594 0.776367 0.563802 0.776367 0.567708 0.775391 0.569010 0.775391 0.583333 0.777344 0.588542 0.781250 0.593750 0.781250 0.595052 0.790039 0.606771 0.791992 0.608073 0.798828 0.608073 0.803711 0.604167 0.805664 0.604167 0.808594 0.601562 0.810547 0.601562 0.814453 0.597656 0.814453 0.595052 0.816406 0.591146 0.816406 0.572917 0.817383 0.571615 0.817383 0.562500 0.816406 0.561198 0.816406 0.553385 0.814453 0.549479
0 0.836914 0.613281 0.832031 0.611979 0.831055 0.613281 0.818359 0.613281 0.817383 0.614583 0.813477 0.614583 0.811523 0.617188 0.810547 0.617188 0.808594 0.619792 0.808594 0.621094 0.800781 0.631510 0.799805 0.634115 0.799805 0.652344 0.803711 0.658854 0.803711 0.660156 0.806641 0.664062 0.806641 0.665365 0.815430 0.670573 0.817383 0.673177 0.823242 0.673177 0.824219 0.671875 0.835938 0.671875 0.839844 0.669271 0.841797 0.666667 0.846680 0.653646 0.846680 0.638021 0.847656 0.636719 0.847656 0.630208 0.843750 0.619792 0.840820 0.615885
0 0.679688 0.350260 0.680664 0.371094 0.685547 0.380208 0.685547 0.381510 0.688477 0.381510 0.692383 0.386719 0.694336 0.391927 0.694336 0.394531 0.695312 0.395833 0.695312 0.398438 0.692383 0.402344 0.691406 0.402344 0.695312 0.404948 0.699219 0.404948 0.700195 0.406250 0.707031 0.406250 0.708008 0.404948 0.709961 0.404948 0.713867 0.402344 0.717773 0.402344 0.718750 0.401042 0.720703 0.401042 0.724609 0.395833 0.725586 0.393229 0.725586 0.389323 0.726562 0.388021 0.726562 0.375000 0.725586 0.373698 0.725586 0.367188 0.723633 0.361979 0.720703 0.358073 0.718750 0.351562 0.716797 0.348958 0.714844 0.348958 0.709961 0.345052 0.706055 0.345052 0.705078 0.343750 0.694336 0.343750 0.693359 0.345052 0.687500 0.345052 0.686523 0.346354 0.683594 0.346354
0 0.721680 0.404948 0.712891 0.404948 0.709961 0.407552 0.708008 0.407552 0.705078 0.411458 0.701172 0.414062 0.697266 0.414062 0.695312 0.415365 0.694336 0.417969 0.695312 0.442708 0.696289 0.444010 0.696289 0.447917 0.697266 0.449219 0.697266 0.455729 0.698242 0.457031 0.698242 0.463542 0.699219 0.464844 0.699219 0.467448 0.710938 0.476562 0.715820 0.476562 0.716797 0.475260 0.719727 0.475260 0.723633 0.471354 0.727539 0.470052 0.733398 0.466146 0.736328 0.460938 0.736328 0.457031 0.739258 0.449219 0.741211 0.446615 0.741211 0.444010 0.742188 0.442708 0.742188 0.434896 0.741211 0.433594 0.741211 0.430990 0.734375 0.419271 0.733398 0.415365 0.727539 0.408854
0 0.750977 0.472656 0.750000 0.472656 0.748047 0.470052 0.745117 0.470052 0.744141 0.468750 0.733398 0.468750 0.723633 0.475260 0.721680 0.475260 0.714844 0.480469 0.714844 0.484375 0.713867 0.485677 0.713867 0.498698 0.714844 0.500000 0.714844 0.507812 0.713867 0.509115 0.713867 0.514323 0.712891 0.515625 0.712891 0.519531 0.711914 0.520833 0.712891 0.527344 0.714844 0.531250 0.716797 0.532552 0.726562 0.532552 0.727539 0.533854 0.738281 0.533854 0.739258 0.532552 0.745117 0.531250 0.750000 0.526042 0.750000 0.524740 0.754883 0.516927 0.754883 0.514323 0.755859 0.513021 0.755859 0.506510 0.756836 0.505208 0.756836 0.500000 0.757812 0.498698 0.757812 0.493490 0.758789 0.492188 0.757812 0.486979 0.755859 0.483073 0.755859 0.480469
0 0.753906 0.535156 0.748047 0.535156 0.747070 0.536458 0.744141 0.536458 0.734375 0.542969 0.729492 0.542969 0.727539 0.544271 0.723633 0.550781 0.722656 0.554688 0.719727 0.558594 0.719727 0.559896 0.721680 0.562500 0.721680 0.567708 0.722656 0.569010 0.722656 0.575521 0.723633 0.576823 0.723633 0.580729 0.725586 0.583333 0.725586 0.585938 0.727539 0.591146 0.734375 0.601562 0.738281 0.602865 0.739258 0.604167 0.749023 0.604167 0.754883 0.600260 0.760742 0.598958 0.761719 0.597656 0.765625 0.596354 0.769531 0.591146 0.769531 0.588542 0.771484 0.585938 0.773438 0.580729 0.773438 0.574219 0.772461 0.572917 0.772461 0.569010 0.766602 0.557292 0.765625 0.546875 0.761719 0.541667
0 0.766602 0.619792 0.762695 0.622396 0.750000 0.638021 0.749023 0.640625 0.749023 0.647135 0.756836 0.667969 0.756836 0.670573 0.760742 0.680990 0.762695 0.683594 0.766602 0.683594 0.767578 0.684896 0.777344 0.684896 0.787109 0.675781 0.790039 0.674479 0.793945 0.667969 0.796875 0.660156 0.796875 0.657552 0.798828 0.653646 0.797852 0.632812 0.793945 0.626302 0.784180 0.619792 0.781250 0.619792 0.780273 0.621094 0.776367 0.621094 0.775391 0.619792
0 0.714844 0.610677 0.711914 0.613281 0.706055 0.614583 0.701172 0.618490 0.699219 0.618490 0.694336 0.625000 0.693359 0.627604 0.693359 0.647135 0.694336 0.648438 0.694336 0.652344 0.695312 0.653646 0.695312 0.656250 0.696289 0.657552 0.697266 0.662760 0.702148 0.669271 0.712891 0.677083 0.719727 0.677083 0.721680 0.675781 0.725586 0.670573 0.725586 0.669271 0.734375 0.658854 0.736328 0.653646 0.741211 0.647135 0.741211 0.644531 0.742188 0.643229 0.742188 0.636719 0.738281 0.626302 0.730469 0.615885
0 0.668945 0.554688 0.668945 0.557292 0.667969 0.558594 0.667969 0.563802 0.666992 0.565104 0.667969 0.567708 0.667969 0.574219 0.668945 0.575521 0.668945 0.583333 0.669922 0.584635 0.669922 0.587240 0.671875 0.592448 0.673828 0.595052 0.677734 0.597656 0.680664 0.597656 0.681641 0.598958 0.704102 0.598958 0.705078 0.600260 0.708008 0.600260 0.708984 0.601562 0.712891 0.600260 0.712891 0.598958 0.714844 0.596354 0.714844 0.592448 0.715820 0.591146 0.715820 0.587240 0.716797 0.585938 0.716797 0.571615 0.715820 0.570312 0.715820 0.563802 0.714844 0.562500 0.714844 0.558594 0.708984 0.550781 0.708008 0.550781 0.705078 0.546875 0.704102 0.546875 0.700195 0.542969 0.698242 0.542969 0.697266 0.541667 0.690430 0.541667 0.689453 0.542969 0.685547 0.542969 0.684570 0.544271 0.682617 0.544271 0.676758 0.548177 0.673828 0.552083 0.671875 0.552083
0 0.701172 0.471354 0.698242 0.471354 0.696289 0.470052 0.695312 0.471354 0.689453 0.471354 0.688477 0.472656 0.684570 0.472656 0.683594 0.473958 0.681641 0.473958 0.675781 0.477865 0.670898 0.484375 0.670898 0.485677 0.667969 0.489583 0.667969 0.492188 0.666992 0.493490 0.666992 0.497396 0.666016 0.498698 0.666016 0.507812 0.666992 0.509115 0.666992 0.514323 0.667969 0.515625 0.668945 0.520833 0.676758 0.529948 0.679688 0.531250 0.681641 0.533854 0.685547 0.536458 0.692383 0.536458 0.693359 0.535156 0.697266 0.535156 0.698242 0.533854 0.704102 0.532552 0.709961 0.524740 0.709961 0.518229 0.711914 0.513021 0.711914 0.486979 0.710938 0.485677 0.709961 0.480469 0.707031 0.476562 0.706055 0.476562
0 0.686523 0.408854 0.682617 0.407552 0.681641 0.406250 0.677734 0.406250 0.676758 0.404948 0.675781 0.406250 0.670898 0.406250 0.669922 0.404948 0.668945 0.406250 0.664062 0.406250 0.663086 0.407552 0.657227 0.407552 0.656250 0.408854 0.649414 0.408854 0.648438 0.410156 0.646484 0.410156 0.643555 0.417969 0.642578 0.430990 0.641602 0.432292 0.643555 0.447917 0.657227 0.466146 0.670898 0.466146 0.671875 0.464844 0.673828 0.464844 0.677734 0.462240 0.679688 0.459635 0.683594 0.457031 0.688477 0.450521 0.692383 0.438802 0.692383 0.424479
0 0.636719 0.453125 0.635742 0.454427 0.629883 0.454427 0.628906 0.455729 0.625977 0.455729 0.622070 0.458333 0.620117 0.463542 0.620117 0.468750 0.619141 0.470052 0.619141 0.475260 0.618164 0.476562 0.618164 0.481771 0.617188 0.483073 0.617188 0.489583 0.616211 0.490885 0.616211 0.496094 0.615234 0.497396 0.615234 0.509115 0.616211 0.511719 0.625000 0.523438 0.630859 0.527344 0.635742 0.527344 0.636719 0.528646 0.638672 0.528646 0.639648 0.527344 0.645508 0.527344 0.653320 0.522135 0.658203 0.515625 0.662109 0.506510 0.662109 0.500000 0.663086 0.498698 0.663086 0.484375 0.662109 0.483073 0.662109 0.479167 0.657227 0.472656 0.657227 0.471354 0.653320 0.464844 0.652344 0.464844 0.647461 0.458333
0 0.582031 0.450521 0.578125 0.449219 0.575195 0.446615 0.565430 0.446615 0.564453 0.447917 0.560547 0.447917 0.559570 0.449219 0.556641 0.449219 0.554688 0.450521 0.550781 0.455729 0.545898 0.468750 0.545898 0.471354 0.542969 0.477865 0.542969 0.480469 0.541992 0.481771 0.542969 0.483073 0.542969 0.486979 0.543945 0.489583 0.547852 0.494792 0.551758 0.497396 0.558594 0.506510 0.567383 0.506510 0.568359 0.505208 0.575195 0.505208 0.583008 0.500000 0.584961 0.497396 0.588867 0.494792 0.592773 0.489583 0.593750 0.485677 0.590820 0.480469 0.590820 0.466146 0.589844 0.464844 0.589844 0.462240 0.586914 0.458333 0.585938 0.454427
0 0.610352 0.516927 0.606445 0.514323 0.604492 0.514323 0.603516 0.515625 0.602539 0.514323 0.600586 0.514323 0.598633 0.511719 0.594727 0.509115 0.587891 0.509115 0.586914 0.510417 0.583008 0.510417 0.582031 0.511719 0.580078 0.511719 0.578125 0.513021 0.573242 0.519531 0.572266 0.519531 0.572266 0.520833 0.570312 0.523438 0.568359 0.524740 0.566406 0.529948 0.567383 0.546875 0.568359 0.548177 0.569336 0.554688 0.577148 0.567708 0.580078 0.569010 0.582031 0.571615 0.590820 0.571615 0.594727 0.569010 0.605469 0.555990 0.605469 0.554688 0.611328 0.545573 0.614258 0.537760 0.614258 0.523438
0 0.626953 0.548177 0.621094 0.552083 0.617188 0.552083 0.616211 0.553385 0.614258 0.553385 0.607422 0.558594 0.607422 0.559896 0.605469 0.562500 0.604492 0.572917 0.603516 0.574219 0.603516 0.576823 0.602539 0.578125 0.602539 0.583333 0.601562 0.584635 0.601562 0.598958 0.602539 0.601562 0.604492 0.604167 0.604492 0.605469 0.612305 0.610677 0.618164 0.619792 0.622070 0.618490 0.625000 0.614583 0.626953 0.614583 0.627930 0.613281 0.633789 0.613281 0.644531 0.606771 0.647461 0.602865 0.651367 0.591146 0.651367 0.583333 0.649414 0.579427 0.649414 0.576823 0.648438 0.575521 0.648438 0.572917 0.647461 0.571615 0.646484 0.566406 0.642578 0.561198 0.634766 0.555990 0.629883 0.549479 0.627930 0.549479
0 0.659180 0.601562 0.657227 0.601562 0.649414 0.606771 0.646484 0.610677 0.640625 0.614583 0.637695 0.618490 0.637695 0.619792 0.630859 0.627604 0.630859 0.630208 0.629883 0.631510 0.629883 0.644531 0.630859 0.645833 0.631836 0.651042 0.637695 0.658854 0.638672 0.658854 0.645508 0.666667 0.649414 0.667969 0.650391 0.669271 0.652344 0.669271 0.653320 0.670573 0.661133 0.670573 0.662109 0.669271 0.664062 0.669271 0.665039 0.667969 0.668945 0.666667 0.674805 0.660156 0.678711 0.657552 0.682617 0.652344 0.682617 0.649740 0.683594 0.648438 0.683594 0.640625 0.677734 0.625000 0.674805 0.621094 0.671875 0.614583 0.663086 0.602865 0.660156 0.602865
0 0.499023 0.455729 0.491211 0.468750 0.491211 0.483073 0.492188 0.484375 0.492188 0.493490 0.493164 0.494792 0.493164 0.498698 0.495117 0.503906 0.498047 0.507812 0.501953 0.510417 0.513672 0.513021 0.522461 0.518229 0.525391 0.518229 0.529297 0.515625 0.533203 0.510417 0.534180 0.510417 0.539062 0.502604 0.539062 0.498698 0.540039 0.497396 0.540039 0.494792 0.539062 0.493490 0.539062 0.483073 0.538086 0.481771 0.538086 0.476562 0.537109 0.475260 0.537109 0.466146 0.536133 0.464844 0.536133 0.459635 0.535156 0.457031 0.532227 0.454427 0.530273 0.454427 0.526367 0.451823 0.518555 0.451823 0.517578 0.453125 0.513672 0.453125 0.512695 0.454427 0.509766 0.454427 0.508789 0.453125 0.502930 0.453125
0 0.536133 0.513021 0.532227 0.515625 0.524414 0.524740 0.523438 0.524740 0.522461 0.527344 0.517578 0.533854 0.515625 0.539062 0.515625 0.541667 0.514648 0.542969 0.514648 0.561198 0.516602 0.566406 0.525391 0.576823 0.530273 0.576823 0.531250 0.578125 0.541992 0.578125 0.543945 0.579427 0.544922 0.578125 0.546875 0.578125 0.551758 0.572917 0.561523 0.566406 0.562500 0.563802 0.561523 0.544271 0.562500 0.542969 0.562500 0.539062 0.563477 0.537760 0.563477 0.528646 0.559570 0.522135 0.549805 0.515625
0 0.547852 0.579427 0.545898 0.582031 0.543945 0.587240 0.541016 0.591146 0.540039 0.596354 0.541016 0.597656 0.541992 0.606771 0.545898 0.617188 0.549805 0.623698 0.553711 0.626302 0.555664 0.626302 0.556641 0.627604 0.559570 0.627604 0.561523 0.630208 0.563477 0.630208 0.564453 0.631510 0.580078 0.631510 0.582031 0.630208 0.587891 0.622396 0.587891 0.619792 0.588867 0.618490 0.588867 0.611979 0.587891 0.610677 0.587891 0.602865 0.586914 0.601562 0.586914 0.598958 0.585938 0.597656 0.585938 0.593750 0.583984 0.589844 0.582031 0.579427 0.581055 0.576823 0.577148 0.571615 0.573242 0.571615 0.572266 0.570312 0.568359 0.570312 0.567383 0.569010 0.566406 0.570312 0.560547 0.570312 0.559570 0.571615 0.557617 0.571615 0.553711 0.574219 0.551758 0.576823
0 0.593750 0.617188 0.587891 0.625000 0.587891 0.626302 0.583984 0.632812 0.583984 0.635417 0.583008 0.636719 0.583008 0.640625 0.582031 0.641927 0.582031 0.665365 0.583008 0.667969 0.586914 0.670573 0.592773 0.670573 0.593750 0.671875 0.595703 0.671875 0.596680 0.673177 0.598633 0.673177 0.602539 0.675781 0.606445 0.675781 0.607422 0.674479 0.614258 0.674479 0.618164 0.671875 0.620117 0.669271 0.621094 0.669271 0.625000 0.664062 0.625977 0.661458 0.625977 0.657552 0.626953 0.656250 0.626953 0.645833 0.625977 0.644531 0.626953 0.635417 0.625000 0.631510 0.623047 0.631510 0.621094 0.630208 0.615234 0.622396 0.613281 0.621094 0.611328 0.621094 0.603516 0.614583 0.601562 0.615885 0.596680 0.615885 0.595703 0.617188
0 0.576172 0.653646 0.571289 0.644531 0.569336 0.645833 0.567383 0.644531 0.561523 0.644531 0.560547 0.645833 0.557617 0.645833 0.556641 0.647135 0.548828 0.647135 0.547852 0.648438 0.544922 0.648438 0.543945 0.649740 0.539062 0.649740 0.538086 0.651042 0.535156 0.651042 0.530273 0.654948 0.528320 0.654948 0.524414 0.660156 0.523438 0.662760 0.523438 0.670573 0.525391 0.675781 0.525391 0.679688 0.526367 0.680990 0.526367 0.683594 0.530273 0.688802 0.533203 0.690104 0.538086 0.695312 0.551758 0.695312 0.552734 0.694010 0.560547 0.694010 0.561523 0.692708 0.564453 0.692708 0.568359 0.688802 0.568359 0.687500 0.572266 0.680990 0.573242 0.675781 0.576172 0.669271 0.576172 0.665365 0.575195 0.664062 0.576172 0.662760
0 0.485352 0.666667 0.484375 0.667969 0.481445 0.667969 0.477539 0.670573 0.467773 0.680990 0.466797 0.686198 0.465820 0.687500 0.465820 0.699219 0.464844 0.700521 0.464844 0.707031 0.465820 0.708333 0.465820 0.712240 0.467773 0.717448 0.475586 0.727865 0.483398 0.733073 0.488281 0.733073 0.500977 0.725260 0.502930 0.722656 0.505859 0.721354 0.508789 0.717448 0.510742 0.717448 0.513672 0.714844 0.513672 0.697917 0.512695 0.696615 0.511719 0.690104 0.506836 0.683594 0.505859 0.683594 0.500000 0.677083 0.497070 0.675781 0.492188 0.669271
0 0.504883 0.584635 0.493164 0.584635 0.489258 0.587240 0.486328 0.587240 0.476562 0.592448 0.468750 0.600260 0.466797 0.606771 0.466797 0.627604 0.465820 0.628906 0.465820 0.632812 0.466797 0.634115 0.466797 0.638021 0.469727 0.647135 0.475586 0.654948 0.480469 0.657552 0.498047 0.657552 0.499023 0.656250 0.504883 0.654948 0.510742 0.648438 0.514648 0.640625 0.516602 0.634115 0.518555 0.631510 0.518555 0.622396 0.519531 0.621094 0.519531 0.609375 0.518555 0.608073 0.518555 0.605469 0.514648 0.601562 0.512695 0.595052
0 0.465820 0.519531 0.462891 0.524740 0.459961 0.533854 0.457031 0.537760 0.455078 0.542969 0.455078 0.557292 0.456055 0.558594 0.456055 0.565104 0.460938 0.574219 0.461914 0.578125 0.466797 0.583333 0.484375 0.583333 0.485352 0.582031 0.488281 0.582031 0.492188 0.579427 0.502930 0.566406 0.503906 0.561198 0.504883 0.559896 0.504883 0.537760 0.503906 0.536458 0.503906 0.532552 0.499023 0.523438 0.493164 0.522135 0.492188 0.520833 0.484375 0.520833 0.483398 0.519531 0.478516 0.519531 0.477539 0.518229 0.468750 0.518229 0.467773 0.519531
0 0.474609 0.459635 0.458984 0.459635 0.458008 0.460938 0.456055 0.460938 0.452148 0.463542 0.444336 0.473958 0.439453 0.485677 0.439453 0.488281 0.438477 0.489583 0.438477 0.497396 0.439453 0.498698 0.439453 0.502604 0.440430 0.503906 0.441406 0.509115 0.451172 0.522135 0.455078 0.524740 0.458984 0.526042 0.465820 0.516927 0.467773 0.516927 0.468750 0.515625 0.475586 0.515625 0.476562 0.514323 0.479492 0.514323 0.483398 0.509115 0.485352 0.503906 0.485352 0.500000 0.486328 0.498698 0.486328 0.480469 0.485352 0.479167 0.485352 0.476562 0.484375 0.475260 0.484375 0.472656 0.482422 0.467448 0.478516 0.462240
0 0.381836 0.355469 0.376953 0.360677 0.375977 0.360677 0.369141 0.369792 0.368164 0.369792 0.357422 0.382812 0.356445 0.385417 0.356445 0.395833 0.357422 0.397135 0.357422 0.402344 0.359375 0.404948 0.359375 0.406250 0.364258 0.412760 0.365234 0.412760 0.373047 0.420573 0.375000 0.420573 0.375977 0.421875 0.389648 0.421875 0.396484 0.416667 0.399414 0.412760 0.400391 0.412760 0.405273 0.407552 0.405273 0.397135 0.406250 0.395833 0.406250 0.391927 0.407227 0.390625 0.408203 0.381510 0.407227 0.380208 0.407227 0.376302 0.404297 0.368490 0.402344 0.365885 0.389648 0.356771 0.387695 0.356771 0.386719 0.355469
0 0.340820 0.302083 0.335938 0.308594 0.335938 0.320312 0.337891 0.325521 0.337891 0.341146 0.348633 0.358073 0.352539 0.360677 0.359375 0.360677 0.361328 0.359375 0.362305 0.360677 0.365234 0.360677 0.367188 0.363281 0.371094 0.363281 0.373047 0.361979 0.375000 0.358073 0.380859 0.354167 0.389648 0.341146 0.389648 0.337240 0.390625 0.335938 0.389648 0.320312 0.392578 0.313802 0.392578 0.311198 0.394531 0.305990 0.394531 0.299479 0.391602 0.296875 0.380859 0.296875 0.379883 0.295573 0.374023 0.295573 0.373047 0.296875 0.371094 0.296875 0.370117 0.295573 0.365234 0.295573 0.361328 0.299479 0.357422 0.296875 0.355469 0.296875 0.354492 0.298177 0.346680 0.298177 0.344727 0.300781
0 0.437500 0.428385 0.421875 0.417969 0.418945 0.417969 0.417969 0.416667 0.413086 0.416667 0.412109 0.417969 0.406250 0.419271 0.400391 0.425781 0.399414 0.425781 0.399414 0.427083 0.397461 0.429688 0.396484 0.440104 0.395508 0.441406 0.395508 0.457031 0.396484 0.458333 0.396484 0.462240 0.397461 0.463542 0.397461 0.466146 0.398438 0.467448 0.400391 0.477865 0.402344 0.479167 0.415039 0.479167 0.416016 0.477865 0.419922 0.477865 0.420898 0.476562 0.422852 0.476562 0.426758 0.473958 0.430664 0.473958 0.431641 0.472656 0.439453 0.470052 0.444336 0.463542 0.445312 0.460938 0.445312 0.457031 0.446289 0.455729 0.446289 0.451823 0.445312 0.450521 0.444336 0.442708 0.441406 0.434896 0.437500 0.429688
0 0.417969 0.484375 0.414062 0.484375 0.413086 0.483073 0.410156 0.483073 0.409180 0.484375 0.406250 0.484375 0.405273 0.483073 0.399414 0.483073 0.398438 0.484375 0.396484 0.484375 0.389648 0.493490 0.384766 0.506510 0.384766 0.535156 0.387695 0.541667 0.391602 0.544271 0.400391 0.544271 0.403320 0.541667 0.405273 0.541667 0.406250 0.540365 0.408203 0.540365 0.409180 0.539062 0.411133 0.539062 0.412109 0.537760 0.414062 0.537760 0.415039 0.536458 0.422852 0.533854 0.426758 0.531250 0.429688 0.527344 0.431641 0.522135 0.431641 0.506510 0.430664 0.505208 0.430664 0.501302 0.427734 0.497396 0.426758 0.493490 0.422852 0.490885
0 0.438477 0.545573 0.428711 0.545573 0.420898 0.550781 0.416992 0.555990 0.416016 0.558594 0.416016 0.561198 0.415039 0.562500 0.415039 0.565104 0.413086 0.569010 0.413086 0.572917 0.412109 0.574219 0.412109 0.582031 0.416016 0.592448 0.417969 0.595052 0.417969 0.596354 0.425781 0.606771 0.427734 0.608073 0.431641 0.608073 0.437500 0.601562 0.438477 0.601562 0.442383 0.596354 0.447266 0.593750 0.450195 0.589844 0.456055 0.585938 0.458984 0.580729 0.458984 0.576823 0.454102 0.567708 0.454102 0.565104 0.453125 0.563802 0.453125 0.559896 0.452148 0.557292 0.447266 0.550781 0.446289 0.550781 0.444336 0.548177 0.442383 0.546875 0.439453 0.546875
0 0.434570 0.614583 0.430664 0.621094 0.430664 0.625000 0.429688 0.626302 0.430664 0.631510 0.428711 0.635417 0.428711 0.638021 0.423828 0.647135 0.423828 0.649740 0.424805 0.651042 0.424805 0.657552 0.427734 0.665365 0.432617 0.670573 0.435547 0.670573 0.436523 0.671875 0.438477 0.671875 0.444336 0.675781 0.454102 0.675781 0.455078 0.674479 0.458008 0.674479 0.458984 0.673177 0.460938 0.673177 0.464844 0.670573 0.466797 0.667969 0.467773 0.664062 0.470703 0.658854 0.470703 0.653646 0.467773 0.648438 0.466797 0.643229 0.465820 0.641927 0.465820 0.638021 0.464844 0.636719 0.464844 0.632812 0.463867 0.631510 0.464844 0.628906 0.464844 0.625000 0.463867 0.622396 0.461914 0.619792 0.458008 0.617188 0.456055 0.617188 0.452148 0.614583 0.449219 0.614583 0.448242 0.613281 0.436523 0.613281
0 0.293945 0.333333 0.291992 0.335938 0.288086 0.338542 0.283203 0.346354 0.283203 0.365885 0.284180 0.367188 0.284180 0.371094 0.288086 0.381510 0.293945 0.388021 0.295898 0.388021 0.296875 0.389323 0.298828 0.389323 0.299805 0.390625 0.301758 0.390625 0.305664 0.393229 0.310547 0.393229 0.315430 0.388021 0.316406 0.388021 0.320312 0.382812 0.321289 0.382812 0.323242 0.380208 0.327148 0.377604 0.328125 0.373698 0.331055 0.368490 0.331055 0.359375 0.332031 0.358073 0.332031 0.352865 0.333008 0.351562 0.333008 0.345052 0.332031 0.342448 0.328125 0.341146 0.325195 0.338542 0.321289 0.338542 0.320312 0.337240 0.311523 0.337240 0.310547 0.335938 0.305664 0.335938 0.304688 0.334635 0.300781 0.334635 0.299805 0.333333
0 0.339844 0.385417 0.330078 0.391927 0.329102 0.394531 0.326172 0.398438 0.322266 0.408854 0.322266 0.412760 0.321289 0.414062 0.321289 0.420573 0.322266 0.421875 0.322266 0.424479 0.324219 0.429688 0.328125 0.434896 0.329102 0.438802 0.332031 0.442708 0.336914 0.444010 0.340820 0.447917 0.342773 0.447917 0.343750 0.449219 0.349609 0.449219 0.350586 0.447917 0.355469 0.446615 0.359375 0.442708 0.360352 0.442708 0.364258 0.437500 0.365234 0.434896 0.365234 0.428385 0.364258 0.427083 0.364258 0.424479 0.362305 0.419271 0.362305 0.415365 0.360352 0.412760 0.359375 0.408854 0.356445 0.403646 0.356445 0.401042 0.355469 0.399740 0.355469 0.391927 0.351562 0.389323 0.349609 0.386719 0.347656 0.386719 0.346680 0.385417
0 0.365234 0.450521 0.360352 0.454427 0.358398 0.454427 0.357422 0.455729 0.355469 0.455729 0.354492 0.457031 0.350586 0.458333 0.345703 0.464844 0.341797 0.475260 0.341797 0.480469 0.340820 0.481771 0.340820 0.485677 0.339844 0.488281 0.340820 0.489583 0.340820 0.493490 0.341797 0.494792 0.341797 0.497396 0.343750 0.502604 0.345703 0.502604 0.346680 0.503906 0.348633 0.503906 0.352539 0.506510 0.357422 0.506510 0.361328 0.509115 0.366211 0.514323 0.372070 0.514323 0.375000 0.510417 0.376953 0.510417 0.380859 0.507812 0.382812 0.505208 0.386719 0.494792 0.386719 0.489583 0.387695 0.488281 0.387695 0.480469 0.386719 0.479167 0.386719 0.473958 0.385742 0.472656 0.384766 0.467448 0.376953 0.457031 0.375977 0.457031 0.371094 0.451823 0.369141 0.450521
0 0.360352 0.518229 0.356445 0.520833 0.351562 0.527344 0.351562 0.528646 0.347656 0.533854 0.346680 0.536458 0.346680 0.540365 0.345703 0.541667 0.345703 0.559896 0.346680 0.561198 0.346680 0.565104 0.349609 0.569010 0.350586 0.569010 0.360352 0.579427 0.364258 0.582031 0.369141 0.583333 0.370117 0.584635 0.373047 0.584635 0.374023 0.583333 0.375977 0.583333 0.379883 0.580729 0.385742 0.574219 0.385742 0.571615 0.386719 0.570312 0.386719 0.544271 0.382812 0.533854 0.382812 0.524740 0.380859 0.522135 0.378906 0.520833 0.376953 0.520833 0.375977 0.519531 0.374023 0.519531 0.373047 0.518229
0 0.395508 0.584635 0.393555 0.584635 0.392578 0.583333 0.384766 0.583333 0.383789 0.584635 0.377930 0.585938 0.372070 0.589844 0.369141 0.593750 0.367188 0.598958 0.367188 0.602865 0.364258 0.609375 0.359375 0.615885 0.355469 0.618490 0.354492 0.621094 0.354492 0.627604 0.355469 0.628906 0.355469 0.631510 0.357422 0.636719 0.365234 0.648438 0.375977 0.654948 0.384766 0.654948 0.385742 0.653646 0.390625 0.653646 0.401367 0.644531 0.407227 0.635417 0.408203 0.632812 0.408203 0.628906 0.409180 0.627604 0.409180 0.608073 0.410156 0.606771 0.407227 0.598958 0.407227 0.596354 0.404297 0.592448 0.403320 0.592448
0 0.393555 0.658854 0.386719 0.667969 0.385742 0.671875 0.381836 0.678385 0.381836 0.684896 0.382812 0.686198 0.382812 0.688802 0.384766 0.691406 0.388672 0.703125 0.393555 0.709635 0.395508 0.710938 0.400391 0.710938 0.401367 0.712240 0.411133 0.712240 0.412109 0.710938 0.418945 0.709635 0.420898 0.707031 0.426758 0.703125 0.430664 0.692708 0.430664 0.679688 0.429688 0.678385 0.429688 0.674479 0.424805 0.661458 0.420898 0.657552 0.417969 0.657552 0.415039 0.654948 0.412109 0.654948 0.411133 0.653646 0.403320 0.653646 0.402344 0.654948 0.399414 0.654948
0 0.235352 0.216146 0.227539 0.216146 0.226562 0.217448 0.222656 0.217448 0.218750 0.222656 0.218750 0.225260 0.217773 0.226562 0.217773 0.227865 0.213867 0.234375 0.213867 0.235677 0.212891 0.236979 0.210938 0.243490 0.208984 0.246094 0.208984 0.247396 0.206055 0.253906 0.206055 0.256510 0.205078 0.257812 0.205078 0.261719 0.208008 0.268229 0.209961 0.264323 0.209961 0.261719 0.213867 0.256510 0.214844 0.256510 0.215820 0.255208 0.215820 0.253906 0.219727 0.248698 0.224609 0.246094 0.227539 0.240885 0.229492 0.240885 0.230469 0.239583 0.232422 0.239583 0.233398 0.238281 0.235352 0.238281 0.236328 0.236979 0.237305 0.238281 0.240234 0.238281 0.244141 0.243490 0.246094 0.243490 0.247070 0.244792 0.247070 0.246094 0.248047 0.246094 0.247070 0.244792 0.247070 0.240885 0.245117 0.238281 0.239258 0.221354
0 0.216797 0.231771 0.215820 0.233073 0.215820 0.235677 0.211914 0.240885 0.210938 0.244792 0.208984 0.247396 0.205078 0.261719 0.206055 0.264323 0.206055 0.283854 0.207031 0.285156 0.208008 0.291667 0.211914 0.296875 0.217773 0.300781 0.220703 0.304688 0.222656 0.304688 0.226562 0.307292 0.242188 0.307292 0.254883 0.299479 0.259766 0.292969 0.259766 0.286458 0.260742 0.285156 0.259766 0.273438 0.257812 0.268229 0.257812 0.260417 0.254883 0.252604 0.251953 0.247396 0.250977 0.247396 0.243164 0.238281 0.231445 0.238281 0.226562 0.240885 0.223633 0.244792 0.219727 0.246094 0.217773 0.243490
0 0.146484 0.223958 0.145508 0.225260 0.142578 0.226562 0.138672 0.231771 0.137695 0.231771 0.135742 0.234375 0.135742 0.260417 0.136719 0.261719 0.137695 0.268229 0.141602 0.273438 0.142578 0.273438 0.145508 0.277344 0.150391 0.278646 0.151367 0.277344 0.153320 0.277344 0.155273 0.274740 0.157227 0.274740 0.160156 0.272135 0.162109 0.272135 0.165039 0.269531 0.166992 0.269531 0.170898 0.265625 0.172852 0.265625 0.175781 0.261719 0.175781 0.255208 0.176758 0.253906 0.176758 0.251302 0.175781 0.250000 0.174805 0.246094 0.173828 0.246094 0.170898 0.242188 0.170898 0.240885 0.169922 0.239583 0.166992 0.238281 0.159180 0.229167 0.158203 0.229167 0.155273 0.226562 0.150391 0.225260 0.149414 0.223958
0 0.190430 0.268229 0.188477 0.266927 0.186523 0.266927 0.185547 0.265625 0.175781 0.265625 0.167969 0.270833 0.163086 0.272135 0.157227 0.276042 0.151367 0.282552 0.151367 0.285156 0.154297 0.291667 0.154297 0.300781 0.151367 0.304688 0.153320 0.307292 0.153320 0.309896 0.158203 0.317708 0.162109 0.320312 0.180664 0.320312 0.181641 0.319010 0.183594 0.319010 0.185547 0.317708 0.187500 0.312500 0.187500 0.309896 0.190430 0.305990 0.192383 0.300781 0.192383 0.298177 0.193359 0.296875 0.193359 0.291667 0.194336 0.290365 0.194336 0.278646
0 0.103516 0.291667 0.103516 0.299479 0.104492 0.300781 0.104492 0.305990 0.105469 0.307292 0.105469 0.309896 0.107422 0.315104 0.119141 0.326823 0.125977 0.326823 0.129883 0.329427 0.133789 0.326823 0.135742 0.320312 0.140625 0.313802 0.142578 0.307292 0.145508 0.303385 0.147461 0.304688 0.150391 0.304688 0.150391 0.303385 0.153320 0.298177 0.153320 0.294271 0.151367 0.289062 0.148438 0.285156 0.147461 0.285156 0.144531 0.281250 0.141602 0.279948 0.139648 0.277344 0.130859 0.277344 0.129883 0.278646 0.128906 0.277344 0.113281 0.277344 0.112305 0.278646 0.109375 0.278646 0.105469 0.282552 0.105469 0.285156 0.104492 0.286458 0.104492 0.290365
0 0.225586 0.311198 0.219727 0.309896 0.217773 0.307292 0.199219 0.308594 0.195312 0.311198 0.192383 0.315104 0.192383 0.316406 0.183594 0.326823 0.181641 0.330729 0.181641 0.342448 0.185547 0.350260 0.185547 0.363281 0.186523 0.365885 0.192383 0.373698 0.199219 0.373698 0.200195 0.375000 0.210938 0.375000 0.211914 0.376302 0.213867 0.375000 0.218750 0.375000 0.226562 0.368490 0.228516 0.364583 0.232422 0.360677 0.227539 0.358073 0.227539 0.355469 0.230469 0.352865 0.231445 0.329427 0.230469 0.328125 0.230469 0.322917 0.229492 0.321615 0.229492 0.319010
0 0.251953 0.354167 0.248047 0.354167 0.247070 0.355469 0.245117 0.355469 0.241211 0.359375 0.241211 0.360677 0.238281 0.364583 0.236328 0.371094 0.227539 0.384115 0.226562 0.389323 0.225586 0.390625 0.225586 0.399740 0.227539 0.404948 0.230469 0.408854 0.234375 0.411458 0.236328 0.414062 0.236328 0.415365 0.239258 0.416667 0.243164 0.421875 0.247070 0.424479 0.249023 0.424479 0.250000 0.423177 0.253906 0.423177 0.257812 0.420573 0.258789 0.417969 0.262695 0.415365 0.266602 0.410156 0.267578 0.410156 0.271484 0.404948 0.272461 0.404948 0.275391 0.399740 0.275391 0.394531 0.273438 0.389323 0.273438 0.385417 0.272461 0.384115 0.272461 0.380208 0.271484 0.378906 0.271484 0.375000 0.270508 0.373698 0.269531 0.368490 0.264648 0.361979 0.259766 0.359375 0.255859 0.355469 0.252930 0.355469
0 0.280273 0.420573 0.275391 0.427083 0.274414 0.432292 0.273438 0.433594 0.273438 0.449219 0.275391 0.453125 0.275391 0.455729 0.276367 0.457031 0.277344 0.462240 0.282227 0.468750 0.286133 0.470052 0.293945 0.476562 0.301758 0.476562 0.302734 0.475260 0.312500 0.475260 0.314453 0.473958 0.321289 0.455729 0.321289 0.450521 0.322266 0.449219 0.322266 0.440104 0.320312 0.434896 0.316406 0.429688 0.310547 0.425781 0.308594 0.425781 0.306641 0.423177 0.302734 0.420573 0.298828 0.420573 0.292969 0.416667 0.285156 0.416667 0.283203 0.419271
0 0.301758 0.485677 0.297852 0.488281 0.288086 0.502604 0.282227 0.515625 0.281250 0.523438 0.290039 0.537760 0.291016 0.541667 0.291992 0.541667 0.295898 0.546875 0.304688 0.552083 0.307617 0.552083 0.308594 0.553385 0.318359 0.555990 0.320312 0.554688 0.330078 0.540365 0.335938 0.528646 0.335938 0.526042 0.338867 0.522135 0.336914 0.519531 0.336914 0.513021 0.337891 0.511719 0.339844 0.515625 0.339844 0.518229 0.340820 0.518229 0.340820 0.506510 0.338867 0.503906 0.334961 0.490885 0.332031 0.489583 0.328125 0.485677
0 0.317383 0.566406 0.308594 0.572917 0.306641 0.572917 0.298828 0.582031 0.297852 0.582031 0.295898 0.584635 0.295898 0.592448 0.298828 0.601562 0.298828 0.615885 0.303711 0.623698 0.303711 0.625000 0.307617 0.628906 0.311523 0.631510 0.313477 0.631510 0.316406 0.634115 0.321289 0.634115 0.322266 0.632812 0.326172 0.631510 0.336914 0.621094 0.339844 0.619792 0.342773 0.615885 0.346680 0.605469 0.346680 0.600260 0.347656 0.598958 0.347656 0.595052 0.348633 0.593750 0.348633 0.588542 0.347656 0.587240 0.347656 0.583333 0.346680 0.580729 0.345703 0.580729 0.343750 0.578125 0.342773 0.574219 0.340820 0.572917 0.337891 0.574219 0.333984 0.571615 0.327148 0.570312 0.322266 0.566406
0 0.372070 0.657552 0.365234 0.652344 0.358398 0.641927 0.355469 0.640625 0.352539 0.636719 0.345703 0.632812 0.339844 0.632812 0.335938 0.635417 0.329102 0.636719 0.325195 0.640625 0.323242 0.640625 0.319336 0.645833 0.313477 0.651042 0.309570 0.658854 0.309570 0.661458 0.308594 0.662760 0.308594 0.669271 0.306641 0.674479 0.307617 0.675781 0.307617 0.679688 0.311523 0.686198 0.313477 0.692708 0.319336 0.700521 0.320312 0.700521 0.325195 0.708333 0.332031 0.708333 0.337891 0.704427 0.339844 0.701823 0.343750 0.700521 0.357422 0.691406 0.368164 0.675781 0.372070 0.664062
0 0.365234 0.692708 0.360352 0.692708 0.346680 0.701823 0.344727 0.701823 0.343750 0.703125 0.339844 0.704427 0.334961 0.709635 0.334961 0.710938 0.332031 0.714844 0.331055 0.718750 0.329102 0.721354 0.329102 0.729167 0.330078 0.731771 0.335938 0.740885 0.335938 0.742188 0.337891 0.744792 0.338867 0.744792 0.344727 0.752604 0.346680 0.752604 0.350586 0.755208 0.356445 0.755208 0.357422 0.753906 0.364258 0.752604 0.368164 0.750000 0.370117 0.747396 0.371094 0.747396 0.374023 0.743490 0.375000 0.743490 0.376953 0.740885 0.378906 0.734375 0.380859 0.731771 0.380859 0.729167 0.381836 0.727865 0.381836 0.720052 0.380859 0.718750 0.380859 0.714844 0.379883 0.712240 0.376953 0.708333 0.375977 0.708333 0.374023 0.705729 0.374023 0.704427
0 0.303711 0.675781 0.296875 0.677083 0.295898 0.678385 0.293945 0.678385 0.291992 0.680990 0.290039 0.680990 0.289062 0.682292 0.287109 0.682292 0.283203 0.684896 0.276367 0.695312 0.275391 0.697917 0.275391 0.700521 0.273438 0.704427 0.273438 0.712240 0.274414 0.713542 0.274414 0.716146 0.276367 0.721354 0.283203 0.730469 0.287109 0.733073 0.289062 0.733073 0.290039 0.734375 0.298828 0.734375 0.299805 0.735677 0.302734 0.735677 0.303711 0.734375 0.310547 0.734375 0.312500 0.733073 0.320312 0.722656 0.324219 0.712240 0.324219 0.709635 0.322266 0.707031 0.322266 0.705729 0.312500 0.694010 0.306641 0.678385
0 0.259766 0.692708 0.255859 0.697917 0.254883 0.697917 0.251953 0.701823 0.251953 0.703125 0.250977 0.704427 0.250977 0.709635 0.251953 0.710938 0.251953 0.713542 0.252930 0.714844 0.253906 0.721354 0.255859 0.725260 0.255859 0.727865 0.256836 0.729167 0.256836 0.731771 0.257812 0.733073 0.258789 0.736979 0.262695 0.740885 0.264648 0.740885 0.265625 0.742188 0.270508 0.742188 0.271484 0.743490 0.279297 0.743490 0.280273 0.742188 0.281250 0.742188 0.282227 0.740885 0.284180 0.740885 0.286133 0.738281 0.287109 0.738281 0.288086 0.736979 0.287109 0.735677 0.286133 0.735677 0.282227 0.730469 0.281250 0.730469 0.276367 0.723958 0.276367 0.722656 0.273438 0.716146 0.273438 0.713542 0.272461 0.712240 0.272461 0.703125 0.273438 0.701823 0.273438 0.699219 0.275391 0.695312 0.275391 0.691406 0.274414 0.690104 0.269531 0.690104 0.268555 0.691406 0.262695 0.691406 0.261719 0.692708
0 0.236328 0.667969 0.235352 0.667969 0.231445 0.673177 0.228516 0.673177 0.227539 0.674479 0.215820 0.674479 0.214844 0.675781 0.212891 0.675781 0.207031 0.683594 0.207031 0.686198 0.206055 0.687500 0.206055 0.699219 0.207031 0.700521 0.207031 0.705729 0.211914 0.718750 0.215820 0.723958 0.217773 0.723958 0.218750 0.725260 0.223633 0.725260 0.224609 0.726562 0.239258 0.726562 0.241211 0.725260 0.247070 0.716146 0.247070 0.709635 0.248047 0.708333 0.248047 0.704427 0.250000 0.700521 0.250000 0.695312 0.249023 0.694010 0.249023 0.691406 0.248047 0.690104 0.248047 0.687500 0.247070 0.686198 0.247070 0.683594 0.246094 0.680990 0.244141 0.678385 0.244141 0.677083 0.240234 0.671875 0.237305 0.670573
0 0.206055 0.614583 0.204102 0.617188 0.204102 0.628906 0.205078 0.630208 0.205078 0.643229 0.206055 0.644531 0.206055 0.647135 0.208984 0.651042 0.211914 0.652344 0.213867 0.654948 0.214844 0.654948 0.216797 0.657552 0.217773 0.657552 0.220703 0.660156 0.233398 0.660156 0.234375 0.658854 0.237305 0.658854 0.242188 0.654948 0.242188 0.653646 0.243164 0.652344 0.243164 0.618490 0.244141 0.617188 0.244141 0.615885 0.243164 0.614583 0.243164 0.611979 0.239258 0.606771 0.235352 0.606771 0.234375 0.605469 0.226562 0.605469 0.225586 0.606771 0.223633 0.606771 0.218750 0.610677 0.216797 0.610677 0.215820 0.611979 0.212891 0.611979 0.211914 0.613281 0.208984 0.613281 0.208008 0.614583
0 0.256836 0.635417 0.253906 0.639323 0.253906 0.640625 0.252930 0.641927 0.252930 0.644531 0.251953 0.645833 0.251953 0.648438 0.249023 0.654948 0.249023 0.658854 0.248047 0.660156 0.248047 0.662760 0.245117 0.666667 0.245117 0.667969 0.244141 0.669271 0.245117 0.670573 0.245117 0.673177 0.246094 0.674479 0.249023 0.683594 0.250000 0.683594 0.250977 0.684896 0.259766 0.684896 0.260742 0.686198 0.273438 0.686198 0.274414 0.684896 0.278320 0.684896 0.279297 0.683594 0.279297 0.679688 0.278320 0.678385 0.276367 0.678385 0.275391 0.677083 0.270508 0.674479 0.268555 0.671875 0.267578 0.671875 0.264648 0.667969 0.264648 0.666667 0.258789 0.658854 0.258789 0.656250 0.256836 0.652344 0.257812 0.651042 0.257812 0.648438 0.262695 0.636719 0.262695 0.632812 0.261719 0.634115 0.258789 0.634115 0.257812 0.635417
0 0.273438 0.611979 0.269531 0.615885 0.269531 0.618490 0.266602 0.626302 0.265625 0.632812 0.260742 0.643229 0.260742 0.645833 0.258789 0.651042 0.259766 0.658854 0.265625 0.666667 0.266602 0.669271 0.273438 0.674479 0.275391 0.674479 0.276367 0.675781 0.281250 0.675781 0.282227 0.677083 0.286133 0.677083 0.287109 0.678385 0.291016 0.678385 0.297852 0.673177 0.300781 0.664062 0.303711 0.658854 0.303711 0.656250 0.305664 0.651042 0.305664 0.645833 0.306641 0.644531 0.305664 0.634115 0.303711 0.628906 0.295898 0.617188 0.290039 0.613281 0.288086 0.613281 0.287109 0.611979
0 0.276367 0.539062 0.270508 0.539062 0.269531 0.541667 0.267578 0.541667 0.264648 0.544271 0.262695 0.544271 0.261719 0.545573 0.257812 0.546875 0.250000 0.558594 0.248047 0.563802 0.248047 0.578125 0.249023 0.579427 0.249023 0.589844 0.250000 0.591146 0.251953 0.601562 0.253906 0.606771 0.257812 0.611979 0.261719 0.613281 0.262695 0.614583 0.268555 0.611979 0.275391 0.602865 0.283203 0.597656 0.286133 0.593750 0.291016 0.589844 0.293945 0.585938 0.295898 0.580729 0.295898 0.567708 0.287109 0.550781 0.285156 0.550781 0.279297 0.545573 0.276367 0.545573 0.273438 0.542969 0.274414 0.540365
0 0.266602 0.470052 0.256836 0.470052 0.255859 0.471354 0.252930 0.471354 0.246094 0.477865 0.245117 0.477865 0.242188 0.481771 0.242188 0.483073 0.239258 0.488281 0.239258 0.514323 0.240234 0.515625 0.240234 0.518229 0.242188 0.520833 0.243164 0.527344 0.247070 0.532552 0.249023 0.532552 0.251953 0.535156 0.266602 0.533854 0.274414 0.528646 0.280273 0.522135 0.280273 0.516927 0.283203 0.509115 0.283203 0.501302 0.281250 0.496094 0.276367 0.488281 0.273438 0.479167 0.270508 0.475260 0.270508 0.473958
0 0.223633 0.420573 0.219727 0.423177 0.217773 0.425781 0.216797 0.425781 0.211914 0.432292 0.210938 0.436198 0.208008 0.440104 0.206055 0.445312 0.206055 0.447917 0.205078 0.449219 0.206055 0.458333 0.213867 0.472656 0.215820 0.479167 0.217773 0.480469 0.227539 0.480469 0.228516 0.481771 0.232422 0.481771 0.235352 0.479167 0.240234 0.479167 0.247070 0.472656 0.248047 0.472656 0.250000 0.470052 0.250977 0.470052 0.252930 0.467448 0.252930 0.464844 0.254883 0.460938 0.254883 0.458333 0.250000 0.445312 0.245117 0.437500 0.241211 0.427083 0.241211 0.424479 0.239258 0.421875 0.233398 0.421875 0.232422 0.420573
0 0.181641 0.368490 0.178711 0.368490 0.176758 0.367188 0.175781 0.368490 0.171875 0.368490 0.170898 0.369792 0.164062 0.371094 0.163086 0.372396 0.158203 0.373698 0.152344 0.377604 0.148438 0.382812 0.148438 0.389323 0.149414 0.390625 0.149414 0.394531 0.150391 0.395833 0.150391 0.398438 0.148438 0.401042 0.148438 0.404948 0.147461 0.406250 0.147461 0.414062 0.148438 0.415365 0.148438 0.419271 0.151367 0.423177 0.151367 0.424479 0.163086 0.433594 0.174805 0.433594 0.180664 0.429688 0.191406 0.425781 0.196289 0.420573 0.198242 0.415365 0.198242 0.412760 0.199219 0.411458 0.199219 0.399740 0.198242 0.398438 0.198242 0.393229 0.197266 0.391927 0.197266 0.389323 0.194336 0.384115 0.193359 0.380208 0.189453 0.375000 0.187500 0.375000
0 0.195312 0.453125 0.191406 0.447917 0.190430 0.447917 0.185547 0.442708 0.182617 0.441406 0.177734 0.436198 0.164062 0.436198 0.154297 0.442708 0.145508 0.454427 0.144531 0.457031 0.144531 0.459635 0.143555 0.460938 0.143555 0.466146 0.148438 0.479167 0.152344 0.484375 0.152344 0.485677 0.157227 0.490885 0.162109 0.490885 0.166016 0.486979 0.169922 0.484375 0.171875 0.484375 0.172852 0.483073 0.183594 0.483073 0.185547 0.481771 0.185547 0.480469 0.191406 0.472656 0.191406 0.471354 0.196289 0.462240 0.196289 0.455729
0 0.212891 0.485677 0.210938 0.485677 0.203125 0.480469 0.192383 0.479167 0.191406 0.480469 0.189453 0.480469 0.186523 0.484375 0.181641 0.486979 0.172852 0.486979 0.168945 0.490885 0.165039 0.490885 0.160156 0.497396 0.160156 0.506510 0.158203 0.510417 0.158203 0.515625 0.157227 0.516927 0.159180 0.520833 0.159180 0.523438 0.161133 0.528646 0.166992 0.537760 0.173828 0.540365 0.178711 0.546875 0.183594 0.546875 0.184570 0.545573 0.189453 0.546875 0.192383 0.544271 0.198242 0.542969 0.202148 0.540365 0.207031 0.533854 0.208008 0.533854 0.211914 0.527344 0.211914 0.518229 0.210938 0.516927 0.210938 0.510417 0.209961 0.509115 0.209961 0.494792 0.210938 0.493490 0.213867 0.493490 0.216797 0.496094 0.216797 0.490885
0 0.208984 0.544271 0.204102 0.544271 0.203125 0.545573 0.195312 0.545573 0.194336 0.546875 0.192383 0.546875 0.187500 0.553385 0.185547 0.558594 0.185547 0.571615 0.184570 0.572917 0.184570 0.583333 0.183594 0.584635 0.183594 0.593750 0.182617 0.595052 0.182617 0.597656 0.183594 0.598958 0.183594 0.608073 0.184570 0.610677 0.188477 0.614583 0.197266 0.614583 0.198242 0.613281 0.204102 0.613281 0.205078 0.611979 0.210938 0.610677 0.222656 0.601562 0.228516 0.593750 0.229492 0.591146 0.229492 0.579427 0.228516 0.578125 0.228516 0.574219 0.227539 0.572917 0.227539 0.570312 0.226562 0.569010 0.226562 0.566406 0.224609 0.561198 0.220703 0.555990 0.219727 0.555990 0.218750 0.553385 0.211914 0.549479
0 0.170898 0.544271 0.168945 0.545573 0.166016 0.545573 0.160156 0.549479 0.158203 0.552083 0.148438 0.557292 0.145508 0.561198 0.142578 0.562500 0.138672 0.567708 0.137695 0.570312 0.137695 0.576823 0.138672 0.578125 0.138672 0.580729 0.141602 0.588542 0.145508 0.595052 0.145508 0.596354 0.153320 0.604167 0.161133 0.609375 0.163086 0.609375 0.166992 0.611979 0.170898 0.611979 0.171875 0.610677 0.174805 0.610677 0.178711 0.608073 0.180664 0.605469 0.180664 0.592448 0.181641 0.591146 0.181641 0.587240 0.182617 0.585938 0.182617 0.582031 0.183594 0.580729 0.183594 0.558594 0.179688 0.552083 0.178711 0.552083 0.173828 0.545573 0.171875 0.545573
0 0.096680 0.377604 0.093750 0.381510 0.090820 0.390625 0.089844 0.410156 0.087891 0.412760 0.087891 0.415365 0.086914 0.416667 0.086914 0.421875 0.087891 0.424479 0.088867 0.420573 0.091797 0.416667 0.093750 0.416667 0.094727 0.415365 0.099609 0.415365 0.101562 0.417969 0.101562 0.425781 0.097656 0.432292 0.097656 0.434896 0.100586 0.438802 0.104492 0.438802 0.105469 0.440104 0.118164 0.440104 0.119141 0.438802 0.123047 0.438802 0.127930 0.436198 0.131836 0.430990 0.136719 0.419271 0.139648 0.416667 0.142578 0.407552 0.142578 0.401042 0.141602 0.399740 0.141602 0.394531 0.140625 0.393229 0.140625 0.382812 0.131836 0.377604 0.125000 0.376302 0.124023 0.375000 0.100586 0.375000
0 0.088867 0.451823 0.079102 0.458333 0.075195 0.464844 0.075195 0.468750 0.074219 0.470052 0.074219 0.473958 0.073242 0.475260 0.073242 0.480469 0.072266 0.481771 0.072266 0.485677 0.071289 0.486979 0.072266 0.488281 0.072266 0.497396 0.075195 0.505208 0.078125 0.505208 0.079102 0.506510 0.084961 0.506510 0.085938 0.507812 0.090820 0.507812 0.091797 0.509115 0.099609 0.509115 0.101562 0.506510 0.103516 0.494792 0.108398 0.489583 0.110352 0.489583 0.111328 0.488281 0.113281 0.488281 0.117188 0.485677 0.118164 0.483073 0.118164 0.472656 0.117188 0.471354 0.117188 0.467448 0.114258 0.459635 0.108398 0.453125 0.106445 0.451823
0 0.146484 0.490885 0.141602 0.490885 0.140625 0.489583 0.136719 0.489583 0.135742 0.490885 0.130859 0.490885 0.129883 0.489583 0.116211 0.489583 0.115234 0.490885 0.109375 0.490885 0.105469 0.494792 0.104492 0.497396 0.104492 0.501302 0.102539 0.506510 0.102539 0.513021 0.101562 0.514323 0.101562 0.527344 0.100586 0.528646 0.100586 0.536458 0.103516 0.545573 0.108398 0.552083 0.109375 0.552083 0.111328 0.554688 0.118164 0.554688 0.119141 0.553385 0.129883 0.552083 0.132812 0.549479 0.134766 0.549479 0.138672 0.546875 0.147461 0.536458 0.147461 0.535156 0.152344 0.527344 0.152344 0.513021 0.151367 0.511719 0.150391 0.503906 0.147461 0.497396 0.147461 0.492188
0 0.029297 0.486979 0.027344 0.489583 0.026367 0.489583 0.017578 0.501302 0.016602 0.501302 0.016602 0.502604 0.011719 0.511719 0.011719 0.514323 0.010742 0.515625 0.010742 0.523438 0.019531 0.535156 0.020508 0.535156 0.024414 0.540365 0.025391 0.540365 0.029297 0.545573 0.030273 0.545573 0.036133 0.552083 0.039062 0.552083 0.040039 0.553385 0.041992 0.552083 0.045898 0.552083 0.048828 0.549479 0.049805 0.545573 0.052734 0.541667 0.053711 0.536458 0.055664 0.532552 0.055664 0.529948 0.058594 0.523438 0.058594 0.505208 0.055664 0.501302 0.055664 0.500000 0.048828 0.490885 0.047852 0.490885 0.045898 0.488281 0.041992 0.488281 0.041016 0.486979 0.035156 0.486979 0.034180 0.488281 0.030273 0.488281
0 0.019531 0.460938 0.019531 0.464844 0.022461 0.470052 0.022461 0.472656 0.021484 0.473958 0.021484 0.475260 0.026367 0.481771 0.026367 0.484375 0.027344 0.485677 0.044922 0.485677 0.045898 0.484375 0.050781 0.484375 0.051758 0.483073 0.055664 0.483073 0.056641 0.481771 0.058594 0.481771 0.061523 0.477865 0.061523 0.468750 0.058594 0.462240 0.058594 0.459635 0.057617 0.458333 0.056641 0.454427 0.054688 0.451823 0.054688 0.450521 0.051758 0.445312 0.051758 0.444010 0.046875 0.440104 0.032227 0.440104 0.030273 0.442708 0.029297 0.442708 0.024414 0.449219 0.024414 0.450521 0.022461 0.453125 0.022461 0.454427
0 0.073242 0.532552 0.067383 0.540365 0.066406 0.545573 0.064453 0.549479 0.063477 0.555990 0.061523 0.559896 0.061523 0.566406 0.060547 0.567708 0.060547 0.570312 0.061523 0.571615 0.062500 0.576823 0.065430 0.580729 0.065430 0.582031 0.072266 0.587240 0.085938 0.587240 0.086914 0.588542 0.096680 0.588542 0.097656 0.587240 0.101562 0.587240 0.103516 0.584635 0.104492 0.584635 0.107422 0.576823 0.107422 0.570312 0.108398 0.569010 0.108398 0.562500 0.109375 0.561198 0.109375 0.555990 0.108398 0.553385 0.101562 0.545573 0.100586 0.539062 0.095703 0.533854 0.092773 0.533854 0.091797 0.532552 0.086914 0.531250 0.083984 0.528646 0.079102 0.528646
0 0.059570 0.605469 0.060547 0.606771 0.060547 0.608073 0.064453 0.613281 0.065430 0.613281 0.066406 0.614583 0.069336 0.614583 0.070312 0.615885 0.072266 0.615885 0.073242 0.617188 0.075195 0.617188 0.076172 0.618490 0.081055 0.618490 0.082031 0.619792 0.086914 0.619792 0.087891 0.618490 0.088867 0.618490 0.089844 0.617188 0.092773 0.615885 0.094727 0.613281 0.094727 0.611979 0.096680 0.609375 0.096680 0.608073 0.097656 0.606771 0.097656 0.604167 0.098633 0.602865 0.099609 0.598958 0.101562 0.596354 0.101562 0.591146 0.100586 0.589844 0.088867 0.589844 0.087891 0.588542 0.072266 0.588542 0.071289 0.587240 0.066406 0.587240 0.065430 0.588542 0.064453 0.588542 0.061523 0.592448 0.060547 0.592448 0.060547 0.593750 0.059570 0.595052
0 0.127930 0.575521 0.122070 0.575521 0.120117 0.578125 0.117188 0.579427 0.114258 0.583333 0.112305 0.589844 0.109375 0.593750 0.108398 0.597656 0.105469 0.601562 0.103516 0.601562 0.101562 0.604167 0.100586 0.604167 0.098633 0.609375 0.098633 0.613281 0.100586 0.617188 0.101562 0.625000 0.104492 0.630208 0.104492 0.631510 0.109375 0.638021 0.109375 0.639323 0.111328 0.640625 0.114258 0.640625 0.119141 0.644531 0.122070 0.644531 0.123047 0.645833 0.124023 0.644531 0.127930 0.644531 0.129883 0.641927 0.131836 0.641927 0.132812 0.640625 0.134766 0.640625 0.138672 0.638021 0.145508 0.627604 0.146484 0.625000 0.146484 0.619792 0.147461 0.618490 0.147461 0.602865 0.146484 0.600260 0.143555 0.597656 0.141602 0.591146 0.140625 0.591146 0.131836 0.578125
0 0.098633 0.611979 0.097656 0.613281 0.096680 0.613281 0.093750 0.617188 0.088867 0.619792 0.085938 0.623698 0.085938 0.625000 0.084961 0.626302 0.084961 0.631510 0.083984 0.632812 0.083984 0.638021 0.084961 0.639323 0.084961 0.644531 0.085938 0.645833 0.085938 0.647135 0.090820 0.652344 0.090820 0.653646 0.092773 0.656250 0.092773 0.657552 0.100586 0.666667 0.101562 0.666667 0.102539 0.667969 0.105469 0.667969 0.106445 0.669271 0.112305 0.669271 0.113281 0.667969 0.115234 0.667969 0.117188 0.665365 0.118164 0.665365 0.118164 0.664062 0.123047 0.657552 0.123047 0.654948 0.124023 0.653646 0.125000 0.647135 0.123047 0.644531 0.121094 0.644531 0.117188 0.640625 0.116211 0.640625 0.114258 0.638021 0.113281 0.638021 0.111328 0.635417 0.111328 0.634115 0.108398 0.630208 0.107422 0.630208 0.102539 0.623698 0.102539 0.622396 0.100586 0.619792 0.100586 0.615885 0.099609 0.614583 0.099609 0.611979
0 0.134766 0.649740 0.132812 0.651042 0.128906 0.656250 0.127930 0.656250 0.122070 0.664062 0.120117 0.669271 0.118164 0.684896 0.119141 0.686198 0.119141 0.688802 0.121094 0.692708 0.121094 0.695312 0.124023 0.703125 0.126953 0.707031 0.129883 0.708333 0.138672 0.717448 0.140625 0.717448 0.141602 0.716146 0.148438 0.716146 0.155273 0.710938 0.157227 0.710938 0.162109 0.704427 0.162109 0.678385 0.166016 0.673177 0.166016 0.670573 0.162109 0.661458 0.157227 0.654948 0.155273 0.654948 0.152344 0.652344 0.144531 0.651042 0.143555 0.649740
0 0.121094 0.723958 0.119141 0.725260 0.114258 0.731771 0.109375 0.744792 0.109375 0.748698 0.107422 0.753906 0.106445 0.769531 0.109375 0.774740 0.110352 0.778646 0.118164 0.789062 0.122070 0.791667 0.124023 0.791667 0.125000 0.792969 0.128906 0.792969 0.129883 0.794271 0.137695 0.794271 0.144531 0.787760 0.152344 0.785156 0.154297 0.782552 0.154297 0.757812 0.153320 0.756510 0.153320 0.751302 0.155273 0.747396 0.154297 0.742188 0.152344 0.739583 0.149414 0.738281 0.142578 0.730469 0.140625 0.730469 0.137695 0.727865 0.135742 0.727865 0.130859 0.723958 0.127930 0.723958 0.126953 0.722656
