0 0.047852 0.295573 0.046875 0.298177 0.047852 0.309896 0.044922 0.316406 0.044922 0.320312 0.043945 0.321615 0.043945 0.338542 0.045898 0.345052 0.048828 0.350260 0.048828 0.352865 0.050781 0.356771 0.051758 0.361979 0.055664 0.367188 0.062500 0.372396 0.074219 0.373698 0.075195 0.375000 0.082031 0.375000 0.083984 0.373698 0.083984 0.371094 0.086914 0.365885 0.091797 0.365885 0.095703 0.359375 0.095703 0.343750 0.094727 0.342448 0.094727 0.309896 0.093750 0.308594 0.093750 0.304688 0.082031 0.291667 0.064453 0.290365 0.063477 0.291667 0.059570 0.291667 0.056641 0.294271 0.053711 0.294271 0.052734 0.292969
0 0.065430 0.227865 0.065430 0.252604 0.066406 0.253906 0.067383 0.263021 0.075195 0.278646 0.086914 0.291667 0.095703 0.291667 0.099609 0.289062 0.112305 0.289062 0.118164 0.285156 0.120117 0.285156 0.129883 0.273438 0.132812 0.265625 0.132812 0.260417 0.133789 0.259115 0.134766 0.250000 0.133789 0.248698 0.132812 0.240885 0.128906 0.233073 0.123047 0.231771 0.122070 0.230469 0.110352 0.230469 0.106445 0.226562 0.102539 0.226562 0.096680 0.220052 0.081055 0.221354 0.076172 0.223958 0.071289 0.229167 0.068359 0.226562
0 0.111328 0.152344 0.101562 0.164062 0.097656 0.178385 0.098633 0.199219 0.099609 0.200521 0.100586 0.208333 0.104492 0.217448 0.109375 0.223958 0.115234 0.225260 0.116211 0.226562 0.120117 0.226562 0.121094 0.227865 0.132812 0.227865 0.135742 0.226562 0.145508 0.230469 0.151367 0.229167 0.156250 0.220052 0.156250 0.212240 0.157227 0.210938 0.156250 0.200521 0.160156 0.188802 0.162109 0.186198 0.162109 0.173177 0.161133 0.169271 0.148438 0.156250 0.135742 0.148438 0.129883 0.147135 0.128906 0.148438 0.122070 0.148438 0.118164 0.151042 0.113281 0.151042
0 0.197266 0.227865 0.180664 0.227865 0.179688 0.229167 0.175781 0.229167 0.164062 0.235677 0.153320 0.236979 0.150391 0.239583 0.150391 0.248698 0.149414 0.250000 0.149414 0.256510 0.148438 0.257812 0.149414 0.259115 0.149414 0.276042 0.162109 0.294271 0.166016 0.303385 0.172852 0.309896 0.181641 0.313802 0.188477 0.311198 0.192383 0.308594 0.196289 0.303385 0.198242 0.303385 0.205078 0.298177 0.208984 0.289062 0.208984 0.283854 0.209961 0.282552 0.208984 0.276042 0.209961 0.274740 0.209961 0.269531 0.211914 0.268229 0.211914 0.261719 0.208008 0.257812 0.208984 0.252604 0.205078 0.246094 0.205078 0.243490 0.201172 0.231771
0 0.221680 0.157552 0.216797 0.157552 0.213867 0.160156 0.201172 0.160156 0.197266 0.162760 0.192383 0.162760 0.191406 0.164062 0.184570 0.165365 0.180664 0.169271 0.180664 0.173177 0.179688 0.174479 0.179688 0.192708 0.183594 0.205729 0.188477 0.212240 0.188477 0.213542 0.195312 0.217448 0.200195 0.223958 0.200195 0.225260 0.204102 0.229167 0.206055 0.229167 0.207031 0.227865 0.210938 0.227865 0.215820 0.225260 0.220703 0.218750 0.226562 0.214844 0.226562 0.213542 0.229492 0.210938 0.235352 0.201823 0.234375 0.184896 0.233398 0.183594 0.233398 0.177083 0.232422 0.175781 0.232422 0.173177 0.230469 0.167969 0.223633 0.158854
0 0.219727 0.040365 0.208008 0.040365 0.201172 0.042969 0.195312 0.046875 0.180664 0.061198 0.179688 0.070312 0.178711 0.071615 0.180664 0.084635 0.183594 0.089844 0.184570 0.100260 0.188477 0.110677 0.189453 0.117188 0.193359 0.123698 0.197266 0.123698 0.206055 0.127604 0.213867 0.127604 0.219727 0.123698 0.227539 0.122396 0.233398 0.118490 0.239258 0.111979 0.241211 0.106771 0.238281 0.095052 0.238281 0.088542 0.240234 0.084635 0.240234 0.061198 0.239258 0.059896 0.240234 0.048177
0 0.319336 0.092448 0.305664 0.075521 0.295898 0.069010 0.291992 0.069010 0.291016 0.070312 0.286133 0.071615 0.280273 0.076823 0.272461 0.080729 0.269531 0.084635 0.261719 0.089844 0.257812 0.096354 0.257812 0.105469 0.258789 0.106771 0.258789 0.111979 0.261719 0.118490 0.262695 0.134115 0.266602 0.139323 0.267578 0.143229 0.269531 0.144531 0.273438 0.144531 0.274414 0.143229 0.278320 0.143229 0.279297 0.144531 0.291992 0.144531 0.292969 0.145833 0.296875 0.144531 0.299805 0.140625 0.307617 0.134115 0.312500 0.127604 0.312500 0.123698 0.314453 0.119792 0.314453 0.117188 0.316406 0.111979 0.319336 0.108073 0.319336 0.105469 0.320312 0.104167 0.320312 0.095052
0 0.361328 0.052083 0.352539 0.052083 0.351562 0.053385 0.346680 0.054688 0.345703 0.058594 0.338867 0.066406 0.334961 0.067708 0.334961 0.069010 0.332031 0.071615 0.329102 0.071615 0.326172 0.067708 0.325195 0.070312 0.325195 0.075521 0.321289 0.080729 0.320312 0.089844 0.329102 0.111979 0.331055 0.114583 0.333008 0.123698 0.339844 0.131510 0.343750 0.131510 0.344727 0.132812 0.351562 0.131510 0.349609 0.127604 0.351562 0.125000 0.355469 0.123698 0.357422 0.121094 0.362305 0.119792 0.365234 0.114583 0.368164 0.114583 0.368164 0.113281 0.375000 0.104167 0.378906 0.101562 0.381836 0.096354 0.379883 0.089844 0.377930 0.087240 0.376953 0.079427 0.374023 0.074219 0.372070 0.067708 0.364258 0.053385 0.362305 0.053385
0 0.372070 0.122396 0.370117 0.125000 0.368164 0.131510 0.368164 0.145833 0.369141 0.147135 0.370117 0.160156 0.372070 0.166667 0.372070 0.174479 0.371094 0.175781 0.372070 0.184896 0.375000 0.190104 0.380859 0.195312 0.384766 0.205729 0.389648 0.208333 0.394531 0.208333 0.395508 0.207031 0.400391 0.207031 0.401367 0.205729 0.403320 0.205729 0.408203 0.199219 0.410156 0.192708 0.413086 0.188802 0.413086 0.182292 0.414062 0.180990 0.414062 0.166667 0.413086 0.165365 0.413086 0.160156 0.412109 0.158854 0.411133 0.148438 0.405273 0.134115 0.399414 0.127604 0.388672 0.121094 0.382812 0.121094 0.381836 0.119792 0.379883 0.119792 0.378906 0.121094
0 0.332031 0.141927 0.322266 0.148438 0.314453 0.156250 0.310547 0.164062 0.305664 0.183594 0.305664 0.188802 0.307617 0.197917 0.316406 0.214844 0.325195 0.225260 0.331055 0.229167 0.338867 0.231771 0.345703 0.238281 0.350586 0.238281 0.357422 0.234375 0.360352 0.235677 0.370117 0.225260 0.372070 0.217448 0.372070 0.213542 0.371094 0.212240 0.371094 0.196615 0.370117 0.195312 0.370117 0.180990 0.369141 0.179688 0.368164 0.170573 0.364258 0.160156 0.357422 0.151042 0.347656 0.145833 0.343750 0.145833 0.337891 0.141927
0 0.282227 0.177083 0.277344 0.177083 0.276367 0.178385 0.261719 0.178385 0.256836 0.183594 0.255859 0.183594 0.253906 0.186198 0.251953 0.191406 0.251953 0.194010 0.250977 0.195312 0.250977 0.200521 0.251953 0.201823 0.251953 0.210938 0.252930 0.212240 0.252930 0.223958 0.255859 0.231771 0.259766 0.236979 0.259766 0.238281 0.263672 0.244792 0.266602 0.244792 0.267578 0.246094 0.278320 0.246094 0.279297 0.244792 0.284180 0.243490 0.289062 0.239583 0.289062 0.238281 0.295898 0.227865 0.303711 0.221354 0.304688 0.214844 0.303711 0.213542 0.302734 0.207031 0.296875 0.197917 0.296875 0.196615 0.288086 0.186198 0.287109 0.180990 0.285156 0.178385 0.283203 0.178385
0 0.301758 0.227865 0.292969 0.238281 0.291992 0.238281 0.290039 0.240885 0.290039 0.243490 0.289062 0.244792 0.289062 0.253906 0.290039 0.255208 0.290039 0.260417 0.291016 0.261719 0.291992 0.268229 0.294922 0.273438 0.297852 0.283854 0.299805 0.286458 0.302734 0.294271 0.306641 0.299479 0.310547 0.302083 0.315430 0.302083 0.316406 0.300781 0.319336 0.300781 0.323242 0.298177 0.326172 0.298177 0.327148 0.296875 0.332031 0.295573 0.334961 0.291667 0.335938 0.289062 0.335938 0.282552 0.340820 0.273438 0.340820 0.265625 0.336914 0.264323 0.331055 0.257812 0.331055 0.256510 0.325195 0.247396 0.326172 0.240885 0.322266 0.238281 0.320312 0.234375 0.313477 0.230469 0.307617 0.229167 0.306641 0.227865
0 0.378906 0.244792 0.367188 0.244792 0.364258 0.247396 0.360352 0.248698 0.357422 0.252604 0.353516 0.263021 0.353516 0.269531 0.352539 0.270833 0.351562 0.282552 0.349609 0.286458 0.350586 0.295573 0.353516 0.299479 0.355469 0.304688 0.361328 0.311198 0.361328 0.312500 0.364258 0.316406 0.365234 0.320312 0.368164 0.322917 0.370117 0.322917 0.372070 0.320312 0.378906 0.319010 0.382812 0.316406 0.391602 0.304688 0.393555 0.298177 0.396484 0.294271 0.397461 0.290365 0.407227 0.278646 0.407227 0.276042 0.408203 0.274740 0.408203 0.272135 0.403320 0.266927 0.402344 0.263021 0.398438 0.257812
0 0.235352 0.248698 0.234375 0.250000 0.232422 0.250000 0.228516 0.255208 0.227539 0.259115 0.219727 0.270833 0.216797 0.278646 0.212891 0.283854 0.212891 0.286458 0.208984 0.299479 0.210938 0.305990 0.212891 0.307292 0.216797 0.307292 0.220703 0.312500 0.223633 0.313802 0.232422 0.321615 0.234375 0.321615 0.235352 0.322917 0.241211 0.322917 0.242188 0.324219 0.247070 0.324219 0.252930 0.320312 0.252930 0.319010 0.260742 0.307292 0.260742 0.305990 0.265625 0.299479 0.266602 0.299479 0.268555 0.292969 0.265625 0.287760 0.265625 0.279948 0.264648 0.278646 0.263672 0.269531 0.257812 0.257812 0.250000 0.251302 0.247070 0.251302 0.243164 0.248698
0 0.189453 0.313802 0.185547 0.319010 0.184570 0.330729 0.181641 0.339844 0.181641 0.350260 0.183594 0.356771 0.184570 0.367188 0.196289 0.382812 0.200195 0.385417 0.202148 0.385417 0.205078 0.388021 0.209961 0.389323 0.210938 0.388021 0.221680 0.388021 0.223633 0.386719 0.225586 0.382812 0.225586 0.380208 0.228516 0.376302 0.231445 0.375000 0.233398 0.372396 0.237305 0.361979 0.237305 0.359375 0.238281 0.358073 0.238281 0.350260 0.237305 0.348958 0.236328 0.342448 0.234375 0.338542 0.219727 0.320312 0.214844 0.309896 0.211914 0.309896 0.208008 0.307292 0.207031 0.308594 0.199219 0.308594
0 0.130859 0.348958 0.124023 0.356771 0.118164 0.369792 0.118164 0.395833 0.119141 0.398438 0.123047 0.403646 0.130859 0.410156 0.136719 0.417969 0.140625 0.420573 0.163086 0.419271 0.166992 0.415365 0.169922 0.414062 0.170898 0.408854 0.172852 0.406250 0.176758 0.394531 0.176758 0.384115 0.175781 0.382812 0.175781 0.380208 0.169922 0.372396 0.163086 0.365885 0.150391 0.346354 0.144531 0.345052 0.143555 0.346354 0.134766 0.346354
0 0.066406 0.407552 0.061523 0.414062 0.059570 0.419271 0.059570 0.440104 0.058594 0.441406 0.058594 0.455729 0.059570 0.457031 0.060547 0.464844 0.063477 0.468750 0.064453 0.472656 0.066406 0.475260 0.069336 0.476562 0.077148 0.476562 0.085938 0.480469 0.106445 0.475260 0.107422 0.471354 0.102539 0.472656 0.100586 0.470052 0.104492 0.463542 0.107422 0.460938 0.109375 0.460938 0.112305 0.455729 0.112305 0.449219 0.111328 0.447917 0.111328 0.428385 0.110352 0.427083 0.109375 0.419271 0.106445 0.415365 0.099609 0.411458 0.096680 0.411458 0.092773 0.407552 0.094727 0.403646 0.098633 0.403646 0.074219 0.402344
0 0.136719 0.438802 0.134766 0.441406 0.133789 0.447917 0.130859 0.454427 0.129883 0.464844 0.126953 0.475260 0.126953 0.485677 0.129883 0.492188 0.135742 0.500000 0.142578 0.502604 0.146484 0.507812 0.152344 0.509115 0.153320 0.510417 0.157227 0.510417 0.162109 0.507812 0.166992 0.507812 0.174805 0.502604 0.177734 0.496094 0.178711 0.490885 0.182617 0.486979 0.186523 0.476562 0.186523 0.470052 0.184570 0.466146 0.183594 0.459635 0.177734 0.451823 0.172852 0.449219 0.172852 0.444010 0.169922 0.440104 0.158203 0.440104 0.157227 0.441406 0.150391 0.441406 0.149414 0.440104 0.145508 0.440104 0.144531 0.438802
0 0.143555 0.520833 0.136719 0.526042 0.134766 0.526042 0.128906 0.533854 0.128906 0.536458 0.127930 0.537760 0.127930 0.542969 0.126953 0.544271 0.126953 0.548177 0.125977 0.549479 0.126953 0.552083 0.126953 0.559896 0.127930 0.561198 0.127930 0.576823 0.132812 0.584635 0.133789 0.584635 0.137695 0.588542 0.139648 0.588542 0.140625 0.589844 0.151367 0.589844 0.152344 0.588542 0.155273 0.588542 0.158203 0.585938 0.163086 0.584635 0.162109 0.583333 0.162109 0.579427 0.163086 0.576823 0.169922 0.569010 0.171875 0.563802 0.171875 0.559896 0.168945 0.553385 0.167969 0.542969 0.166016 0.540365 0.164062 0.535156 0.153320 0.523438 0.151367 0.523438 0.147461 0.520833
0 0.226562 0.548177 0.215820 0.548177 0.208008 0.553385 0.199219 0.553385 0.194336 0.558594 0.192383 0.558594 0.187500 0.562500 0.184570 0.566406 0.184570 0.567708 0.180664 0.571615 0.180664 0.578125 0.185547 0.591146 0.187500 0.593750 0.189453 0.593750 0.192383 0.597656 0.195312 0.598958 0.199219 0.604167 0.206055 0.605469 0.208984 0.608073 0.222656 0.608073 0.225586 0.605469 0.226562 0.600260 0.232422 0.593750 0.233398 0.588542 0.234375 0.587240 0.234375 0.584635 0.235352 0.583333 0.235352 0.576823 0.236328 0.575521 0.235352 0.572917 0.235352 0.565104 0.234375 0.563802 0.233398 0.555990
0 0.237305 0.488281 0.225586 0.480469 0.222656 0.480469 0.221680 0.479167 0.215820 0.477865 0.213867 0.479167 0.207031 0.488281 0.206055 0.488281 0.202148 0.494792 0.199219 0.496094 0.196289 0.500000 0.195312 0.500000 0.189453 0.509115 0.187500 0.515625 0.187500 0.523438 0.189453 0.528646 0.189453 0.533854 0.192383 0.541667 0.195312 0.545573 0.200195 0.549479 0.207031 0.549479 0.208008 0.548177 0.213867 0.546875 0.214844 0.545573 0.217773 0.545573 0.218750 0.544271 0.233398 0.542969 0.238281 0.540365 0.247070 0.523438 0.248047 0.514323 0.245117 0.506510 0.245117 0.501302 0.241211 0.493490
0 0.208008 0.393229 0.199219 0.399740 0.199219 0.401042 0.197266 0.403646 0.197266 0.408854 0.196289 0.410156 0.196289 0.417969 0.195312 0.419271 0.195312 0.433594 0.196289 0.434896 0.196289 0.440104 0.200195 0.445312 0.200195 0.446615 0.208984 0.457031 0.212891 0.458333 0.213867 0.459635 0.222656 0.459635 0.226562 0.455729 0.232422 0.453125 0.233398 0.450521 0.234375 0.450521 0.237305 0.446615 0.241211 0.445312 0.245117 0.440104 0.246094 0.433594 0.248047 0.429688 0.248047 0.424479 0.245117 0.420573 0.244141 0.416667 0.242188 0.414062 0.240234 0.408854 0.238281 0.407552 0.230469 0.397135 0.224609 0.393229 0.217773 0.393229 0.216797 0.391927 0.213867 0.391927 0.212891 0.393229
0 0.236328 0.450521 0.233398 0.454427 0.232422 0.459635 0.231445 0.460938 0.231445 0.466146 0.232422 0.467448 0.232422 0.470052 0.233398 0.472656 0.239258 0.480469 0.242188 0.488281 0.242188 0.490885 0.244141 0.493490 0.244141 0.494792 0.250977 0.503906 0.254883 0.505208 0.255859 0.506510 0.266602 0.506510 0.267578 0.505208 0.271484 0.505208 0.274414 0.501302 0.277344 0.493490 0.279297 0.490885 0.282227 0.490885 0.281250 0.489583 0.281250 0.470052 0.279297 0.464844 0.279297 0.459635 0.277344 0.457031 0.274414 0.449219 0.270508 0.447917 0.264648 0.444010 0.262695 0.441406 0.262695 0.440104 0.260742 0.440104 0.259766 0.438802 0.253906 0.438802
0 0.284180 0.503906 0.282227 0.503906 0.281250 0.505208 0.277344 0.505208 0.267578 0.511719 0.263672 0.511719 0.260742 0.515625 0.259766 0.515625 0.256836 0.522135 0.255859 0.529948 0.253906 0.535156 0.253906 0.539062 0.251953 0.544271 0.252930 0.553385 0.258789 0.562500 0.258789 0.563802 0.263672 0.567708 0.266602 0.567708 0.267578 0.569010 0.273438 0.570312 0.274414 0.571615 0.280273 0.572917 0.281250 0.574219 0.283203 0.574219 0.287109 0.571615 0.289062 0.569010 0.291992 0.561198 0.291992 0.558594 0.293945 0.554688 0.293945 0.552083 0.296875 0.544271 0.297852 0.537760 0.299805 0.533854 0.298828 0.518229 0.296875 0.513021 0.291016 0.506510 0.285156 0.505208
0 0.318359 0.505208 0.316406 0.507812 0.315430 0.507812 0.309570 0.516927 0.309570 0.519531 0.307617 0.523438 0.307617 0.526042 0.305664 0.531250 0.305664 0.535156 0.304688 0.536458 0.304688 0.545573 0.309570 0.557292 0.309570 0.559896 0.311523 0.562500 0.312500 0.566406 0.316406 0.571615 0.319336 0.572917 0.322266 0.576823 0.325195 0.576823 0.326172 0.578125 0.333008 0.578125 0.333984 0.576823 0.339844 0.576823 0.342773 0.574219 0.344727 0.574219 0.346680 0.571615 0.349609 0.570312 0.351562 0.566406 0.351562 0.552083 0.350586 0.550781 0.350586 0.532552 0.349609 0.531250 0.349609 0.526042 0.348633 0.524740 0.348633 0.518229 0.344727 0.513021 0.340820 0.510417 0.335938 0.509115 0.333008 0.506510 0.330078 0.506510 0.329102 0.505208
0 0.332031 0.429688 0.329102 0.429688 0.328125 0.430990 0.325195 0.430990 0.324219 0.432292 0.321289 0.432292 0.320312 0.433594 0.317383 0.433594 0.316406 0.434896 0.311523 0.436198 0.307617 0.438802 0.299805 0.450521 0.299805 0.481771 0.300781 0.484375 0.302734 0.486979 0.303711 0.486979 0.307617 0.493490 0.315430 0.498698 0.317383 0.501302 0.333984 0.502604 0.339844 0.498698 0.339844 0.496094 0.341797 0.490885 0.341797 0.485677 0.342773 0.484375 0.343750 0.475260 0.345703 0.471354 0.345703 0.454427 0.341797 0.447917 0.340820 0.447917 0.335938 0.441406 0.333984 0.440104 0.332031 0.434896
0 0.365234 0.458333 0.362305 0.462240 0.347656 0.471354 0.344727 0.477865 0.344727 0.481771 0.343750 0.483073 0.342773 0.490885 0.340820 0.496094 0.340820 0.501302 0.341797 0.502604 0.341797 0.506510 0.344727 0.510417 0.352539 0.515625 0.354492 0.515625 0.357422 0.518229 0.359375 0.518229 0.366211 0.523438 0.368164 0.523438 0.373047 0.527344 0.377930 0.527344 0.382812 0.523438 0.389648 0.513021 0.390625 0.505208 0.393555 0.497396 0.393555 0.492188 0.396484 0.488281 0.396484 0.484375 0.395508 0.483073 0.395508 0.480469 0.394531 0.480469 0.385742 0.468750 0.384766 0.468750 0.377930 0.460938 0.374023 0.458333
0 0.365234 0.526042 0.352539 0.541667 0.352539 0.549479 0.353516 0.550781 0.353516 0.555990 0.354492 0.557292 0.354492 0.565104 0.355469 0.566406 0.355469 0.582031 0.356445 0.583333 0.356445 0.585938 0.358398 0.588542 0.358398 0.589844 0.360352 0.591146 0.363281 0.591146 0.367188 0.593750 0.379883 0.593750 0.380859 0.592448 0.384766 0.592448 0.399414 0.569010 0.400391 0.566406 0.400391 0.554688 0.397461 0.548177 0.397461 0.545573 0.396484 0.544271 0.395508 0.539062 0.392578 0.535156 0.392578 0.533854 0.388672 0.529948 0.383789 0.529948 0.382812 0.531250 0.380859 0.531250 0.379883 0.529948 0.373047 0.529948 0.372070 0.528646 0.369141 0.528646
0 0.407227 0.566406 0.403320 0.569010 0.397461 0.578125 0.397461 0.579427 0.386719 0.592448 0.386719 0.602865 0.391602 0.614583 0.398438 0.623698 0.398438 0.626302 0.399414 0.627604 0.399414 0.630208 0.400391 0.631510 0.401367 0.636719 0.404297 0.640625 0.406250 0.640625 0.409180 0.643229 0.414062 0.643229 0.417969 0.640625 0.423828 0.639323 0.426758 0.636719 0.427734 0.634115 0.427734 0.628906 0.435547 0.611979 0.436523 0.604167 0.438477 0.598958 0.438477 0.593750 0.434570 0.588542 0.431641 0.588542 0.428711 0.583333 0.427734 0.579427 0.418945 0.569010 0.415039 0.567708 0.414062 0.566406
0 0.427734 0.483073 0.418945 0.483073 0.417969 0.481771 0.410156 0.483073 0.402344 0.489583 0.393555 0.502604 0.393555 0.505208 0.392578 0.506510 0.392578 0.514323 0.393555 0.515625 0.394531 0.524740 0.395508 0.526042 0.395508 0.528646 0.396484 0.529948 0.396484 0.532552 0.397461 0.533854 0.401367 0.550781 0.406250 0.555990 0.419922 0.554688 0.425781 0.550781 0.427734 0.550781 0.429688 0.548177 0.437500 0.542969 0.440430 0.539062 0.443359 0.532552 0.443359 0.520833 0.444336 0.519531 0.444336 0.511719 0.439453 0.503906 0.438477 0.500000 0.433594 0.493490 0.431641 0.486979
0 0.292969 0.354167 0.291016 0.352865 0.287109 0.352865 0.282227 0.355469 0.264648 0.356771 0.263672 0.358073 0.256836 0.359375 0.250977 0.365885 0.249023 0.372396 0.249023 0.384115 0.250000 0.385417 0.250977 0.393229 0.253906 0.398438 0.256836 0.408854 0.262695 0.414062 0.274414 0.414062 0.275391 0.415365 0.284180 0.415365 0.285156 0.416667 0.289062 0.416667 0.293945 0.412760 0.292969 0.412760 0.291016 0.408854 0.292969 0.406250 0.295898 0.404948 0.296875 0.402344 0.300781 0.398438 0.300781 0.397135 0.303711 0.393229 0.304688 0.385417 0.302734 0.382812 0.302734 0.376302 0.296875 0.361979 0.296875 0.359375
0 0.342773 0.316406 0.339844 0.319010 0.337891 0.319010 0.335938 0.320312 0.333008 0.324219 0.332031 0.324219 0.332031 0.325521 0.324219 0.334635 0.324219 0.335938 0.321289 0.341146 0.322266 0.342448 0.323242 0.356771 0.325195 0.360677 0.326172 0.372396 0.327148 0.372396 0.329102 0.375000 0.329102 0.376302 0.330078 0.376302 0.332031 0.378906 0.335938 0.381510 0.337891 0.381510 0.338867 0.382812 0.348633 0.382812 0.353516 0.378906 0.355469 0.378906 0.361328 0.375000 0.362305 0.372396 0.362305 0.369792 0.361328 0.368490 0.361328 0.364583 0.360352 0.363281 0.360352 0.360677 0.358398 0.355469 0.358398 0.341146 0.360352 0.335938 0.360352 0.330729 0.358398 0.325521 0.353516 0.319010 0.349609 0.316406
0 0.399414 0.308594 0.391602 0.308594 0.376953 0.322917 0.373047 0.324219 0.371094 0.326823 0.365234 0.330729 0.361328 0.335938 0.359375 0.341146 0.359375 0.351562 0.360352 0.352865 0.360352 0.358073 0.363281 0.364583 0.363281 0.368490 0.366211 0.377604 0.370117 0.382812 0.373047 0.384115 0.375977 0.388021 0.386719 0.393229 0.392578 0.391927 0.393555 0.390625 0.400391 0.390625 0.403320 0.388021 0.404297 0.376302 0.412109 0.365885 0.416016 0.358073 0.416016 0.339844 0.415039 0.338542 0.414062 0.330729 0.408203 0.319010
0 0.353516 0.385417 0.349609 0.388021 0.347656 0.390625 0.344727 0.391927 0.341797 0.397135 0.340820 0.404948 0.339844 0.406250 0.339844 0.420573 0.338867 0.421875 0.338867 0.425781 0.340820 0.430990 0.344727 0.436198 0.344727 0.437500 0.352539 0.447917 0.353516 0.447917 0.355469 0.450521 0.359375 0.451823 0.360352 0.453125 0.363281 0.453125 0.364258 0.454427 0.372070 0.454427 0.373047 0.453125 0.375977 0.453125 0.379883 0.450521 0.387695 0.438802 0.387695 0.434896 0.388672 0.433594 0.388672 0.424479 0.384766 0.414062 0.384766 0.408854 0.381836 0.404948 0.376953 0.391927 0.374023 0.388021 0.368164 0.384115 0.357422 0.384115 0.356445 0.385417
0 0.404297 0.408854 0.402344 0.410156 0.392578 0.424479 0.390625 0.429688 0.390625 0.432292 0.389648 0.433594 0.388672 0.441406 0.385742 0.447917 0.385742 0.455729 0.387695 0.460938 0.391602 0.466146 0.392578 0.466146 0.395508 0.470052 0.399414 0.472656 0.401367 0.472656 0.402344 0.473958 0.411133 0.473958 0.412109 0.475260 0.419922 0.475260 0.423828 0.472656 0.423828 0.471354 0.430664 0.462240 0.431641 0.462240 0.433594 0.459635 0.435547 0.454427 0.436523 0.436198 0.433594 0.428385 0.430664 0.428385 0.426758 0.425781 0.418945 0.417969 0.410156 0.412760 0.407227 0.408854
0 0.453125 0.346354 0.450195 0.346354 0.449219 0.345052 0.443359 0.345052 0.439453 0.347656 0.433594 0.354167 0.428711 0.356771 0.415039 0.373698 0.413086 0.378906 0.413086 0.401042 0.414062 0.403646 0.422852 0.416667 0.425781 0.417969 0.429688 0.421875 0.431641 0.421875 0.435547 0.424479 0.436523 0.423177 0.442383 0.423177 0.448242 0.419271 0.455078 0.417969 0.458008 0.414062 0.458984 0.411458 0.458984 0.407552 0.462891 0.402344 0.467773 0.391927 0.468750 0.384115 0.467773 0.382812 0.467773 0.371094 0.466797 0.369792 0.466797 0.367188 0.464844 0.361979 0.458008 0.351562 0.458008 0.350260
0 0.398438 0.217448 0.398438 0.218750 0.396484 0.221354 0.396484 0.225260 0.395508 0.226562 0.396484 0.238281 0.397461 0.239583 0.397461 0.243490 0.398438 0.244792 0.398438 0.247396 0.401367 0.253906 0.401367 0.257812 0.406250 0.264323 0.408203 0.265625 0.415039 0.265625 0.416016 0.266927 0.421875 0.266927 0.422852 0.265625 0.429688 0.265625 0.430664 0.264323 0.432617 0.264323 0.436523 0.261719 0.441406 0.256510 0.441406 0.253906 0.444336 0.246094 0.444336 0.238281 0.445312 0.236979 0.445312 0.233073 0.444336 0.231771 0.444336 0.229167 0.439453 0.222656 0.437500 0.221354 0.433594 0.221354 0.431641 0.220052 0.426758 0.213542 0.421875 0.212240 0.412109 0.205729 0.407227 0.207031
0 0.472656 0.259115 0.467773 0.256510 0.450195 0.257812 0.449219 0.259115 0.442383 0.260417 0.436523 0.264323 0.430664 0.272135 0.425781 0.285156 0.425781 0.304688 0.429688 0.319010 0.430664 0.326823 0.434570 0.326823 0.437500 0.324219 0.440430 0.324219 0.450195 0.332031 0.452148 0.332031 0.453125 0.333333 0.460938 0.333333 0.474609 0.322917 0.481445 0.313802 0.482422 0.311198 0.482422 0.294271 0.481445 0.292969 0.481445 0.286458 0.477539 0.273438 0.477539 0.268229 0.475586 0.263021
0 0.478516 0.321615 0.472656 0.328125 0.468750 0.329427 0.461914 0.338542 0.461914 0.341146 0.459961 0.346354 0.460938 0.347656 0.460938 0.351562 0.463867 0.355469 0.463867 0.356771 0.467773 0.363281 0.472656 0.380208 0.479492 0.390625 0.481445 0.391927 0.487305 0.391927 0.493164 0.388021 0.495117 0.388021 0.498047 0.385417 0.502930 0.384115 0.508789 0.376302 0.509766 0.368490 0.510742 0.367188 0.510742 0.355469 0.511719 0.354167 0.511719 0.348958 0.510742 0.347656 0.510742 0.345052 0.506836 0.338542 0.505859 0.334635 0.500977 0.329427 0.498047 0.328125 0.496094 0.325521 0.490234 0.321615
0 0.504883 0.389323 0.499023 0.389323 0.498047 0.390625 0.490234 0.391927 0.486328 0.394531 0.482422 0.394531 0.481445 0.395833 0.477539 0.397135 0.472656 0.403646 0.470703 0.408854 0.470703 0.415365 0.471680 0.416667 0.471680 0.436198 0.472656 0.437500 0.473633 0.444010 0.475586 0.446615 0.476562 0.450521 0.479492 0.454427 0.481445 0.454427 0.485352 0.457031 0.489258 0.457031 0.490234 0.458333 0.498047 0.458333 0.503906 0.454427 0.513672 0.442708 0.517578 0.440104 0.519531 0.434896 0.519531 0.428385 0.518555 0.427083 0.518555 0.412760 0.517578 0.411458 0.517578 0.407552 0.515625 0.402344
0 0.458008 0.444010 0.446289 0.451823 0.441406 0.458333 0.440430 0.463542 0.438477 0.467448 0.438477 0.473958 0.437500 0.475260 0.437500 0.484375 0.440430 0.490885 0.440430 0.494792 0.451172 0.507812 0.455078 0.510417 0.457031 0.510417 0.458008 0.511719 0.460938 0.511719 0.461914 0.513021 0.466797 0.513021 0.467773 0.511719 0.470703 0.511719 0.472656 0.510417 0.475586 0.506510 0.476562 0.500000 0.478516 0.496094 0.479492 0.489583 0.481445 0.485677 0.481445 0.481771 0.486328 0.470052 0.486328 0.459635 0.474609 0.451823 0.471680 0.451823 0.469727 0.450521 0.467773 0.447917 0.467773 0.445312 0.465820 0.444010
0 0.530273 0.442708 0.528320 0.442708 0.527344 0.444010 0.521484 0.444010 0.520508 0.445312 0.515625 0.445312 0.513672 0.446615 0.505859 0.459635 0.500977 0.462240 0.499023 0.464844 0.499023 0.467448 0.498047 0.468750 0.498047 0.485677 0.500977 0.489583 0.501953 0.493490 0.502930 0.493490 0.505859 0.498698 0.506836 0.498698 0.513672 0.506510 0.519531 0.507812 0.520508 0.509115 0.534180 0.509115 0.535156 0.507812 0.538086 0.507812 0.539062 0.506510 0.546875 0.503906 0.551758 0.498698 0.552734 0.493490 0.553711 0.492188 0.554688 0.475260 0.552734 0.472656 0.552734 0.471354 0.550781 0.470052 0.544922 0.462240 0.543945 0.458333 0.536133 0.447917 0.535156 0.447917
0 0.547852 0.395833 0.539062 0.407552 0.539062 0.412760 0.538086 0.415365 0.534180 0.419271 0.534180 0.444010 0.537109 0.447917 0.543945 0.449219 0.549805 0.453125 0.555664 0.454427 0.560547 0.458333 0.565430 0.458333 0.566406 0.459635 0.569336 0.459635 0.571289 0.460938 0.575195 0.455729 0.575195 0.454427 0.577148 0.451823 0.578125 0.447917 0.580078 0.445312 0.582031 0.440104 0.582031 0.432292 0.580078 0.427083 0.579102 0.419271 0.575195 0.412760 0.573242 0.407552 0.568359 0.401042 0.568359 0.398438 0.567383 0.397135 0.565430 0.397135 0.564453 0.395833
0 0.457031 0.515625 0.452148 0.519531 0.451172 0.523438 0.446289 0.531250 0.443359 0.540365 0.441406 0.542969 0.438477 0.550781 0.438477 0.554688 0.436523 0.558594 0.436523 0.563802 0.439453 0.569010 0.440430 0.572917 0.443359 0.576823 0.444336 0.576823 0.449219 0.584635 0.465820 0.584635 0.466797 0.583333 0.471680 0.583333 0.473633 0.582031 0.479492 0.574219 0.486328 0.555990 0.486328 0.549479 0.483398 0.542969 0.483398 0.533854 0.479492 0.522135 0.477539 0.519531 0.471680 0.515625
0 0.447266 0.585938 0.446289 0.591146 0.445312 0.592448 0.445312 0.595052 0.444336 0.596354 0.444336 0.600260 0.441406 0.606771 0.441406 0.614583 0.442383 0.615885 0.442383 0.621094 0.447266 0.631510 0.449219 0.645833 0.452148 0.651042 0.455078 0.651042 0.456055 0.652344 0.467773 0.652344 0.468750 0.651042 0.470703 0.651042 0.474609 0.647135 0.477539 0.645833 0.482422 0.639323 0.488281 0.635417 0.492188 0.630208 0.493164 0.627604 0.493164 0.621094 0.490234 0.613281 0.490234 0.610677 0.488281 0.606771 0.487305 0.600260 0.483398 0.593750 0.473633 0.587240 0.448242 0.587240
0 0.491211 0.636719 0.482422 0.644531 0.479492 0.645833 0.474609 0.651042 0.469727 0.653646 0.464844 0.653646 0.462891 0.654948 0.461914 0.657552 0.461914 0.661458 0.462891 0.662760 0.462891 0.667969 0.461914 0.669271 0.461914 0.690104 0.462891 0.691406 0.462891 0.695312 0.467773 0.703125 0.476562 0.708333 0.478516 0.710938 0.478516 0.713542 0.479492 0.714844 0.485352 0.714844 0.490234 0.709635 0.492188 0.709635 0.504883 0.703125 0.510742 0.695312 0.514648 0.682292 0.514648 0.667969 0.509766 0.661458 0.505859 0.658854 0.498047 0.649740 0.495117 0.648438 0.492188 0.641927 0.493164 0.640625 0.493164 0.638021
0 0.507812 0.595052 0.505859 0.596354 0.505859 0.598958 0.501953 0.608073 0.501953 0.611979 0.500977 0.613281 0.500977 0.623698 0.500000 0.625000 0.500000 0.632812 0.500977 0.634115 0.500977 0.638021 0.502930 0.641927 0.504883 0.652344 0.507812 0.656250 0.513672 0.660156 0.522461 0.670573 0.524414 0.670573 0.525391 0.671875 0.532227 0.670573 0.536133 0.666667 0.540039 0.665365 0.542969 0.661458 0.547852 0.658854 0.549805 0.656250 0.552734 0.648438 0.552734 0.635417 0.553711 0.634115 0.553711 0.626302 0.552734 0.625000 0.552734 0.622396 0.549805 0.618490 0.547852 0.613281 0.535156 0.606771 0.533203 0.602865 0.533203 0.598958 0.532227 0.596354 0.529297 0.593750 0.514648 0.593750 0.513672 0.595052
0 0.556641 0.656250 0.554688 0.657552 0.551758 0.657552 0.548828 0.661458 0.545898 0.662760 0.541016 0.667969 0.537109 0.669271 0.534180 0.671875 0.532227 0.671875 0.530273 0.674479 0.530273 0.679688 0.529297 0.680990 0.529297 0.686198 0.534180 0.695312 0.535156 0.699219 0.537109 0.701823 0.540039 0.709635 0.543945 0.713542 0.545898 0.713542 0.546875 0.714844 0.558594 0.714844 0.559570 0.713542 0.567383 0.713542 0.568359 0.712240 0.570312 0.712240 0.579102 0.705729 0.583008 0.699219 0.584961 0.694010 0.584961 0.686198 0.583008 0.680990 0.579102 0.675781 0.578125 0.675781 0.575195 0.671875 0.574219 0.671875 0.568359 0.665365 0.564453 0.662760 0.561523 0.658854 0.557617 0.657552
0 0.501953 0.509115 0.499023 0.511719 0.500000 0.518229 0.495117 0.522135 0.491211 0.531250 0.491211 0.545573 0.492188 0.546875 0.493164 0.563802 0.499023 0.575521 0.499023 0.578125 0.500000 0.579427 0.500000 0.588542 0.503906 0.592448 0.507812 0.592448 0.508789 0.591146 0.518555 0.589844 0.530273 0.583333 0.536133 0.575521 0.537109 0.575521 0.541016 0.570312 0.542969 0.565104 0.542969 0.557292 0.539062 0.546875 0.534180 0.539062 0.533203 0.532552 0.528320 0.518229 0.520508 0.518229 0.519531 0.516927 0.517578 0.516927 0.513672 0.511719 0.508789 0.511719 0.507812 0.510417 0.502930 0.510417
0 0.581055 0.566406 0.579102 0.570312 0.575195 0.571615 0.567383 0.580729 0.564453 0.582031 0.558594 0.589844 0.558594 0.591146 0.556641 0.593750 0.556641 0.610677 0.559570 0.615885 0.559570 0.618490 0.557617 0.621094 0.557617 0.622396 0.560547 0.627604 0.563477 0.628906 0.567383 0.632812 0.571289 0.632812 0.578125 0.638021 0.582031 0.638021 0.583984 0.639323 0.584961 0.638021 0.587891 0.638021 0.591797 0.632812 0.595703 0.631510 0.602539 0.625000 0.606445 0.622396 0.608398 0.622396 0.610352 0.617188 0.610352 0.606771 0.608398 0.601562 0.599609 0.591146 0.599609 0.588542 0.595703 0.582031 0.595703 0.579427 0.587891 0.569010 0.583984 0.566406
0 0.549805 0.527344 0.548828 0.529948 0.548828 0.539062 0.549805 0.541667 0.557617 0.553385 0.561523 0.554688 0.562500 0.555990 0.564453 0.555990 0.565430 0.557292 0.568359 0.557292 0.569336 0.558594 0.573242 0.558594 0.574219 0.559896 0.576172 0.559896 0.577148 0.561198 0.580078 0.561198 0.581055 0.562500 0.589844 0.562500 0.597656 0.554688 0.600586 0.546875 0.600586 0.541667 0.601562 0.540365 0.601562 0.529948 0.600586 0.528646 0.599609 0.519531 0.596680 0.515625 0.595703 0.511719 0.593750 0.509115 0.585938 0.509115 0.584961 0.507812 0.581055 0.507812 0.580078 0.506510 0.571289 0.506510 0.568359 0.509115 0.566406 0.509115 0.562500 0.511719 0.560547 0.514323 0.560547 0.515625 0.558594 0.516927 0.554688 0.523438 0.553711 0.523438 0.550781 0.527344
0 0.558594 0.320312 0.556641 0.320312 0.555664 0.319010 0.551758 0.319010 0.550781 0.317708 0.546875 0.317708 0.545898 0.316406 0.540039 0.316406 0.539062 0.317708 0.536133 0.317708 0.534180 0.320312 0.533203 0.320312 0.524414 0.330729 0.524414 0.333333 0.523438 0.334635 0.523438 0.358073 0.522461 0.359375 0.522461 0.364583 0.521484 0.365885 0.520508 0.371094 0.524414 0.381510 0.529297 0.386719 0.531250 0.386719 0.535156 0.389323 0.544922 0.389323 0.551758 0.385417 0.563477 0.372396 0.564453 0.372396 0.566406 0.367188 0.566406 0.355469 0.567383 0.354167 0.567383 0.338542 0.563477 0.326823 0.561523 0.324219 0.561523 0.322917
0 0.512695 0.253906 0.508789 0.259115 0.504883 0.266927 0.497070 0.272135 0.496094 0.274740 0.494141 0.276042 0.493164 0.278646 0.493164 0.282552 0.492188 0.283854 0.492188 0.298177 0.497070 0.315104 0.500977 0.320312 0.503906 0.320312 0.509766 0.324219 0.519531 0.325521 0.520508 0.326823 0.525391 0.326823 0.529297 0.324219 0.538086 0.312500 0.538086 0.311198 0.543945 0.303385 0.543945 0.302083 0.550781 0.294271 0.550781 0.290365 0.551758 0.287760 0.550781 0.286458 0.548828 0.272135 0.546875 0.266927 0.542969 0.263021 0.538086 0.260417 0.532227 0.259115 0.528320 0.255208 0.525391 0.255208 0.524414 0.253906
0 0.474609 0.191406 0.466797 0.196615 0.461914 0.203125 0.459961 0.208333 0.457031 0.212240 0.451172 0.227865 0.449219 0.235677 0.449219 0.240885 0.454102 0.251302 0.457031 0.252604 0.462891 0.251302 0.463867 0.252604 0.471680 0.253906 0.482422 0.264323 0.484375 0.268229 0.487305 0.269531 0.494141 0.269531 0.499023 0.265625 0.502930 0.264323 0.505859 0.259115 0.507812 0.251302 0.507812 0.247396 0.508789 0.246094 0.508789 0.238281 0.509766 0.236979 0.509766 0.230469 0.511719 0.222656 0.511719 0.208333 0.504883 0.197917 0.495117 0.191406 0.485352 0.191406 0.484375 0.190104
0 0.451172 0.092448 0.447266 0.092448 0.446289 0.093750 0.438477 0.095052 0.431641 0.102865 0.429688 0.113281 0.426758 0.121094 0.425781 0.130208 0.423828 0.132812 0.422852 0.140625 0.420898 0.145833 0.420898 0.153646 0.422852 0.157552 0.426758 0.158854 0.438477 0.169271 0.442383 0.169271 0.443359 0.170573 0.452148 0.169271 0.459961 0.164062 0.461914 0.164062 0.463867 0.161458 0.464844 0.157552 0.466797 0.154948 0.467773 0.149740 0.469727 0.147135 0.467773 0.147135 0.464844 0.143229 0.464844 0.138021 0.468750 0.130208 0.468750 0.109375 0.467773 0.106771 0.462891 0.102865 0.459961 0.097656
0 0.495117 0.084635 0.486328 0.089844 0.483398 0.096354 0.483398 0.145833 0.485352 0.152344 0.485352 0.162760 0.491211 0.169271 0.497070 0.173177 0.499023 0.173177 0.500000 0.174479 0.508789 0.174479 0.511719 0.171875 0.514648 0.171875 0.524414 0.164062 0.529297 0.154948 0.530273 0.149740 0.532227 0.145833 0.532227 0.128906 0.531250 0.127604 0.531250 0.119792 0.530273 0.118490 0.528320 0.105469 0.522461 0.097656 0.515625 0.092448 0.509766 0.084635 0.507812 0.083333
0 0.533203 0.173177 0.525391 0.178385 0.519531 0.186198 0.518555 0.194010 0.517578 0.195312 0.517578 0.205729 0.516602 0.207031 0.516602 0.227865 0.520508 0.234375 0.524414 0.235677 0.529297 0.239583 0.531250 0.239583 0.534180 0.243490 0.535156 0.243490 0.536133 0.246094 0.539062 0.246094 0.541016 0.244792 0.541992 0.246094 0.545898 0.246094 0.547852 0.247396 0.553711 0.243490 0.555664 0.240885 0.560547 0.238281 0.566406 0.230469 0.567383 0.227865 0.566406 0.217448 0.562500 0.210938 0.561523 0.207031 0.558594 0.203125 0.557617 0.199219 0.552734 0.191406 0.552734 0.190104 0.551758 0.190104 0.540039 0.173177
0 0.595703 0.220052 0.586914 0.220052 0.581055 0.223958 0.576172 0.223958 0.564453 0.236979 0.561523 0.242188 0.562500 0.248698 0.564453 0.251302 0.564453 0.256510 0.566406 0.264323 0.568359 0.266927 0.568359 0.269531 0.565430 0.272135 0.565430 0.273438 0.568359 0.274740 0.569336 0.277344 0.569336 0.283854 0.570312 0.285156 0.570312 0.290365 0.568359 0.292969 0.564453 0.291667 0.563477 0.295573 0.564453 0.298177 0.566406 0.298177 0.572266 0.303385 0.575195 0.303385 0.576172 0.304688 0.575195 0.308594 0.580078 0.308594 0.583008 0.307292 0.584961 0.304688 0.587891 0.304688 0.592773 0.300781 0.599609 0.298177 0.603516 0.294271 0.605469 0.289062 0.614258 0.277344 0.618164 0.265625 0.618164 0.256510 0.614258 0.246094 0.599609 0.223958
0 0.643555 0.234375 0.632812 0.234375 0.631836 0.235677 0.628906 0.235677 0.625000 0.238281 0.622070 0.238281 0.617188 0.242188 0.617188 0.248698 0.619141 0.253906 0.619141 0.265625 0.618164 0.266927 0.618164 0.270833 0.613281 0.281250 0.613281 0.285156 0.618164 0.298177 0.622070 0.302083 0.624023 0.302083 0.625000 0.303385 0.637695 0.302083 0.638672 0.300781 0.643555 0.300781 0.651367 0.295573 0.658203 0.294271 0.660156 0.292969 0.666992 0.282552 0.666992 0.281250 0.669922 0.278646 0.669922 0.273438 0.668945 0.270833 0.663086 0.264323 0.658203 0.252604 0.645508 0.235677
0 0.673828 0.292969 0.669922 0.294271 0.665039 0.299479 0.663086 0.299479 0.662109 0.298177 0.658203 0.300781 0.656250 0.299479 0.652344 0.299479 0.650391 0.300781 0.648438 0.304688 0.649414 0.308594 0.648438 0.309896 0.647461 0.317708 0.645508 0.322917 0.644531 0.337240 0.646484 0.342448 0.646484 0.360677 0.649414 0.365885 0.655273 0.367188 0.661133 0.372396 0.666016 0.372396 0.666992 0.371094 0.668945 0.371094 0.675781 0.361979 0.676758 0.356771 0.683594 0.339844 0.683594 0.337240 0.685547 0.333333 0.686523 0.326823 0.690430 0.316406 0.689453 0.308594 0.679688 0.300781 0.676758 0.296875 0.676758 0.295573
0 0.727539 0.364583 0.724609 0.361979 0.720703 0.361979 0.719727 0.360677 0.709961 0.360677 0.708984 0.359375 0.698242 0.359375 0.697266 0.360677 0.688477 0.360677 0.687500 0.361979 0.685547 0.361979 0.678711 0.380208 0.678711 0.398438 0.682617 0.410156 0.682617 0.412760 0.685547 0.419271 0.680664 0.423177 0.676758 0.423177 0.677734 0.424479 0.681641 0.424479 0.684570 0.427083 0.687500 0.427083 0.691406 0.424479 0.694336 0.424479 0.695312 0.425781 0.698242 0.425781 0.699219 0.424479 0.701172 0.424479 0.702148 0.425781 0.708008 0.425781 0.708984 0.424479 0.712891 0.424479 0.719727 0.420573 0.722656 0.412760 0.724609 0.410156 0.731445 0.390625 0.731445 0.378906
0 0.772461 0.385417 0.770508 0.382812 0.768555 0.382812 0.765625 0.380208 0.746094 0.380208 0.745117 0.378906 0.736328 0.378906 0.734375 0.380208 0.732422 0.382812 0.732422 0.390625 0.727539 0.403646 0.726562 0.411458 0.723633 0.416667 0.722656 0.420573 0.718750 0.424479 0.718750 0.434896 0.719727 0.437500 0.723633 0.441406 0.733398 0.441406 0.734375 0.440104 0.750000 0.440104 0.750977 0.438802 0.758789 0.436198 0.768555 0.421875 0.771484 0.415365 0.771484 0.412760 0.774414 0.404948 0.776367 0.402344 0.776367 0.395833
0 0.607422 0.113281 0.599609 0.105469 0.592773 0.102865 0.583008 0.091146 0.575195 0.085938 0.571289 0.087240 0.560547 0.095052 0.558594 0.098958 0.555664 0.100260 0.550781 0.111979 0.550781 0.114583 0.548828 0.115885 0.548828 0.121094 0.552734 0.119792 0.557617 0.127604 0.558594 0.140625 0.555664 0.145833 0.555664 0.152344 0.556641 0.154948 0.560547 0.154948 0.562500 0.157552 0.559570 0.162760 0.556641 0.162760 0.556641 0.166667 0.555664 0.167969 0.558594 0.167969 0.560547 0.165365 0.566406 0.165365 0.567383 0.164062 0.579102 0.169271 0.582031 0.166667 0.588867 0.164062 0.596680 0.157552 0.602539 0.147135 0.602539 0.144531 0.607422 0.130208
0 0.601562 0.158854 0.595703 0.165365 0.594727 0.165365 0.594727 0.166667 0.588867 0.174479 0.577148 0.182292 0.570312 0.197917 0.570312 0.200521 0.569336 0.201823 0.569336 0.209635 0.570312 0.210938 0.570312 0.216146 0.575195 0.221354 0.577148 0.221354 0.580078 0.218750 0.583008 0.218750 0.583984 0.217448 0.592773 0.217448 0.593750 0.218750 0.596680 0.218750 0.598633 0.220052 0.602539 0.226562 0.608398 0.230469 0.610352 0.233073 0.614258 0.226562 0.615234 0.222656 0.620117 0.216146 0.624023 0.208333 0.625000 0.200521 0.625977 0.199219 0.625000 0.182292 0.624023 0.180990 0.624023 0.178385 0.618164 0.166667 0.610352 0.160156 0.608398 0.160156 0.607422 0.158854
0 0.630859 0.026042 0.618164 0.027344 0.610352 0.031250 0.600586 0.032552 0.594727 0.036458 0.590820 0.042969 0.585938 0.055990 0.583984 0.058594 0.583984 0.061198 0.583008 0.062500 0.583008 0.083333 0.585938 0.087240 0.594727 0.093750 0.596680 0.097656 0.601562 0.102865 0.605469 0.105469 0.612305 0.106771 0.613281 0.105469 0.618164 0.105469 0.619141 0.104167 0.622070 0.104167 0.626953 0.101562 0.631836 0.095052 0.633789 0.091146 0.634766 0.085938 0.637695 0.083333 0.640625 0.078125 0.640625 0.074219 0.641602 0.072917 0.641602 0.069010 0.643555 0.062500 0.644531 0.048177 0.637695 0.035156
0 0.697266 0.039062 0.692383 0.040365 0.688477 0.042969 0.687500 0.041667 0.685547 0.041667 0.682617 0.044271 0.671875 0.048177 0.664062 0.053385 0.657227 0.062500 0.656250 0.062500 0.653320 0.067708 0.653320 0.070312 0.657227 0.070312 0.664062 0.079427 0.663086 0.082031 0.658203 0.083333 0.658203 0.087240 0.664062 0.097656 0.664062 0.100260 0.666016 0.105469 0.677734 0.109375 0.684570 0.115885 0.688477 0.115885 0.695312 0.109375 0.704102 0.104167 0.708008 0.098958 0.709961 0.089844 0.712891 0.082031 0.712891 0.061198 0.711914 0.059896 0.710938 0.053385 0.705078 0.042969
0 0.711914 0.108073 0.706055 0.108073 0.702148 0.110677 0.697266 0.118490 0.696289 0.118490 0.693359 0.122396 0.692383 0.122396 0.689453 0.126302 0.687500 0.127604 0.687500 0.128906 0.684570 0.132812 0.684570 0.135417 0.682617 0.139323 0.682617 0.144531 0.681641 0.145833 0.682617 0.152344 0.685547 0.156250 0.686523 0.156250 0.688477 0.160156 0.689453 0.160156 0.693359 0.165365 0.694336 0.165365 0.696289 0.167969 0.696289 0.169271 0.698242 0.170573 0.706055 0.170573 0.708984 0.167969 0.710938 0.167969 0.716797 0.164062 0.718750 0.161458 0.719727 0.161458 0.721680 0.158854 0.723633 0.153646 0.723633 0.148438 0.724609 0.147135 0.724609 0.143229 0.726562 0.138021 0.726562 0.128906 0.725586 0.127604 0.725586 0.125000 0.715820 0.110677
0 0.661133 0.145833 0.651367 0.153646 0.644531 0.162760 0.642578 0.164062 0.642578 0.166667 0.640625 0.169271 0.641602 0.170573 0.641602 0.174479 0.642578 0.175781 0.643555 0.174479 0.645508 0.174479 0.647461 0.178385 0.647461 0.183594 0.643555 0.190104 0.644531 0.191406 0.644531 0.196615 0.648438 0.203125 0.654297 0.208333 0.656250 0.208333 0.657227 0.209635 0.662109 0.209635 0.666016 0.213542 0.677734 0.214844 0.680664 0.210938 0.684570 0.208333 0.696289 0.194010 0.697266 0.191406 0.697266 0.174479 0.693359 0.166667 0.692383 0.166667 0.684570 0.156250 0.683594 0.156250 0.674805 0.145833 0.672852 0.144531 0.665039 0.144531 0.664062 0.145833
0 0.712891 0.187500 0.708984 0.187500 0.705078 0.190104 0.702148 0.194010 0.700195 0.194010 0.697266 0.197917 0.696289 0.200521 0.695312 0.210938 0.694336 0.213542 0.689453 0.218750 0.689453 0.221354 0.688477 0.222656 0.688477 0.226562 0.690430 0.230469 0.690430 0.238281 0.691406 0.239583 0.691406 0.243490 0.693359 0.247396 0.693359 0.251302 0.695312 0.253906 0.695312 0.255208 0.699219 0.259115 0.703125 0.259115 0.704102 0.260417 0.705078 0.259115 0.717773 0.259115 0.718750 0.257812 0.722656 0.257812 0.723633 0.256510 0.725586 0.256510 0.726562 0.255208 0.728516 0.255208 0.731445 0.252604 0.735352 0.251302 0.741211 0.242188 0.741211 0.217448 0.739258 0.212240 0.728516 0.199219 0.725586 0.197917 0.723633 0.195312 0.721680 0.195312 0.716797 0.188802 0.713867 0.188802
0 0.770508 0.143229 0.766602 0.143229 0.764648 0.144531 0.762695 0.149740 0.753906 0.162760 0.751953 0.167969 0.751953 0.192708 0.752930 0.194010 0.753906 0.200521 0.756836 0.204427 0.756836 0.205729 0.754883 0.208333 0.751953 0.208333 0.750977 0.209635 0.750977 0.212240 0.751953 0.214844 0.754883 0.214844 0.755859 0.216146 0.755859 0.221354 0.756836 0.222656 0.763672 0.222656 0.764648 0.221354 0.769531 0.221354 0.770508 0.222656 0.771484 0.221354 0.781250 0.220052 0.782227 0.218750 0.787109 0.217448 0.791016 0.210938 0.791016 0.204427 0.791992 0.203125 0.791016 0.183594 0.791992 0.182292 0.791992 0.170573 0.792969 0.169271 0.792969 0.164062 0.788086 0.156250 0.787109 0.152344 0.783203 0.149740 0.778320 0.148438 0.775391 0.145833 0.773438 0.145833
0 0.802734 0.200521 0.795898 0.200521 0.793945 0.199219 0.792969 0.200521 0.792969 0.207031 0.791992 0.208333 0.791992 0.212240 0.787109 0.218750 0.783203 0.220052 0.782227 0.221354 0.780273 0.221354 0.779297 0.222656 0.774414 0.222656 0.772461 0.225260 0.774414 0.235677 0.779297 0.240885 0.781250 0.246094 0.781250 0.248698 0.782227 0.250000 0.782227 0.256510 0.783203 0.257812 0.783203 0.260417 0.785156 0.265625 0.790039 0.269531 0.791992 0.268229 0.795898 0.268229 0.796875 0.266927 0.799805 0.266927 0.800781 0.265625 0.802734 0.265625 0.804688 0.263021 0.805664 0.263021 0.814453 0.251302 0.813477 0.250000 0.813477 0.234375 0.814453 0.233073 0.814453 0.229167 0.813477 0.227865 0.813477 0.221354 0.812500 0.220052 0.812500 0.216146 0.809570 0.209635 0.809570 0.207031 0.806641 0.203125
0 0.746094 0.236979 0.745117 0.242188 0.742188 0.247396 0.742188 0.259115 0.739258 0.265625 0.739258 0.269531 0.741211 0.273438 0.747070 0.273438 0.748047 0.272135 0.750977 0.272135 0.754883 0.269531 0.764648 0.282552 0.767578 0.290365 0.773438 0.298177 0.773438 0.299479 0.774414 0.300781 0.778320 0.300781 0.781250 0.292969 0.781250 0.253906 0.780273 0.252604 0.780273 0.247396 0.775391 0.239583 0.771484 0.236979 0.766602 0.236979 0.765625 0.235677 0.761719 0.235677 0.760742 0.234375 0.753906 0.234375 0.752930 0.235677 0.748047 0.235677
0 0.753906 0.272135 0.750977 0.274740 0.748047 0.274740 0.746094 0.276042 0.740234 0.285156 0.739258 0.285156 0.734375 0.291667 0.733398 0.291667 0.726562 0.300781 0.724609 0.305990 0.725586 0.307292 0.725586 0.311198 0.727539 0.315104 0.733398 0.321615 0.734375 0.321615 0.740234 0.329427 0.742188 0.334635 0.744141 0.335938 0.750000 0.343750 0.750977 0.343750 0.756836 0.352865 0.759766 0.352865 0.763672 0.346354 0.766602 0.345052 0.770508 0.341146 0.772461 0.341146 0.776367 0.338542 0.778320 0.335938 0.778320 0.333333 0.779297 0.332031 0.779297 0.325521 0.780273 0.324219 0.780273 0.311198 0.778320 0.305990 0.771484 0.298177 0.771484 0.296875 0.765625 0.289062 0.764648 0.285156 0.758789 0.277344 0.758789 0.276042 0.755859 0.272135
0 0.798828 0.298177 0.794922 0.298177 0.792969 0.299479 0.792969 0.300781 0.791016 0.303385 0.786133 0.307292 0.782227 0.317708 0.782227 0.321615 0.781250 0.322917 0.781250 0.328125 0.780273 0.329427 0.779297 0.337240 0.776367 0.341146 0.775391 0.346354 0.774414 0.347656 0.774414 0.350260 0.773438 0.351562 0.773438 0.361979 0.774414 0.364583 0.781250 0.373698 0.783203 0.373698 0.784180 0.375000 0.788086 0.375000 0.793945 0.378906 0.794922 0.377604 0.797852 0.377604 0.807617 0.371094 0.814453 0.361979 0.814453 0.360677 0.817383 0.356771 0.818359 0.351562 0.819336 0.350260 0.819336 0.330729 0.812500 0.311198 0.808594 0.305990 0.808594 0.304688
0 0.848633 0.332031 0.833984 0.332031 0.832031 0.333333 0.824219 0.343750 0.823242 0.343750 0.821289 0.346354 0.815430 0.361979 0.807617 0.372396 0.807617 0.382812 0.809570 0.388021 0.812500 0.391927 0.812500 0.394531 0.814453 0.398438 0.816406 0.398438 0.817383 0.399740 0.819336 0.398438 0.828125 0.398438 0.829102 0.399740 0.835938 0.401042 0.841797 0.394531 0.849609 0.389323 0.854492 0.382812 0.856445 0.377604 0.857422 0.371094 0.859375 0.367188 0.859375 0.355469 0.858398 0.354167 0.858398 0.350260 0.855469 0.341146
0 0.836914 0.407552 0.836914 0.408854 0.840820 0.408854 0.842773 0.412760 0.838867 0.415365 0.834961 0.415365 0.833984 0.416667 0.830078 0.417969 0.826172 0.423177 0.826172 0.428385 0.825195 0.429688 0.826172 0.438802 0.828125 0.444010 0.830078 0.445312 0.832031 0.450521 0.832031 0.454427 0.834961 0.455729 0.843750 0.464844 0.847656 0.466146 0.848633 0.467448 0.861328 0.466146 0.862305 0.464844 0.864258 0.464844 0.867188 0.460938 0.870117 0.459635 0.873047 0.455729 0.874023 0.451823 0.875977 0.449219 0.875977 0.446615 0.876953 0.445312 0.876953 0.440104 0.877930 0.438802 0.877930 0.424479 0.875977 0.419271 0.875000 0.419271 0.868164 0.408854 0.852539 0.407552 0.851562 0.406250 0.842773 0.406250 0.841797 0.407552
0 0.852539 0.471354 0.847656 0.468750 0.842773 0.468750 0.841797 0.467448 0.840820 0.468750 0.838867 0.468750 0.834961 0.473958 0.832031 0.475260 0.829102 0.479167 0.828125 0.479167 0.823242 0.485677 0.820312 0.492188 0.818359 0.493490 0.815430 0.497396 0.815430 0.498698 0.811523 0.502604 0.810547 0.505208 0.810547 0.510417 0.813477 0.518229 0.813477 0.529948 0.816406 0.536458 0.818359 0.537760 0.822266 0.537760 0.823242 0.539062 0.830078 0.539062 0.831055 0.540365 0.836914 0.540365 0.837891 0.541667 0.846680 0.541667 0.847656 0.542969 0.852539 0.542969 0.853516 0.541667 0.855469 0.541667 0.859375 0.536458 0.859375 0.535156 0.864258 0.528646 0.865234 0.528646 0.865234 0.511719 0.866211 0.510417 0.866211 0.502604 0.865234 0.501302 0.865234 0.497396 0.863281 0.490885 0.860352 0.486979 0.859375 0.481771
0 0.875000 0.509115 0.869141 0.505208 0.867188 0.505208 0.866211 0.506510 0.866211 0.527344 0.864258 0.529948 0.864258 0.531250 0.856445 0.541667 0.854492 0.542969 0.852539 0.542969 0.851562 0.544271 0.842773 0.544271 0.841797 0.545573 0.839844 0.545573 0.837891 0.544271 0.836914 0.546875 0.836914 0.553385 0.834961 0.558594 0.834961 0.561198 0.835938 0.562500 0.835938 0.565104 0.836914 0.567708 0.838867 0.569010 0.851562 0.569010 0.852539 0.567708 0.858398 0.567708 0.864258 0.563802 0.869141 0.550781 0.869141 0.548177 0.870117 0.546875 0.871094 0.540365 0.873047 0.535156 0.875000 0.532552 0.875977 0.529948 0.875977 0.527344 0.876953 0.526042 0.876953 0.520833 0.877930 0.519531 0.877930 0.515625 0.876953 0.514323 0.876953 0.511719
0 0.625977 0.359375 0.624023 0.359375 0.623047 0.358073 0.622070 0.359375 0.617188 0.360677 0.614258 0.358073 0.605469 0.356771 0.595703 0.361979 0.594727 0.365885 0.590820 0.371094 0.586914 0.372396 0.586914 0.373698 0.583984 0.377604 0.584961 0.378906 0.584961 0.384115 0.580078 0.389323 0.580078 0.402344 0.582031 0.404948 0.583008 0.408854 0.585938 0.412760 0.585938 0.417969 0.587891 0.420573 0.597656 0.428385 0.611328 0.428385 0.612305 0.427083 0.615234 0.427083 0.616211 0.425781 0.625977 0.423177 0.629883 0.420573 0.634766 0.414062 0.638672 0.402344 0.638672 0.393229 0.637695 0.391927 0.637695 0.388021 0.634766 0.381510 0.633789 0.375000
0 0.612305 0.434896 0.624023 0.436198 0.625977 0.438802 0.623047 0.442708 0.617188 0.441406 0.612305 0.444010 0.602539 0.460938 0.598633 0.472656 0.598633 0.484375 0.601562 0.490885 0.601562 0.496094 0.609375 0.502604 0.614258 0.503906 0.616211 0.502604 0.636719 0.503906 0.641602 0.507812 0.645508 0.507812 0.648438 0.503906 0.651367 0.502604 0.650391 0.498698 0.645508 0.498698 0.642578 0.502604 0.638672 0.503906 0.636719 0.501302 0.632812 0.500000 0.628906 0.493490 0.631836 0.477865 0.635742 0.473958 0.640625 0.473958 0.641602 0.472656 0.646484 0.479167 0.649414 0.480469 0.649414 0.475260 0.647461 0.470052 0.647461 0.462240 0.644531 0.450521 0.640625 0.445312 0.636719 0.442708 0.635742 0.440104 0.627930 0.437500 0.625977 0.434896
0 0.676758 0.428385 0.665039 0.428385 0.664062 0.427083 0.656250 0.427083 0.655273 0.428385 0.652344 0.428385 0.645508 0.433594 0.641602 0.433594 0.639648 0.436198 0.639648 0.440104 0.642578 0.444010 0.642578 0.445312 0.644531 0.447917 0.644531 0.449219 0.647461 0.455729 0.647461 0.459635 0.648438 0.460938 0.648438 0.463542 0.649414 0.464844 0.649414 0.472656 0.653320 0.479167 0.654297 0.479167 0.659180 0.483073 0.662109 0.483073 0.664062 0.480469 0.665039 0.480469 0.666992 0.477865 0.667969 0.477865 0.672852 0.471354 0.673828 0.471354 0.673828 0.470052 0.679688 0.460938 0.679688 0.458333 0.680664 0.457031 0.680664 0.454427 0.681641 0.453125 0.681641 0.440104 0.680664 0.438802 0.680664 0.433594 0.679688 0.432292 0.679688 0.430990
0 0.749023 0.473958 0.744141 0.467448 0.739258 0.464844 0.736328 0.467448 0.734375 0.467448 0.733398 0.466146 0.721680 0.467448 0.710938 0.475260 0.708984 0.477865 0.707031 0.484375 0.704102 0.489583 0.704102 0.506510 0.705078 0.507812 0.705078 0.514323 0.703125 0.516927 0.703125 0.518229 0.704102 0.518229 0.707031 0.522135 0.710938 0.524740 0.714844 0.524740 0.722656 0.519531 0.725586 0.519531 0.726562 0.518229 0.731445 0.518229 0.732422 0.516927 0.741211 0.516927 0.742188 0.515625 0.744141 0.515625 0.748047 0.513021 0.750000 0.510417 0.751953 0.505208 0.751953 0.493490 0.750977 0.492188 0.750977 0.486979 0.750000 0.485677 0.750000 0.476562
0 0.754883 0.507812 0.750977 0.513021 0.750977 0.515625 0.749023 0.518229 0.748047 0.518229 0.747070 0.520833 0.744141 0.522135 0.744141 0.524740 0.745117 0.524740 0.747070 0.527344 0.747070 0.533854 0.745117 0.536458 0.745117 0.539062 0.743164 0.541667 0.743164 0.546875 0.742188 0.548177 0.742188 0.552083 0.743164 0.553385 0.743164 0.559896 0.742188 0.561198 0.742188 0.565104 0.744141 0.569010 0.751953 0.574219 0.755859 0.574219 0.756836 0.575521 0.774414 0.575521 0.782227 0.565104 0.783203 0.565104 0.791016 0.553385 0.792969 0.548177 0.792969 0.541667 0.793945 0.540365 0.792969 0.533854 0.787109 0.524740 0.776367 0.518229 0.771484 0.511719 0.765625 0.510417 0.761719 0.507812
0 0.793945 0.553385 0.792969 0.554688 0.792969 0.557292 0.791992 0.558594 0.790039 0.558594 0.790039 0.559896 0.788086 0.561198 0.783203 0.569010 0.782227 0.569010 0.781250 0.571615 0.781250 0.576823 0.782227 0.578125 0.782227 0.582031 0.784180 0.587240 0.784180 0.604167 0.785156 0.605469 0.784180 0.611979 0.788086 0.625000 0.790039 0.626302 0.791992 0.626302 0.792969 0.627604 0.811523 0.628906 0.813477 0.627604 0.826172 0.610677 0.828125 0.606771 0.828125 0.604167 0.829102 0.602865 0.829102 0.597656 0.830078 0.596354 0.830078 0.583333 0.829102 0.582031 0.829102 0.576823 0.830078 0.575521 0.828125 0.570312 0.825195 0.566406 0.820312 0.562500 0.814453 0.561198 0.805664 0.553385
0 0.860352 0.608073 0.855469 0.614583 0.853516 0.614583 0.852539 0.615885 0.847656 0.615885 0.842773 0.622396 0.839844 0.628906 0.839844 0.631510 0.838867 0.632812 0.838867 0.638021 0.843750 0.645833 0.846680 0.656250 0.850586 0.661458 0.851562 0.665365 0.854492 0.669271 0.854492 0.670573 0.858398 0.675781 0.860352 0.677083 0.863281 0.677083 0.864258 0.678385 0.872070 0.670573 0.875977 0.669271 0.879883 0.662760 0.883789 0.651042 0.888672 0.643229 0.888672 0.626302 0.887695 0.625000 0.887695 0.622396 0.884766 0.619792 0.884766 0.617188 0.883789 0.615885 0.881836 0.615885 0.879883 0.613281 0.879883 0.611979 0.878906 0.613281 0.869141 0.613281 0.866211 0.609375
0 0.611328 0.506510 0.606445 0.515625 0.606445 0.528646 0.607422 0.529948 0.607422 0.541667 0.608398 0.542969 0.608398 0.545573 0.609375 0.546875 0.610352 0.550781 0.615234 0.557292 0.617188 0.557292 0.618164 0.558594 0.623047 0.558594 0.624023 0.559896 0.628906 0.559896 0.629883 0.558594 0.631836 0.558594 0.632812 0.557292 0.633789 0.557292 0.635742 0.553385 0.635742 0.550781 0.636719 0.549479 0.636719 0.548177 0.640625 0.544271 0.640625 0.542969 0.642578 0.540365 0.642578 0.539062 0.645508 0.532552 0.645508 0.529948 0.646484 0.528646 0.646484 0.526042 0.647461 0.524740 0.647461 0.522135 0.648438 0.520833 0.648438 0.514323 0.647461 0.513021 0.647461 0.510417 0.646484 0.509115 0.637695 0.509115 0.634766 0.506510 0.622070 0.506510 0.621094 0.505208 0.618164 0.505208 0.617188 0.506510
0 0.657227 0.503906 0.652344 0.510417 0.652344 0.511719 0.650391 0.514323 0.650391 0.516927 0.649414 0.518229 0.649414 0.529948 0.648438 0.532552 0.646484 0.533854 0.646484 0.535156 0.644531 0.537760 0.644531 0.541667 0.643555 0.542969 0.643555 0.548177 0.641602 0.550781 0.640625 0.554688 0.645508 0.561198 0.646484 0.561198 0.650391 0.565104 0.653320 0.565104 0.654297 0.566406 0.666016 0.566406 0.666992 0.565104 0.668945 0.565104 0.672852 0.559896 0.672852 0.557292 0.674805 0.554688 0.677734 0.546875 0.677734 0.544271 0.678711 0.542969 0.678711 0.540365 0.679688 0.539062 0.679688 0.536458 0.681641 0.531250 0.681641 0.527344 0.682617 0.526042 0.682617 0.514323 0.680664 0.510417 0.672852 0.505208 0.669922 0.505208 0.668945 0.503906
0 0.729492 0.572917 0.726562 0.571615 0.724609 0.569010 0.719727 0.569010 0.718750 0.567708 0.708984 0.567708 0.708008 0.569010 0.704102 0.569010 0.702148 0.570312 0.698242 0.575521 0.698242 0.580729 0.697266 0.582031 0.696289 0.592448 0.694336 0.596354 0.694336 0.598958 0.691406 0.605469 0.691406 0.608073 0.689453 0.613281 0.689453 0.621094 0.691406 0.626302 0.697266 0.635417 0.703125 0.635417 0.704102 0.636719 0.707031 0.634115 0.709961 0.634115 0.710938 0.632812 0.717773 0.632812 0.718750 0.631510 0.720703 0.631510 0.722656 0.628906 0.727539 0.627604 0.732422 0.621094 0.733398 0.614583 0.735352 0.611979 0.737305 0.606771 0.737305 0.604167 0.738281 0.602865 0.738281 0.593750 0.737305 0.592448 0.736328 0.582031
0 0.748047 0.601562 0.740234 0.609375 0.740234 0.610677 0.737305 0.614583 0.736328 0.618490 0.732422 0.623698 0.730469 0.628906 0.728516 0.631510 0.727539 0.631510 0.727539 0.634115 0.731445 0.641927 0.731445 0.643229 0.729492 0.645833 0.728516 0.645833 0.727539 0.648438 0.729492 0.651042 0.729492 0.652344 0.734375 0.657552 0.736328 0.657552 0.743164 0.661458 0.746094 0.661458 0.747070 0.662760 0.752930 0.662760 0.753906 0.664062 0.757812 0.664062 0.758789 0.665365 0.763672 0.665365 0.765625 0.662760 0.768555 0.661458 0.770508 0.658854 0.773438 0.657552 0.780273 0.651042 0.781250 0.645833 0.784180 0.638021 0.784180 0.634115 0.785156 0.632812 0.785156 0.625000 0.783203 0.619792 0.778320 0.615885 0.771484 0.613281 0.755859 0.602865 0.749023 0.602865
0 0.818359 0.640625 0.813477 0.644531 0.806641 0.647135 0.802734 0.652344 0.801758 0.652344 0.797852 0.658854 0.798828 0.666667 0.800781 0.669271 0.798828 0.671875 0.798828 0.677083 0.804688 0.682292 0.804688 0.686198 0.802734 0.688802 0.804688 0.694010 0.803711 0.697917 0.802734 0.699219 0.799805 0.699219 0.798828 0.697917 0.797852 0.699219 0.801758 0.700521 0.804688 0.705729 0.806641 0.705729 0.810547 0.709635 0.818359 0.712240 0.821289 0.714844 0.824219 0.714844 0.828125 0.712240 0.833984 0.712240 0.841797 0.707031 0.850586 0.694010 0.850586 0.686198 0.849609 0.684896 0.848633 0.675781 0.845703 0.667969 0.845703 0.662760 0.844727 0.661458 0.842773 0.648438 0.838867 0.643229 0.836914 0.643229 0.835938 0.641927
0 0.656250 0.579427 0.653320 0.578125 0.651367 0.580729 0.648438 0.580729 0.647461 0.579427 0.634766 0.579427 0.629883 0.583333 0.626953 0.589844 0.622070 0.596354 0.619141 0.596354 0.615234 0.598958 0.614258 0.601562 0.614258 0.609375 0.615234 0.610677 0.614258 0.611979 0.613281 0.621094 0.615234 0.623698 0.616211 0.627604 0.620117 0.632812 0.621094 0.632812 0.625977 0.638021 0.628906 0.639323 0.630859 0.641927 0.633789 0.641927 0.638672 0.645833 0.642578 0.645833 0.644531 0.644531 0.654297 0.631510 0.655273 0.625000 0.658203 0.617188 0.663086 0.610677 0.666016 0.604167 0.666016 0.600260 0.664062 0.595052 0.662109 0.592448 0.661133 0.587240
0 0.674805 0.606771 0.672852 0.605469 0.670898 0.605469 0.669922 0.604167 0.667969 0.605469 0.666016 0.605469 0.665039 0.608073 0.662109 0.611979 0.662109 0.613281 0.659180 0.617188 0.655273 0.627604 0.655273 0.630208 0.654297 0.632812 0.648438 0.640625 0.642578 0.644531 0.640625 0.647135 0.640625 0.648438 0.642578 0.651042 0.644531 0.656250 0.649414 0.662760 0.651367 0.664062 0.657227 0.664062 0.658203 0.665365 0.668945 0.665365 0.676758 0.660156 0.681641 0.653646 0.683594 0.652344 0.685547 0.647135 0.685547 0.641927 0.686523 0.640625 0.686523 0.634115 0.687500 0.632812 0.687500 0.628906 0.688477 0.626302 0.687500 0.623698
0 0.642578 0.658854 0.639648 0.658854 0.638672 0.657552 0.636719 0.657552 0.635742 0.658854 0.619141 0.657552 0.614258 0.661458 0.612305 0.661458 0.611328 0.660156 0.610352 0.661458 0.607422 0.661458 0.605469 0.662760 0.605469 0.664062 0.602539 0.667969 0.602539 0.674479 0.600586 0.679688 0.600586 0.686198 0.602539 0.688802 0.602539 0.690104 0.597656 0.694010 0.598633 0.699219 0.600586 0.703125 0.601562 0.709635 0.609375 0.717448 0.613281 0.717448 0.617188 0.720052 0.623047 0.720052 0.627930 0.716146 0.639648 0.699219 0.646484 0.694010 0.651367 0.683594 0.650391 0.682292 0.650391 0.678385 0.649414 0.677083 0.649414 0.669271 0.647461 0.664062
0 0.658203 0.674479 0.659180 0.674479 0.661133 0.677083 0.661133 0.678385 0.659180 0.680990 0.655273 0.682292 0.653320 0.684896 0.652344 0.688802 0.637695 0.707031 0.636719 0.712240 0.635742 0.713542 0.634766 0.726562 0.638672 0.733073 0.642578 0.734375 0.653320 0.744792 0.659180 0.746094 0.660156 0.747396 0.666992 0.747396 0.669922 0.744792 0.670898 0.740885 0.674805 0.735677 0.674805 0.733073 0.677734 0.725260 0.679688 0.722656 0.680664 0.718750 0.682617 0.716146 0.686523 0.707031 0.686523 0.701823 0.683594 0.695312 0.673828 0.683594 0.671875 0.678385 0.666016 0.677083 0.662109 0.674479
0 0.687500 0.707031 0.685547 0.709635 0.685547 0.712240 0.683594 0.714844 0.682617 0.718750 0.678711 0.725260 0.678711 0.726562 0.676758 0.730469 0.676758 0.733073 0.675781 0.734375 0.674805 0.738281 0.672852 0.740885 0.671875 0.747396 0.674805 0.752604 0.674805 0.753906 0.676758 0.756510 0.677734 0.756510 0.681641 0.761719 0.682617 0.761719 0.685547 0.764323 0.690430 0.764323 0.695312 0.760417 0.697266 0.760417 0.698242 0.759115 0.700195 0.759115 0.701172 0.757812 0.704102 0.756510 0.707031 0.752604 0.708984 0.744792 0.708008 0.743490 0.708008 0.731771 0.707031 0.730469 0.707031 0.727865 0.706055 0.726562 0.706055 0.718750 0.704102 0.716146 0.703125 0.716146 0.702148 0.714844 0.701172 0.714844 0.690430 0.707031
0 0.686523 0.652344 0.686523 0.654948 0.690430 0.658854 0.687500 0.667969 0.687500 0.675781 0.686523 0.677083 0.686523 0.682292 0.685547 0.683594 0.686523 0.684896 0.686523 0.695312 0.694336 0.707031 0.705078 0.714844 0.707031 0.714844 0.708008 0.716146 0.714844 0.716146 0.715820 0.714844 0.718750 0.714844 0.721680 0.712240 0.723633 0.712240 0.727539 0.709635 0.734375 0.701823 0.739258 0.690104 0.739258 0.679688 0.736328 0.673177 0.728516 0.667969 0.724609 0.662760 0.716797 0.657552 0.711914 0.652344 0.707031 0.649740 0.704102 0.645833 0.701172 0.645833 0.698242 0.648438 0.694336 0.648438 0.693359 0.647135
0 0.745117 0.667969 0.741211 0.678385 0.742188 0.680990 0.742188 0.687500 0.740234 0.691406 0.740234 0.694010 0.738281 0.699219 0.735352 0.703125 0.733398 0.709635 0.734375 0.712240 0.734375 0.718750 0.733398 0.720052 0.734375 0.725260 0.737305 0.729167 0.738281 0.729167 0.743164 0.736979 0.751953 0.744792 0.753906 0.744792 0.754883 0.746094 0.767578 0.746094 0.768555 0.744792 0.771484 0.744792 0.785156 0.730469 0.785156 0.705729 0.781250 0.697917 0.780273 0.694010 0.773438 0.683594 0.773438 0.682292 0.763672 0.670573 0.759766 0.667969
0 0.772461 0.747396 0.753906 0.747396 0.752930 0.746094 0.750000 0.746094 0.749023 0.744792 0.747070 0.744792 0.744141 0.748698 0.733398 0.755208 0.731445 0.757812 0.729492 0.763021 0.729492 0.768229 0.730469 0.769531 0.730469 0.773438 0.731445 0.774740 0.731445 0.777344 0.734375 0.782552 0.734375 0.785156 0.739258 0.790365 0.745117 0.794271 0.749023 0.794271 0.750000 0.795573 0.755859 0.795573 0.756836 0.794271 0.758789 0.794271 0.764648 0.790365 0.774414 0.774740 0.775391 0.772135 0.775391 0.769531 0.777344 0.764323 0.779297 0.761719 0.779297 0.756510 0.777344 0.755208 0.774414 0.750000 0.774414 0.748698
0 0.779297 0.742188 0.779297 0.747396 0.780273 0.748698 0.780273 0.751302 0.784180 0.757812 0.790039 0.761719 0.794922 0.768229 0.804688 0.773438 0.807617 0.773438 0.815430 0.768229 0.817383 0.768229 0.819336 0.765625 0.822266 0.764323 0.824219 0.761719 0.827148 0.760417 0.832031 0.755208 0.837891 0.751302 0.840820 0.744792 0.840820 0.739583 0.837891 0.731771 0.826172 0.717448 0.820312 0.717448 0.819336 0.716146 0.816406 0.716146 0.809570 0.710938 0.807617 0.710938 0.801758 0.707031 0.797852 0.707031 0.796875 0.705729 0.793945 0.705729 0.789062 0.710938 0.788086 0.726562 0.786133 0.730469 0.786133 0.733073 0.783203 0.735677
0 0.915039 0.722656 0.912109 0.718750 0.911133 0.714844 0.910156 0.714844 0.907227 0.709635 0.906250 0.710938 0.897461 0.710938 0.896484 0.712240 0.884766 0.712240 0.879883 0.716146 0.876953 0.720052 0.868164 0.720052 0.867188 0.721354 0.867188 0.723958 0.870117 0.729167 0.870117 0.731771 0.867188 0.739583 0.867188 0.751302 0.868164 0.752604 0.869141 0.757812 0.873047 0.761719 0.878906 0.763021 0.879883 0.764323 0.884766 0.764323 0.885742 0.765625 0.890625 0.765625 0.891602 0.766927 0.897461 0.766927 0.898438 0.768229 0.912109 0.768229 0.915039 0.764323 0.916016 0.746094 0.916992 0.744792 0.916992 0.734375 0.916016 0.733073 0.916016 0.726562 0.915039 0.725260
0 0.900391 0.769531 0.897461 0.769531 0.896484 0.768229 0.890625 0.768229 0.889648 0.766927 0.883789 0.766927 0.882812 0.765625 0.876953 0.765625 0.874023 0.763021 0.872070 0.763021 0.871094 0.761719 0.868164 0.761719 0.868164 0.764323 0.867188 0.765625 0.867188 0.766927 0.863281 0.772135 0.863281 0.773438 0.862305 0.774740 0.861328 0.783854 0.860352 0.785156 0.860352 0.787760 0.859375 0.789062 0.859375 0.807292 0.858398 0.808594 0.862305 0.813802 0.863281 0.813802 0.867188 0.817708 0.874023 0.817708 0.876953 0.813802 0.876953 0.812500 0.879883 0.808594 0.880859 0.808594 0.888672 0.798177 0.888672 0.796875 0.892578 0.791667 0.893555 0.791667 0.895508 0.789062 0.896484 0.789062 0.901367 0.782552 0.901367 0.781250 0.903320 0.778646 0.903320 0.776042
0 0.826172 0.778646 0.825195 0.778646 0.820312 0.785156 0.816406 0.786458 0.813477 0.783854 0.815430 0.779948 0.815430 0.777344 0.814453 0.774740 0.813477 0.774740 0.812500 0.776042 0.804688 0.777344 0.800781 0.782552 0.798828 0.782552 0.797852 0.783854 0.798828 0.786458 0.799805 0.785156 0.804688 0.785156 0.805664 0.786458 0.811523 0.785156 0.812500 0.786458 0.812500 0.789062 0.808594 0.791667 0.805664 0.795573 0.803711 0.804688 0.799805 0.809896 0.795898 0.824219 0.795898 0.829427 0.806641 0.842448 0.811523 0.842448 0.812500 0.841146 0.817383 0.839844 0.819336 0.834635 0.824219 0.833333 0.825195 0.832031 0.828125 0.832031 0.837891 0.825521 0.841797 0.820312 0.843750 0.815104 0.841797 0.808594 0.838867 0.789062 0.835938 0.787760 0.832031 0.782552 0.830078 0.782552
0 0.786133 0.839844 0.786133 0.845052 0.787109 0.846354 0.789062 0.845052 0.788086 0.842448 0.788086 0.839844 0.789062 0.838542 0.791016 0.838542 0.791992 0.839844 0.791016 0.851562 0.791992 0.851562 0.796875 0.859375 0.798828 0.859375 0.800781 0.861979 0.802734 0.861979 0.803711 0.863281 0.810547 0.863281 0.811523 0.864583 0.814453 0.864583 0.817383 0.860677 0.817383 0.859375 0.823242 0.852865 0.823242 0.851562 0.825195 0.848958 0.830078 0.846354 0.830078 0.845052 0.832031 0.842448 0.832031 0.834635 0.830078 0.830729 0.829102 0.832031 0.826172 0.832031 0.825195 0.833333 0.823242 0.833333 0.821289 0.834635 0.818359 0.839844 0.816406 0.839844 0.815430 0.841146 0.813477 0.841146 0.809570 0.843750 0.808594 0.842448 0.806641 0.842448 0.804688 0.841146 0.800781 0.835938 0.798828 0.835938 0.797852 0.834635 0.794922 0.834635 0.791016 0.830729 0.790039 0.830729 0.790039 0.832031 0.788086 0.834635 0.787109 0.834635 0.787109 0.838542
0 0.771484 0.804688 0.769531 0.804688 0.765625 0.802083 0.761719 0.802083 0.760742 0.800781 0.754883 0.800781 0.753906 0.802083 0.751953 0.802083 0.746094 0.817708 0.743164 0.821615 0.740234 0.822917 0.736328 0.826823 0.736328 0.837240 0.737305 0.838542 0.737305 0.841146 0.740234 0.846354 0.742188 0.852865 0.748047 0.861979 0.750977 0.861979 0.751953 0.863281 0.756836 0.863281 0.757812 0.861979 0.762695 0.861979 0.763672 0.860677 0.765625 0.860677 0.767578 0.859375 0.777344 0.846354 0.778320 0.846354 0.780273 0.843750 0.785156 0.830729 0.785156 0.828125 0.786133 0.826823 0.786133 0.820312 0.779297 0.811198 0.778320 0.811198
0 0.685547 0.867188 0.685547 0.873698 0.686523 0.875000 0.686523 0.878906 0.688477 0.881510 0.691406 0.882812 0.693359 0.885417 0.695312 0.885417 0.696289 0.886719 0.697266 0.886719 0.698242 0.888021 0.700195 0.888021 0.701172 0.889323 0.721680 0.889323 0.725586 0.885417 0.730469 0.882812 0.732422 0.880208 0.732422 0.878906 0.733398 0.877604 0.733398 0.875000 0.734375 0.873698 0.734375 0.871094 0.735352 0.869792 0.735352 0.861979 0.734375 0.860677 0.734375 0.854167 0.732422 0.851562 0.732422 0.850260 0.730469 0.850260 0.729492 0.851562 0.725586 0.851562 0.724609 0.850260 0.723633 0.851562 0.721680 0.851562 0.720703 0.852865 0.714844 0.852865 0.713867 0.851562 0.706055 0.851562 0.705078 0.850260 0.698242 0.850260 0.697266 0.848958 0.696289 0.850260 0.694336 0.850260 0.691406 0.852865 0.689453 0.859375 0.687500 0.861979 0.687500 0.863281
0 0.633789 0.765625 0.632812 0.768229 0.633789 0.783854 0.632812 0.785156 0.632812 0.789062 0.628906 0.792969 0.633789 0.800781 0.634766 0.804688 0.637695 0.807292 0.637695 0.809896 0.645508 0.816406 0.651367 0.816406 0.652344 0.817708 0.658203 0.816406 0.659180 0.817708 0.664062 0.817708 0.665039 0.816406 0.670898 0.816406 0.671875 0.815104 0.676758 0.813802 0.685547 0.804688 0.691406 0.792969 0.691406 0.787760 0.689453 0.783854 0.676758 0.766927 0.675781 0.766927 0.673828 0.763021 0.668945 0.761719 0.666992 0.765625 0.665039 0.765625 0.662109 0.760417 0.659180 0.759115 0.657227 0.756510 0.658203 0.753906 0.657227 0.751302 0.656250 0.752604 0.654297 0.752604 0.649414 0.757812 0.648438 0.756510 0.645508 0.756510 0.643555 0.759115 0.641602 0.759115 0.639648 0.761719 0.637695 0.761719
0 0.580078 0.722656 0.579102 0.725260 0.579102 0.730469 0.580078 0.731771 0.580078 0.734375 0.585938 0.748698 0.585938 0.751302 0.588867 0.760417 0.590820 0.763021 0.593750 0.772135 0.597656 0.777344 0.603516 0.778646 0.610352 0.773438 0.613281 0.776042 0.615234 0.776042 0.626953 0.761719 0.626953 0.760417 0.631836 0.752604 0.631836 0.750000 0.632812 0.748698 0.632812 0.738281 0.630859 0.733073 0.629883 0.725260 0.626953 0.721354 0.625000 0.721354 0.624023 0.722656 0.618164 0.722656 0.615234 0.720052 0.609375 0.718750 0.605469 0.716146 0.602539 0.712240 0.598633 0.712240 0.587891 0.718750 0.585938 0.721354 0.585938 0.723958 0.583008 0.729167 0.581055 0.726562
0 0.571289 0.764323 0.569336 0.769531 0.569336 0.772135 0.566406 0.778646 0.566406 0.782552 0.565430 0.783854 0.566406 0.785156 0.566406 0.798177 0.568359 0.800781 0.568359 0.803385 0.570312 0.808594 0.575195 0.813802 0.582031 0.813802 0.583008 0.815104 0.589844 0.815104 0.590820 0.816406 0.595703 0.816406 0.596680 0.815104 0.599609 0.815104 0.601562 0.813802 0.601562 0.812500 0.603516 0.809896 0.607422 0.808594 0.612305 0.802083 0.612305 0.800781 0.616211 0.795573 0.617188 0.792969 0.617188 0.783854 0.616211 0.781250 0.611328 0.776042 0.607422 0.777344 0.604492 0.779948 0.600586 0.779948 0.599609 0.778646 0.597656 0.778646 0.593750 0.773438 0.589844 0.764323 0.585938 0.760417 0.577148 0.760417 0.576172 0.759115 0.572266 0.764323
0 0.530273 0.761719 0.525391 0.766927 0.524414 0.766927 0.514648 0.778646 0.514648 0.783854 0.515625 0.785156 0.516602 0.791667 0.518555 0.794271 0.518555 0.796875 0.521484 0.804688 0.522461 0.804688 0.525391 0.809896 0.525391 0.811198 0.533203 0.820312 0.535156 0.820312 0.536133 0.821615 0.546875 0.821615 0.547852 0.820312 0.550781 0.820312 0.556641 0.815104 0.557617 0.811198 0.559570 0.808594 0.560547 0.802083 0.563477 0.794271 0.561523 0.776042 0.559570 0.774740 0.556641 0.774740 0.552734 0.777344 0.550781 0.774740 0.549805 0.769531 0.545898 0.764323 0.541992 0.761719 0.540039 0.761719 0.539062 0.760417 0.533203 0.760417 0.532227 0.761719
0 0.633789 0.858073 0.631836 0.860677 0.631836 0.864583 0.628906 0.872396 0.628906 0.875000 0.627930 0.876302 0.626953 0.881510 0.628906 0.886719 0.640625 0.903646 0.644531 0.912760 0.649414 0.916667 0.656250 0.917969 0.657227 0.916667 0.659180 0.916667 0.663086 0.914062 0.666016 0.910156 0.666992 0.910156 0.669922 0.903646 0.669922 0.901042 0.673828 0.890625 0.673828 0.885417 0.674805 0.884115 0.674805 0.876302 0.675781 0.875000 0.675781 0.868490 0.674805 0.865885 0.672852 0.863281 0.668945 0.865885 0.666016 0.865885 0.664062 0.863281 0.663086 0.859375 0.662109 0.859375 0.658203 0.855469 0.638672 0.855469 0.637695 0.856771
