0 0.318359 0.225260 0.317383 0.226562 0.313477 0.226562 0.308594 0.229167 0.303711 0.235677 0.299805 0.238281 0.297852 0.238281 0.294922 0.240885 0.293945 0.243490 0.293945 0.272135 0.299805 0.291667 0.300781 0.302083 0.302734 0.307292 0.311523 0.315104 0.313477 0.319010 0.319336 0.319010 0.320312 0.317708 0.324219 0.317708 0.329102 0.315104 0.340820 0.299479 0.340820 0.292969 0.338867 0.287760 0.337891 0.273438 0.336914 0.272135 0.336914 0.264323 0.335938 0.263021 0.335938 0.247396 0.333984 0.244792 0.329102 0.244792 0.327148 0.242188 0.328125 0.234375 0.329102 0.233073 0.329102 0.229167 0.328125 0.227865 0.319336 0.226562
0 0.287109 0.309896 0.282227 0.311198 0.276367 0.315104 0.268555 0.315104 0.262695 0.309896 0.257812 0.309896 0.254883 0.312500 0.250000 0.326823 0.247070 0.332031 0.247070 0.335938 0.244141 0.345052 0.244141 0.354167 0.246094 0.359375 0.246094 0.363281 0.247070 0.364583 0.249023 0.375000 0.253906 0.388021 0.255859 0.389323 0.259766 0.395833 0.265625 0.399740 0.269531 0.399740 0.270508 0.401042 0.271484 0.399740 0.274414 0.399740 0.277344 0.397135 0.277344 0.388021 0.278320 0.386719 0.279297 0.376302 0.284180 0.368490 0.284180 0.363281 0.283203 0.361979 0.284180 0.338542 0.288086 0.328125 0.289062 0.319010 0.290039 0.317708 0.290039 0.315104
0 0.364258 0.292969 0.348633 0.296875 0.341797 0.303385 0.341797 0.309896 0.340820 0.311198 0.340820 0.316406 0.337891 0.324219 0.336914 0.335938 0.329102 0.343750 0.327148 0.350260 0.326172 0.365885 0.325195 0.367188 0.325195 0.378906 0.326172 0.380208 0.326172 0.390625 0.329102 0.397135 0.337891 0.398438 0.338867 0.397135 0.351562 0.395833 0.356445 0.393229 0.373047 0.390625 0.378906 0.386719 0.380859 0.372396 0.384766 0.360677 0.387695 0.329427 0.385742 0.322917 0.377930 0.309896 0.376953 0.304688 0.374023 0.300781
0 0.333008 0.333333 0.329102 0.341146 0.329102 0.345052 0.327148 0.348958 0.327148 0.354167 0.326172 0.355469 0.326172 0.360677 0.325195 0.361979 0.325195 0.389323 0.326172 0.390625 0.326172 0.393229 0.331055 0.399740 0.333984 0.401042 0.334961 0.399740 0.336914 0.399740 0.340820 0.397135 0.346680 0.397135 0.347656 0.395833 0.350586 0.395833 0.351562 0.394531 0.354492 0.394531 0.355469 0.393229 0.359375 0.393229 0.360352 0.391927 0.365234 0.391927 0.364258 0.388021 0.362305 0.388021 0.361328 0.389323 0.358398 0.385417 0.356445 0.385417 0.354492 0.384115 0.349609 0.377604 0.349609 0.375000 0.343750 0.368490 0.342773 0.364583 0.340820 0.361979 0.340820 0.355469 0.338867 0.351562 0.338867 0.346354 0.336914 0.342448 0.336914 0.335938 0.334961 0.333333
0 0.258789 0.404948 0.257812 0.406250 0.253906 0.407552 0.250000 0.412760 0.243164 0.429688 0.243164 0.436198 0.244141 0.437500 0.244141 0.442708 0.245117 0.444010 0.245117 0.450521 0.246094 0.451823 0.246094 0.455729 0.250000 0.462240 0.250977 0.466146 0.253906 0.470052 0.255859 0.476562 0.261719 0.484375 0.261719 0.485677 0.265625 0.488281 0.271484 0.488281 0.282227 0.475260 0.282227 0.472656 0.283203 0.471354 0.282227 0.460938 0.281250 0.459635 0.281250 0.437500 0.280273 0.436198 0.280273 0.433594 0.278320 0.428385 0.276367 0.425781 0.273438 0.424479 0.268555 0.417969 0.268555 0.416667 0.267578 0.416667 0.264648 0.412760 0.264648 0.408854 0.262695 0.404948
0 0.317383 0.411458 0.312500 0.411458 0.303711 0.415365 0.297852 0.421875 0.297852 0.423177 0.282227 0.444010 0.282227 0.453125 0.284180 0.459635 0.284180 0.466146 0.287109 0.471354 0.287109 0.473958 0.291992 0.485677 0.301758 0.497396 0.301758 0.498698 0.307617 0.500000 0.308594 0.501302 0.314453 0.501302 0.315430 0.497396 0.317383 0.494792 0.318359 0.494792 0.319336 0.497396 0.325195 0.497396 0.326172 0.496094 0.325195 0.493490 0.324219 0.494792 0.319336 0.494792 0.318359 0.493490 0.320312 0.489583 0.323242 0.488281 0.326172 0.481771 0.326172 0.477865 0.327148 0.476562 0.326172 0.459635 0.327148 0.458333 0.327148 0.447917 0.328125 0.445312 0.327148 0.444010 0.326172 0.434896 0.323242 0.429688 0.322266 0.415365 0.320312 0.412760
0 0.338867 0.399740 0.334961 0.402344 0.325195 0.414062 0.326172 0.416667 0.326172 0.430990 0.329102 0.436198 0.330078 0.444010 0.334961 0.455729 0.334961 0.458333 0.336914 0.463542 0.336914 0.467448 0.339844 0.471354 0.349609 0.479167 0.362305 0.479167 0.363281 0.480469 0.365234 0.480469 0.367188 0.477865 0.369141 0.468750 0.372070 0.464844 0.374023 0.459635 0.374023 0.445312 0.376953 0.436198 0.376953 0.432292 0.374023 0.424479 0.374023 0.421875 0.370117 0.414062 0.366211 0.408854 0.366211 0.406250 0.363281 0.399740 0.359375 0.397135 0.347656 0.397135 0.346680 0.398438 0.341797 0.398438 0.340820 0.399740
0 0.290039 0.490885 0.286133 0.493490 0.283203 0.493490 0.281250 0.496094 0.280273 0.496094 0.275391 0.503906 0.275391 0.510417 0.276367 0.511719 0.276367 0.546875 0.280273 0.557292 0.285156 0.563802 0.286133 0.563802 0.291016 0.569010 0.298828 0.571615 0.302734 0.569010 0.304688 0.566406 0.307617 0.565104 0.312500 0.557292 0.312500 0.550781 0.311523 0.549479 0.311523 0.540365 0.312500 0.539062 0.312500 0.532552 0.314453 0.528646 0.312500 0.523438 0.312500 0.514323 0.313477 0.513021 0.314453 0.506510 0.312500 0.506510 0.311523 0.505208 0.307617 0.505208 0.303711 0.501302 0.300781 0.500000 0.293945 0.490885
0 0.352539 0.501302 0.351562 0.502604 0.346680 0.502604 0.345703 0.503906 0.340820 0.505208 0.334961 0.510417 0.331055 0.515625 0.331055 0.516927 0.327148 0.520833 0.327148 0.523438 0.326172 0.524740 0.326172 0.531250 0.327148 0.532552 0.327148 0.542969 0.331055 0.552083 0.333008 0.553385 0.339844 0.563802 0.339844 0.569010 0.342773 0.575521 0.343750 0.580729 0.348633 0.585938 0.359375 0.585938 0.360352 0.584635 0.365234 0.584635 0.371094 0.576823 0.372070 0.576823 0.375000 0.571615 0.375000 0.567708 0.361328 0.539062 0.361328 0.535156 0.360352 0.533854 0.359375 0.526042 0.358398 0.524740 0.358398 0.510417 0.359375 0.509115 0.359375 0.502604 0.354492 0.502604
0 0.363281 0.494792 0.361328 0.498698 0.361328 0.503906 0.360352 0.505208 0.360352 0.510417 0.359375 0.511719 0.359375 0.524740 0.360352 0.526042 0.360352 0.529948 0.362305 0.533854 0.362305 0.539062 0.367188 0.546875 0.368164 0.552083 0.377930 0.566406 0.384766 0.571615 0.388672 0.571615 0.392578 0.575521 0.397461 0.574219 0.398438 0.570312 0.402344 0.566406 0.406250 0.553385 0.409180 0.549479 0.409180 0.541667 0.408203 0.540365 0.408203 0.535156 0.407227 0.533854 0.407227 0.523438 0.406250 0.522135 0.405273 0.515625 0.399414 0.511719 0.396484 0.507812 0.396484 0.506510 0.394531 0.505208 0.391602 0.494792 0.391602 0.490885 0.390625 0.489583 0.375000 0.489583 0.374023 0.490885 0.370117 0.490885 0.367188 0.493490
0 0.444336 0.417969 0.429688 0.417969 0.415039 0.424479 0.410156 0.424479 0.402344 0.428385 0.397461 0.434896 0.395508 0.447917 0.391602 0.458333 0.391602 0.483073 0.394531 0.497396 0.399414 0.509115 0.413086 0.515625 0.433594 0.516927 0.438477 0.511719 0.437500 0.506510 0.444336 0.493490 0.443359 0.485677 0.447266 0.475260 0.447266 0.468750 0.449219 0.464844 0.450195 0.450521 0.447266 0.449219 0.444336 0.454427 0.445312 0.466146 0.440430 0.470052 0.439453 0.472656 0.438477 0.471354 0.438477 0.464844 0.440430 0.462240 0.440430 0.458333 0.438477 0.455729 0.438477 0.445312 0.440430 0.442708 0.444336 0.441406 0.447266 0.436198 0.450195 0.437500 0.450195 0.432292 0.446289 0.425781
0 0.299805 0.582031 0.293945 0.582031 0.289062 0.585938 0.286133 0.585938 0.279297 0.589844 0.272461 0.591146 0.270508 0.592448 0.265625 0.600260 0.266602 0.618490 0.267578 0.619792 0.267578 0.636719 0.268555 0.638021 0.268555 0.643229 0.269531 0.644531 0.269531 0.651042 0.268555 0.653646 0.272461 0.664062 0.276367 0.667969 0.278320 0.673177 0.281250 0.675781 0.283203 0.675781 0.284180 0.673177 0.287109 0.670573 0.291016 0.670573 0.291992 0.669271 0.294922 0.669271 0.299805 0.666667 0.301758 0.664062 0.301758 0.661458 0.303711 0.657552 0.302734 0.656250 0.303711 0.647135 0.302734 0.645833 0.302734 0.640625 0.300781 0.634115 0.299805 0.609375 0.298828 0.608073 0.298828 0.604167 0.299805 0.602865 0.299805 0.588542 0.300781 0.587240
0 0.357422 0.707031 0.348633 0.708333 0.347656 0.712240 0.344727 0.714844 0.337891 0.714844 0.335938 0.716146 0.332031 0.721354 0.331055 0.731771 0.328125 0.740885 0.328125 0.766927 0.331055 0.772135 0.330078 0.783854 0.333984 0.791667 0.333984 0.799479 0.336914 0.804688 0.339844 0.804688 0.344727 0.808594 0.349609 0.808594 0.352539 0.805990 0.356445 0.805990 0.359375 0.803385 0.369141 0.799479 0.373047 0.794271 0.375977 0.794271 0.374023 0.782552 0.371094 0.777344 0.369141 0.757812 0.366211 0.752604 0.365234 0.746094 0.362305 0.743490 0.360352 0.738281 0.360352 0.734375 0.357422 0.730469 0.357422 0.726562 0.355469 0.722656 0.355469 0.720052 0.357422 0.717448
0 0.330078 0.664062 0.328125 0.664062 0.324219 0.666667 0.322266 0.669271 0.321289 0.669271 0.315430 0.677083 0.315430 0.678385 0.311523 0.683594 0.309570 0.688802 0.309570 0.694010 0.307617 0.699219 0.307617 0.714844 0.310547 0.717448 0.312500 0.725260 0.313477 0.725260 0.319336 0.733073 0.320312 0.733073 0.324219 0.736979 0.326172 0.736979 0.328125 0.734375 0.328125 0.731771 0.329102 0.730469 0.331055 0.720052 0.333984 0.716146 0.341797 0.710938 0.342773 0.709635 0.342773 0.707031 0.346680 0.701823 0.350586 0.700521 0.351562 0.699219 0.351562 0.694010 0.350586 0.692708 0.349609 0.687500 0.345703 0.683594 0.342773 0.683594 0.339844 0.679688 0.339844 0.674479 0.338867 0.673177 0.334961 0.673177 0.330078 0.669271
0 0.383789 0.574219 0.382812 0.575521 0.382812 0.578125 0.379883 0.585938 0.379883 0.613281 0.380859 0.614583 0.381836 0.621094 0.388672 0.628906 0.390625 0.635417 0.392578 0.638021 0.392578 0.641927 0.396484 0.644531 0.400391 0.639323 0.401367 0.634115 0.402344 0.632812 0.402344 0.630208 0.404297 0.625000 0.406250 0.622396 0.407227 0.622396 0.407227 0.621094 0.412109 0.614583 0.413086 0.610677 0.420898 0.600260 0.419922 0.598958 0.419922 0.596354 0.415039 0.589844 0.410156 0.575521 0.406250 0.574219 0.405273 0.575521 0.400391 0.575521 0.399414 0.576823 0.394531 0.576823 0.392578 0.578125 0.388672 0.574219
0 0.437500 0.596354 0.436523 0.597656 0.426758 0.598958 0.419922 0.604167 0.415039 0.610677 0.414062 0.614583 0.404297 0.630208 0.403320 0.634115 0.403320 0.643229 0.407227 0.658854 0.416992 0.674479 0.428711 0.684896 0.431641 0.686198 0.436523 0.691406 0.442383 0.691406 0.445312 0.690104 0.449219 0.682292 0.449219 0.678385 0.452148 0.666667 0.452148 0.647135 0.451172 0.645833 0.451172 0.636719 0.448242 0.635417 0.446289 0.632812 0.445312 0.622396 0.442383 0.618490 0.439453 0.619792 0.436523 0.614583 0.433594 0.611979 0.433594 0.609375 0.435547 0.605469 0.438477 0.605469 0.444336 0.601562 0.444336 0.600260
0 0.447266 0.694010 0.444336 0.701823 0.437500 0.709635 0.439453 0.735677 0.442383 0.743490 0.442383 0.746094 0.446289 0.751302 0.447266 0.756510 0.452148 0.763021 0.453125 0.763021 0.458984 0.770833 0.465820 0.774740 0.469727 0.779948 0.474609 0.782552 0.478516 0.782552 0.482422 0.779948 0.490234 0.768229 0.490234 0.761719 0.488281 0.761719 0.485352 0.759115 0.485352 0.756510 0.486328 0.755208 0.486328 0.740885 0.485352 0.739583 0.484375 0.721354 0.483398 0.720052 0.482422 0.708333 0.481445 0.705729 0.477539 0.703125 0.474609 0.699219 0.469727 0.699219 0.465820 0.696615 0.455078 0.697917
0 0.399414 0.792969 0.395508 0.802083 0.395508 0.807292 0.393555 0.812500 0.393555 0.821615 0.391602 0.828125 0.390625 0.843750 0.392578 0.850260 0.392578 0.855469 0.395508 0.858073 0.396484 0.861979 0.399414 0.865885 0.401367 0.871094 0.404297 0.875000 0.408203 0.877604 0.412109 0.877604 0.415039 0.880208 0.419922 0.878906 0.421875 0.876302 0.424805 0.876302 0.425781 0.875000 0.427734 0.876302 0.431641 0.876302 0.432617 0.877604 0.441406 0.877604 0.443359 0.876302 0.443359 0.871094 0.445312 0.867188 0.442383 0.860677 0.443359 0.850260 0.438477 0.846354 0.438477 0.842448 0.435547 0.834635 0.427734 0.826823 0.424805 0.820312 0.424805 0.817708 0.421875 0.813802 0.421875 0.811198 0.419922 0.808594 0.408203 0.800781 0.402344 0.800781 0.401367 0.798177 0.404297 0.792969 0.403320 0.791667 0.402344 0.792969
0 0.504883 0.796875 0.502930 0.802083 0.488281 0.819010 0.487305 0.822917 0.487305 0.834635 0.491211 0.843750 0.492188 0.852865 0.498047 0.868490 0.500977 0.873698 0.504883 0.877604 0.504883 0.881510 0.506836 0.884115 0.508789 0.890625 0.516602 0.902344 0.518555 0.902344 0.521484 0.904948 0.528320 0.897135 0.534180 0.894531 0.544922 0.876302 0.544922 0.871094 0.543945 0.869792 0.543945 0.865885 0.544922 0.864583 0.544922 0.850260 0.537109 0.838542 0.536133 0.832031 0.530273 0.820312 0.524414 0.813802 0.519531 0.811198 0.508789 0.799479
0 0.527344 0.716146 0.521484 0.720052 0.509766 0.736979 0.506836 0.746094 0.504883 0.759115 0.501953 0.763021 0.500977 0.779948 0.502930 0.787760 0.511719 0.800781 0.524414 0.812500 0.527344 0.813802 0.534180 0.821615 0.538086 0.822917 0.546875 0.819010 0.550781 0.813802 0.555664 0.799479 0.557617 0.798177 0.557617 0.791667 0.553711 0.779948 0.552734 0.768229 0.545898 0.753906 0.546875 0.735677 0.542969 0.733073 0.538086 0.726562 0.536133 0.720052 0.532227 0.716146
0 0.558594 0.625000 0.552734 0.626302 0.555664 0.630208 0.557617 0.636719 0.555664 0.640625 0.552734 0.639323 0.545898 0.630208 0.545898 0.626302 0.541016 0.626302 0.537109 0.630208 0.529297 0.634115 0.524414 0.634115 0.521484 0.636719 0.516602 0.653646 0.514648 0.667969 0.514648 0.679688 0.527344 0.703125 0.530273 0.710938 0.540039 0.721354 0.543945 0.730469 0.548828 0.733073 0.561523 0.731771 0.566406 0.726562 0.576172 0.721354 0.579102 0.714844 0.578125 0.713542 0.576172 0.680990 0.569336 0.673177 0.569336 0.662760 0.563477 0.641927 0.563477 0.635417 0.560547 0.632812 0.560547 0.627604
0 0.497070 0.591146 0.493164 0.593750 0.493164 0.595052 0.483398 0.609375 0.481445 0.618490 0.478516 0.625000 0.478516 0.632812 0.479492 0.634115 0.479492 0.638021 0.483398 0.653646 0.486328 0.657552 0.505859 0.670573 0.509766 0.674479 0.512695 0.674479 0.514648 0.654948 0.517578 0.647135 0.519531 0.638021 0.523438 0.632812 0.525391 0.631510 0.530273 0.631510 0.540039 0.623698 0.541016 0.619792 0.539062 0.617188 0.535156 0.617188 0.533203 0.618490 0.531250 0.615885 0.529297 0.609375 0.525391 0.606771 0.516602 0.606771 0.513672 0.605469 0.507812 0.600260 0.502930 0.592448 0.500977 0.591146
0 0.537109 0.501302 0.515625 0.502604 0.513672 0.507812 0.510742 0.507812 0.509766 0.506510 0.510742 0.502604 0.508789 0.502604 0.507812 0.506510 0.497070 0.513021 0.489258 0.520833 0.485352 0.527344 0.484375 0.539062 0.485352 0.553385 0.487305 0.559896 0.497070 0.574219 0.505859 0.595052 0.513672 0.604167 0.520508 0.605469 0.529297 0.600260 0.533203 0.600260 0.541016 0.591146 0.544922 0.583333 0.544922 0.557292 0.539062 0.548177 0.537109 0.539062 0.526367 0.523438 0.526367 0.514323 0.530273 0.511719 0.528320 0.510417 0.524414 0.513021 0.519531 0.506510 0.521484 0.503906 0.533203 0.505208 0.537109 0.513021 0.541992 0.514323 0.543945 0.516927 0.543945 0.511719
0 0.488281 0.500000 0.476562 0.501302 0.469727 0.506510 0.464844 0.507812 0.461914 0.510417 0.459961 0.514323 0.455078 0.518229 0.451172 0.526042 0.451172 0.539062 0.450195 0.540365 0.450195 0.546875 0.449219 0.548177 0.449219 0.555990 0.458008 0.580729 0.479492 0.602865 0.484375 0.601562 0.493164 0.589844 0.493164 0.587240 0.496094 0.580729 0.495117 0.572917 0.486328 0.559896 0.484375 0.554688 0.484375 0.542969 0.483398 0.541667 0.484375 0.527344 0.486328 0.522135 0.496094 0.511719 0.495117 0.507812
0 0.486328 0.415365 0.480469 0.421875 0.477539 0.423177 0.475586 0.427083 0.475586 0.436198 0.476562 0.437500 0.476562 0.458333 0.477539 0.459635 0.476562 0.460938 0.475586 0.471354 0.476562 0.475260 0.482422 0.483073 0.483398 0.486979 0.489258 0.497396 0.493164 0.501302 0.504883 0.501302 0.510742 0.497396 0.514648 0.492188 0.522461 0.486979 0.526367 0.481771 0.528320 0.475260 0.529297 0.464844 0.531250 0.460938 0.532227 0.446615 0.528320 0.436198 0.528320 0.433594 0.524414 0.428385 0.522461 0.427083 0.513672 0.427083 0.512695 0.425781 0.508789 0.425781 0.494141 0.419271 0.490234 0.415365
0 0.454102 0.313802 0.427734 0.350260 0.426758 0.352865 0.425781 0.382812 0.436523 0.401042 0.443359 0.407552 0.454102 0.414062 0.465820 0.414062 0.479492 0.402344 0.479492 0.395833 0.480469 0.394531 0.477539 0.381510 0.477539 0.364583 0.480469 0.351562 0.476562 0.347656 0.469727 0.326823 0.471680 0.324219 0.472656 0.319010 0.474609 0.317708 0.480469 0.325521 0.479492 0.329427 0.481445 0.332031 0.483398 0.330729 0.484375 0.322917 0.483398 0.319010 0.478516 0.315104
0 0.519531 0.315104 0.512695 0.319010 0.508789 0.319010 0.501953 0.324219 0.488281 0.347656 0.482422 0.354167 0.478516 0.369792 0.479492 0.382812 0.483398 0.390625 0.485352 0.406250 0.488281 0.411458 0.494141 0.416667 0.508789 0.423177 0.521484 0.423177 0.530273 0.417969 0.533203 0.423177 0.543945 0.408854 0.543945 0.404948 0.541016 0.406250 0.539062 0.403646 0.542969 0.398438 0.542969 0.388021 0.540039 0.378906 0.541016 0.361979 0.538086 0.355469 0.537109 0.346354 0.529297 0.335938 0.527344 0.324219 0.524414 0.320312 0.525391 0.317708 0.530273 0.315104
0 0.553711 0.410156 0.544922 0.414062 0.541016 0.420573 0.540039 0.429688 0.531250 0.463542 0.530273 0.481771 0.536133 0.488281 0.545898 0.507812 0.552734 0.516927 0.562500 0.520833 0.566406 0.519531 0.572266 0.520833 0.582031 0.514323 0.588867 0.513021 0.592773 0.507812 0.592773 0.502604 0.600586 0.485677 0.600586 0.472656 0.598633 0.467448 0.595703 0.468750 0.590820 0.459635 0.585938 0.445312 0.583984 0.434896 0.581055 0.429688 0.574219 0.425781 0.566406 0.415365 0.563477 0.414062 0.560547 0.410156
0 0.477539 0.221354 0.470703 0.227865 0.468750 0.238281 0.465820 0.246094 0.464844 0.259115 0.463867 0.260417 0.463867 0.274740 0.464844 0.276042 0.464844 0.279948 0.473633 0.299479 0.474609 0.299479 0.477539 0.304688 0.480469 0.312500 0.486328 0.316406 0.492188 0.315104 0.495117 0.312500 0.500977 0.312500 0.504883 0.315104 0.508789 0.313802 0.509766 0.311198 0.509766 0.304688 0.514648 0.296875 0.519531 0.279948 0.520508 0.248698 0.521484 0.247396 0.520508 0.240885 0.515625 0.230469 0.506836 0.221354 0.502930 0.221354 0.501953 0.220052 0.496094 0.220052 0.495117 0.221354 0.492188 0.221354 0.491211 0.220052 0.480469 0.220052
0 0.513672 0.104167 0.495117 0.102865 0.487305 0.110677 0.485352 0.110677 0.482422 0.114583 0.475586 0.118490 0.468750 0.127604 0.467773 0.143229 0.465820 0.148438 0.465820 0.158854 0.464844 0.160156 0.465820 0.195312 0.469727 0.205729 0.484375 0.216146 0.489258 0.217448 0.494141 0.216146 0.502930 0.209635 0.506836 0.204427 0.514648 0.199219 0.527344 0.179688 0.530273 0.164062 0.529297 0.135417 0.527344 0.130208 0.521484 0.122396 0.515625 0.121094 0.514648 0.118490 0.515625 0.113281 0.521484 0.111979 0.521484 0.110677 0.519531 0.110677
0 0.627930 0.135417 0.619141 0.134115 0.601562 0.135417 0.586914 0.140625 0.568359 0.182292 0.565430 0.208333 0.566406 0.217448 0.578125 0.240885 0.587891 0.253906 0.592773 0.257812 0.602539 0.259115 0.622070 0.251302 0.625977 0.253906 0.631836 0.252604 0.625977 0.250000 0.624023 0.247396 0.624023 0.242188 0.627930 0.230469 0.631836 0.225260 0.631836 0.222656 0.638672 0.210938 0.643555 0.197917 0.644531 0.188802 0.648438 0.175781 0.648438 0.166667 0.645508 0.157552 0.645508 0.149740 0.641602 0.147135 0.638672 0.152344 0.631836 0.143229 0.630859 0.138021
0 0.555664 0.213542 0.551758 0.221354 0.546875 0.236979 0.542969 0.243490 0.541992 0.255208 0.548828 0.268229 0.554688 0.290365 0.559570 0.298177 0.559570 0.304688 0.563477 0.309896 0.565430 0.309896 0.568359 0.307292 0.580078 0.307292 0.587891 0.309896 0.593750 0.307292 0.597656 0.302083 0.603516 0.299479 0.604492 0.298177 0.601562 0.292969 0.602539 0.289062 0.605469 0.286458 0.605469 0.283854 0.608398 0.278646 0.611328 0.260417 0.609375 0.259115 0.594727 0.260417 0.589844 0.257812 0.580078 0.246094 0.578125 0.240885 0.565430 0.223958 0.564453 0.220052 0.558594 0.213542
0 0.586914 0.324219 0.581055 0.332031 0.574219 0.335938 0.569336 0.343750 0.563477 0.358073 0.560547 0.369792 0.559570 0.391927 0.563477 0.408854 0.574219 0.423177 0.583008 0.425781 0.587891 0.430990 0.594727 0.434896 0.607422 0.436198 0.621094 0.429688 0.630859 0.417969 0.627930 0.414062 0.621094 0.414062 0.619141 0.407552 0.616211 0.410156 0.613281 0.408854 0.613281 0.403646 0.617188 0.398438 0.615234 0.386719 0.619141 0.381510 0.622070 0.382812 0.623047 0.380208 0.625000 0.351562 0.623047 0.346354 0.618164 0.346354 0.606445 0.333333 0.599609 0.330729 0.600586 0.328125 0.606445 0.324219 0.594727 0.325521 0.592773 0.322917
0 0.637695 0.434896 0.630859 0.444010 0.625977 0.447917 0.621094 0.449219 0.612305 0.458333 0.608398 0.459635 0.604492 0.464844 0.603516 0.484375 0.606445 0.493490 0.606445 0.502604 0.608398 0.507812 0.610352 0.522135 0.615234 0.535156 0.622070 0.542969 0.627930 0.546875 0.633789 0.554688 0.642578 0.555990 0.646484 0.552083 0.654297 0.550781 0.663086 0.545573 0.668945 0.536458 0.675781 0.529948 0.675781 0.526042 0.677734 0.523438 0.677734 0.515625 0.674805 0.506510 0.673828 0.497396 0.670898 0.492188 0.669922 0.486979 0.666016 0.481771 0.666016 0.476562 0.662109 0.468750 0.662109 0.464844 0.650391 0.453125 0.645508 0.445312 0.642578 0.444010 0.645508 0.442708 0.646484 0.440104 0.644531 0.437500
0 0.574219 0.523438 0.571289 0.532552 0.571289 0.544271 0.570312 0.545573 0.570312 0.555990 0.571289 0.557292 0.570312 0.575521 0.571289 0.578125 0.581055 0.589844 0.582031 0.593750 0.586914 0.600260 0.589844 0.606771 0.596680 0.606771 0.602539 0.609375 0.612305 0.609375 0.619141 0.606771 0.628906 0.588542 0.639648 0.574219 0.640625 0.566406 0.638672 0.561198 0.615234 0.537760 0.611328 0.529948 0.609375 0.520833 0.607422 0.516927 0.587891 0.516927
0 0.618164 0.622396 0.615234 0.627604 0.611328 0.627604 0.606445 0.630208 0.593750 0.645833 0.592773 0.652344 0.595703 0.662760 0.596680 0.677083 0.606445 0.712240 0.609375 0.716146 0.617188 0.721354 0.631836 0.727865 0.638672 0.733073 0.658203 0.721354 0.661133 0.717448 0.665039 0.705729 0.665039 0.699219 0.666992 0.696615 0.667969 0.690104 0.670898 0.683594 0.667969 0.677083 0.664062 0.674479 0.653320 0.661458 0.646484 0.657552 0.641602 0.658854 0.637695 0.653646 0.635742 0.643229 0.625000 0.630208 0.624023 0.626302 0.621094 0.622396
0 0.713867 0.667969 0.686523 0.686198 0.672852 0.714844 0.672852 0.720052 0.679688 0.740885 0.678711 0.747396 0.682617 0.751302 0.680664 0.756510 0.681641 0.764323 0.690430 0.773438 0.698242 0.789062 0.703125 0.789062 0.703125 0.786458 0.698242 0.783854 0.703125 0.781250 0.718750 0.789062 0.733398 0.790365 0.756836 0.773438 0.761719 0.766927 0.765625 0.751302 0.764648 0.727865 0.762695 0.726562 0.758789 0.731771 0.754883 0.729167 0.743164 0.709635 0.746094 0.705729 0.750977 0.705729 0.759766 0.712240 0.765625 0.705729 0.766602 0.700521 0.763672 0.690104 0.755859 0.678385 0.751953 0.667969 0.747070 0.670573 0.743164 0.669271 0.740234 0.673177 0.731445 0.675781 0.728516 0.680990 0.723633 0.680990 0.717773 0.667969
0 0.650391 0.567708 0.634766 0.582031 0.625977 0.597656 0.622070 0.610677 0.623047 0.621094 0.639648 0.645833 0.646484 0.651042 0.649414 0.657552 0.656250 0.661458 0.666992 0.674479 0.669922 0.675781 0.674805 0.683594 0.683594 0.684896 0.690430 0.678385 0.703125 0.670573 0.709961 0.661458 0.710938 0.651042 0.713867 0.643229 0.715820 0.631510 0.714844 0.609375 0.712891 0.606771 0.705078 0.604167 0.692383 0.584635 0.682617 0.576823 0.668945 0.570312 0.658203 0.571615 0.656250 0.566406
0 0.768555 0.605469 0.765625 0.610677 0.765625 0.618490 0.758789 0.638021 0.758789 0.662760 0.756836 0.669271 0.766602 0.690104 0.777344 0.704427 0.781250 0.714844 0.791016 0.722656 0.802734 0.723958 0.817383 0.721354 0.833008 0.714844 0.841797 0.707031 0.857422 0.678385 0.847656 0.670573 0.847656 0.666667 0.842773 0.653646 0.835938 0.647135 0.834961 0.641927 0.825195 0.634115 0.801758 0.604167 0.787109 0.602865 0.785156 0.600260 0.787109 0.597656 0.795898 0.596354 0.794922 0.593750 0.791016 0.596354 0.782227 0.596354 0.779297 0.601562
0 0.760742 0.470052 0.752930 0.471354 0.746094 0.479167 0.724609 0.492188 0.712891 0.506510 0.712891 0.511719 0.715820 0.515625 0.711914 0.533854 0.711914 0.548177 0.714844 0.554688 0.714844 0.569010 0.721680 0.585938 0.736328 0.600260 0.752930 0.601562 0.758789 0.597656 0.768555 0.598958 0.793945 0.585938 0.797852 0.580729 0.801758 0.559896 0.807617 0.549479 0.801758 0.536458 0.799805 0.524740 0.796875 0.518229 0.795898 0.507812 0.787109 0.501302 0.778320 0.489583 0.752930 0.485677 0.749023 0.481771 0.755859 0.473958 0.759766 0.473958 0.764648 0.477865
0 0.906250 0.513021 0.889648 0.503906 0.880859 0.502604 0.872070 0.505208 0.863281 0.503906 0.850586 0.507812 0.843750 0.507812 0.820312 0.518229 0.815430 0.523438 0.813477 0.542969 0.818359 0.569010 0.824219 0.583333 0.836914 0.600260 0.847656 0.606771 0.851562 0.614583 0.858398 0.614583 0.861328 0.611979 0.891602 0.610677 0.902344 0.606771 0.905273 0.601562 0.906250 0.595052 0.914062 0.592448 0.917969 0.587240 0.919922 0.580729 0.919922 0.575521 0.915039 0.566406 0.913086 0.536458 0.909180 0.528646 0.909180 0.518229
0 0.794922 0.367188 0.796875 0.371094 0.795898 0.372396 0.786133 0.371094 0.775391 0.384115 0.754883 0.401042 0.750977 0.408854 0.751953 0.440104 0.759766 0.463542 0.775391 0.477865 0.780273 0.485677 0.781250 0.490885 0.787109 0.498698 0.802734 0.506510 0.813477 0.507812 0.833984 0.498698 0.843750 0.490885 0.847656 0.472656 0.850586 0.466146 0.850586 0.454427 0.847656 0.436198 0.841797 0.419271 0.839844 0.403646 0.833984 0.395833 0.830078 0.394531 0.824219 0.388021 0.818359 0.377604 0.805664 0.377604 0.803711 0.371094 0.798828 0.367188
0 0.733398 0.251302 0.735352 0.253906 0.735352 0.263021 0.727539 0.272135 0.726562 0.289062 0.719727 0.304688 0.719727 0.312500 0.734375 0.341146 0.734375 0.351562 0.737305 0.355469 0.747070 0.355469 0.755859 0.363281 0.774414 0.363281 0.794922 0.352865 0.813477 0.335938 0.815430 0.326823 0.814453 0.277344 0.808594 0.265625 0.802734 0.264323 0.794922 0.253906 0.766602 0.243490 0.757812 0.244792 0.750977 0.242188 0.747070 0.244792 0.743164 0.240885 0.741211 0.248698 0.735352 0.248698
0 0.715820 0.253906 0.710938 0.253906 0.701172 0.246094 0.692383 0.243490 0.684570 0.243490 0.681641 0.246094 0.671875 0.248698 0.666016 0.256510 0.662109 0.256510 0.658203 0.261719 0.657227 0.273438 0.653320 0.285156 0.651367 0.299479 0.653320 0.330729 0.655273 0.335938 0.659180 0.341146 0.664062 0.342448 0.675781 0.351562 0.687500 0.351562 0.696289 0.348958 0.712891 0.337240 0.719727 0.334635 0.723633 0.324219 0.722656 0.320312 0.717773 0.313802 0.720703 0.296875 0.723633 0.292969 0.723633 0.283854 0.724609 0.282552 0.724609 0.273438 0.719727 0.268229 0.717773 0.263021 0.720703 0.257812
