0 0.130859 0.518229 0.119141 0.523438 0.112305 0.532552 0.109375 0.533854 0.096680 0.548177 0.091797 0.549479 0.089844 0.552083 0.086914 0.553385 0.085938 0.555990 0.085938 0.561198 0.093750 0.580729 0.099609 0.588542 0.104492 0.591146 0.110352 0.597656 0.123047 0.606771 0.134766 0.606771 0.135742 0.605469 0.138672 0.605469 0.141602 0.602865 0.144531 0.596354 0.156250 0.583333 0.158203 0.578125 0.158203 0.572917 0.155273 0.561198 0.155273 0.552083 0.150391 0.537760 0.139648 0.524740 0.131836 0.520833
0 0.191406 0.621094 0.187500 0.615885 0.177734 0.608073 0.173828 0.608073 0.169922 0.613281 0.158203 0.614583 0.154297 0.618490 0.151367 0.619792 0.148438 0.623698 0.145508 0.625000 0.141602 0.630208 0.140625 0.636719 0.138672 0.641927 0.138672 0.662760 0.144531 0.675781 0.148438 0.678385 0.168945 0.678385 0.169922 0.677083 0.192383 0.674479 0.197266 0.670573 0.199219 0.664062 0.200195 0.654948 0.199219 0.653646 0.199219 0.647135 0.197266 0.640625 0.190430 0.631510 0.192383 0.628906
0 0.212891 0.596354 0.211914 0.598958 0.202148 0.610677 0.199219 0.619792 0.196289 0.623698 0.194336 0.628906 0.194336 0.632812 0.200195 0.640625 0.203125 0.647135 0.207031 0.649740 0.210938 0.654948 0.214844 0.657552 0.216797 0.657552 0.220703 0.661458 0.223633 0.661458 0.227539 0.666667 0.227539 0.667969 0.240234 0.666667 0.250000 0.660156 0.256836 0.651042 0.259766 0.643229 0.259766 0.639323 0.261719 0.635417 0.261719 0.632812 0.259766 0.627604 0.259766 0.622396 0.255859 0.611979 0.251953 0.609375 0.249023 0.604167 0.232422 0.596354 0.225586 0.600260 0.223633 0.600260 0.219727 0.597656 0.216797 0.597656 0.215820 0.596354
0 0.274414 0.631510 0.270508 0.634115 0.267578 0.638021 0.266602 0.641927 0.263672 0.645833 0.263672 0.647135 0.251953 0.662760 0.250000 0.664062 0.250000 0.666667 0.249023 0.667969 0.250000 0.674479 0.252930 0.675781 0.262695 0.687500 0.262695 0.691406 0.259766 0.699219 0.263672 0.699219 0.267578 0.696615 0.268555 0.697917 0.272461 0.697917 0.275391 0.700521 0.283203 0.700521 0.284180 0.701823 0.293945 0.700521 0.309570 0.680990 0.311523 0.675781 0.311523 0.667969 0.310547 0.666667 0.310547 0.664062 0.306641 0.653646 0.303711 0.649740 0.298828 0.645833 0.291992 0.635417 0.287109 0.632812
0 0.310547 0.684896 0.301758 0.704427 0.301758 0.712240 0.304688 0.721354 0.310547 0.729167 0.312500 0.734375 0.317383 0.740885 0.318359 0.740885 0.325195 0.748698 0.327148 0.748698 0.328125 0.750000 0.333984 0.750000 0.336914 0.753906 0.339844 0.753906 0.344727 0.750000 0.351562 0.748698 0.353516 0.746094 0.353516 0.738281 0.354492 0.736979 0.354492 0.730469 0.355469 0.729167 0.355469 0.722656 0.356445 0.721354 0.356445 0.714844 0.357422 0.713542 0.357422 0.707031 0.359375 0.701823 0.359375 0.697917 0.351562 0.687500 0.337891 0.678385 0.333008 0.678385 0.332031 0.677083 0.321289 0.677083 0.317383 0.679688 0.314453 0.683594
0 0.298828 0.572917 0.293945 0.579427 0.293945 0.582031 0.286133 0.601562 0.286133 0.609375 0.285156 0.610677 0.286133 0.611979 0.287109 0.618490 0.291992 0.625000 0.293945 0.632812 0.298828 0.639323 0.301758 0.639323 0.304688 0.643229 0.305664 0.647135 0.309570 0.651042 0.327148 0.649740 0.340820 0.643229 0.344727 0.638021 0.345703 0.627604 0.344727 0.626302 0.343750 0.619792 0.341797 0.617188 0.339844 0.604167 0.334961 0.591146 0.333984 0.583333 0.332031 0.578125 0.328125 0.572917 0.318359 0.567708 0.306641 0.567708
0 0.159180 0.522135 0.154297 0.535156 0.154297 0.539062 0.156250 0.541667 0.157227 0.549479 0.159180 0.554688 0.159180 0.558594 0.161133 0.563802 0.170898 0.575521 0.175781 0.576823 0.176758 0.578125 0.200195 0.576823 0.201172 0.575521 0.205078 0.575521 0.206055 0.574219 0.211914 0.572917 0.214844 0.569010 0.214844 0.566406 0.218750 0.555990 0.218750 0.552083 0.213867 0.537760 0.210938 0.532552 0.205078 0.526042 0.202148 0.519531 0.199219 0.518229 0.189453 0.506510 0.183594 0.502604 0.177734 0.503906 0.167969 0.510417 0.166992 0.513021
0 0.250977 0.480469 0.247070 0.480469 0.246094 0.479167 0.232422 0.479167 0.231445 0.480469 0.225586 0.480469 0.224609 0.481771 0.221680 0.481771 0.213867 0.488281 0.208008 0.489583 0.204102 0.496094 0.204102 0.518229 0.218750 0.541667 0.219727 0.548177 0.224609 0.557292 0.236328 0.557292 0.250977 0.550781 0.254883 0.550781 0.265625 0.544271 0.265625 0.540365 0.263672 0.537760 0.262695 0.533854 0.257812 0.528646 0.257812 0.524740 0.252930 0.511719 0.250977 0.501302 0.247070 0.496094 0.247070 0.489583
0 0.341797 0.464844 0.338867 0.463542 0.330078 0.463542 0.329102 0.464844 0.323242 0.464844 0.322266 0.466146 0.317383 0.466146 0.311523 0.468750 0.304688 0.468750 0.297852 0.471354 0.294922 0.473958 0.291016 0.473958 0.286133 0.480469 0.286133 0.488281 0.285156 0.489583 0.284180 0.498698 0.282227 0.502604 0.282227 0.507812 0.294922 0.526042 0.301758 0.532552 0.310547 0.545573 0.317383 0.549479 0.333984 0.549479 0.344727 0.540365 0.351562 0.528646 0.354492 0.516927 0.354492 0.513021 0.357422 0.506510 0.358398 0.492188 0.350586 0.472656
0 0.098633 0.442708 0.095703 0.449219 0.094727 0.477865 0.099609 0.484375 0.103516 0.486979 0.109375 0.496094 0.136719 0.510417 0.148438 0.509115 0.162109 0.500000 0.165039 0.490885 0.165039 0.485677 0.162109 0.476562 0.162109 0.460938 0.156250 0.450521 0.145508 0.437500 0.140625 0.434896 0.126953 0.433594 0.124023 0.429688 0.119141 0.429688 0.111328 0.437500 0.102539 0.438802
0 0.145508 0.329427 0.134766 0.334635 0.131836 0.338542 0.119141 0.345052 0.111328 0.354167 0.108398 0.355469 0.102539 0.367188 0.102539 0.378906 0.101562 0.380208 0.102539 0.384115 0.102539 0.398438 0.100586 0.403646 0.103516 0.408854 0.108398 0.408854 0.120117 0.425781 0.134766 0.432292 0.139648 0.432292 0.145508 0.429688 0.158203 0.429688 0.166016 0.427083 0.168945 0.423177 0.172852 0.402344 0.172852 0.397135 0.167969 0.385417 0.165039 0.384115 0.160156 0.377604 0.158203 0.372396 0.160156 0.367188 0.155273 0.356771 0.154297 0.350260 0.151367 0.346354 0.148438 0.338542 0.147461 0.332031
0 0.185547 0.299479 0.183594 0.300781 0.176758 0.300781 0.171875 0.303385 0.169922 0.305990 0.162109 0.307292 0.157227 0.311198 0.149414 0.329427 0.150391 0.339844 0.158203 0.354167 0.162109 0.365885 0.174805 0.381510 0.182617 0.386719 0.186523 0.386719 0.187500 0.385417 0.197266 0.382812 0.208984 0.372396 0.217773 0.360677 0.217773 0.355469 0.220703 0.346354 0.220703 0.333333 0.216797 0.326823 0.216797 0.324219 0.214844 0.324219 0.212891 0.326823 0.210938 0.324219 0.210938 0.321615 0.207031 0.312500 0.205078 0.311198 0.200195 0.311198 0.197266 0.304688 0.191406 0.303385
0 0.243164 0.190104 0.242188 0.191406 0.229492 0.192708 0.213867 0.205729 0.208984 0.212240 0.206055 0.220052 0.205078 0.234375 0.208984 0.247396 0.209961 0.255208 0.216797 0.277344 0.218750 0.279948 0.224609 0.282552 0.237305 0.291667 0.247070 0.292969 0.259766 0.276042 0.265625 0.272135 0.275391 0.252604 0.276367 0.246094 0.274414 0.235677 0.272461 0.231771 0.272461 0.220052 0.267578 0.209635 0.262695 0.204427 0.263672 0.200521 0.259766 0.199219 0.257812 0.195312 0.250977 0.191406
0 0.266602 0.283854 0.253906 0.294271 0.250977 0.299479 0.249023 0.320312 0.248047 0.321615 0.248047 0.330729 0.244141 0.339844 0.247070 0.350260 0.251953 0.356771 0.255859 0.358073 0.261719 0.367188 0.275391 0.376302 0.291016 0.377604 0.294922 0.375000 0.297852 0.375000 0.301758 0.371094 0.306641 0.358073 0.306641 0.354167 0.309570 0.345052 0.309570 0.335938 0.310547 0.334635 0.311523 0.320312 0.294922 0.292969 0.290039 0.290365 0.288086 0.287760 0.284180 0.286458 0.282227 0.283854 0.277344 0.283854 0.276367 0.282552
0 0.243164 0.373698 0.231445 0.388021 0.226562 0.397135 0.226562 0.399740 0.224609 0.403646 0.224609 0.424479 0.227539 0.429688 0.228516 0.434896 0.232422 0.444010 0.243164 0.460938 0.252930 0.468750 0.255859 0.468750 0.256836 0.470052 0.266602 0.467448 0.275391 0.455729 0.284180 0.430990 0.285156 0.424479 0.294922 0.404948 0.294922 0.397135 0.291016 0.389323 0.280273 0.380208 0.277344 0.380208 0.268555 0.376302 0.257812 0.376302 0.255859 0.373698
0 0.317383 0.381510 0.310547 0.389323 0.299805 0.412760 0.298828 0.420573 0.297852 0.421875 0.297852 0.428385 0.299805 0.432292 0.299805 0.434896 0.307617 0.446615 0.310547 0.447917 0.318359 0.455729 0.324219 0.459635 0.331055 0.459635 0.332031 0.458333 0.335938 0.458333 0.336914 0.457031 0.347656 0.455729 0.349609 0.454427 0.353516 0.449219 0.354492 0.449219 0.362305 0.437500 0.362305 0.416667 0.357422 0.407552 0.353516 0.404948 0.344727 0.394531 0.338867 0.390625 0.336914 0.390625 0.333984 0.386719 0.329102 0.385417 0.324219 0.381510 0.322266 0.381510 0.321289 0.380208 0.320312 0.381510
0 0.361328 0.294271 0.345703 0.294271 0.342773 0.296875 0.339844 0.296875 0.333984 0.300781 0.329102 0.302083 0.321289 0.308594 0.315430 0.319010 0.314453 0.352865 0.316406 0.358073 0.333984 0.382812 0.344727 0.389323 0.354492 0.388021 0.361328 0.384115 0.379883 0.359375 0.381836 0.352865 0.380859 0.332031 0.379883 0.330729 0.379883 0.324219 0.376953 0.315104 0.376953 0.311198 0.373047 0.304688 0.368164 0.302083 0.364258 0.295573
0 0.290039 0.209635 0.278320 0.225260 0.279297 0.231771 0.281250 0.234375 0.278320 0.250000 0.278320 0.263021 0.280273 0.273438 0.283203 0.281250 0.288086 0.285156 0.290039 0.285156 0.294922 0.290365 0.302734 0.291667 0.307617 0.294271 0.331055 0.294271 0.334961 0.291667 0.342773 0.279948 0.348633 0.264323 0.348633 0.252604 0.347656 0.251302 0.346680 0.240885 0.343750 0.231771 0.342773 0.222656 0.329102 0.204427 0.300781 0.204427
0 0.262695 0.098958 0.254883 0.108073 0.250000 0.117188 0.246094 0.130208 0.235352 0.144531 0.234375 0.160156 0.238281 0.173177 0.244141 0.186198 0.250000 0.188802 0.258789 0.190104 0.273438 0.199219 0.288086 0.200521 0.291992 0.196615 0.293945 0.196615 0.300781 0.188802 0.310547 0.173177 0.313477 0.158854 0.310547 0.136719 0.297852 0.122396 0.293945 0.121094 0.283203 0.110677 0.275391 0.106771 0.271484 0.101562 0.267578 0.098958
0 0.341797 0.105469 0.337891 0.108073 0.333008 0.117188 0.322266 0.130208 0.320312 0.136719 0.321289 0.139323 0.321289 0.153646 0.322266 0.154948 0.322266 0.162760 0.323242 0.164062 0.323242 0.174479 0.328125 0.188802 0.333008 0.195312 0.339844 0.199219 0.343750 0.204427 0.349609 0.205729 0.353516 0.203125 0.356445 0.203125 0.368164 0.190104 0.377930 0.183594 0.382812 0.175781 0.383789 0.166667 0.384766 0.165365 0.388672 0.165365 0.389648 0.162760 0.385742 0.162760 0.384766 0.164062 0.382812 0.161458 0.381836 0.153646 0.374023 0.135417 0.368164 0.128906 0.367188 0.125000 0.353516 0.106771 0.351562 0.105469
0 0.365234 0.055990 0.359375 0.063802 0.359375 0.066406 0.356445 0.071615 0.355469 0.083333 0.354492 0.084635 0.355469 0.087240 0.356445 0.102865 0.358398 0.105469 0.359375 0.110677 0.365234 0.118490 0.369141 0.121094 0.375977 0.122396 0.386719 0.128906 0.395508 0.130208 0.396484 0.131510 0.405273 0.131510 0.408203 0.130208 0.418945 0.118490 0.419922 0.114583 0.423828 0.108073 0.423828 0.104167 0.421875 0.101562 0.421875 0.096354 0.419922 0.091146 0.420898 0.074219 0.411133 0.059896 0.402344 0.053385 0.395508 0.044271 0.388672 0.044271 0.384766 0.049479 0.377930 0.052083 0.374023 0.052083
0 0.461914 0.020833 0.451172 0.026042 0.446289 0.026042 0.439453 0.032552 0.422852 0.054688 0.421875 0.065104 0.424805 0.079427 0.424805 0.093750 0.426758 0.098958 0.433594 0.108073 0.438477 0.111979 0.443359 0.113281 0.448242 0.118490 0.455078 0.122396 0.459961 0.122396 0.464844 0.119792 0.470703 0.122396 0.478516 0.114583 0.489258 0.100260 0.494141 0.084635 0.494141 0.067708 0.490234 0.053385 0.484375 0.046875 0.479492 0.036458 0.479492 0.033854 0.469727 0.023438
0 0.415039 0.132812 0.411133 0.136719 0.405273 0.139323 0.395508 0.152344 0.393555 0.157552 0.393555 0.169271 0.396484 0.178385 0.397461 0.190104 0.399414 0.194010 0.403320 0.197917 0.412109 0.197917 0.413086 0.199219 0.416016 0.199219 0.422852 0.203125 0.430664 0.201823 0.437500 0.197917 0.440430 0.194010 0.440430 0.192708 0.442383 0.191406 0.449219 0.182292 0.449219 0.164062 0.450195 0.162760 0.450195 0.154948 0.449219 0.153646 0.447266 0.144531 0.444336 0.140625 0.444336 0.139323 0.439453 0.134115 0.424805 0.134115 0.423828 0.135417 0.420898 0.132812
0 0.372070 0.191406 0.364258 0.199219 0.349609 0.217448 0.348633 0.220052 0.347656 0.236979 0.349609 0.240885 0.350586 0.248698 0.359375 0.259115 0.367188 0.270833 0.380859 0.270833 0.383789 0.273438 0.392578 0.273438 0.400391 0.268229 0.406250 0.260417 0.408203 0.255208 0.412109 0.250000 0.414062 0.250000 0.416992 0.246094 0.418945 0.240885 0.418945 0.225260 0.415039 0.216146 0.409180 0.208333 0.406250 0.207031 0.392578 0.188802 0.383789 0.188802 0.382812 0.190104
0 0.453125 0.192708 0.445312 0.192708 0.434570 0.207031 0.429688 0.220052 0.428711 0.234375 0.426758 0.239583 0.425781 0.251302 0.423828 0.256510 0.423828 0.264323 0.426758 0.270833 0.435547 0.281250 0.439453 0.291667 0.445312 0.291667 0.451172 0.286458 0.456055 0.285156 0.458984 0.282552 0.467773 0.278646 0.478516 0.266927 0.478516 0.264323 0.486328 0.252604 0.483398 0.246094 0.480469 0.221354 0.476562 0.214844 0.473633 0.205729 0.467773 0.199219 0.461914 0.197917
0 0.404297 0.272135 0.399414 0.277344 0.391602 0.289062 0.389648 0.298177 0.387695 0.300781 0.385742 0.307292 0.384766 0.316406 0.385742 0.317708 0.385742 0.321615 0.389648 0.329427 0.391602 0.339844 0.398438 0.355469 0.406250 0.361979 0.417969 0.364583 0.418945 0.365885 0.426758 0.365885 0.427734 0.364583 0.435547 0.363281 0.446289 0.352865 0.451172 0.343750 0.449219 0.324219 0.447266 0.321615 0.443359 0.303385 0.438477 0.295573 0.436523 0.286458 0.433594 0.283854 0.427734 0.274740 0.420898 0.270833 0.407227 0.270833
0 0.397461 0.367188 0.385742 0.367188 0.384766 0.368490 0.382812 0.368490 0.380859 0.371094 0.376953 0.373698 0.375000 0.373698 0.362305 0.388021 0.362305 0.391927 0.361328 0.393229 0.362305 0.410156 0.365234 0.417969 0.365234 0.423177 0.368164 0.433594 0.368164 0.441406 0.369141 0.444010 0.372070 0.446615 0.375000 0.446615 0.375977 0.447917 0.382812 0.449219 0.383789 0.450521 0.391602 0.450521 0.404297 0.444010 0.411133 0.437500 0.416016 0.434896 0.417969 0.430990 0.417969 0.425781 0.416992 0.424479 0.416992 0.402344 0.416016 0.401042 0.416016 0.395833 0.415039 0.394531 0.415039 0.384115 0.410156 0.375000 0.403320 0.369792 0.401367 0.369792
0 0.467773 0.355469 0.458984 0.350260 0.454102 0.350260 0.452148 0.352865 0.445312 0.355469 0.440430 0.361979 0.436523 0.364583 0.431641 0.371094 0.426758 0.375000 0.422852 0.386719 0.422852 0.391927 0.420898 0.398438 0.420898 0.406250 0.421875 0.407552 0.421875 0.412760 0.427734 0.428385 0.431641 0.430990 0.446289 0.430990 0.447266 0.429688 0.450195 0.429688 0.454102 0.432292 0.466797 0.433594 0.474609 0.428385 0.477539 0.424479 0.477539 0.419271 0.479492 0.411458 0.479492 0.394531 0.478516 0.393229 0.478516 0.386719 0.477539 0.385417 0.477539 0.376302 0.474609 0.364583
0 0.437500 0.449219 0.423828 0.446615 0.419922 0.444010 0.414062 0.444010 0.404297 0.450521 0.403320 0.453125 0.400391 0.454427 0.388672 0.468750 0.387695 0.471354 0.387695 0.483073 0.388672 0.484375 0.388672 0.489583 0.387695 0.490885 0.387695 0.519531 0.389648 0.522135 0.395508 0.523438 0.396484 0.524740 0.400391 0.524740 0.409180 0.529948 0.414062 0.529948 0.430664 0.519531 0.440430 0.503906 0.443359 0.501302 0.448242 0.490885 0.449219 0.479167 0.448242 0.477865 0.447266 0.468750 0.444336 0.463542 0.443359 0.455729
0 0.427734 0.526042 0.426758 0.526042 0.422852 0.532552 0.421875 0.531250 0.416016 0.533854 0.396484 0.532552 0.393555 0.535156 0.389648 0.535156 0.388672 0.536458 0.385742 0.536458 0.383789 0.539062 0.376953 0.540365 0.375000 0.542969 0.375000 0.546875 0.374023 0.548177 0.375000 0.549479 0.375000 0.554688 0.375977 0.555990 0.375977 0.559896 0.376953 0.561198 0.376953 0.565104 0.378906 0.572917 0.381836 0.580729 0.384766 0.584635 0.388672 0.585938 0.394531 0.593750 0.398438 0.604167 0.416016 0.604167 0.419922 0.600260 0.422852 0.589844 0.427734 0.582031 0.432617 0.567708 0.435547 0.563802 0.435547 0.552083 0.432617 0.544271 0.431641 0.532552
0 0.354492 0.591146 0.352539 0.593750 0.349609 0.602865 0.349609 0.626302 0.347656 0.631510 0.348633 0.634115 0.353516 0.638021 0.357422 0.644531 0.358398 0.644531 0.368164 0.654948 0.370117 0.654948 0.373047 0.657552 0.387695 0.657552 0.394531 0.653646 0.398438 0.648438 0.399414 0.648438 0.402344 0.643229 0.404297 0.641927 0.406250 0.638021 0.406250 0.632812 0.407227 0.631510 0.407227 0.621094 0.408203 0.619792 0.408203 0.617188 0.406250 0.613281 0.394531 0.604167 0.390625 0.604167 0.386719 0.601562 0.381836 0.595052 0.370117 0.587240 0.366211 0.587240 0.364258 0.585938 0.363281 0.587240 0.359375 0.587240 0.357422 0.589844
0 0.442383 0.667969 0.439453 0.667969 0.438477 0.666667 0.431641 0.666667 0.430664 0.667969 0.425781 0.667969 0.424805 0.669271 0.422852 0.669271 0.421875 0.667969 0.407227 0.669271 0.401367 0.677083 0.400391 0.677083 0.395508 0.684896 0.393555 0.686198 0.391602 0.692708 0.391602 0.700521 0.397461 0.709635 0.397461 0.710938 0.400391 0.714844 0.401367 0.714844 0.406250 0.722656 0.411133 0.726562 0.415039 0.731771 0.416016 0.735677 0.419922 0.734375 0.425781 0.727865 0.431641 0.726562 0.438477 0.722656 0.440430 0.718750 0.443359 0.716146 0.443359 0.713542 0.447266 0.705729 0.447266 0.701823 0.449219 0.695312 0.449219 0.688802 0.447266 0.682292 0.447266 0.677083
0 0.499023 0.638021 0.493164 0.634115 0.491211 0.634115 0.486328 0.630208 0.478516 0.636719 0.476562 0.635417 0.473633 0.635417 0.466797 0.639323 0.460938 0.647135 0.460938 0.648438 0.457031 0.654948 0.455078 0.661458 0.450195 0.670573 0.450195 0.684896 0.451172 0.686198 0.451172 0.690104 0.453125 0.692708 0.455078 0.692708 0.458008 0.696615 0.466797 0.701823 0.481445 0.701823 0.487305 0.697917 0.489258 0.697917 0.494141 0.691406 0.494141 0.690104 0.500000 0.683594 0.501953 0.678385 0.501953 0.667969 0.503906 0.662760 0.503906 0.648438 0.500000 0.641927
0 0.519531 0.657552 0.517578 0.658854 0.515625 0.662760 0.512695 0.664062 0.513672 0.665365 0.512695 0.673177 0.508789 0.678385 0.507812 0.684896 0.504883 0.688802 0.504883 0.692708 0.502930 0.699219 0.502930 0.714844 0.504883 0.718750 0.508789 0.721354 0.516602 0.730469 0.523438 0.735677 0.525391 0.735677 0.526367 0.736979 0.537109 0.736979 0.539062 0.734375 0.541016 0.734375 0.542969 0.731771 0.545898 0.730469 0.554688 0.714844 0.554688 0.712240 0.558594 0.705729 0.558594 0.703125 0.560547 0.697917 0.560547 0.683594 0.558594 0.677083 0.553711 0.667969 0.546875 0.660156 0.543945 0.660156 0.541992 0.657552 0.537109 0.654948 0.529297 0.654948 0.524414 0.657552
0 0.450195 0.554688 0.450195 0.555990 0.446289 0.558594 0.441406 0.566406 0.438477 0.574219 0.438477 0.578125 0.437500 0.579427 0.437500 0.597656 0.440430 0.606771 0.448242 0.618490 0.460938 0.626302 0.466797 0.632812 0.469727 0.634115 0.476562 0.628906 0.485352 0.626302 0.490234 0.617188 0.490234 0.613281 0.494141 0.601562 0.494141 0.595052 0.497070 0.584635 0.496094 0.576823 0.491211 0.566406 0.490234 0.561198 0.489258 0.559896 0.487305 0.562500 0.485352 0.562500 0.478516 0.555990 0.472656 0.557292 0.470703 0.559896 0.467773 0.559896 0.466797 0.558594 0.462891 0.561198 0.454102 0.561198 0.453125 0.557292 0.455078 0.554688
0 0.543945 0.579427 0.537109 0.574219 0.534180 0.574219 0.533203 0.572917 0.531250 0.574219 0.521484 0.574219 0.520508 0.575521 0.517578 0.575521 0.515625 0.576823 0.496094 0.602865 0.495117 0.608073 0.494141 0.609375 0.494141 0.613281 0.493164 0.614583 0.496094 0.628906 0.500977 0.635417 0.509766 0.641927 0.513672 0.641927 0.514648 0.643229 0.518555 0.643229 0.519531 0.641927 0.532227 0.643229 0.533203 0.641927 0.534180 0.636719 0.537109 0.632812 0.541992 0.618490 0.544922 0.614583 0.548828 0.602865 0.547852 0.588542
0 0.516602 0.471354 0.512695 0.471354 0.511719 0.470052 0.500977 0.471354 0.495117 0.477865 0.494141 0.477865 0.482422 0.493490 0.478516 0.496094 0.476562 0.498698 0.474609 0.503906 0.474609 0.513021 0.479492 0.527344 0.488281 0.539062 0.494141 0.542969 0.502930 0.545573 0.503906 0.544271 0.507812 0.544271 0.508789 0.542969 0.512695 0.541667 0.514648 0.539062 0.516602 0.533854 0.521484 0.527344 0.523438 0.522135 0.527344 0.516927 0.527344 0.514323 0.528320 0.513021 0.526367 0.507812 0.527344 0.494792 0.524414 0.485677 0.522461 0.483073 0.520508 0.477865 0.516602 0.472656
0 0.483398 0.419271 0.481445 0.419271 0.480469 0.423177 0.473633 0.430990 0.467773 0.434896 0.460938 0.436198 0.458008 0.440104 0.458008 0.442708 0.454102 0.451823 0.452148 0.454427 0.451172 0.454427 0.451172 0.458333 0.449219 0.463542 0.449219 0.468750 0.450195 0.470052 0.451172 0.476562 0.453125 0.479167 0.454102 0.479167 0.457031 0.483073 0.467773 0.489583 0.469727 0.492188 0.472656 0.492188 0.473633 0.493490 0.477539 0.493490 0.478516 0.492188 0.482422 0.490885 0.485352 0.486979 0.485352 0.485677 0.498047 0.470052 0.498047 0.468750 0.500977 0.464844 0.503906 0.458333 0.503906 0.453125 0.502930 0.451823 0.502930 0.449219 0.500977 0.446615 0.493164 0.425781 0.492188 0.424479 0.485352 0.424479
0 0.495117 0.365885 0.490234 0.377604 0.489258 0.385417 0.488281 0.386719 0.488281 0.393229 0.489258 0.394531 0.490234 0.402344 0.495117 0.412760 0.499023 0.424479 0.504883 0.429688 0.511719 0.430990 0.516602 0.433594 0.537109 0.433594 0.541016 0.428385 0.543945 0.420573 0.547852 0.415365 0.549805 0.410156 0.550781 0.399740 0.553711 0.389323 0.553711 0.381510 0.548828 0.372396 0.546875 0.364583 0.544922 0.361979 0.541992 0.360677 0.536133 0.360677 0.535156 0.359375 0.528320 0.359375 0.527344 0.358073 0.509766 0.358073 0.506836 0.360677
0 0.484375 0.277344 0.478516 0.281250 0.471680 0.282552 0.465820 0.289062 0.458984 0.303385 0.458984 0.315104 0.463867 0.325521 0.463867 0.329427 0.466797 0.341146 0.468750 0.342448 0.472656 0.350260 0.478516 0.358073 0.483398 0.358073 0.484375 0.356771 0.495117 0.358073 0.500977 0.354167 0.504883 0.354167 0.510742 0.346354 0.521484 0.338542 0.525391 0.332031 0.526367 0.317708 0.524414 0.309896 0.521484 0.303385 0.520508 0.295573 0.517578 0.290365 0.508789 0.286458 0.505859 0.282552 0.500000 0.278646 0.492188 0.279948 0.491211 0.278646
0 0.509766 0.187500 0.498047 0.200521 0.497070 0.204427 0.487305 0.220052 0.487305 0.226562 0.489258 0.229167 0.489258 0.234375 0.491211 0.239583 0.492188 0.247396 0.500000 0.261719 0.507812 0.270833 0.515625 0.270833 0.519531 0.268229 0.522461 0.268229 0.523438 0.266927 0.531250 0.264323 0.536133 0.260417 0.545898 0.247396 0.552734 0.240885 0.552734 0.230469 0.551758 0.229167 0.551758 0.226562 0.548828 0.222656 0.544922 0.213542 0.540039 0.207031 0.539062 0.207031 0.536133 0.201823 0.531250 0.197917 0.529297 0.197917 0.525391 0.195312 0.519531 0.188802 0.517578 0.188802 0.516602 0.187500
0 0.547852 0.128906 0.543945 0.135417 0.542969 0.145833 0.536133 0.162760 0.536133 0.180990 0.537109 0.182292 0.537109 0.187500 0.539062 0.195312 0.547852 0.207031 0.550781 0.208333 0.566406 0.208333 0.569336 0.209635 0.570312 0.208333 0.579102 0.207031 0.588867 0.195312 0.588867 0.194010 0.594727 0.186198 0.596680 0.180990 0.596680 0.169271 0.595703 0.167969 0.596680 0.166667 0.596680 0.162760 0.590820 0.141927 0.586914 0.138021 0.583008 0.130208 0.577148 0.127604 0.573242 0.127604 0.572266 0.126302 0.558594 0.126302 0.557617 0.127604 0.550781 0.127604
0 0.601562 0.231771 0.591797 0.239583 0.589844 0.246094 0.586914 0.248698 0.586914 0.250000 0.583008 0.255208 0.582031 0.260417 0.577148 0.273438 0.577148 0.282552 0.583984 0.292969 0.587891 0.295573 0.590820 0.299479 0.593750 0.300781 0.602539 0.309896 0.605469 0.309896 0.612305 0.313802 0.617188 0.313802 0.622070 0.311198 0.622070 0.309896 0.630859 0.296875 0.630859 0.294271 0.636719 0.278646 0.636719 0.266927 0.634766 0.263021 0.633789 0.255208 0.630859 0.247396 0.629883 0.240885 0.625977 0.238281 0.619141 0.236979 0.617188 0.234375 0.615234 0.234375 0.614258 0.233073 0.605469 0.233073 0.604492 0.231771
0 0.581055 0.308594 0.580078 0.309896 0.572266 0.312500 0.568359 0.316406 0.566406 0.316406 0.563477 0.320312 0.555664 0.321615 0.549805 0.332031 0.549805 0.343750 0.547852 0.348958 0.547852 0.355469 0.548828 0.356771 0.548828 0.360677 0.556641 0.378906 0.556641 0.381510 0.560547 0.386719 0.565430 0.388021 0.566406 0.389323 0.574219 0.389323 0.575195 0.390625 0.582031 0.390625 0.585938 0.393229 0.590820 0.393229 0.597656 0.388021 0.601562 0.382812 0.606445 0.372396 0.606445 0.369792 0.607422 0.368490 0.606445 0.338542 0.598633 0.325521 0.594727 0.321615 0.590820 0.315104 0.586914 0.312500 0.583984 0.308594
0 0.543945 0.433594 0.543945 0.437500 0.544922 0.438802 0.541016 0.442708 0.536133 0.451823 0.534180 0.458333 0.534180 0.462240 0.533203 0.463542 0.532227 0.476562 0.528320 0.480469 0.533203 0.494792 0.539062 0.501302 0.541016 0.501302 0.541992 0.502604 0.564453 0.503906 0.567383 0.506510 0.571289 0.505208 0.577148 0.493490 0.583984 0.484375 0.587891 0.475260 0.588867 0.467448 0.589844 0.466146 0.589844 0.457031 0.588867 0.455729 0.587891 0.446615 0.582031 0.437500 0.576172 0.433594 0.573242 0.433594 0.572266 0.434896 0.563477 0.433594 0.562500 0.434896 0.556641 0.434896 0.555664 0.436198 0.550781 0.436198 0.549805 0.437500 0.545898 0.437500
0 0.567383 0.510417 0.562500 0.514323 0.560547 0.518229 0.556641 0.520833 0.554688 0.520833 0.550781 0.524740 0.547852 0.532552 0.547852 0.540365 0.546875 0.541667 0.546875 0.546875 0.548828 0.553385 0.548828 0.559896 0.551758 0.559896 0.553711 0.562500 0.555664 0.567708 0.555664 0.574219 0.556641 0.575521 0.559570 0.575521 0.560547 0.576823 0.562500 0.575521 0.566406 0.575521 0.567383 0.576823 0.572266 0.576823 0.576172 0.579427 0.582031 0.579427 0.586914 0.575521 0.590820 0.570312 0.591797 0.570312 0.599609 0.558594 0.601562 0.553385 0.601562 0.549479 0.603516 0.542969 0.603516 0.536458 0.600586 0.529948 0.596680 0.524740 0.588867 0.520833 0.586914 0.518229 0.582031 0.515625 0.578125 0.511719 0.575195 0.511719 0.574219 0.510417
0 0.600586 0.617188 0.597656 0.613281 0.589844 0.608073 0.582031 0.608073 0.579102 0.610677 0.577148 0.610677 0.573242 0.613281 0.569336 0.613281 0.567383 0.610677 0.563477 0.609375 0.562500 0.610677 0.559570 0.610677 0.558594 0.611979 0.556641 0.611979 0.555664 0.613281 0.548828 0.615885 0.547852 0.621094 0.545898 0.625000 0.545898 0.631510 0.546875 0.632812 0.546875 0.639323 0.547852 0.640625 0.547852 0.647135 0.548828 0.648438 0.548828 0.653646 0.549805 0.656250 0.551758 0.658854 0.554688 0.660156 0.558594 0.665365 0.562500 0.666667 0.568359 0.670573 0.579102 0.670573 0.580078 0.669271 0.583984 0.667969 0.585938 0.665365 0.591797 0.661458 0.591797 0.660156 0.599609 0.648438 0.601562 0.643229 0.601562 0.640625 0.602539 0.639323 0.602539 0.631510 0.601562 0.630208 0.601562 0.619792
0 0.638672 0.648438 0.635742 0.648438 0.634766 0.647135 0.620117 0.648438 0.623047 0.652344 0.620117 0.654948 0.611328 0.653646 0.608398 0.656250 0.602539 0.657552 0.598633 0.664062 0.596680 0.669271 0.596680 0.683594 0.600586 0.694010 0.602539 0.707031 0.605469 0.710938 0.605469 0.713542 0.609375 0.720052 0.611328 0.721354 0.615234 0.721354 0.616211 0.720052 0.619141 0.720052 0.620117 0.718750 0.623047 0.718750 0.627930 0.716146 0.630859 0.712240 0.634766 0.709635 0.647461 0.692708 0.651367 0.683594 0.651367 0.680990 0.653320 0.679688 0.653320 0.678385 0.648438 0.675781 0.647461 0.670573 0.644531 0.665365 0.644531 0.658854 0.642578 0.653646 0.640625 0.652344
0 0.685547 0.613281 0.684570 0.614583 0.679688 0.615885 0.676758 0.618490 0.674805 0.618490 0.670898 0.621094 0.667969 0.621094 0.663086 0.625000 0.657227 0.632812 0.657227 0.635417 0.654297 0.639323 0.651367 0.645833 0.651367 0.649740 0.657227 0.665365 0.659180 0.665365 0.661133 0.662760 0.662109 0.662760 0.664062 0.665365 0.665039 0.665365 0.666992 0.670573 0.670898 0.674479 0.672852 0.674479 0.676758 0.677083 0.681641 0.677083 0.682617 0.678385 0.687500 0.678385 0.688477 0.679688 0.690430 0.679688 0.692383 0.678385 0.698242 0.670573 0.698242 0.669271 0.702148 0.662760 0.703125 0.654948 0.705078 0.649740 0.706055 0.621094 0.705078 0.618490 0.699219 0.614583 0.694336 0.614583 0.693359 0.613281
0 0.742188 0.621094 0.740234 0.619792 0.731445 0.619792 0.730469 0.621094 0.727539 0.621094 0.726562 0.622396 0.711914 0.622396 0.709961 0.625000 0.709961 0.634115 0.708984 0.635417 0.708984 0.643229 0.708008 0.644531 0.708008 0.654948 0.707031 0.656250 0.707031 0.658854 0.706055 0.661458 0.704102 0.664062 0.705078 0.666667 0.708008 0.670573 0.708984 0.670573 0.713867 0.675781 0.715820 0.675781 0.716797 0.677083 0.724609 0.677083 0.725586 0.675781 0.728516 0.675781 0.733398 0.671875 0.735352 0.671875 0.737305 0.670573 0.739258 0.667969 0.740234 0.665365 0.740234 0.662760 0.741211 0.661458 0.741211 0.652344 0.742188 0.651042 0.742188 0.644531 0.743164 0.643229 0.743164 0.639323 0.744141 0.638021 0.744141 0.631510 0.745117 0.630208 0.745117 0.626302
0 0.606445 0.565104 0.606445 0.567708 0.603516 0.570312 0.602539 0.572917 0.602539 0.578125 0.601562 0.579427 0.603516 0.588542 0.606445 0.587240 0.608398 0.589844 0.607422 0.595052 0.603516 0.600260 0.603516 0.606771 0.605469 0.609375 0.609375 0.619792 0.622070 0.638021 0.624023 0.639323 0.629883 0.639323 0.637695 0.634115 0.645508 0.632812 0.655273 0.626302 0.658203 0.622396 0.659180 0.619792 0.658203 0.606771 0.652344 0.591146 0.650391 0.578125 0.647461 0.572917 0.642578 0.570312 0.637695 0.565104 0.633789 0.565104 0.632812 0.563802 0.619141 0.563802 0.618164 0.565104 0.607422 0.563802
0 0.685547 0.550781 0.682617 0.550781 0.681641 0.549479 0.676758 0.549479 0.675781 0.550781 0.672852 0.550781 0.668945 0.553385 0.661133 0.554688 0.660156 0.555990 0.658203 0.555990 0.653320 0.563802 0.653320 0.578125 0.654297 0.579427 0.655273 0.591146 0.658203 0.597656 0.658203 0.600260 0.663086 0.608073 0.663086 0.610677 0.665039 0.613281 0.665039 0.614583 0.667969 0.618490 0.674805 0.617188 0.682617 0.611979 0.687500 0.610677 0.689453 0.608073 0.690430 0.608073 0.692383 0.604167 0.693359 0.604167 0.693359 0.602865 0.698242 0.596354 0.699219 0.592448 0.701172 0.589844 0.701172 0.587240 0.702148 0.585938 0.702148 0.576823 0.701172 0.574219 0.700195 0.574219 0.698242 0.576823 0.696289 0.575521 0.692383 0.559896 0.689453 0.555990 0.689453 0.554688
0 0.611328 0.490885 0.610352 0.492188 0.611328 0.493490 0.615234 0.493490 0.618164 0.497396 0.618164 0.500000 0.619141 0.501302 0.617188 0.502604 0.614258 0.507812 0.613281 0.506510 0.611328 0.506510 0.612305 0.516927 0.611328 0.518229 0.611328 0.520833 0.608398 0.526042 0.606445 0.527344 0.608398 0.532552 0.606445 0.537760 0.606445 0.544271 0.611328 0.550781 0.617188 0.554688 0.619141 0.557292 0.621094 0.557292 0.623047 0.559896 0.625977 0.559896 0.626953 0.561198 0.638672 0.561198 0.639648 0.559896 0.645508 0.558594 0.649414 0.554688 0.653320 0.548177 0.657227 0.533854 0.657227 0.520833 0.656250 0.519531 0.656250 0.511719 0.655273 0.510417 0.654297 0.503906 0.648438 0.497396 0.643555 0.494792 0.642578 0.492188 0.637695 0.490885 0.636719 0.489583 0.629883 0.489583 0.626953 0.492188 0.624023 0.492188 0.623047 0.490885 0.620117 0.490885 0.619141 0.492188
0 0.642578 0.415365 0.640625 0.415365 0.639648 0.414062 0.632812 0.414062 0.631836 0.412760 0.625977 0.412760 0.625000 0.414062 0.621094 0.414062 0.617188 0.416667 0.611328 0.416667 0.607422 0.419271 0.606445 0.424479 0.599609 0.440104 0.599609 0.444010 0.598633 0.445312 0.598633 0.455729 0.601562 0.464844 0.609375 0.476562 0.609375 0.477865 0.612305 0.479167 0.614258 0.481771 0.616211 0.481771 0.620117 0.484375 0.631836 0.484375 0.636719 0.479167 0.640625 0.468750 0.642578 0.466146 0.642578 0.462240 0.645508 0.455729 0.645508 0.453125 0.647461 0.449219 0.647461 0.446615 0.651367 0.436198 0.651367 0.432292 0.650391 0.430990 0.650391 0.427083 0.649414 0.424479 0.646484 0.420573 0.646484 0.419271
0 0.691406 0.433594 0.685547 0.433594 0.677734 0.438802 0.661133 0.437500 0.660156 0.438802 0.655273 0.440104 0.654297 0.442708 0.653320 0.453125 0.655273 0.458333 0.655273 0.473958 0.653320 0.480469 0.653320 0.488281 0.657227 0.498698 0.661133 0.502604 0.672852 0.510417 0.678711 0.510417 0.679688 0.511719 0.681641 0.511719 0.682617 0.510417 0.691406 0.510417 0.695312 0.507812 0.700195 0.501302 0.700195 0.498698 0.704102 0.490885 0.704102 0.486979 0.705078 0.485677 0.705078 0.470052 0.707031 0.466146 0.701172 0.446615 0.697266 0.442708 0.693359 0.434896
0 0.734375 0.541667 0.719727 0.542969 0.716797 0.545573 0.713867 0.545573 0.709961 0.548177 0.707031 0.552083 0.705078 0.552083 0.706055 0.559896 0.707031 0.561198 0.707031 0.566406 0.708008 0.567708 0.708008 0.579427 0.708984 0.580729 0.708008 0.597656 0.710938 0.606771 0.709961 0.608073 0.709961 0.610677 0.714844 0.618490 0.719727 0.622396 0.729492 0.619792 0.730469 0.618490 0.740234 0.617188 0.742188 0.614583 0.744141 0.614583 0.748047 0.611979 0.755859 0.602865 0.757812 0.596354 0.757812 0.587240 0.761719 0.572917 0.761719 0.565104 0.760742 0.562500 0.756836 0.557292 0.753906 0.555990 0.751953 0.553385 0.742188 0.549479 0.739258 0.544271
0 0.743164 0.494792 0.735352 0.489583 0.733398 0.486979 0.729492 0.486979 0.728516 0.485677 0.719727 0.484375 0.716797 0.481771 0.709961 0.481771 0.706055 0.485677 0.706055 0.488281 0.699219 0.505208 0.697266 0.506510 0.693359 0.511719 0.687500 0.513021 0.686523 0.518229 0.687500 0.520833 0.692383 0.527344 0.692383 0.528646 0.699219 0.537760 0.703125 0.540365 0.715820 0.540365 0.719727 0.537760 0.722656 0.537760 0.731445 0.526042 0.734375 0.524740 0.738281 0.519531 0.740234 0.518229 0.741211 0.510417 0.742188 0.509115 0.742188 0.505208 0.743164 0.503906
0 0.621094 0.317708 0.612305 0.326823 0.610352 0.332031 0.610352 0.334635 0.608398 0.338542 0.609375 0.364583 0.607422 0.369792 0.607422 0.377604 0.612305 0.388021 0.619141 0.394531 0.625977 0.395833 0.626953 0.397135 0.630859 0.397135 0.631836 0.395833 0.633789 0.395833 0.635742 0.393229 0.635742 0.390625 0.638672 0.386719 0.637695 0.381510 0.639648 0.380208 0.642578 0.375000 0.647461 0.375000 0.649414 0.373698 0.653320 0.367188 0.655273 0.360677 0.655273 0.356771 0.656250 0.355469 0.655273 0.354167 0.656250 0.343750 0.655273 0.342448 0.655273 0.339844 0.652344 0.335938 0.652344 0.334635 0.645508 0.329427 0.643555 0.329427 0.638672 0.325521 0.636719 0.325521 0.633789 0.322917 0.627930 0.321615 0.623047 0.317708
0 0.689453 0.351562 0.685547 0.351562 0.681641 0.358073 0.678711 0.359375 0.673828 0.364583 0.670898 0.365885 0.665039 0.365885 0.662109 0.369792 0.658203 0.367188 0.658203 0.363281 0.658203 0.368490 0.656250 0.376302 0.651367 0.389323 0.651367 0.398438 0.650391 0.399740 0.650391 0.404948 0.653320 0.411458 0.653320 0.414062 0.658203 0.423177 0.666992 0.425781 0.668945 0.428385 0.676758 0.432292 0.683594 0.430990 0.688477 0.428385 0.690430 0.425781 0.694336 0.424479 0.704102 0.412760 0.708984 0.408854 0.710938 0.402344 0.710938 0.397135 0.709961 0.395833 0.709961 0.377604 0.706055 0.368490 0.700195 0.360677 0.696289 0.359375
0 0.756836 0.408854 0.754883 0.407552 0.746094 0.407552 0.745117 0.408854 0.732422 0.410156 0.731445 0.411458 0.728516 0.411458 0.725586 0.416667 0.725586 0.420573 0.720703 0.429688 0.720703 0.433594 0.718750 0.440104 0.719727 0.441406 0.719727 0.446615 0.720703 0.447917 0.720703 0.462240 0.719727 0.463542 0.719727 0.472656 0.720703 0.473958 0.720703 0.476562 0.723633 0.480469 0.727539 0.483073 0.737305 0.483073 0.742188 0.479167 0.752930 0.476562 0.754883 0.475260 0.760742 0.463542 0.766602 0.457031 0.769531 0.447917 0.769531 0.440104 0.770508 0.438802 0.769531 0.429688 0.767578 0.425781 0.767578 0.423177 0.764648 0.419271 0.764648 0.417969 0.763672 0.417969
0 0.764648 0.334635 0.758789 0.329427 0.753906 0.329427 0.744141 0.339844 0.733398 0.346354 0.729492 0.351562 0.729492 0.354167 0.726562 0.360677 0.717773 0.371094 0.715820 0.377604 0.713867 0.380208 0.713867 0.385417 0.714844 0.388021 0.720703 0.393229 0.721680 0.398438 0.723633 0.402344 0.725586 0.402344 0.726562 0.403646 0.735352 0.403646 0.736328 0.404948 0.754883 0.404948 0.755859 0.403646 0.757812 0.403646 0.764648 0.395833 0.764648 0.394531 0.768555 0.389323 0.771484 0.381510 0.771484 0.376302 0.772461 0.375000 0.772461 0.358073 0.773438 0.356771 0.773438 0.350260 0.772461 0.347656 0.766602 0.339844
0 0.657227 0.233073 0.647461 0.246094 0.642578 0.259115 0.640625 0.261719 0.639648 0.274740 0.638672 0.276042 0.638672 0.283854 0.640625 0.287760 0.639648 0.294271 0.642578 0.303385 0.642578 0.313802 0.647461 0.319010 0.651367 0.319010 0.652344 0.320312 0.668945 0.320312 0.678711 0.315104 0.685547 0.308594 0.697266 0.289062 0.700195 0.277344 0.701172 0.261719 0.696289 0.255208 0.690430 0.253906 0.663086 0.233073
0 0.725586 0.259115 0.718750 0.260417 0.717773 0.261719 0.708984 0.261719 0.704102 0.264323 0.700195 0.287760 0.699219 0.289062 0.699219 0.326823 0.703125 0.338542 0.711914 0.350260 0.714844 0.351562 0.722656 0.350260 0.747070 0.334635 0.748047 0.330729 0.755859 0.322917 0.757812 0.315104 0.757812 0.303385 0.756836 0.302083 0.755859 0.290365 0.752930 0.283854 0.746094 0.274740 0.742188 0.266927 0.733398 0.261719 0.730469 0.261719
0 0.638672 0.141927 0.635742 0.143229 0.637695 0.147135 0.629883 0.156250 0.627930 0.162760 0.628906 0.166667 0.628906 0.177083 0.630859 0.182292 0.631836 0.192708 0.635742 0.208333 0.635742 0.221354 0.637695 0.223958 0.639648 0.223958 0.642578 0.226562 0.646484 0.226562 0.650391 0.229167 0.658203 0.229167 0.664062 0.226562 0.676758 0.217448 0.683594 0.207031 0.686523 0.199219 0.686523 0.194010 0.687500 0.192708 0.687500 0.177083 0.686523 0.175781 0.685547 0.167969 0.683594 0.165365 0.678711 0.152344 0.678711 0.148438 0.674805 0.144531 0.666992 0.144531 0.657227 0.140625
0 0.748047 0.170573 0.745117 0.167969 0.731445 0.166667 0.717773 0.173177 0.712891 0.171875 0.697266 0.173177 0.697266 0.174479 0.704102 0.174479 0.705078 0.175781 0.713867 0.175781 0.715820 0.178385 0.709961 0.186198 0.702148 0.192708 0.699219 0.197917 0.697266 0.199219 0.690430 0.199219 0.689453 0.197917 0.684570 0.220052 0.685547 0.225260 0.684570 0.226562 0.684570 0.235677 0.689453 0.240885 0.692383 0.238281 0.694336 0.239583 0.701172 0.248698 0.707031 0.252604 0.716797 0.253906 0.725586 0.250000 0.732422 0.244792 0.733398 0.242188 0.740234 0.235677 0.747070 0.223958 0.753906 0.205729 0.753906 0.188802 0.751953 0.183594 0.751953 0.179688
0 0.749023 0.101562 0.741211 0.106771 0.736328 0.106771 0.729492 0.114583 0.729492 0.119792 0.728516 0.121094 0.728516 0.126302 0.727539 0.127604 0.728516 0.128906 0.728516 0.143229 0.730469 0.148438 0.729492 0.149740 0.729492 0.160156 0.731445 0.165365 0.736328 0.165365 0.737305 0.166667 0.742188 0.166667 0.744141 0.165365 0.746094 0.166667 0.750977 0.174479 0.752930 0.179688 0.753906 0.186198 0.755859 0.187500 0.758789 0.184896 0.764648 0.175781 0.774414 0.166667 0.774414 0.162760 0.778320 0.151042 0.779297 0.140625 0.778320 0.139323 0.777344 0.127604 0.775391 0.123698 0.774414 0.115885 0.771484 0.111979 0.754883 0.101562
0 0.845703 0.173177 0.840820 0.170573 0.836914 0.170573 0.835938 0.169271 0.824219 0.167969 0.823242 0.171875 0.820312 0.175781 0.816406 0.178385 0.813477 0.186198 0.803711 0.196615 0.802734 0.199219 0.802734 0.214844 0.800781 0.222656 0.800781 0.242188 0.805664 0.255208 0.808594 0.257812 0.814453 0.257812 0.817383 0.252604 0.832031 0.252604 0.833008 0.251302 0.838867 0.250000 0.847656 0.243490 0.851562 0.238281 0.856445 0.235677 0.855469 0.205729 0.853516 0.200521 0.850586 0.179688
0 0.807617 0.261719 0.805664 0.260417 0.792969 0.260417 0.791992 0.261719 0.789062 0.261719 0.785156 0.265625 0.781250 0.266927 0.779297 0.269531 0.776367 0.270833 0.762695 0.287760 0.762695 0.291667 0.761719 0.292969 0.761719 0.296875 0.762695 0.298177 0.761719 0.300781 0.761719 0.315104 0.764648 0.324219 0.764648 0.330729 0.766602 0.335938 0.771484 0.342448 0.775391 0.343750 0.776367 0.342448 0.782227 0.341146 0.785156 0.337240 0.788086 0.335938 0.794922 0.329427 0.798828 0.326823 0.800781 0.326823 0.802734 0.324219 0.811523 0.317708 0.817383 0.308594 0.817383 0.302083 0.815430 0.299479 0.816406 0.296875 0.816406 0.286458 0.811523 0.274740 0.810547 0.266927
0 0.796875 0.330729 0.784180 0.341146 0.779297 0.343750 0.776367 0.348958 0.775391 0.369792 0.774414 0.371094 0.774414 0.380208 0.773438 0.382812 0.777344 0.391927 0.781250 0.394531 0.784180 0.399740 0.797852 0.406250 0.809570 0.407552 0.814453 0.410156 0.817383 0.408854 0.828125 0.391927 0.831055 0.389323 0.833008 0.389323 0.833984 0.386719 0.836914 0.384115 0.839844 0.372396 0.841797 0.368490 0.841797 0.361979 0.833984 0.345052 0.827148 0.337240 0.822266 0.334635 0.811523 0.333333 0.802734 0.329427
0 0.809570 0.411458 0.800781 0.411458 0.799805 0.412760 0.797852 0.412760 0.795898 0.415365 0.789062 0.417969 0.782227 0.427083 0.774414 0.434896 0.774414 0.437500 0.773438 0.438802 0.772461 0.455729 0.775391 0.460938 0.775391 0.464844 0.778320 0.463542 0.780273 0.467448 0.784180 0.471354 0.784180 0.475260 0.787109 0.479167 0.789062 0.484375 0.789062 0.490885 0.791016 0.493490 0.793945 0.493490 0.797852 0.496094 0.802734 0.496094 0.803711 0.494792 0.808594 0.493490 0.814453 0.485677 0.817383 0.479167 0.821289 0.473958 0.823242 0.463542 0.830078 0.454427 0.833984 0.445312 0.832031 0.440104 0.820312 0.425781 0.817383 0.419271 0.812500 0.412760 0.810547 0.412760
0 0.747070 0.507812 0.749023 0.510417 0.750977 0.516927 0.749023 0.522135 0.749023 0.527344 0.750000 0.528646 0.749023 0.542969 0.750000 0.544271 0.750000 0.548177 0.751953 0.550781 0.757812 0.553385 0.761719 0.558594 0.764648 0.569010 0.766602 0.570312 0.777344 0.570312 0.778320 0.569010 0.789062 0.569010 0.790039 0.567708 0.793945 0.567708 0.797852 0.563802 0.802734 0.563802 0.812500 0.554688 0.816406 0.539062 0.816406 0.532552 0.815430 0.531250 0.814453 0.523438 0.809570 0.514323 0.806641 0.513021 0.801758 0.514323 0.799805 0.511719 0.782227 0.511719 0.779297 0.513021 0.780273 0.514323 0.779297 0.518229 0.769531 0.519531 0.768555 0.518229 0.762695 0.518229 0.759766 0.515625 0.754883 0.507812 0.750000 0.507812 0.749023 0.506510
0 0.870117 0.264323 0.862305 0.260417 0.859375 0.260417 0.855469 0.263021 0.848633 0.263021 0.840820 0.259115 0.836914 0.261719 0.834961 0.266927 0.832031 0.269531 0.829102 0.274740 0.828125 0.274740 0.827148 0.278646 0.824219 0.282552 0.822266 0.290365 0.820312 0.292969 0.820312 0.305990 0.819336 0.307292 0.819336 0.309896 0.816406 0.313802 0.814453 0.319010 0.816406 0.324219 0.818359 0.326823 0.824219 0.328125 0.829102 0.332031 0.836914 0.333333 0.837891 0.334635 0.848633 0.333333 0.853516 0.330729 0.869141 0.308594 0.874023 0.304688 0.878906 0.294271 0.878906 0.290365 0.879883 0.289062 0.879883 0.286458 0.878906 0.285156 0.878906 0.277344 0.874023 0.268229
0 0.865234 0.399740 0.857422 0.399740 0.853516 0.403646 0.851562 0.403646 0.848633 0.406250 0.844727 0.407552 0.842773 0.410156 0.838867 0.412760 0.835938 0.416667 0.834961 0.421875 0.833984 0.423177 0.833984 0.425781 0.832031 0.428385 0.830078 0.428385 0.832031 0.433594 0.835938 0.438802 0.838867 0.447917 0.840820 0.450521 0.849609 0.454427 0.852539 0.459635 0.858398 0.463542 0.861328 0.463542 0.863281 0.460938 0.865234 0.460938 0.867188 0.458333 0.873047 0.454427 0.879883 0.445312 0.884766 0.432292 0.888672 0.425781 0.888672 0.423177 0.883789 0.416667 0.882812 0.416667 0.875977 0.408854 0.868164 0.403646
0 0.937500 0.442708 0.935547 0.441406 0.932617 0.441406 0.931641 0.440104 0.929688 0.441406 0.927734 0.444010 0.923828 0.446615 0.916016 0.458333 0.910156 0.462240 0.907227 0.466146 0.906250 0.466146 0.903320 0.470052 0.900391 0.471354 0.893555 0.479167 0.892578 0.481771 0.893555 0.492188 0.899414 0.501302 0.901367 0.502604 0.904297 0.502604 0.908203 0.507812 0.910156 0.509115 0.913086 0.509115 0.916016 0.506510 0.923828 0.506510 0.927734 0.503906 0.932617 0.497396 0.934570 0.496094 0.934570 0.494792 0.938477 0.489583 0.945312 0.471354 0.945312 0.458333 0.944336 0.457031 0.944336 0.454427 0.943359 0.451823 0.937500 0.444010
0 0.859375 0.464844 0.855469 0.464844 0.851562 0.462240 0.848633 0.458333 0.839844 0.453125 0.837891 0.450521 0.833984 0.449219 0.831055 0.453125 0.830078 0.457031 0.824219 0.464844 0.823242 0.471354 0.819336 0.477865 0.817383 0.483073 0.812500 0.489583 0.810547 0.494792 0.807617 0.497396 0.807617 0.502604 0.810547 0.507812 0.814453 0.510417 0.818359 0.515625 0.820312 0.520833 0.824219 0.520833 0.825195 0.522135 0.827148 0.522135 0.828125 0.520833 0.833008 0.520833 0.834961 0.518229 0.837891 0.516927 0.844727 0.509115 0.845703 0.509115 0.849609 0.503906 0.850586 0.503906 0.854492 0.498698 0.854492 0.497396 0.860352 0.490885 0.861328 0.488281 0.861328 0.467448
0 0.876953 0.505208 0.869141 0.505208 0.867188 0.510417 0.858398 0.510417 0.857422 0.509115 0.852539 0.516927 0.851562 0.516927 0.849609 0.519531 0.847656 0.519531 0.842773 0.526042 0.840820 0.531250 0.840820 0.537760 0.841797 0.539062 0.841797 0.555990 0.843750 0.561198 0.845703 0.563802 0.844727 0.570312 0.842773 0.574219 0.843750 0.576823 0.849609 0.576823 0.853516 0.579427 0.863281 0.578125 0.864258 0.576823 0.866211 0.576823 0.866211 0.575521 0.875977 0.563802 0.877930 0.563802 0.881836 0.559896 0.882812 0.557292 0.882812 0.552083 0.883789 0.550781 0.883789 0.535156 0.882812 0.533854 0.882812 0.528646 0.881836 0.527344 0.881836 0.513021
0 0.911133 0.523438 0.910156 0.524740 0.904297 0.526042 0.900391 0.528646 0.898438 0.531250 0.895508 0.532552 0.890625 0.539062 0.888672 0.539062 0.886719 0.544271 0.887695 0.545573 0.887695 0.549479 0.888672 0.550781 0.888672 0.566406 0.887695 0.567708 0.888672 0.575521 0.893555 0.580729 0.895508 0.585938 0.895508 0.591146 0.900391 0.597656 0.907227 0.601562 0.912109 0.601562 0.919922 0.596354 0.924805 0.589844 0.924805 0.587240 0.928711 0.582031 0.928711 0.580729 0.932617 0.576823 0.933594 0.574219 0.933594 0.570312 0.937500 0.563802 0.937500 0.561198 0.938477 0.559896 0.937500 0.557292 0.937500 0.553385 0.930664 0.545573 0.930664 0.544271 0.919922 0.529948 0.919922 0.528646 0.916016 0.524740 0.912109 0.524740
0 0.889648 0.595052 0.885742 0.597656 0.881836 0.602865 0.881836 0.605469 0.879883 0.609375 0.879883 0.611979 0.878906 0.613281 0.878906 0.625000 0.877930 0.626302 0.877930 0.630208 0.875977 0.635417 0.872070 0.641927 0.873047 0.652344 0.879883 0.657552 0.881836 0.657552 0.883789 0.660156 0.886719 0.661458 0.890625 0.665365 0.893555 0.665365 0.897461 0.667969 0.905273 0.667969 0.911133 0.664062 0.912109 0.661458 0.912109 0.657552 0.914062 0.654948 0.919922 0.651042 0.923828 0.644531 0.924805 0.639323 0.925781 0.638021 0.925781 0.626302 0.923828 0.621094 0.920898 0.617188 0.919922 0.617188 0.916016 0.611979 0.915039 0.611979 0.909180 0.605469 0.905273 0.602865 0.900391 0.601562 0.895508 0.596354
0 0.849609 0.598958 0.846680 0.598958 0.845703 0.597656 0.836914 0.597656 0.835938 0.598958 0.832031 0.598958 0.831055 0.600260 0.828125 0.600260 0.820312 0.605469 0.816406 0.610677 0.815430 0.614583 0.813477 0.617188 0.811523 0.622396 0.811523 0.626302 0.812500 0.627604 0.812500 0.630208 0.813477 0.631510 0.813477 0.634115 0.814453 0.636719 0.824219 0.649740 0.826172 0.656250 0.830078 0.660156 0.835938 0.660156 0.836914 0.658854 0.838867 0.658854 0.840820 0.657552 0.847656 0.649740 0.848633 0.649740 0.856445 0.636719 0.856445 0.634115 0.858398 0.628906 0.858398 0.611979 0.857422 0.610677 0.856445 0.604167 0.853516 0.602865
0 0.797852 0.578125 0.794922 0.574219 0.791016 0.571615 0.788086 0.571615 0.787109 0.570312 0.778320 0.570312 0.777344 0.571615 0.763672 0.571615 0.761719 0.575521 0.761719 0.579427 0.760742 0.580729 0.760742 0.588542 0.759766 0.589844 0.759766 0.595052 0.754883 0.608073 0.754883 0.611979 0.757812 0.615885 0.757812 0.617188 0.760742 0.619792 0.773438 0.619792 0.774414 0.618490 0.779297 0.618490 0.780273 0.617188 0.783203 0.617188 0.784180 0.615885 0.786133 0.615885 0.787109 0.614583 0.791992 0.613281 0.793945 0.610677 0.799805 0.608073 0.802734 0.604167 0.803711 0.601562 0.803711 0.592448 0.800781 0.587240
0 0.978516 0.604167 0.974609 0.601562 0.971680 0.601562 0.970703 0.600260 0.967773 0.600260 0.966797 0.598958 0.958008 0.597656 0.955078 0.600260 0.942383 0.601562 0.938477 0.605469 0.938477 0.613281 0.939453 0.614583 0.939453 0.617188 0.936523 0.625000 0.936523 0.627604 0.934570 0.631510 0.934570 0.634115 0.936523 0.638021 0.936523 0.641927 0.938477 0.647135 0.936523 0.664062 0.938477 0.664062 0.939453 0.665365 0.944336 0.665365 0.945312 0.664062 0.960938 0.664062 0.961914 0.662760 0.969727 0.660156 0.970703 0.652344 0.972656 0.648438 0.972656 0.644531 0.973633 0.643229 0.975586 0.628906 0.976562 0.627604 0.976562 0.619792 0.977539 0.618490 0.977539 0.614583 0.978516 0.613281 0.978516 0.609375 0.979492 0.608073
