0 0.085938 0.014323 0.080078 0.023438 0.071289 0.029948 0.064453 0.040365 0.061523 0.052083 0.056641 0.059896 0.055664 0.063802 0.056641 0.075521 0.062500 0.083333 0.064453 0.091146 0.068359 0.095052 0.071289 0.101562 0.082031 0.111979 0.091797 0.115885 0.107422 0.115885 0.111328 0.118490 0.115234 0.118490 0.117188 0.115885 0.121094 0.102865 0.124023 0.097656 0.126953 0.084635 0.121094 0.070312 0.118164 0.066406 0.111328 0.050781 0.107422 0.045573 0.107422 0.032552 0.104492 0.027344 0.090820 0.013021 0.089844 0.014323
0 0.037109 0.144531 0.033203 0.149740 0.020508 0.157552 0.018555 0.161458 0.006836 0.169271 0.001953 0.175781 0.000000 0.175781 0.000000 0.214844 0.013672 0.231771 0.018555 0.240885 0.031250 0.247396 0.037109 0.247396 0.041016 0.242188 0.046875 0.238281 0.056641 0.235677 0.056641 0.231771 0.059570 0.227865 0.061523 0.221354 0.061523 0.214844 0.058594 0.205729 0.058594 0.197917 0.060547 0.195312 0.065430 0.199219 0.064453 0.204427 0.071289 0.210938 0.070312 0.203125 0.068359 0.197917 0.065430 0.195312 0.065430 0.190104 0.068359 0.186198 0.068359 0.182292 0.065430 0.180990 0.063477 0.184896 0.063477 0.190104 0.060547 0.192708 0.058594 0.190104 0.058594 0.180990 0.056641 0.178385 0.064453 0.177083 0.065430 0.174479 0.060547 0.166667 0.052734 0.160156 0.050781 0.153646
0 0.050781 0.239583 0.047852 0.240885 0.040039 0.248698 0.033203 0.252604 0.030273 0.256510 0.030273 0.265625 0.031250 0.266927 0.030273 0.270833 0.030273 0.274740 0.031250 0.276042 0.031250 0.290365 0.033203 0.296875 0.034180 0.307292 0.038086 0.319010 0.046875 0.328125 0.054688 0.328125 0.062500 0.332031 0.068359 0.332031 0.072266 0.329427 0.080078 0.320312 0.086914 0.315104 0.090820 0.313802 0.092773 0.311198 0.093750 0.307292 0.093750 0.291667 0.089844 0.282552 0.073242 0.263021 0.066406 0.250000 0.062500 0.246094 0.062500 0.243490 0.058594 0.239583
0 0.090820 0.180990 0.081055 0.188802 0.077148 0.194010 0.075195 0.207031 0.074219 0.208333 0.074219 0.216146 0.073242 0.217448 0.073242 0.225260 0.071289 0.231771 0.071289 0.238281 0.069336 0.244792 0.069336 0.252604 0.072266 0.259115 0.091797 0.282552 0.096680 0.283854 0.097656 0.282552 0.104492 0.281250 0.109375 0.276042 0.115234 0.274740 0.129883 0.251302 0.130859 0.242188 0.128906 0.239583 0.125977 0.230469 0.125000 0.221354 0.121094 0.205729 0.112305 0.192708 0.109375 0.190104 0.108398 0.184896 0.102539 0.184896 0.099609 0.182292
0 0.119141 0.311198 0.116211 0.311198 0.113281 0.316406 0.104492 0.319010 0.099609 0.319010 0.095703 0.316406 0.086914 0.317708 0.081055 0.321615 0.072266 0.330729 0.066406 0.345052 0.067383 0.351562 0.070312 0.356771 0.074219 0.371094 0.079102 0.382812 0.093750 0.403646 0.099609 0.408854 0.111328 0.411458 0.119141 0.406250 0.130859 0.386719 0.132812 0.386719 0.134766 0.384115 0.137695 0.386719 0.138672 0.381510 0.136719 0.376302 0.143555 0.361979 0.142578 0.356771 0.143555 0.341146 0.141602 0.334635 0.139648 0.333333 0.135742 0.324219 0.128906 0.315104
0 0.098633 0.412760 0.091797 0.417969 0.083008 0.421875 0.077148 0.429688 0.076172 0.433594 0.076172 0.451823 0.079102 0.459635 0.081055 0.470052 0.083984 0.475260 0.085938 0.481771 0.096680 0.493490 0.103516 0.497396 0.108398 0.502604 0.115234 0.502604 0.122070 0.497396 0.125000 0.497396 0.130859 0.493490 0.132812 0.489583 0.132812 0.481771 0.130859 0.476562 0.125977 0.468750 0.119141 0.449219 0.119141 0.440104 0.123047 0.424479 0.113281 0.415365 0.107422 0.412760
0 0.109375 0.510417 0.107422 0.515625 0.107422 0.523438 0.106445 0.524740 0.106445 0.565104 0.107422 0.567708 0.111328 0.570312 0.118164 0.579427 0.124023 0.582031 0.127930 0.582031 0.128906 0.583333 0.143555 0.583333 0.144531 0.582031 0.154297 0.582031 0.156250 0.580729 0.159180 0.575521 0.156250 0.569010 0.158203 0.561198 0.157227 0.552083 0.159180 0.545573 0.161133 0.542969 0.161133 0.537760 0.158203 0.537760 0.157227 0.536458 0.157227 0.524740 0.156250 0.520833 0.151367 0.515625 0.148438 0.515625 0.140625 0.509115 0.134766 0.507812 0.129883 0.501302 0.121094 0.505208 0.117188 0.505208
0 0.096680 0.578125 0.092773 0.591146 0.091797 0.606771 0.094727 0.613281 0.095703 0.619792 0.097656 0.622396 0.099609 0.635417 0.101562 0.636719 0.102539 0.641927 0.104492 0.641927 0.107422 0.639323 0.113281 0.643229 0.132812 0.643229 0.133789 0.644531 0.148438 0.644531 0.150391 0.645833 0.159180 0.639323 0.162109 0.628906 0.162109 0.625000 0.161133 0.623698 0.161133 0.618490 0.159180 0.611979 0.159180 0.605469 0.157227 0.596354 0.151367 0.585938 0.146484 0.584635 0.140625 0.587240 0.133789 0.584635 0.121094 0.583333 0.117188 0.580729 0.107422 0.569010 0.105469 0.570312 0.105469 0.572917 0.102539 0.576823 0.099609 0.575521
0 0.239258 0.557292 0.228516 0.555990 0.227539 0.557292 0.217773 0.558594 0.205078 0.567708 0.201172 0.566406 0.193359 0.575521 0.191406 0.582031 0.190430 0.601562 0.191406 0.602865 0.191406 0.613281 0.195312 0.618490 0.194336 0.627604 0.201172 0.628906 0.224609 0.643229 0.228516 0.640625 0.231445 0.640625 0.244141 0.625000 0.245117 0.618490 0.249023 0.608073 0.249023 0.600260 0.246094 0.593750 0.239258 0.584635 0.239258 0.580729 0.235352 0.574219 0.237305 0.567708 0.242188 0.566406 0.245117 0.570312 0.245117 0.576823 0.243164 0.579427 0.248047 0.579427 0.248047 0.566406 0.249023 0.565104 0.245117 0.562500 0.244141 0.559896
0 0.214844 0.464844 0.205078 0.471354 0.194336 0.484375 0.194336 0.497396 0.196289 0.501302 0.196289 0.506510 0.199219 0.511719 0.200195 0.523438 0.201172 0.524740 0.203125 0.535156 0.207031 0.540365 0.209961 0.541667 0.211914 0.544271 0.215820 0.545573 0.219727 0.549479 0.224609 0.550781 0.233398 0.545573 0.235352 0.545573 0.242188 0.537760 0.248047 0.533854 0.251953 0.527344 0.251953 0.523438 0.249023 0.519531 0.249023 0.503906 0.250000 0.502604 0.250000 0.496094 0.249023 0.494792 0.248047 0.488281 0.243164 0.485677 0.237305 0.479167 0.231445 0.477865 0.225586 0.470052 0.225586 0.468750 0.219727 0.464844
0 0.124023 0.427083 0.121094 0.436198 0.121094 0.447917 0.125977 0.464844 0.129883 0.470052 0.134766 0.480469 0.137695 0.480469 0.138672 0.481771 0.153320 0.481771 0.166016 0.488281 0.173828 0.488281 0.181641 0.483073 0.185547 0.476562 0.188477 0.464844 0.186523 0.459635 0.187500 0.458333 0.187500 0.444010 0.189453 0.440104 0.189453 0.434896 0.187500 0.432292 0.185547 0.425781 0.181641 0.421875 0.179688 0.421875 0.176758 0.417969 0.169922 0.414062 0.158203 0.412760 0.153320 0.410156 0.144531 0.410156 0.139648 0.412760 0.135742 0.416667 0.130859 0.416667
0 0.176758 0.268229 0.175781 0.269531 0.168945 0.268229 0.158203 0.273438 0.142578 0.274740 0.141602 0.276042 0.136719 0.276042 0.130859 0.278646 0.130859 0.286458 0.132812 0.290365 0.133789 0.313802 0.141602 0.332031 0.148438 0.341146 0.150391 0.347656 0.153320 0.351562 0.155273 0.351562 0.158203 0.354167 0.185547 0.351562 0.187500 0.345052 0.190430 0.341146 0.192383 0.334635 0.198242 0.322917 0.199219 0.308594 0.203125 0.296875 0.202148 0.290365 0.192383 0.283854 0.185547 0.273438
0 0.239258 0.162760 0.235352 0.162760 0.230469 0.157552 0.225586 0.157552 0.224609 0.156250 0.208008 0.156250 0.199219 0.158854 0.194336 0.164062 0.183594 0.169271 0.180664 0.173177 0.177734 0.182292 0.177734 0.191406 0.179688 0.201823 0.184570 0.213542 0.192383 0.244792 0.198242 0.260417 0.202148 0.261719 0.203125 0.260417 0.220703 0.260417 0.224609 0.259115 0.226562 0.255208 0.229492 0.253906 0.232422 0.250000 0.234375 0.250000 0.234375 0.247396 0.238281 0.239583 0.242188 0.236979 0.243164 0.230469 0.245117 0.229167 0.247070 0.220052 0.246094 0.218750 0.245117 0.192708 0.241211 0.180990 0.240234 0.164062
0 0.185547 0.122396 0.180664 0.125000 0.174805 0.134115 0.172852 0.134115 0.170898 0.136719 0.168945 0.136719 0.161133 0.143229 0.159180 0.145833 0.157227 0.151042 0.156250 0.158854 0.155273 0.160156 0.155273 0.167969 0.157227 0.173177 0.163086 0.180990 0.165039 0.186198 0.171875 0.195312 0.171875 0.196615 0.175781 0.201823 0.175781 0.204427 0.176758 0.205729 0.178711 0.204427 0.177734 0.203125 0.177734 0.194010 0.176758 0.192708 0.176758 0.182292 0.177734 0.180990 0.177734 0.177083 0.178711 0.174479 0.183594 0.167969 0.188477 0.164062 0.192383 0.162760 0.196289 0.157552 0.201172 0.154948 0.203125 0.152344 0.203125 0.145833 0.202148 0.144531 0.202148 0.141927 0.199219 0.136719 0.197266 0.130208 0.193359 0.125000 0.191406 0.125000 0.190430 0.123698 0.186523 0.123698
0 0.282227 0.042969 0.277344 0.042969 0.264648 0.048177 0.253906 0.058594 0.247070 0.062500 0.240234 0.074219 0.236328 0.084635 0.236328 0.096354 0.253906 0.125000 0.264648 0.145833 0.268555 0.151042 0.274414 0.153646 0.278320 0.153646 0.285156 0.145833 0.287109 0.138021 0.291016 0.132812 0.296875 0.131510 0.300781 0.122396 0.305664 0.115885 0.302734 0.114583 0.299805 0.110677 0.299805 0.104167 0.301758 0.100260 0.301758 0.096354 0.296875 0.085938 0.296875 0.075521 0.295898 0.074219 0.295898 0.070312 0.297852 0.067708 0.301758 0.069010 0.302734 0.065104 0.292969 0.053385 0.291016 0.053385 0.287109 0.049479 0.284180 0.049479
0 0.291016 0.135417 0.289062 0.138021 0.289062 0.141927 0.286133 0.147135 0.286133 0.149740 0.278320 0.158854 0.275391 0.164062 0.270508 0.179688 0.265625 0.186198 0.266602 0.196615 0.271484 0.201823 0.275391 0.213542 0.282227 0.226562 0.293945 0.238281 0.300781 0.238281 0.305664 0.240885 0.313477 0.240885 0.314453 0.242188 0.323242 0.242188 0.325195 0.239583 0.330078 0.240885 0.333984 0.238281 0.337891 0.231771 0.335938 0.225260 0.341797 0.210938 0.341797 0.205729 0.343750 0.201823 0.343750 0.190104 0.341797 0.184896 0.343750 0.174479 0.341797 0.171875 0.341797 0.169271 0.333984 0.158854 0.321289 0.151042 0.314453 0.151042 0.300781 0.140625 0.297852 0.136719
0 0.278320 0.253906 0.274414 0.257812 0.270508 0.266927 0.265625 0.272135 0.264648 0.276042 0.259766 0.282552 0.259766 0.285156 0.255859 0.289062 0.255859 0.308594 0.257812 0.312500 0.257812 0.316406 0.260742 0.325521 0.265625 0.332031 0.266602 0.335938 0.271484 0.341146 0.274414 0.342448 0.280273 0.341146 0.286133 0.343750 0.291992 0.343750 0.295898 0.341146 0.298828 0.337240 0.302734 0.328125 0.311523 0.315104 0.313477 0.308594 0.319336 0.299479 0.321289 0.292969 0.323242 0.290365 0.323242 0.282552 0.314453 0.269531 0.314453 0.266927 0.311523 0.266927 0.309570 0.263021 0.304688 0.264323 0.303711 0.263021 0.300781 0.263021 0.296875 0.259115 0.291016 0.259115 0.285156 0.253906
0 0.293945 0.355469 0.291016 0.355469 0.285156 0.350260 0.273438 0.350260 0.268555 0.352865 0.258789 0.369792 0.253906 0.375000 0.247070 0.388021 0.240234 0.395833 0.239258 0.398438 0.239258 0.404948 0.243164 0.416667 0.247070 0.423177 0.254883 0.432292 0.255859 0.436198 0.258789 0.440104 0.268555 0.440104 0.272461 0.437500 0.276367 0.437500 0.280273 0.434896 0.286133 0.433594 0.295898 0.421875 0.297852 0.415365 0.302734 0.410156 0.303711 0.406250 0.302734 0.397135 0.303711 0.395833 0.303711 0.389323 0.305664 0.382812 0.305664 0.376302 0.302734 0.367188 0.299805 0.364583
0 0.293945 0.449219 0.291992 0.451823 0.290039 0.451823 0.287109 0.454427 0.281250 0.462240 0.277344 0.470052 0.277344 0.473958 0.275391 0.480469 0.275391 0.492188 0.278320 0.501302 0.277344 0.503906 0.278320 0.514323 0.290039 0.522135 0.291992 0.522135 0.295898 0.526042 0.297852 0.526042 0.306641 0.536458 0.317383 0.537760 0.319336 0.535156 0.326172 0.532552 0.328125 0.529948 0.333008 0.527344 0.333008 0.526042 0.334961 0.523438 0.336914 0.523438 0.340820 0.516927 0.339844 0.514323 0.339844 0.500000 0.340820 0.498698 0.339844 0.489583 0.333008 0.479167 0.324219 0.473958 0.311523 0.462240 0.303711 0.457031 0.298828 0.450521
0 0.274414 0.519531 0.266602 0.531250 0.264648 0.536458 0.258789 0.541667 0.258789 0.549479 0.262695 0.553385 0.262695 0.557292 0.267578 0.572917 0.275391 0.587240 0.284180 0.593750 0.286133 0.593750 0.289062 0.596354 0.291992 0.596354 0.292969 0.597656 0.296875 0.597656 0.297852 0.598958 0.303711 0.597656 0.307617 0.595052 0.312500 0.588542 0.313477 0.584635 0.321289 0.570312 0.317383 0.557292 0.308594 0.541667 0.298828 0.535156 0.289062 0.523438 0.278320 0.518229 0.277344 0.519531
0 0.287109 0.636719 0.281250 0.634115 0.274414 0.634115 0.273438 0.635417 0.264648 0.635417 0.263672 0.636719 0.260742 0.636719 0.257812 0.639323 0.248047 0.639323 0.244141 0.635417 0.236328 0.641927 0.234375 0.648438 0.234375 0.653646 0.231445 0.658854 0.231445 0.664062 0.239258 0.686198 0.242188 0.691406 0.242188 0.694010 0.248047 0.700521 0.252930 0.701823 0.254883 0.704427 0.258789 0.701823 0.262695 0.704427 0.266602 0.704427 0.267578 0.703125 0.275391 0.703125 0.276367 0.701823 0.284180 0.700521 0.290039 0.694010 0.293945 0.691406 0.295898 0.688802 0.293945 0.686198 0.293945 0.679688 0.295898 0.673177 0.295898 0.660156 0.292969 0.652344 0.292969 0.648438
0 0.364258 0.653646 0.358398 0.652344 0.352539 0.654948 0.335938 0.654948 0.326172 0.651042 0.319336 0.656250 0.313477 0.665365 0.311523 0.671875 0.307617 0.677083 0.304688 0.686198 0.302734 0.688802 0.302734 0.692708 0.301758 0.694010 0.304688 0.697917 0.305664 0.707031 0.307617 0.710938 0.308594 0.717448 0.312500 0.722656 0.314453 0.722656 0.320312 0.729167 0.323242 0.730469 0.327148 0.735677 0.333008 0.739583 0.337891 0.739583 0.343750 0.733073 0.356445 0.723958 0.357422 0.720052 0.364258 0.708333 0.369141 0.690104 0.370117 0.665365 0.371094 0.664062 0.370117 0.660156
0 0.392578 0.727865 0.390625 0.727865 0.386719 0.725260 0.382812 0.725260 0.381836 0.726562 0.371094 0.729167 0.366211 0.733073 0.361328 0.734375 0.357422 0.738281 0.352539 0.736979 0.347656 0.739583 0.344727 0.743490 0.341797 0.751302 0.341797 0.759115 0.342773 0.760417 0.343750 0.766927 0.347656 0.774740 0.348633 0.778646 0.353516 0.785156 0.355469 0.785156 0.358398 0.787760 0.360352 0.787760 0.364258 0.790365 0.376953 0.790365 0.377930 0.789062 0.388672 0.787760 0.393555 0.785156 0.395508 0.782552 0.395508 0.779948 0.396484 0.778646 0.398438 0.769531 0.402344 0.763021 0.402344 0.746094 0.397461 0.738281 0.396484 0.734375
0 0.332031 0.574219 0.325195 0.583333 0.321289 0.585938 0.319336 0.585938 0.320312 0.587240 0.320312 0.591146 0.317383 0.593750 0.316406 0.598958 0.310547 0.610677 0.312500 0.618490 0.315430 0.619792 0.318359 0.623698 0.319336 0.627604 0.324219 0.635417 0.326172 0.643229 0.330078 0.648438 0.333008 0.648438 0.333984 0.649740 0.343750 0.649740 0.344727 0.648438 0.349609 0.648438 0.350586 0.647135 0.355469 0.647135 0.356445 0.645833 0.358398 0.645833 0.369141 0.638021 0.372070 0.634115 0.375000 0.626302 0.375000 0.614583 0.357422 0.589844 0.357422 0.588542 0.350586 0.578125 0.350586 0.575521 0.349609 0.574219 0.347656 0.574219 0.346680 0.572917 0.335938 0.572917 0.334961 0.574219
0 0.321289 0.376302 0.321289 0.378906 0.317383 0.381510 0.313477 0.386719 0.312500 0.390625 0.309570 0.393229 0.309570 0.397135 0.305664 0.408854 0.306641 0.454427 0.311523 0.460938 0.330078 0.475260 0.335938 0.475260 0.347656 0.464844 0.357422 0.453125 0.364258 0.447917 0.369141 0.440104 0.370117 0.436198 0.369141 0.417969 0.366211 0.407552 0.366211 0.398438 0.363281 0.391927 0.356445 0.390625 0.353516 0.385417 0.347656 0.380208 0.341797 0.377604 0.336914 0.377604 0.333008 0.380208 0.329102 0.385417 0.324219 0.384115 0.323242 0.382812 0.328125 0.377604 0.327148 0.376302
0 0.361328 0.272135 0.350586 0.273438 0.345703 0.276042 0.339844 0.276042 0.333008 0.278646 0.325195 0.289062 0.323242 0.309896 0.317383 0.320312 0.315430 0.325521 0.315430 0.330729 0.317383 0.337240 0.321289 0.342448 0.327148 0.356771 0.334961 0.365885 0.343750 0.367188 0.357422 0.361979 0.360352 0.358073 0.365234 0.356771 0.375000 0.348958 0.384766 0.338542 0.385742 0.334635 0.388672 0.330729 0.388672 0.325521 0.382812 0.319010 0.380859 0.313802 0.382812 0.311198 0.382812 0.303385 0.375000 0.295573 0.374023 0.289062 0.370117 0.286458 0.365234 0.278646 0.364258 0.274740
0 0.375977 0.033854 0.343750 0.078125 0.338867 0.089844 0.339844 0.104167 0.344727 0.118490 0.361328 0.141927 0.368164 0.145833 0.388672 0.145833 0.397461 0.141927 0.400391 0.145833 0.402344 0.143229 0.404297 0.143229 0.405273 0.136719 0.412109 0.134115 0.413086 0.130208 0.411133 0.127604 0.413086 0.125000 0.416016 0.125000 0.418945 0.127604 0.422852 0.125000 0.421875 0.114583 0.414062 0.105469 0.416016 0.098958 0.421875 0.089844 0.421875 0.087240 0.416016 0.075521 0.412109 0.071615 0.404297 0.057292 0.393555 0.042969 0.386719 0.040365 0.381836 0.035156
0 0.508789 0.011719 0.500000 0.007812 0.481445 0.009115 0.475586 0.013021 0.461914 0.031250 0.457031 0.035156 0.456055 0.037760 0.455078 0.083333 0.456055 0.084635 0.456055 0.089844 0.460938 0.104167 0.465820 0.110677 0.470703 0.109375 0.473633 0.106771 0.477539 0.106771 0.480469 0.109375 0.486328 0.109375 0.490234 0.106771 0.503906 0.093750 0.506836 0.092448 0.524414 0.067708 0.524414 0.046875 0.521484 0.032552 0.517578 0.023438
0 0.435547 0.113281 0.427734 0.121094 0.422852 0.132812 0.421875 0.147135 0.418945 0.153646 0.417969 0.160156 0.418945 0.170573 0.426758 0.180990 0.430664 0.190104 0.438477 0.200521 0.441406 0.201823 0.443359 0.205729 0.451172 0.210938 0.456055 0.212240 0.469727 0.210938 0.474609 0.204427 0.471680 0.204427 0.468750 0.200521 0.473633 0.196615 0.490234 0.174479 0.492188 0.149740 0.474609 0.128906 0.464844 0.121094 0.460938 0.115885 0.458984 0.115885 0.450195 0.108073 0.446289 0.108073
0 0.422852 0.197917 0.416992 0.194010 0.405273 0.192708 0.404297 0.194010 0.398438 0.194010 0.393555 0.196615 0.383789 0.197917 0.379883 0.200521 0.375977 0.205729 0.369141 0.230469 0.368164 0.243490 0.367188 0.244792 0.367188 0.253906 0.369141 0.261719 0.367188 0.270833 0.367188 0.277344 0.370117 0.282552 0.377930 0.285156 0.378906 0.283854 0.386719 0.283854 0.387695 0.282552 0.409180 0.281250 0.410156 0.279948 0.423828 0.278646 0.429688 0.273438 0.434570 0.256510 0.435547 0.247396 0.439453 0.240885 0.440430 0.231771 0.434570 0.217448 0.424805 0.203125 0.424805 0.200521
0 0.471680 0.251302 0.460938 0.251302 0.455078 0.253906 0.447266 0.253906 0.441406 0.256510 0.437500 0.260417 0.437500 0.266927 0.434570 0.274740 0.429688 0.302083 0.426758 0.311198 0.426758 0.322917 0.428711 0.326823 0.436523 0.333333 0.442383 0.342448 0.446289 0.342448 0.447266 0.343750 0.458008 0.342448 0.461914 0.338542 0.471680 0.339844 0.479492 0.335938 0.482422 0.332031 0.485352 0.330729 0.490234 0.321615 0.491211 0.311198 0.495117 0.303385 0.494141 0.302083 0.494141 0.294271 0.493164 0.292969 0.492188 0.283854 0.488281 0.277344 0.486328 0.270833
0 0.401367 0.337240 0.391602 0.341146 0.387695 0.341146 0.380859 0.345052 0.377930 0.348958 0.373047 0.351562 0.367188 0.360677 0.369141 0.410156 0.371094 0.417969 0.375000 0.424479 0.378906 0.425781 0.382812 0.429688 0.391602 0.434896 0.400391 0.433594 0.404297 0.427083 0.418945 0.416667 0.428711 0.404948 0.428711 0.397135 0.431641 0.388021 0.431641 0.384115 0.435547 0.368490 0.434570 0.361979 0.432617 0.358073 0.423828 0.346354 0.413086 0.343750 0.409180 0.339844 0.404297 0.339844
0 0.503906 0.348958 0.495117 0.343750 0.478516 0.343750 0.477539 0.345052 0.464844 0.346354 0.457031 0.350260 0.453125 0.355469 0.440430 0.363281 0.436523 0.369792 0.432617 0.394531 0.433594 0.411458 0.437500 0.424479 0.445312 0.433594 0.454102 0.438802 0.469727 0.438802 0.479492 0.441406 0.485352 0.434896 0.493164 0.423177 0.501953 0.415365 0.506836 0.407552 0.507812 0.394531 0.510742 0.385417 0.510742 0.375000 0.506836 0.354167
0 0.437500 0.429688 0.421875 0.428385 0.414062 0.432292 0.407227 0.433594 0.404297 0.437500 0.402344 0.445312 0.399414 0.449219 0.399414 0.460938 0.403320 0.475260 0.409180 0.511719 0.411133 0.515625 0.430664 0.515625 0.453125 0.500000 0.458984 0.492188 0.461914 0.481771 0.460938 0.467448 0.458008 0.460938 0.460938 0.454427 0.458008 0.451823 0.457031 0.453125 0.458008 0.460938 0.455078 0.462240 0.450195 0.454427 0.450195 0.450521 0.452148 0.445312 0.450195 0.442708 0.449219 0.444010 0.450195 0.450521 0.447266 0.451823 0.440430 0.444010 0.440430 0.441406 0.443359 0.440104 0.442383 0.434896 0.440430 0.440104 0.437500 0.438802 0.436523 0.434896
0 0.449219 0.548177 0.447266 0.545573 0.439453 0.544271 0.436523 0.546875 0.433594 0.546875 0.432617 0.548177 0.423828 0.546875 0.419922 0.549479 0.418945 0.548177 0.415039 0.548177 0.412109 0.550781 0.406250 0.552083 0.405273 0.553385 0.400391 0.552083 0.399414 0.553385 0.399414 0.557292 0.398438 0.559896 0.399414 0.561198 0.399414 0.569010 0.400391 0.570312 0.400391 0.580729 0.401367 0.582031 0.401367 0.587240 0.404297 0.595052 0.405273 0.595052 0.408203 0.600260 0.410156 0.601562 0.414062 0.601562 0.415039 0.600260 0.423828 0.600260 0.424805 0.598958 0.428711 0.598958 0.429688 0.597656 0.433594 0.597656 0.434570 0.596354 0.444336 0.595052 0.445312 0.593750 0.451172 0.593750 0.453125 0.592448 0.456055 0.587240 0.456055 0.583333 0.455078 0.582031 0.455078 0.572917 0.454102 0.571615 0.454102 0.561198
0 0.404297 0.628906 0.404297 0.631510 0.401367 0.636719 0.399414 0.643229 0.398438 0.660156 0.397461 0.661458 0.396484 0.673177 0.394531 0.679688 0.394531 0.687500 0.393555 0.688802 0.394531 0.694010 0.403320 0.704427 0.413086 0.709635 0.424805 0.708333 0.425781 0.707031 0.429688 0.707031 0.430664 0.705729 0.435547 0.705729 0.441406 0.700521 0.444336 0.695312 0.444336 0.682292 0.446289 0.678385 0.446289 0.673177 0.447266 0.671875 0.446289 0.647135 0.443359 0.639323 0.443359 0.636719 0.439453 0.628906 0.438477 0.628906 0.437500 0.634115 0.434570 0.638021 0.430664 0.635417 0.429688 0.636719 0.426758 0.636719 0.425781 0.635417 0.408203 0.634115 0.406250 0.632812
0 0.421875 0.731771 0.419922 0.736979 0.416992 0.736979 0.416016 0.735677 0.412109 0.736979 0.411133 0.744792 0.410156 0.746094 0.409180 0.753906 0.408203 0.755208 0.408203 0.759115 0.407227 0.760417 0.406250 0.772135 0.404297 0.777344 0.404297 0.789062 0.406250 0.794271 0.412109 0.800781 0.418945 0.803385 0.425781 0.808594 0.430664 0.808594 0.433594 0.804688 0.437500 0.802083 0.443359 0.800781 0.452148 0.786458 0.454102 0.779948 0.456055 0.777344 0.456055 0.774740 0.455078 0.773438 0.455078 0.765625 0.454102 0.764323 0.454102 0.755208 0.450195 0.750000 0.446289 0.748698 0.438477 0.739583 0.435547 0.739583 0.433594 0.738281 0.427734 0.731771
0 0.459961 0.798177 0.451172 0.798177 0.444336 0.803385 0.437500 0.804688 0.433594 0.807292 0.428711 0.812500 0.427734 0.815104 0.427734 0.819010 0.425781 0.824219 0.425781 0.842448 0.424805 0.843750 0.424805 0.846354 0.425781 0.847656 0.426758 0.852865 0.434570 0.864583 0.436523 0.864583 0.437500 0.865885 0.454102 0.865885 0.455078 0.864583 0.460938 0.863281 0.466797 0.859375 0.466797 0.858073 0.470703 0.851562 0.471680 0.847656 0.473633 0.846354 0.473633 0.841146 0.471680 0.838542 0.470703 0.835938 0.470703 0.832031 0.469727 0.830729 0.471680 0.826823 0.470703 0.819010 0.468750 0.813802 0.464844 0.809896 0.464844 0.807292 0.461914 0.803385
0 0.475586 0.881510 0.475586 0.888021 0.476562 0.889323 0.476562 0.891927 0.480469 0.894531 0.482422 0.898438 0.487305 0.903646 0.490234 0.903646 0.491211 0.904948 0.494141 0.904948 0.499023 0.907552 0.513672 0.907552 0.514648 0.906250 0.519531 0.906250 0.520508 0.904948 0.523438 0.904948 0.524414 0.903646 0.532227 0.901042 0.534180 0.898438 0.536133 0.893229 0.536133 0.881510 0.538086 0.877604 0.537109 0.871094 0.539062 0.867188 0.539062 0.864583 0.538086 0.863281 0.538086 0.860677 0.536133 0.858073 0.533203 0.858073 0.530273 0.860677 0.525391 0.860677 0.517578 0.851562 0.515625 0.851562 0.514648 0.852865 0.500977 0.852865 0.497070 0.850260 0.496094 0.851562 0.491211 0.852865 0.488281 0.856771 0.481445 0.869792 0.480469 0.873698
0 0.543945 0.834635 0.540039 0.845052 0.540039 0.850260 0.539062 0.851562 0.539062 0.856771 0.540039 0.858073 0.540039 0.861979 0.541016 0.863281 0.541016 0.873698 0.538086 0.881510 0.539062 0.890625 0.540039 0.891927 0.550781 0.891927 0.551758 0.893229 0.567383 0.893229 0.569336 0.891927 0.573242 0.886719 0.576172 0.878906 0.578125 0.876302 0.578125 0.873698 0.581055 0.865885 0.581055 0.861979 0.582031 0.860677 0.582031 0.856771 0.583008 0.855469 0.583008 0.850260 0.582031 0.848958 0.579102 0.848958 0.575195 0.846354 0.572266 0.846354 0.569336 0.843750 0.564453 0.843750 0.563477 0.842448 0.560547 0.842448 0.548828 0.833333 0.545898 0.833333
0 0.591797 0.854167 0.590820 0.859375 0.589844 0.860677 0.589844 0.863281 0.587891 0.867188 0.587891 0.875000 0.588867 0.877604 0.594727 0.885417 0.596680 0.893229 0.606445 0.901042 0.609375 0.901042 0.610352 0.902344 0.616211 0.902344 0.617188 0.901042 0.635742 0.902344 0.637695 0.901042 0.639648 0.895833 0.639648 0.893229 0.641602 0.890625 0.642578 0.886719 0.646484 0.881510 0.646484 0.876302 0.644531 0.872396 0.639648 0.869792 0.634766 0.864583 0.628906 0.860677 0.622070 0.851562 0.618164 0.851562 0.617188 0.850260 0.612305 0.850260 0.611328 0.851562 0.609375 0.850260 0.601562 0.850260 0.600586 0.851562 0.594727 0.851562 0.592773 0.854167
0 0.523438 0.777344 0.517578 0.774740 0.514648 0.776042 0.506836 0.776042 0.504883 0.774740 0.503906 0.776042 0.496094 0.777344 0.491211 0.783854 0.491211 0.786458 0.485352 0.799479 0.478516 0.805990 0.475586 0.813802 0.475586 0.825521 0.477539 0.829427 0.478516 0.834635 0.484375 0.843750 0.490234 0.847656 0.499023 0.847656 0.500000 0.848958 0.508789 0.848958 0.509766 0.847656 0.512695 0.847656 0.520508 0.838542 0.523438 0.832031 0.527344 0.826823 0.532227 0.824219 0.533203 0.819010 0.537109 0.811198 0.537109 0.803385 0.536133 0.803385 0.536133 0.805990 0.533203 0.811198 0.531250 0.808594 0.531250 0.804688 0.530273 0.803385 0.531250 0.799479 0.525391 0.794271 0.525391 0.787760 0.523438 0.785156 0.523438 0.779948 0.524414 0.778646
0 0.596680 0.804688 0.595703 0.804688 0.591797 0.799479 0.589844 0.792969 0.584961 0.783854 0.583008 0.782552 0.580078 0.782552 0.579102 0.781250 0.578125 0.782552 0.571289 0.782552 0.564453 0.789062 0.560547 0.790365 0.556641 0.794271 0.550781 0.798177 0.548828 0.798177 0.543945 0.802083 0.543945 0.803385 0.541992 0.805990 0.541992 0.825521 0.543945 0.829427 0.548828 0.830729 0.550781 0.833333 0.560547 0.841146 0.562500 0.841146 0.563477 0.842448 0.571289 0.842448 0.572266 0.843750 0.578125 0.843750 0.580078 0.845052 0.586914 0.841146 0.591797 0.834635 0.591797 0.832031 0.594727 0.825521 0.595703 0.817708 0.596680 0.816406
0 0.533203 0.680990 0.528320 0.683594 0.521484 0.684896 0.516602 0.688802 0.513672 0.688802 0.509766 0.695312 0.500977 0.700521 0.498047 0.700521 0.497070 0.710938 0.493164 0.717448 0.492188 0.721354 0.493164 0.722656 0.493164 0.729167 0.500000 0.740885 0.501953 0.748698 0.504883 0.752604 0.507812 0.765625 0.509766 0.768229 0.527344 0.774740 0.532227 0.774740 0.539062 0.772135 0.542969 0.766927 0.560547 0.718750 0.559570 0.709635 0.552734 0.697917 0.547852 0.692708 0.543945 0.692708 0.539062 0.688802 0.539062 0.684896 0.537109 0.682292 0.534180 0.682292
0 0.571289 0.686198 0.570312 0.690104 0.571289 0.700521 0.569336 0.707031 0.569336 0.723958 0.567383 0.729167 0.567383 0.734375 0.568359 0.736979 0.570312 0.738281 0.613281 0.738281 0.614258 0.739583 0.617188 0.739583 0.620117 0.738281 0.629883 0.722656 0.629883 0.704427 0.632812 0.692708 0.630859 0.687500 0.627930 0.683594 0.622070 0.679688 0.619141 0.679688 0.615234 0.683594 0.590820 0.682292 0.586914 0.679688 0.586914 0.675781 0.587891 0.674479 0.583984 0.675781 0.580078 0.682292 0.574219 0.683594
0 0.645508 0.746094 0.642578 0.742188 0.636719 0.743490 0.632812 0.740885 0.627930 0.740885 0.626953 0.739583 0.622070 0.739583 0.613281 0.743490 0.611328 0.748698 0.609375 0.748698 0.605469 0.752604 0.602539 0.752604 0.601562 0.751302 0.601562 0.747396 0.603516 0.744792 0.606445 0.744792 0.610352 0.742188 0.594727 0.740885 0.590820 0.746094 0.587891 0.746094 0.586914 0.748698 0.587891 0.777344 0.588867 0.778646 0.588867 0.785156 0.592773 0.796875 0.597656 0.802083 0.600586 0.802083 0.609375 0.807292 0.617188 0.807292 0.621094 0.804688 0.630859 0.802083 0.634766 0.798177 0.634766 0.794271 0.641602 0.785156 0.649414 0.786458 0.651367 0.782552 0.651367 0.772135 0.649414 0.763021 0.647461 0.759115
0 0.462891 0.623698 0.458008 0.628906 0.458008 0.631510 0.454102 0.641927 0.453125 0.653646 0.451172 0.658854 0.451172 0.665365 0.450195 0.666667 0.450195 0.673177 0.449219 0.674479 0.449219 0.680990 0.450195 0.682292 0.451172 0.694010 0.458984 0.697917 0.474609 0.699219 0.480469 0.703125 0.485352 0.703125 0.499023 0.688802 0.501953 0.683594 0.500977 0.679688 0.501953 0.677083 0.502930 0.678385 0.505859 0.678385 0.504883 0.677083 0.504883 0.673177 0.507812 0.662760 0.504883 0.652344 0.504883 0.648438 0.500000 0.639323 0.496094 0.635417 0.490234 0.634115 0.483398 0.628906 0.480469 0.628906 0.474609 0.623698
0 0.584961 0.598958 0.581055 0.596354 0.578125 0.596354 0.576172 0.597656 0.574219 0.601562 0.560547 0.608073 0.557617 0.608073 0.552734 0.610677 0.541016 0.609375 0.537109 0.615885 0.531250 0.622396 0.530273 0.626302 0.530273 0.645833 0.532227 0.654948 0.537109 0.666667 0.544922 0.675781 0.560547 0.679688 0.563477 0.673177 0.567383 0.671875 0.570312 0.667969 0.576172 0.667969 0.579102 0.670573 0.587891 0.664062 0.589844 0.664062 0.594727 0.657552 0.599609 0.647135 0.599609 0.643229 0.600586 0.641927 0.599609 0.623698 0.593750 0.609375
0 0.481445 0.498698 0.475586 0.500000 0.468750 0.503906 0.462891 0.503906 0.458984 0.514323 0.458984 0.516927 0.453125 0.528646 0.453125 0.540365 0.454102 0.541667 0.454102 0.552083 0.455078 0.553385 0.455078 0.563802 0.456055 0.565104 0.456055 0.578125 0.458008 0.584635 0.461914 0.589844 0.469727 0.596354 0.480469 0.596354 0.483398 0.592448 0.500977 0.580729 0.505859 0.574219 0.507812 0.569010 0.508789 0.557292 0.509766 0.555990 0.510742 0.536458 0.506836 0.529948 0.504883 0.520833 0.502930 0.518229 0.500000 0.516927 0.497070 0.511719 0.492188 0.506510
0 0.522461 0.522135 0.516602 0.533854 0.516602 0.541667 0.513672 0.552083 0.513672 0.562500 0.516602 0.569010 0.520508 0.572917 0.523438 0.584635 0.533203 0.598958 0.536133 0.600260 0.541016 0.605469 0.555664 0.606771 0.570312 0.601562 0.580078 0.589844 0.586914 0.575521 0.586914 0.571615 0.587891 0.570312 0.586914 0.554688 0.583984 0.548177 0.567383 0.529948 0.563477 0.523438 0.555664 0.526042 0.552734 0.523438 0.535156 0.524740 0.530273 0.518229
0 0.481445 0.446615 0.480469 0.450521 0.477539 0.454427 0.475586 0.462240 0.475586 0.476562 0.476562 0.477865 0.476562 0.485677 0.478516 0.490885 0.482422 0.496094 0.484375 0.496094 0.494141 0.503906 0.497070 0.503906 0.505859 0.509115 0.513672 0.510417 0.516602 0.513021 0.526367 0.513021 0.529297 0.511719 0.534180 0.505208 0.541016 0.490885 0.541016 0.486979 0.541992 0.485677 0.540039 0.483073 0.540039 0.477865 0.541016 0.476562 0.543945 0.480469 0.543945 0.470052 0.541016 0.473958 0.540039 0.472656 0.540039 0.468750 0.541016 0.467448 0.541016 0.459635 0.540039 0.457031 0.537109 0.457031 0.533203 0.454427 0.528320 0.447917 0.516602 0.438802 0.496094 0.438802 0.493164 0.440104 0.487305 0.446615
0 0.603516 0.444010 0.595703 0.447917 0.586914 0.446615 0.582031 0.450521 0.579102 0.450521 0.578125 0.446615 0.576172 0.445312 0.568359 0.449219 0.565430 0.453125 0.562500 0.454427 0.560547 0.458333 0.560547 0.479167 0.562500 0.485677 0.563477 0.500000 0.566406 0.509115 0.566406 0.520833 0.570312 0.529948 0.575195 0.532552 0.579102 0.537760 0.586914 0.541667 0.589844 0.540365 0.594727 0.533854 0.600586 0.529948 0.606445 0.528646 0.616211 0.519531 0.625000 0.496094 0.625000 0.483073 0.623047 0.473958 0.626953 0.471354 0.629883 0.475260 0.629883 0.479167 0.629883 0.471354 0.625977 0.467448 0.623047 0.471354 0.619141 0.470052 0.616211 0.466146 0.612305 0.455729 0.612305 0.450521
0 0.576172 0.337240 0.571289 0.339844 0.562500 0.350260 0.559570 0.356771 0.560547 0.361979 0.558594 0.365885 0.554688 0.365885 0.552734 0.363281 0.551758 0.364583 0.551758 0.378906 0.555664 0.393229 0.555664 0.403646 0.558594 0.411458 0.559570 0.419271 0.564453 0.429688 0.586914 0.444010 0.590820 0.445312 0.599609 0.444010 0.603516 0.440104 0.612305 0.420573 0.625000 0.397135 0.626953 0.386719 0.623047 0.371094 0.623047 0.361979 0.620117 0.356771 0.613281 0.354167 0.609375 0.346354 0.598633 0.339844 0.588867 0.337240
0 0.529297 0.252604 0.524414 0.263021 0.522461 0.270833 0.522461 0.282552 0.521484 0.283854 0.521484 0.299479 0.525391 0.312500 0.536133 0.325521 0.543945 0.330729 0.568359 0.329427 0.576172 0.324219 0.579102 0.319010 0.580078 0.312500 0.584961 0.305990 0.587891 0.299479 0.591797 0.286458 0.590820 0.268229 0.585938 0.253906 0.579102 0.244792 0.567383 0.246094 0.560547 0.243490 0.552734 0.244792 0.548828 0.242188 0.543945 0.242188 0.541992 0.244792 0.540039 0.244792 0.538086 0.247396
0 0.524414 0.182292 0.515625 0.182292 0.509766 0.178385 0.494141 0.178385 0.492188 0.180990 0.492188 0.183594 0.490234 0.186198 0.477539 0.218750 0.471680 0.230469 0.471680 0.235677 0.472656 0.236979 0.473633 0.244792 0.478516 0.253906 0.479492 0.257812 0.482422 0.261719 0.490234 0.261719 0.494141 0.264323 0.499023 0.264323 0.500000 0.265625 0.511719 0.263021 0.523438 0.253906 0.532227 0.240885 0.533203 0.233073 0.539062 0.225260 0.539062 0.220052 0.537109 0.212240 0.534180 0.208333 0.528320 0.186198
0 0.547852 0.069010 0.543945 0.069010 0.542969 0.070312 0.535156 0.070312 0.534180 0.069010 0.525391 0.070312 0.515625 0.084635 0.511719 0.097656 0.502930 0.115885 0.497070 0.132812 0.493164 0.138021 0.492188 0.143229 0.496094 0.152344 0.509766 0.156250 0.522461 0.165365 0.530273 0.167969 0.538086 0.167969 0.553711 0.153646 0.558594 0.147135 0.562500 0.136719 0.562500 0.131510 0.565430 0.121094 0.565430 0.111979 0.569336 0.104167 0.568359 0.095052 0.558594 0.085938 0.555664 0.082031 0.553711 0.074219
0 0.649414 0.049479 0.646484 0.054688 0.641602 0.054688 0.638672 0.052083 0.631836 0.053385 0.631836 0.055990 0.633789 0.058594 0.632812 0.059896 0.625977 0.059896 0.624023 0.062500 0.621094 0.062500 0.620117 0.058594 0.622070 0.055990 0.626953 0.057292 0.628906 0.054688 0.629883 0.048177 0.626953 0.048177 0.625000 0.052083 0.619141 0.054688 0.610352 0.067708 0.609375 0.074219 0.603516 0.085938 0.602539 0.092448 0.597656 0.102865 0.594727 0.115885 0.596680 0.122396 0.599609 0.123698 0.603516 0.131510 0.617188 0.148438 0.622070 0.148438 0.635742 0.139323 0.640625 0.134115 0.659180 0.122396 0.673828 0.108073 0.674805 0.100260 0.669922 0.088542 0.667969 0.078125 0.660156 0.066406 0.658203 0.059896
0 0.574219 0.139323 0.570312 0.147135 0.569336 0.154948 0.559570 0.187500 0.559570 0.194010 0.558594 0.195312 0.559570 0.218750 0.561523 0.225260 0.571289 0.235677 0.578125 0.238281 0.583984 0.238281 0.587891 0.243490 0.591797 0.244792 0.601562 0.238281 0.605469 0.233073 0.606445 0.229167 0.618164 0.214844 0.618164 0.210938 0.622070 0.208333 0.624023 0.203125 0.624023 0.196615 0.626953 0.186198 0.626953 0.177083 0.617188 0.158854 0.614258 0.154948 0.611328 0.154948 0.609375 0.152344 0.609375 0.147135 0.606445 0.143229 0.601562 0.140625 0.579102 0.140625 0.578125 0.139323
0 0.647461 0.225260 0.638672 0.225260 0.633789 0.229167 0.627930 0.229167 0.626953 0.227865 0.615234 0.230469 0.606445 0.240885 0.601562 0.263021 0.598633 0.292969 0.602539 0.300781 0.603516 0.309896 0.611328 0.324219 0.615234 0.326823 0.622070 0.328125 0.631836 0.324219 0.637695 0.324219 0.641602 0.321615 0.646484 0.321615 0.649414 0.319010 0.653320 0.319010 0.658203 0.316406 0.670898 0.295573 0.670898 0.291667 0.673828 0.283854 0.672852 0.263021 0.667969 0.252604 0.654297 0.236979 0.653320 0.230469
0 0.662109 0.317708 0.658203 0.319010 0.654297 0.325521 0.639648 0.328125 0.635742 0.333333 0.633789 0.338542 0.632812 0.347656 0.625977 0.364583 0.625977 0.375000 0.627930 0.381510 0.626953 0.398438 0.630859 0.404948 0.638672 0.411458 0.641602 0.411458 0.642578 0.412760 0.659180 0.412760 0.666992 0.408854 0.669922 0.408854 0.675781 0.401042 0.678711 0.393229 0.681641 0.389323 0.684570 0.375000 0.690430 0.364583 0.689453 0.355469 0.682617 0.347656 0.676758 0.332031 0.668945 0.322917 0.666992 0.322917
0 0.689453 0.110677 0.686523 0.111979 0.691406 0.113281 0.691406 0.122396 0.680664 0.132812 0.676758 0.139323 0.672852 0.153646 0.666016 0.162760 0.666992 0.173177 0.668945 0.178385 0.665039 0.182292 0.666016 0.194010 0.672852 0.204427 0.692383 0.214844 0.702148 0.214844 0.739258 0.167969 0.741211 0.160156 0.739258 0.140625 0.736328 0.134115 0.736328 0.126302 0.734375 0.125000 0.726562 0.123698 0.718750 0.117188 0.707031 0.114583 0.701172 0.110677 0.694336 0.110677 0.692383 0.113281
0 0.739258 0.053385 0.723633 0.075521 0.723633 0.080729 0.722656 0.082031 0.723633 0.114583 0.722656 0.115885 0.724609 0.119792 0.728516 0.122396 0.733398 0.122396 0.738281 0.127604 0.741211 0.135417 0.741211 0.144531 0.743164 0.153646 0.746094 0.153646 0.758789 0.143229 0.761719 0.143229 0.771484 0.135417 0.781250 0.132812 0.787109 0.126302 0.786133 0.117188 0.787109 0.115885 0.789062 0.095052 0.782227 0.078125 0.782227 0.075521 0.779297 0.071615 0.779297 0.069010 0.776367 0.067708 0.774414 0.063802 0.768555 0.062500 0.762695 0.065104 0.752930 0.059896 0.747070 0.059896 0.743164 0.053385
0 0.773438 0.141927 0.763672 0.145833 0.749023 0.160156 0.749023 0.162760 0.745117 0.167969 0.740234 0.180990 0.737305 0.184896 0.736328 0.190104 0.733398 0.194010 0.732422 0.200521 0.734375 0.205729 0.738281 0.209635 0.738281 0.214844 0.754883 0.238281 0.759766 0.243490 0.770508 0.246094 0.777344 0.251302 0.779297 0.251302 0.781250 0.246094 0.789062 0.244792 0.797852 0.240885 0.803711 0.234375 0.804688 0.225260 0.809570 0.214844 0.810547 0.207031 0.812500 0.204427 0.813477 0.199219 0.802734 0.179688 0.795898 0.170573 0.792969 0.162760 0.792969 0.157552 0.787109 0.154948 0.778320 0.141927
0 0.813477 0.263021 0.801758 0.248698 0.799805 0.247396 0.792969 0.247396 0.774414 0.260417 0.765625 0.270833 0.760742 0.274740 0.749023 0.287760 0.747070 0.294271 0.748047 0.305990 0.750977 0.313802 0.751953 0.321615 0.755859 0.328125 0.762695 0.326823 0.765625 0.329427 0.767578 0.329427 0.773438 0.335938 0.784180 0.337240 0.791992 0.330729 0.801758 0.329427 0.809570 0.322917 0.816406 0.313802 0.819336 0.307292 0.819336 0.296875 0.821289 0.290365 0.821289 0.285156 0.817383 0.277344 0.816406 0.270833
0 0.750977 0.365885 0.749023 0.365885 0.744141 0.360677 0.740234 0.360677 0.746094 0.371094 0.746094 0.378906 0.741211 0.384115 0.737305 0.382812 0.739258 0.377604 0.736328 0.375000 0.732422 0.380208 0.726562 0.380208 0.720703 0.373698 0.716797 0.377604 0.710938 0.378906 0.708008 0.381510 0.704102 0.373698 0.700195 0.373698 0.697266 0.368490 0.689453 0.389323 0.688477 0.401042 0.683594 0.415365 0.694336 0.449219 0.699219 0.455729 0.716797 0.455729 0.720703 0.453125 0.733398 0.450521 0.739258 0.446615 0.751953 0.445312 0.755859 0.442708 0.763672 0.423177 0.763672 0.408854 0.760742 0.388021
0 0.856445 0.381510 0.849609 0.372396 0.845703 0.371094 0.836914 0.378906 0.822266 0.385417 0.805664 0.389323 0.799805 0.393229 0.797852 0.395833 0.795898 0.402344 0.791016 0.408854 0.789062 0.415365 0.789062 0.424479 0.792969 0.428385 0.794922 0.433594 0.794922 0.438802 0.792969 0.442708 0.792969 0.445312 0.802734 0.455729 0.808594 0.458333 0.826172 0.457031 0.830078 0.454427 0.836914 0.453125 0.841797 0.449219 0.853516 0.445312 0.856445 0.440104 0.857422 0.430990 0.864258 0.419271 0.867188 0.408854 0.862305 0.391927
0 0.774414 0.424479 0.768555 0.421875 0.765625 0.423177 0.762695 0.429688 0.762695 0.432292 0.759766 0.436198 0.759766 0.438802 0.756836 0.444010 0.750000 0.447917 0.739258 0.449219 0.735352 0.453125 0.728516 0.480469 0.728516 0.488281 0.727539 0.489583 0.727539 0.501302 0.728516 0.505208 0.739258 0.511719 0.750000 0.513021 0.755859 0.510417 0.775391 0.509115 0.782227 0.501302 0.782227 0.490885 0.785156 0.484375 0.788086 0.471354 0.791992 0.460938 0.791992 0.454427 0.789062 0.444010 0.784180 0.434896 0.776367 0.428385
0 0.857422 0.524740 0.854492 0.518229 0.851562 0.518229 0.850586 0.516927 0.848633 0.516927 0.844727 0.519531 0.841797 0.519531 0.840820 0.520833 0.834961 0.520833 0.833984 0.519531 0.830078 0.519531 0.829102 0.520833 0.808594 0.520833 0.807617 0.519531 0.805664 0.519531 0.799805 0.526042 0.797852 0.531250 0.794922 0.535156 0.791016 0.536458 0.786133 0.544271 0.786133 0.550781 0.787109 0.552083 0.787109 0.554688 0.788086 0.554688 0.798828 0.569010 0.800781 0.570312 0.824219 0.570312 0.825195 0.569010 0.831055 0.569010 0.832031 0.567708 0.836914 0.567708 0.837891 0.566406 0.844727 0.566406 0.849609 0.563802 0.855469 0.557292 0.859375 0.546875 0.859375 0.535156 0.858398 0.533854
0 0.657227 0.481771 0.655273 0.490885 0.655273 0.496094 0.656250 0.497396 0.656250 0.502604 0.659180 0.513021 0.660156 0.522135 0.666016 0.531250 0.678711 0.539062 0.694336 0.545573 0.700195 0.550781 0.708984 0.550781 0.711914 0.549479 0.720703 0.539062 0.723633 0.539062 0.725586 0.536458 0.726562 0.500000 0.725586 0.498698 0.725586 0.489583 0.723633 0.485677 0.722656 0.486979 0.719727 0.486979 0.716797 0.481771 0.712891 0.481771 0.708008 0.477865 0.700195 0.476562 0.697266 0.472656 0.694336 0.471354 0.684570 0.471354 0.679688 0.473958 0.665039 0.472656
0 0.645508 0.529948 0.637695 0.529948 0.634766 0.531250 0.631836 0.535156 0.624023 0.536458 0.611328 0.546875 0.609375 0.546875 0.607422 0.544271 0.605469 0.537760 0.602539 0.537760 0.598633 0.545573 0.600586 0.548177 0.604492 0.546875 0.608398 0.548177 0.604492 0.550781 0.598633 0.550781 0.595703 0.553385 0.595703 0.561198 0.597656 0.569010 0.600586 0.574219 0.605469 0.592448 0.613281 0.604167 0.622070 0.613281 0.625000 0.614583 0.629883 0.613281 0.645508 0.595052 0.651367 0.589844 0.661133 0.584635 0.664062 0.580729 0.665039 0.572917 0.664062 0.571615 0.664062 0.558594 0.663086 0.554688 0.660156 0.549479 0.657227 0.539062 0.654297 0.535156 0.652344 0.535156
0 0.715820 0.549479 0.702148 0.555990 0.688477 0.569010 0.681641 0.583333 0.681641 0.593750 0.683594 0.597656 0.683594 0.600260 0.688477 0.608073 0.693359 0.619792 0.702148 0.631510 0.711914 0.635417 0.728516 0.634115 0.737305 0.628906 0.745117 0.626302 0.753906 0.617188 0.757812 0.606771 0.758789 0.597656 0.743164 0.567708 0.740234 0.557292 0.737305 0.553385 0.727539 0.549479
0 0.771484 0.598958 0.766602 0.597656 0.758789 0.606771 0.754883 0.617188 0.747070 0.626302 0.738281 0.630208 0.733398 0.634115 0.724609 0.636719 0.722656 0.641927 0.721680 0.653646 0.724609 0.661458 0.728516 0.666667 0.730469 0.666667 0.735352 0.670573 0.739258 0.671875 0.743164 0.678385 0.746094 0.680990 0.748047 0.680990 0.752930 0.675781 0.758789 0.674479 0.759766 0.673177 0.783203 0.669271 0.787109 0.662760 0.788086 0.654948 0.790039 0.649740 0.790039 0.641927 0.788086 0.638021 0.788086 0.632812 0.787109 0.631510 0.788086 0.627604 0.784180 0.617188 0.781250 0.613281 0.779297 0.608073
0 0.659180 0.589844 0.656250 0.591146 0.653320 0.595052 0.650391 0.595052 0.647461 0.600260 0.640625 0.605469 0.630859 0.618490 0.623047 0.619792 0.618164 0.622396 0.614258 0.627604 0.613281 0.634115 0.621094 0.654948 0.627930 0.667969 0.632812 0.682292 0.638672 0.688802 0.653320 0.688802 0.659180 0.686198 0.665039 0.680990 0.670898 0.673177 0.679688 0.667969 0.681641 0.664062 0.677734 0.651042 0.676758 0.622396 0.674805 0.619792 0.669922 0.606771 0.668945 0.600260 0.666992 0.598958 0.666992 0.595052
0 0.688477 0.647135 0.688477 0.656250 0.686523 0.662760 0.682617 0.667969 0.674805 0.673177 0.672852 0.675781 0.670898 0.675781 0.666016 0.682292 0.662109 0.684896 0.659180 0.688802 0.656250 0.690104 0.653320 0.694010 0.654297 0.700521 0.658203 0.712240 0.659180 0.721354 0.665039 0.730469 0.675781 0.731771 0.681641 0.734375 0.707031 0.733073 0.710938 0.729167 0.715820 0.716146 0.716797 0.703125 0.717773 0.701823 0.715820 0.688802 0.713867 0.683594 0.709961 0.678385 0.704102 0.661458 0.702148 0.658854 0.697266 0.647135
0 0.793945 0.705729 0.793945 0.713542 0.791016 0.717448 0.787109 0.714844 0.775391 0.713542 0.754883 0.725260 0.750977 0.723958 0.748047 0.727865 0.743164 0.723958 0.740234 0.730469 0.738281 0.729167 0.737305 0.722656 0.735352 0.720052 0.735352 0.716146 0.733398 0.714844 0.731445 0.716146 0.731445 0.730469 0.733398 0.735677 0.732422 0.740885 0.733398 0.746094 0.754883 0.779948 0.759766 0.783854 0.768555 0.782552 0.782227 0.769531 0.786133 0.768229 0.789062 0.764323 0.803711 0.755208 0.805664 0.752604 0.805664 0.748698 0.807617 0.746094 0.805664 0.726562 0.802734 0.722656 0.801758 0.717448
0 0.844727 0.671875 0.841797 0.670573 0.836914 0.675781 0.834961 0.675781 0.833984 0.677083 0.825195 0.677083 0.824219 0.678385 0.820312 0.678385 0.819336 0.679688 0.814453 0.680990 0.811523 0.683594 0.806641 0.699219 0.806641 0.713542 0.805664 0.714844 0.806641 0.716146 0.806641 0.721354 0.809570 0.729167 0.809570 0.731771 0.813477 0.736979 0.813477 0.742188 0.822266 0.742188 0.823242 0.743490 0.841797 0.743490 0.842773 0.742188 0.847656 0.742188 0.848633 0.740885 0.857422 0.740885 0.857422 0.738281 0.858398 0.736979 0.859375 0.713542 0.860352 0.710938 0.856445 0.700521 0.856445 0.697917 0.854492 0.695312 0.853516 0.690104 0.849609 0.682292 0.848633 0.677083 0.846680 0.675781
0 0.679688 0.739583 0.677734 0.742188 0.677734 0.750000 0.678711 0.751302 0.677734 0.752604 0.677734 0.756510 0.674805 0.761719 0.674805 0.764323 0.668945 0.770833 0.666016 0.772135 0.665039 0.774740 0.665039 0.782552 0.668945 0.795573 0.678711 0.807292 0.682617 0.815104 0.688477 0.819010 0.693359 0.819010 0.696289 0.816406 0.699219 0.816406 0.700195 0.815104 0.707031 0.815104 0.716797 0.809896 0.724609 0.799479 0.724609 0.795573 0.725586 0.794271 0.724609 0.792969 0.723633 0.786458 0.719727 0.777344 0.719727 0.774740 0.715820 0.764323 0.715820 0.761719 0.713867 0.759115 0.708984 0.746094 0.708984 0.742188 0.708008 0.740885 0.705078 0.740885 0.702148 0.738281 0.695312 0.738281 0.694336 0.736979 0.685547 0.736979 0.684570 0.738281
0 0.618164 0.812500 0.616211 0.820312 0.616211 0.825521 0.617188 0.826823 0.618164 0.835938 0.625000 0.851562 0.633789 0.861979 0.647461 0.871094 0.668945 0.871094 0.673828 0.868490 0.677734 0.868490 0.679688 0.865885 0.684570 0.847656 0.685547 0.829427 0.681641 0.822917 0.676758 0.820312 0.669922 0.812500 0.657227 0.794271 0.649414 0.794271 0.645508 0.800781 0.641602 0.803385 0.633789 0.804688 0.629883 0.808594
0 0.656250 0.876302 0.655273 0.877604 0.655273 0.882812 0.653320 0.885417 0.653320 0.889323 0.654297 0.890625 0.653320 0.899740 0.654297 0.903646 0.657227 0.907552 0.659180 0.915365 0.661133 0.917969 0.665039 0.929688 0.671875 0.940104 0.679688 0.945312 0.694336 0.945312 0.695312 0.944010 0.699219 0.944010 0.700195 0.945312 0.701172 0.944010 0.706055 0.944010 0.714844 0.934896 0.717773 0.928385 0.717773 0.921875 0.716797 0.920573 0.715820 0.912760 0.709961 0.895833 0.706055 0.889323 0.703125 0.880208 0.694336 0.867188 0.692383 0.865885 0.683594 0.865885 0.678711 0.871094 0.667969 0.872396 0.666992 0.873698
0 0.759766 0.891927 0.757812 0.890625 0.757812 0.891927 0.754883 0.895833 0.745117 0.895833 0.744141 0.894531 0.739258 0.894531 0.737305 0.891927 0.735352 0.891927 0.733398 0.894531 0.730469 0.895833 0.730469 0.897135 0.718750 0.915365 0.719727 0.927083 0.718750 0.928385 0.718750 0.930990 0.715820 0.934896 0.715820 0.936198 0.708984 0.944010 0.710938 0.949219 0.720703 0.958333 0.722656 0.958333 0.723633 0.959635 0.733398 0.959635 0.738281 0.954427 0.741211 0.953125 0.748047 0.945312 0.754883 0.945312 0.755859 0.944010 0.755859 0.941406 0.761719 0.934896 0.763672 0.929688 0.763672 0.919271 0.764648 0.917969 0.763672 0.916667 0.763672 0.907552 0.762695 0.906250 0.761719 0.898438 0.759766 0.894531
0 0.696289 0.829427 0.696289 0.841146 0.699219 0.848958 0.699219 0.855469 0.703125 0.864583 0.703125 0.867188 0.713867 0.884115 0.714844 0.889323 0.718750 0.893229 0.723633 0.893229 0.728516 0.890625 0.733398 0.880208 0.744141 0.872396 0.756836 0.859375 0.759766 0.854167 0.759766 0.847656 0.754883 0.832031 0.747070 0.821615 0.743164 0.825521 0.740234 0.822917 0.736328 0.822917 0.732422 0.825521 0.728516 0.822917 0.719727 0.824219 0.717773 0.825521 0.716797 0.830729 0.712891 0.833333 0.708984 0.842448 0.707031 0.842448 0.704102 0.835938 0.708984 0.828125 0.714844 0.826823 0.712891 0.820312 0.705078 0.820312
0 0.810547 0.753906 0.808594 0.753906 0.805664 0.756510 0.802734 0.756510 0.793945 0.761719 0.786133 0.769531 0.779297 0.773438 0.766602 0.785156 0.762695 0.786458 0.754883 0.781250 0.752930 0.782552 0.752930 0.798177 0.758789 0.813802 0.761719 0.815104 0.770508 0.825521 0.776367 0.825521 0.782227 0.821615 0.793945 0.821615 0.794922 0.820312 0.799805 0.820312 0.800781 0.819010 0.810547 0.819010 0.813477 0.807292 0.814453 0.791667 0.815430 0.790365 0.815430 0.786458 0.812500 0.783854 0.812500 0.769531 0.813477 0.768229 0.812500 0.766927
