0 0.177734 0.419271 0.174805 0.421875 0.175781 0.429688 0.173828 0.432292 0.169922 0.428385 0.171875 0.424479 0.168945 0.424479 0.166992 0.429688 0.159180 0.434896 0.155273 0.434896 0.153320 0.423177 0.149414 0.424479 0.141602 0.423177 0.137695 0.425781 0.136719 0.423177 0.140625 0.420573 0.139648 0.417969 0.137695 0.417969 0.122070 0.432292 0.119141 0.432292 0.115234 0.441406 0.110352 0.438802 0.102539 0.450521 0.101562 0.455729 0.104492 0.459635 0.102539 0.464844 0.110352 0.480469 0.114258 0.484375 0.114258 0.486979 0.128906 0.506510 0.142578 0.513021 0.153320 0.511719 0.162109 0.503906 0.168945 0.493490 0.176758 0.492188 0.186523 0.475260 0.187500 0.457031 0.184570 0.445312 0.179688 0.434896 0.180664 0.425781
0 0.190430 0.523438 0.183594 0.513021 0.173828 0.503906 0.165039 0.503906 0.160156 0.509115 0.151367 0.514323 0.145508 0.515625 0.141602 0.518229 0.138672 0.516927 0.129883 0.529948 0.124023 0.535156 0.123047 0.539062 0.120117 0.541667 0.119141 0.545573 0.120117 0.554688 0.125977 0.572917 0.125977 0.576823 0.127930 0.579427 0.134766 0.579427 0.135742 0.578125 0.140625 0.578125 0.141602 0.579427 0.143555 0.578125 0.160156 0.579427 0.161133 0.578125 0.173828 0.575521 0.181641 0.569010 0.192383 0.565104 0.194336 0.561198 0.194336 0.557292 0.192383 0.553385 0.193359 0.550781 0.193359 0.544271 0.192383 0.542969 0.193359 0.537760 0.190430 0.528646
0 0.133789 0.597656 0.133789 0.602865 0.135742 0.606771 0.135742 0.631510 0.136719 0.632812 0.137695 0.640625 0.143555 0.645833 0.148438 0.647135 0.155273 0.654948 0.161133 0.658854 0.171875 0.658854 0.177734 0.656250 0.184570 0.647135 0.189453 0.643229 0.199219 0.627604 0.199219 0.623698 0.200195 0.622396 0.199219 0.621094 0.199219 0.615885 0.197266 0.609375 0.197266 0.602865 0.198242 0.601562 0.195312 0.596354 0.186523 0.592448 0.183594 0.592448 0.182617 0.591146 0.166016 0.591146 0.163086 0.588542 0.160156 0.588542 0.159180 0.587240 0.149414 0.585938 0.148438 0.584635 0.142578 0.584635 0.142578 0.585938 0.136719 0.592448
0 0.164062 0.713542 0.154297 0.699219 0.147461 0.699219 0.145508 0.700521 0.144531 0.699219 0.132812 0.699219 0.131836 0.697917 0.128906 0.697917 0.127930 0.699219 0.119141 0.700521 0.117188 0.703125 0.111328 0.704427 0.106445 0.708333 0.102539 0.708333 0.101562 0.712240 0.095703 0.720052 0.095703 0.725260 0.098633 0.729167 0.098633 0.739583 0.097656 0.740885 0.098633 0.746094 0.102539 0.751302 0.106445 0.751302 0.107422 0.752604 0.106445 0.753906 0.106445 0.761719 0.109375 0.765625 0.119141 0.766927 0.120117 0.768229 0.138672 0.768229 0.140625 0.765625 0.146484 0.764323 0.148438 0.761719 0.150391 0.761719 0.152344 0.759115 0.157227 0.756510 0.158203 0.753906 0.161133 0.753906 0.163086 0.748698 0.165039 0.746094 0.164062 0.744792 0.164062 0.731771 0.166016 0.727865
0 0.216797 0.730469 0.204102 0.730469 0.194336 0.739583 0.187500 0.740885 0.180664 0.744792 0.176758 0.750000 0.173828 0.760417 0.172852 0.768229 0.169922 0.773438 0.169922 0.777344 0.168945 0.778646 0.169922 0.779948 0.169922 0.783854 0.172852 0.790365 0.172852 0.792969 0.175781 0.794271 0.178711 0.799479 0.188477 0.805990 0.192383 0.805990 0.196289 0.808594 0.204102 0.808594 0.210938 0.803385 0.213867 0.803385 0.214844 0.802083 0.223633 0.802083 0.230469 0.798177 0.228516 0.795573 0.228516 0.792969 0.238281 0.778646 0.237305 0.765625 0.230469 0.752604 0.224609 0.743490 0.224609 0.740885 0.219727 0.733073
0 0.271484 0.750000 0.270508 0.751302 0.266602 0.751302 0.263672 0.755208 0.256836 0.777344 0.253906 0.781250 0.249023 0.795573 0.243164 0.804688 0.251953 0.816406 0.253906 0.816406 0.255859 0.819010 0.261719 0.820312 0.267578 0.824219 0.277344 0.824219 0.280273 0.821615 0.290039 0.819010 0.291016 0.815104 0.294922 0.815104 0.297852 0.808594 0.297852 0.804688 0.303711 0.795573 0.304688 0.787760 0.309570 0.782552 0.309570 0.766927 0.308594 0.772135 0.305664 0.774740 0.301758 0.772135 0.299805 0.761719 0.296875 0.756510 0.292969 0.753906 0.280273 0.753906
0 0.251953 0.635417 0.246094 0.638021 0.243164 0.635417 0.239258 0.634115 0.237305 0.631510 0.236328 0.627604 0.233398 0.627604 0.230469 0.630208 0.219727 0.628906 0.218750 0.630208 0.211914 0.631510 0.207031 0.635417 0.203125 0.636719 0.200195 0.643229 0.199219 0.651042 0.195312 0.658854 0.195312 0.673177 0.197266 0.678385 0.196289 0.682292 0.197266 0.688802 0.202148 0.692708 0.204102 0.692708 0.213867 0.701823 0.218750 0.704427 0.231445 0.703125 0.240234 0.696615 0.249023 0.687500 0.255859 0.670573 0.255859 0.643229
0 0.263672 0.647135 0.261719 0.651042 0.261719 0.653646 0.258789 0.657552 0.258789 0.679688 0.257812 0.680990 0.258789 0.691406 0.259766 0.694010 0.268555 0.700521 0.271484 0.705729 0.285156 0.714844 0.297852 0.714844 0.302734 0.712240 0.304688 0.709635 0.311523 0.705729 0.319336 0.695312 0.319336 0.690104 0.324219 0.684896 0.324219 0.679688 0.318359 0.667969 0.317383 0.660156 0.315430 0.657552 0.315430 0.652344 0.313477 0.644531 0.312500 0.648438 0.312500 0.658854 0.311523 0.660156 0.308594 0.660156 0.299805 0.647135 0.292969 0.640625 0.286133 0.640625 0.283203 0.644531 0.279297 0.644531 0.278320 0.643229 0.271484 0.647135 0.270508 0.645833 0.265625 0.645833
0 0.325195 0.691406 0.322266 0.694010 0.310547 0.709635 0.310547 0.714844 0.308594 0.717448 0.308594 0.723958 0.309570 0.725260 0.309570 0.730469 0.310547 0.731771 0.311523 0.743490 0.312500 0.746094 0.316406 0.748698 0.323242 0.748698 0.324219 0.750000 0.327148 0.750000 0.330078 0.752604 0.332031 0.752604 0.335938 0.755208 0.340820 0.755208 0.341797 0.753906 0.344727 0.753906 0.345703 0.752604 0.348633 0.752604 0.350586 0.751302 0.353516 0.747396 0.354492 0.747396 0.364258 0.727865 0.364258 0.725260 0.366211 0.721354 0.366211 0.717448 0.367188 0.716146 0.366211 0.703125 0.364258 0.699219 0.361328 0.696615 0.355469 0.696615 0.354492 0.695312 0.350586 0.695312 0.349609 0.694010 0.332031 0.694010 0.331055 0.692708
0 0.219727 0.546875 0.219727 0.549479 0.217773 0.553385 0.217773 0.557292 0.216797 0.558594 0.216797 0.565104 0.214844 0.569010 0.214844 0.572917 0.213867 0.574219 0.213867 0.583333 0.217773 0.592448 0.229492 0.606771 0.239258 0.614583 0.243164 0.614583 0.244141 0.615885 0.247070 0.615885 0.248047 0.617188 0.252930 0.618490 0.262695 0.611979 0.265625 0.605469 0.267578 0.592448 0.271484 0.580729 0.271484 0.578125 0.275391 0.571615 0.275391 0.561198 0.270508 0.550781 0.267578 0.546875 0.258789 0.540365 0.251953 0.540365 0.249023 0.542969 0.234375 0.542969 0.233398 0.544271 0.227539 0.544271 0.226562 0.545573 0.221680 0.545573
0 0.238281 0.450521 0.222656 0.450521 0.216797 0.453125 0.208008 0.463542 0.204102 0.466146 0.200195 0.472656 0.199219 0.484375 0.200195 0.485677 0.200195 0.494792 0.202148 0.503906 0.201172 0.522135 0.204102 0.533854 0.210938 0.540365 0.217773 0.541667 0.218750 0.542969 0.229492 0.542969 0.230469 0.541667 0.237305 0.540365 0.242188 0.537760 0.244141 0.535156 0.251953 0.533854 0.255859 0.529948 0.256836 0.524740 0.258789 0.522135 0.259766 0.511719 0.257812 0.507812 0.256836 0.498698 0.252930 0.490885 0.252930 0.485677 0.257812 0.479167 0.258789 0.467448 0.254883 0.460938 0.250977 0.459635 0.247070 0.454427
0 0.208008 0.364583 0.203125 0.367188 0.199219 0.372396 0.193359 0.386719 0.185547 0.402344 0.182617 0.406250 0.180664 0.415365 0.185547 0.428385 0.194336 0.438802 0.199219 0.441406 0.202148 0.441406 0.203125 0.442708 0.217773 0.442708 0.219727 0.445312 0.221680 0.445312 0.229492 0.437500 0.236328 0.419271 0.240234 0.415365 0.241211 0.412760 0.241211 0.407552 0.238281 0.399740 0.238281 0.397135 0.231445 0.381510 0.230469 0.372396 0.227539 0.368490 0.225586 0.368490 0.220703 0.364583
0 0.155273 0.259115 0.150391 0.285156 0.150391 0.308594 0.152344 0.311198 0.155273 0.330729 0.153320 0.334635 0.146484 0.321615 0.146484 0.338542 0.157227 0.359375 0.165039 0.358073 0.172852 0.361979 0.192383 0.363281 0.199219 0.358073 0.203125 0.361979 0.208008 0.360677 0.210938 0.348958 0.216797 0.341146 0.213867 0.334635 0.216797 0.330729 0.217773 0.324219 0.216797 0.316406 0.211914 0.317708 0.211914 0.312500 0.216797 0.312500 0.217773 0.307292 0.211914 0.299479 0.209961 0.292969 0.212891 0.290365 0.222656 0.298177 0.221680 0.325521 0.223633 0.333333 0.225586 0.328125 0.224609 0.295573 0.219727 0.292969 0.215820 0.283854 0.189453 0.266927 0.181641 0.257812
0 0.206055 0.152344 0.201172 0.160156 0.187500 0.194010 0.187500 0.199219 0.193359 0.209635 0.196289 0.218750 0.200195 0.223958 0.200195 0.226562 0.205078 0.236979 0.209961 0.243490 0.212891 0.244792 0.215820 0.250000 0.240234 0.248698 0.250977 0.252604 0.260742 0.251302 0.262695 0.248698 0.267578 0.250000 0.268555 0.247396 0.267578 0.221354 0.270508 0.205729 0.269531 0.200521 0.252930 0.177083 0.248047 0.173177 0.250977 0.169271 0.248047 0.167969 0.247070 0.164062 0.245117 0.164062 0.243164 0.161458 0.243164 0.158854 0.240234 0.156250 0.231445 0.154948 0.223633 0.144531 0.220703 0.143229
0 0.254883 0.253906 0.252930 0.256510 0.251953 0.261719 0.246094 0.269531 0.242188 0.272135 0.234375 0.283854 0.233398 0.287760 0.233398 0.304688 0.234375 0.305990 0.235352 0.315104 0.238281 0.317708 0.241211 0.325521 0.244141 0.329427 0.250000 0.332031 0.260742 0.333333 0.261719 0.334635 0.282227 0.335938 0.283203 0.337240 0.292969 0.333333 0.296875 0.328125 0.296875 0.324219 0.302734 0.315104 0.302734 0.298177 0.301758 0.296875 0.299805 0.283854 0.296875 0.276042 0.291992 0.268229 0.287109 0.264323 0.281250 0.261719 0.263672 0.259115 0.258789 0.253906
0 0.297852 0.333333 0.286133 0.339844 0.280273 0.345052 0.271484 0.356771 0.270508 0.360677 0.270508 0.373698 0.268555 0.380208 0.268555 0.391927 0.298828 0.430990 0.302734 0.434896 0.309570 0.436198 0.333984 0.403646 0.334961 0.401042 0.334961 0.385417 0.336914 0.377604 0.336914 0.369792 0.335938 0.365885 0.330078 0.359375 0.324219 0.347656 0.318359 0.339844 0.309570 0.333333
0 0.283203 0.428385 0.274414 0.434896 0.269531 0.442708 0.266602 0.450521 0.265625 0.468750 0.264648 0.470052 0.265625 0.471354 0.266602 0.484375 0.270508 0.498698 0.270508 0.505208 0.272461 0.510417 0.276367 0.515625 0.297852 0.526042 0.304688 0.532552 0.309570 0.532552 0.315430 0.529948 0.328125 0.518229 0.332031 0.511719 0.332031 0.490885 0.328125 0.480469 0.326172 0.462240 0.319336 0.451823 0.310547 0.442708 0.302734 0.437500 0.297852 0.436198 0.294922 0.429688
0 0.297852 0.539062 0.295898 0.541667 0.291992 0.553385 0.291992 0.558594 0.293945 0.563802 0.293945 0.578125 0.297852 0.585938 0.301758 0.598958 0.305664 0.605469 0.311523 0.610677 0.315430 0.610677 0.316406 0.611979 0.325195 0.613281 0.326172 0.614583 0.331055 0.614583 0.332031 0.615885 0.337891 0.614583 0.339844 0.611979 0.342773 0.610677 0.344727 0.606771 0.345703 0.598958 0.348633 0.591146 0.349609 0.582031 0.352539 0.570312 0.354492 0.566406 0.354492 0.558594 0.350586 0.548177 0.348633 0.546875 0.339844 0.533854 0.337891 0.532552 0.332031 0.532552 0.331055 0.531250 0.322266 0.531250 0.321289 0.529948 0.318359 0.529948 0.312500 0.535156 0.304688 0.535156
0 0.395508 0.563802 0.390625 0.561198 0.383789 0.559896 0.376953 0.555990 0.373047 0.555990 0.367188 0.561198 0.363281 0.566406 0.355469 0.571615 0.351562 0.583333 0.351562 0.591146 0.350586 0.592448 0.350586 0.596354 0.354492 0.609375 0.354492 0.614583 0.355469 0.615885 0.355469 0.618490 0.357422 0.623698 0.360352 0.627604 0.365234 0.630208 0.376953 0.630208 0.383789 0.626302 0.388672 0.621094 0.395508 0.618490 0.400391 0.610677 0.402344 0.605469 0.402344 0.598958 0.401367 0.597656 0.401367 0.592448 0.400391 0.591146 0.400391 0.583333 0.401367 0.582031 0.401367 0.579427 0.400391 0.578125 0.400391 0.574219
0 0.357422 0.654948 0.357422 0.657552 0.356445 0.658854 0.357422 0.660156 0.357422 0.675781 0.358398 0.677083 0.358398 0.679688 0.361328 0.684896 0.362305 0.690104 0.364258 0.692708 0.364258 0.694010 0.367188 0.696615 0.380859 0.697917 0.381836 0.699219 0.397461 0.699219 0.398438 0.697917 0.400391 0.697917 0.403320 0.694010 0.404297 0.694010 0.404297 0.692708 0.407227 0.688802 0.409180 0.683594 0.409180 0.680990 0.410156 0.679688 0.410156 0.673177 0.409180 0.671875 0.409180 0.665365 0.408203 0.664062 0.408203 0.656250 0.404297 0.652344 0.404297 0.648438 0.403320 0.648438 0.400391 0.652344 0.393555 0.647135 0.390625 0.647135 0.389648 0.645833 0.381836 0.645833 0.380859 0.647135 0.378906 0.645833 0.374023 0.645833 0.371094 0.648438 0.367188 0.649740 0.362305 0.654948
0 0.426758 0.746094 0.424805 0.746094 0.423828 0.744792 0.423828 0.746094 0.421875 0.748698 0.418945 0.748698 0.415039 0.744792 0.409180 0.744792 0.408203 0.746094 0.404297 0.746094 0.403320 0.747396 0.401367 0.747396 0.391602 0.753906 0.385742 0.755208 0.381836 0.765625 0.379883 0.768229 0.379883 0.779948 0.376953 0.783854 0.377930 0.785156 0.377930 0.789062 0.383789 0.802083 0.387695 0.804688 0.391602 0.809896 0.394531 0.809896 0.395508 0.811198 0.399414 0.809896 0.404297 0.805990 0.410156 0.798177 0.411133 0.798177 0.411133 0.796875 0.414062 0.792969 0.415039 0.792969 0.421875 0.785156 0.429688 0.779948 0.430664 0.778646 0.430664 0.774740 0.431641 0.773438 0.431641 0.769531 0.430664 0.768229 0.430664 0.757812 0.429688 0.756510 0.429688 0.752604
0 0.471680 0.688802 0.468750 0.688802 0.464844 0.695312 0.459961 0.699219 0.456055 0.704427 0.451172 0.707031 0.448242 0.710938 0.445312 0.712240 0.440430 0.718750 0.440430 0.725260 0.439453 0.727865 0.437500 0.730469 0.434570 0.731771 0.434570 0.736979 0.435547 0.736979 0.437500 0.739583 0.440430 0.750000 0.446289 0.756510 0.454102 0.761719 0.461914 0.761719 0.465820 0.759115 0.474609 0.757812 0.476562 0.755208 0.482422 0.751302 0.482422 0.750000 0.484375 0.748698 0.486328 0.746094 0.486328 0.744792 0.489258 0.740885 0.490234 0.740885 0.491211 0.738281 0.490234 0.730469 0.486328 0.725260 0.481445 0.712240 0.480469 0.699219 0.473633 0.690104
0 0.438477 0.627604 0.434570 0.630208 0.431641 0.634115 0.429688 0.644531 0.425781 0.653646 0.418945 0.661458 0.416016 0.658854 0.416016 0.662760 0.417969 0.665365 0.420898 0.674479 0.422852 0.677083 0.423828 0.682292 0.429688 0.690104 0.441406 0.697917 0.443359 0.697917 0.450195 0.701823 0.455078 0.701823 0.458984 0.699219 0.462891 0.691406 0.475586 0.677083 0.476562 0.674479 0.476562 0.669271 0.477539 0.667969 0.477539 0.653646 0.475586 0.651042 0.474609 0.644531 0.461914 0.627604 0.457031 0.627604 0.456055 0.628906 0.454102 0.628906 0.453125 0.627604
0 0.383789 0.467448 0.382812 0.468750 0.379883 0.468750 0.362305 0.490885 0.358398 0.502604 0.358398 0.507812 0.356445 0.513021 0.356445 0.518229 0.359375 0.524740 0.359375 0.535156 0.364258 0.542969 0.383789 0.555990 0.386719 0.555990 0.387695 0.557292 0.397461 0.557292 0.404297 0.552083 0.411133 0.541667 0.416016 0.524740 0.416992 0.507812 0.418945 0.501302 0.416992 0.497396 0.414062 0.496094 0.408203 0.488281 0.407227 0.488281 0.395508 0.471354 0.391602 0.468750 0.385742 0.468750
0 0.337891 0.404948 0.335938 0.407552 0.335938 0.415365 0.332031 0.420573 0.326172 0.424479 0.322266 0.424479 0.319336 0.429688 0.319336 0.441406 0.320312 0.442708 0.320312 0.445312 0.326172 0.451823 0.327148 0.457031 0.338867 0.473958 0.338867 0.475260 0.344727 0.481771 0.354492 0.483073 0.360352 0.479167 0.363281 0.479167 0.368164 0.476562 0.374023 0.468750 0.375977 0.462240 0.375977 0.455729 0.376953 0.454427 0.376953 0.433594 0.375977 0.432292 0.375977 0.429688 0.373047 0.425781 0.372070 0.421875 0.370117 0.419271 0.369141 0.412760 0.365234 0.408854 0.358398 0.407552 0.357422 0.406250
0 0.339844 0.337240 0.337891 0.341146 0.337891 0.348958 0.335938 0.355469 0.335938 0.361979 0.337891 0.365885 0.338867 0.373698 0.341797 0.376302 0.351562 0.390625 0.351562 0.391927 0.362305 0.404948 0.364258 0.404948 0.365234 0.406250 0.371094 0.406250 0.376953 0.402344 0.383789 0.393229 0.388672 0.380208 0.388672 0.359375 0.387695 0.358073 0.387695 0.348958 0.386719 0.347656 0.386719 0.345052 0.382812 0.338542 0.381836 0.329427 0.365234 0.329427 0.364258 0.330729 0.360352 0.330729 0.359375 0.332031 0.347656 0.333333 0.346680 0.334635
0 0.332031 0.243490 0.325195 0.243490 0.321289 0.246094 0.313477 0.247396 0.310547 0.250000 0.305664 0.256510 0.304688 0.260417 0.297852 0.268229 0.298828 0.272135 0.300781 0.274740 0.301758 0.279948 0.303711 0.282552 0.303711 0.287760 0.305664 0.295573 0.305664 0.307292 0.307617 0.312500 0.308594 0.324219 0.309570 0.328125 0.313477 0.333333 0.316406 0.333333 0.322266 0.329427 0.334961 0.328125 0.335938 0.326823 0.344727 0.324219 0.347656 0.321615 0.357422 0.307292 0.357422 0.292969 0.359375 0.287760 0.359375 0.282552 0.358398 0.281250 0.358398 0.272135 0.356445 0.264323 0.345703 0.251302 0.340820 0.250000
0 0.340820 0.128906 0.336914 0.134115 0.335938 0.136719 0.335938 0.141927 0.334961 0.143229 0.334961 0.165365 0.335938 0.166667 0.336914 0.173177 0.340820 0.175781 0.343750 0.179688 0.343750 0.182292 0.345703 0.187500 0.348633 0.187500 0.354492 0.196615 0.360352 0.201823 0.367188 0.201823 0.378906 0.195312 0.385742 0.186198 0.385742 0.183594 0.390625 0.174479 0.390625 0.171875 0.392578 0.167969 0.392578 0.156250 0.391602 0.154948 0.391602 0.151042 0.387695 0.138021 0.382812 0.132812 0.380859 0.132812 0.379883 0.131510 0.371094 0.131510 0.370117 0.130208 0.363281 0.130208 0.362305 0.128906 0.356445 0.128906 0.355469 0.127604 0.342773 0.127604
0 0.399414 0.225260 0.393555 0.225260 0.384766 0.233073 0.379883 0.234375 0.361328 0.253906 0.357422 0.256510 0.357422 0.259115 0.361328 0.268229 0.361328 0.277344 0.362305 0.278646 0.362305 0.283854 0.365234 0.292969 0.366211 0.300781 0.373047 0.311198 0.385742 0.317708 0.396484 0.317708 0.401367 0.313802 0.403320 0.313802 0.416992 0.298177 0.422852 0.287760 0.420898 0.256510 0.416016 0.244792 0.416016 0.242188 0.412109 0.234375 0.407227 0.229167
0 0.450195 0.016927 0.448242 0.018229 0.442383 0.027344 0.442383 0.053385 0.441406 0.054688 0.441406 0.059896 0.440430 0.061198 0.440430 0.070312 0.438477 0.075521 0.440430 0.078125 0.440430 0.080729 0.445312 0.088542 0.449219 0.089844 0.455078 0.096354 0.455078 0.098958 0.454102 0.100260 0.457031 0.105469 0.461914 0.105469 0.471680 0.096354 0.474609 0.089844 0.474609 0.087240 0.475586 0.085938 0.475586 0.072917 0.477539 0.066406 0.481445 0.059896 0.481445 0.044271 0.483398 0.039062 0.481445 0.033854 0.478516 0.031250 0.473633 0.022135 0.469727 0.023438 0.467773 0.018229
0 0.445312 0.091146 0.439453 0.091146 0.424805 0.097656 0.408203 0.101562 0.391602 0.117188 0.391602 0.119792 0.389648 0.122396 0.389648 0.138021 0.395508 0.156250 0.400391 0.164062 0.408203 0.182292 0.414062 0.184896 0.420898 0.184896 0.431641 0.180990 0.436523 0.180990 0.443359 0.177083 0.448242 0.177083 0.458008 0.167969 0.459961 0.158854 0.458984 0.135417 0.455078 0.123698 0.453125 0.102865 0.451172 0.097656
0 0.444336 0.180990 0.436523 0.184896 0.427734 0.194010 0.419922 0.199219 0.419922 0.201823 0.421875 0.204427 0.423828 0.210938 0.422852 0.212240 0.422852 0.229167 0.418945 0.235677 0.419922 0.246094 0.423828 0.252604 0.425781 0.252604 0.426758 0.253906 0.426758 0.256510 0.431641 0.255208 0.436523 0.259115 0.444336 0.260417 0.448242 0.263021 0.458008 0.261719 0.463867 0.257812 0.471680 0.248698 0.476562 0.235677 0.477539 0.229167 0.474609 0.218750 0.471680 0.214844 0.470703 0.210938 0.459961 0.190104 0.455078 0.183594 0.451172 0.180990
0 0.418945 0.300781 0.416016 0.302083 0.415039 0.304688 0.406250 0.315104 0.405273 0.320312 0.401367 0.325521 0.401367 0.328125 0.399414 0.330729 0.398438 0.334635 0.398438 0.352865 0.400391 0.360677 0.408203 0.371094 0.415039 0.377604 0.417969 0.378906 0.425781 0.386719 0.430664 0.386719 0.438477 0.382812 0.439453 0.378906 0.443359 0.375000 0.462891 0.343750 0.465820 0.341146 0.465820 0.333333 0.458984 0.317708 0.452148 0.309896 0.448242 0.308594 0.442383 0.303385 0.424805 0.303385
0 0.399414 0.394531 0.391602 0.406250 0.383789 0.423177 0.382812 0.440104 0.387695 0.455729 0.395508 0.467448 0.405273 0.476562 0.408203 0.476562 0.409180 0.477865 0.420898 0.477865 0.421875 0.476562 0.432617 0.476562 0.434570 0.475260 0.439453 0.467448 0.443359 0.464844 0.443359 0.463542 0.451172 0.454427 0.454102 0.446615 0.454102 0.433594 0.452148 0.429688 0.450195 0.420573 0.443359 0.408854 0.442383 0.408854 0.435547 0.398438 0.422852 0.398438 0.419922 0.395833
0 0.448242 0.398438 0.450195 0.402344 0.448242 0.404948 0.446289 0.404948 0.445312 0.406250 0.445312 0.408854 0.451172 0.417969 0.454102 0.427083 0.455078 0.437500 0.456055 0.438802 0.456055 0.446615 0.455078 0.447917 0.456055 0.454427 0.481445 0.455729 0.482422 0.454427 0.488281 0.454427 0.492188 0.450521 0.497070 0.437500 0.497070 0.415365 0.492188 0.408854 0.489258 0.397135 0.485352 0.391927 0.474609 0.386719 0.467773 0.386719 0.467773 0.389323 0.469727 0.393229 0.465820 0.395833 0.458008 0.404948 0.456055 0.404948 0.455078 0.406250 0.451172 0.403646 0.451172 0.402344 0.455078 0.398438 0.455078 0.397135 0.450195 0.397135
0 0.470703 0.513021 0.469727 0.511719 0.464844 0.511719 0.461914 0.509115 0.458008 0.511719 0.451172 0.511719 0.450195 0.513021 0.446289 0.513021 0.432617 0.522135 0.430664 0.526042 0.426758 0.528646 0.423828 0.533854 0.423828 0.542969 0.419922 0.553385 0.419922 0.559896 0.421875 0.565104 0.426758 0.569010 0.429688 0.569010 0.433594 0.571615 0.437500 0.576823 0.441406 0.578125 0.445312 0.582031 0.447266 0.582031 0.459961 0.566406 0.465820 0.562500 0.468750 0.558594 0.468750 0.557292 0.475586 0.549479 0.477539 0.544271 0.477539 0.536458 0.476562 0.535156 0.476562 0.532552 0.474609 0.529948 0.474609 0.527344 0.472656 0.522135 0.472656 0.518229 0.470703 0.515625
0 0.476562 0.462240 0.472656 0.467448 0.472656 0.468750 0.469727 0.473958 0.469727 0.502604 0.473633 0.511719 0.477539 0.516927 0.489258 0.516927 0.490234 0.518229 0.494141 0.518229 0.495117 0.519531 0.502930 0.519531 0.504883 0.518229 0.509766 0.505208 0.513672 0.501302 0.516602 0.493490 0.516602 0.490885 0.518555 0.486979 0.518555 0.471354 0.517578 0.470052 0.517578 0.466146 0.514648 0.462240 0.506836 0.460938 0.505859 0.459635 0.484375 0.459635 0.483398 0.460938 0.478516 0.460938
0 0.503906 0.523438 0.497070 0.523438 0.483398 0.532552 0.479492 0.537760 0.479492 0.540365 0.476562 0.549479 0.468750 0.559896 0.466797 0.565104 0.466797 0.569010 0.467773 0.571615 0.475586 0.582031 0.483398 0.588542 0.485352 0.588542 0.486328 0.589844 0.491211 0.589844 0.492188 0.588542 0.501953 0.587240 0.507812 0.583333 0.509766 0.583333 0.518555 0.572917 0.521484 0.563802 0.524414 0.559896 0.526367 0.554688 0.525391 0.550781 0.523438 0.549479 0.517578 0.541667 0.515625 0.535156 0.509766 0.527344
0 0.517578 0.579427 0.515625 0.582031 0.514648 0.587240 0.517578 0.593750 0.520508 0.591146 0.522461 0.592448 0.522461 0.604167 0.521484 0.605469 0.522461 0.608073 0.522461 0.622396 0.520508 0.625000 0.520508 0.628906 0.523438 0.636719 0.523438 0.640625 0.520508 0.647135 0.521484 0.648438 0.523438 0.648438 0.526367 0.653646 0.539062 0.653646 0.540039 0.652344 0.543945 0.652344 0.546875 0.649740 0.548828 0.649740 0.556641 0.643229 0.560547 0.638021 0.560547 0.635417 0.559570 0.634115 0.559570 0.627604 0.558594 0.626302 0.558594 0.623698 0.556641 0.618490 0.556641 0.614583 0.554688 0.609375 0.554688 0.605469 0.553711 0.604167 0.552734 0.589844 0.548828 0.584635 0.531250 0.575521 0.526367 0.575521 0.521484 0.579427
0 0.523438 0.654948 0.519531 0.649740 0.517578 0.648438 0.514648 0.648438 0.513672 0.647135 0.512695 0.648438 0.508789 0.649740 0.504883 0.654948 0.501953 0.656250 0.500000 0.658854 0.496094 0.660156 0.492188 0.662760 0.490234 0.665365 0.485352 0.667969 0.483398 0.670573 0.480469 0.671875 0.477539 0.679688 0.477539 0.684896 0.478516 0.686198 0.478516 0.688802 0.480469 0.694010 0.482422 0.696615 0.483398 0.701823 0.491211 0.707031 0.493164 0.707031 0.497070 0.709635 0.500000 0.709635 0.503906 0.712240 0.507812 0.712240 0.509766 0.710938 0.513672 0.704427 0.518555 0.701823 0.522461 0.696615 0.525391 0.688802 0.525391 0.686198 0.526367 0.684896 0.526367 0.664062 0.525391 0.662760 0.525391 0.660156
0 0.586914 0.677083 0.583008 0.677083 0.582031 0.678385 0.577148 0.678385 0.575195 0.677083 0.571289 0.679688 0.568359 0.683594 0.563477 0.686198 0.560547 0.695312 0.555664 0.701823 0.554688 0.704427 0.554688 0.709635 0.553711 0.710938 0.554688 0.712240 0.553711 0.729167 0.551758 0.731771 0.550781 0.736979 0.551758 0.738281 0.551758 0.740885 0.559570 0.748698 0.561523 0.748698 0.562500 0.750000 0.566406 0.750000 0.567383 0.748698 0.570312 0.748698 0.571289 0.747396 0.575195 0.747396 0.579102 0.744792 0.582031 0.744792 0.585938 0.742188 0.588867 0.742188 0.594727 0.736979 0.594727 0.735677 0.597656 0.731771 0.598633 0.731771 0.604492 0.725260 0.604492 0.705729 0.600586 0.699219 0.596680 0.686198 0.593750 0.682292 0.588867 0.679688
0 0.652344 0.631510 0.649414 0.628906 0.646484 0.628906 0.641602 0.626302 0.639648 0.628906 0.633789 0.630208 0.628906 0.634115 0.625000 0.635417 0.621094 0.640625 0.620117 0.640625 0.611328 0.653646 0.611328 0.656250 0.610352 0.657552 0.611328 0.664062 0.611328 0.658854 0.614258 0.654948 0.616211 0.657552 0.616211 0.665365 0.615234 0.666667 0.615234 0.669271 0.617188 0.674479 0.616211 0.675781 0.616211 0.682292 0.612305 0.688802 0.615234 0.695312 0.620117 0.697917 0.624023 0.697917 0.625000 0.699219 0.632812 0.699219 0.634766 0.700521 0.635742 0.699219 0.650391 0.699219 0.654297 0.694010 0.654297 0.691406 0.655273 0.690104 0.655273 0.678385 0.656250 0.677083 0.656250 0.671875 0.655273 0.670573 0.654297 0.636719
0 0.530273 0.496094 0.525391 0.505208 0.523438 0.514323 0.521484 0.516927 0.521484 0.519531 0.520508 0.520833 0.520508 0.531250 0.519531 0.532552 0.519531 0.535156 0.520508 0.536458 0.521484 0.542969 0.523438 0.544271 0.533203 0.557292 0.540039 0.561198 0.545898 0.561198 0.546875 0.562500 0.548828 0.561198 0.552734 0.561198 0.553711 0.559896 0.558594 0.558594 0.561523 0.555990 0.563477 0.555990 0.566406 0.553385 0.570312 0.548177 0.574219 0.537760 0.574219 0.519531 0.575195 0.518229 0.575195 0.513021 0.569336 0.501302 0.563477 0.496094 0.539062 0.496094 0.538086 0.494792 0.532227 0.494792
0 0.615234 0.500000 0.609375 0.500000 0.608398 0.501302 0.605469 0.501302 0.604492 0.502604 0.602539 0.502604 0.601562 0.503906 0.594727 0.503906 0.593750 0.505208 0.589844 0.505208 0.588867 0.503906 0.587891 0.503906 0.583008 0.507812 0.583008 0.509115 0.581055 0.513021 0.581055 0.515625 0.580078 0.516927 0.580078 0.519531 0.581055 0.520833 0.581055 0.526042 0.582031 0.527344 0.579102 0.532552 0.579102 0.536458 0.578125 0.537760 0.579102 0.539062 0.579102 0.542969 0.580078 0.544271 0.580078 0.550781 0.582031 0.553385 0.583008 0.553385 0.583984 0.554688 0.586914 0.554688 0.587891 0.555990 0.602539 0.555990 0.609375 0.550781 0.609375 0.548177 0.610352 0.546875 0.610352 0.541667 0.611328 0.540365 0.611328 0.536458 0.612305 0.535156 0.612305 0.529948 0.613281 0.528646 0.613281 0.522135 0.614258 0.520833 0.614258 0.518229 0.615234 0.516927
0 0.553711 0.419271 0.549805 0.419271 0.543945 0.416667 0.540039 0.417969 0.538086 0.420573 0.534180 0.420573 0.533203 0.419271 0.530273 0.423177 0.530273 0.428385 0.528320 0.436198 0.525391 0.433594 0.527344 0.429688 0.526367 0.427083 0.522461 0.429688 0.520508 0.436198 0.519531 0.459635 0.520508 0.460938 0.520508 0.464844 0.523438 0.470052 0.524414 0.476562 0.528320 0.486979 0.536133 0.490885 0.544922 0.490885 0.549805 0.488281 0.558594 0.486979 0.563477 0.483073 0.565430 0.483073 0.569336 0.479167 0.575195 0.476562 0.577148 0.473958 0.577148 0.468750 0.571289 0.451823 0.565430 0.442708 0.565430 0.440104 0.558594 0.424479
0 0.618164 0.442708 0.617188 0.442708 0.614258 0.446615 0.611328 0.446615 0.610352 0.447917 0.609375 0.446615 0.605469 0.446615 0.604492 0.447917 0.600586 0.447917 0.599609 0.449219 0.596680 0.449219 0.594727 0.447917 0.590820 0.450521 0.589844 0.453125 0.583008 0.462240 0.581055 0.462240 0.580078 0.463542 0.580078 0.472656 0.578125 0.476562 0.578125 0.481771 0.579102 0.483073 0.579102 0.485677 0.590820 0.502604 0.600586 0.502604 0.601562 0.501302 0.604492 0.501302 0.608398 0.498698 0.616211 0.497396 0.620117 0.494792 0.625977 0.493490 0.628906 0.489583 0.629883 0.486979 0.629883 0.470052 0.626953 0.462240 0.626953 0.459635 0.625000 0.457031 0.624023 0.453125 0.620117 0.447917
0 0.538086 0.341146 0.533203 0.345052 0.531250 0.345052 0.527344 0.347656 0.525391 0.350260 0.524414 0.350260 0.522461 0.354167 0.522461 0.363281 0.521484 0.364583 0.521484 0.385417 0.522461 0.388021 0.519531 0.393229 0.520508 0.394531 0.520508 0.397135 0.524414 0.402344 0.526367 0.402344 0.527344 0.403646 0.532227 0.403646 0.536133 0.406250 0.541992 0.407552 0.554688 0.399740 0.564453 0.388021 0.568359 0.377604 0.568359 0.359375 0.562500 0.352865 0.558594 0.350260 0.556641 0.350260 0.554688 0.347656 0.546875 0.345052 0.541992 0.341146
0 0.518555 0.263021 0.516602 0.263021 0.509766 0.268229 0.509766 0.278646 0.503906 0.287760 0.503906 0.311198 0.504883 0.312500 0.504883 0.317708 0.507812 0.326823 0.507812 0.335938 0.508789 0.337240 0.508789 0.341146 0.513672 0.348958 0.517578 0.348958 0.519531 0.346354 0.521484 0.346354 0.522461 0.345052 0.527344 0.345052 0.528320 0.343750 0.531250 0.343750 0.536133 0.341146 0.545898 0.329427 0.545898 0.326823 0.546875 0.325521 0.546875 0.316406 0.543945 0.308594 0.543945 0.304688 0.541992 0.298177 0.541992 0.287760 0.541016 0.286458 0.541016 0.276042 0.540039 0.273438 0.535156 0.268229 0.533203 0.268229 0.532227 0.266927 0.527344 0.266927 0.526367 0.265625 0.523438 0.265625
0 0.543945 0.276042 0.543945 0.291667 0.549805 0.320312 0.549805 0.333333 0.550781 0.337240 0.555664 0.342448 0.560547 0.345052 0.576172 0.347656 0.584961 0.341146 0.595703 0.337240 0.599609 0.337240 0.603516 0.333333 0.603516 0.329427 0.608398 0.319010 0.608398 0.313802 0.611328 0.304688 0.611328 0.294271 0.610352 0.292969 0.610352 0.283854 0.609375 0.281250 0.599609 0.277344 0.595703 0.277344 0.590820 0.273438 0.587891 0.273438 0.581055 0.268229 0.577148 0.268229 0.576172 0.266927 0.553711 0.266927 0.551758 0.268229 0.553711 0.270833 0.553711 0.274740 0.548828 0.281250 0.545898 0.278646 0.544922 0.274740
0 0.479492 0.173177 0.476562 0.178385 0.474609 0.184896 0.474609 0.205729 0.475586 0.207031 0.475586 0.214844 0.481445 0.230469 0.480469 0.235677 0.482422 0.238281 0.486328 0.239583 0.488281 0.236979 0.490234 0.230469 0.492188 0.229167 0.496094 0.229167 0.498047 0.231771 0.497070 0.242188 0.502930 0.242188 0.503906 0.240885 0.507812 0.240885 0.508789 0.239583 0.512695 0.239583 0.514648 0.238281 0.517578 0.233073 0.528320 0.220052 0.530273 0.213542 0.532227 0.210938 0.532227 0.200521 0.530273 0.194010 0.529297 0.178385 0.528320 0.175781 0.525391 0.173177 0.519531 0.173177 0.518555 0.171875 0.492188 0.170573 0.491211 0.169271 0.488281 0.169271
0 0.484375 0.079427 0.477539 0.087240 0.474609 0.095052 0.474609 0.097656 0.472656 0.102865 0.472656 0.106771 0.464844 0.127604 0.463867 0.136719 0.464844 0.139323 0.467773 0.141927 0.468750 0.145833 0.471680 0.149740 0.482422 0.157552 0.484375 0.157552 0.485352 0.158854 0.490234 0.158854 0.491211 0.160156 0.504883 0.161458 0.506836 0.160156 0.509766 0.149740 0.516602 0.140625 0.520508 0.132812 0.520508 0.127604 0.521484 0.126302 0.520508 0.125000 0.520508 0.117188 0.518555 0.113281 0.518555 0.110677 0.516602 0.105469 0.510742 0.097656 0.505859 0.085938 0.504883 0.085938 0.500977 0.080729 0.499023 0.080729 0.495117 0.078125
0 0.557617 0.059896 0.538086 0.070312 0.543945 0.074219 0.545898 0.078125 0.545898 0.080729 0.542969 0.084635 0.542969 0.089844 0.543945 0.091146 0.543945 0.101562 0.541992 0.105469 0.541992 0.114583 0.542969 0.115885 0.541016 0.117188 0.539062 0.121094 0.540039 0.122396 0.540039 0.126302 0.541992 0.130208 0.545898 0.132812 0.547852 0.132812 0.560547 0.141927 0.570312 0.141927 0.571289 0.140625 0.574219 0.140625 0.579102 0.136719 0.583984 0.128906 0.583984 0.113281 0.583008 0.111979 0.583008 0.108073 0.582031 0.106771 0.582031 0.102865 0.580078 0.096354 0.580078 0.074219 0.579102 0.072917 0.579102 0.070312 0.571289 0.062500 0.568359 0.062500 0.563477 0.059896
0 0.548828 0.169271 0.546875 0.173177 0.546875 0.177083 0.548828 0.179688 0.550781 0.179688 0.553711 0.183594 0.550781 0.188802 0.546875 0.204427 0.545898 0.222656 0.547852 0.225260 0.547852 0.229167 0.544922 0.231771 0.550781 0.231771 0.558594 0.236979 0.560547 0.236979 0.563477 0.233073 0.566406 0.236979 0.565430 0.240885 0.570312 0.246094 0.572266 0.246094 0.576172 0.251302 0.581055 0.250000 0.587891 0.240885 0.591797 0.239583 0.593750 0.236979 0.596680 0.227865 0.602539 0.218750 0.602539 0.200521 0.598633 0.188802 0.590820 0.179688 0.584961 0.175781 0.583008 0.171875 0.583008 0.167969 0.579102 0.164062 0.576172 0.164062 0.575195 0.162760 0.573242 0.164062 0.563477 0.164062 0.562500 0.165365 0.558594 0.165365 0.554688 0.167969
0 0.602539 0.220052 0.601562 0.221354 0.600586 0.221354 0.600586 0.222656 0.597656 0.226562 0.597656 0.227865 0.596680 0.229167 0.595703 0.233073 0.593750 0.235677 0.593750 0.236979 0.591797 0.239583 0.590820 0.239583 0.589844 0.240885 0.587891 0.240885 0.580078 0.250000 0.577148 0.250000 0.576172 0.251302 0.576172 0.255208 0.577148 0.256510 0.577148 0.259115 0.578125 0.260417 0.578125 0.261719 0.582031 0.266927 0.584961 0.268229 0.586914 0.270833 0.588867 0.270833 0.591797 0.273438 0.593750 0.273438 0.594727 0.274740 0.596680 0.274740 0.597656 0.276042 0.601562 0.276042 0.602539 0.277344 0.604492 0.277344 0.605469 0.278646 0.608398 0.278646 0.609375 0.279948 0.611328 0.279948 0.613281 0.277344 0.613281 0.274740 0.614258 0.273438 0.614258 0.272135 0.618164 0.266927 0.618164 0.251302 0.617188 0.250000 0.617188 0.244792 0.616211 0.243490 0.616211 0.240885 0.615234 0.239583 0.610352 0.225260 0.607422 0.221354 0.606445 0.221354 0.605469 0.220052
0 0.616211 0.313802 0.613281 0.313802 0.611328 0.316406 0.611328 0.317708 0.606445 0.324219 0.606445 0.326823 0.605469 0.328125 0.604492 0.333333 0.600586 0.338542 0.596680 0.339844 0.594727 0.342448 0.590820 0.345052 0.586914 0.345052 0.585938 0.346354 0.585938 0.361979 0.590820 0.365885 0.590820 0.367188 0.592773 0.369792 0.593750 0.382812 0.598633 0.386719 0.611328 0.386719 0.614258 0.384115 0.619141 0.382812 0.622070 0.378906 0.623047 0.378906 0.626953 0.372396 0.627930 0.364583 0.630859 0.358073 0.630859 0.343750 0.627930 0.337240 0.627930 0.334635 0.625977 0.329427
0 0.616211 0.596354 0.617188 0.597656 0.617188 0.600260 0.618164 0.601562 0.619141 0.601562 0.621094 0.604167 0.622070 0.604167 0.625000 0.608073 0.627930 0.609375 0.630859 0.613281 0.631836 0.613281 0.633789 0.615885 0.634766 0.615885 0.635742 0.617188 0.636719 0.617188 0.638672 0.619792 0.641602 0.621094 0.644531 0.625000 0.645508 0.625000 0.646484 0.626302 0.648438 0.626302 0.649414 0.625000 0.650391 0.625000 0.650391 0.623698 0.652344 0.619792 0.652344 0.600260 0.647461 0.595052 0.644531 0.593750 0.641602 0.589844 0.640625 0.589844 0.639648 0.588542 0.636719 0.588542 0.635742 0.589844 0.632812 0.589844 0.631836 0.588542 0.626953 0.588542 0.625977 0.587240 0.622070 0.587240 0.621094 0.588542 0.620117 0.592448 0.618164 0.595052 0.617188 0.595052
0 0.657227 0.636719 0.657227 0.644531 0.656250 0.645833 0.656250 0.652344 0.657227 0.653646 0.657227 0.684896 0.660156 0.692708 0.660156 0.696615 0.662109 0.703125 0.664062 0.705729 0.671875 0.710938 0.689453 0.712240 0.693359 0.709635 0.698242 0.703125 0.698242 0.683594 0.697266 0.682292 0.696289 0.673177 0.694336 0.667969 0.694336 0.664062 0.693359 0.662760 0.693359 0.658854 0.691406 0.652344 0.689453 0.649740 0.685547 0.648438 0.681641 0.644531 0.678711 0.643229 0.673828 0.638021 0.668945 0.636719 0.666016 0.634115 0.664062 0.634115 0.664062 0.638021 0.662109 0.643229 0.661133 0.643229 0.659180 0.638021
0 0.648438 0.705729 0.649414 0.705729 0.650391 0.707031 0.650391 0.709635 0.651367 0.710938 0.651367 0.714844 0.652344 0.716146 0.652344 0.717448 0.660156 0.727865 0.661133 0.727865 0.663086 0.730469 0.663086 0.731771 0.666016 0.735677 0.666992 0.739583 0.669922 0.743490 0.670898 0.742188 0.674805 0.742188 0.675781 0.740885 0.676758 0.740885 0.677734 0.739583 0.678711 0.739583 0.679688 0.738281 0.682617 0.736979 0.685547 0.733073 0.685547 0.730469 0.686523 0.729167 0.686523 0.726562 0.687500 0.725260 0.687500 0.716146 0.686523 0.714844 0.684570 0.714844 0.683594 0.713542 0.675781 0.713542 0.674805 0.712240 0.672852 0.712240 0.671875 0.710938 0.669922 0.710938 0.668945 0.709635 0.666992 0.709635 0.666016 0.708333 0.664062 0.708333 0.663086 0.707031 0.662109 0.707031 0.661133 0.705729 0.659180 0.705729 0.658203 0.704427 0.649414 0.704427
0 0.697266 0.729167 0.696289 0.729167 0.695312 0.727865 0.688477 0.727865 0.687500 0.729167 0.687500 0.730469 0.685547 0.733073 0.685547 0.734375 0.683594 0.736979 0.682617 0.736979 0.680664 0.739583 0.675781 0.742188 0.670898 0.748698 0.670898 0.751302 0.668945 0.753906 0.668945 0.755208 0.667969 0.756510 0.667969 0.759115 0.666992 0.760417 0.666992 0.764323 0.667969 0.765625 0.667969 0.770833 0.666992 0.772135 0.666992 0.773438 0.670898 0.782552 0.671875 0.782552 0.672852 0.783854 0.674805 0.783854 0.675781 0.785156 0.678711 0.785156 0.679688 0.783854 0.680664 0.783854 0.684570 0.778646 0.684570 0.777344 0.692383 0.766927 0.692383 0.765625 0.694336 0.763021 0.694336 0.761719 0.698242 0.756510 0.698242 0.755208 0.704102 0.747396 0.704102 0.739583 0.703125 0.738281 0.702148 0.734375 0.701172 0.733073 0.700195 0.733073
0 0.713867 0.751302 0.709961 0.751302 0.708984 0.752604 0.707031 0.752604 0.698242 0.763021 0.697266 0.763021 0.697266 0.764323 0.692383 0.770833 0.692383 0.779948 0.694336 0.781250 0.697266 0.785156 0.698242 0.787760 0.698242 0.794271 0.699219 0.795573 0.699219 0.799479 0.700195 0.799479 0.704102 0.803385 0.703125 0.805990 0.701172 0.807292 0.699219 0.807292 0.700195 0.809896 0.712891 0.809896 0.714844 0.805990 0.719727 0.803385 0.726562 0.795573 0.726562 0.794271 0.730469 0.787760 0.730469 0.785156 0.732422 0.779948 0.732422 0.773438 0.731445 0.772135 0.731445 0.769531 0.729492 0.766927 0.728516 0.766927 0.723633 0.760417 0.720703 0.759115 0.717773 0.753906
0 0.779297 0.774740 0.777344 0.772135 0.776367 0.772135 0.774414 0.769531 0.774414 0.768229 0.773438 0.768229 0.771484 0.765625 0.769531 0.765625 0.767578 0.768229 0.763672 0.765625 0.755859 0.773438 0.753906 0.773438 0.750000 0.776042 0.743164 0.782552 0.738281 0.782552 0.736328 0.778646 0.735352 0.785156 0.733398 0.787760 0.733398 0.791667 0.732422 0.792969 0.733398 0.794271 0.733398 0.798177 0.737305 0.803385 0.737305 0.804688 0.743164 0.811198 0.747070 0.811198 0.748047 0.812500 0.753906 0.812500 0.754883 0.813802 0.757812 0.813802 0.758789 0.815104 0.760742 0.815104 0.761719 0.816406 0.764648 0.816406 0.766602 0.817708 0.772461 0.813802 0.772461 0.811198 0.773438 0.808594 0.776367 0.804688 0.778320 0.799479 0.779297 0.790365 0.781250 0.785156 0.781250 0.778646 0.779297 0.776042
0 0.755859 0.704427 0.753906 0.704427 0.750000 0.709635 0.742188 0.709635 0.741211 0.710938 0.739258 0.710938 0.737305 0.712240 0.732422 0.718750 0.732422 0.720052 0.730469 0.721354 0.729492 0.725260 0.727539 0.727865 0.722656 0.729167 0.719727 0.733073 0.718750 0.735677 0.718750 0.740885 0.717773 0.742188 0.717773 0.746094 0.719727 0.751302 0.723633 0.756510 0.725586 0.757812 0.754883 0.757812 0.757812 0.755208 0.760742 0.747396 0.761719 0.740885 0.762695 0.739583 0.762695 0.727865 0.763672 0.726562 0.763672 0.720052 0.762695 0.718750 0.762695 0.716146 0.755859 0.707031
0 0.759766 0.692708 0.754883 0.699219 0.758789 0.704427 0.759766 0.708333 0.764648 0.716146 0.764648 0.726562 0.763672 0.727865 0.763672 0.736979 0.762695 0.738281 0.762695 0.743490 0.760742 0.747396 0.760742 0.752604 0.762695 0.752604 0.763672 0.753906 0.767578 0.753906 0.768555 0.752604 0.768555 0.751302 0.780273 0.736979 0.780273 0.733073 0.781250 0.731771 0.781250 0.729167 0.782227 0.727865 0.782227 0.723958 0.783203 0.722656 0.783203 0.721354 0.784180 0.720052 0.784180 0.717448 0.785156 0.716146 0.780273 0.710938 0.780273 0.709635 0.778320 0.707031 0.778320 0.705729 0.771484 0.696615 0.768555 0.696615 0.767578 0.695312 0.765625 0.695312 0.762695 0.692708
0 0.782227 0.632812 0.781250 0.639323 0.783203 0.640625 0.784180 0.643229 0.780273 0.645833 0.780273 0.649740 0.779297 0.651042 0.779297 0.653646 0.780273 0.654948 0.780273 0.669271 0.778320 0.673177 0.778320 0.684896 0.775391 0.690104 0.774414 0.695312 0.779297 0.703125 0.783203 0.704427 0.781250 0.703125 0.781250 0.699219 0.783203 0.697917 0.789062 0.707031 0.792969 0.707031 0.793945 0.708333 0.797852 0.703125 0.808594 0.694010 0.814453 0.687500 0.816406 0.680990 0.816406 0.675781 0.815430 0.674479 0.816406 0.671875 0.816406 0.662760 0.806641 0.648438 0.806641 0.647135 0.801758 0.641927 0.797852 0.641927 0.791016 0.635417 0.788086 0.635417 0.785156 0.632812
0 0.825195 0.649740 0.817383 0.649740 0.814453 0.652344 0.811523 0.652344 0.811523 0.653646 0.817383 0.662760 0.817383 0.666667 0.818359 0.667969 0.818359 0.674479 0.817383 0.675781 0.817383 0.680990 0.816406 0.682292 0.816406 0.684896 0.807617 0.696615 0.806641 0.696615 0.803711 0.700521 0.803711 0.701823 0.804688 0.703125 0.804688 0.705729 0.805664 0.705729 0.806641 0.707031 0.809570 0.707031 0.813477 0.710938 0.813477 0.712240 0.812500 0.713542 0.812500 0.714844 0.813477 0.716146 0.818359 0.714844 0.821289 0.710938 0.822266 0.710938 0.830078 0.699219 0.830078 0.696615 0.831055 0.695312 0.831055 0.691406 0.830078 0.690104 0.830078 0.683594 0.831055 0.682292 0.831055 0.677083 0.832031 0.675781 0.832031 0.671875 0.830078 0.667969 0.830078 0.654948 0.829102 0.653646 0.829102 0.652344 0.828125 0.652344
0 0.844727 0.593750 0.843750 0.595052 0.840820 0.595052 0.838867 0.597656 0.837891 0.597656 0.831055 0.602865 0.829102 0.602865 0.827148 0.605469 0.827148 0.606771 0.820312 0.615885 0.819336 0.615885 0.819336 0.617188 0.815430 0.622396 0.815430 0.632812 0.825195 0.645833 0.826172 0.645833 0.827148 0.647135 0.829102 0.647135 0.832031 0.649740 0.833984 0.649740 0.836914 0.653646 0.839844 0.653646 0.840820 0.654948 0.841797 0.653646 0.843750 0.653646 0.850586 0.644531 0.850586 0.643229 0.854492 0.638021 0.855469 0.638021 0.857422 0.635417 0.857422 0.627604 0.856445 0.626302 0.856445 0.615885 0.855469 0.614583 0.853516 0.608073 0.845703 0.596354 0.845703 0.595052
0 0.814453 0.554688 0.812500 0.554688 0.811523 0.553385 0.807617 0.553385 0.806641 0.552083 0.804688 0.553385 0.796875 0.553385 0.795898 0.555990 0.798828 0.559896 0.799805 0.563802 0.795898 0.574219 0.791016 0.579427 0.791016 0.580729 0.788086 0.584635 0.785156 0.592448 0.783203 0.595052 0.783203 0.598958 0.782227 0.600260 0.782227 0.609375 0.781250 0.611979 0.782227 0.614583 0.788086 0.622396 0.793945 0.626302 0.802734 0.626302 0.803711 0.625000 0.806641 0.625000 0.808594 0.622396 0.809570 0.622396 0.814453 0.615885 0.818359 0.605469 0.822266 0.600260 0.824219 0.570312 0.822266 0.567708 0.818359 0.557292
0 0.738281 0.591146 0.735352 0.591146 0.734375 0.589844 0.732422 0.589844 0.730469 0.588542 0.728516 0.591146 0.725586 0.592448 0.721680 0.597656 0.721680 0.600260 0.718750 0.602865 0.715820 0.610677 0.708984 0.619792 0.708008 0.623698 0.704102 0.630208 0.704102 0.635417 0.705078 0.638021 0.707031 0.638021 0.710938 0.643229 0.711914 0.643229 0.717773 0.651042 0.717773 0.652344 0.720703 0.654948 0.725586 0.654948 0.726562 0.653646 0.728516 0.653646 0.732422 0.651042 0.737305 0.644531 0.738281 0.644531 0.749023 0.630208 0.749023 0.628906 0.752930 0.623698 0.752930 0.618490 0.750977 0.614583 0.750977 0.611979 0.750000 0.610677 0.750000 0.608073 0.748047 0.602865 0.747070 0.602865 0.740234 0.593750 0.740234 0.592448
0 0.681641 0.630208 0.680664 0.631510 0.680664 0.632812 0.678711 0.635417 0.678711 0.638021 0.680664 0.640625 0.680664 0.641927 0.682617 0.644531 0.683594 0.644531 0.684570 0.645833 0.685547 0.645833 0.686523 0.647135 0.687500 0.647135 0.689453 0.649740 0.690430 0.649740 0.692383 0.652344 0.692383 0.653646 0.693359 0.654948 0.693359 0.657552 0.694336 0.658854 0.694336 0.662760 0.695312 0.664062 0.695312 0.667969 0.696289 0.669271 0.696289 0.671875 0.697266 0.673177 0.698242 0.671875 0.701172 0.671875 0.703125 0.669271 0.703125 0.667969 0.704102 0.666667 0.704102 0.665365 0.705078 0.664062 0.705078 0.662760 0.706055 0.661458 0.706055 0.660156 0.708008 0.656250 0.708008 0.648438 0.707031 0.647135 0.707031 0.644531 0.703125 0.639323 0.702148 0.639323 0.701172 0.638021 0.700195 0.638021 0.698242 0.635417 0.697266 0.635417 0.694336 0.631510 0.693359 0.631510 0.692383 0.630208
0 0.647461 0.569010 0.647461 0.571615 0.646484 0.572917 0.646484 0.576823 0.645508 0.578125 0.645508 0.584635 0.646484 0.585938 0.646484 0.591146 0.654297 0.600260 0.654297 0.604167 0.655273 0.605469 0.655273 0.606771 0.654297 0.608073 0.654297 0.611979 0.670898 0.611979 0.671875 0.610677 0.673828 0.610677 0.675781 0.608073 0.676758 0.608073 0.677734 0.606771 0.680664 0.605469 0.682617 0.602865 0.683594 0.602865 0.686523 0.597656 0.686523 0.596354 0.687500 0.595052 0.687500 0.592448 0.686523 0.591146 0.685547 0.587240 0.683594 0.584635 0.683594 0.582031 0.682617 0.580729 0.682617 0.579427 0.681641 0.578125 0.681641 0.575521 0.680664 0.574219 0.679688 0.574219 0.674805 0.570312 0.671875 0.570312 0.670898 0.569010 0.665039 0.569010 0.664062 0.567708 0.661133 0.567708 0.660156 0.566406 0.658203 0.566406 0.657227 0.565104 0.650391 0.565104
0 0.710938 0.520833 0.705078 0.520833 0.703125 0.522135 0.699219 0.527344 0.699219 0.531250 0.698242 0.532552 0.698242 0.536458 0.699219 0.537760 0.698242 0.539062 0.698242 0.541667 0.697266 0.542969 0.697266 0.548177 0.696289 0.549479 0.696289 0.558594 0.693359 0.566406 0.690430 0.570312 0.689453 0.570312 0.688477 0.572917 0.688477 0.575521 0.689453 0.575521 0.694336 0.583333 0.696289 0.583333 0.700195 0.587240 0.704102 0.587240 0.711914 0.582031 0.719727 0.574219 0.727539 0.570312 0.733398 0.563802 0.733398 0.561198 0.734375 0.559896 0.734375 0.541667 0.733398 0.539062 0.729492 0.533854 0.719727 0.527344 0.717773 0.524740 0.713867 0.522135 0.711914 0.522135
0 0.678711 0.502604 0.675781 0.506510 0.675781 0.511719 0.673828 0.514323 0.672852 0.514323 0.666016 0.523438 0.666992 0.524740 0.666992 0.531250 0.666016 0.532552 0.666016 0.539062 0.664062 0.541667 0.662109 0.546875 0.662109 0.553385 0.665039 0.557292 0.665039 0.558594 0.671875 0.567708 0.675781 0.570312 0.685547 0.570312 0.691406 0.566406 0.693359 0.563802 0.694336 0.561198 0.694336 0.558594 0.695312 0.557292 0.695312 0.548177 0.696289 0.546875 0.696289 0.540365 0.697266 0.539062 0.697266 0.516927 0.696289 0.514323 0.693359 0.510417 0.690430 0.509115 0.688477 0.506510 0.682617 0.502604
0 0.663086 0.434896 0.661133 0.434896 0.658203 0.437500 0.655273 0.437500 0.653320 0.436198 0.648438 0.441406 0.642578 0.445312 0.639648 0.453125 0.633789 0.457031 0.633789 0.460938 0.632812 0.462240 0.632812 0.476562 0.633789 0.477865 0.633789 0.483073 0.634766 0.484375 0.634766 0.486979 0.641602 0.497396 0.645508 0.498698 0.646484 0.500000 0.648438 0.500000 0.649414 0.501302 0.652344 0.501302 0.653320 0.502604 0.663086 0.501302 0.666992 0.498698 0.669922 0.489583 0.671875 0.486979 0.673828 0.481771 0.673828 0.479167 0.675781 0.476562 0.681641 0.460938 0.681641 0.457031 0.682617 0.455729 0.681641 0.451823 0.676758 0.445312 0.673828 0.444010 0.671875 0.441406 0.668945 0.440104 0.666992 0.437500
0 0.687500 0.447917 0.684570 0.451823 0.684570 0.460938 0.681641 0.467448 0.681641 0.472656 0.678711 0.479167 0.678711 0.490885 0.679688 0.492188 0.679688 0.494792 0.681641 0.498698 0.686523 0.501302 0.693359 0.507812 0.697266 0.510417 0.701172 0.510417 0.707031 0.518229 0.711914 0.518229 0.713867 0.515625 0.718750 0.513021 0.720703 0.510417 0.725586 0.498698 0.725586 0.494792 0.726562 0.493490 0.726562 0.484375 0.727539 0.483073 0.727539 0.477865 0.726562 0.476562 0.726562 0.473958 0.724609 0.471354 0.723633 0.467448 0.722656 0.467448 0.719727 0.463542 0.719727 0.460938 0.715820 0.455729 0.712891 0.454427 0.710938 0.451823 0.704102 0.447917 0.698242 0.447917 0.697266 0.446615 0.690430 0.446615 0.689453 0.447917
0 0.762695 0.416667 0.760742 0.416667 0.758789 0.415365 0.754883 0.419271 0.750000 0.419271 0.749023 0.420573 0.747070 0.420573 0.742188 0.425781 0.738281 0.428385 0.735352 0.432292 0.734375 0.436198 0.732422 0.438802 0.732422 0.442708 0.731445 0.444010 0.731445 0.446615 0.727539 0.451823 0.724609 0.460938 0.728516 0.467448 0.729492 0.467448 0.736328 0.475260 0.740234 0.475260 0.741211 0.473958 0.743164 0.473958 0.744141 0.472656 0.747070 0.472656 0.748047 0.471354 0.750000 0.471354 0.753906 0.468750 0.756836 0.468750 0.757812 0.467448 0.763672 0.467448 0.764648 0.466146 0.767578 0.466146 0.774414 0.455729 0.774414 0.453125 0.775391 0.451823 0.775391 0.446615 0.776367 0.445312 0.774414 0.440104 0.772461 0.437500 0.771484 0.433594 0.768555 0.429688 0.768555 0.428385 0.766602 0.425781 0.766602 0.424479 0.764648 0.421875
0 0.768555 0.470052 0.766602 0.470052 0.765625 0.468750 0.762695 0.468750 0.761719 0.470052 0.755859 0.470052 0.754883 0.471354 0.750000 0.472656 0.744141 0.476562 0.742188 0.479167 0.742188 0.483073 0.744141 0.485677 0.744141 0.486979 0.741211 0.493490 0.741211 0.503906 0.738281 0.511719 0.739258 0.511719 0.741211 0.514323 0.742188 0.516927 0.742188 0.519531 0.748047 0.528646 0.750000 0.528646 0.750977 0.529948 0.758789 0.529948 0.759766 0.528646 0.762695 0.528646 0.764648 0.526042 0.771484 0.522135 0.774414 0.518229 0.774414 0.516927 0.777344 0.513021 0.778320 0.510417 0.778320 0.507812 0.779297 0.506510 0.779297 0.503906 0.780273 0.502604 0.780273 0.500000 0.782227 0.496094 0.782227 0.493490 0.783203 0.490885 0.781250 0.485677 0.770508 0.471354
0 0.810547 0.434896 0.805664 0.441406 0.804688 0.445312 0.798828 0.451823 0.798828 0.454427 0.797852 0.455729 0.797852 0.457031 0.798828 0.458333 0.798828 0.467448 0.799805 0.468750 0.799805 0.479167 0.798828 0.480469 0.798828 0.481771 0.801758 0.485677 0.801758 0.486979 0.804688 0.493490 0.806641 0.493490 0.807617 0.494792 0.814453 0.494792 0.815430 0.493490 0.817383 0.493490 0.820312 0.490885 0.822266 0.490885 0.823242 0.489583 0.828125 0.488281 0.830078 0.485677 0.830078 0.484375 0.831055 0.483073 0.831055 0.480469 0.833008 0.477865 0.833008 0.475260 0.836914 0.470052 0.836914 0.468750 0.838867 0.464844 0.838867 0.460938 0.837891 0.459635 0.836914 0.450521 0.833984 0.445312 0.833984 0.444010 0.832031 0.441406 0.831055 0.441406 0.830078 0.440104 0.827148 0.440104 0.826172 0.438802 0.824219 0.438802 0.821289 0.436198 0.818359 0.436198 0.817383 0.434896
0 0.650391 0.346354 0.651367 0.351562 0.649414 0.354167 0.647461 0.364583 0.644531 0.369792 0.643555 0.375000 0.642578 0.376302 0.642578 0.384115 0.644531 0.389323 0.648438 0.395833 0.648438 0.401042 0.647461 0.402344 0.649414 0.403646 0.651367 0.402344 0.654297 0.402344 0.655273 0.403646 0.657227 0.403646 0.661133 0.406250 0.665039 0.406250 0.666016 0.407552 0.666992 0.406250 0.670898 0.406250 0.671875 0.404948 0.677734 0.403646 0.687500 0.397135 0.688477 0.394531 0.688477 0.390625 0.689453 0.389323 0.689453 0.381510 0.690430 0.380208 0.690430 0.360677 0.689453 0.359375 0.689453 0.355469 0.686523 0.352865 0.676758 0.352865 0.675781 0.351562 0.673828 0.351562 0.669922 0.348958 0.666992 0.348958 0.666016 0.347656 0.664062 0.347656 0.663086 0.346354 0.659180 0.346354 0.658203 0.345052 0.652344 0.345052
0 0.704102 0.375000 0.703125 0.375000 0.701172 0.372396 0.693359 0.372396 0.692383 0.373698 0.692383 0.377604 0.691406 0.378906 0.691406 0.384115 0.690430 0.385417 0.690430 0.389323 0.691406 0.390625 0.691406 0.393229 0.690430 0.395833 0.686523 0.401042 0.684570 0.401042 0.678711 0.404948 0.676758 0.404948 0.669922 0.410156 0.668945 0.412760 0.669922 0.415365 0.669922 0.421875 0.670898 0.423177 0.670898 0.428385 0.672852 0.430990 0.677734 0.430990 0.678711 0.432292 0.692383 0.432292 0.695312 0.428385 0.699219 0.425781 0.703125 0.420573 0.705078 0.415365 0.705078 0.412760 0.708984 0.403646 0.708984 0.388021
0 0.804688 0.388021 0.802734 0.388021 0.798828 0.385417 0.790039 0.385417 0.788086 0.386719 0.787109 0.389323 0.787109 0.391927 0.779297 0.412760 0.779297 0.415365 0.776367 0.423177 0.772461 0.428385 0.773438 0.429688 0.773438 0.434896 0.777344 0.441406 0.778320 0.444010 0.778320 0.446615 0.780273 0.449219 0.798828 0.449219 0.800781 0.447917 0.807617 0.437500 0.807617 0.436198 0.812500 0.430990 0.813477 0.427083 0.815430 0.424479 0.815430 0.421875 0.816406 0.420573 0.816406 0.416667 0.817383 0.415365 0.817383 0.407552 0.816406 0.406250 0.816406 0.403646 0.815430 0.401042
0 0.643555 0.268229 0.646484 0.272135 0.646484 0.274740 0.637695 0.289062 0.637695 0.291667 0.635742 0.295573 0.635742 0.300781 0.634766 0.302083 0.634766 0.309896 0.633789 0.311198 0.633789 0.317708 0.632812 0.319010 0.632812 0.326823 0.633789 0.329427 0.639648 0.335938 0.644531 0.335938 0.649414 0.339844 0.651367 0.339844 0.652344 0.338542 0.656250 0.337240 0.661133 0.329427 0.663086 0.324219 0.663086 0.321615 0.665039 0.319010 0.665039 0.316406 0.668945 0.305990 0.670898 0.303385 0.670898 0.300781 0.672852 0.295573 0.672852 0.287760 0.671875 0.286458 0.670898 0.281250 0.664062 0.277344 0.662109 0.274740 0.658203 0.272135 0.656250 0.272135 0.654297 0.269531 0.652344 0.269531 0.651367 0.268229
0 0.694336 0.304688 0.697266 0.307292 0.707031 0.305990 0.708984 0.307292 0.709961 0.309896 0.706055 0.320312 0.704102 0.321615 0.703125 0.326823 0.698242 0.337240 0.698242 0.339844 0.691406 0.348958 0.692383 0.361979 0.708008 0.373698 0.721680 0.375000 0.722656 0.376302 0.725586 0.375000 0.727539 0.372396 0.730469 0.364583 0.733398 0.360677 0.733398 0.352865 0.734375 0.351562 0.734375 0.348958 0.740234 0.338542 0.740234 0.326823 0.739258 0.325521 0.739258 0.320312 0.737305 0.313802 0.734375 0.312500 0.731445 0.308594 0.724609 0.304688
0 0.747070 0.309896 0.746094 0.311198 0.743164 0.311198 0.740234 0.315104 0.741211 0.316406 0.741211 0.321615 0.742188 0.322917 0.742188 0.334635 0.741211 0.335938 0.741211 0.339844 0.739258 0.345052 0.739258 0.351562 0.738281 0.352865 0.738281 0.355469 0.735352 0.360677 0.734375 0.364583 0.732422 0.367188 0.731445 0.375000 0.734375 0.377604 0.742188 0.378906 0.743164 0.380208 0.746094 0.380208 0.747070 0.381510 0.750977 0.381510 0.751953 0.380208 0.754883 0.380208 0.757812 0.377604 0.762695 0.376302 0.766602 0.373698 0.768555 0.371094 0.771484 0.369792 0.771484 0.368490 0.776367 0.360677 0.776367 0.358073 0.777344 0.356771 0.777344 0.348958 0.776367 0.347656 0.776367 0.345052 0.774414 0.339844 0.774414 0.335938 0.772461 0.330729 0.772461 0.325521 0.771484 0.324219 0.771484 0.319010 0.770508 0.316406 0.764648 0.316406 0.760742 0.313802 0.756836 0.313802 0.755859 0.312500 0.752930 0.312500 0.751953 0.311198 0.749023 0.311198
0 0.840820 0.324219 0.833008 0.324219 0.832031 0.325521 0.830078 0.325521 0.826172 0.328125 0.820312 0.335938 0.819336 0.339844 0.814453 0.347656 0.814453 0.350260 0.812500 0.355469 0.812500 0.364583 0.813477 0.365885 0.813477 0.373698 0.814453 0.375000 0.813477 0.385417 0.812500 0.386719 0.820312 0.393229 0.822266 0.393229 0.826172 0.395833 0.835938 0.395833 0.837891 0.393229 0.837891 0.390625 0.839844 0.388021 0.841797 0.377604 0.852539 0.350260 0.852539 0.347656 0.853516 0.346354 0.853516 0.334635 0.847656 0.328125 0.845703 0.328125
0 0.766602 0.250000 0.765625 0.251302 0.765625 0.252604 0.761719 0.257812 0.760742 0.257812 0.757812 0.260417 0.754883 0.260417 0.753906 0.261719 0.751953 0.261719 0.745117 0.270833 0.745117 0.272135 0.743164 0.276042 0.743164 0.279948 0.742188 0.281250 0.742188 0.290365 0.741211 0.291667 0.741211 0.294271 0.744141 0.299479 0.745117 0.299479 0.747070 0.302083 0.748047 0.302083 0.750977 0.305990 0.753906 0.305990 0.757812 0.309896 0.760742 0.311198 0.762695 0.313802 0.769531 0.313802 0.770508 0.312500 0.771484 0.312500 0.774414 0.308594 0.774414 0.305990 0.775391 0.304688 0.775391 0.303385 0.778320 0.299479 0.778320 0.298177 0.779297 0.296875 0.779297 0.294271 0.780273 0.292969 0.780273 0.290365 0.781250 0.289062 0.781250 0.286458 0.782227 0.285156 0.782227 0.282552 0.783203 0.281250 0.783203 0.278646 0.780273 0.272135 0.780273 0.268229 0.779297 0.266927 0.778320 0.266927 0.776367 0.264323 0.776367 0.263021 0.775391 0.261719 0.774414 0.261719 0.767578 0.252604 0.767578 0.251302
0 0.668945 0.177083 0.662109 0.187500 0.657227 0.200521 0.658203 0.201823 0.658203 0.204427 0.657227 0.205729 0.657227 0.227865 0.658203 0.229167 0.658203 0.233073 0.659180 0.235677 0.670898 0.247396 0.668945 0.252604 0.675781 0.252604 0.676758 0.251302 0.680664 0.251302 0.684570 0.248698 0.695312 0.235677 0.698242 0.227865 0.698242 0.218750 0.692383 0.201823 0.689453 0.197917 0.688477 0.194010 0.683594 0.188802 0.681641 0.183594 0.681641 0.179688 0.678711 0.177083
0 0.703125 0.227865 0.700195 0.227865 0.696289 0.234375 0.695312 0.238281 0.688477 0.247396 0.687500 0.247396 0.687500 0.248698 0.684570 0.252604 0.684570 0.264323 0.685547 0.265625 0.685547 0.272135 0.684570 0.273438 0.684570 0.277344 0.683594 0.278646 0.683594 0.285156 0.684570 0.286458 0.684570 0.289062 0.685547 0.290365 0.685547 0.291667 0.688477 0.294271 0.704102 0.294271 0.705078 0.292969 0.708008 0.291667 0.710938 0.287760 0.710938 0.285156 0.711914 0.283854 0.711914 0.273438 0.712891 0.272135 0.712891 0.265625 0.711914 0.264323 0.711914 0.257812 0.710938 0.256510 0.710938 0.244792 0.709961 0.243490 0.709961 0.236979 0.705078 0.230469 0.705078 0.229167 0.704102 0.229167
0 0.788086 0.135417 0.786133 0.134115 0.775391 0.135417 0.770508 0.139323 0.767578 0.139323 0.765625 0.141927 0.760742 0.143229 0.759766 0.144531 0.759766 0.148438 0.760742 0.149740 0.760742 0.162760 0.757812 0.166667 0.754883 0.167969 0.750977 0.175781 0.750977 0.182292 0.751953 0.183594 0.751953 0.186198 0.750977 0.187500 0.750977 0.195312 0.751953 0.196615 0.751953 0.199219 0.755859 0.203125 0.755859 0.210938 0.757812 0.210938 0.758789 0.212240 0.760742 0.212240 0.761719 0.210938 0.773438 0.210938 0.788086 0.201823 0.800781 0.196615 0.803711 0.191406 0.803711 0.188802 0.804688 0.187500 0.804688 0.162760 0.803711 0.161458 0.803711 0.158854 0.801758 0.154948 0.795898 0.151042 0.794922 0.147135 0.792969 0.143229 0.791016 0.141927
0 0.667969 0.117188 0.662109 0.115885 0.658203 0.113281 0.643555 0.113281 0.641602 0.114583 0.637695 0.121094 0.637695 0.144531 0.636719 0.145833 0.635742 0.153646 0.633789 0.158854 0.633789 0.165365 0.634766 0.166667 0.635742 0.174479 0.638672 0.178385 0.638672 0.180990 0.640625 0.184896 0.642578 0.186198 0.646484 0.186198 0.661133 0.171875 0.670898 0.165365 0.672852 0.165365 0.675781 0.162760 0.676758 0.160156 0.676758 0.154948 0.677734 0.153646 0.676758 0.151042 0.676758 0.130208 0.674805 0.125000 0.669922 0.118490
0 0.638672 0.029948 0.629883 0.033854 0.626953 0.033854 0.626953 0.035156 0.629883 0.037760 0.628906 0.039062 0.625977 0.039062 0.625000 0.037760 0.617188 0.039062 0.618164 0.053385 0.619141 0.054688 0.622070 0.050781 0.624023 0.053385 0.623047 0.059896 0.622070 0.061198 0.618164 0.061198 0.617188 0.065104 0.618164 0.082031 0.622070 0.096354 0.622070 0.100260 0.625000 0.108073 0.628906 0.111979 0.633789 0.111979 0.638672 0.108073 0.640625 0.108073 0.648438 0.101562 0.651367 0.097656 0.661133 0.091146 0.663086 0.087240 0.663086 0.083333 0.664062 0.082031 0.664062 0.071615 0.663086 0.070312 0.663086 0.066406 0.664062 0.065104 0.664062 0.053385 0.663086 0.052083 0.662109 0.044271 0.661133 0.042969 0.657227 0.042969 0.654297 0.037760 0.651367 0.037760 0.648438 0.033854 0.642578 0.032552
