0 0.182617 0.359375 0.181641 0.360677 0.177734 0.360677 0.169922 0.367188 0.166992 0.375000 0.166992 0.377604 0.162109 0.386719 0.160156 0.394531 0.157227 0.401042 0.155273 0.417969 0.157227 0.423177 0.165039 0.433594 0.171875 0.440104 0.182617 0.445312 0.191406 0.446615 0.194336 0.445312 0.201172 0.438802 0.205078 0.432292 0.213867 0.421875 0.216797 0.415365 0.217773 0.410156 0.220703 0.404948 0.220703 0.398438 0.214844 0.378906 0.209961 0.371094 0.206055 0.367188 0.194336 0.360677 0.191406 0.360677 0.190430 0.359375
0 0.204102 0.437500 0.192383 0.451823 0.191406 0.460938 0.193359 0.463542 0.202148 0.488281 0.205078 0.500000 0.207031 0.502604 0.207031 0.506510 0.214844 0.514323 0.224609 0.518229 0.237305 0.518229 0.254883 0.510417 0.257812 0.506510 0.254883 0.502604 0.254883 0.497396 0.259766 0.488281 0.259766 0.480469 0.261719 0.476562 0.261719 0.471354 0.263672 0.467448 0.263672 0.458333 0.262695 0.457031 0.259766 0.460938 0.256836 0.455729 0.256836 0.450521 0.249023 0.438802 0.242188 0.436198 0.240234 0.433594 0.233398 0.429688 0.224609 0.429688 0.217773 0.433594 0.213867 0.433594
0 0.232422 0.532552 0.219727 0.520833 0.213867 0.518229 0.209961 0.518229 0.208984 0.516927 0.196289 0.518229 0.185547 0.523438 0.181641 0.528646 0.177734 0.540365 0.176758 0.548177 0.172852 0.554688 0.172852 0.558594 0.171875 0.559896 0.171875 0.571615 0.170898 0.572917 0.169922 0.582031 0.171875 0.589844 0.174805 0.595052 0.181641 0.602865 0.190430 0.602865 0.196289 0.605469 0.208984 0.605469 0.212891 0.601562 0.217773 0.600260 0.217773 0.596354 0.219727 0.593750 0.223633 0.592448 0.227539 0.585938 0.229492 0.584635 0.232422 0.575521 0.236328 0.569010 0.236328 0.565104 0.238281 0.562500 0.238281 0.552083 0.236328 0.549479 0.235352 0.539062
0 0.233398 0.584635 0.228516 0.591146 0.219727 0.621094 0.219727 0.630208 0.216797 0.644531 0.216797 0.653646 0.239258 0.673177 0.243164 0.674479 0.250977 0.671875 0.263672 0.671875 0.273438 0.667969 0.274414 0.658854 0.279297 0.652344 0.277344 0.648438 0.279297 0.645833 0.280273 0.649740 0.282227 0.649740 0.283203 0.645833 0.287109 0.641927 0.287109 0.639323 0.289062 0.636719 0.286133 0.631510 0.284180 0.640625 0.283203 0.641927 0.281250 0.639323 0.282227 0.627604 0.284180 0.625000 0.284180 0.615885 0.280273 0.609375 0.279297 0.596354 0.266602 0.584635 0.252930 0.579427 0.245117 0.579427
0 0.291992 0.640625 0.288086 0.645833 0.285156 0.658854 0.281250 0.662760 0.279297 0.667969 0.279297 0.677083 0.280273 0.678385 0.281250 0.691406 0.286133 0.705729 0.290039 0.710938 0.296875 0.716146 0.300781 0.717448 0.326172 0.716146 0.333008 0.713542 0.337891 0.714844 0.349609 0.695312 0.353516 0.682292 0.354492 0.661458 0.350586 0.651042 0.345703 0.644531 0.338867 0.639323 0.333008 0.631510 0.309570 0.630208 0.297852 0.635417
0 0.313477 0.506510 0.309570 0.503906 0.306641 0.503906 0.303711 0.500000 0.301758 0.500000 0.298828 0.497396 0.282227 0.494792 0.275391 0.497396 0.269531 0.503906 0.260742 0.510417 0.258789 0.513021 0.258789 0.516927 0.255859 0.523438 0.254883 0.529948 0.251953 0.537760 0.251953 0.553385 0.257812 0.570312 0.269531 0.583333 0.282227 0.584635 0.293945 0.579427 0.297852 0.572917 0.304688 0.569010 0.318359 0.549479 0.320312 0.542969 0.324219 0.536458 0.318359 0.515625
0 0.350586 0.533854 0.343750 0.535156 0.342773 0.536458 0.337891 0.536458 0.328125 0.541667 0.319336 0.553385 0.317383 0.559896 0.311523 0.569010 0.311523 0.583333 0.312500 0.584635 0.311523 0.592448 0.312500 0.593750 0.313477 0.605469 0.321289 0.617188 0.333984 0.626302 0.339844 0.628906 0.347656 0.628906 0.352539 0.626302 0.362305 0.605469 0.372070 0.592448 0.376953 0.583333 0.383789 0.576823 0.383789 0.572917 0.380859 0.565104 0.375000 0.555990 0.373047 0.550781 0.365234 0.540365 0.362305 0.540365 0.355469 0.535156 0.351562 0.535156
0 0.382812 0.593750 0.370117 0.601562 0.366211 0.605469 0.361328 0.613281 0.358398 0.625000 0.358398 0.631510 0.357422 0.632812 0.358398 0.652344 0.363281 0.664062 0.368164 0.670573 0.372070 0.671875 0.376953 0.675781 0.387695 0.677083 0.392578 0.680990 0.396484 0.680990 0.404297 0.674479 0.409180 0.673177 0.416016 0.664062 0.421875 0.651042 0.428711 0.641927 0.429688 0.638021 0.429688 0.619792 0.427734 0.615885 0.423828 0.614583 0.419922 0.610677 0.417969 0.610677 0.406250 0.602865 0.399414 0.601562 0.392578 0.596354
0 0.277344 0.359375 0.265625 0.360677 0.256836 0.365885 0.252930 0.369792 0.248047 0.369792 0.244141 0.376302 0.243164 0.388021 0.239258 0.398438 0.237305 0.401042 0.237305 0.415365 0.238281 0.417969 0.250977 0.436198 0.254883 0.438802 0.257812 0.442708 0.263672 0.445312 0.272461 0.444010 0.274414 0.441406 0.278320 0.438802 0.278320 0.434896 0.283203 0.429688 0.298828 0.420573 0.301758 0.416667 0.303711 0.410156 0.305664 0.407552 0.305664 0.403646 0.306641 0.402344 0.305664 0.384115 0.302734 0.376302 0.299805 0.372396 0.295898 0.371094 0.286133 0.363281
0 0.337891 0.416667 0.323242 0.416667 0.322266 0.415365 0.321289 0.416667 0.314453 0.417969 0.306641 0.423177 0.297852 0.424479 0.290039 0.429688 0.283203 0.440104 0.283203 0.446615 0.285156 0.450521 0.286133 0.460938 0.289062 0.471354 0.289062 0.480469 0.301758 0.494792 0.305664 0.497396 0.317383 0.500000 0.323242 0.503906 0.330078 0.502604 0.333008 0.500000 0.339844 0.497396 0.343750 0.486979 0.352539 0.473958 0.355469 0.466146 0.355469 0.455729 0.353516 0.449219 0.351562 0.446615 0.351562 0.441406 0.352539 0.440104 0.351562 0.428385 0.348633 0.423177
0 0.375977 0.463542 0.375000 0.464844 0.368164 0.466146 0.360352 0.471354 0.354492 0.477865 0.347656 0.490885 0.346680 0.494792 0.347656 0.513021 0.348633 0.514323 0.348633 0.520833 0.354492 0.531250 0.366211 0.539062 0.374023 0.549479 0.384766 0.552083 0.390625 0.545573 0.396484 0.531250 0.410156 0.506510 0.411133 0.502604 0.411133 0.494792 0.407227 0.489583 0.401367 0.475260 0.396484 0.468750 0.391602 0.467448 0.388672 0.464844
0 0.421875 0.513021 0.406250 0.532552 0.403320 0.539062 0.396484 0.540365 0.395508 0.541667 0.394531 0.546875 0.391602 0.553385 0.391602 0.565104 0.392578 0.566406 0.392578 0.571615 0.394531 0.576823 0.394531 0.580729 0.398438 0.589844 0.401367 0.593750 0.406250 0.596354 0.413086 0.596354 0.417969 0.600260 0.423828 0.601562 0.424805 0.602865 0.431641 0.602865 0.432617 0.601562 0.435547 0.601562 0.443359 0.593750 0.455078 0.576823 0.455078 0.567708 0.456055 0.566406 0.456055 0.536458 0.453125 0.528646 0.449219 0.526042 0.445312 0.520833 0.431641 0.513021
0 0.471680 0.566406 0.459961 0.575521 0.458008 0.579427 0.454102 0.595052 0.454102 0.598958 0.452148 0.604167 0.452148 0.610677 0.454102 0.615885 0.454102 0.622396 0.456055 0.632812 0.462891 0.641927 0.468750 0.644531 0.477539 0.654948 0.500000 0.654948 0.505859 0.652344 0.511719 0.644531 0.511719 0.641927 0.515625 0.632812 0.516602 0.625000 0.521484 0.608073 0.521484 0.591146 0.519531 0.585938 0.512695 0.575521 0.509766 0.567708 0.504883 0.563802 0.500977 0.563802 0.494141 0.567708 0.490234 0.567708 0.487305 0.563802
0 0.436523 0.643229 0.431641 0.645833 0.429688 0.648438 0.422852 0.664062 0.413086 0.678385 0.414062 0.690104 0.416016 0.697917 0.416016 0.704427 0.418945 0.714844 0.421875 0.718750 0.425781 0.729167 0.431641 0.739583 0.437500 0.742188 0.453125 0.742188 0.459961 0.739583 0.464844 0.733073 0.468750 0.723958 0.475586 0.714844 0.475586 0.712240 0.481445 0.696615 0.482422 0.675781 0.478516 0.666667 0.476562 0.657552 0.471680 0.652344 0.460938 0.652344 0.458008 0.648438 0.451172 0.644531
0 0.497070 0.658854 0.491211 0.665365 0.488281 0.671875 0.488281 0.674479 0.484375 0.680990 0.482422 0.700521 0.485352 0.705729 0.487305 0.720052 0.488281 0.722656 0.491211 0.725260 0.494141 0.735677 0.500000 0.744792 0.504883 0.748698 0.511719 0.751302 0.525391 0.752604 0.531250 0.746094 0.533203 0.742188 0.533203 0.739583 0.538086 0.731771 0.539062 0.727865 0.547852 0.710938 0.544922 0.691406 0.541016 0.683594 0.537109 0.670573 0.532227 0.664062 0.528320 0.664062 0.523438 0.658854 0.516602 0.654948 0.508789 0.654948 0.502930 0.658854
0 0.270508 0.261719 0.265625 0.265625 0.262695 0.272135 0.257812 0.277344 0.248047 0.292969 0.248047 0.295573 0.244141 0.299479 0.244141 0.309896 0.248047 0.324219 0.248047 0.337240 0.251953 0.346354 0.254883 0.346354 0.256836 0.350260 0.262695 0.354167 0.271484 0.354167 0.272461 0.355469 0.281250 0.355469 0.282227 0.356771 0.291992 0.355469 0.296875 0.352865 0.302734 0.345052 0.305664 0.334635 0.306641 0.316406 0.304688 0.309896 0.304688 0.303385 0.302734 0.296875 0.302734 0.291667 0.300781 0.287760 0.299805 0.281250 0.294922 0.272135 0.286133 0.266927 0.281250 0.266927 0.278320 0.264323
0 0.315430 0.240885 0.310547 0.247396 0.306641 0.261719 0.306641 0.272135 0.308594 0.278646 0.308594 0.286458 0.310547 0.291667 0.318359 0.305990 0.324219 0.313802 0.333008 0.316406 0.336914 0.319010 0.340820 0.319010 0.341797 0.320312 0.347656 0.320312 0.348633 0.321615 0.351562 0.319010 0.351562 0.315104 0.354492 0.309896 0.358398 0.305990 0.359375 0.302083 0.366211 0.290365 0.368164 0.283854 0.371094 0.278646 0.369141 0.264323 0.365234 0.248698 0.361328 0.242188 0.356445 0.239583 0.351562 0.239583 0.350586 0.238281 0.325195 0.236979 0.324219 0.238281 0.319336 0.238281
0 0.340820 0.162760 0.334961 0.166667 0.327148 0.177083 0.322266 0.180990 0.320312 0.184896 0.319336 0.194010 0.321289 0.199219 0.321289 0.205729 0.323242 0.209635 0.324219 0.218750 0.327148 0.222656 0.328125 0.229167 0.329102 0.230469 0.333984 0.231771 0.336914 0.234375 0.342773 0.234375 0.347656 0.236979 0.363281 0.238281 0.369141 0.231771 0.375000 0.229167 0.377930 0.225260 0.377930 0.222656 0.378906 0.221354 0.378906 0.207031 0.379883 0.205729 0.378906 0.204427 0.378906 0.199219 0.371094 0.183594 0.368164 0.175781 0.368164 0.173177 0.366211 0.170573 0.365234 0.166667 0.361328 0.161458 0.344727 0.161458 0.343750 0.162760
0 0.381836 0.221354 0.380859 0.226562 0.378906 0.230469 0.378906 0.236979 0.374023 0.247396 0.375000 0.248698 0.375000 0.252604 0.376953 0.255208 0.380859 0.268229 0.386719 0.276042 0.393555 0.281250 0.409180 0.281250 0.414062 0.278646 0.419922 0.278646 0.422852 0.276042 0.428711 0.276042 0.429688 0.274740 0.434570 0.276042 0.435547 0.274740 0.436523 0.269531 0.438477 0.266927 0.438477 0.264323 0.440430 0.260417 0.441406 0.251302 0.437500 0.240885 0.435547 0.231771 0.419922 0.209635 0.396484 0.210938 0.395508 0.212240 0.387695 0.214844
0 0.369141 0.291667 0.364258 0.298177 0.361328 0.308594 0.361328 0.326823 0.364258 0.334635 0.364258 0.339844 0.368164 0.348958 0.371094 0.351562 0.371094 0.354167 0.374023 0.358073 0.375977 0.358073 0.382812 0.361979 0.386719 0.361979 0.387695 0.363281 0.408203 0.361979 0.410156 0.359375 0.413086 0.351562 0.417969 0.345052 0.418945 0.341146 0.422852 0.335938 0.422852 0.333333 0.423828 0.332031 0.423828 0.324219 0.422852 0.322917 0.421875 0.312500 0.416016 0.295573 0.414062 0.292969 0.408203 0.289062 0.374023 0.287760
0 0.327148 0.326823 0.322266 0.329427 0.316406 0.335938 0.313477 0.341146 0.313477 0.343750 0.309570 0.352865 0.303711 0.361979 0.302734 0.365885 0.306641 0.375000 0.307617 0.382812 0.312500 0.395833 0.316406 0.399740 0.322266 0.412760 0.328125 0.414062 0.329102 0.415365 0.330078 0.414062 0.338867 0.414062 0.341797 0.415365 0.343750 0.414062 0.349609 0.404948 0.350586 0.401042 0.367188 0.372396 0.368164 0.368490 0.368164 0.356771 0.365234 0.345052 0.354492 0.335938 0.343750 0.329427 0.334961 0.328125 0.333984 0.326823
0 0.409180 0.373698 0.407227 0.372396 0.385742 0.372396 0.379883 0.375000 0.377930 0.377604 0.374023 0.378906 0.366211 0.388021 0.361328 0.398438 0.357422 0.411458 0.357422 0.421875 0.361328 0.433594 0.362305 0.440104 0.373047 0.455729 0.375000 0.457031 0.383789 0.457031 0.384766 0.455729 0.393555 0.457031 0.399414 0.453125 0.405273 0.451823 0.411133 0.446615 0.414062 0.441406 0.419922 0.437500 0.424805 0.429688 0.424805 0.420573 0.420898 0.404948 0.416016 0.393229 0.414062 0.382812
0 0.421875 0.355469 0.416992 0.361979 0.416016 0.367188 0.417969 0.372396 0.417969 0.381510 0.420898 0.388021 0.425781 0.407552 0.425781 0.412760 0.428711 0.417969 0.429688 0.423177 0.432617 0.427083 0.434570 0.427083 0.442383 0.432292 0.457031 0.432292 0.458008 0.430990 0.462891 0.430990 0.466797 0.428385 0.466797 0.427083 0.476562 0.415365 0.477539 0.408854 0.479492 0.404948 0.476562 0.381510 0.474609 0.377604 0.474609 0.375000 0.472656 0.372396 0.471680 0.367188 0.466797 0.360677 0.461914 0.359375 0.457031 0.354167 0.447266 0.348958 0.439453 0.348958 0.438477 0.350260 0.434570 0.350260 0.433594 0.351562 0.430664 0.351562
0 0.473633 0.205729 0.464844 0.209635 0.457031 0.216146 0.450195 0.223958 0.445312 0.235677 0.445312 0.240885 0.446289 0.242188 0.445312 0.243490 0.445312 0.253906 0.449219 0.264323 0.457031 0.274740 0.459961 0.276042 0.465820 0.285156 0.468750 0.285156 0.469727 0.286458 0.471680 0.285156 0.477539 0.285156 0.480469 0.286458 0.484375 0.292969 0.486328 0.294271 0.488281 0.292969 0.490234 0.289062 0.493164 0.289062 0.494141 0.287760 0.492188 0.285156 0.493164 0.281250 0.497070 0.285156 0.505859 0.272135 0.507812 0.264323 0.507812 0.256510 0.505859 0.251302 0.505859 0.247396 0.500000 0.230469 0.490234 0.210938 0.485352 0.205729
0 0.531250 0.218750 0.529297 0.220052 0.520508 0.233073 0.516602 0.240885 0.516602 0.243490 0.513672 0.251302 0.514648 0.276042 0.517578 0.283854 0.518555 0.290365 0.522461 0.292969 0.522461 0.294271 0.518555 0.298177 0.523438 0.300781 0.525391 0.303385 0.526367 0.302083 0.530273 0.302083 0.532227 0.295573 0.537109 0.295573 0.541016 0.298177 0.544922 0.303385 0.547852 0.303385 0.551758 0.299479 0.557617 0.290365 0.561523 0.287760 0.567383 0.278646 0.571289 0.265625 0.571289 0.251302 0.564453 0.240885 0.551758 0.227865 0.540039 0.220052
0 0.515625 0.300781 0.502930 0.299479 0.501953 0.298177 0.494141 0.298177 0.493164 0.299479 0.487305 0.300781 0.480469 0.307292 0.477539 0.308594 0.465820 0.324219 0.463867 0.332031 0.463867 0.335938 0.462891 0.337240 0.462891 0.348958 0.466797 0.352865 0.474609 0.364583 0.481445 0.371094 0.486328 0.378906 0.489258 0.378906 0.492188 0.381510 0.496094 0.381510 0.500000 0.378906 0.526367 0.342448 0.528320 0.337240 0.528320 0.332031 0.531250 0.320312 0.530273 0.316406 0.525391 0.308594
0 0.533203 0.348958 0.525391 0.359375 0.523438 0.359375 0.518555 0.363281 0.511719 0.373698 0.508789 0.381510 0.508789 0.391927 0.509766 0.394531 0.512695 0.394531 0.513672 0.395833 0.515625 0.402344 0.517578 0.404948 0.523438 0.404948 0.525391 0.406250 0.528320 0.410156 0.530273 0.416667 0.534180 0.419271 0.536133 0.419271 0.539062 0.421875 0.547852 0.421875 0.552734 0.424479 0.560547 0.424479 0.567383 0.416667 0.571289 0.408854 0.576172 0.393229 0.576172 0.384115 0.572266 0.375000 0.571289 0.375000 0.565430 0.367188 0.565430 0.365885 0.556641 0.355469 0.551758 0.352865 0.544922 0.352865 0.543945 0.351562 0.541016 0.351562 0.537109 0.347656
0 0.525391 0.407552 0.522461 0.406250 0.516602 0.406250 0.500977 0.414062 0.482422 0.416667 0.475586 0.424479 0.472656 0.430990 0.471680 0.449219 0.472656 0.450521 0.472656 0.455729 0.478516 0.470052 0.478516 0.475260 0.480469 0.477865 0.483398 0.479167 0.488281 0.484375 0.499023 0.484375 0.500000 0.483073 0.501953 0.484375 0.506836 0.484375 0.507812 0.483073 0.515625 0.481771 0.516602 0.480469 0.522461 0.480469 0.525391 0.477865 0.527344 0.468750 0.532227 0.459635 0.532227 0.453125 0.533203 0.451823 0.532227 0.438802 0.529297 0.428385 0.528320 0.414062
0 0.419922 0.438802 0.417969 0.441406 0.415039 0.442708 0.411133 0.447917 0.409180 0.454427 0.408203 0.463542 0.405273 0.472656 0.405273 0.479167 0.407227 0.484375 0.414062 0.492188 0.415039 0.497396 0.417969 0.501302 0.418945 0.506510 0.440430 0.513021 0.446289 0.516927 0.453125 0.510417 0.458008 0.510417 0.466797 0.496094 0.468750 0.490885 0.468750 0.485677 0.473633 0.476562 0.473633 0.468750 0.466797 0.445312 0.462891 0.438802 0.458008 0.433594 0.448242 0.433594 0.447266 0.434896 0.441406 0.434896 0.440430 0.436198 0.426758 0.436198 0.425781 0.437500
0 0.511719 0.484375 0.494141 0.498698 0.491211 0.502604 0.488281 0.510417 0.485352 0.513021 0.483398 0.518229 0.484375 0.520833 0.483398 0.524740 0.483398 0.531250 0.484375 0.532552 0.483398 0.542969 0.486328 0.550781 0.490234 0.552083 0.495117 0.557292 0.500000 0.558594 0.510742 0.565104 0.513672 0.571615 0.516602 0.571615 0.520508 0.574219 0.536133 0.565104 0.549805 0.548177 0.551758 0.542969 0.552734 0.532552 0.553711 0.531250 0.553711 0.518229 0.550781 0.509115 0.546875 0.507812 0.524414 0.492188 0.517578 0.484375
0 0.587891 0.274740 0.582031 0.274740 0.576172 0.277344 0.568359 0.289062 0.561523 0.294271 0.562500 0.296875 0.561523 0.309896 0.559570 0.313802 0.557617 0.307292 0.557617 0.299479 0.556641 0.299479 0.555664 0.304688 0.555664 0.315104 0.557617 0.317708 0.558594 0.322917 0.558594 0.329427 0.555664 0.334635 0.556641 0.341146 0.559570 0.346354 0.562500 0.347656 0.565430 0.351562 0.567383 0.351562 0.574219 0.361979 0.581055 0.364583 0.583984 0.364583 0.593750 0.359375 0.601562 0.359375 0.605469 0.356771 0.611328 0.345052 0.612305 0.334635 0.614258 0.329427 0.614258 0.324219 0.617188 0.309896 0.616211 0.292969 0.614258 0.287760 0.609375 0.282552 0.602539 0.278646 0.594727 0.276042 0.588867 0.276042
0 0.635742 0.263021 0.634766 0.264323 0.624023 0.268229 0.620117 0.273438 0.619141 0.278646 0.616211 0.283854 0.616211 0.289062 0.618164 0.292969 0.618164 0.300781 0.619141 0.302083 0.619141 0.305990 0.618164 0.307292 0.619141 0.321615 0.617188 0.325521 0.618164 0.326823 0.618164 0.329427 0.624023 0.334635 0.629883 0.335938 0.630859 0.337240 0.633789 0.337240 0.634766 0.338542 0.642578 0.338542 0.643555 0.337240 0.646484 0.337240 0.647461 0.335938 0.652344 0.334635 0.657227 0.329427 0.657227 0.326823 0.661133 0.317708 0.661133 0.315104 0.663086 0.311198 0.663086 0.308594 0.665039 0.303385 0.665039 0.299479 0.666992 0.292969 0.666992 0.282552 0.664062 0.278646 0.664062 0.277344 0.656250 0.266927 0.654297 0.265625 0.648438 0.264323 0.647461 0.263021
0 0.674805 0.338542 0.672852 0.338542 0.668945 0.335938 0.655273 0.334635 0.651367 0.338542 0.643555 0.343750 0.641602 0.343750 0.638672 0.347656 0.638672 0.350260 0.636719 0.355469 0.636719 0.365885 0.635742 0.367188 0.635742 0.376302 0.636719 0.377604 0.636719 0.381510 0.638672 0.385417 0.639648 0.393229 0.648438 0.406250 0.649414 0.410156 0.652344 0.412760 0.659180 0.410156 0.674805 0.399740 0.681641 0.397135 0.683594 0.394531 0.690430 0.391927 0.690430 0.388021 0.692383 0.385417 0.692383 0.382812 0.693359 0.381510 0.693359 0.367188 0.692383 0.365885 0.690430 0.355469 0.682617 0.343750
0 0.690430 0.292969 0.688477 0.294271 0.684570 0.300781 0.684570 0.303385 0.683594 0.304688 0.683594 0.311198 0.681641 0.315104 0.681641 0.319010 0.680664 0.320312 0.680664 0.325521 0.677734 0.330729 0.678711 0.335938 0.680664 0.339844 0.683594 0.341146 0.685547 0.343750 0.685547 0.345052 0.689453 0.350260 0.693359 0.358073 0.697266 0.359375 0.705078 0.364583 0.709961 0.369792 0.713867 0.369792 0.717773 0.367188 0.723633 0.356771 0.724609 0.347656 0.725586 0.346354 0.725586 0.342448 0.727539 0.335938 0.728516 0.321615 0.730469 0.315104 0.730469 0.307292 0.727539 0.302083 0.723633 0.299479 0.718750 0.292969 0.713867 0.290365 0.708008 0.289062 0.707031 0.290365 0.700195 0.290365 0.699219 0.291667
0 0.750000 0.364583 0.746094 0.364583 0.745117 0.363281 0.733398 0.363281 0.732422 0.361979 0.728516 0.364583 0.725586 0.364583 0.723633 0.365885 0.717773 0.375000 0.713867 0.376302 0.711914 0.378906 0.710938 0.388021 0.712891 0.389323 0.712891 0.393229 0.711914 0.394531 0.706055 0.394531 0.705078 0.393229 0.704102 0.397135 0.711914 0.416667 0.712891 0.444010 0.715820 0.445312 0.720703 0.450521 0.728516 0.446615 0.740234 0.445312 0.749023 0.437500 0.762695 0.430990 0.763672 0.427083 0.763672 0.412760 0.762695 0.411458 0.762695 0.403646 0.761719 0.402344 0.759766 0.380208 0.757812 0.376302 0.757812 0.373698
0 0.692383 0.394531 0.691406 0.395833 0.686523 0.395833 0.685547 0.397135 0.683594 0.397135 0.681641 0.399740 0.669922 0.406250 0.666992 0.410156 0.664062 0.411458 0.664062 0.412760 0.655273 0.423177 0.655273 0.425781 0.653320 0.430990 0.653320 0.446615 0.654297 0.447917 0.654297 0.450521 0.656250 0.453125 0.657227 0.457031 0.662109 0.462240 0.669922 0.477865 0.673828 0.479167 0.674805 0.477865 0.684570 0.477865 0.685547 0.476562 0.692383 0.475260 0.703125 0.467448 0.708984 0.459635 0.708984 0.449219 0.709961 0.447917 0.710938 0.436198 0.709961 0.434896 0.709961 0.429688 0.708984 0.428385 0.708008 0.419271 0.698242 0.402344
0 0.589844 0.364583 0.582031 0.369792 0.580078 0.372396 0.578125 0.378906 0.578125 0.391927 0.577148 0.393229 0.576172 0.415365 0.575195 0.416667 0.576172 0.428385 0.579102 0.432292 0.584961 0.436198 0.586914 0.438802 0.593750 0.441406 0.594727 0.442708 0.611328 0.442708 0.617188 0.437500 0.622070 0.430990 0.623047 0.430990 0.624023 0.428385 0.625000 0.420573 0.625977 0.419271 0.626953 0.394531 0.619141 0.377604 0.610352 0.367188 0.608398 0.365885 0.605469 0.365885 0.604492 0.364583
0 0.582031 0.436198 0.576172 0.432292 0.574219 0.432292 0.573242 0.433594 0.555664 0.433594 0.549805 0.437500 0.543945 0.438802 0.542969 0.440104 0.541992 0.445312 0.540039 0.447917 0.537109 0.449219 0.536133 0.451823 0.536133 0.462240 0.535156 0.463542 0.535156 0.466146 0.536133 0.467448 0.536133 0.475260 0.538086 0.480469 0.538086 0.493490 0.537109 0.494792 0.537109 0.497396 0.540039 0.501302 0.541992 0.501302 0.545898 0.505208 0.550781 0.506510 0.551758 0.507812 0.553711 0.506510 0.559570 0.506510 0.560547 0.505208 0.565430 0.505208 0.566406 0.503906 0.571289 0.503906 0.572266 0.502604 0.577148 0.502604 0.578125 0.501302 0.583984 0.500000 0.587891 0.497396 0.593750 0.490885 0.594727 0.488281 0.594727 0.472656 0.595703 0.471354 0.594727 0.470052 0.594727 0.464844 0.591797 0.457031 0.591797 0.454427 0.589844 0.451823 0.586914 0.442708
0 0.635742 0.442708 0.625977 0.442708 0.611328 0.449219 0.601562 0.459635 0.601562 0.462240 0.598633 0.466146 0.598633 0.497396 0.602539 0.506510 0.609375 0.514323 0.610352 0.518229 0.613281 0.519531 0.618164 0.527344 0.622070 0.529948 0.626953 0.529948 0.631836 0.524740 0.639648 0.520833 0.649414 0.513021 0.649414 0.511719 0.654297 0.506510 0.665039 0.503906 0.666016 0.502604 0.666016 0.494792 0.668945 0.486979 0.665039 0.471354 0.663086 0.467448 0.658203 0.462240 0.657227 0.458333 0.648438 0.449219
0 0.559570 0.522135 0.556641 0.529948 0.556641 0.536458 0.558594 0.537760 0.554688 0.542969 0.554688 0.546875 0.553711 0.548177 0.555664 0.554688 0.554688 0.558594 0.560547 0.565104 0.561523 0.571615 0.566406 0.582031 0.571289 0.585938 0.581055 0.585938 0.582031 0.584635 0.586914 0.584635 0.587891 0.585938 0.603516 0.585938 0.607422 0.583333 0.610352 0.583333 0.614258 0.579427 0.617188 0.571615 0.623047 0.562500 0.623047 0.553385 0.617188 0.544271 0.617188 0.541667 0.613281 0.531250 0.601562 0.513021 0.578125 0.510417 0.575195 0.511719 0.571289 0.518229 0.567383 0.516927 0.566406 0.518229 0.563477 0.518229
0 0.626953 0.544271 0.628906 0.545573 0.628906 0.549479 0.626953 0.552083 0.625977 0.561198 0.624023 0.563802 0.622070 0.570312 0.624023 0.575521 0.624023 0.580729 0.625977 0.584635 0.625977 0.587240 0.637695 0.604167 0.640625 0.605469 0.659180 0.604167 0.662109 0.601562 0.664062 0.601562 0.666016 0.598958 0.675781 0.596354 0.680664 0.592448 0.681641 0.588542 0.686523 0.580729 0.687500 0.576823 0.687500 0.569010 0.683594 0.553385 0.675781 0.540365 0.665039 0.531250 0.663086 0.531250 0.658203 0.527344 0.642578 0.527344 0.633789 0.533854 0.631836 0.541667 0.629883 0.544271
0 0.543945 0.579427 0.539062 0.582031 0.537109 0.584635 0.532227 0.585938 0.523438 0.595052 0.524414 0.602865 0.523438 0.604167 0.523438 0.610677 0.521484 0.615885 0.520508 0.628906 0.522461 0.631510 0.522461 0.641927 0.527344 0.648438 0.530273 0.657552 0.533203 0.660156 0.536133 0.660156 0.539062 0.664062 0.547852 0.669271 0.557617 0.670573 0.565430 0.662760 0.576172 0.654948 0.589844 0.639323 0.591797 0.634115 0.590820 0.610677 0.589844 0.609375 0.589844 0.604167 0.585938 0.597656 0.579102 0.595052 0.573242 0.589844 0.562500 0.584635 0.557617 0.579427
0 0.629883 0.595052 0.626953 0.595052 0.619141 0.600260 0.608398 0.604167 0.601562 0.611979 0.594727 0.617188 0.593750 0.619792 0.593750 0.631510 0.591797 0.639323 0.587891 0.647135 0.583984 0.648438 0.583008 0.653646 0.584961 0.653646 0.587891 0.651042 0.590820 0.660156 0.598633 0.666667 0.604492 0.674479 0.611328 0.678385 0.617188 0.687500 0.619141 0.688802 0.626953 0.688802 0.635742 0.680990 0.641602 0.673177 0.646484 0.651042 0.647461 0.639323 0.648438 0.638021 0.648438 0.621094 0.647461 0.618490 0.637695 0.606771
0 0.574219 0.669271 0.570312 0.671875 0.567383 0.677083 0.563477 0.679688 0.560547 0.678385 0.561523 0.683594 0.560547 0.684896 0.558594 0.682292 0.556641 0.682292 0.555664 0.684896 0.554688 0.697917 0.552734 0.707031 0.557617 0.720052 0.557617 0.727865 0.565430 0.744792 0.576172 0.757812 0.583984 0.763021 0.587891 0.763021 0.588867 0.764323 0.596680 0.763021 0.600586 0.760417 0.608398 0.751302 0.615234 0.736979 0.616211 0.731771 0.621094 0.720052 0.618164 0.712240 0.614258 0.694010 0.607422 0.680990 0.594727 0.671875 0.590820 0.670573 0.583984 0.670573 0.583008 0.671875 0.578125 0.669271
0 0.670898 0.699219 0.664062 0.697917 0.663086 0.699219 0.654297 0.700521 0.642578 0.709635 0.639648 0.709635 0.629883 0.714844 0.624023 0.721354 0.624023 0.723958 0.623047 0.725260 0.623047 0.756510 0.625000 0.763021 0.626953 0.765625 0.628906 0.765625 0.635742 0.770833 0.641602 0.772135 0.647461 0.776042 0.658203 0.776042 0.659180 0.774740 0.662109 0.774740 0.666016 0.770833 0.669922 0.770833 0.674805 0.768229 0.676758 0.763021 0.676758 0.756510 0.679688 0.750000 0.683594 0.744792 0.685547 0.739583 0.685547 0.730469 0.676758 0.708333
0 0.657227 0.626302 0.650391 0.638021 0.648438 0.657552 0.650391 0.664062 0.652344 0.665365 0.652344 0.667969 0.659180 0.679688 0.659180 0.682292 0.663086 0.690104 0.671875 0.697917 0.678711 0.701823 0.688477 0.703125 0.689453 0.701823 0.698242 0.700521 0.713867 0.687500 0.715820 0.679688 0.714844 0.665365 0.716797 0.657552 0.715820 0.656250 0.715820 0.648438 0.713867 0.643229 0.712891 0.634115 0.708984 0.628906 0.702148 0.623698 0.681641 0.615885 0.671875 0.617188 0.668945 0.622396 0.666992 0.622396 0.665039 0.628906 0.662109 0.625000
0 0.693359 0.714844 0.690430 0.718750 0.687500 0.720052 0.686523 0.744792 0.684570 0.750000 0.684570 0.757812 0.687500 0.768229 0.684570 0.777344 0.689453 0.787760 0.690430 0.785156 0.689453 0.777344 0.692383 0.768229 0.694336 0.781250 0.702148 0.799479 0.705078 0.800781 0.708984 0.805990 0.720703 0.812500 0.728516 0.802083 0.750977 0.778646 0.750977 0.776042 0.755859 0.766927 0.754883 0.760417 0.748047 0.743490 0.735352 0.726562 0.717773 0.718750 0.709961 0.718750 0.708984 0.720052 0.704102 0.713542 0.701172 0.712240
0 0.697266 0.553385 0.691406 0.565104 0.691406 0.576823 0.690430 0.578125 0.690430 0.583333 0.688477 0.585938 0.688477 0.592448 0.691406 0.598958 0.691406 0.601562 0.688477 0.604167 0.688477 0.606771 0.691406 0.606771 0.692383 0.604167 0.693359 0.605469 0.693359 0.610677 0.697266 0.617188 0.702148 0.619792 0.715820 0.632812 0.726562 0.632812 0.732422 0.635417 0.741211 0.635417 0.747070 0.632812 0.748047 0.631510 0.748047 0.626302 0.746094 0.617188 0.746094 0.597656 0.744141 0.592448 0.744141 0.584635 0.740234 0.569010 0.740234 0.559896 0.735352 0.553385 0.732422 0.552083 0.729492 0.553385 0.713867 0.553385 0.711914 0.554688 0.704102 0.550781
0 0.722656 0.472656 0.721680 0.473958 0.711914 0.475260 0.710938 0.476562 0.708008 0.476562 0.703125 0.479167 0.697266 0.486979 0.696289 0.486979 0.689453 0.494792 0.687500 0.494792 0.685547 0.500000 0.685547 0.509115 0.688477 0.518229 0.694336 0.524740 0.698242 0.527344 0.716797 0.550781 0.725586 0.552083 0.735352 0.545573 0.739258 0.540365 0.743164 0.532552 0.748047 0.518229 0.748047 0.505208 0.747070 0.503906 0.747070 0.501302 0.736328 0.485677 0.730469 0.480469 0.726562 0.473958
0 0.761719 0.468750 0.758789 0.471354 0.756836 0.476562 0.750000 0.484375 0.747070 0.494792 0.750000 0.509115 0.754883 0.518229 0.753906 0.522135 0.750977 0.524740 0.750000 0.527344 0.750977 0.540365 0.751953 0.542969 0.753906 0.540365 0.753906 0.535156 0.754883 0.533854 0.752930 0.529948 0.752930 0.526042 0.754883 0.523438 0.756836 0.526042 0.757812 0.531250 0.761719 0.533854 0.764648 0.537760 0.764648 0.540365 0.774414 0.550781 0.783203 0.550781 0.786133 0.549479 0.794922 0.539062 0.799805 0.529948 0.801758 0.522135 0.801758 0.510417 0.800781 0.509115 0.800781 0.502604 0.798828 0.494792 0.794922 0.485677 0.788086 0.475260 0.780273 0.473958 0.771484 0.468750 0.767578 0.468750 0.766602 0.467448 0.765625 0.468750
0 0.778320 0.350260 0.777344 0.351562 0.774414 0.351562 0.768555 0.355469 0.766602 0.358073 0.763672 0.365885 0.763672 0.368490 0.761719 0.373698 0.761719 0.390625 0.762695 0.391927 0.762695 0.399740 0.763672 0.401042 0.763672 0.407552 0.764648 0.408854 0.765625 0.414062 0.773438 0.424479 0.775391 0.425781 0.779297 0.425781 0.780273 0.427083 0.787109 0.427083 0.788086 0.425781 0.793945 0.424479 0.800781 0.419271 0.801758 0.416667 0.807617 0.410156 0.810547 0.402344 0.811523 0.395833 0.808594 0.391927 0.808594 0.385417 0.806641 0.381510 0.806641 0.378906 0.804688 0.375000 0.804688 0.372396 0.802734 0.369792 0.801758 0.365885 0.796875 0.361979 0.791992 0.360677 0.786133 0.352865
0 0.829102 0.403646 0.819336 0.404948 0.818359 0.406250 0.815430 0.406250 0.810547 0.408854 0.810547 0.414062 0.808594 0.416667 0.808594 0.419271 0.804688 0.428385 0.803711 0.434896 0.801758 0.438802 0.801758 0.441406 0.799805 0.446615 0.799805 0.450521 0.798828 0.451823 0.798828 0.457031 0.797852 0.458333 0.797852 0.466146 0.803711 0.480469 0.806641 0.484375 0.824219 0.484375 0.825195 0.483073 0.827148 0.483073 0.833984 0.476562 0.836914 0.476562 0.839844 0.472656 0.842773 0.462240 0.845703 0.458333 0.845703 0.451823 0.847656 0.449219 0.848633 0.445312 0.843750 0.433594 0.842773 0.428385 0.837891 0.421875 0.835938 0.415365 0.833984 0.412760 0.833008 0.406250
0 0.855469 0.467448 0.853516 0.468750 0.847656 0.477865 0.846680 0.477865 0.843750 0.485677 0.843750 0.488281 0.840820 0.497396 0.840820 0.501302 0.839844 0.502604 0.839844 0.515625 0.842773 0.523438 0.844727 0.526042 0.848633 0.526042 0.856445 0.537760 0.862305 0.539062 0.868164 0.542969 0.870117 0.542969 0.884766 0.533854 0.890625 0.527344 0.893555 0.519531 0.894531 0.513021 0.896484 0.509115 0.896484 0.497396 0.894531 0.490885 0.889648 0.481771 0.883789 0.477865 0.877930 0.476562 0.873047 0.472656 0.870117 0.472656 0.866211 0.470052 0.862305 0.470052 0.861328 0.468750
0 0.884766 0.460938 0.883789 0.467448 0.884766 0.468750 0.884766 0.475260 0.885742 0.477865 0.888672 0.479167 0.893555 0.485677 0.897461 0.497396 0.898438 0.507812 0.902344 0.510417 0.908203 0.520833 0.913086 0.522135 0.914062 0.523438 0.917969 0.523438 0.918945 0.522135 0.927734 0.522135 0.928711 0.520833 0.930664 0.520833 0.933594 0.516927 0.933594 0.507812 0.934570 0.506510 0.934570 0.501302 0.935547 0.500000 0.937500 0.481771 0.935547 0.477865 0.930664 0.480469 0.920898 0.466146 0.920898 0.463542 0.922852 0.460938 0.927734 0.460938 0.926758 0.459635 0.922852 0.459635 0.918945 0.455729 0.916992 0.455729 0.915039 0.453125 0.915039 0.450521 0.912109 0.447917 0.907227 0.447917 0.906250 0.449219 0.902344 0.449219 0.898438 0.451823 0.895508 0.455729 0.890625 0.457031
0 0.848633 0.528646 0.839844 0.528646 0.838867 0.529948 0.833984 0.529948 0.833008 0.528646 0.817383 0.528646 0.816406 0.529948 0.812500 0.529948 0.804688 0.533854 0.803711 0.537760 0.797852 0.542969 0.796875 0.545573 0.796875 0.550781 0.793945 0.554688 0.793945 0.558594 0.791016 0.569010 0.794922 0.575521 0.794922 0.578125 0.796875 0.580729 0.797852 0.584635 0.800781 0.588542 0.801758 0.592448 0.801758 0.601562 0.805664 0.604167 0.810547 0.602865 0.813477 0.600260 0.826172 0.601562 0.832031 0.597656 0.840820 0.595052 0.844727 0.591146 0.844727 0.588542 0.848633 0.580729 0.852539 0.569010 0.853516 0.557292 0.854492 0.555990 0.853516 0.537760 0.852539 0.533854
0 0.859375 0.554688 0.856445 0.558594 0.855469 0.566406 0.854492 0.567708 0.854492 0.572917 0.855469 0.574219 0.850586 0.583333 0.850586 0.588542 0.849609 0.589844 0.850586 0.591146 0.851562 0.597656 0.854492 0.604167 0.854492 0.608073 0.855469 0.609375 0.856445 0.615885 0.862305 0.619792 0.866211 0.619792 0.872070 0.623698 0.884766 0.623698 0.889648 0.621094 0.895508 0.622396 0.899414 0.615885 0.900391 0.608073 0.904297 0.602865 0.904297 0.580729 0.905273 0.579427 0.905273 0.562500 0.904297 0.559896 0.897461 0.553385 0.886719 0.545573 0.873047 0.545573
0 0.916992 0.541667 0.916992 0.544271 0.914062 0.553385 0.910156 0.558594 0.908203 0.563802 0.908203 0.571615 0.907227 0.572917 0.907227 0.585938 0.908203 0.587240 0.908203 0.589844 0.909180 0.592448 0.915039 0.600260 0.915039 0.601562 0.919922 0.606771 0.936523 0.606771 0.937500 0.605469 0.951172 0.605469 0.957031 0.598958 0.958008 0.598958 0.961914 0.592448 0.961914 0.576823 0.960938 0.575521 0.960938 0.570312 0.959961 0.569010 0.958984 0.562500 0.949219 0.548177 0.948242 0.544271 0.942383 0.539062 0.919922 0.539062
0 0.777344 0.555990 0.766602 0.555990 0.765625 0.557292 0.758789 0.558594 0.754883 0.561198 0.750977 0.561198 0.748047 0.563802 0.744141 0.563802 0.743164 0.565104 0.744141 0.567708 0.747070 0.566406 0.749023 0.569010 0.748047 0.571615 0.745117 0.571615 0.744141 0.572917 0.745117 0.580729 0.749023 0.589844 0.749023 0.596354 0.747070 0.604167 0.748047 0.622396 0.754883 0.632812 0.761719 0.636719 0.765625 0.640625 0.769531 0.640625 0.774414 0.636719 0.786133 0.634115 0.793945 0.622396 0.796875 0.611979 0.796875 0.602865 0.798828 0.597656 0.798828 0.592448 0.791016 0.575521 0.787109 0.562500 0.785156 0.559896
0 0.755859 0.635417 0.746094 0.635417 0.745117 0.636719 0.742188 0.636719 0.737305 0.640625 0.735352 0.640625 0.732422 0.644531 0.729492 0.651042 0.729492 0.653646 0.726562 0.657552 0.721680 0.673177 0.718750 0.675781 0.715820 0.683594 0.713867 0.701823 0.714844 0.703125 0.714844 0.705729 0.716797 0.708333 0.722656 0.709635 0.732422 0.717448 0.739258 0.718750 0.743164 0.721354 0.745117 0.721354 0.746094 0.720052 0.752930 0.720052 0.753906 0.718750 0.755859 0.718750 0.764648 0.703125 0.770508 0.695312 0.770508 0.691406 0.769531 0.690104 0.769531 0.686198 0.770508 0.684896 0.769531 0.682292 0.769531 0.678385 0.770508 0.677083 0.770508 0.666667 0.765625 0.653646 0.765625 0.645833 0.763672 0.641927 0.758789 0.636719 0.756836 0.636719
0 0.773438 0.643229 0.768555 0.652344 0.770508 0.654948 0.771484 0.662760 0.772461 0.664062 0.772461 0.670573 0.771484 0.671875 0.771484 0.690104 0.772461 0.691406 0.772461 0.696615 0.775391 0.701823 0.780273 0.717448 0.784180 0.720052 0.788086 0.720052 0.792969 0.722656 0.803711 0.722656 0.811523 0.718750 0.813477 0.716146 0.817383 0.704427 0.817383 0.699219 0.818359 0.697917 0.818359 0.694010 0.820312 0.688802 0.820312 0.683594 0.822266 0.677083 0.822266 0.664062 0.820312 0.656250 0.815430 0.652344 0.810547 0.645833 0.805664 0.643229 0.802734 0.639323 0.797852 0.639323 0.795898 0.640625 0.794922 0.643229 0.790039 0.644531 0.786133 0.638021 0.781250 0.638021 0.781250 0.640625 0.778320 0.645833 0.776367 0.643229
0 0.867188 0.626302 0.864258 0.626302 0.861328 0.623698 0.854492 0.623698 0.851562 0.626302 0.842773 0.626302 0.841797 0.627604 0.835938 0.627604 0.834961 0.628906 0.831055 0.628906 0.830078 0.630208 0.828125 0.630208 0.823242 0.636719 0.823242 0.639323 0.820312 0.647135 0.820312 0.653646 0.824219 0.664062 0.824219 0.679688 0.826172 0.680990 0.832031 0.688802 0.836914 0.692708 0.855469 0.692708 0.857422 0.691406 0.865234 0.682292 0.871094 0.669271 0.872070 0.658854 0.873047 0.657552 0.873047 0.651042 0.874023 0.649740 0.874023 0.639323 0.873047 0.638021 0.873047 0.631510
0 0.749023 0.726562 0.749023 0.731771 0.750977 0.739583 0.757812 0.733073 0.760742 0.733073 0.762695 0.735677 0.753906 0.747396 0.753906 0.753906 0.755859 0.759115 0.755859 0.770833 0.752930 0.778646 0.760742 0.790365 0.764648 0.800781 0.775391 0.813802 0.784180 0.815104 0.792969 0.809896 0.806641 0.795573 0.807617 0.781250 0.804688 0.766927 0.804688 0.760417 0.798828 0.744792 0.787109 0.729167 0.781250 0.729167 0.773438 0.733073 0.770508 0.730469 0.774414 0.726562 0.763672 0.721354 0.754883 0.721354
0 0.831055 0.697917 0.827148 0.701823 0.827148 0.705729 0.824219 0.709635 0.823242 0.713542 0.817383 0.721354 0.816406 0.725260 0.807617 0.740885 0.808594 0.748698 0.809570 0.750000 0.809570 0.753906 0.808594 0.755208 0.807617 0.763021 0.809570 0.766927 0.821289 0.776042 0.823242 0.776042 0.827148 0.778646 0.838867 0.778646 0.849609 0.770833 0.853516 0.764323 0.856445 0.763021 0.860352 0.757812 0.860352 0.755208 0.859375 0.753906 0.859375 0.748698 0.860352 0.747396 0.860352 0.730469 0.859375 0.729167 0.859375 0.723958 0.857422 0.717448 0.851562 0.708333 0.842773 0.700521 0.840820 0.700521 0.836914 0.697917
0 0.889648 0.671875 0.887695 0.673177 0.885742 0.677083 0.885742 0.683594 0.883789 0.691406 0.880859 0.697917 0.879883 0.703125 0.874023 0.709635 0.874023 0.714844 0.877930 0.721354 0.880859 0.734375 0.888672 0.751302 0.888672 0.757812 0.892578 0.760417 0.898438 0.769531 0.901367 0.769531 0.909180 0.764323 0.916992 0.756510 0.917969 0.750000 0.920898 0.744792 0.921875 0.738281 0.926758 0.727865 0.931641 0.721354 0.932617 0.714844 0.930664 0.710938 0.929688 0.704427 0.922852 0.688802 0.915039 0.682292 0.904297 0.678385 0.900391 0.673177
0 0.926758 0.630208 0.923828 0.634115 0.921875 0.634115 0.918945 0.636719 0.916016 0.636719 0.914062 0.639323 0.910156 0.640625 0.908203 0.645833 0.908203 0.654948 0.909180 0.656250 0.909180 0.662760 0.913086 0.669271 0.916016 0.679688 0.926758 0.694010 0.928711 0.700521 0.930664 0.703125 0.931641 0.708333 0.933594 0.708333 0.934570 0.709635 0.939453 0.705729 0.943359 0.705729 0.952148 0.696615 0.955078 0.690104 0.955078 0.687500 0.958984 0.680990 0.958984 0.670573 0.958008 0.669271 0.958008 0.665365 0.956055 0.662760 0.954102 0.657552 0.954102 0.654948 0.951172 0.651042 0.951172 0.648438 0.947266 0.643229 0.944336 0.636719 0.937500 0.631510
