0 0.098633 0.419271 0.098633 0.421875 0.096680 0.425781 0.096680 0.430990 0.095703 0.432292 0.095703 0.444010 0.102539 0.453125 0.120117 0.471354 0.125977 0.479167 0.127930 0.479167 0.128906 0.480469 0.138672 0.480469 0.144531 0.476562 0.149414 0.476562 0.154297 0.472656 0.158203 0.460938 0.156250 0.457031 0.156250 0.454427 0.155273 0.453125 0.155273 0.446615 0.154297 0.445312 0.155273 0.444010 0.155273 0.428385 0.149414 0.423177 0.146484 0.416667 0.145508 0.416667 0.141602 0.411458 0.138672 0.410156 0.134766 0.406250 0.131836 0.406250 0.126953 0.403646 0.125000 0.403646 0.124023 0.404948 0.119141 0.403646 0.102539 0.414062
0 0.180664 0.501302 0.174805 0.494792 0.172852 0.494792 0.166016 0.489583 0.160156 0.488281 0.158203 0.485677 0.162109 0.481771 0.160156 0.480469 0.152344 0.480469 0.148438 0.483073 0.138672 0.483073 0.129883 0.489583 0.124023 0.492188 0.121094 0.501302 0.121094 0.505208 0.118164 0.513021 0.118164 0.535156 0.119141 0.536458 0.120117 0.548177 0.122070 0.553385 0.125000 0.557292 0.133789 0.561198 0.149414 0.561198 0.153320 0.558594 0.159180 0.557292 0.167969 0.545573 0.176758 0.544271 0.180664 0.536458 0.180664 0.527344 0.181641 0.526042 0.181641 0.518229 0.182617 0.516927 0.182617 0.510417 0.180664 0.505208
0 0.203125 0.381510 0.197266 0.385417 0.194336 0.389323 0.189453 0.393229 0.186523 0.398438 0.186523 0.401042 0.185547 0.402344 0.185547 0.425781 0.186523 0.427083 0.186523 0.430990 0.189453 0.438802 0.191406 0.441406 0.192383 0.445312 0.195312 0.449219 0.195312 0.450521 0.202148 0.457031 0.206055 0.457031 0.207031 0.458333 0.217773 0.457031 0.219727 0.455729 0.225586 0.447917 0.225586 0.446615 0.227539 0.444010 0.227539 0.441406 0.230469 0.432292 0.230469 0.427083 0.231445 0.425781 0.231445 0.420573 0.230469 0.419271 0.230469 0.388021 0.229492 0.385417 0.225586 0.384115 0.224609 0.382812 0.219727 0.382812 0.218750 0.381510
0 0.214844 0.473958 0.208984 0.477865 0.207031 0.477865 0.196289 0.494792 0.190430 0.514323 0.190430 0.519531 0.193359 0.524740 0.193359 0.527344 0.196289 0.535156 0.201172 0.544271 0.206055 0.550781 0.214844 0.555990 0.221680 0.557292 0.233398 0.546875 0.237305 0.545573 0.243164 0.539062 0.249023 0.524740 0.249023 0.515625 0.247070 0.513021 0.248047 0.506510 0.247070 0.505208 0.246094 0.506510 0.244141 0.506510 0.242188 0.503906 0.242188 0.501302 0.240234 0.496094 0.225586 0.475260 0.223633 0.473958
0 0.148438 0.563802 0.148438 0.565104 0.144531 0.569010 0.139648 0.578125 0.139648 0.582031 0.142578 0.592448 0.143555 0.592448 0.148438 0.598958 0.148438 0.600260 0.160156 0.615885 0.165039 0.625000 0.169922 0.630208 0.181641 0.630208 0.185547 0.627604 0.189453 0.627604 0.194336 0.621094 0.196289 0.614583 0.199219 0.611979 0.199219 0.609375 0.200195 0.608073 0.200195 0.592448 0.201172 0.591146 0.201172 0.582031 0.199219 0.580729 0.194336 0.574219 0.194336 0.572917 0.193359 0.572917 0.190430 0.569010 0.190430 0.567708 0.187500 0.565104 0.186523 0.562500 0.177734 0.559896 0.176758 0.557292 0.169922 0.555990 0.165039 0.558594 0.156250 0.559896
0 0.208008 0.610677 0.200195 0.622396 0.200195 0.627604 0.198242 0.632812 0.198242 0.645833 0.199219 0.648438 0.201172 0.651042 0.205078 0.652344 0.207031 0.654948 0.210938 0.657552 0.215820 0.658854 0.221680 0.665365 0.225586 0.667969 0.227539 0.667969 0.236328 0.674479 0.240234 0.670573 0.240234 0.669271 0.246094 0.661458 0.246094 0.660156 0.249023 0.654948 0.249023 0.652344 0.250000 0.651042 0.250000 0.635417 0.248047 0.632812 0.246094 0.632812 0.239258 0.626302 0.233398 0.622396 0.231445 0.622396 0.226562 0.615885 0.225586 0.610677 0.223633 0.608073 0.211914 0.608073
0 0.259766 0.652344 0.257812 0.656250 0.251953 0.658854 0.246094 0.665365 0.237305 0.678385 0.235352 0.683594 0.235352 0.705729 0.236328 0.707031 0.236328 0.716146 0.237305 0.717448 0.239258 0.731771 0.243164 0.738281 0.249023 0.740885 0.271484 0.739583 0.277344 0.735677 0.287109 0.721354 0.287109 0.708333 0.286133 0.707031 0.285156 0.687500 0.283203 0.683594 0.283203 0.679688 0.282227 0.678385 0.282227 0.664062 0.278320 0.661458 0.272461 0.661458 0.268555 0.664062 0.261719 0.664062 0.260742 0.662760 0.260742 0.653646
0 0.326172 0.729167 0.324219 0.727865 0.316406 0.717448 0.310547 0.713542 0.308594 0.713542 0.303711 0.709635 0.299805 0.710938 0.296875 0.713542 0.283203 0.731771 0.282227 0.731771 0.277344 0.738281 0.272461 0.740885 0.269531 0.744792 0.268555 0.747396 0.268555 0.766927 0.270508 0.772135 0.275391 0.777344 0.282227 0.778646 0.285156 0.781250 0.287109 0.781250 0.293945 0.785156 0.298828 0.785156 0.299805 0.783854 0.301758 0.783854 0.308594 0.778646 0.313477 0.777344 0.319336 0.773438 0.326172 0.764323 0.330078 0.753906 0.330078 0.750000 0.328125 0.746094 0.328125 0.735677
0 0.369141 0.753906 0.363281 0.755208 0.362305 0.756510 0.357422 0.756510 0.356445 0.757812 0.346680 0.757812 0.345703 0.756510 0.341797 0.756510 0.335938 0.760417 0.334961 0.763021 0.329102 0.769531 0.329102 0.772135 0.327148 0.777344 0.327148 0.782552 0.326172 0.783854 0.326172 0.800781 0.327148 0.802083 0.327148 0.805990 0.330078 0.811198 0.342773 0.826823 0.345703 0.826823 0.346680 0.828125 0.359375 0.828125 0.364258 0.825521 0.368164 0.825521 0.374023 0.821615 0.379883 0.813802 0.379883 0.811198 0.384766 0.796875 0.386719 0.781250 0.383789 0.773438 0.374023 0.763021 0.373047 0.759115
0 0.251953 0.548177 0.250000 0.548177 0.250977 0.552083 0.252930 0.554688 0.250977 0.557292 0.248047 0.557292 0.239258 0.552083 0.238281 0.553385 0.235352 0.553385 0.234375 0.552083 0.228516 0.553385 0.222656 0.562500 0.219727 0.570312 0.219727 0.572917 0.215820 0.580729 0.215820 0.595052 0.225586 0.608073 0.228516 0.615885 0.236328 0.621094 0.246094 0.631510 0.252930 0.631510 0.259766 0.626302 0.261719 0.626302 0.270508 0.617188 0.278320 0.605469 0.277344 0.604167 0.277344 0.600260 0.280273 0.591146 0.279297 0.575521 0.278320 0.574219 0.275391 0.574219 0.270508 0.570312 0.267578 0.570312 0.262695 0.565104 0.259766 0.563802 0.254883 0.558594 0.255859 0.557292 0.255859 0.553385
0 0.279297 0.489583 0.270508 0.496094 0.266602 0.501302 0.263672 0.507812 0.262695 0.519531 0.261719 0.520833 0.261719 0.529948 0.260742 0.531250 0.260742 0.540365 0.258789 0.546875 0.258789 0.555990 0.259766 0.559896 0.261719 0.562500 0.271484 0.569010 0.279297 0.570312 0.280273 0.571615 0.292969 0.571615 0.300781 0.563802 0.307617 0.559896 0.314453 0.549479 0.314453 0.545573 0.317383 0.542969 0.318359 0.540365 0.318359 0.516927 0.315430 0.516927 0.312500 0.513021 0.312500 0.506510 0.310547 0.501302 0.302734 0.492188 0.299805 0.490885 0.292969 0.490885 0.291992 0.489583
0 0.232422 0.428385 0.232422 0.430990 0.228516 0.444010 0.227539 0.459635 0.228516 0.460938 0.229492 0.470052 0.233398 0.476562 0.235352 0.483073 0.238281 0.488281 0.246094 0.492188 0.249023 0.492188 0.255859 0.496094 0.261719 0.496094 0.263672 0.497396 0.264648 0.496094 0.266602 0.496094 0.270508 0.490885 0.282227 0.483073 0.287109 0.476562 0.289062 0.471354 0.290039 0.462240 0.284180 0.446615 0.283203 0.438802 0.280273 0.433594 0.272461 0.429688 0.262695 0.429688 0.261719 0.428385 0.254883 0.428385 0.253906 0.427083 0.241211 0.427083 0.240234 0.425781 0.235352 0.425781
0 0.255859 0.356771 0.253906 0.358073 0.247070 0.367188 0.247070 0.368490 0.240234 0.378906 0.240234 0.381510 0.238281 0.386719 0.238281 0.403646 0.239258 0.404948 0.239258 0.408854 0.246094 0.419271 0.251953 0.424479 0.258789 0.425781 0.259766 0.427083 0.268555 0.427083 0.269531 0.428385 0.276367 0.427083 0.294922 0.388021 0.294922 0.382812 0.295898 0.381510 0.294922 0.372396 0.291016 0.364583 0.282227 0.355469 0.272461 0.355469 0.271484 0.356771 0.262695 0.355469 0.261719 0.356771
0 0.308594 0.385417 0.307617 0.386719 0.303711 0.386719 0.298828 0.391927 0.292969 0.395833 0.283203 0.415365 0.283203 0.417969 0.281250 0.421875 0.281250 0.427083 0.282227 0.428385 0.282227 0.432292 0.284180 0.436198 0.286133 0.446615 0.288086 0.451823 0.291016 0.455729 0.291992 0.460938 0.294922 0.464844 0.304688 0.470052 0.313477 0.470052 0.317383 0.467448 0.320312 0.462240 0.330078 0.455729 0.335938 0.447917 0.337891 0.442708 0.337891 0.434896 0.336914 0.433594 0.336914 0.429688 0.333984 0.424479 0.333984 0.420573 0.330078 0.411458 0.328125 0.402344 0.324219 0.394531 0.319336 0.389323 0.317383 0.389323 0.314453 0.386719
0 0.343750 0.454427 0.330078 0.457031 0.329102 0.458333 0.327148 0.458333 0.320312 0.464844 0.314453 0.476562 0.311523 0.486979 0.312500 0.494792 0.313477 0.496094 0.313477 0.501302 0.315430 0.503906 0.315430 0.506510 0.319336 0.511719 0.319336 0.513021 0.333984 0.531250 0.337891 0.531250 0.340820 0.528646 0.354492 0.528646 0.355469 0.527344 0.360352 0.526042 0.364258 0.522135 0.367188 0.520833 0.374023 0.511719 0.375000 0.506510 0.376953 0.502604 0.376953 0.490885 0.371094 0.483073 0.364258 0.476562 0.362305 0.470052 0.360352 0.467448 0.355469 0.463542 0.351562 0.458333
0 0.336914 0.557292 0.334961 0.557292 0.332031 0.554688 0.323242 0.554688 0.302734 0.565104 0.296875 0.570312 0.294922 0.574219 0.294922 0.576823 0.293945 0.578125 0.293945 0.585938 0.294922 0.587240 0.294922 0.592448 0.293945 0.593750 0.294922 0.628906 0.296875 0.634115 0.301758 0.639323 0.306641 0.639323 0.307617 0.640625 0.315430 0.639323 0.333008 0.627604 0.336914 0.622396 0.344727 0.615885 0.344727 0.613281 0.346680 0.610677 0.345703 0.608073 0.346680 0.601562 0.342773 0.595052 0.343750 0.593750 0.342773 0.570312 0.341797 0.569010 0.341797 0.566406
0 0.337891 0.636719 0.333984 0.636719 0.332031 0.640625 0.328125 0.640625 0.327148 0.639323 0.318359 0.639323 0.315430 0.641927 0.300781 0.641927 0.299805 0.643229 0.297852 0.643229 0.293945 0.649740 0.290039 0.660156 0.284180 0.666667 0.283203 0.669271 0.283203 0.677083 0.285156 0.683594 0.287109 0.686198 0.291016 0.696615 0.300781 0.708333 0.306641 0.709635 0.313477 0.713542 0.318359 0.713542 0.328125 0.707031 0.337891 0.696615 0.340820 0.691406 0.341797 0.691406 0.342773 0.687500 0.347656 0.678385 0.348633 0.667969 0.347656 0.666667 0.347656 0.661458 0.343750 0.653646 0.340820 0.643229 0.338867 0.641927 0.338867 0.638021
0 0.442383 0.813802 0.439453 0.819010 0.438477 0.817708 0.416992 0.816406 0.409180 0.824219 0.399414 0.824219 0.399414 0.830729 0.396484 0.839844 0.392578 0.834635 0.392578 0.829427 0.389648 0.824219 0.387695 0.824219 0.385742 0.826823 0.385742 0.832031 0.387695 0.837240 0.388672 0.855469 0.389648 0.856771 0.391602 0.871094 0.397461 0.877604 0.397461 0.881510 0.400391 0.885417 0.415039 0.894531 0.418945 0.894531 0.421875 0.891927 0.424805 0.891927 0.432617 0.888021 0.437500 0.881510 0.440430 0.873698 0.441406 0.864583 0.450195 0.841146 0.449219 0.830729 0.442383 0.819010
0 0.403320 0.707031 0.393555 0.720052 0.391602 0.721354 0.389648 0.727865 0.389648 0.731771 0.382812 0.742188 0.380859 0.748698 0.380859 0.761719 0.383789 0.770833 0.388672 0.778646 0.395508 0.782552 0.397461 0.785156 0.403320 0.789062 0.405273 0.789062 0.406250 0.790365 0.412109 0.790365 0.422852 0.785156 0.425781 0.785156 0.431641 0.781250 0.433594 0.778646 0.433594 0.777344 0.437500 0.772135 0.439453 0.765625 0.439453 0.746094 0.436523 0.736979 0.436523 0.733073 0.431641 0.723958 0.413086 0.708333
0 0.362305 0.679688 0.360352 0.679688 0.356445 0.682292 0.347656 0.694010 0.346680 0.696615 0.345703 0.696615 0.339844 0.704427 0.333008 0.709635 0.330078 0.713542 0.327148 0.720052 0.329102 0.731771 0.333984 0.742188 0.340820 0.750000 0.348633 0.755208 0.361328 0.753906 0.374023 0.746094 0.379883 0.738281 0.380859 0.738281 0.383789 0.733073 0.388672 0.716146 0.388672 0.703125 0.387695 0.701823 0.387695 0.699219 0.383789 0.694010 0.381836 0.694010 0.377930 0.690104 0.372070 0.686198 0.370117 0.686198
0 0.394531 0.605469 0.389648 0.602865 0.379883 0.602865 0.378906 0.604167 0.362305 0.604167 0.357422 0.606771 0.348633 0.617188 0.347656 0.619792 0.347656 0.638021 0.348633 0.639323 0.348633 0.645833 0.349609 0.647135 0.349609 0.656250 0.351562 0.662760 0.358398 0.671875 0.365234 0.675781 0.389648 0.675781 0.390625 0.674479 0.392578 0.674479 0.392578 0.673177 0.397461 0.666667 0.400391 0.658854 0.400391 0.652344 0.399414 0.651042 0.399414 0.636719 0.398438 0.635417 0.398438 0.615885 0.397461 0.614583 0.396484 0.608073
0 0.369141 0.524740 0.358398 0.532552 0.350586 0.544271 0.345703 0.558594 0.346680 0.559896 0.346680 0.567708 0.344727 0.572917 0.344727 0.580729 0.345703 0.584635 0.356445 0.598958 0.361328 0.601562 0.377930 0.602865 0.382812 0.600260 0.390625 0.600260 0.393555 0.598958 0.401367 0.585938 0.404297 0.578125 0.404297 0.575521 0.408203 0.566406 0.407227 0.555990 0.400391 0.548177 0.397461 0.540365 0.395508 0.539062 0.396484 0.532552 0.391602 0.527344 0.384766 0.523438 0.374023 0.523438 0.373047 0.524740
0 0.421875 0.501302 0.411133 0.509115 0.405273 0.516927 0.403320 0.522135 0.403320 0.526042 0.400391 0.533854 0.405273 0.546875 0.422852 0.571615 0.427734 0.575521 0.433594 0.583333 0.440430 0.583333 0.451172 0.571615 0.459961 0.555990 0.461914 0.549479 0.461914 0.545573 0.462891 0.544271 0.461914 0.532552 0.458008 0.522135 0.455078 0.518229 0.453125 0.513021 0.441406 0.501302
0 0.382812 0.436198 0.378906 0.440104 0.375977 0.446615 0.375977 0.449219 0.369141 0.459635 0.369141 0.471354 0.370117 0.472656 0.370117 0.476562 0.372070 0.481771 0.379883 0.492188 0.384766 0.494792 0.386719 0.497396 0.390625 0.498698 0.392578 0.501302 0.403320 0.507812 0.406250 0.507812 0.407227 0.509115 0.411133 0.507812 0.414062 0.503906 0.416992 0.502604 0.424805 0.492188 0.427734 0.484375 0.427734 0.475260 0.425781 0.468750 0.425781 0.462240 0.424805 0.460938 0.424805 0.455729 0.423828 0.454427 0.423828 0.450521 0.422852 0.447917 0.419922 0.444010 0.417969 0.444010 0.410156 0.438802 0.406250 0.434896 0.403320 0.434896 0.402344 0.433594 0.387695 0.433594
0 0.361328 0.333333 0.349609 0.333333 0.348633 0.334635 0.345703 0.334635 0.339844 0.338542 0.330078 0.350260 0.327148 0.351562 0.325195 0.356771 0.326172 0.358073 0.325195 0.369792 0.324219 0.371094 0.324219 0.384115 0.325195 0.385417 0.325195 0.389323 0.331055 0.403646 0.339844 0.414062 0.347656 0.419271 0.349609 0.419271 0.353516 0.415365 0.361328 0.412760 0.370117 0.404948 0.376953 0.397135 0.379883 0.386719 0.382812 0.382812 0.385742 0.381510 0.387695 0.377604 0.387695 0.368490 0.386719 0.364583 0.380859 0.351562 0.367188 0.335938
0 0.313477 0.230469 0.309570 0.244792 0.308594 0.264323 0.309570 0.265625 0.309570 0.278646 0.310547 0.279948 0.311523 0.289062 0.318359 0.302083 0.322266 0.298177 0.322266 0.292969 0.323242 0.291667 0.330078 0.290365 0.333984 0.285156 0.336914 0.283854 0.339844 0.286458 0.342773 0.286458 0.343750 0.285156 0.354492 0.286458 0.355469 0.289062 0.350586 0.292969 0.353516 0.298177 0.364258 0.295573 0.368164 0.292969 0.368164 0.289062 0.371094 0.278646 0.371094 0.270833 0.369141 0.264323 0.368164 0.251302 0.365234 0.242188 0.363281 0.239583 0.358398 0.236979 0.353516 0.236979 0.352539 0.235677 0.348633 0.235677 0.337891 0.231771 0.333008 0.231771 0.327148 0.229167 0.319336 0.229167 0.318359 0.227865
0 0.405273 0.195312 0.397461 0.195312 0.396484 0.194010 0.394531 0.195312 0.379883 0.195312 0.372070 0.201823 0.369141 0.213542 0.369141 0.218750 0.370117 0.220052 0.370117 0.248698 0.372070 0.255208 0.373047 0.273438 0.374023 0.276042 0.375977 0.276042 0.379883 0.281250 0.382812 0.282552 0.384766 0.285156 0.389648 0.285156 0.392578 0.287760 0.410156 0.278646 0.416016 0.272135 0.421875 0.269531 0.423828 0.264323 0.423828 0.260417 0.422852 0.259115 0.423828 0.229167 0.422852 0.226562 0.420898 0.225260 0.420898 0.221354 0.415039 0.212240 0.415039 0.209635 0.413086 0.207031 0.411133 0.200521 0.408203 0.196615
0 0.400391 0.286458 0.391602 0.294271 0.390625 0.296875 0.378906 0.311198 0.377930 0.313802 0.377930 0.335938 0.378906 0.337240 0.378906 0.342448 0.381836 0.351562 0.383789 0.355469 0.386719 0.358073 0.388672 0.364583 0.391602 0.368490 0.398438 0.373698 0.408203 0.373698 0.413086 0.371094 0.417969 0.365885 0.426758 0.360677 0.430664 0.356771 0.432617 0.351562 0.432617 0.333333 0.431641 0.332031 0.431641 0.326823 0.430664 0.325521 0.429688 0.304688 0.425781 0.294271 0.419922 0.289062 0.414062 0.287760 0.413086 0.286458
0 0.423828 0.364583 0.417969 0.369792 0.413086 0.372396 0.411133 0.375000 0.410156 0.378906 0.406250 0.386719 0.406250 0.389323 0.404297 0.391927 0.404297 0.403646 0.403320 0.404948 0.403320 0.416667 0.404297 0.417969 0.404297 0.424479 0.407227 0.428385 0.411133 0.429688 0.421875 0.440104 0.433594 0.440104 0.434570 0.438802 0.438477 0.437500 0.446289 0.427083 0.447266 0.427083 0.450195 0.421875 0.453125 0.420573 0.455078 0.417969 0.455078 0.401042 0.454102 0.399740 0.454102 0.389323 0.453125 0.388021 0.452148 0.382812 0.441406 0.368490 0.437500 0.367188 0.436523 0.365885 0.432617 0.365885 0.431641 0.364583
0 0.457031 0.428385 0.445312 0.434896 0.442383 0.437500 0.439453 0.442708 0.438477 0.442708 0.434570 0.454427 0.434570 0.459635 0.431641 0.470052 0.431641 0.475260 0.435547 0.480469 0.438477 0.489583 0.444336 0.500000 0.448242 0.502604 0.451172 0.506510 0.458984 0.507812 0.466797 0.514323 0.470703 0.515625 0.475586 0.513021 0.478516 0.509115 0.482422 0.497396 0.484375 0.494792 0.489258 0.471354 0.493164 0.460938 0.493164 0.454427 0.486328 0.437500 0.481445 0.434896 0.480469 0.436198 0.477539 0.436198 0.465820 0.428385
0 0.458008 0.569010 0.455078 0.569010 0.453125 0.572917 0.451172 0.572917 0.447266 0.579427 0.441406 0.584635 0.439453 0.584635 0.438477 0.585938 0.433594 0.585938 0.432617 0.584635 0.430664 0.584635 0.427734 0.588542 0.426758 0.595052 0.425781 0.596354 0.425781 0.609375 0.426758 0.610677 0.426758 0.619792 0.427734 0.621094 0.427734 0.627604 0.430664 0.632812 0.435547 0.634115 0.437500 0.636719 0.440430 0.638021 0.444336 0.643229 0.453125 0.651042 0.455078 0.651042 0.464844 0.640625 0.467773 0.639323 0.477539 0.625000 0.481445 0.615885 0.481445 0.613281 0.480469 0.611979 0.480469 0.601562 0.479492 0.600260 0.480469 0.598958 0.480469 0.591146 0.479492 0.588542 0.476562 0.584635 0.471680 0.582031 0.469727 0.579427 0.467773 0.579427 0.463867 0.574219 0.460938 0.572917
0 0.434570 0.635417 0.430664 0.635417 0.428711 0.636719 0.424805 0.641927 0.418945 0.645833 0.416992 0.648438 0.402344 0.657552 0.399414 0.665365 0.394531 0.673177 0.394531 0.682292 0.399414 0.692708 0.408203 0.703125 0.410156 0.703125 0.412109 0.705729 0.416016 0.708333 0.417969 0.708333 0.420898 0.710938 0.424805 0.710938 0.429688 0.707031 0.431641 0.707031 0.445312 0.696615 0.450195 0.690104 0.452148 0.683594 0.456055 0.677083 0.456055 0.669271 0.455078 0.667969 0.452148 0.654948 0.442383 0.641927
0 0.460938 0.690104 0.440430 0.704427 0.438477 0.708333 0.438477 0.714844 0.440430 0.718750 0.441406 0.726562 0.442383 0.727865 0.442383 0.750000 0.443359 0.751302 0.443359 0.760417 0.444336 0.764323 0.453125 0.777344 0.456055 0.778646 0.464844 0.778646 0.466797 0.779948 0.467773 0.778646 0.472656 0.778646 0.474609 0.777344 0.476562 0.773438 0.486328 0.768229 0.488281 0.765625 0.491211 0.764323 0.495117 0.759115 0.496094 0.756510 0.496094 0.748698 0.495117 0.747396 0.496094 0.744792 0.496094 0.722656 0.493164 0.713542 0.493164 0.709635 0.490234 0.701823 0.485352 0.695312 0.481445 0.692708 0.475586 0.692708 0.470703 0.690104
0 0.510742 0.769531 0.504883 0.765625 0.503906 0.766927 0.492188 0.768229 0.491211 0.769531 0.487305 0.769531 0.486328 0.770833 0.481445 0.772135 0.477539 0.774740 0.474609 0.778646 0.469727 0.781250 0.459961 0.781250 0.458984 0.782552 0.459961 0.792969 0.461914 0.795573 0.463867 0.800781 0.463867 0.803385 0.465820 0.805990 0.466797 0.809896 0.469727 0.813802 0.469727 0.815104 0.480469 0.828125 0.481445 0.830729 0.497070 0.830729 0.500977 0.828125 0.504883 0.828125 0.517578 0.812500 0.519531 0.805990 0.520508 0.796875 0.521484 0.795573 0.521484 0.789062 0.516602 0.781250 0.515625 0.776042
0 0.531250 0.694010 0.528320 0.696615 0.523438 0.696615 0.518555 0.701823 0.514648 0.703125 0.509766 0.707031 0.507812 0.707031 0.502930 0.710938 0.500977 0.714844 0.500000 0.725260 0.499023 0.726562 0.500000 0.730469 0.499023 0.731771 0.499023 0.743490 0.500000 0.744792 0.500000 0.750000 0.504883 0.761719 0.508789 0.766927 0.511719 0.768229 0.517578 0.777344 0.517578 0.779948 0.520508 0.783854 0.522461 0.783854 0.525391 0.786458 0.537109 0.787760 0.544922 0.783854 0.547852 0.778646 0.551758 0.765625 0.561523 0.746094 0.562500 0.735677 0.557617 0.722656 0.554688 0.718750 0.551758 0.710938 0.533203 0.694010
0 0.482422 0.626302 0.474609 0.636719 0.473633 0.636719 0.469727 0.643229 0.469727 0.645833 0.468750 0.647135 0.468750 0.666667 0.466797 0.673177 0.471680 0.678385 0.479492 0.683594 0.494141 0.703125 0.494141 0.704427 0.498047 0.708333 0.503906 0.708333 0.518555 0.699219 0.521484 0.695312 0.521484 0.692708 0.524414 0.686198 0.525391 0.674479 0.526367 0.673177 0.525391 0.658854 0.519531 0.641927 0.516602 0.636719 0.508789 0.630208 0.505859 0.626302 0.502930 0.626302 0.501953 0.625000 0.486328 0.625000 0.485352 0.626302
0 0.532227 0.640625 0.531250 0.648438 0.529297 0.652344 0.529297 0.673177 0.530273 0.674479 0.530273 0.678385 0.533203 0.684896 0.533203 0.688802 0.538086 0.695312 0.541992 0.697917 0.543945 0.697917 0.548828 0.701823 0.553711 0.701823 0.554688 0.703125 0.563477 0.703125 0.564453 0.701823 0.568359 0.701823 0.573242 0.699219 0.577148 0.699219 0.579102 0.697917 0.580078 0.694010 0.583984 0.688802 0.584961 0.688802 0.584961 0.680990 0.583008 0.675781 0.583008 0.670573 0.582031 0.669271 0.581055 0.662760 0.579102 0.658854 0.578125 0.651042 0.576172 0.648438 0.575195 0.643229 0.570312 0.635417 0.562500 0.631510 0.556641 0.631510 0.555664 0.630208 0.548828 0.628906 0.547852 0.630208 0.544922 0.630208 0.536133 0.639323
0 0.524414 0.554688 0.521484 0.554688 0.519531 0.558594 0.510742 0.559896 0.509766 0.561198 0.501953 0.561198 0.499023 0.558594 0.490234 0.558594 0.488281 0.561198 0.487305 0.565104 0.483398 0.569010 0.482422 0.575521 0.484375 0.580729 0.484375 0.591146 0.487305 0.596354 0.488281 0.604167 0.492188 0.610677 0.493164 0.617188 0.497070 0.622396 0.500977 0.622396 0.501953 0.623698 0.510742 0.623698 0.511719 0.622396 0.528320 0.622396 0.533203 0.619792 0.537109 0.614583 0.540039 0.606771 0.542969 0.602865 0.542969 0.593750 0.541016 0.588542 0.541016 0.580729 0.540039 0.578125 0.535156 0.571615 0.532227 0.563802
0 0.490234 0.480469 0.488281 0.484375 0.488281 0.490885 0.482422 0.500000 0.482422 0.502604 0.480469 0.505208 0.478516 0.511719 0.474609 0.516927 0.470703 0.518229 0.469727 0.520833 0.469727 0.532552 0.471680 0.535156 0.472656 0.539062 0.479492 0.548177 0.484375 0.552083 0.486328 0.552083 0.493164 0.555990 0.500000 0.555990 0.500977 0.557292 0.507812 0.557292 0.508789 0.558594 0.510742 0.558594 0.511719 0.557292 0.516602 0.557292 0.519531 0.554688 0.521484 0.550781 0.522461 0.537760 0.523438 0.536458 0.523438 0.528646 0.524414 0.527344 0.525391 0.515625 0.526367 0.514323 0.526367 0.500000 0.519531 0.489583 0.512695 0.484375 0.510742 0.484375 0.506836 0.481771 0.503906 0.481771 0.502930 0.480469
0 0.574219 0.597656 0.572266 0.604167 0.572266 0.613281 0.571289 0.614583 0.571289 0.631510 0.579102 0.647135 0.583984 0.653646 0.585938 0.653646 0.586914 0.654948 0.592773 0.654948 0.593750 0.653646 0.597656 0.653646 0.598633 0.652344 0.605469 0.652344 0.606445 0.651042 0.615234 0.649740 0.623047 0.643229 0.623047 0.641927 0.625977 0.638021 0.625977 0.635417 0.626953 0.634115 0.626953 0.608073 0.625977 0.606771 0.625977 0.600260 0.624023 0.597656 0.623047 0.593750 0.616211 0.587240 0.606445 0.585938 0.605469 0.584635 0.601562 0.584635 0.600586 0.583333 0.593750 0.583333 0.588867 0.591146 0.579102 0.592448 0.575195 0.597656
0 0.534180 0.539062 0.534180 0.542969 0.533203 0.544271 0.533203 0.550781 0.534180 0.552083 0.534180 0.554688 0.532227 0.559896 0.541016 0.575521 0.542969 0.582031 0.542969 0.585938 0.544922 0.591146 0.548828 0.595052 0.552734 0.595052 0.553711 0.596354 0.563477 0.596354 0.564453 0.595052 0.576172 0.593750 0.578125 0.591146 0.582031 0.591146 0.583008 0.589844 0.587891 0.588542 0.594727 0.578125 0.594727 0.567708 0.591797 0.561198 0.591797 0.558594 0.587891 0.548177 0.583984 0.540365 0.577148 0.532552 0.574219 0.532552 0.571289 0.529948 0.568359 0.529948 0.567383 0.528646 0.546875 0.528646 0.540039 0.532552
0 0.645508 0.550781 0.637695 0.553385 0.634766 0.557292 0.631836 0.558594 0.628906 0.565104 0.629883 0.566406 0.631836 0.566406 0.633789 0.569010 0.629883 0.574219 0.627930 0.572917 0.626953 0.569010 0.622070 0.576823 0.619141 0.584635 0.619141 0.585938 0.620117 0.585938 0.624023 0.592448 0.625977 0.597656 0.625977 0.600260 0.627930 0.605469 0.627930 0.609375 0.629883 0.614583 0.636719 0.622396 0.642578 0.622396 0.645508 0.618490 0.646484 0.618490 0.658203 0.601562 0.660156 0.601562 0.663086 0.597656 0.666016 0.596354 0.668945 0.592448 0.669922 0.587240 0.670898 0.585938 0.670898 0.579427 0.668945 0.574219 0.655273 0.557292
0 0.642578 0.489583 0.641602 0.493490 0.638672 0.497396 0.636719 0.502604 0.636719 0.505208 0.634766 0.506510 0.633789 0.509115 0.633789 0.520833 0.632812 0.522135 0.634766 0.528646 0.637695 0.528646 0.639648 0.531250 0.639648 0.537760 0.642578 0.542969 0.656250 0.552083 0.661133 0.558594 0.668945 0.562500 0.683594 0.550781 0.689453 0.542969 0.693359 0.532552 0.694336 0.520833 0.691406 0.510417 0.689453 0.507812 0.686523 0.498698 0.684570 0.496094 0.679688 0.492188 0.676758 0.492188 0.675781 0.490885 0.668945 0.490885 0.667969 0.489583 0.664062 0.489583 0.663086 0.488281 0.660156 0.488281 0.659180 0.489583 0.657227 0.489583 0.656250 0.488281 0.644531 0.488281
0 0.586914 0.477865 0.584961 0.479167 0.581055 0.484375 0.581055 0.485677 0.576172 0.490885 0.575195 0.500000 0.574219 0.501302 0.574219 0.506510 0.571289 0.511719 0.571289 0.523438 0.575195 0.523438 0.579102 0.531250 0.582031 0.531250 0.584961 0.533854 0.587891 0.541667 0.596680 0.548177 0.603516 0.548177 0.608398 0.545573 0.614258 0.540365 0.616211 0.540365 0.619141 0.537760 0.623047 0.537760 0.625000 0.535156 0.627930 0.526042 0.629883 0.523438 0.630859 0.516927 0.631836 0.515625 0.631836 0.507812 0.628906 0.501302 0.624023 0.494792 0.623047 0.494792 0.620117 0.489583 0.614258 0.484375 0.611328 0.480469 0.611328 0.479167 0.608398 0.476562 0.599609 0.475260 0.598633 0.476562 0.593750 0.476562 0.592773 0.477865
0 0.527344 0.460938 0.524414 0.468750 0.524414 0.471354 0.521484 0.476562 0.521484 0.486979 0.522461 0.488281 0.522461 0.490885 0.527344 0.498698 0.527344 0.511719 0.531250 0.515625 0.536133 0.516927 0.543945 0.523438 0.547852 0.523438 0.548828 0.524740 0.552734 0.524740 0.553711 0.526042 0.560547 0.526042 0.561523 0.524740 0.563477 0.524740 0.568359 0.516927 0.570312 0.511719 0.571289 0.505208 0.572266 0.503906 0.572266 0.486979 0.570312 0.484375 0.570312 0.477865 0.568359 0.472656 0.546875 0.458333 0.531250 0.458333
0 0.446289 0.192708 0.441406 0.197917 0.440430 0.201823 0.435547 0.209635 0.435547 0.212240 0.433594 0.217448 0.426758 0.230469 0.426758 0.235677 0.425781 0.236979 0.425781 0.255208 0.426758 0.256510 0.426758 0.259115 0.435547 0.269531 0.445312 0.274740 0.452148 0.274740 0.453125 0.273438 0.457031 0.273438 0.458008 0.272135 0.464844 0.272135 0.465820 0.270833 0.468750 0.270833 0.470703 0.268229 0.472656 0.259115 0.477539 0.246094 0.481445 0.239583 0.481445 0.236979 0.482422 0.235677 0.482422 0.225260 0.481445 0.223958 0.481445 0.221354 0.476562 0.210938 0.462891 0.196615 0.456055 0.192708
0 0.455078 0.276042 0.447266 0.281250 0.441406 0.289062 0.431641 0.308594 0.431641 0.317708 0.432617 0.319010 0.432617 0.325521 0.433594 0.326823 0.433594 0.332031 0.435547 0.337240 0.435547 0.341146 0.440430 0.346354 0.440430 0.351562 0.445312 0.356771 0.446289 0.360677 0.454102 0.365885 0.462891 0.365885 0.465820 0.364583 0.469727 0.356771 0.477539 0.354167 0.485352 0.346354 0.486328 0.343750 0.486328 0.337240 0.488281 0.330729 0.488281 0.325521 0.490234 0.320312 0.491211 0.312500 0.490234 0.308594 0.484375 0.300781 0.481445 0.292969 0.475586 0.282552 0.467773 0.277344
0 0.493164 0.345052 0.487305 0.345052 0.478516 0.355469 0.470703 0.359375 0.458984 0.377604 0.458984 0.384115 0.459961 0.385417 0.459961 0.390625 0.460938 0.391927 0.460938 0.397135 0.461914 0.398438 0.461914 0.406250 0.466797 0.424479 0.472656 0.425781 0.473633 0.427083 0.477539 0.427083 0.478516 0.428385 0.482422 0.428385 0.483398 0.429688 0.492188 0.428385 0.498047 0.424479 0.500000 0.424479 0.506836 0.415365 0.507812 0.411458 0.512695 0.403646 0.516602 0.393229 0.516602 0.386719 0.513672 0.378906 0.512695 0.365885 0.508789 0.360677 0.506836 0.355469 0.500000 0.348958
0 0.568359 0.384115 0.566406 0.384115 0.563477 0.381510 0.546875 0.381510 0.545898 0.382812 0.528320 0.384115 0.519531 0.394531 0.518555 0.398438 0.514648 0.404948 0.513672 0.414062 0.511719 0.416667 0.511719 0.423177 0.512695 0.424479 0.512695 0.434896 0.524414 0.454427 0.527344 0.453125 0.547852 0.453125 0.551758 0.450521 0.555664 0.450521 0.561523 0.446615 0.564453 0.442708 0.564453 0.440104 0.577148 0.425781 0.578125 0.423177 0.578125 0.415365 0.576172 0.410156 0.575195 0.397135 0.571289 0.388021
0 0.613281 0.399740 0.607422 0.397135 0.591797 0.404948 0.581055 0.416667 0.579102 0.425781 0.574219 0.433594 0.571289 0.434896 0.567383 0.445312 0.567383 0.451823 0.568359 0.454427 0.570312 0.455729 0.570312 0.460938 0.574219 0.466146 0.577148 0.472656 0.580078 0.473958 0.592773 0.473958 0.593750 0.472656 0.607422 0.471354 0.615234 0.466146 0.625000 0.464844 0.627930 0.458333 0.630859 0.455729 0.633789 0.445312 0.633789 0.440104 0.631836 0.432292 0.625977 0.421875 0.622070 0.410156
0 0.488281 0.156250 0.479492 0.167969 0.477539 0.173177 0.478516 0.188802 0.476562 0.194010 0.476562 0.207031 0.481445 0.213542 0.485352 0.225260 0.489258 0.229167 0.492188 0.229167 0.497070 0.220052 0.506836 0.216146 0.512695 0.218750 0.521484 0.227865 0.522461 0.226562 0.527344 0.226562 0.529297 0.223958 0.529297 0.221354 0.532227 0.218750 0.538086 0.203125 0.538086 0.192708 0.535156 0.180990 0.533203 0.178385 0.529297 0.167969 0.526367 0.164062 0.524414 0.157552 0.522461 0.154948 0.514648 0.154948 0.513672 0.153646 0.503906 0.153646 0.502930 0.154948 0.491211 0.154948
0 0.506836 0.217448 0.499023 0.220052 0.494141 0.230469 0.484375 0.242188 0.481445 0.247396 0.481445 0.250000 0.477539 0.259115 0.477539 0.263021 0.476562 0.264323 0.476562 0.276042 0.478516 0.281250 0.487305 0.294271 0.487305 0.298177 0.492188 0.308594 0.494141 0.311198 0.500000 0.313802 0.508789 0.313802 0.513672 0.309896 0.520508 0.308594 0.522461 0.305990 0.527344 0.303385 0.541016 0.268229 0.540039 0.261719 0.537109 0.255208 0.524414 0.236979 0.519531 0.227865 0.512695 0.220052
0 0.531250 0.302083 0.529297 0.304688 0.514648 0.313802 0.509766 0.319010 0.508789 0.321615 0.507812 0.350260 0.513672 0.359375 0.514648 0.363281 0.517578 0.364583 0.522461 0.371094 0.522461 0.372396 0.528320 0.381510 0.543945 0.380208 0.544922 0.378906 0.546875 0.378906 0.557617 0.365885 0.562500 0.354167 0.562500 0.348958 0.563477 0.347656 0.563477 0.324219 0.548828 0.307292 0.544922 0.304688 0.539062 0.303385 0.538086 0.302083
0 0.606445 0.335938 0.604492 0.335938 0.603516 0.334635 0.596680 0.334635 0.595703 0.333333 0.588867 0.333333 0.587891 0.334635 0.583008 0.334635 0.579102 0.337240 0.572266 0.338542 0.566406 0.343750 0.564453 0.348958 0.564453 0.352865 0.562500 0.359375 0.562500 0.376302 0.564453 0.380208 0.568359 0.381510 0.572266 0.386719 0.572266 0.388021 0.575195 0.391927 0.576172 0.398438 0.578125 0.402344 0.582031 0.404948 0.586914 0.404948 0.591797 0.401042 0.596680 0.399740 0.599609 0.397135 0.604492 0.395833 0.613281 0.389323 0.615234 0.389323 0.619141 0.384115 0.621094 0.377604 0.621094 0.371094 0.622070 0.369792 0.622070 0.361979 0.621094 0.360677 0.621094 0.356771 0.616211 0.346354
0 0.666016 0.407552 0.653320 0.416667 0.650391 0.423177 0.650391 0.425781 0.652344 0.421875 0.656250 0.420573 0.659180 0.416667 0.663086 0.416667 0.664062 0.417969 0.664062 0.421875 0.661133 0.427083 0.656250 0.428385 0.656250 0.434896 0.653320 0.437500 0.651367 0.459635 0.655273 0.466146 0.655273 0.473958 0.649414 0.480469 0.650391 0.481771 0.659180 0.481771 0.671875 0.488281 0.688477 0.486979 0.692383 0.481771 0.693359 0.459635 0.696289 0.450521 0.696289 0.441406 0.698242 0.434896 0.699219 0.423177 0.696289 0.416667 0.682617 0.408854 0.667969 0.408854
0 0.687500 0.496094 0.691406 0.502604 0.694336 0.511719 0.697266 0.514323 0.712891 0.515625 0.713867 0.516927 0.723633 0.516927 0.732422 0.513021 0.737305 0.509115 0.745117 0.506510 0.754883 0.500000 0.762695 0.486979 0.762695 0.476562 0.759766 0.470052 0.739258 0.446615 0.736328 0.446615 0.732422 0.444010 0.724609 0.445312 0.723633 0.446615 0.717773 0.446615 0.716797 0.445312 0.710938 0.445312 0.708984 0.444010 0.707031 0.445312 0.702148 0.453125 0.696289 0.455729 0.693359 0.484375 0.687500 0.490885
0 0.708008 0.382812 0.705078 0.386719 0.705078 0.389323 0.708984 0.389323 0.709961 0.390625 0.711914 0.402344 0.708984 0.407552 0.706055 0.407552 0.705078 0.406250 0.704102 0.408854 0.704102 0.412760 0.701172 0.417969 0.701172 0.420573 0.702148 0.421875 0.702148 0.428385 0.701172 0.429688 0.701172 0.434896 0.705078 0.441406 0.712891 0.441406 0.713867 0.442708 0.717773 0.442708 0.718750 0.444010 0.724609 0.444010 0.727539 0.441406 0.730469 0.441406 0.731445 0.440104 0.733398 0.440104 0.735352 0.436198 0.735352 0.433594 0.734375 0.430990 0.730469 0.424479 0.729492 0.420573 0.725586 0.415365 0.725586 0.414062 0.723633 0.411458 0.720703 0.403646 0.713867 0.393229 0.711914 0.385417
0 0.665039 0.332031 0.659180 0.337240 0.659180 0.339844 0.657227 0.342448 0.653320 0.345052 0.653320 0.350260 0.647461 0.356771 0.646484 0.356771 0.645508 0.363281 0.643555 0.367188 0.643555 0.377604 0.644531 0.378906 0.644531 0.384115 0.649414 0.391927 0.649414 0.399740 0.650391 0.401042 0.657227 0.399740 0.661133 0.402344 0.662109 0.404948 0.664062 0.406250 0.680664 0.406250 0.680664 0.394531 0.681641 0.393229 0.681641 0.386719 0.683594 0.382812 0.683594 0.377604 0.684570 0.376302 0.686523 0.361979 0.689453 0.356771 0.689453 0.354167 0.690430 0.352865 0.690430 0.346354 0.685547 0.339844 0.681641 0.338542 0.676758 0.334635 0.671875 0.334635 0.670898 0.333333
0 0.673828 0.246094 0.666016 0.251302 0.664062 0.251302 0.661133 0.253906 0.659180 0.253906 0.655273 0.257812 0.658203 0.261719 0.658203 0.263021 0.659180 0.261719 0.662109 0.261719 0.665039 0.265625 0.665039 0.268229 0.662109 0.270833 0.659180 0.270833 0.658203 0.269531 0.657227 0.270833 0.657227 0.279948 0.660156 0.287760 0.660156 0.291667 0.663086 0.295573 0.666016 0.296875 0.668945 0.300781 0.670898 0.300781 0.672852 0.303385 0.676758 0.303385 0.677734 0.304688 0.677734 0.308594 0.680664 0.312500 0.684570 0.315104 0.685547 0.313802 0.684570 0.312500 0.684570 0.302083 0.683594 0.300781 0.683594 0.295573 0.682617 0.294271 0.682617 0.289062 0.681641 0.287760 0.681641 0.281250 0.679688 0.276042 0.679688 0.270833 0.678711 0.269531 0.678711 0.261719 0.677734 0.260417 0.677734 0.246094
0 0.727539 0.289062 0.727539 0.291667 0.740234 0.290365 0.741211 0.291667 0.741211 0.296875 0.732422 0.309896 0.726562 0.324219 0.727539 0.333333 0.730469 0.342448 0.733398 0.347656 0.735352 0.347656 0.738281 0.351562 0.737305 0.356771 0.731445 0.358073 0.730469 0.351562 0.725586 0.345052 0.723633 0.345052 0.723633 0.350260 0.728516 0.361979 0.734375 0.367188 0.739258 0.367188 0.750977 0.363281 0.759766 0.363281 0.764648 0.360677 0.765625 0.355469 0.771484 0.343750 0.776367 0.329427 0.783203 0.317708 0.785156 0.308594 0.784180 0.303385 0.780273 0.298177 0.773438 0.292969 0.756836 0.286458 0.739258 0.286458
0 0.557617 0.186198 0.550781 0.192708 0.548828 0.201823 0.540039 0.213542 0.538086 0.218750 0.538086 0.223958 0.539062 0.225260 0.538086 0.229167 0.538086 0.238281 0.539062 0.239583 0.539062 0.243490 0.537109 0.251302 0.540039 0.259115 0.545898 0.266927 0.547852 0.266927 0.557617 0.278646 0.559570 0.279948 0.571289 0.279948 0.577148 0.273438 0.584961 0.268229 0.587891 0.263021 0.589844 0.256510 0.595703 0.248698 0.599609 0.231771 0.599609 0.221354 0.587891 0.209635 0.583008 0.203125 0.567383 0.188802 0.561523 0.186198
0 0.601562 0.255208 0.595703 0.260417 0.591797 0.261719 0.590820 0.265625 0.588867 0.268229 0.588867 0.272135 0.584961 0.279948 0.584961 0.289062 0.583984 0.290365 0.583984 0.300781 0.583008 0.302083 0.583008 0.305990 0.583984 0.307292 0.583984 0.311198 0.587891 0.319010 0.587891 0.324219 0.585938 0.329427 0.587891 0.329427 0.588867 0.330729 0.600586 0.329427 0.606445 0.333333 0.613281 0.333333 0.625000 0.325521 0.627930 0.320312 0.627930 0.311198 0.626953 0.309896 0.626953 0.294271 0.625977 0.292969 0.625977 0.279948 0.625000 0.278646 0.625000 0.268229 0.620117 0.261719 0.618164 0.261719 0.615234 0.259115 0.609375 0.257812 0.606445 0.255208
