0 0.180664 0.244792 0.176758 0.251302 0.175781 0.257812 0.172852 0.264323 0.170898 0.273438 0.170898 0.290365 0.175781 0.298177 0.177734 0.307292 0.182617 0.312500 0.189453 0.313802 0.197266 0.320312 0.203125 0.322917 0.217773 0.322917 0.220703 0.324219 0.225586 0.320312 0.226562 0.311198 0.228516 0.305990 0.232422 0.302083 0.233398 0.296875 0.232422 0.294271 0.227539 0.294271 0.226562 0.292969 0.226562 0.289062 0.221680 0.279948 0.220703 0.268229 0.216797 0.259115 0.215820 0.252604 0.211914 0.248698 0.208008 0.248698 0.207031 0.247396 0.208984 0.243490 0.213867 0.242188 0.213867 0.236979 0.207031 0.235677 0.206055 0.236979 0.195312 0.238281 0.185547 0.244792
0 0.265625 0.281250 0.256836 0.281250 0.251953 0.285156 0.250000 0.285156 0.249023 0.283854 0.246094 0.285156 0.239258 0.294271 0.235352 0.302083 0.229492 0.308594 0.229492 0.311198 0.228516 0.312500 0.228516 0.320312 0.229492 0.321615 0.230469 0.329427 0.234375 0.337240 0.237305 0.346354 0.243164 0.355469 0.244141 0.360677 0.256836 0.363281 0.257812 0.361979 0.259766 0.361979 0.266602 0.354167 0.268555 0.354167 0.269531 0.348958 0.271484 0.345052 0.272461 0.338542 0.274414 0.335938 0.275391 0.332031 0.281250 0.324219 0.281250 0.315104 0.277344 0.305990 0.277344 0.302083
0 0.227539 0.334635 0.220703 0.335938 0.218750 0.333333 0.207031 0.330729 0.202148 0.333333 0.193359 0.341146 0.189453 0.342448 0.187500 0.345052 0.184570 0.346354 0.183594 0.348958 0.179688 0.351562 0.181641 0.354167 0.181641 0.363281 0.180664 0.364583 0.180664 0.369792 0.179688 0.371094 0.179688 0.386719 0.181641 0.390625 0.182617 0.397135 0.186523 0.403646 0.188477 0.403646 0.194336 0.408854 0.199219 0.410156 0.200195 0.411458 0.205078 0.411458 0.208008 0.408854 0.208008 0.403646 0.208984 0.401042 0.221680 0.385417 0.224609 0.378906 0.230469 0.372396 0.236328 0.369792 0.237305 0.363281 0.236328 0.361979 0.236328 0.356771 0.234375 0.352865 0.234375 0.345052 0.232422 0.339844
0 0.234375 0.372396 0.227539 0.377604 0.218750 0.393229 0.217773 0.402344 0.212891 0.406250 0.210938 0.410156 0.211914 0.433594 0.221680 0.450521 0.224609 0.451823 0.227539 0.455729 0.236328 0.460938 0.239258 0.459635 0.245117 0.460938 0.250977 0.457031 0.258789 0.458333 0.260742 0.457031 0.267578 0.446615 0.272461 0.427083 0.272461 0.423177 0.274414 0.420573 0.276367 0.414062 0.276367 0.410156 0.277344 0.408854 0.272461 0.394531 0.272461 0.388021 0.262695 0.380208 0.256836 0.373698 0.251953 0.371094 0.239258 0.371094 0.238281 0.372396
0 0.250977 0.459635 0.243164 0.468750 0.234375 0.475260 0.230469 0.480469 0.227539 0.486979 0.225586 0.496094 0.225586 0.505208 0.224609 0.506510 0.225586 0.509115 0.225586 0.516927 0.226562 0.518229 0.226562 0.528646 0.228516 0.535156 0.230469 0.537760 0.237305 0.540365 0.249023 0.550781 0.251953 0.552083 0.269531 0.550781 0.282227 0.537760 0.283203 0.520833 0.289062 0.511719 0.285156 0.511719 0.283203 0.514323 0.281250 0.511719 0.280273 0.500000 0.279297 0.498698 0.279297 0.490885 0.281250 0.486979 0.280273 0.483073 0.263672 0.466146 0.254883 0.459635
0 0.332031 0.497396 0.321289 0.496094 0.318359 0.493490 0.312500 0.493490 0.306641 0.496094 0.294922 0.507812 0.285156 0.522135 0.283203 0.529948 0.283203 0.541667 0.282227 0.542969 0.283203 0.546875 0.283203 0.555990 0.290039 0.571615 0.293945 0.576823 0.297852 0.579427 0.307617 0.580729 0.308594 0.582031 0.318359 0.580729 0.319336 0.579427 0.316406 0.578125 0.314453 0.575521 0.317383 0.569010 0.324219 0.559896 0.326172 0.554688 0.340820 0.536458 0.341797 0.532552 0.340820 0.531250 0.339844 0.522135 0.342773 0.516927 0.340820 0.511719 0.337891 0.511719 0.331055 0.502604 0.331055 0.498698
0 0.281250 0.412760 0.278320 0.416667 0.271484 0.437500 0.271484 0.453125 0.270508 0.454427 0.270508 0.459635 0.273438 0.468750 0.276367 0.471354 0.279297 0.476562 0.286133 0.484375 0.286133 0.485677 0.292969 0.489583 0.301758 0.490885 0.302734 0.492188 0.311523 0.492188 0.312500 0.490885 0.323242 0.492188 0.326172 0.489583 0.332031 0.471354 0.333008 0.459635 0.331055 0.455729 0.331055 0.450521 0.333008 0.444010 0.333008 0.434896 0.330078 0.434896 0.324219 0.427083 0.318359 0.421875 0.316406 0.421875 0.312500 0.417969 0.305664 0.415365 0.299805 0.408854 0.291016 0.408854 0.287109 0.412760
0 0.280273 0.328125 0.274414 0.337240 0.273438 0.343750 0.271484 0.347656 0.271484 0.351562 0.273438 0.356771 0.273438 0.363281 0.275391 0.369792 0.275391 0.382812 0.281250 0.391927 0.281250 0.403646 0.282227 0.404948 0.316406 0.404948 0.323242 0.399740 0.328125 0.398438 0.332031 0.391927 0.332031 0.381510 0.333984 0.376302 0.333984 0.356771 0.328125 0.342448 0.327148 0.335938 0.323242 0.328125 0.319336 0.325521 0.316406 0.325521 0.310547 0.320312 0.304688 0.317708 0.295898 0.317708 0.294922 0.319010 0.291992 0.319010
0 0.243164 0.148438 0.238281 0.145833 0.234375 0.145833 0.233398 0.144531 0.223633 0.144531 0.219727 0.147135 0.216797 0.147135 0.212891 0.151042 0.209961 0.152344 0.200195 0.165365 0.199219 0.167969 0.200195 0.194010 0.201172 0.195312 0.202148 0.201823 0.204102 0.205729 0.204102 0.208333 0.206055 0.210938 0.206055 0.214844 0.209961 0.222656 0.212891 0.223958 0.216797 0.221354 0.216797 0.220052 0.220703 0.216146 0.222656 0.210938 0.223633 0.210938 0.231445 0.201823 0.238281 0.196615 0.248047 0.195312 0.249023 0.194010 0.255859 0.195312 0.255859 0.191406 0.252930 0.184896 0.252930 0.180990 0.250977 0.174479 0.250977 0.167969 0.248047 0.161458 0.247070 0.153646
0 0.236328 0.199219 0.226562 0.208333 0.221680 0.214844 0.216797 0.225260 0.216797 0.236979 0.218750 0.240885 0.219727 0.252604 0.220703 0.255208 0.223633 0.257812 0.232422 0.259115 0.239258 0.266927 0.242188 0.266927 0.243164 0.268229 0.259766 0.268229 0.262695 0.264323 0.264648 0.264323 0.265625 0.263021 0.265625 0.261719 0.273438 0.251302 0.275391 0.247396 0.275391 0.244792 0.280273 0.238281 0.281250 0.233073 0.283203 0.230469 0.283203 0.222656 0.280273 0.217448 0.279297 0.213542 0.267578 0.201823 0.265625 0.201823 0.261719 0.199219 0.257812 0.199219 0.256836 0.197917 0.250000 0.197917 0.249023 0.196615 0.243164 0.196615 0.239258 0.199219
0 0.292969 0.226562 0.287109 0.230469 0.277344 0.244792 0.273438 0.255208 0.268555 0.261719 0.267578 0.265625 0.268555 0.278646 0.270508 0.283854 0.278320 0.295573 0.279297 0.303385 0.283203 0.308594 0.286133 0.305990 0.291016 0.305990 0.291992 0.307292 0.294922 0.307292 0.298828 0.312500 0.302734 0.312500 0.306641 0.315104 0.309570 0.315104 0.314453 0.319010 0.315430 0.316406 0.317383 0.316406 0.320312 0.312500 0.328125 0.298177 0.329102 0.287760 0.330078 0.286458 0.330078 0.273438 0.326172 0.265625 0.320312 0.259115 0.317383 0.250000 0.315430 0.247396 0.314453 0.242188 0.303711 0.227865 0.301758 0.226562
0 0.291992 0.088542 0.289062 0.088542 0.288086 0.087240 0.282227 0.087240 0.281250 0.088542 0.277344 0.088542 0.276367 0.089844 0.272461 0.089844 0.271484 0.091146 0.266602 0.092448 0.262695 0.095052 0.262695 0.096354 0.259766 0.100260 0.258789 0.100260 0.258789 0.101562 0.255859 0.105469 0.254883 0.105469 0.254883 0.106771 0.251953 0.110677 0.251953 0.113281 0.250977 0.114583 0.250977 0.123698 0.250000 0.125000 0.250000 0.130208 0.249023 0.131510 0.249023 0.145833 0.250977 0.151042 0.255859 0.157552 0.258789 0.158854 0.260742 0.161458 0.263672 0.161458 0.264648 0.162760 0.276367 0.162760 0.279297 0.154948 0.279297 0.141927 0.280273 0.139323 0.285156 0.135417 0.287109 0.135417 0.291016 0.132812 0.295898 0.132812 0.296875 0.131510 0.296875 0.126302 0.299805 0.119792 0.299805 0.106771 0.295898 0.102865 0.294922 0.093750
0 0.308594 0.135417 0.299805 0.135417 0.298828 0.134115 0.296875 0.135417 0.289062 0.135417 0.288086 0.136719 0.283203 0.138021 0.280273 0.141927 0.281250 0.148438 0.280273 0.149740 0.279297 0.161458 0.277344 0.165365 0.277344 0.170573 0.276367 0.171875 0.275391 0.188802 0.279297 0.197917 0.290039 0.213542 0.298828 0.214844 0.308594 0.208333 0.310547 0.204427 0.310547 0.192708 0.311523 0.190104 0.317383 0.182292 0.318359 0.182292 0.324219 0.174479 0.325195 0.174479 0.327148 0.169271 0.327148 0.157552 0.323242 0.147135 0.318359 0.140625
0 0.313477 0.190104 0.312500 0.192708 0.313477 0.216146 0.322266 0.246094 0.353516 0.252604 0.358398 0.248698 0.364258 0.247396 0.370117 0.242188 0.370117 0.240885 0.366211 0.240885 0.362305 0.244792 0.358398 0.244792 0.355469 0.242188 0.357422 0.239583 0.361328 0.238281 0.367188 0.227865 0.367188 0.222656 0.368164 0.221354 0.366211 0.204427 0.363281 0.199219 0.366211 0.197917 0.370117 0.200521 0.373047 0.205729 0.373047 0.200521 0.370117 0.199219 0.357422 0.178385 0.348633 0.167969 0.345703 0.166667 0.333008 0.167969
0 0.352539 0.261719 0.348633 0.265625 0.345703 0.265625 0.340820 0.269531 0.338867 0.269531 0.336914 0.272135 0.336914 0.276042 0.333984 0.282552 0.332031 0.294271 0.329102 0.299479 0.327148 0.307292 0.322266 0.315104 0.322266 0.319010 0.326172 0.322917 0.327148 0.329427 0.333008 0.341146 0.343750 0.346354 0.356445 0.347656 0.358398 0.346354 0.358398 0.338542 0.359375 0.334635 0.363281 0.329427 0.363281 0.326823 0.365234 0.324219 0.368164 0.322917 0.373047 0.315104 0.373047 0.295573 0.375000 0.289062 0.375000 0.283854 0.376953 0.281250 0.377930 0.282552 0.377930 0.287760 0.379883 0.290365 0.382812 0.289062 0.379883 0.279948 0.376953 0.277344 0.375000 0.273438 0.371094 0.272135 0.361328 0.264323
0 0.359375 0.080729 0.353516 0.076823 0.345703 0.075521 0.337891 0.070312 0.332031 0.070312 0.331055 0.069010 0.329102 0.070312 0.325195 0.070312 0.323242 0.072917 0.321289 0.072917 0.318359 0.075521 0.315430 0.075521 0.309570 0.082031 0.305664 0.092448 0.305664 0.096354 0.303711 0.100260 0.303711 0.104167 0.301758 0.110677 0.301758 0.115885 0.302734 0.117188 0.302734 0.121094 0.303711 0.122396 0.303711 0.127604 0.304688 0.130208 0.310547 0.135417 0.317383 0.136719 0.318359 0.138021 0.329102 0.134115 0.333008 0.125000 0.333984 0.115885 0.340820 0.106771 0.342773 0.106771 0.348633 0.102865 0.352539 0.102865 0.354492 0.101562 0.357422 0.096354 0.360352 0.095052 0.360352 0.084635 0.359375 0.083333
0 0.352539 0.104167 0.346680 0.108073 0.342773 0.108073 0.335938 0.114583 0.333984 0.126302 0.330078 0.136719 0.330078 0.141927 0.332031 0.147135 0.332031 0.152344 0.337891 0.162760 0.347656 0.165365 0.354492 0.170573 0.356445 0.174479 0.361328 0.174479 0.365234 0.169271 0.366211 0.162760 0.365234 0.160156 0.360352 0.160156 0.359375 0.156250 0.362305 0.153646 0.375977 0.153646 0.375977 0.152344 0.368164 0.152344 0.364258 0.148438 0.368164 0.143229 0.371094 0.145833 0.373047 0.145833 0.376953 0.141927 0.379883 0.145833 0.386719 0.139323 0.391602 0.138021 0.392578 0.136719 0.392578 0.123698 0.391602 0.121094 0.386719 0.117188 0.378906 0.115885 0.373047 0.111979 0.370117 0.111979 0.365234 0.108073 0.363281 0.108073 0.361328 0.105469
0 0.390625 0.053385 0.386719 0.057292 0.383789 0.065104 0.381836 0.067708 0.375000 0.088542 0.371094 0.095052 0.371094 0.102865 0.373047 0.106771 0.373047 0.109375 0.376953 0.113281 0.388672 0.115885 0.395508 0.122396 0.405273 0.121094 0.408203 0.118490 0.408203 0.110677 0.409180 0.108073 0.412109 0.105469 0.414062 0.098958 0.416016 0.096354 0.416016 0.087240 0.414062 0.080729 0.414062 0.075521 0.416016 0.072917 0.417969 0.076823 0.419922 0.078125 0.423828 0.078125 0.425781 0.080729 0.425781 0.084635 0.426758 0.085938 0.427734 0.085938 0.427734 0.082031 0.426758 0.080729 0.426758 0.078125 0.423828 0.072917 0.416992 0.063802 0.414062 0.062500 0.412109 0.059896 0.408203 0.058594 0.404297 0.054688 0.402344 0.054688 0.401367 0.053385
0 0.430664 0.123698 0.422852 0.130208 0.418945 0.135417 0.415039 0.144531 0.414062 0.154948 0.413086 0.156250 0.413086 0.169271 0.417969 0.186198 0.417969 0.190104 0.418945 0.192708 0.425781 0.192708 0.426758 0.191406 0.431641 0.197917 0.437500 0.195312 0.444336 0.197917 0.445312 0.199219 0.444336 0.205729 0.451172 0.209635 0.453125 0.205729 0.453125 0.199219 0.458984 0.196615 0.461914 0.192708 0.467773 0.177083 0.471680 0.170573 0.474609 0.169271 0.475586 0.164062 0.469727 0.147135 0.463867 0.140625 0.456055 0.135417 0.454102 0.132812 0.446289 0.130208 0.442383 0.126302 0.439453 0.126302 0.436523 0.123698
0 0.413086 0.212240 0.405273 0.213542 0.397461 0.218750 0.391602 0.226562 0.389648 0.233073 0.383789 0.244792 0.383789 0.255208 0.382812 0.256510 0.383789 0.268229 0.386719 0.276042 0.388672 0.278646 0.390625 0.287760 0.396484 0.294271 0.396484 0.298177 0.402344 0.302083 0.412109 0.302083 0.414062 0.300781 0.421875 0.289062 0.429688 0.285156 0.437500 0.285156 0.439453 0.278646 0.438477 0.261719 0.435547 0.250000 0.434570 0.236979 0.427734 0.225260 0.419922 0.214844 0.414062 0.213542
0 0.423828 0.289062 0.420898 0.292969 0.420898 0.295573 0.416016 0.307292 0.415039 0.315104 0.411133 0.324219 0.409180 0.335938 0.405273 0.346354 0.406250 0.347656 0.406250 0.351562 0.412109 0.360677 0.422852 0.368490 0.438477 0.369792 0.444336 0.373698 0.447266 0.377604 0.451172 0.377604 0.455078 0.372396 0.456055 0.368490 0.460938 0.360677 0.463867 0.350260 0.467773 0.346354 0.470703 0.334635 0.466797 0.329427 0.464844 0.330729 0.462891 0.335938 0.460938 0.333333 0.460938 0.329427 0.462891 0.325521 0.461914 0.319010 0.463867 0.315104 0.462891 0.313802 0.462891 0.309896 0.451172 0.294271 0.440430 0.287760 0.426758 0.287760
0 0.356445 0.352865 0.350586 0.356771 0.344727 0.364583 0.341797 0.364583 0.340820 0.368490 0.335938 0.376302 0.335938 0.380208 0.334961 0.381510 0.334961 0.398438 0.336914 0.404948 0.337891 0.416667 0.341797 0.423177 0.349609 0.428385 0.356445 0.437500 0.365234 0.438802 0.366211 0.440104 0.375000 0.440104 0.375977 0.441406 0.376953 0.440104 0.379883 0.440104 0.383789 0.437500 0.385742 0.433594 0.389648 0.429688 0.390625 0.417969 0.394531 0.407552 0.399414 0.398438 0.399414 0.388021 0.397461 0.382812 0.389648 0.373698 0.373047 0.359375 0.370117 0.359375 0.366211 0.355469 0.361328 0.352865
0 0.431641 0.373698 0.422852 0.377604 0.411133 0.393229 0.403320 0.401042 0.402344 0.404948 0.395508 0.415365 0.393555 0.420573 0.392578 0.429688 0.393555 0.430990 0.394531 0.446615 0.398438 0.454427 0.400391 0.455729 0.408203 0.455729 0.413086 0.458333 0.422852 0.457031 0.423828 0.455729 0.431641 0.455729 0.439453 0.459635 0.437500 0.462240 0.432617 0.464844 0.438477 0.467448 0.440430 0.464844 0.440430 0.460938 0.443359 0.459635 0.447266 0.454427 0.452148 0.444010 0.447266 0.438802 0.450195 0.433594 0.448242 0.425781 0.449219 0.406250 0.448242 0.404948 0.448242 0.395833 0.447266 0.394531 0.446289 0.382812 0.443359 0.378906 0.443359 0.376302 0.440430 0.373698
0 0.355469 0.442708 0.355469 0.444010 0.350586 0.449219 0.340820 0.473958 0.340820 0.484375 0.341797 0.485677 0.343750 0.501302 0.345703 0.506510 0.350586 0.514323 0.357422 0.520833 0.364258 0.523438 0.371094 0.528646 0.388672 0.528646 0.395508 0.524740 0.398438 0.518229 0.399414 0.506510 0.402344 0.500000 0.402344 0.494792 0.404297 0.488281 0.404297 0.483073 0.400391 0.473958 0.397461 0.460938 0.395508 0.458333 0.390625 0.457031 0.378906 0.449219 0.371094 0.446615 0.368164 0.444010 0.365234 0.444010 0.361328 0.441406
0 0.365234 0.537760 0.363281 0.542969 0.363281 0.552083 0.362305 0.553385 0.359375 0.571615 0.361328 0.578125 0.361328 0.592448 0.363281 0.595052 0.364258 0.600260 0.368164 0.609375 0.374023 0.617188 0.378906 0.619792 0.388672 0.621094 0.389648 0.622396 0.397461 0.622396 0.403320 0.625000 0.410156 0.625000 0.411133 0.623698 0.411133 0.610677 0.412109 0.606771 0.416992 0.596354 0.418945 0.595052 0.421875 0.589844 0.420898 0.579427 0.418945 0.574219 0.414062 0.567708 0.414062 0.565104 0.411133 0.557292 0.411133 0.553385 0.407227 0.549479 0.406250 0.544271 0.399414 0.536458 0.386719 0.535156 0.385742 0.533854 0.373047 0.533854
0 0.438477 0.475260 0.422852 0.476562 0.413086 0.481771 0.406250 0.488281 0.404297 0.494792 0.404297 0.502604 0.401367 0.506510 0.401367 0.513021 0.407227 0.529948 0.410156 0.533854 0.413086 0.553385 0.416016 0.562500 0.418945 0.566406 0.423828 0.566406 0.424805 0.567708 0.428711 0.567708 0.429688 0.566406 0.439453 0.567708 0.442383 0.566406 0.451172 0.558594 0.456055 0.558594 0.461914 0.550781 0.464844 0.542969 0.466797 0.509115 0.465820 0.507812 0.465820 0.503906 0.462891 0.498698 0.462891 0.496094 0.457031 0.488281 0.448242 0.480469
0 0.436523 0.572917 0.422852 0.591146 0.420898 0.596354 0.415039 0.602865 0.412109 0.610677 0.412109 0.618490 0.415039 0.631510 0.418945 0.636719 0.424805 0.640625 0.432617 0.641927 0.447266 0.648438 0.456055 0.649740 0.465820 0.653646 0.473633 0.652344 0.475586 0.638021 0.478516 0.634115 0.482422 0.632812 0.482422 0.619792 0.483398 0.618490 0.483398 0.605469 0.484375 0.604167 0.484375 0.584635 0.474609 0.575521 0.466797 0.571615 0.447266 0.570312 0.446289 0.569010
0 0.482422 0.079427 0.476562 0.079427 0.475586 0.080729 0.469727 0.082031 0.466797 0.084635 0.458984 0.085938 0.455078 0.092448 0.455078 0.096354 0.454102 0.097656 0.454102 0.100260 0.451172 0.108073 0.451172 0.119792 0.453125 0.123698 0.454102 0.128906 0.458008 0.134115 0.464844 0.138021 0.469727 0.144531 0.473633 0.147135 0.479492 0.145833 0.480469 0.144531 0.484375 0.144531 0.489258 0.140625 0.492188 0.140625 0.495117 0.138021 0.494141 0.132812 0.491211 0.127604 0.489258 0.119792 0.484375 0.111979 0.482422 0.106771 0.482422 0.104167 0.481445 0.102865 0.481445 0.091146 0.483398 0.085938 0.483398 0.080729
0 0.511719 0.050781 0.506836 0.053385 0.502930 0.058594 0.500977 0.058594 0.491211 0.070312 0.490234 0.070312 0.490234 0.071615 0.484375 0.079427 0.484375 0.087240 0.482422 0.092448 0.482422 0.097656 0.484375 0.102865 0.484375 0.106771 0.488281 0.113281 0.493164 0.114583 0.497070 0.119792 0.506836 0.121094 0.507812 0.122396 0.511719 0.122396 0.515625 0.125000 0.518555 0.125000 0.519531 0.123698 0.522461 0.123698 0.523438 0.122396 0.528320 0.121094 0.541016 0.110677 0.541016 0.109375 0.544922 0.104167 0.545898 0.089844 0.547852 0.087240 0.547852 0.082031 0.545898 0.079427 0.544922 0.074219 0.533203 0.059896 0.525391 0.054688 0.519531 0.053385 0.516602 0.050781
0 0.465820 0.188802 0.465820 0.192708 0.464844 0.194010 0.465820 0.207031 0.467773 0.208333 0.474609 0.208333 0.475586 0.209635 0.483398 0.210938 0.487305 0.213542 0.499023 0.229167 0.500977 0.230469 0.508789 0.229167 0.514648 0.223958 0.527344 0.218750 0.531250 0.214844 0.531250 0.210938 0.532227 0.209635 0.531250 0.208333 0.531250 0.194010 0.521484 0.174479 0.517578 0.169271 0.513672 0.158854 0.492188 0.158854 0.491211 0.160156 0.488281 0.160156 0.482422 0.164062 0.474609 0.171875 0.469727 0.179688
0 0.456055 0.209635 0.447266 0.217448 0.440430 0.226562 0.436523 0.236979 0.437500 0.246094 0.440430 0.253906 0.441406 0.260417 0.445312 0.268229 0.446289 0.276042 0.450195 0.278646 0.456055 0.291667 0.463867 0.299479 0.469727 0.302083 0.476562 0.302083 0.477539 0.300781 0.484375 0.299479 0.490234 0.295573 0.499023 0.279948 0.499023 0.273438 0.500977 0.266927 0.500977 0.259115 0.502930 0.255208 0.502930 0.251302 0.504883 0.248698 0.504883 0.246094 0.501953 0.243490 0.501953 0.240885 0.498047 0.230469 0.493164 0.222656 0.486328 0.214844 0.475586 0.209635 0.471680 0.209635 0.470703 0.210938 0.468750 0.209635
0 0.514648 0.227865 0.512695 0.231771 0.508789 0.247396 0.508789 0.259115 0.505859 0.272135 0.505859 0.278646 0.507812 0.281250 0.510742 0.279948 0.519531 0.279948 0.528320 0.283854 0.536133 0.290365 0.539062 0.295573 0.539062 0.300781 0.538086 0.302083 0.535156 0.302083 0.533203 0.303385 0.533203 0.304688 0.538086 0.304688 0.540039 0.300781 0.549805 0.304688 0.551758 0.303385 0.564453 0.285156 0.567383 0.283854 0.570312 0.279948 0.571289 0.269531 0.568359 0.257812 0.551758 0.229167 0.536133 0.221354 0.526367 0.221354 0.521484 0.225260
0 0.490234 0.316406 0.482422 0.324219 0.475586 0.334635 0.470703 0.347656 0.469727 0.359375 0.468750 0.360677 0.468750 0.373698 0.472656 0.380208 0.478516 0.382812 0.483398 0.388021 0.487305 0.388021 0.492188 0.390625 0.498047 0.390625 0.500977 0.393229 0.514648 0.394531 0.515625 0.395833 0.520508 0.394531 0.527344 0.388021 0.530273 0.386719 0.535156 0.376302 0.534180 0.375000 0.534180 0.368490 0.536133 0.365885 0.539062 0.355469 0.539062 0.346354 0.537109 0.341146 0.525391 0.324219 0.507812 0.315104 0.503906 0.315104 0.502930 0.313802 0.496094 0.313802 0.494141 0.316406
0 0.493164 0.403646 0.477539 0.412760 0.464844 0.429688 0.463867 0.437500 0.461914 0.442708 0.461914 0.455729 0.464844 0.460938 0.468750 0.463542 0.473633 0.470052 0.477539 0.472656 0.480469 0.476562 0.485352 0.479167 0.488281 0.483073 0.491211 0.483073 0.492188 0.481771 0.505859 0.483073 0.506836 0.481771 0.511719 0.480469 0.515625 0.475260 0.521484 0.463542 0.521484 0.460938 0.524414 0.453125 0.526367 0.450521 0.526367 0.438802 0.527344 0.437500 0.527344 0.433594 0.525391 0.428385 0.525391 0.424479 0.519531 0.416667 0.511719 0.408854 0.505859 0.407552 0.499023 0.403646
0 0.470703 0.498698 0.469727 0.501302 0.469727 0.536458 0.471680 0.542969 0.471680 0.548177 0.478516 0.559896 0.490234 0.570312 0.497070 0.574219 0.501953 0.574219 0.503906 0.571615 0.510742 0.571615 0.517578 0.574219 0.521484 0.571615 0.525391 0.571615 0.529297 0.566406 0.533203 0.567708 0.541016 0.557292 0.545898 0.539062 0.544922 0.531250 0.540039 0.528646 0.539062 0.522135 0.532227 0.511719 0.524414 0.506510 0.518555 0.500000 0.498047 0.485677 0.488281 0.486979 0.485352 0.489583 0.480469 0.490885
0 0.494141 0.583333 0.487305 0.597656 0.487305 0.622396 0.490234 0.627604 0.490234 0.632812 0.496094 0.643229 0.502930 0.649740 0.508789 0.657552 0.512695 0.665365 0.516602 0.667969 0.529297 0.667969 0.530273 0.666667 0.533203 0.666667 0.536133 0.662760 0.543945 0.658854 0.547852 0.661458 0.555664 0.647135 0.555664 0.643229 0.557617 0.638021 0.556641 0.634115 0.557617 0.621094 0.553711 0.615885 0.551758 0.610677 0.537109 0.591146 0.525391 0.583333 0.516602 0.579427 0.510742 0.574219 0.503906 0.574219
0 0.521484 0.679688 0.512695 0.688802 0.506836 0.699219 0.501953 0.713542 0.501953 0.726562 0.500977 0.727865 0.500977 0.742188 0.501953 0.743490 0.512695 0.743490 0.538086 0.759115 0.541016 0.763021 0.547852 0.768229 0.553711 0.768229 0.562500 0.764323 0.568359 0.755208 0.570312 0.750000 0.570312 0.746094 0.568359 0.742188 0.570312 0.731771 0.570312 0.720052 0.568359 0.714844 0.567383 0.707031 0.563477 0.697917 0.556641 0.687500 0.543945 0.680990 0.536133 0.673177 0.532227 0.673177 0.525391 0.678385
0 0.623047 0.717448 0.617188 0.722656 0.610352 0.731771 0.610352 0.734375 0.606445 0.742188 0.604492 0.763021 0.602539 0.766927 0.601562 0.773438 0.602539 0.781250 0.607422 0.791667 0.614258 0.800781 0.615234 0.808594 0.623047 0.817708 0.635742 0.826823 0.640625 0.828125 0.657227 0.826823 0.661133 0.824219 0.663086 0.820312 0.663086 0.808594 0.665039 0.794271 0.672852 0.760417 0.672852 0.747396 0.670898 0.742188 0.666016 0.738281 0.652344 0.720052 0.633789 0.717448 0.632812 0.716146
0 0.553711 0.531250 0.548828 0.539062 0.545898 0.548177 0.545898 0.569010 0.547852 0.574219 0.549805 0.589844 0.551758 0.595052 0.569336 0.613281 0.577148 0.617188 0.584961 0.617188 0.587891 0.618490 0.588867 0.617188 0.591797 0.617188 0.593750 0.614583 0.598633 0.611979 0.600586 0.608073 0.606445 0.601562 0.607422 0.597656 0.607422 0.584635 0.610352 0.575521 0.609375 0.562500 0.606445 0.553385 0.605469 0.544271 0.603516 0.540365 0.594727 0.529948 0.581055 0.523438 0.568359 0.523438 0.561523 0.526042
0 0.635742 0.462240 0.629883 0.462240 0.619141 0.467448 0.612305 0.467448 0.592773 0.490885 0.592773 0.494792 0.591797 0.496094 0.592773 0.498698 0.592773 0.514323 0.593750 0.515625 0.594727 0.523438 0.597656 0.528646 0.598633 0.528646 0.604492 0.536458 0.607422 0.542969 0.610352 0.545573 0.616211 0.545573 0.617188 0.546875 0.619141 0.546875 0.620117 0.545573 0.624023 0.545573 0.627930 0.542969 0.652344 0.510417 0.654297 0.505208 0.654297 0.502604 0.655273 0.501302 0.654297 0.500000 0.654297 0.488281 0.651367 0.479167 0.639648 0.464844
0 0.594727 0.376302 0.589844 0.373698 0.579102 0.375000 0.578125 0.373698 0.569336 0.372396 0.568359 0.371094 0.559570 0.375000 0.550781 0.376302 0.543945 0.380208 0.540039 0.386719 0.537109 0.394531 0.536133 0.408854 0.535156 0.410156 0.535156 0.419271 0.536133 0.423177 0.541016 0.429688 0.543945 0.437500 0.547852 0.437500 0.549805 0.440104 0.550781 0.444010 0.552734 0.446615 0.555664 0.447917 0.560547 0.446615 0.567383 0.438802 0.573242 0.442708 0.580078 0.442708 0.584961 0.440104 0.590820 0.440104 0.592773 0.438802 0.592773 0.436198 0.597656 0.428385 0.600586 0.419271 0.600586 0.397135 0.599609 0.395833 0.598633 0.385417
0 0.607422 0.277344 0.594727 0.274740 0.593750 0.276042 0.583984 0.276042 0.580078 0.278646 0.577148 0.278646 0.563477 0.289062 0.555664 0.302083 0.556641 0.309896 0.573242 0.345052 0.573242 0.348958 0.571289 0.354167 0.571289 0.364583 0.576172 0.371094 0.584961 0.372396 0.594727 0.363281 0.604492 0.364583 0.612305 0.361979 0.619141 0.356771 0.621094 0.356771 0.626953 0.347656 0.629883 0.337240 0.629883 0.326823 0.626953 0.320312 0.625000 0.307292 0.619141 0.295573 0.619141 0.292969 0.616211 0.286458 0.611328 0.279948
0 0.560547 0.152344 0.554688 0.156250 0.551758 0.161458 0.548828 0.164062 0.543945 0.173177 0.543945 0.175781 0.541992 0.178385 0.539062 0.188802 0.539062 0.203125 0.546875 0.218750 0.553711 0.227865 0.555664 0.229167 0.560547 0.229167 0.562500 0.231771 0.559570 0.236979 0.564453 0.235677 0.570312 0.238281 0.573242 0.242188 0.576172 0.243490 0.585938 0.236979 0.593750 0.234375 0.599609 0.227865 0.603516 0.214844 0.603516 0.201823 0.604492 0.199219 0.600586 0.183594 0.592773 0.173177 0.588867 0.171875 0.579102 0.157552 0.577148 0.157552 0.572266 0.153646
0 0.581055 0.074219 0.575195 0.078125 0.562500 0.092448 0.559570 0.100260 0.558594 0.109375 0.556641 0.115885 0.556641 0.128906 0.560547 0.140625 0.564453 0.143229 0.567383 0.143229 0.568359 0.144531 0.581055 0.143229 0.584961 0.145833 0.593750 0.145833 0.594727 0.144531 0.597656 0.147135 0.603516 0.148438 0.605469 0.145833 0.613281 0.140625 0.615234 0.135417 0.618164 0.136719 0.619141 0.131510 0.622070 0.127604 0.625000 0.127604 0.625977 0.126302 0.625000 0.125000 0.625977 0.106771 0.624023 0.102865 0.623047 0.096354 0.614258 0.082031 0.605469 0.075521 0.601562 0.075521 0.600586 0.074219 0.594727 0.074219 0.593750 0.075521
0 0.639648 0.113281 0.631836 0.126302 0.630859 0.135417 0.629883 0.136719 0.629883 0.148438 0.637695 0.160156 0.640625 0.161458 0.649414 0.174479 0.653320 0.175781 0.658203 0.184896 0.661133 0.184896 0.662109 0.186198 0.684570 0.186198 0.689453 0.179688 0.692383 0.178385 0.697266 0.171875 0.700195 0.170573 0.703125 0.161458 0.703125 0.156250 0.702148 0.154948 0.701172 0.145833 0.700195 0.143229 0.697266 0.140625 0.696289 0.126302 0.694336 0.123698 0.692383 0.117188 0.687500 0.114583 0.676758 0.101562 0.668945 0.100260 0.665039 0.102865 0.658203 0.102865 0.657227 0.104167 0.648438 0.105469
0 0.719727 0.167969 0.705078 0.180990 0.694336 0.195312 0.691406 0.220052 0.694336 0.226562 0.692383 0.227865 0.689453 0.223958 0.689453 0.238281 0.692383 0.243490 0.696289 0.246094 0.697266 0.252604 0.700195 0.253906 0.703125 0.252604 0.697266 0.247396 0.698242 0.244792 0.700195 0.243490 0.705078 0.244792 0.708008 0.247396 0.709961 0.253906 0.712891 0.257812 0.723633 0.265625 0.736328 0.260417 0.747070 0.261719 0.741211 0.261719 0.740234 0.257812 0.747070 0.251302 0.749023 0.251302 0.750000 0.257812 0.751953 0.257812 0.752930 0.252604 0.755859 0.250000 0.758789 0.235677 0.758789 0.222656 0.756836 0.217448 0.754883 0.179688 0.744141 0.169271
0 0.634766 0.190104 0.625000 0.197917 0.621094 0.203125 0.611328 0.209635 0.605469 0.218750 0.603516 0.223958 0.603516 0.234375 0.602539 0.235677 0.602539 0.259115 0.604492 0.260417 0.607422 0.257812 0.610352 0.260417 0.615234 0.268229 0.617188 0.274740 0.625000 0.278646 0.630859 0.278646 0.636719 0.283854 0.640625 0.283854 0.657227 0.269531 0.666016 0.257812 0.667969 0.257812 0.670898 0.255208 0.673828 0.240885 0.677734 0.230469 0.677734 0.223958 0.674805 0.216146 0.662109 0.199219 0.653320 0.194010 0.648438 0.194010 0.640625 0.190104
0 0.673828 0.259115 0.666016 0.261719 0.658203 0.270833 0.655273 0.272135 0.648438 0.281250 0.645508 0.282552 0.640625 0.289062 0.635742 0.302083 0.636719 0.330729 0.638672 0.341146 0.647461 0.354167 0.665039 0.363281 0.678711 0.361979 0.680664 0.356771 0.688477 0.355469 0.690430 0.351562 0.696289 0.350260 0.702148 0.346354 0.705078 0.341146 0.703125 0.335938 0.703125 0.328125 0.701172 0.320312 0.697266 0.313802 0.697266 0.298177 0.694336 0.289062 0.693359 0.272135 0.678711 0.260417 0.674805 0.260417
0 0.738281 0.265625 0.732422 0.265625 0.722656 0.272135 0.720703 0.272135 0.715820 0.277344 0.708008 0.282552 0.700195 0.292969 0.699219 0.296875 0.700195 0.313802 0.706055 0.325521 0.707031 0.332031 0.708984 0.334635 0.711914 0.343750 0.710938 0.356771 0.712891 0.358073 0.713867 0.356771 0.721680 0.356771 0.729492 0.361979 0.735352 0.361979 0.748047 0.355469 0.754883 0.354167 0.763672 0.339844 0.766602 0.343750 0.767578 0.341146 0.768555 0.326823 0.771484 0.315104 0.771484 0.296875 0.762695 0.282552 0.759766 0.281250 0.751953 0.272135
0 0.618164 0.363281 0.606445 0.378906 0.604492 0.388021 0.605469 0.389323 0.606445 0.401042 0.614258 0.416667 0.617188 0.424479 0.617188 0.429688 0.622070 0.438802 0.622070 0.445312 0.621094 0.446615 0.622070 0.455729 0.629883 0.454427 0.636719 0.450521 0.644531 0.450521 0.645508 0.449219 0.649414 0.454427 0.663086 0.453125 0.668945 0.449219 0.672852 0.442708 0.672852 0.428385 0.670898 0.424479 0.670898 0.420573 0.671875 0.419271 0.673828 0.397135 0.666016 0.371094 0.659180 0.363281 0.651367 0.361979 0.643555 0.358073 0.631836 0.358073
0 0.690430 0.375000 0.680664 0.386719 0.674805 0.406250 0.675781 0.429688 0.678711 0.433594 0.681641 0.441406 0.686523 0.445312 0.689453 0.450521 0.699219 0.453125 0.704102 0.459635 0.708984 0.457031 0.713867 0.460938 0.721680 0.460938 0.722656 0.459635 0.729492 0.459635 0.731445 0.460938 0.735352 0.458333 0.741211 0.449219 0.749023 0.442708 0.751953 0.432292 0.751953 0.419271 0.746094 0.394531 0.736328 0.376302 0.729492 0.376302 0.720703 0.371094 0.699219 0.371094
0 0.764648 0.369792 0.761719 0.376302 0.761719 0.380208 0.754883 0.395833 0.754883 0.401042 0.753906 0.402344 0.753906 0.416667 0.754883 0.417969 0.754883 0.421875 0.757812 0.428385 0.762695 0.434896 0.765625 0.436198 0.771484 0.436198 0.777344 0.440104 0.793945 0.440104 0.799805 0.434896 0.811523 0.420573 0.820312 0.414062 0.821289 0.410156 0.821289 0.394531 0.819336 0.386719 0.816406 0.381510 0.814453 0.375000 0.806641 0.371094 0.802734 0.365885 0.800781 0.365885 0.797852 0.363281 0.781250 0.363281 0.780273 0.364583 0.777344 0.364583 0.776367 0.365885 0.773438 0.365885
0 0.671875 0.479167 0.669922 0.481771 0.668945 0.488281 0.662109 0.497396 0.657227 0.506510 0.657227 0.509115 0.653320 0.519531 0.652344 0.536458 0.655273 0.546875 0.662109 0.553385 0.668945 0.562500 0.679688 0.562500 0.687500 0.569010 0.691406 0.566406 0.704102 0.566406 0.708008 0.567708 0.711914 0.565104 0.720703 0.550781 0.721680 0.545573 0.723633 0.542969 0.727539 0.531250 0.728516 0.515625 0.724609 0.502604 0.715820 0.492188 0.705078 0.483073 0.699219 0.480469 0.678711 0.480469 0.677734 0.479167
0 0.757812 0.437500 0.738281 0.458333 0.736328 0.462240 0.733398 0.463542 0.732422 0.466146 0.723633 0.471354 0.721680 0.476562 0.721680 0.492188 0.728516 0.507812 0.731445 0.519531 0.740234 0.518229 0.744141 0.520833 0.750977 0.520833 0.759766 0.526042 0.770508 0.527344 0.782227 0.518229 0.787109 0.511719 0.790039 0.513021 0.793945 0.506510 0.793945 0.501302 0.794922 0.500000 0.794922 0.479167 0.789062 0.464844 0.787109 0.454427 0.779297 0.442708 0.776367 0.442708 0.771484 0.438802
0 0.613281 0.574219 0.612305 0.580729 0.610352 0.584635 0.610352 0.592448 0.609375 0.593750 0.611328 0.605469 0.613281 0.608073 0.613281 0.611979 0.618164 0.618490 0.620117 0.625000 0.630859 0.641927 0.634766 0.644531 0.638672 0.644531 0.649414 0.648438 0.662109 0.648438 0.670898 0.644531 0.678711 0.635417 0.687500 0.630208 0.689453 0.627604 0.690430 0.614583 0.685547 0.598958 0.678711 0.589844 0.670898 0.572917 0.658203 0.550781 0.645508 0.549479 0.644531 0.548177 0.632812 0.549479 0.629883 0.552083 0.628906 0.555990 0.625000 0.561198 0.621094 0.563802
0 0.737305 0.533854 0.732422 0.537760 0.727539 0.539062 0.724609 0.542969 0.723633 0.548177 0.711914 0.569010 0.711914 0.571615 0.707031 0.584635 0.704102 0.588542 0.703125 0.598958 0.702148 0.600260 0.702148 0.605469 0.705078 0.617188 0.714844 0.631510 0.733398 0.640625 0.739258 0.640625 0.746094 0.638021 0.754883 0.626302 0.759766 0.623698 0.768555 0.611979 0.770508 0.605469 0.774414 0.598958 0.774414 0.588542 0.771484 0.579427 0.771484 0.574219 0.759766 0.552083 0.754883 0.545573 0.749023 0.542969
0 0.679688 0.640625 0.655273 0.670573 0.653320 0.675781 0.647461 0.683594 0.645508 0.694010 0.648438 0.703125 0.652344 0.708333 0.653320 0.712240 0.658203 0.717448 0.666992 0.722656 0.675781 0.725260 0.698242 0.739583 0.703125 0.739583 0.711914 0.730469 0.715820 0.721354 0.725586 0.708333 0.726562 0.705729 0.725586 0.692708 0.728516 0.688802 0.728516 0.675781 0.723633 0.661458 0.710938 0.648438 0.690430 0.640625
0 0.755859 0.675781 0.752930 0.678385 0.746094 0.679688 0.735352 0.690104 0.730469 0.699219 0.726562 0.710938 0.714844 0.726562 0.713867 0.736979 0.716797 0.740885 0.719727 0.750000 0.723633 0.756510 0.726562 0.766927 0.731445 0.773438 0.745117 0.785156 0.754883 0.787760 0.761719 0.787760 0.775391 0.779948 0.780273 0.773438 0.786133 0.763021 0.791992 0.744792 0.795898 0.739583 0.795898 0.731771 0.791016 0.721354 0.786133 0.703125 0.763672 0.678385 0.759766 0.675781
0 0.684570 0.777344 0.675781 0.787760 0.672852 0.787760 0.672852 0.792969 0.667969 0.802083 0.667969 0.808594 0.665039 0.815104 0.665039 0.821615 0.658203 0.832031 0.658203 0.839844 0.665039 0.859375 0.671875 0.871094 0.684570 0.888021 0.700195 0.889323 0.712891 0.878906 0.732422 0.852865 0.735352 0.851562 0.741211 0.842448 0.740234 0.826823 0.735352 0.809896 0.735352 0.805990 0.731445 0.800781 0.727539 0.799479 0.719727 0.790365 0.708984 0.782552 0.693359 0.777344
0 0.811523 0.593750 0.805664 0.593750 0.798828 0.596354 0.789062 0.604167 0.783203 0.606771 0.776367 0.614583 0.765625 0.622396 0.755859 0.640625 0.755859 0.645833 0.764648 0.665365 0.771484 0.675781 0.781250 0.682292 0.790039 0.694010 0.808594 0.694010 0.817383 0.691406 0.833008 0.679688 0.840820 0.661458 0.840820 0.643229 0.832031 0.618490 0.816406 0.596354
0 0.802734 0.503906 0.791992 0.518229 0.788086 0.533854 0.787109 0.548177 0.789062 0.552083 0.790039 0.559896 0.792969 0.565104 0.791992 0.567708 0.792969 0.578125 0.805664 0.588542 0.817383 0.593750 0.823242 0.598958 0.831055 0.601562 0.844727 0.600260 0.854492 0.587240 0.856445 0.579427 0.859375 0.575521 0.860352 0.570312 0.863281 0.565104 0.864258 0.544271 0.862305 0.536458 0.848633 0.524740 0.838867 0.522135 0.836914 0.519531 0.828125 0.515625 0.815430 0.506510 0.809570 0.503906
0 0.822266 0.415365 0.812500 0.421875 0.793945 0.444010 0.792969 0.449219 0.794922 0.455729 0.794922 0.460938 0.797852 0.467448 0.799805 0.479167 0.805664 0.481771 0.809570 0.486979 0.811523 0.492188 0.817383 0.500000 0.821289 0.502604 0.822266 0.506510 0.832031 0.506510 0.833984 0.507812 0.838867 0.505208 0.842773 0.505208 0.847656 0.502604 0.852539 0.497396 0.858398 0.494792 0.865234 0.488281 0.867188 0.484375 0.869141 0.468750 0.872070 0.460938 0.872070 0.450521 0.860352 0.436198 0.857422 0.429688 0.833984 0.416667
