0 0.223633 0.093750 0.208008 0.093750 0.200195 0.097656 0.194336 0.104167 0.186523 0.122396 0.177734 0.131510 0.180664 0.140625 0.180664 0.149740 0.184570 0.170573 0.203125 0.197917 0.212891 0.204427 0.216797 0.203125 0.226562 0.188802 0.230469 0.186198 0.234375 0.177083 0.238281 0.171875 0.244141 0.167969 0.252930 0.156250 0.255859 0.144531 0.255859 0.126302 0.240234 0.104167 0.230469 0.096354
0 0.315430 0.080729 0.303711 0.082031 0.297852 0.087240 0.271484 0.095052 0.266602 0.100260 0.259766 0.121094 0.260742 0.127604 0.265625 0.136719 0.268555 0.151042 0.281250 0.173177 0.287109 0.178385 0.291016 0.178385 0.293945 0.183594 0.301758 0.186198 0.303711 0.184896 0.317383 0.184896 0.320312 0.179688 0.323242 0.178385 0.320312 0.174479 0.321289 0.173177 0.327148 0.173177 0.335938 0.158854 0.339844 0.154948 0.341797 0.148438 0.341797 0.123698 0.338867 0.115885 0.329102 0.100260 0.327148 0.089844
0 0.375000 0.084635 0.367188 0.092448 0.344727 0.122396 0.343750 0.126302 0.343750 0.144531 0.345703 0.149740 0.346680 0.160156 0.355469 0.174479 0.364258 0.177083 0.369141 0.182292 0.375000 0.184896 0.386719 0.184896 0.394531 0.182292 0.404297 0.171875 0.407227 0.174479 0.407227 0.182292 0.412109 0.177083 0.416016 0.166667 0.418945 0.162760 0.418945 0.141927 0.417969 0.135417 0.410156 0.111979 0.410156 0.102865 0.407227 0.096354 0.404297 0.093750 0.397461 0.092448 0.393555 0.088542 0.387695 0.085938
0 0.462891 0.157552 0.449219 0.161458 0.438477 0.161458 0.437500 0.162760 0.419922 0.165365 0.414062 0.179688 0.411133 0.183594 0.407227 0.195312 0.408203 0.217448 0.415039 0.234375 0.416992 0.236979 0.418945 0.236979 0.423828 0.244792 0.430664 0.248698 0.433594 0.252604 0.434570 0.256510 0.438477 0.259115 0.446289 0.252604 0.450195 0.253906 0.451172 0.252604 0.461914 0.252604 0.469727 0.250000 0.470703 0.246094 0.478516 0.233073 0.483398 0.218750 0.485352 0.207031 0.484375 0.192708 0.475586 0.167969
0 0.529297 0.170573 0.511719 0.171875 0.501953 0.178385 0.493164 0.190104 0.488281 0.200521 0.489258 0.236979 0.490234 0.242188 0.494141 0.248698 0.495117 0.252604 0.494141 0.256510 0.498047 0.259115 0.506836 0.269531 0.509766 0.269531 0.514648 0.273438 0.518555 0.273438 0.519531 0.274740 0.522461 0.274740 0.528320 0.269531 0.535156 0.269531 0.544922 0.264323 0.558594 0.243490 0.561523 0.235677 0.561523 0.227865 0.556641 0.214844 0.552734 0.194010 0.542969 0.179688
0 0.240234 0.173177 0.232422 0.183594 0.231445 0.191406 0.234375 0.203125 0.234375 0.214844 0.235352 0.216146 0.236328 0.227865 0.240234 0.236979 0.242188 0.246094 0.248047 0.253906 0.257812 0.260417 0.282227 0.269531 0.285156 0.268229 0.291016 0.255208 0.300781 0.244792 0.305664 0.227865 0.305664 0.205729 0.302734 0.192708 0.280273 0.178385 0.270508 0.175781 0.266602 0.171875 0.257812 0.167969 0.249023 0.167969
0 0.348633 0.171875 0.333008 0.178385 0.318359 0.187500 0.312500 0.196615 0.307617 0.210938 0.307617 0.222656 0.310547 0.226562 0.311523 0.231771 0.329102 0.255208 0.333008 0.257812 0.339844 0.266927 0.342773 0.274740 0.346680 0.278646 0.350586 0.278646 0.357422 0.269531 0.361328 0.269531 0.364258 0.266927 0.373047 0.264323 0.380859 0.253906 0.382812 0.247396 0.387695 0.242188 0.390625 0.231771 0.387695 0.212240 0.382812 0.200521 0.375000 0.191406 0.364258 0.182292 0.356445 0.178385
0 0.384766 0.247396 0.381836 0.257812 0.381836 0.265625 0.374023 0.283854 0.372070 0.294271 0.373047 0.295573 0.373047 0.305990 0.378906 0.324219 0.387695 0.335938 0.398438 0.342448 0.406250 0.342448 0.416016 0.338542 0.430664 0.335938 0.439453 0.319010 0.444336 0.302083 0.445312 0.290365 0.446289 0.289062 0.446289 0.272135 0.437500 0.261719 0.429688 0.259115 0.413086 0.248698 0.405273 0.246094 0.398438 0.246094 0.397461 0.244792
0 0.468750 0.259115 0.452148 0.276042 0.448242 0.283854 0.447266 0.295573 0.454102 0.313802 0.454102 0.320312 0.455078 0.321615 0.457031 0.337240 0.462891 0.346354 0.474609 0.351562 0.476562 0.350260 0.489258 0.348958 0.495117 0.339844 0.498047 0.338542 0.505859 0.330729 0.508789 0.324219 0.513672 0.317708 0.514648 0.295573 0.510742 0.283854 0.505859 0.276042 0.501953 0.272135 0.496094 0.269531 0.491211 0.264323 0.489258 0.264323 0.486328 0.261719 0.478516 0.261719 0.475586 0.259115
0 0.554688 0.256510 0.549805 0.263021 0.541016 0.268229 0.536133 0.274740 0.534180 0.274740 0.525391 0.285156 0.522461 0.298177 0.522461 0.309896 0.521484 0.311198 0.521484 0.324219 0.520508 0.326823 0.527344 0.341146 0.536133 0.351562 0.541992 0.355469 0.551758 0.356771 0.557617 0.359375 0.561523 0.359375 0.564453 0.356771 0.579102 0.356771 0.585938 0.345052 0.593750 0.317708 0.593750 0.300781 0.592773 0.299479 0.593750 0.287760 0.571289 0.257812 0.568359 0.256510
0 0.298828 0.250000 0.294922 0.252604 0.290039 0.260417 0.285156 0.276042 0.282227 0.279948 0.280273 0.287760 0.269531 0.311198 0.268555 0.319010 0.270508 0.328125 0.273438 0.334635 0.282227 0.346354 0.295898 0.356771 0.304688 0.359375 0.315430 0.359375 0.321289 0.355469 0.330078 0.355469 0.336914 0.350260 0.340820 0.345052 0.345703 0.324219 0.351562 0.319010 0.352539 0.315104 0.347656 0.298177 0.347656 0.294271 0.339844 0.272135 0.332031 0.260417 0.317383 0.251302 0.304688 0.250000 0.303711 0.248698
0 0.117188 0.190104 0.105469 0.207031 0.098633 0.213542 0.090820 0.229167 0.091797 0.255208 0.092773 0.236979 0.094727 0.235677 0.100586 0.260417 0.102539 0.282552 0.101562 0.290365 0.103516 0.300781 0.109375 0.304688 0.120117 0.307292 0.137695 0.305990 0.144531 0.308594 0.153320 0.308594 0.163086 0.298177 0.166016 0.291667 0.168945 0.291667 0.170898 0.289062 0.169922 0.282552 0.173828 0.276042 0.176758 0.279948 0.178711 0.269531 0.175781 0.263021 0.173828 0.248698 0.164062 0.229167 0.160156 0.214844 0.157227 0.210938 0.149414 0.209635 0.140625 0.204427 0.135742 0.204427 0.121094 0.195312 0.119141 0.190104
0 0.196289 0.260417 0.188477 0.272135 0.182617 0.292969 0.182617 0.311198 0.183594 0.312500 0.182617 0.325521 0.184570 0.328125 0.184570 0.330729 0.189453 0.334635 0.204102 0.355469 0.212891 0.361979 0.217773 0.363281 0.225586 0.363281 0.230469 0.360677 0.241211 0.361979 0.253906 0.352865 0.259766 0.343750 0.262695 0.334635 0.262695 0.319010 0.261719 0.317708 0.261719 0.308594 0.259766 0.303385 0.259766 0.294271 0.239258 0.269531 0.230469 0.261719 0.223633 0.260417 0.214844 0.253906 0.208008 0.253906
0 0.083008 0.342448 0.076172 0.351562 0.075195 0.356771 0.067383 0.372396 0.065430 0.381510 0.065430 0.415365 0.087891 0.444010 0.094727 0.449219 0.102539 0.451823 0.114258 0.451823 0.129883 0.445312 0.131836 0.440104 0.129883 0.434896 0.129883 0.417969 0.131836 0.412760 0.131836 0.407552 0.129883 0.403646 0.126953 0.404948 0.125000 0.402344 0.129883 0.395833 0.135742 0.372396 0.133789 0.359375 0.129883 0.359375 0.125977 0.355469 0.130859 0.354167 0.130859 0.350260 0.128906 0.350260 0.125000 0.345052 0.121094 0.343750 0.119141 0.339844 0.115234 0.338542 0.095703 0.337240
0 0.163086 0.376302 0.155273 0.386719 0.149414 0.401042 0.149414 0.403646 0.157227 0.415365 0.164062 0.433594 0.168945 0.441406 0.175781 0.447917 0.189453 0.454427 0.193359 0.454427 0.198242 0.457031 0.206055 0.457031 0.215820 0.450521 0.228516 0.445312 0.235352 0.438802 0.232422 0.433594 0.232422 0.429688 0.240234 0.419271 0.239258 0.398438 0.236328 0.386719 0.225586 0.372396 0.208984 0.364583 0.195312 0.363281 0.176758 0.371094 0.168945 0.372396
0 0.344727 0.364583 0.328125 0.363281 0.323242 0.365885 0.313477 0.365885 0.301758 0.378906 0.288086 0.402344 0.288086 0.410156 0.290039 0.412760 0.291992 0.430990 0.296875 0.446615 0.302734 0.455729 0.311523 0.463542 0.329102 0.464844 0.338867 0.462240 0.345703 0.458333 0.355469 0.430990 0.364258 0.419271 0.365234 0.414062 0.361328 0.408854 0.363281 0.399740 0.361328 0.388021 0.354492 0.373698
0 0.400391 0.355469 0.390625 0.363281 0.377930 0.382812 0.376953 0.401042 0.381836 0.423177 0.387695 0.436198 0.389648 0.445312 0.397461 0.447917 0.409180 0.455729 0.419922 0.459635 0.435547 0.457031 0.451172 0.440104 0.456055 0.421875 0.455078 0.402344 0.449219 0.378906 0.448242 0.369792 0.443359 0.364583 0.438477 0.364583 0.436523 0.361979 0.428711 0.358073 0.424805 0.358073 0.415039 0.354167
0 0.480469 0.352865 0.469727 0.360677 0.461914 0.368490 0.455078 0.390625 0.455078 0.394531 0.457031 0.399740 0.457031 0.412760 0.460938 0.428385 0.468750 0.438802 0.484375 0.447917 0.495117 0.447917 0.496094 0.449219 0.499023 0.449219 0.502930 0.446615 0.509766 0.436198 0.510742 0.432292 0.513672 0.429688 0.519531 0.414062 0.519531 0.411458 0.521484 0.407552 0.521484 0.397135 0.520508 0.395833 0.519531 0.386719 0.517578 0.384115 0.516602 0.378906 0.509766 0.363281 0.504883 0.358073 0.497070 0.352865 0.492188 0.352865 0.491211 0.351562
0 0.637695 0.278646 0.630859 0.278646 0.629883 0.279948 0.623047 0.279948 0.617188 0.282552 0.606445 0.283854 0.599609 0.286458 0.595703 0.290365 0.594727 0.305990 0.596680 0.313802 0.597656 0.335938 0.601562 0.354167 0.604492 0.360677 0.609375 0.367188 0.614258 0.369792 0.618164 0.375000 0.623047 0.375000 0.625977 0.372396 0.630859 0.371094 0.647461 0.360677 0.649414 0.360677 0.653320 0.356771 0.659180 0.356771 0.664062 0.350260 0.665039 0.345052 0.665039 0.324219 0.661133 0.308594 0.656250 0.298177 0.650391 0.292969 0.641602 0.281250
0 0.532227 0.368490 0.528320 0.381510 0.525391 0.386719 0.525391 0.403646 0.527344 0.406250 0.531250 0.417969 0.535156 0.423177 0.547852 0.433594 0.551758 0.433594 0.558594 0.437500 0.571289 0.451823 0.585938 0.450521 0.589844 0.446615 0.593750 0.445312 0.601562 0.433594 0.605469 0.417969 0.605469 0.399740 0.599609 0.384115 0.592773 0.373698 0.588867 0.371094 0.584961 0.365885 0.578125 0.361979 0.575195 0.361979 0.572266 0.364583 0.562500 0.365885 0.553711 0.361979 0.543945 0.360677 0.538086 0.363281
0 0.665039 0.316406 0.664062 0.319010 0.666992 0.328125 0.666992 0.354167 0.664062 0.365885 0.664062 0.372396 0.662109 0.376302 0.662109 0.385417 0.674805 0.403646 0.677734 0.406250 0.680664 0.406250 0.685547 0.411458 0.692383 0.412760 0.697266 0.408854 0.699219 0.408854 0.703125 0.402344 0.711914 0.393229 0.722656 0.371094 0.719727 0.334635 0.715820 0.324219 0.711914 0.319010 0.704102 0.315104 0.696289 0.313802 0.695312 0.312500 0.687500 0.312500 0.680664 0.315104 0.668945 0.315104 0.667969 0.316406
0 0.637695 0.382812 0.630859 0.386719 0.623047 0.386719 0.615234 0.398438 0.613281 0.403646 0.613281 0.407552 0.609375 0.412760 0.609375 0.420573 0.612305 0.425781 0.612305 0.429688 0.609375 0.434896 0.609375 0.442708 0.608398 0.444010 0.610352 0.449219 0.610352 0.455729 0.614258 0.463542 0.628906 0.479167 0.632812 0.485677 0.637695 0.489583 0.642578 0.489583 0.652344 0.483073 0.683594 0.444010 0.683594 0.433594 0.677734 0.412760 0.672852 0.403646 0.664062 0.391927 0.658203 0.386719 0.652344 0.386719 0.651367 0.385417
0 0.133789 0.466146 0.127930 0.475260 0.122070 0.479167 0.120117 0.485677 0.121094 0.515625 0.123047 0.524740 0.126953 0.532552 0.128906 0.542969 0.152344 0.558594 0.160156 0.559896 0.181641 0.549479 0.184570 0.544271 0.193359 0.536458 0.195312 0.532552 0.185547 0.509115 0.184570 0.500000 0.181641 0.489583 0.178711 0.484375 0.177734 0.472656 0.172852 0.468750 0.168945 0.468750 0.166016 0.464844 0.164062 0.464844 0.162109 0.460938 0.159180 0.462240 0.145508 0.460938
0 0.251953 0.434896 0.250000 0.438802 0.248047 0.438802 0.243164 0.445312 0.242188 0.451823 0.238281 0.457031 0.231445 0.473958 0.224609 0.485677 0.225586 0.496094 0.231445 0.506510 0.236328 0.519531 0.244141 0.527344 0.253906 0.526042 0.262695 0.522135 0.290039 0.520833 0.295898 0.513021 0.297852 0.507812 0.297852 0.501302 0.299805 0.494792 0.305664 0.483073 0.306641 0.476562 0.304688 0.470052 0.298828 0.464844 0.297852 0.455729 0.294922 0.453125 0.293945 0.449219 0.291992 0.451823 0.289062 0.449219 0.290039 0.444010 0.284180 0.441406 0.276367 0.441406 0.269531 0.437500 0.266602 0.437500 0.263672 0.440104 0.258789 0.440104 0.257812 0.433594
0 0.337891 0.466146 0.322266 0.471354 0.314453 0.481771 0.304688 0.490885 0.300781 0.503906 0.299805 0.540365 0.303711 0.553385 0.308594 0.561198 0.314453 0.562500 0.321289 0.570312 0.330078 0.574219 0.346680 0.575521 0.361328 0.567708 0.364258 0.563802 0.365234 0.553385 0.371094 0.533854 0.371094 0.518229 0.372070 0.516927 0.373047 0.500000 0.371094 0.492188 0.367188 0.484375 0.357422 0.472656 0.346680 0.467448
0 0.198242 0.557292 0.188477 0.557292 0.179688 0.562500 0.175781 0.562500 0.166992 0.566406 0.164062 0.565104 0.158203 0.566406 0.154297 0.569010 0.149414 0.575521 0.146484 0.584635 0.146484 0.602865 0.150391 0.615885 0.158203 0.627604 0.166992 0.638021 0.173828 0.641927 0.192383 0.640625 0.208984 0.632812 0.209961 0.627604 0.213867 0.623698 0.220703 0.609375 0.220703 0.606771 0.222656 0.602865 0.221680 0.583333 0.216797 0.579427 0.208984 0.567708
0 0.248047 0.535156 0.242188 0.541667 0.238281 0.550781 0.229492 0.563802 0.227539 0.569010 0.226562 0.576823 0.228516 0.584635 0.229492 0.606771 0.235352 0.617188 0.243164 0.623698 0.253906 0.626302 0.261719 0.630208 0.266602 0.630208 0.269531 0.632812 0.273438 0.632812 0.274414 0.634115 0.282227 0.631510 0.288086 0.622396 0.288086 0.610677 0.289062 0.609375 0.291016 0.584635 0.295898 0.572917 0.295898 0.566406 0.296875 0.565104 0.295898 0.553385 0.287109 0.540365 0.275391 0.532552 0.271484 0.531250 0.257812 0.531250 0.250977 0.535156
0 0.269531 0.652344 0.260742 0.640625 0.241211 0.626302 0.237305 0.625000 0.223633 0.626302 0.217773 0.630208 0.210938 0.639323 0.200195 0.647135 0.196289 0.652344 0.192383 0.664062 0.192383 0.670573 0.194336 0.677083 0.192383 0.700521 0.201172 0.716146 0.205078 0.717448 0.220703 0.717448 0.229492 0.720052 0.248047 0.720052 0.258789 0.710938 0.260742 0.699219 0.265625 0.684896 0.266602 0.677083 0.270508 0.673177 0.272461 0.666667 0.272461 0.658854
0 0.274414 0.675781 0.266602 0.688802 0.265625 0.694010 0.263672 0.696615 0.261719 0.707031 0.261719 0.713542 0.260742 0.714844 0.261719 0.736979 0.265625 0.751302 0.267578 0.753906 0.274414 0.757812 0.292969 0.760417 0.297852 0.763021 0.302734 0.763021 0.309570 0.765625 0.315430 0.764323 0.325195 0.752604 0.333984 0.726562 0.334961 0.712240 0.333984 0.710938 0.333008 0.699219 0.330078 0.692708 0.322266 0.682292 0.314453 0.683594 0.305664 0.678385 0.288086 0.678385 0.283203 0.675781 0.280273 0.677083
0 0.305664 0.567708 0.296875 0.596354 0.296875 0.611979 0.294922 0.619792 0.295898 0.632812 0.297852 0.635417 0.301758 0.636719 0.307617 0.645833 0.310547 0.647135 0.316406 0.653646 0.321289 0.656250 0.325195 0.656250 0.326172 0.657552 0.342773 0.657552 0.343750 0.656250 0.347656 0.656250 0.353516 0.652344 0.356445 0.647135 0.356445 0.643229 0.358398 0.638021 0.359375 0.617188 0.362305 0.602865 0.362305 0.593750 0.359375 0.582031 0.353516 0.575521 0.342773 0.576823 0.341797 0.578125 0.333008 0.576823 0.330078 0.574219 0.327148 0.574219 0.318359 0.569010 0.314453 0.563802 0.310547 0.563802
0 0.438477 0.625000 0.429688 0.625000 0.423828 0.630208 0.419922 0.631510 0.416992 0.627604 0.404297 0.627604 0.399414 0.625000 0.388672 0.625000 0.375977 0.647135 0.371094 0.664062 0.372070 0.670573 0.371094 0.686198 0.372070 0.687500 0.372070 0.695312 0.375000 0.703125 0.377930 0.707031 0.384766 0.710938 0.391602 0.718750 0.402344 0.723958 0.407227 0.730469 0.413086 0.730469 0.417969 0.723958 0.434570 0.716146 0.442383 0.705729 0.444336 0.700521 0.444336 0.692708 0.448242 0.683594 0.450195 0.674479 0.450195 0.664062 0.444336 0.643229 0.444336 0.638021 0.440430 0.631510
0 0.399414 0.531250 0.395508 0.540365 0.390625 0.541667 0.382812 0.552083 0.382812 0.555990 0.380859 0.561198 0.375977 0.561198 0.373047 0.557292 0.371094 0.574219 0.368164 0.579427 0.370117 0.597656 0.374023 0.606771 0.383789 0.618490 0.392578 0.622396 0.404297 0.623698 0.405273 0.625000 0.423828 0.623698 0.442383 0.598958 0.446289 0.589844 0.447266 0.574219 0.445312 0.570312 0.443359 0.550781 0.440430 0.546875 0.438477 0.540365 0.435547 0.537760 0.431641 0.537760 0.426758 0.531250 0.422852 0.532552 0.415039 0.532552 0.414062 0.531250 0.402344 0.532552
0 0.474609 0.725260 0.469727 0.730469 0.464844 0.733073 0.454102 0.747396 0.451172 0.756510 0.447266 0.761719 0.442383 0.764323 0.441406 0.766927 0.442383 0.783854 0.446289 0.792969 0.450195 0.795573 0.451172 0.805990 0.458008 0.805990 0.461914 0.808594 0.467773 0.808594 0.472656 0.811198 0.476562 0.811198 0.477539 0.809896 0.499023 0.811198 0.505859 0.805990 0.517578 0.791667 0.520508 0.782552 0.520508 0.778646 0.518555 0.776042 0.518555 0.772135 0.516602 0.766927 0.516602 0.751302 0.509766 0.744792 0.505859 0.736979 0.498047 0.729167 0.492188 0.726562
0 0.458008 0.436198 0.455078 0.437500 0.452148 0.442708 0.437500 0.459635 0.423828 0.463542 0.419922 0.472656 0.418945 0.496094 0.420898 0.507812 0.424805 0.516927 0.424805 0.519531 0.431641 0.528646 0.442383 0.537760 0.455078 0.542969 0.461914 0.542969 0.470703 0.539062 0.480469 0.531250 0.487305 0.528646 0.490234 0.523438 0.492188 0.507812 0.496094 0.498698 0.497070 0.479167 0.496094 0.477865 0.496094 0.471354 0.487305 0.453125 0.475586 0.444010 0.472656 0.444010
0 0.514648 0.513021 0.507812 0.513021 0.502930 0.510417 0.495117 0.510417 0.493164 0.514323 0.491211 0.526042 0.481445 0.537760 0.478516 0.537760 0.471680 0.542969 0.462891 0.562500 0.461914 0.566406 0.462891 0.589844 0.473633 0.604167 0.482422 0.610677 0.492188 0.610677 0.493164 0.609375 0.504883 0.608073 0.526367 0.595052 0.529297 0.589844 0.529297 0.580729 0.534180 0.561198 0.534180 0.540365 0.533203 0.536458 0.525391 0.522135
0 0.524414 0.602865 0.516602 0.605469 0.511719 0.610677 0.506836 0.611979 0.504883 0.614583 0.496094 0.613281 0.495117 0.614583 0.486328 0.615885 0.485352 0.618490 0.485352 0.640625 0.488281 0.653646 0.493164 0.665365 0.493164 0.667969 0.499023 0.679688 0.509766 0.695312 0.514648 0.699219 0.518555 0.699219 0.519531 0.700521 0.526367 0.700521 0.534180 0.695312 0.548828 0.675781 0.549805 0.671875 0.553711 0.667969 0.554688 0.662760 0.554688 0.652344 0.553711 0.651042 0.552734 0.639323 0.547852 0.627604 0.546875 0.618490 0.539062 0.609375 0.533203 0.605469 0.527344 0.605469
0 0.547852 0.686198 0.543945 0.690104 0.545898 0.692708 0.543945 0.696615 0.537109 0.697917 0.528320 0.705729 0.513672 0.703125 0.509766 0.710938 0.513672 0.718750 0.515625 0.717448 0.518555 0.718750 0.517578 0.734375 0.519531 0.742188 0.524414 0.752604 0.523438 0.757812 0.525391 0.760417 0.528320 0.759115 0.533203 0.770833 0.538086 0.774740 0.552734 0.776042 0.560547 0.773438 0.568359 0.768229 0.579102 0.752604 0.581055 0.744792 0.581055 0.739583 0.578125 0.733073 0.578125 0.730469 0.574219 0.723958 0.570312 0.708333 0.566406 0.700521 0.555664 0.686198 0.553711 0.688802
0 0.528320 0.429688 0.517578 0.437500 0.514648 0.437500 0.504883 0.450521 0.503906 0.454427 0.500977 0.458333 0.499023 0.466146 0.500000 0.485677 0.508789 0.498698 0.512695 0.501302 0.519531 0.510417 0.525391 0.515625 0.526367 0.518229 0.532227 0.522135 0.538086 0.528646 0.544922 0.532552 0.547852 0.532552 0.556641 0.524740 0.565430 0.511719 0.572266 0.488281 0.571289 0.472656 0.567383 0.463542 0.555664 0.444010 0.537109 0.432292
0 0.564453 0.522135 0.555664 0.527344 0.542969 0.540365 0.541992 0.546875 0.537109 0.552083 0.535156 0.563802 0.536133 0.597656 0.544922 0.611979 0.552734 0.617188 0.563477 0.630208 0.571289 0.635417 0.579102 0.636719 0.583984 0.634115 0.586914 0.630208 0.593750 0.627604 0.600586 0.622396 0.616211 0.606771 0.618164 0.596354 0.618164 0.583333 0.614258 0.567708 0.607422 0.558594 0.582031 0.533854 0.572266 0.527344 0.569336 0.523438
0 0.622070 0.654948 0.621094 0.656250 0.607422 0.656250 0.606445 0.657552 0.600586 0.657552 0.599609 0.658854 0.594727 0.658854 0.588867 0.664062 0.586914 0.667969 0.585938 0.674479 0.581055 0.679688 0.581055 0.682292 0.578125 0.687500 0.578125 0.692708 0.580078 0.697917 0.580078 0.716146 0.581055 0.716146 0.585938 0.722656 0.585938 0.723958 0.590820 0.730469 0.591797 0.734375 0.595703 0.738281 0.614258 0.736979 0.617188 0.734375 0.622070 0.733073 0.625000 0.730469 0.627930 0.725260 0.627930 0.720052 0.630859 0.712240 0.631836 0.671875 0.625977 0.662760 0.625000 0.657552
0 0.593750 0.746094 0.586914 0.755208 0.580078 0.759115 0.570312 0.770833 0.563477 0.783854 0.563477 0.787760 0.561523 0.794271 0.561523 0.800781 0.567383 0.811198 0.572266 0.824219 0.581055 0.837240 0.583008 0.842448 0.590820 0.850260 0.603516 0.850260 0.604492 0.848958 0.611328 0.847656 0.614258 0.843750 0.615234 0.839844 0.615234 0.829427 0.623047 0.812500 0.624023 0.799479 0.626953 0.789062 0.626953 0.782552 0.622070 0.770833 0.612305 0.755208 0.611328 0.750000 0.607422 0.746094
0 0.639648 0.738281 0.633789 0.742188 0.632812 0.747396 0.625000 0.761719 0.625000 0.770833 0.631836 0.790365 0.634766 0.811198 0.639648 0.828125 0.647461 0.841146 0.650391 0.842448 0.652344 0.841146 0.663086 0.841146 0.674805 0.834635 0.680664 0.826823 0.689453 0.819010 0.692383 0.808594 0.691406 0.789062 0.687500 0.777344 0.681641 0.768229 0.679688 0.761719 0.677734 0.760417 0.672852 0.761719 0.668945 0.759115 0.666016 0.759115 0.660156 0.755208 0.648438 0.739583 0.646484 0.738281
0 0.673828 0.841146 0.672852 0.846354 0.670898 0.848958 0.668945 0.848958 0.667969 0.851562 0.667969 0.858073 0.670898 0.871094 0.669922 0.873698 0.670898 0.882812 0.672852 0.885417 0.672852 0.888021 0.681641 0.899740 0.683594 0.899740 0.690430 0.906250 0.695312 0.907552 0.700195 0.912760 0.704102 0.912760 0.708984 0.908854 0.720703 0.904948 0.726562 0.897135 0.744141 0.863281 0.744141 0.860677 0.740234 0.854167 0.723633 0.842448 0.722656 0.843750 0.708008 0.843750 0.704102 0.841146 0.696289 0.841146 0.685547 0.847656 0.681641 0.841146 0.682617 0.838542 0.684570 0.838542 0.686523 0.835938 0.684570 0.833333 0.680664 0.834635 0.678711 0.839844
0 0.766602 0.824219 0.765625 0.829427 0.760742 0.835938 0.754883 0.847656 0.750977 0.851562 0.748047 0.860677 0.746094 0.875000 0.749023 0.891927 0.761719 0.908854 0.765625 0.912760 0.772461 0.915365 0.774414 0.917969 0.785156 0.919271 0.794922 0.914062 0.799805 0.914062 0.800781 0.912760 0.814453 0.914062 0.818359 0.906250 0.818359 0.901042 0.820312 0.894531 0.820312 0.886719 0.808594 0.860677 0.808594 0.858073 0.803711 0.846354 0.792969 0.830729 0.784180 0.824219 0.776367 0.822917 0.775391 0.821615
0 0.712891 0.761719 0.711914 0.763021 0.711914 0.770833 0.709961 0.773438 0.710938 0.774740 0.709961 0.781250 0.708008 0.783854 0.706055 0.782552 0.704102 0.783854 0.704102 0.790365 0.702148 0.796875 0.702148 0.804688 0.706055 0.811198 0.708008 0.811198 0.710938 0.815104 0.710938 0.820312 0.714844 0.822917 0.719727 0.830729 0.736328 0.850260 0.740234 0.850260 0.741211 0.851562 0.748047 0.850260 0.755859 0.841146 0.763672 0.821615 0.763672 0.817708 0.765625 0.811198 0.765625 0.796875 0.762695 0.782552 0.759766 0.778646 0.755859 0.769531 0.751953 0.765625 0.745117 0.766927 0.744141 0.768229 0.740234 0.765625 0.729492 0.765625 0.727539 0.768229 0.724609 0.768229 0.723633 0.766927 0.725586 0.763021 0.724609 0.761719 0.721680 0.761719 0.720703 0.763021 0.713867 0.763021
0 0.672852 0.661458 0.661133 0.666667 0.652344 0.673177 0.647461 0.674479 0.641602 0.684896 0.641602 0.690104 0.639648 0.695312 0.637695 0.707031 0.639648 0.716146 0.647461 0.729167 0.651367 0.740885 0.656250 0.747396 0.666016 0.755208 0.676758 0.756510 0.677734 0.757812 0.684570 0.757812 0.688477 0.755208 0.692383 0.750000 0.698242 0.738281 0.704102 0.723958 0.706055 0.707031 0.707031 0.705729 0.703125 0.697917 0.703125 0.694010 0.698242 0.687500 0.690430 0.667969 0.687500 0.664062 0.681641 0.661458
0 0.659180 0.574219 0.651367 0.574219 0.650391 0.572917 0.649414 0.574219 0.645508 0.574219 0.636719 0.579427 0.626953 0.589844 0.621094 0.592448 0.619141 0.605469 0.617188 0.610677 0.613281 0.615885 0.610352 0.617188 0.611328 0.622396 0.616211 0.626302 0.616211 0.636719 0.618164 0.639323 0.618164 0.641927 0.633789 0.669271 0.641602 0.670573 0.647461 0.667969 0.657227 0.666667 0.670898 0.654948 0.679688 0.639323 0.682617 0.623698 0.676758 0.597656 0.671875 0.587240 0.666992 0.580729
0 0.605469 0.492188 0.602539 0.500000 0.595703 0.506510 0.590820 0.516927 0.590820 0.526042 0.589844 0.527344 0.590820 0.529948 0.595703 0.528646 0.597656 0.532552 0.594727 0.539062 0.594727 0.542969 0.597656 0.544271 0.601562 0.550781 0.616211 0.565104 0.619141 0.565104 0.624023 0.569010 0.626953 0.569010 0.636719 0.574219 0.641602 0.574219 0.645508 0.571615 0.654297 0.561198 0.659180 0.549479 0.660156 0.519531 0.661133 0.518229 0.661133 0.511719 0.655273 0.502604 0.646484 0.496094 0.640625 0.494792 0.630859 0.488281 0.622070 0.488281 0.617188 0.492188 0.612305 0.503906 0.612305 0.506510 0.610352 0.509115 0.606445 0.502604 0.606445 0.497396 0.608398 0.492188 0.607422 0.490885
0 0.721680 0.411458 0.712891 0.407552 0.708008 0.407552 0.698242 0.414062 0.698242 0.420573 0.697266 0.423177 0.691406 0.430990 0.688477 0.432292 0.686523 0.434896 0.685547 0.444010 0.672852 0.462240 0.671875 0.464844 0.671875 0.479167 0.675781 0.489583 0.681641 0.496094 0.689453 0.496094 0.698242 0.501302 0.704102 0.501302 0.717773 0.489583 0.730469 0.471354 0.732422 0.463542 0.732422 0.457031 0.733398 0.455729 0.733398 0.442708 0.732422 0.441406 0.732422 0.436198 0.730469 0.428385
0 0.790039 0.429688 0.782227 0.429688 0.762695 0.449219 0.760742 0.453125 0.758789 0.453125 0.755859 0.455729 0.756836 0.462240 0.753906 0.470052 0.753906 0.479167 0.754883 0.480469 0.753906 0.496094 0.750000 0.501302 0.769531 0.527344 0.774414 0.527344 0.782227 0.522135 0.789062 0.513021 0.791016 0.513021 0.793945 0.509115 0.798828 0.506510 0.809570 0.496094 0.815430 0.493490 0.818359 0.488281 0.819336 0.480469 0.821289 0.475260 0.820312 0.467448 0.815430 0.462240 0.812500 0.455729 0.806641 0.447917 0.804688 0.447917 0.800781 0.442708 0.797852 0.434896
0 0.700195 0.506510 0.697266 0.511719 0.693359 0.513021 0.694336 0.515625 0.693359 0.519531 0.691406 0.519531 0.689453 0.516927 0.685547 0.518229 0.687500 0.522135 0.686523 0.527344 0.672852 0.542969 0.673828 0.548177 0.669922 0.558594 0.666992 0.555990 0.666016 0.532552 0.665039 0.535156 0.666016 0.542969 0.665039 0.559896 0.666016 0.569010 0.670898 0.579427 0.698242 0.600260 0.708984 0.601562 0.717773 0.598958 0.731445 0.588542 0.734375 0.584635 0.734375 0.570312 0.732422 0.563802 0.730469 0.536458 0.725586 0.522135 0.713867 0.511719 0.704102 0.506510
0 0.719727 0.511719 0.719727 0.514323 0.727539 0.523438 0.731445 0.535156 0.731445 0.542969 0.733398 0.550781 0.733398 0.561198 0.734375 0.562500 0.735352 0.576823 0.736328 0.578125 0.735352 0.582031 0.735352 0.589844 0.744141 0.593750 0.752930 0.593750 0.758789 0.589844 0.760742 0.589844 0.767578 0.584635 0.767578 0.569010 0.768555 0.567708 0.768555 0.553385 0.769531 0.552083 0.769531 0.537760 0.770508 0.536458 0.770508 0.531250 0.759766 0.518229 0.752930 0.514323 0.750977 0.510417 0.744141 0.503906 0.735352 0.503906 0.729492 0.506510 0.724609 0.510417
0 0.736328 0.596354 0.728516 0.593750 0.720703 0.600260 0.701172 0.608073 0.696289 0.611979 0.687500 0.627604 0.684570 0.639323 0.687500 0.658854 0.692383 0.667969 0.696289 0.679688 0.708008 0.696615 0.713867 0.696615 0.726562 0.680990 0.742188 0.665365 0.756836 0.647135 0.757812 0.638021 0.752930 0.627604 0.751953 0.617188 0.750000 0.611979 0.744141 0.602865
0 0.817383 0.496094 0.813477 0.497396 0.806641 0.502604 0.805664 0.505208 0.801758 0.506510 0.795898 0.513021 0.794922 0.518229 0.791016 0.516927 0.784180 0.523438 0.782227 0.527344 0.782227 0.545573 0.778320 0.557292 0.778320 0.566406 0.781250 0.571615 0.781250 0.574219 0.784180 0.578125 0.791016 0.583333 0.793945 0.582031 0.801758 0.592448 0.812500 0.592448 0.820312 0.596354 0.828125 0.596354 0.833008 0.593750 0.835938 0.589844 0.836914 0.585938 0.845703 0.570312 0.845703 0.567708 0.848633 0.563802 0.850586 0.557292 0.857422 0.544271 0.857422 0.535156 0.854492 0.529948 0.852539 0.519531 0.848633 0.511719 0.845703 0.510417 0.833008 0.510417 0.825195 0.501302 0.823242 0.501302 0.820312 0.497396
0 0.764648 0.589844 0.763672 0.591146 0.767578 0.596354 0.771484 0.596354 0.775391 0.601562 0.772461 0.605469 0.774414 0.610677 0.772461 0.618490 0.770508 0.619792 0.767578 0.614583 0.765625 0.622396 0.759766 0.632812 0.761719 0.638021 0.761719 0.654948 0.763672 0.661458 0.778320 0.680990 0.782227 0.683594 0.822266 0.679688 0.826172 0.673177 0.830078 0.658854 0.830078 0.638021 0.825195 0.621094 0.820312 0.614583 0.812500 0.609375 0.799805 0.595052 0.797852 0.595052 0.784180 0.584635 0.775391 0.583333 0.770508 0.588542
0 0.750977 0.667969 0.749023 0.671875 0.743164 0.674479 0.735352 0.680990 0.734375 0.686198 0.738281 0.687500 0.741211 0.694010 0.740234 0.695312 0.736328 0.692708 0.735352 0.694010 0.735352 0.736979 0.734375 0.740885 0.741211 0.747396 0.750977 0.753906 0.752930 0.753906 0.754883 0.756510 0.758789 0.757812 0.764648 0.763021 0.772461 0.763021 0.780273 0.756510 0.783203 0.751302 0.788086 0.736979 0.791992 0.721354 0.791016 0.712240 0.790039 0.710938 0.790039 0.700521 0.788086 0.694010 0.785156 0.690104 0.777344 0.684896 0.767578 0.673177 0.760742 0.667969 0.756836 0.667969 0.755859 0.669271
0 0.815430 0.729167 0.811523 0.727865 0.805664 0.722656 0.794922 0.720052 0.791016 0.729167 0.787109 0.746094 0.784180 0.752604 0.774414 0.764323 0.764648 0.766927 0.763672 0.781250 0.766602 0.789062 0.767578 0.798177 0.768555 0.800781 0.777344 0.809896 0.783203 0.809896 0.784180 0.811198 0.799805 0.811198 0.809570 0.807292 0.813477 0.803385 0.818359 0.802083 0.821289 0.799479 0.822266 0.792969 0.825195 0.787760 0.829102 0.774740 0.833008 0.768229 0.833008 0.760417 0.828125 0.747396 0.822266 0.739583 0.821289 0.735677
0 0.829102 0.785156 0.826172 0.787760 0.824219 0.796875 0.819336 0.803385 0.817383 0.803385 0.810547 0.808594 0.800781 0.812500 0.798828 0.817708 0.798828 0.822917 0.799805 0.824219 0.799805 0.832031 0.802734 0.835938 0.803711 0.839844 0.808594 0.846354 0.814453 0.851562 0.817383 0.851562 0.818359 0.852865 0.825195 0.852865 0.829102 0.856771 0.832031 0.856771 0.835938 0.854167 0.840820 0.846354 0.841797 0.846354 0.846680 0.839844 0.852539 0.834635 0.857422 0.821615 0.863281 0.812500 0.864258 0.809896 0.864258 0.803385 0.862305 0.799479 0.856445 0.795573 0.853516 0.795573 0.847656 0.790365 0.845703 0.790365 0.844727 0.789062 0.838867 0.789062 0.832031 0.785156
0 0.874023 0.678385 0.871094 0.678385 0.869141 0.684896 0.876953 0.695312 0.873047 0.699219 0.868164 0.699219 0.867188 0.704427 0.864258 0.708333 0.861328 0.703125 0.852539 0.707031 0.848633 0.716146 0.844727 0.721354 0.844727 0.734375 0.845703 0.735677 0.843750 0.740885 0.841797 0.743490 0.839844 0.743490 0.839844 0.752604 0.842773 0.759115 0.849609 0.763021 0.855469 0.764323 0.863281 0.770833 0.869141 0.770833 0.888672 0.763021 0.899414 0.747396 0.901367 0.736979 0.905273 0.731771 0.908203 0.730469 0.910156 0.726562 0.910156 0.721354 0.903320 0.700521 0.892578 0.688802
0 0.837891 0.593750 0.836914 0.596354 0.839844 0.596354 0.841797 0.598958 0.841797 0.601562 0.838867 0.605469 0.836914 0.611979 0.829102 0.621094 0.829102 0.628906 0.831055 0.632812 0.832031 0.652344 0.833008 0.654948 0.836914 0.660156 0.844727 0.661458 0.856445 0.666667 0.862305 0.666667 0.863281 0.667969 0.874023 0.667969 0.875977 0.666667 0.886719 0.651042 0.892578 0.639323 0.896484 0.634115 0.900391 0.622396 0.900391 0.608073 0.901367 0.606771 0.899414 0.601562 0.893555 0.596354 0.884766 0.596354 0.881836 0.595052 0.871094 0.584635 0.862305 0.584635 0.861328 0.583333 0.857422 0.587240 0.848633 0.592448 0.840820 0.592448
0 0.934570 0.626302 0.933594 0.627604 0.934570 0.628906 0.934570 0.632812 0.931641 0.636719 0.927734 0.638021 0.916016 0.648438 0.913086 0.658854 0.909180 0.665365 0.909180 0.677083 0.906250 0.686198 0.906250 0.692708 0.908203 0.695312 0.910156 0.695312 0.913086 0.699219 0.916992 0.701823 0.918945 0.701823 0.920898 0.704427 0.922852 0.704427 0.927734 0.708333 0.929688 0.708333 0.937500 0.713542 0.945312 0.713542 0.953125 0.709635 0.958984 0.697917 0.958984 0.695312 0.960938 0.690104 0.961914 0.678385 0.963867 0.673177 0.963867 0.670573 0.962891 0.669271 0.962891 0.656250 0.958984 0.648438 0.951172 0.638021 0.940430 0.630208 0.939453 0.627604
