0 0.118164 0.098958 0.109375 0.109375 0.103516 0.113281 0.097656 0.121094 0.095703 0.126302 0.094727 0.134115 0.090820 0.140625 0.090820 0.149740 0.097656 0.161458 0.098633 0.166667 0.103516 0.178385 0.111328 0.188802 0.125977 0.195312 0.133789 0.195312 0.134766 0.194010 0.143555 0.192708 0.146484 0.188802 0.148438 0.180990 0.152344 0.171875 0.153320 0.158854 0.139648 0.135417 0.138672 0.131510 0.127930 0.110677 0.127930 0.108073 0.123047 0.100260
0 0.079102 0.216146 0.075195 0.216146 0.072266 0.218750 0.070312 0.218750 0.051758 0.231771 0.039062 0.242188 0.037109 0.247396 0.037109 0.265625 0.036133 0.266927 0.037109 0.270833 0.047852 0.286458 0.049805 0.291667 0.047852 0.304688 0.052734 0.304688 0.055664 0.303385 0.057617 0.300781 0.060547 0.300781 0.065430 0.298177 0.075195 0.296875 0.081055 0.291667 0.083984 0.291667 0.092773 0.286458 0.095703 0.282552 0.096680 0.276042 0.093750 0.266927 0.092773 0.246094 0.088867 0.235677 0.084961 0.230469 0.084961 0.225260 0.083008 0.222656 0.082031 0.218750
0 0.090820 0.295573 0.082031 0.300781 0.080078 0.303385 0.074219 0.307292 0.071289 0.311198 0.071289 0.316406 0.072266 0.317708 0.071289 0.335938 0.072266 0.337240 0.072266 0.342448 0.073242 0.343750 0.073242 0.351562 0.074219 0.352865 0.074219 0.355469 0.077148 0.359375 0.077148 0.360677 0.083984 0.369792 0.085938 0.371094 0.091797 0.371094 0.092773 0.372396 0.094727 0.372396 0.098633 0.376302 0.106445 0.376302 0.112305 0.368490 0.116211 0.365885 0.121094 0.364583 0.125977 0.360677 0.126953 0.358073 0.126953 0.341146 0.124023 0.334635 0.115234 0.324219 0.114258 0.324219 0.108398 0.316406 0.105469 0.309896 0.095703 0.296875
0 0.125977 0.250000 0.125000 0.251302 0.118164 0.253906 0.115234 0.256510 0.111328 0.263021 0.110352 0.276042 0.109375 0.277344 0.108398 0.289062 0.106445 0.295573 0.106445 0.308594 0.111328 0.317708 0.116211 0.324219 0.120117 0.326823 0.125977 0.334635 0.135742 0.334635 0.136719 0.333333 0.140625 0.333333 0.141602 0.332031 0.146484 0.330729 0.148438 0.328125 0.148438 0.325521 0.153320 0.319010 0.157227 0.311198 0.158203 0.305990 0.156250 0.302083 0.156250 0.292969 0.154297 0.287760 0.154297 0.283854 0.147461 0.266927 0.141602 0.259115 0.137695 0.257812 0.134766 0.253906 0.130859 0.251302 0.127930 0.251302
0 0.205078 0.184896 0.199219 0.184896 0.198242 0.186198 0.196289 0.186198 0.193359 0.194010 0.189453 0.199219 0.179688 0.205729 0.179688 0.207031 0.176758 0.212240 0.176758 0.216146 0.175781 0.217448 0.175781 0.223958 0.176758 0.225260 0.176758 0.227865 0.182617 0.236979 0.182617 0.238281 0.191406 0.250000 0.193359 0.255208 0.196289 0.259115 0.199219 0.259115 0.200195 0.257812 0.200195 0.252604 0.202148 0.247396 0.206055 0.242188 0.211914 0.238281 0.215820 0.233073 0.219727 0.230469 0.221680 0.230469 0.225586 0.226562 0.223633 0.220052 0.218750 0.212240 0.215820 0.201823 0.208984 0.192708 0.208008 0.188802
0 0.247070 0.240885 0.245117 0.242188 0.239258 0.242188 0.235352 0.236979 0.234375 0.238281 0.217773 0.238281 0.216797 0.239583 0.210938 0.240885 0.208008 0.244792 0.205078 0.246094 0.202148 0.253906 0.202148 0.266927 0.208008 0.282552 0.209961 0.294271 0.212891 0.303385 0.212891 0.307292 0.217773 0.316406 0.218750 0.320312 0.225586 0.321615 0.226562 0.320312 0.242188 0.320312 0.248047 0.316406 0.251953 0.317708 0.255859 0.313802 0.260742 0.304688 0.260742 0.287760 0.256836 0.274740 0.256836 0.268229 0.250977 0.259115 0.250977 0.256510 0.246094 0.246094 0.247070 0.244792
0 0.270508 0.141927 0.265625 0.149740 0.254883 0.162760 0.250000 0.173177 0.250000 0.179688 0.251953 0.186198 0.264648 0.204427 0.267578 0.212240 0.272461 0.218750 0.273438 0.222656 0.280273 0.231771 0.285156 0.231771 0.286133 0.233073 0.291016 0.231771 0.293945 0.227865 0.293945 0.225260 0.297852 0.220052 0.303711 0.218750 0.308594 0.214844 0.308594 0.212240 0.312500 0.204427 0.312500 0.200521 0.308594 0.191406 0.308594 0.183594 0.305664 0.179688 0.301758 0.166667 0.295898 0.158854 0.296875 0.152344 0.293945 0.145833 0.293945 0.143229 0.276367 0.143229 0.275391 0.141927
0 0.297852 0.221354 0.294922 0.230469 0.286133 0.242188 0.283203 0.248698 0.282227 0.255208 0.277344 0.261719 0.277344 0.269531 0.281250 0.274740 0.288086 0.290365 0.293945 0.299479 0.296875 0.300781 0.300781 0.305990 0.301758 0.309896 0.305664 0.312500 0.310547 0.311198 0.318359 0.315104 0.319336 0.313802 0.327148 0.312500 0.333984 0.308594 0.341797 0.298177 0.340820 0.294271 0.342773 0.289062 0.342773 0.281250 0.344727 0.273438 0.341797 0.264323 0.339844 0.261719 0.342773 0.256510 0.342773 0.242188 0.341797 0.239583 0.332031 0.229167 0.323242 0.223958 0.307617 0.223958 0.303711 0.221354
0 0.286133 0.305990 0.282227 0.309896 0.281250 0.313802 0.279297 0.316406 0.277344 0.316406 0.275391 0.319010 0.272461 0.315104 0.271484 0.315104 0.266602 0.322917 0.266602 0.325521 0.265625 0.326823 0.265625 0.348958 0.266602 0.350260 0.266602 0.354167 0.270508 0.367188 0.277344 0.377604 0.279297 0.378906 0.284180 0.378906 0.285156 0.380208 0.290039 0.380208 0.291016 0.381510 0.295898 0.382812 0.303711 0.373698 0.303711 0.372396 0.309570 0.364583 0.310547 0.360677 0.313477 0.356771 0.314453 0.356771 0.317383 0.348958 0.323242 0.339844 0.324219 0.337240 0.324219 0.330729 0.318359 0.321615 0.318359 0.320312 0.313477 0.320312 0.310547 0.317708 0.305664 0.316406 0.301758 0.312500 0.294922 0.311198 0.290039 0.305990
0 0.347656 0.321615 0.344727 0.321615 0.340820 0.324219 0.340820 0.330729 0.337891 0.332031 0.333984 0.338542 0.328125 0.338542 0.325195 0.341146 0.325195 0.347656 0.324219 0.348958 0.323242 0.358073 0.318359 0.365885 0.317383 0.369792 0.318359 0.376302 0.326172 0.390625 0.327148 0.394531 0.333984 0.403646 0.336914 0.404948 0.346680 0.403646 0.352539 0.399740 0.357422 0.398438 0.359375 0.395833 0.365234 0.394531 0.373047 0.389323 0.377930 0.382812 0.380859 0.373698 0.380859 0.371094 0.375000 0.364583 0.371094 0.356771 0.373047 0.350260 0.361328 0.335938 0.360352 0.332031 0.357422 0.329427 0.355469 0.324219 0.351562 0.324219
0 0.291992 0.384115 0.290039 0.384115 0.289062 0.382812 0.284180 0.382812 0.279297 0.385417 0.272461 0.395833 0.272461 0.397135 0.262695 0.410156 0.260742 0.415365 0.253906 0.424479 0.252930 0.424479 0.250977 0.428385 0.252930 0.438802 0.256836 0.446615 0.259766 0.450521 0.260742 0.450521 0.264648 0.455729 0.266602 0.460938 0.269531 0.463542 0.274414 0.463542 0.275391 0.462240 0.279297 0.462240 0.280273 0.460938 0.284180 0.460938 0.285156 0.459635 0.292969 0.459635 0.293945 0.458333 0.297852 0.458333 0.300781 0.449219 0.307617 0.438802 0.307617 0.430990 0.306641 0.429688 0.306641 0.423177 0.308594 0.419271 0.308594 0.406250 0.307617 0.404948 0.307617 0.402344 0.300781 0.391927
0 0.206055 0.315104 0.202148 0.319010 0.198242 0.317708 0.186523 0.320312 0.178711 0.328125 0.168945 0.329427 0.160156 0.333333 0.160156 0.339844 0.162109 0.345052 0.162109 0.355469 0.164062 0.365885 0.170898 0.381510 0.175781 0.386719 0.176758 0.390625 0.180664 0.395833 0.183594 0.397135 0.197266 0.397135 0.208984 0.393229 0.215820 0.385417 0.220703 0.373698 0.220703 0.360677 0.224609 0.351562 0.224609 0.348958 0.216797 0.334635 0.212891 0.334635 0.209961 0.330729 0.199219 0.329427 0.191406 0.325521 0.193359 0.322917 0.196289 0.322917 0.199219 0.320312 0.208008 0.319010
0 0.151367 0.356771 0.142578 0.358073 0.134766 0.364583 0.127930 0.364583 0.126953 0.363281 0.122070 0.367188 0.117188 0.368490 0.110352 0.373698 0.110352 0.376302 0.105469 0.386719 0.105469 0.394531 0.108398 0.398438 0.110352 0.406250 0.117188 0.421875 0.128906 0.436198 0.133789 0.438802 0.135742 0.441406 0.138672 0.441406 0.139648 0.442708 0.147461 0.442708 0.152344 0.440104 0.156250 0.436198 0.161133 0.427083 0.165039 0.430990 0.168945 0.428385 0.171875 0.415365 0.170898 0.386719 0.163086 0.372396 0.161133 0.364583 0.159180 0.363281 0.149414 0.363281 0.147461 0.360677 0.149414 0.356771
0 0.060547 0.365885 0.048828 0.375000 0.040039 0.386719 0.033203 0.401042 0.029297 0.412760 0.029297 0.424479 0.042969 0.445312 0.045898 0.446615 0.062500 0.462240 0.067383 0.464844 0.072266 0.460938 0.080078 0.441406 0.081055 0.433594 0.087891 0.408854 0.079102 0.397135 0.078125 0.393229 0.076172 0.391927 0.076172 0.389323 0.071289 0.389323 0.070312 0.386719 0.071289 0.385417 0.080078 0.386719 0.081055 0.391927 0.086914 0.395833 0.089844 0.394531 0.089844 0.391927 0.082031 0.381510 0.078125 0.380208 0.075195 0.376302 0.075195 0.373698 0.072266 0.375000 0.066406 0.365885
0 0.036133 0.466146 0.034180 0.477865 0.030273 0.485677 0.030273 0.503906 0.028320 0.507812 0.029297 0.509115 0.029297 0.513021 0.031250 0.516927 0.035156 0.519531 0.040039 0.519531 0.046875 0.526042 0.051758 0.528646 0.060547 0.528646 0.065430 0.531250 0.069336 0.531250 0.070312 0.529948 0.076172 0.528646 0.080078 0.524740 0.084961 0.522135 0.088867 0.514323 0.090820 0.513021 0.090820 0.502604 0.085938 0.502604 0.083984 0.498698 0.084961 0.490885 0.083984 0.489583 0.080078 0.490885 0.078125 0.486979 0.076172 0.486979 0.070312 0.483073 0.067383 0.477865 0.065430 0.477865 0.064453 0.475260 0.066406 0.473958 0.067383 0.471354 0.055664 0.458333 0.052734 0.457031 0.043945 0.458333
0 0.068359 0.536458 0.068359 0.553385 0.073242 0.567708 0.073242 0.574219 0.077148 0.579427 0.079102 0.579427 0.083984 0.583333 0.089844 0.584635 0.094727 0.588542 0.099609 0.588542 0.100586 0.587240 0.104492 0.587240 0.105469 0.585938 0.110352 0.585938 0.111328 0.584635 0.122070 0.580729 0.125977 0.576823 0.126953 0.571615 0.124023 0.566406 0.124023 0.553385 0.122070 0.549479 0.122070 0.544271 0.121094 0.541667 0.120117 0.541667 0.113281 0.532552 0.111328 0.528646 0.111328 0.526042 0.106445 0.524740 0.105469 0.526042 0.092773 0.526042 0.091797 0.527344 0.087891 0.524740 0.086914 0.526042 0.083984 0.526042 0.081055 0.528646 0.079102 0.528646 0.074219 0.532552 0.072266 0.532552
0 0.122070 0.444010 0.115234 0.451823 0.111328 0.460938 0.111328 0.471354 0.115234 0.481771 0.116211 0.488281 0.119141 0.496094 0.127930 0.507812 0.130859 0.510417 0.132812 0.510417 0.134766 0.513021 0.142578 0.518229 0.160156 0.509115 0.161133 0.507812 0.161133 0.500000 0.158203 0.494792 0.151367 0.476562 0.151367 0.468750 0.152344 0.467448 0.153320 0.460938 0.155273 0.457031 0.155273 0.454427 0.145508 0.445312 0.141602 0.445312 0.140625 0.444010 0.132812 0.444010 0.129883 0.441406 0.128906 0.442708
0 0.162109 0.445312 0.160156 0.450521 0.157227 0.454427 0.154297 0.462240 0.154297 0.464844 0.152344 0.470052 0.152344 0.476562 0.154297 0.479167 0.158203 0.490885 0.161133 0.494792 0.164062 0.502604 0.168945 0.505208 0.178711 0.505208 0.179688 0.506510 0.183594 0.506510 0.187500 0.509115 0.198242 0.509115 0.199219 0.507812 0.204102 0.507812 0.208984 0.502604 0.209961 0.498698 0.212891 0.493490 0.213867 0.483073 0.210938 0.479167 0.210938 0.475260 0.208984 0.471354 0.208984 0.463542 0.208008 0.460938 0.205078 0.459635 0.200195 0.451823 0.197266 0.451823 0.193359 0.449219 0.182617 0.447917 0.181641 0.446615 0.174805 0.445312 0.173828 0.444010 0.169922 0.446615 0.164062 0.446615
0 0.145508 0.523438 0.141602 0.529948 0.141602 0.537760 0.140625 0.539062 0.140625 0.544271 0.141602 0.545573 0.140625 0.570312 0.142578 0.575521 0.149414 0.582031 0.156250 0.585938 0.181641 0.587240 0.185547 0.584635 0.187500 0.580729 0.187500 0.576823 0.186523 0.575521 0.187500 0.571615 0.190430 0.566406 0.193359 0.554688 0.190430 0.544271 0.184570 0.535156 0.174805 0.529948 0.172852 0.526042 0.166992 0.524740 0.165039 0.520833 0.168945 0.515625 0.172852 0.520833 0.177734 0.519531 0.182617 0.514323 0.187500 0.513021 0.184570 0.511719 0.183594 0.513021 0.180664 0.513021 0.179688 0.511719 0.166016 0.511719 0.163086 0.515625 0.155273 0.520833
0 0.129883 0.579427 0.129883 0.582031 0.128906 0.583333 0.128906 0.588542 0.129883 0.589844 0.129883 0.600260 0.133789 0.606771 0.134766 0.610677 0.137695 0.614583 0.141602 0.626302 0.145508 0.632812 0.151367 0.628906 0.157227 0.628906 0.158203 0.630208 0.167969 0.630208 0.172852 0.634115 0.175781 0.634115 0.180664 0.636719 0.180664 0.632812 0.184570 0.627604 0.186523 0.618490 0.187500 0.617188 0.185547 0.611979 0.185547 0.608073 0.184570 0.606771 0.183594 0.595052 0.180664 0.589844 0.178711 0.588542 0.169922 0.589844 0.166016 0.587240 0.157227 0.587240 0.156250 0.585938 0.153320 0.585938 0.147461 0.580729 0.144531 0.579427 0.142578 0.576823 0.140625 0.576823 0.139648 0.575521 0.133789 0.576823
0 0.211914 0.572917 0.208984 0.579427 0.208984 0.588542 0.208008 0.589844 0.208984 0.610677 0.211914 0.610677 0.213867 0.613281 0.220703 0.614583 0.228516 0.621094 0.233398 0.627604 0.235352 0.627604 0.236328 0.628906 0.239258 0.628906 0.240234 0.630208 0.249023 0.630208 0.250977 0.628906 0.254883 0.622396 0.256836 0.617188 0.257812 0.608073 0.260742 0.605469 0.261719 0.600260 0.263672 0.596354 0.263672 0.578125 0.262695 0.575521 0.257812 0.574219 0.255859 0.571615 0.255859 0.559896 0.251953 0.557292 0.231445 0.558594 0.227539 0.563802 0.224609 0.565104 0.222656 0.567708 0.217773 0.569010
0 0.293945 0.630208 0.290039 0.628906 0.289062 0.627604 0.278320 0.627604 0.277344 0.628906 0.272461 0.628906 0.271484 0.630208 0.255859 0.630208 0.250977 0.634115 0.250977 0.639323 0.250000 0.640625 0.250000 0.644531 0.249023 0.645833 0.250000 0.658854 0.250977 0.660156 0.250977 0.664062 0.255859 0.669271 0.255859 0.670573 0.257812 0.673177 0.258789 0.678385 0.263672 0.678385 0.268555 0.683594 0.268555 0.686198 0.269531 0.687500 0.272461 0.687500 0.273438 0.686198 0.276367 0.686198 0.277344 0.684896 0.283203 0.684896 0.284180 0.683594 0.288086 0.683594 0.291016 0.679688 0.293945 0.678385 0.295898 0.675781 0.301758 0.660156 0.301758 0.645833 0.299805 0.640625 0.297852 0.638021 0.296875 0.634115
0 0.322266 0.641927 0.317383 0.648438 0.309570 0.664062 0.307617 0.670573 0.304688 0.675781 0.304688 0.687500 0.306641 0.692708 0.312500 0.699219 0.316406 0.701823 0.318359 0.701823 0.323242 0.705729 0.325195 0.705729 0.326172 0.707031 0.341797 0.707031 0.342773 0.705729 0.344727 0.705729 0.346680 0.703125 0.349609 0.701823 0.360352 0.684896 0.362305 0.662760 0.359375 0.658854 0.359375 0.656250 0.356445 0.649740 0.356445 0.645833 0.360352 0.643229 0.357422 0.640625 0.349609 0.640625 0.348633 0.641927 0.340820 0.641927 0.339844 0.643229 0.327148 0.641927 0.326172 0.640625
0 0.389648 0.713542 0.385742 0.708333 0.384766 0.708333 0.381836 0.704427 0.377930 0.701823 0.369141 0.701823 0.364258 0.705729 0.361328 0.705729 0.358398 0.708333 0.355469 0.708333 0.354492 0.709635 0.352539 0.709635 0.349609 0.707031 0.346680 0.710938 0.345703 0.710938 0.338867 0.721354 0.338867 0.726562 0.340820 0.730469 0.340820 0.733073 0.342773 0.735677 0.341797 0.740885 0.344727 0.746094 0.344727 0.747396 0.345703 0.747396 0.352539 0.755208 0.356445 0.752604 0.361328 0.752604 0.362305 0.753906 0.370117 0.753906 0.371094 0.752604 0.377930 0.752604 0.378906 0.751302 0.382812 0.751302 0.385742 0.747396 0.388672 0.739583 0.388672 0.736979 0.390625 0.731771 0.390625 0.727865 0.391602 0.726562 0.391602 0.720052 0.389648 0.716146
0 0.407227 0.709635 0.404297 0.713542 0.400391 0.712240 0.398438 0.714844 0.396484 0.720052 0.396484 0.723958 0.395508 0.725260 0.395508 0.730469 0.394531 0.731771 0.394531 0.738281 0.393555 0.739583 0.393555 0.743490 0.392578 0.744792 0.392578 0.755208 0.394531 0.760417 0.396484 0.763021 0.402344 0.766927 0.404297 0.766927 0.410156 0.770833 0.412109 0.770833 0.417969 0.766927 0.420898 0.766927 0.421875 0.765625 0.423828 0.765625 0.427734 0.763021 0.431641 0.757812 0.435547 0.755208 0.438477 0.751302 0.437500 0.748698 0.437500 0.739583 0.438477 0.738281 0.438477 0.735677 0.440430 0.730469 0.436523 0.723958 0.431641 0.722656 0.425781 0.718750 0.423828 0.716146 0.418945 0.714844 0.415039 0.709635
0 0.442383 0.759115 0.436523 0.759115 0.435547 0.760417 0.433594 0.760417 0.431641 0.763021 0.430664 0.763021 0.425781 0.766927 0.418945 0.768229 0.412109 0.773438 0.412109 0.774740 0.411133 0.776042 0.411133 0.778646 0.410156 0.779948 0.410156 0.789062 0.409180 0.790365 0.409180 0.800781 0.410156 0.802083 0.411133 0.805990 0.414062 0.809896 0.414062 0.811198 0.415039 0.811198 0.418945 0.815104 0.435547 0.815104 0.436523 0.813802 0.438477 0.813802 0.439453 0.812500 0.442383 0.811198 0.447266 0.804688 0.447266 0.803385 0.450195 0.798177 0.450195 0.790365 0.451172 0.789062 0.450195 0.787760 0.450195 0.785156 0.449219 0.783854 0.448242 0.774740 0.444336 0.768229 0.444336 0.763021 0.442383 0.760417
0 0.457031 0.804688 0.457031 0.808594 0.454102 0.813802 0.454102 0.821615 0.451172 0.825521 0.451172 0.828125 0.450195 0.830729 0.451172 0.832031 0.451172 0.834635 0.455078 0.837240 0.458984 0.843750 0.460938 0.843750 0.464844 0.846354 0.468750 0.846354 0.469727 0.847656 0.475586 0.847656 0.476562 0.848958 0.480469 0.848958 0.481445 0.847656 0.491211 0.847656 0.493164 0.845052 0.494141 0.845052 0.496094 0.842448 0.500000 0.839844 0.501953 0.834635 0.501953 0.809896 0.500977 0.808594 0.500000 0.809896 0.492188 0.809896 0.491211 0.808594 0.489258 0.808594 0.488281 0.807292 0.485352 0.807292 0.484375 0.805990 0.481445 0.805990 0.480469 0.804688 0.472656 0.804688 0.471680 0.803385 0.465820 0.803385 0.464844 0.804688 0.459961 0.804688 0.458008 0.803385
0 0.499023 0.746094 0.490234 0.746094 0.489258 0.744792 0.475586 0.744792 0.474609 0.743490 0.470703 0.743490 0.468750 0.744792 0.461914 0.755208 0.458984 0.751302 0.458008 0.751302 0.458008 0.752604 0.456055 0.755208 0.455078 0.755208 0.453125 0.759115 0.453125 0.769531 0.450195 0.777344 0.451172 0.785156 0.456055 0.795573 0.458984 0.799479 0.462891 0.800781 0.463867 0.802083 0.472656 0.802083 0.473633 0.803385 0.479492 0.803385 0.480469 0.802083 0.482422 0.802083 0.489258 0.792969 0.494141 0.790365 0.502930 0.777344 0.502930 0.773438 0.504883 0.768229 0.501953 0.761719 0.500977 0.756510 0.498047 0.752604 0.500000 0.747396
0 0.504883 0.667969 0.493164 0.667969 0.489258 0.670573 0.486328 0.670573 0.485352 0.671875 0.480469 0.673177 0.476562 0.677083 0.473633 0.678385 0.469727 0.684896 0.469727 0.691406 0.465820 0.699219 0.465820 0.701823 0.466797 0.703125 0.466797 0.705729 0.468750 0.708333 0.470703 0.714844 0.473633 0.720052 0.473633 0.723958 0.475586 0.727865 0.475586 0.736979 0.477539 0.740885 0.484375 0.740885 0.485352 0.742188 0.491211 0.742188 0.492188 0.743490 0.503906 0.742188 0.506836 0.739583 0.514648 0.718750 0.516602 0.716146 0.521484 0.703125 0.522461 0.694010 0.520508 0.688802 0.516602 0.683594 0.514648 0.678385 0.514648 0.675781 0.512695 0.673177
0 0.446289 0.618490 0.442383 0.623698 0.440430 0.623698 0.439453 0.622396 0.438477 0.623698 0.437500 0.627604 0.435547 0.630208 0.432617 0.638021 0.433594 0.643229 0.432617 0.644531 0.432617 0.651042 0.431641 0.652344 0.431641 0.657552 0.430664 0.658854 0.430664 0.674479 0.431641 0.677083 0.436523 0.682292 0.448242 0.683594 0.454102 0.687500 0.459961 0.687500 0.461914 0.684896 0.467773 0.680990 0.468750 0.678385 0.474609 0.671875 0.476562 0.666667 0.482422 0.658854 0.482422 0.652344 0.483398 0.651042 0.482422 0.639323 0.481445 0.636719 0.477539 0.632812 0.473633 0.632812 0.472656 0.631510 0.470703 0.631510 0.467773 0.627604 0.465820 0.626302 0.462891 0.626302 0.454102 0.619792
0 0.391602 0.627604 0.389648 0.630208 0.389648 0.632812 0.388672 0.634115 0.388672 0.638021 0.387695 0.639323 0.387695 0.645833 0.386719 0.647135 0.386719 0.652344 0.385742 0.653646 0.385742 0.658854 0.384766 0.660156 0.384766 0.665365 0.383789 0.666667 0.383789 0.675781 0.384766 0.678385 0.386719 0.679688 0.390625 0.684896 0.392578 0.684896 0.400391 0.690104 0.409180 0.690104 0.410156 0.688802 0.415039 0.687500 0.417969 0.684896 0.419922 0.684896 0.423828 0.679688 0.423828 0.673177 0.426758 0.666667 0.426758 0.664062 0.428711 0.658854 0.428711 0.647135 0.427734 0.645833 0.427734 0.639323 0.426758 0.638021 0.423828 0.643229 0.421875 0.640625 0.421875 0.638021 0.419922 0.635417 0.417969 0.635417 0.415039 0.631510 0.413086 0.631510 0.412109 0.632812 0.408203 0.630208 0.400391 0.628906 0.399414 0.627604
0 0.318359 0.585938 0.317383 0.596354 0.314453 0.601562 0.314453 0.604167 0.313477 0.605469 0.313477 0.610677 0.314453 0.613281 0.315430 0.613281 0.321289 0.621094 0.321289 0.622396 0.324219 0.626302 0.326172 0.631510 0.326172 0.634115 0.328125 0.636719 0.330078 0.638021 0.333984 0.638021 0.334961 0.639323 0.344727 0.639323 0.345703 0.638021 0.350586 0.638021 0.351562 0.636719 0.357422 0.635417 0.366211 0.627604 0.366211 0.625000 0.368164 0.621094 0.368164 0.609375 0.369141 0.608073 0.369141 0.601562 0.370117 0.600260 0.368164 0.598958 0.364258 0.602865 0.362305 0.601562 0.351562 0.587240 0.350586 0.583333 0.344727 0.576823 0.334961 0.576823 0.333984 0.578125 0.329102 0.579427 0.326172 0.583333 0.322266 0.580729
0 0.286133 0.526042 0.279297 0.531250 0.274414 0.537760 0.274414 0.539062 0.267578 0.548177 0.267578 0.553385 0.268555 0.553385 0.271484 0.557292 0.272461 0.563802 0.275391 0.571615 0.279297 0.578125 0.280273 0.582031 0.283203 0.583333 0.286133 0.587240 0.294922 0.593750 0.300781 0.593750 0.301758 0.595052 0.303711 0.593750 0.306641 0.593750 0.310547 0.591146 0.317383 0.582031 0.318359 0.578125 0.321289 0.572917 0.321289 0.567708 0.314453 0.552083 0.313477 0.552083 0.310547 0.548177 0.305664 0.545573 0.302734 0.541667 0.298828 0.539062 0.292969 0.531250 0.290039 0.529948
0 0.254883 0.481771 0.243164 0.481771 0.241211 0.484375 0.233398 0.485677 0.232422 0.486979 0.229492 0.486979 0.228516 0.485677 0.213867 0.498698 0.212891 0.506510 0.213867 0.507812 0.213867 0.511719 0.217773 0.527344 0.221680 0.532552 0.220703 0.536458 0.221680 0.542969 0.222656 0.542969 0.225586 0.548177 0.230469 0.552083 0.232422 0.552083 0.235352 0.554688 0.244141 0.553385 0.261719 0.537760 0.266602 0.535156 0.271484 0.528646 0.270508 0.524740 0.268555 0.524740 0.266602 0.522135 0.267578 0.518229 0.265625 0.515625 0.265625 0.511719 0.263672 0.506510 0.259766 0.502604 0.257812 0.498698 0.255859 0.497396 0.251953 0.497396 0.249023 0.492188 0.249023 0.490885 0.251953 0.488281 0.252930 0.489583 0.257812 0.488281 0.257812 0.485677
0 0.291016 0.479167 0.287109 0.485677 0.284180 0.493490 0.284180 0.498698 0.283203 0.500000 0.283203 0.507812 0.284180 0.509115 0.284180 0.513021 0.286133 0.516927 0.286133 0.523438 0.288086 0.526042 0.295898 0.531250 0.298828 0.535156 0.303711 0.537760 0.308594 0.544271 0.313477 0.548177 0.317383 0.548177 0.323242 0.544271 0.325195 0.544271 0.333008 0.539062 0.336914 0.533854 0.337891 0.533854 0.338867 0.529948 0.341797 0.524740 0.341797 0.516927 0.340820 0.515625 0.339844 0.509115 0.333984 0.501302 0.326172 0.496094 0.324219 0.496094 0.310547 0.483073 0.307617 0.481771 0.304688 0.477865 0.302734 0.477865 0.300781 0.475260 0.302734 0.472656 0.305664 0.471354 0.305664 0.470052 0.300781 0.470052 0.298828 0.471354 0.296875 0.475260
0 0.321289 0.427083 0.316406 0.432292 0.314453 0.432292 0.310547 0.434896 0.310547 0.438802 0.309570 0.440104 0.309570 0.462240 0.312500 0.468750 0.312500 0.471354 0.310547 0.473958 0.310547 0.480469 0.314453 0.485677 0.324219 0.492188 0.327148 0.496094 0.332031 0.498698 0.334961 0.498698 0.335938 0.497396 0.337891 0.497396 0.345703 0.488281 0.349609 0.485677 0.354492 0.479167 0.357422 0.477865 0.364258 0.468750 0.364258 0.451823 0.360352 0.441406 0.357422 0.441406 0.353516 0.437500 0.348633 0.436198 0.346680 0.433594 0.344727 0.433594 0.343750 0.432292 0.333008 0.430990 0.332031 0.429688 0.329102 0.429688 0.326172 0.427083
0 0.397461 0.380208 0.384766 0.382812 0.382812 0.385417 0.380859 0.385417 0.375000 0.389323 0.373047 0.391927 0.371094 0.391927 0.367188 0.394531 0.362305 0.402344 0.363281 0.434896 0.364258 0.436198 0.364258 0.444010 0.365234 0.445312 0.365234 0.447917 0.367188 0.453125 0.375000 0.460938 0.377930 0.460938 0.382812 0.464844 0.390625 0.463542 0.393555 0.458333 0.400391 0.453125 0.404297 0.451823 0.408203 0.446615 0.412109 0.444010 0.414062 0.440104 0.416992 0.419271 0.418945 0.415365 0.418945 0.411458 0.419922 0.410156 0.419922 0.406250 0.416992 0.397135 0.410156 0.388021 0.406250 0.386719 0.403320 0.384115 0.401367 0.384115
0 0.417969 0.458333 0.408203 0.458333 0.407227 0.459635 0.402344 0.459635 0.401367 0.460938 0.396484 0.462240 0.394531 0.463542 0.388672 0.475260 0.388672 0.483073 0.389648 0.484375 0.390625 0.492188 0.392578 0.496094 0.392578 0.500000 0.394531 0.506510 0.394531 0.511719 0.396484 0.516927 0.396484 0.522135 0.398438 0.528646 0.417969 0.528646 0.422852 0.524740 0.424805 0.524740 0.432617 0.519531 0.438477 0.510417 0.438477 0.507812 0.439453 0.506510 0.438477 0.505208 0.439453 0.492188 0.436523 0.486979 0.436523 0.484375 0.437500 0.483073 0.437500 0.479167 0.436523 0.476562 0.432617 0.476562 0.430664 0.477865 0.420898 0.466146 0.419922 0.460938
0 0.465820 0.388021 0.459961 0.386719 0.454102 0.389323 0.448242 0.389323 0.447266 0.390625 0.440430 0.390625 0.437500 0.391927 0.430664 0.401042 0.429688 0.404948 0.424805 0.411458 0.421875 0.412760 0.417969 0.428385 0.417969 0.445312 0.422852 0.462240 0.426758 0.467448 0.435547 0.472656 0.451172 0.472656 0.454102 0.475260 0.458984 0.475260 0.470703 0.458333 0.473633 0.457031 0.479492 0.450521 0.480469 0.446615 0.480469 0.437500 0.481445 0.436198 0.481445 0.416667 0.479492 0.412760 0.479492 0.410156 0.477539 0.407552 0.470703 0.403646 0.471680 0.395833 0.469727 0.394531
0 0.478516 0.457031 0.473633 0.460938 0.473633 0.463542 0.471680 0.466146 0.466797 0.468750 0.455078 0.483073 0.455078 0.485677 0.454102 0.486979 0.454102 0.503906 0.456055 0.510417 0.458984 0.514323 0.466797 0.520833 0.472656 0.522135 0.478516 0.526042 0.480469 0.526042 0.484375 0.528646 0.487305 0.528646 0.488281 0.529948 0.495117 0.529948 0.500000 0.527344 0.505859 0.518229 0.505859 0.515625 0.506836 0.514323 0.506836 0.507812 0.507812 0.506510 0.507812 0.490885 0.509766 0.486979 0.509766 0.481771 0.508789 0.480469 0.506836 0.480469 0.504883 0.477865 0.504883 0.475260 0.501953 0.472656 0.501953 0.470052 0.500977 0.468750 0.498047 0.470052 0.492188 0.463542 0.491211 0.463542 0.488281 0.459635 0.488281 0.455729 0.485352 0.455729 0.484375 0.457031
0 0.391602 0.531250 0.391602 0.533854 0.387695 0.546875 0.387695 0.557292 0.386719 0.559896 0.387695 0.561198 0.387695 0.566406 0.388672 0.567708 0.388672 0.572917 0.389648 0.574219 0.389648 0.585938 0.395508 0.595052 0.395508 0.596354 0.408203 0.596354 0.409180 0.595052 0.415039 0.595052 0.416016 0.593750 0.429688 0.592448 0.434570 0.589844 0.436523 0.587240 0.436523 0.583333 0.435547 0.582031 0.435547 0.570312 0.434570 0.569010 0.434570 0.563802 0.432617 0.558594 0.432617 0.553385 0.431641 0.552083 0.430664 0.545573 0.427734 0.540365 0.425781 0.540365 0.422852 0.537760 0.426758 0.533854 0.423828 0.531250
0 0.459961 0.518229 0.442383 0.520833 0.439453 0.526042 0.438477 0.532552 0.435547 0.537760 0.433594 0.544271 0.434570 0.545573 0.434570 0.557292 0.435547 0.558594 0.435547 0.566406 0.436523 0.567708 0.436523 0.580729 0.437500 0.582031 0.437500 0.584635 0.442383 0.592448 0.451172 0.597656 0.458008 0.597656 0.461914 0.592448 0.471680 0.585938 0.473633 0.585938 0.478516 0.580729 0.479492 0.576823 0.481445 0.574219 0.481445 0.569010 0.482422 0.567708 0.482422 0.549479 0.478516 0.541667 0.477539 0.537760 0.466797 0.522135 0.464844 0.522135
0 0.516602 0.532552 0.514648 0.533854 0.518555 0.539062 0.513672 0.544271 0.496094 0.545573 0.495117 0.546875 0.491211 0.546875 0.490234 0.545573 0.485352 0.562500 0.485352 0.571615 0.489258 0.578125 0.493164 0.595052 0.506836 0.610677 0.508789 0.611979 0.513672 0.611979 0.514648 0.613281 0.517578 0.613281 0.525391 0.608073 0.529297 0.608073 0.531250 0.606771 0.535156 0.601562 0.539062 0.598958 0.545898 0.584635 0.545898 0.567708 0.544922 0.565104 0.541992 0.562500 0.536133 0.553385 0.531250 0.549479 0.525391 0.540365 0.523438 0.540365
0 0.544922 0.601562 0.539062 0.601562 0.528320 0.610677 0.524414 0.610677 0.516602 0.615885 0.513672 0.615885 0.512695 0.614583 0.506836 0.613281 0.505859 0.611979 0.500977 0.614583 0.499023 0.619792 0.499023 0.634115 0.498047 0.635417 0.499023 0.648438 0.501953 0.654948 0.508789 0.664062 0.512695 0.666667 0.520508 0.667969 0.525391 0.671875 0.529297 0.671875 0.531250 0.670573 0.534180 0.665365 0.544922 0.658854 0.549805 0.653646 0.555664 0.640625 0.555664 0.638021 0.556641 0.636719 0.556641 0.627604 0.555664 0.626302 0.555664 0.621094 0.553711 0.614583
0 0.582031 0.675781 0.578125 0.669271 0.572266 0.666667 0.567383 0.660156 0.567383 0.658854 0.562500 0.657552 0.560547 0.654948 0.555664 0.654948 0.554688 0.656250 0.552734 0.656250 0.548828 0.658854 0.546875 0.661458 0.541016 0.664062 0.538086 0.667969 0.535156 0.669271 0.531250 0.675781 0.531250 0.684896 0.530273 0.686198 0.530273 0.701823 0.528320 0.705729 0.528320 0.710938 0.529297 0.713542 0.531250 0.714844 0.536133 0.714844 0.537109 0.713542 0.544922 0.713542 0.545898 0.714844 0.569336 0.714844 0.570312 0.713542 0.572266 0.713542 0.577148 0.708333 0.580078 0.701823 0.580078 0.684896 0.582031 0.679688
0 0.589844 0.705729 0.583008 0.703125 0.581055 0.704427 0.574219 0.714844 0.570312 0.716146 0.567383 0.718750 0.563477 0.718750 0.560547 0.716146 0.549805 0.716146 0.548828 0.717448 0.546875 0.717448 0.544922 0.720052 0.544922 0.750000 0.545898 0.751302 0.545898 0.755208 0.549805 0.764323 0.551758 0.764323 0.552734 0.765625 0.556641 0.765625 0.559570 0.768229 0.562500 0.768229 0.563477 0.769531 0.577148 0.768229 0.583008 0.764323 0.589844 0.763021 0.595703 0.755208 0.597656 0.751302 0.597656 0.739583 0.595703 0.733073 0.595703 0.723958 0.594727 0.722656 0.594727 0.718750 0.593750 0.717448 0.592773 0.710938
0 0.507812 0.764323 0.507812 0.765625 0.506836 0.766927 0.506836 0.769531 0.507812 0.770833 0.507812 0.774740 0.506836 0.776042 0.506836 0.781250 0.507812 0.782552 0.507812 0.783854 0.508789 0.783854 0.509766 0.785156 0.511719 0.785156 0.512695 0.786458 0.517578 0.789062 0.519531 0.791667 0.521484 0.791667 0.522461 0.792969 0.524414 0.792969 0.525391 0.794271 0.527344 0.794271 0.528320 0.795573 0.530273 0.795573 0.531250 0.796875 0.535156 0.796875 0.536133 0.798177 0.537109 0.798177 0.538086 0.796875 0.540039 0.796875 0.541016 0.795573 0.541992 0.795573 0.542969 0.794271 0.544922 0.794271 0.545898 0.792969 0.545898 0.791667 0.547852 0.789062 0.547852 0.787760 0.552734 0.776042 0.552734 0.769531 0.553711 0.768229 0.552734 0.766927 0.550781 0.766927 0.546875 0.761719 0.546875 0.759115 0.545898 0.757812 0.544922 0.751302 0.541992 0.747396 0.534180 0.747396 0.533203 0.748698 0.528320 0.750000 0.519531 0.756510 0.517578 0.756510 0.514648 0.759115 0.512695 0.759115 0.511719 0.760417 0.510742 0.760417
0 0.507812 0.787760 0.507812 0.789062 0.506836 0.790365 0.506836 0.794271 0.505859 0.795573 0.505859 0.798177 0.503906 0.802083 0.503906 0.816406 0.502930 0.817708 0.502930 0.833333 0.503906 0.834635 0.519531 0.834635 0.520508 0.833333 0.522461 0.833333 0.523438 0.834635 0.528320 0.834635 0.529297 0.833333 0.530273 0.833333 0.533203 0.829427 0.534180 0.825521 0.537109 0.821615 0.537109 0.820312 0.540039 0.813802 0.540039 0.811198 0.541016 0.809896 0.541016 0.799479 0.534180 0.799479 0.533203 0.798177 0.531250 0.798177 0.530273 0.796875 0.528320 0.796875 0.527344 0.795573 0.522461 0.794271 0.513672 0.787760 0.510742 0.787760 0.509766 0.786458 0.508789 0.787760
0 0.560547 0.783854 0.552734 0.794271 0.551758 0.794271 0.549805 0.800781 0.547852 0.803385 0.547852 0.805990 0.546875 0.807292 0.546875 0.811198 0.545898 0.812500 0.545898 0.820312 0.546875 0.822917 0.550781 0.826823 0.554688 0.837240 0.560547 0.841146 0.576172 0.841146 0.577148 0.842448 0.583984 0.842448 0.584961 0.841146 0.586914 0.841146 0.587891 0.839844 0.587891 0.835938 0.588867 0.833333 0.592773 0.826823 0.592773 0.822917 0.588867 0.817708 0.585938 0.816406 0.583984 0.813802 0.578125 0.809896 0.572266 0.802083 0.570312 0.796875 0.570312 0.792969 0.568359 0.790365 0.567383 0.786458 0.565430 0.783854
0 0.626953 0.891927 0.625000 0.891927 0.624023 0.893229 0.624023 0.902344 0.623047 0.903646 0.613281 0.903646 0.612305 0.902344 0.610352 0.902344 0.606445 0.899740 0.595703 0.899740 0.592773 0.902344 0.590820 0.907552 0.587891 0.906250 0.587891 0.914062 0.586914 0.915365 0.586914 0.925781 0.587891 0.927083 0.587891 0.933594 0.589844 0.938802 0.592773 0.942708 0.593750 0.946615 0.595703 0.949219 0.602539 0.949219 0.603516 0.950521 0.604492 0.949219 0.614258 0.949219 0.615234 0.947917 0.619141 0.946615 0.621094 0.944010 0.622070 0.938802 0.624023 0.934896 0.624023 0.930990 0.625977 0.925781 0.625977 0.921875 0.626953 0.919271 0.630859 0.915365 0.630859 0.911458 0.627930 0.904948 0.627930 0.893229
0 0.596680 0.824219 0.596680 0.829427 0.598633 0.832031 0.598633 0.834635 0.599609 0.835938 0.598633 0.837240 0.598633 0.845052 0.602539 0.851562 0.607422 0.864583 0.607422 0.867188 0.609375 0.872396 0.611328 0.875000 0.619141 0.880208 0.625000 0.880208 0.625977 0.878906 0.642578 0.878906 0.647461 0.873698 0.648438 0.869792 0.650391 0.867188 0.650391 0.858073 0.647461 0.851562 0.646484 0.845052 0.641602 0.835938 0.640625 0.828125 0.636719 0.821615 0.631836 0.817708 0.622070 0.817708 0.621094 0.819010 0.618164 0.819010 0.617188 0.820312 0.612305 0.820312 0.611328 0.821615 0.605469 0.821615 0.604492 0.822917 0.598633 0.822917
0 0.687500 0.837240 0.686523 0.837240 0.684570 0.833333 0.684570 0.834635 0.681641 0.838542 0.672852 0.838542 0.671875 0.837240 0.668945 0.837240 0.667969 0.838542 0.664062 0.838542 0.662109 0.839844 0.655273 0.848958 0.655273 0.850260 0.652344 0.854167 0.651367 0.856771 0.652344 0.858073 0.652344 0.864583 0.644531 0.881510 0.646484 0.882812 0.650391 0.888021 0.654297 0.890625 0.656250 0.890625 0.657227 0.891927 0.664062 0.891927 0.671875 0.886719 0.673828 0.884115 0.677734 0.884115 0.679688 0.881510 0.680664 0.881510 0.680664 0.880208 0.682617 0.877604 0.684570 0.877604 0.686523 0.872396 0.689453 0.868490 0.689453 0.861979 0.690430 0.860677 0.690430 0.850260 0.689453 0.848958 0.689453 0.845052 0.688477 0.843750 0.688477 0.839844
0 0.669922 0.766927 0.667969 0.766927 0.663086 0.772135 0.657227 0.772135 0.655273 0.774740 0.655273 0.777344 0.654297 0.778646 0.651367 0.778646 0.650391 0.777344 0.648438 0.777344 0.647461 0.778646 0.641602 0.778646 0.634766 0.783854 0.634766 0.786458 0.633789 0.787760 0.633789 0.795573 0.636719 0.803385 0.637695 0.811198 0.641602 0.821615 0.643555 0.824219 0.644531 0.829427 0.645508 0.829427 0.647461 0.832031 0.648438 0.835938 0.651367 0.838542 0.655273 0.838542 0.659180 0.835938 0.685547 0.808594 0.686523 0.802083 0.685547 0.800781 0.684570 0.794271 0.682617 0.791667 0.675781 0.772135 0.673828 0.769531
0 0.570312 0.772135 0.570312 0.774740 0.569336 0.776042 0.569336 0.785156 0.572266 0.792969 0.573242 0.800781 0.577148 0.807292 0.588867 0.815104 0.593750 0.821615 0.596680 0.821615 0.597656 0.820312 0.611328 0.820312 0.612305 0.819010 0.615234 0.819010 0.616211 0.817708 0.620117 0.816406 0.621094 0.811198 0.623047 0.807292 0.623047 0.803385 0.625000 0.799479 0.625000 0.786458 0.624023 0.785156 0.624023 0.782552 0.622070 0.779948 0.619141 0.779948 0.614258 0.773438 0.614258 0.772135 0.612305 0.769531 0.611328 0.769531 0.608398 0.765625 0.608398 0.764323 0.602539 0.757812 0.601562 0.757812 0.599609 0.755208 0.596680 0.759115 0.595703 0.759115 0.592773 0.764323 0.588867 0.766927 0.585938 0.766927 0.582031 0.769531 0.579102 0.769531 0.576172 0.772135 0.574219 0.772135 0.573242 0.770833
0 0.610352 0.710938 0.610352 0.713542 0.608398 0.718750 0.606445 0.721354 0.605469 0.723958 0.605469 0.727865 0.604492 0.729167 0.605469 0.739583 0.606445 0.740885 0.607422 0.747396 0.610352 0.752604 0.610352 0.755208 0.612305 0.760417 0.622070 0.773438 0.623047 0.776042 0.626953 0.778646 0.631836 0.778646 0.632812 0.777344 0.636719 0.777344 0.637695 0.776042 0.642578 0.776042 0.643555 0.774740 0.646484 0.774740 0.653320 0.769531 0.658203 0.763021 0.658203 0.756510 0.655273 0.748698 0.655273 0.746094 0.653320 0.742188 0.652344 0.735677 0.649414 0.730469 0.648438 0.725260 0.645508 0.720052 0.645508 0.717448 0.643555 0.714844 0.640625 0.714844 0.639648 0.713542 0.631836 0.713542 0.630859 0.712240 0.621094 0.712240 0.620117 0.710938 0.615234 0.710938 0.614258 0.709635 0.613281 0.710938
0 0.724609 0.705729 0.722656 0.703125 0.720703 0.697917 0.719727 0.697917 0.716797 0.703125 0.714844 0.703125 0.713867 0.701823 0.709961 0.701823 0.708984 0.700521 0.697266 0.700521 0.692383 0.704427 0.689453 0.704427 0.688477 0.705729 0.683594 0.707031 0.679688 0.709635 0.679688 0.710938 0.677734 0.713542 0.673828 0.713542 0.671875 0.718750 0.669922 0.721354 0.669922 0.726562 0.671875 0.729167 0.671875 0.731771 0.673828 0.734375 0.676758 0.742188 0.681641 0.748698 0.683594 0.748698 0.687500 0.751302 0.692383 0.751302 0.696289 0.747396 0.700195 0.746094 0.706055 0.739583 0.708008 0.739583 0.711914 0.736979 0.713867 0.734375 0.721680 0.730469 0.723633 0.727865 0.724609 0.725260 0.723633 0.723958 0.723633 0.718750 0.725586 0.716146 0.726562 0.716146
0 0.727539 0.733073 0.724609 0.730469 0.723633 0.731771 0.720703 0.731771 0.717773 0.734375 0.715820 0.734375 0.713867 0.736979 0.707031 0.740885 0.702148 0.746094 0.695312 0.750000 0.693359 0.752604 0.684570 0.752604 0.683594 0.751302 0.676758 0.751302 0.676758 0.763021 0.678711 0.768229 0.685547 0.777344 0.688477 0.778646 0.696289 0.786458 0.698242 0.785156 0.701172 0.785156 0.703125 0.782552 0.705078 0.782552 0.706055 0.781250 0.711914 0.781250 0.712891 0.779948 0.717773 0.778646 0.720703 0.776042 0.725586 0.774740 0.727539 0.773438 0.728516 0.770833 0.728516 0.755208 0.729492 0.753906 0.729492 0.747396 0.728516 0.746094
0 0.601562 0.677083 0.601562 0.683594 0.604492 0.691406 0.604492 0.694010 0.605469 0.695312 0.605469 0.699219 0.607422 0.704427 0.608398 0.704427 0.610352 0.707031 0.613281 0.707031 0.614258 0.708333 0.619141 0.708333 0.620117 0.709635 0.625000 0.709635 0.625977 0.710938 0.630859 0.710938 0.631836 0.709635 0.634766 0.709635 0.635742 0.710938 0.643555 0.710938 0.647461 0.707031 0.651367 0.696615 0.651367 0.692708 0.652344 0.691406 0.652344 0.675781 0.651367 0.673177 0.645508 0.665365 0.641602 0.665365 0.640625 0.664062 0.638672 0.664062 0.637695 0.662760 0.635742 0.662760 0.631836 0.660156 0.627930 0.660156 0.626953 0.658854 0.622070 0.658854 0.620117 0.661458 0.612305 0.666667 0.607422 0.673177
0 0.569336 0.623698 0.567383 0.627604 0.567383 0.632812 0.569336 0.638021 0.571289 0.640625 0.572266 0.645833 0.577148 0.654948 0.577148 0.657552 0.579102 0.660156 0.584961 0.673177 0.586914 0.674479 0.602539 0.674479 0.606445 0.671875 0.611328 0.665365 0.621094 0.657552 0.621094 0.651042 0.619141 0.645833 0.619141 0.634115 0.617188 0.631510 0.617188 0.627604 0.615234 0.623698 0.612305 0.623698 0.610352 0.627604 0.609375 0.626302 0.606445 0.626302 0.604492 0.623698 0.603516 0.618490 0.601562 0.615885 0.597656 0.614583 0.596680 0.613281 0.588867 0.613281 0.586914 0.614583 0.585938 0.617188 0.582031 0.619792
0 0.625000 0.584635 0.624023 0.587240 0.624023 0.598958 0.625977 0.604167 0.630859 0.611979 0.636719 0.627604 0.639648 0.631510 0.643555 0.634115 0.661133 0.634115 0.662109 0.632812 0.666992 0.632812 0.676758 0.626302 0.682617 0.618490 0.685547 0.611979 0.685547 0.606771 0.678711 0.591146 0.677734 0.582031 0.671875 0.571615 0.669922 0.571615 0.668945 0.570312 0.663086 0.570312 0.662109 0.569010 0.648438 0.569010 0.647461 0.570312 0.638672 0.570312
0 0.701172 0.605469 0.693359 0.604167 0.686523 0.611979 0.686523 0.613281 0.684570 0.615885 0.684570 0.618490 0.674805 0.630208 0.670898 0.631510 0.668945 0.634115 0.666992 0.634115 0.666016 0.635417 0.660156 0.635417 0.658203 0.636719 0.656250 0.640625 0.656250 0.647135 0.659180 0.653646 0.667969 0.660156 0.674805 0.669271 0.684570 0.667969 0.685547 0.666667 0.690430 0.665365 0.695312 0.661458 0.697266 0.661458 0.698242 0.660156 0.708984 0.656250 0.708984 0.654948 0.711914 0.651042 0.712891 0.648438 0.712891 0.644531 0.713867 0.643229 0.709961 0.632812 0.709961 0.631510 0.712891 0.627604 0.712891 0.625000 0.711914 0.623698 0.711914 0.619792 0.709961 0.614583
0 0.763672 0.657552 0.761719 0.657552 0.760742 0.658854 0.753906 0.658854 0.752930 0.660156 0.749023 0.660156 0.748047 0.661458 0.744141 0.661458 0.743164 0.662760 0.735352 0.665365 0.732422 0.669271 0.728516 0.679688 0.728516 0.683594 0.727539 0.684896 0.727539 0.688802 0.726562 0.690104 0.726562 0.696615 0.729492 0.703125 0.729492 0.707031 0.732422 0.712240 0.738281 0.716146 0.743164 0.717448 0.744141 0.718750 0.755859 0.718750 0.756836 0.717448 0.762695 0.717448 0.763672 0.716146 0.770508 0.716146 0.771484 0.714844 0.774414 0.714844 0.776367 0.712240 0.776367 0.708333 0.772461 0.699219 0.772461 0.696615 0.771484 0.695312 0.771484 0.688802 0.768555 0.680990 0.768555 0.673177 0.767578 0.671875 0.767578 0.666667 0.766602 0.665365 0.766602 0.662760 0.764648 0.662760 0.763672 0.661458
0 0.591797 0.546875 0.588867 0.548177 0.584961 0.552083 0.583008 0.552083 0.582031 0.553385 0.578125 0.553385 0.574219 0.555990 0.572266 0.555990 0.570312 0.553385 0.570312 0.552083 0.562500 0.553385 0.561523 0.554688 0.561523 0.559896 0.555664 0.567708 0.554688 0.570312 0.554688 0.579427 0.560547 0.597656 0.566406 0.606771 0.567383 0.606771 0.575195 0.615885 0.580078 0.615885 0.582031 0.614583 0.585938 0.609375 0.586914 0.609375 0.589844 0.605469 0.590820 0.605469 0.598633 0.597656 0.607422 0.592448 0.609375 0.588542 0.609375 0.570312 0.608398 0.567708 0.603516 0.559896 0.601562 0.553385 0.597656 0.552083 0.596680 0.550781 0.594727 0.550781
0 0.572266 0.475260 0.566406 0.475260 0.561523 0.479167 0.555664 0.481771 0.553711 0.480469 0.547852 0.481771 0.538086 0.476562 0.533203 0.476562 0.532227 0.477865 0.529297 0.476562 0.526367 0.479167 0.525391 0.486979 0.524414 0.488281 0.524414 0.497396 0.526367 0.505208 0.527344 0.523438 0.529297 0.528646 0.529297 0.541667 0.534180 0.549479 0.543945 0.557292 0.547852 0.557292 0.551758 0.552083 0.555664 0.549479 0.565430 0.546875 0.571289 0.539062 0.580078 0.515625 0.583008 0.513021 0.583984 0.509115 0.583008 0.501302 0.580078 0.494792 0.578125 0.493490 0.577148 0.488281 0.574219 0.485677 0.574219 0.476562
0 0.607422 0.506510 0.603516 0.511719 0.603516 0.522135 0.605469 0.526042 0.605469 0.540365 0.606445 0.541667 0.606445 0.546875 0.610352 0.552083 0.614258 0.553385 0.619141 0.557292 0.624023 0.558594 0.630859 0.563802 0.632812 0.563802 0.640625 0.569010 0.643555 0.569010 0.650391 0.565104 0.657227 0.557292 0.658203 0.554688 0.658203 0.548177 0.659180 0.546875 0.659180 0.540365 0.660156 0.539062 0.660156 0.523438 0.661133 0.522135 0.661133 0.516927 0.660156 0.515625 0.660156 0.510417 0.658203 0.506510 0.658203 0.503906 0.656250 0.501302 0.650391 0.501302 0.648438 0.500000 0.646484 0.496094 0.642578 0.496094 0.641602 0.494792 0.640625 0.496094 0.629883 0.496094 0.628906 0.497396 0.630859 0.501302 0.629883 0.502604 0.625977 0.502604 0.625000 0.503906 0.610352 0.503906
0 0.626953 0.447917 0.626953 0.453125 0.629883 0.460938 0.630859 0.471354 0.632812 0.479167 0.637695 0.490885 0.654297 0.489583 0.655273 0.488281 0.660156 0.488281 0.661133 0.486979 0.668945 0.485677 0.672852 0.483073 0.683594 0.481771 0.685547 0.480469 0.690430 0.471354 0.692383 0.463542 0.692383 0.440104 0.688477 0.428385 0.685547 0.432292 0.679688 0.432292 0.674805 0.434896 0.669922 0.432292 0.659180 0.432292 0.658203 0.433594 0.650391 0.432292 0.648438 0.434896 0.645508 0.436198 0.643555 0.434896 0.638672 0.427083 0.634766 0.427083 0.633789 0.428385 0.633789 0.432292 0.631836 0.434896 0.629883 0.442708
0 0.710938 0.470052 0.708984 0.467448 0.703125 0.463542 0.701172 0.463542 0.700195 0.462240 0.694336 0.462240 0.693359 0.463542 0.692383 0.471354 0.689453 0.475260 0.686523 0.481771 0.682617 0.484375 0.677734 0.484375 0.676758 0.485677 0.672852 0.485677 0.671875 0.486979 0.669922 0.486979 0.666016 0.500000 0.665039 0.507812 0.663086 0.511719 0.662109 0.523438 0.664062 0.526042 0.666016 0.526042 0.672852 0.531250 0.689453 0.531250 0.690430 0.529948 0.702148 0.529948 0.706055 0.527344 0.708008 0.523438 0.708008 0.516927 0.713867 0.501302 0.714844 0.488281 0.715820 0.486979 0.715820 0.481771
0 0.704102 0.533854 0.704102 0.544271 0.706055 0.549479 0.709961 0.554688 0.710938 0.565104 0.717773 0.571615 0.720703 0.579427 0.722656 0.580729 0.743164 0.580729 0.744141 0.579427 0.749023 0.579427 0.750000 0.578125 0.758789 0.578125 0.764648 0.574219 0.770508 0.563802 0.770508 0.549479 0.766602 0.536458 0.762695 0.533854 0.758789 0.533854 0.757812 0.531250 0.754883 0.528646 0.752930 0.528646 0.751953 0.527344 0.749023 0.529948 0.741211 0.529948 0.740234 0.531250 0.735352 0.529948 0.732422 0.532552 0.729492 0.532552 0.725586 0.529948 0.725586 0.524740 0.726562 0.523438 0.724609 0.520833 0.716797 0.520833
0 0.774414 0.433594 0.771484 0.429688 0.771484 0.428385 0.767578 0.424479 0.760742 0.424479 0.755859 0.427083 0.750977 0.427083 0.747070 0.429688 0.744141 0.429688 0.741211 0.432292 0.738281 0.432292 0.737305 0.433594 0.731445 0.433594 0.724609 0.437500 0.719727 0.445312 0.718750 0.449219 0.712891 0.455729 0.712891 0.458333 0.711914 0.459635 0.717773 0.470052 0.717773 0.475260 0.718750 0.477865 0.725586 0.485677 0.732422 0.488281 0.735352 0.490885 0.739258 0.490885 0.740234 0.489583 0.750000 0.489583 0.750977 0.488281 0.755859 0.486979 0.758789 0.484375 0.761719 0.484375 0.766602 0.481771 0.770508 0.475260 0.770508 0.470052 0.778320 0.454427 0.778320 0.444010
0 0.615234 0.371094 0.610352 0.371094 0.611328 0.376302 0.609375 0.378906 0.607422 0.378906 0.602539 0.382812 0.599609 0.382812 0.598633 0.384115 0.591797 0.384115 0.586914 0.388021 0.585938 0.397135 0.583008 0.404948 0.581055 0.407552 0.580078 0.416667 0.579102 0.417969 0.581055 0.424479 0.581055 0.436198 0.582031 0.437500 0.582031 0.440104 0.586914 0.446615 0.590820 0.449219 0.592773 0.449219 0.593750 0.450521 0.605469 0.450521 0.606445 0.449219 0.610352 0.449219 0.611328 0.447917 0.614258 0.447917 0.619141 0.445312 0.625000 0.438802 0.626953 0.433594 0.628906 0.420573 0.634766 0.411458 0.634766 0.401042 0.631836 0.394531 0.625977 0.388021 0.622070 0.377604
0 0.576172 0.411458 0.573242 0.407552 0.558594 0.408854 0.557617 0.410156 0.548828 0.410156 0.539062 0.419271 0.539062 0.423177 0.536133 0.428385 0.529297 0.428385 0.525391 0.424479 0.521484 0.427083 0.521484 0.437500 0.522461 0.438802 0.522461 0.442708 0.524414 0.446615 0.524414 0.457031 0.525391 0.458333 0.525391 0.460938 0.528320 0.464844 0.528320 0.466146 0.533203 0.468750 0.541016 0.476562 0.542969 0.476562 0.545898 0.479167 0.556641 0.479167 0.557617 0.477865 0.559570 0.477865 0.561523 0.475260 0.562500 0.471354 0.566406 0.466146 0.568359 0.459635 0.571289 0.455729 0.573242 0.450521 0.580078 0.438802 0.579102 0.425781 0.575195 0.419271 0.576172 0.416667
0 0.451172 0.308594 0.445312 0.307292 0.444336 0.308594 0.440430 0.308594 0.430664 0.313802 0.426758 0.313802 0.423828 0.316406 0.420898 0.324219 0.420898 0.328125 0.418945 0.334635 0.418945 0.339844 0.416016 0.346354 0.415039 0.355469 0.413086 0.360677 0.413086 0.367188 0.415039 0.373698 0.418945 0.376302 0.426758 0.385417 0.428711 0.385417 0.429688 0.386719 0.435547 0.386719 0.436523 0.385417 0.440430 0.385417 0.441406 0.384115 0.451172 0.384115 0.458008 0.380208 0.463867 0.371094 0.463867 0.368490 0.468750 0.356771 0.468750 0.354167 0.469727 0.352865 0.469727 0.341146 0.468750 0.339844 0.468750 0.337240 0.462891 0.325521 0.455078 0.315104 0.455078 0.312500
0 0.419922 0.282552 0.412109 0.273438 0.409180 0.273438 0.408203 0.272135 0.384766 0.273438 0.379883 0.276042 0.372070 0.274740 0.369141 0.278646 0.365234 0.289062 0.365234 0.292969 0.364258 0.294271 0.364258 0.300781 0.363281 0.302083 0.363281 0.316406 0.364258 0.317708 0.364258 0.324219 0.362305 0.330729 0.363281 0.333333 0.368164 0.338542 0.382812 0.338542 0.383789 0.337240 0.394531 0.337240 0.395508 0.335938 0.407227 0.335938 0.408203 0.334635 0.412109 0.334635 0.416992 0.328125 0.416992 0.325521 0.419922 0.316406 0.419922 0.311198 0.420898 0.309896 0.420898 0.292969 0.421875 0.291667 0.421875 0.287760
0 0.372070 0.126302 0.370117 0.127604 0.358398 0.143229 0.358398 0.144531 0.339844 0.167969 0.338867 0.171875 0.338867 0.184896 0.340820 0.192708 0.344727 0.200521 0.352539 0.209635 0.357422 0.218750 0.371094 0.225260 0.380859 0.225260 0.392578 0.216146 0.396484 0.207031 0.396484 0.204427 0.393555 0.199219 0.393555 0.192708 0.395508 0.188802 0.395508 0.182292 0.392578 0.174479 0.392578 0.164062 0.390625 0.158854 0.390625 0.148438 0.387695 0.138021 0.384766 0.135417 0.382812 0.135417 0.379883 0.131510
0 0.435547 0.186198 0.432617 0.188802 0.422852 0.191406 0.418945 0.194010 0.417969 0.196615 0.415039 0.199219 0.411133 0.208333 0.410156 0.221354 0.407227 0.230469 0.407227 0.240885 0.414062 0.251302 0.417969 0.261719 0.426758 0.273438 0.434570 0.278646 0.445312 0.278646 0.452148 0.274740 0.453125 0.268229 0.456055 0.265625 0.466797 0.250000 0.468750 0.244792 0.469727 0.229167 0.467773 0.223958 0.460938 0.216146 0.457031 0.205729 0.450195 0.196615 0.449219 0.196615 0.442383 0.186198
0 0.483398 0.101562 0.479492 0.101562 0.478516 0.100260 0.458984 0.100260 0.453125 0.105469 0.443359 0.119792 0.437500 0.122396 0.436523 0.125000 0.436523 0.131510 0.439453 0.139323 0.438477 0.165365 0.442383 0.178385 0.448242 0.188802 0.450195 0.190104 0.452148 0.188802 0.458008 0.188802 0.461914 0.191406 0.465820 0.191406 0.486328 0.173177 0.492188 0.166667 0.498047 0.157552 0.498047 0.136719 0.497070 0.135417 0.497070 0.127604 0.493164 0.117188 0.489258 0.110677 0.489258 0.108073
0 0.519531 0.154948 0.508789 0.154948 0.505859 0.156250 0.501953 0.160156 0.498047 0.161458 0.490234 0.173177 0.483398 0.190104 0.478516 0.199219 0.477539 0.204427 0.470703 0.220052 0.470703 0.225260 0.474609 0.231771 0.485352 0.234375 0.489258 0.238281 0.499023 0.243490 0.507812 0.243490 0.518555 0.236979 0.527344 0.226562 0.536133 0.205729 0.537109 0.184896 0.536133 0.183594 0.536133 0.178385 0.534180 0.175781 0.529297 0.162760 0.527344 0.161458 0.526367 0.158854
0 0.555664 0.218750 0.551758 0.218750 0.550781 0.220052 0.541016 0.220052 0.537109 0.223958 0.527344 0.250000 0.527344 0.253906 0.525391 0.260417 0.525391 0.269531 0.526367 0.270833 0.526367 0.291667 0.528320 0.296875 0.531250 0.300781 0.541016 0.307292 0.543945 0.307292 0.548828 0.312500 0.554688 0.312500 0.560547 0.308594 0.564453 0.303385 0.566406 0.298177 0.568359 0.296875 0.579102 0.281250 0.580078 0.278646 0.580078 0.272135 0.583984 0.261719 0.583984 0.257812 0.582031 0.251302 0.576172 0.242188 0.567383 0.234375 0.561523 0.226562 0.560547 0.221354 0.558594 0.221354
0 0.496094 0.248698 0.490234 0.248698 0.489258 0.247396 0.473633 0.247396 0.472656 0.248698 0.470703 0.248698 0.467773 0.252604 0.466797 0.257812 0.458984 0.273438 0.456055 0.282552 0.452148 0.289062 0.452148 0.298177 0.453125 0.299479 0.454102 0.305990 0.459961 0.317708 0.467773 0.317708 0.471680 0.320312 0.475586 0.320312 0.476562 0.321615 0.480469 0.321615 0.481445 0.322917 0.486328 0.321615 0.490234 0.319010 0.494141 0.313802 0.497070 0.312500 0.501953 0.305990 0.503906 0.300781 0.504883 0.294271 0.510742 0.290365 0.510742 0.282552 0.503906 0.276042 0.502930 0.273438 0.501953 0.260417
0 0.526367 0.299479 0.524414 0.299479 0.521484 0.302083 0.519531 0.300781 0.512695 0.300781 0.510742 0.302083 0.508789 0.307292 0.508789 0.309896 0.504883 0.315104 0.500000 0.317708 0.496094 0.324219 0.496094 0.326823 0.495117 0.328125 0.495117 0.334635 0.494141 0.335938 0.494141 0.342448 0.493164 0.343750 0.493164 0.352865 0.494141 0.354167 0.494141 0.356771 0.497070 0.364583 0.500977 0.369792 0.512695 0.377604 0.536133 0.377604 0.538086 0.376302 0.548828 0.358073 0.552734 0.345052 0.552734 0.334635 0.551758 0.333333 0.551758 0.329427 0.546875 0.316406 0.545898 0.316406 0.541992 0.311198 0.536133 0.308594 0.532227 0.303385
0 0.598633 0.291667 0.594727 0.291667 0.583984 0.298177 0.576172 0.299479 0.566406 0.307292 0.562500 0.315104 0.562500 0.319010 0.559570 0.329427 0.558594 0.351562 0.561523 0.358073 0.561523 0.369792 0.566406 0.381510 0.570312 0.385417 0.574219 0.385417 0.575195 0.386719 0.576172 0.385417 0.598633 0.381510 0.601562 0.378906 0.603516 0.378906 0.607422 0.369792 0.618164 0.355469 0.621094 0.342448 0.619141 0.330729 0.610352 0.311198 0.603516 0.302083 0.602539 0.298177
0 0.548828 0.147135 0.542969 0.154948 0.541016 0.160156 0.543945 0.164062 0.543945 0.173177 0.548828 0.183594 0.549805 0.196615 0.554688 0.207031 0.556641 0.214844 0.572266 0.235677 0.578125 0.236979 0.583008 0.233073 0.584961 0.233073 0.591797 0.226562 0.593750 0.226562 0.608398 0.216146 0.612305 0.214844 0.620117 0.207031 0.621094 0.200521 0.619141 0.191406 0.619141 0.179688 0.615234 0.165365 0.609375 0.157552 0.602539 0.152344 0.595703 0.143229 0.588867 0.140625 0.573242 0.140625 0.572266 0.141927 0.564453 0.141927
0 0.624023 0.199219 0.623047 0.207031 0.613281 0.217448 0.604492 0.236979 0.602539 0.247396 0.602539 0.264323 0.603516 0.268229 0.618164 0.287760 0.625977 0.290365 0.635742 0.296875 0.642578 0.296875 0.649414 0.290365 0.665039 0.269531 0.675781 0.257812 0.676758 0.255208 0.676758 0.243490 0.675781 0.242188 0.674805 0.231771 0.669922 0.222656 0.665039 0.220052 0.661133 0.213542 0.655273 0.208333 0.636719 0.203125 0.628906 0.199219
0 0.680664 0.147135 0.673828 0.151042 0.666992 0.160156 0.663086 0.171875 0.662109 0.186198 0.660156 0.190104 0.661133 0.191406 0.661133 0.195312 0.658203 0.200521 0.659180 0.204427 0.661133 0.207031 0.661133 0.209635 0.665039 0.213542 0.666992 0.218750 0.674805 0.226562 0.677734 0.233073 0.679688 0.234375 0.689453 0.234375 0.698242 0.230469 0.701172 0.227865 0.704102 0.227865 0.712891 0.221354 0.714844 0.216146 0.715820 0.197917 0.716797 0.196615 0.716797 0.173177 0.714844 0.169271 0.709961 0.166667 0.705078 0.157552 0.698242 0.151042 0.689453 0.147135
0 0.704102 0.235677 0.684570 0.236979 0.678711 0.240885 0.677734 0.257812 0.669922 0.268229 0.670898 0.269531 0.670898 0.276042 0.667969 0.283854 0.671875 0.287760 0.670898 0.292969 0.671875 0.294271 0.672852 0.304688 0.671875 0.308594 0.666992 0.313802 0.669922 0.319010 0.684570 0.328125 0.700195 0.329427 0.701172 0.324219 0.708984 0.321615 0.714844 0.321615 0.725586 0.316406 0.727539 0.313802 0.727539 0.308594 0.731445 0.302083 0.735352 0.290365 0.734375 0.282552 0.728516 0.274740 0.723633 0.263021 0.718750 0.257812 0.709961 0.240885
0 0.740234 0.333333 0.734375 0.324219 0.724609 0.319010 0.720703 0.322917 0.712891 0.324219 0.708008 0.330729 0.704102 0.330729 0.696289 0.334635 0.692383 0.334635 0.691406 0.333333 0.681641 0.333333 0.679688 0.337240 0.676758 0.339844 0.676758 0.342448 0.678711 0.346354 0.675781 0.351562 0.674805 0.358073 0.675781 0.361979 0.680664 0.371094 0.689453 0.382812 0.696289 0.384115 0.704102 0.390625 0.709961 0.390625 0.716797 0.384115 0.731445 0.381510 0.739258 0.372396 0.743164 0.356771 0.743164 0.348958 0.741211 0.343750
0 0.809570 0.240885 0.801758 0.234375 0.799805 0.234375 0.798828 0.231771 0.790039 0.230469 0.793945 0.235677 0.797852 0.235677 0.798828 0.238281 0.801758 0.238281 0.803711 0.240885 0.803711 0.247396 0.798828 0.251302 0.790039 0.251302 0.787109 0.256510 0.782227 0.252604 0.775391 0.260417 0.770508 0.263021 0.762695 0.273438 0.758789 0.273438 0.758789 0.274740 0.761719 0.274740 0.762695 0.277344 0.758789 0.282552 0.755859 0.277344 0.755859 0.291667 0.754883 0.292969 0.755859 0.303385 0.766602 0.315104 0.780273 0.315104 0.787109 0.312500 0.793945 0.312500 0.794922 0.311198 0.817383 0.307292 0.821289 0.292969 0.821289 0.277344 0.814453 0.251302 0.811523 0.247396
0 0.935547 0.296875 0.934570 0.294271 0.928711 0.292969 0.924805 0.290365 0.919922 0.283854 0.916992 0.282552 0.908203 0.283854 0.907227 0.287760 0.903320 0.291667 0.892578 0.292969 0.882812 0.298177 0.878906 0.303385 0.878906 0.308594 0.875977 0.313802 0.870117 0.311198 0.869141 0.309896 0.869141 0.304688 0.869141 0.308594 0.863281 0.315104 0.864258 0.319010 0.860352 0.325521 0.859375 0.334635 0.868164 0.345052 0.877930 0.351562 0.887695 0.355469 0.901367 0.352865 0.922852 0.345052 0.928711 0.339844 0.934570 0.324219 0.933594 0.309896 0.934570 0.308594
0 0.888672 0.359375 0.883789 0.359375 0.882812 0.360677 0.882812 0.365885 0.877930 0.371094 0.872070 0.372396 0.871094 0.373698 0.859375 0.373698 0.858398 0.375000 0.853516 0.375000 0.849609 0.378906 0.845703 0.380208 0.843750 0.385417 0.843750 0.388021 0.839844 0.393229 0.838867 0.393229 0.833008 0.401042 0.833008 0.402344 0.835938 0.404948 0.836914 0.408854 0.837891 0.408854 0.849609 0.425781 0.857422 0.425781 0.858398 0.424479 0.865234 0.424479 0.870117 0.421875 0.877930 0.421875 0.878906 0.420573 0.889648 0.417969 0.891602 0.415365 0.897461 0.412760 0.900391 0.410156 0.904297 0.403646 0.904297 0.397135 0.900391 0.389323 0.899414 0.380208 0.895508 0.369792
0 0.887695 0.429688 0.879883 0.425781 0.870117 0.425781 0.864258 0.428385 0.848633 0.429688 0.847656 0.433594 0.852539 0.437500 0.857422 0.437500 0.858398 0.440104 0.857422 0.441406 0.853516 0.441406 0.849609 0.445312 0.845703 0.445312 0.840820 0.451823 0.836914 0.454427 0.834961 0.451823 0.834961 0.446615 0.835938 0.445312 0.833984 0.445312 0.833008 0.451823 0.830078 0.457031 0.830078 0.471354 0.828125 0.475260 0.831055 0.480469 0.855469 0.502604 0.862305 0.502604 0.868164 0.497396 0.890625 0.489583 0.897461 0.477865 0.899414 0.460938 0.897461 0.454427 0.896484 0.444010 0.894531 0.438802
0 0.908203 0.481771 0.900391 0.481771 0.896484 0.484375 0.892578 0.490885 0.878906 0.497396 0.875000 0.497396 0.869141 0.502604 0.874023 0.510417 0.874023 0.516927 0.875000 0.518229 0.875000 0.524740 0.875977 0.526042 0.875977 0.537760 0.876953 0.539062 0.877930 0.548177 0.884766 0.558594 0.896484 0.566406 0.900391 0.566406 0.906250 0.563802 0.912109 0.563802 0.913086 0.562500 0.918945 0.562500 0.929688 0.555990 0.933594 0.549479 0.933594 0.545573 0.932617 0.544271 0.932617 0.519531 0.931641 0.518229 0.930664 0.502604 0.926758 0.497396 0.921875 0.494792 0.911133 0.483073
0 0.849609 0.502604 0.845703 0.502604 0.844727 0.501302 0.842773 0.502604 0.829102 0.502604 0.820312 0.515625 0.819336 0.519531 0.816406 0.523438 0.816406 0.526042 0.814453 0.527344 0.811523 0.536458 0.811523 0.539062 0.815430 0.544271 0.816406 0.550781 0.813477 0.554688 0.814453 0.557292 0.813477 0.561198 0.810547 0.563802 0.808594 0.563802 0.809570 0.565104 0.817383 0.565104 0.823242 0.569010 0.831055 0.570312 0.832031 0.571615 0.837891 0.571615 0.841797 0.574219 0.844727 0.574219 0.851562 0.570312 0.852539 0.562500 0.854492 0.558594 0.854492 0.549479 0.853516 0.548177 0.853516 0.510417 0.852539 0.509115 0.852539 0.506510
0 0.799805 0.575521 0.805664 0.576823 0.809570 0.579427 0.812500 0.579427 0.813477 0.578125 0.814453 0.579427 0.813477 0.582031 0.811523 0.582031 0.809570 0.587240 0.806641 0.585938 0.804688 0.598958 0.796875 0.605469 0.795898 0.622396 0.797852 0.625000 0.798828 0.632812 0.806641 0.648438 0.806641 0.652344 0.810547 0.652344 0.817383 0.649740 0.820312 0.647135 0.826172 0.645833 0.835938 0.639323 0.840820 0.638021 0.852539 0.630208 0.854492 0.627604 0.857422 0.619792 0.855469 0.600260 0.851562 0.591146 0.845703 0.582031 0.835938 0.575521 0.815430 0.574219 0.811523 0.571615 0.809570 0.571615 0.806641 0.574219
0 0.845703 0.638021 0.841797 0.639323 0.840820 0.640625 0.838867 0.640625 0.837891 0.641927 0.832031 0.643229 0.818359 0.652344 0.815430 0.652344 0.812500 0.654948 0.807617 0.656250 0.802734 0.664062 0.804688 0.670573 0.807617 0.674479 0.807617 0.675781 0.814453 0.684896 0.817383 0.691406 0.821289 0.695312 0.824219 0.701823 0.830078 0.701823 0.831055 0.700521 0.834961 0.700521 0.835938 0.701823 0.842773 0.701823 0.844727 0.700521 0.849609 0.694010 0.849609 0.692708 0.853516 0.687500 0.853516 0.686198 0.857422 0.679688 0.857422 0.666667 0.856445 0.665365 0.855469 0.658854 0.849609 0.648438
0 0.900391 0.574219 0.890625 0.574219 0.890625 0.576823 0.892578 0.578125 0.896484 0.578125 0.897461 0.579427 0.896484 0.582031 0.891602 0.583333 0.887695 0.587240 0.879883 0.588542 0.875000 0.592448 0.869141 0.593750 0.864258 0.598958 0.863281 0.597656 0.860352 0.598958 0.859375 0.601562 0.859375 0.613281 0.860352 0.614583 0.859375 0.618490 0.859375 0.631510 0.863281 0.638021 0.873047 0.647135 0.875977 0.648438 0.884766 0.647135 0.893555 0.643229 0.900391 0.638021 0.903320 0.638021 0.907227 0.634115 0.913086 0.631510 0.917969 0.615885 0.917969 0.602865 0.918945 0.601562 0.907227 0.579427
0 0.926758 0.648438 0.920898 0.648438 0.919922 0.651042 0.914062 0.641927 0.913086 0.638021 0.907227 0.638021 0.881836 0.651042 0.865234 0.648438 0.865234 0.652344 0.862305 0.656250 0.861328 0.664062 0.864258 0.674479 0.870117 0.682292 0.869141 0.686198 0.865234 0.686198 0.865234 0.690104 0.872070 0.700521 0.874023 0.700521 0.884766 0.712240 0.905273 0.709635 0.908203 0.699219 0.910156 0.701823 0.911133 0.709635 0.922852 0.709635 0.922852 0.703125 0.916992 0.708333 0.913086 0.708333 0.912109 0.707031 0.912109 0.700521 0.917969 0.694010 0.920898 0.694010 0.922852 0.696615 0.922852 0.688802 0.926758 0.667969
0 0.944336 0.565104 0.940430 0.566406 0.936523 0.571615 0.933594 0.572917 0.926758 0.582031 0.925781 0.582031 0.921875 0.587240 0.920898 0.587240 0.920898 0.588542 0.918945 0.591146 0.917969 0.591146 0.917969 0.596354 0.919922 0.600260 0.919922 0.622396 0.917969 0.627604 0.919922 0.632812 0.923828 0.635417 0.926758 0.639323 0.928711 0.638021 0.931641 0.638021 0.935547 0.634115 0.938477 0.632812 0.940430 0.630208 0.945312 0.627604 0.948242 0.623698 0.951172 0.622396 0.956055 0.617188 0.958984 0.615885 0.961914 0.610677 0.961914 0.589844 0.960938 0.588542 0.960938 0.585938 0.958008 0.582031 0.956055 0.582031 0.950195 0.574219 0.948242 0.569010
