0 0.089844 0.570312 0.085938 0.569010 0.084961 0.567708 0.077148 0.567708 0.073242 0.570312 0.071289 0.572917 0.068359 0.574219 0.066406 0.576823 0.063477 0.578125 0.061523 0.580729 0.060547 0.580729 0.048828 0.593750 0.046875 0.598958 0.046875 0.602865 0.047852 0.604167 0.047852 0.608073 0.048828 0.609375 0.048828 0.611979 0.051758 0.615885 0.051758 0.617188 0.052734 0.617188 0.058594 0.625000 0.059570 0.627604 0.068359 0.627604 0.069336 0.626302 0.072266 0.626302 0.077148 0.622396 0.079102 0.622396 0.084961 0.618490 0.086914 0.618490 0.096680 0.610677 0.098633 0.605469 0.098633 0.602865 0.099609 0.601562 0.099609 0.589844 0.098633 0.587240 0.093750 0.580729
0 0.165039 0.596354 0.163086 0.595052 0.162109 0.592448 0.159180 0.589844 0.144531 0.588542 0.139648 0.593750 0.134766 0.593750 0.126953 0.598958 0.119141 0.606771 0.115234 0.608073 0.112305 0.615885 0.113281 0.617188 0.113281 0.621094 0.114258 0.622396 0.114258 0.625000 0.115234 0.626302 0.115234 0.628906 0.117188 0.634115 0.120117 0.638021 0.122070 0.638021 0.126953 0.641927 0.128906 0.641927 0.129883 0.643229 0.134766 0.643229 0.144531 0.635417 0.146484 0.635417 0.147461 0.634115 0.152344 0.634115 0.153320 0.632812 0.156250 0.632812 0.157227 0.631510 0.161133 0.631510 0.165039 0.626302 0.164062 0.625000 0.164062 0.621094 0.166016 0.618490
0 0.160156 0.636719 0.149414 0.636719 0.139648 0.644531 0.134766 0.645833 0.131836 0.649740 0.127930 0.660156 0.127930 0.671875 0.126953 0.674479 0.127930 0.675781 0.127930 0.687500 0.128906 0.690104 0.131836 0.694010 0.141602 0.700521 0.143555 0.700521 0.149414 0.709635 0.158203 0.708333 0.160156 0.705729 0.161133 0.705729 0.163086 0.700521 0.165039 0.697917 0.167969 0.696615 0.170898 0.691406 0.170898 0.675781 0.169922 0.674479 0.169922 0.662760 0.168945 0.661458 0.168945 0.653646 0.167969 0.652344 0.167969 0.648438 0.166992 0.647135 0.166992 0.644531 0.163086 0.639323 0.163086 0.638021 0.161133 0.638021
0 0.172852 0.588542 0.168945 0.596354 0.168945 0.617188 0.169922 0.618490 0.169922 0.622396 0.171875 0.627604 0.174805 0.631510 0.175781 0.631510 0.179688 0.635417 0.183594 0.635417 0.184570 0.636719 0.193359 0.638021 0.194336 0.636719 0.198242 0.636719 0.199219 0.635417 0.206055 0.634115 0.209961 0.630208 0.210938 0.630208 0.213867 0.626302 0.213867 0.621094 0.214844 0.619792 0.214844 0.613281 0.213867 0.611979 0.214844 0.610677 0.214844 0.606771 0.215820 0.605469 0.214844 0.596354 0.213867 0.595052 0.212891 0.589844 0.205078 0.580729 0.201172 0.578125 0.197266 0.578125 0.196289 0.576823 0.188477 0.576823 0.180664 0.582031 0.173828 0.588542
0 0.215820 0.513021 0.213867 0.513021 0.212891 0.511719 0.208008 0.511719 0.207031 0.510417 0.203125 0.510417 0.202148 0.511719 0.198242 0.511719 0.197266 0.513021 0.194336 0.513021 0.193359 0.514323 0.189453 0.514323 0.188477 0.515625 0.186523 0.515625 0.181641 0.522135 0.177734 0.532552 0.177734 0.539062 0.178711 0.540365 0.180664 0.550781 0.182617 0.555990 0.184570 0.558594 0.187500 0.569010 0.191406 0.571615 0.203125 0.571615 0.204102 0.572917 0.206055 0.571615 0.214844 0.571615 0.218750 0.569010 0.219727 0.566406 0.219727 0.563802 0.218750 0.562500 0.218750 0.557292 0.217773 0.555990 0.217773 0.531250 0.218750 0.529948 0.218750 0.522135 0.217773 0.520833 0.217773 0.515625
0 0.142578 0.524740 0.133789 0.524740 0.132812 0.526042 0.130859 0.526042 0.126953 0.528646 0.125000 0.531250 0.122070 0.532552 0.120117 0.535156 0.117188 0.536458 0.113281 0.541667 0.109375 0.544271 0.109375 0.552083 0.112305 0.558594 0.123047 0.574219 0.123047 0.576823 0.125000 0.582031 0.126953 0.584635 0.132812 0.588542 0.134766 0.588542 0.137695 0.584635 0.140625 0.584635 0.141602 0.585938 0.145508 0.584635 0.144531 0.583333 0.144531 0.578125 0.150391 0.570312 0.151367 0.565104 0.160156 0.554688 0.162109 0.549479 0.162109 0.542969 0.164062 0.540365 0.163086 0.537760 0.160156 0.537760 0.158203 0.535156 0.154297 0.533854
0 0.126953 0.505208 0.123047 0.500000 0.121094 0.498698 0.119141 0.498698 0.118164 0.497396 0.115234 0.497396 0.114258 0.496094 0.114258 0.493490 0.111328 0.490885 0.108398 0.490885 0.107422 0.489583 0.105469 0.489583 0.104492 0.490885 0.097656 0.490885 0.094727 0.493490 0.092773 0.493490 0.088867 0.496094 0.083008 0.503906 0.083008 0.505208 0.081055 0.506510 0.079102 0.514323 0.076172 0.518229 0.076172 0.524740 0.078125 0.529948 0.080078 0.529948 0.087891 0.535156 0.089844 0.535156 0.090820 0.536458 0.092773 0.536458 0.093750 0.537760 0.095703 0.537760 0.096680 0.539062 0.098633 0.539062 0.099609 0.540365 0.101562 0.540365 0.105469 0.542969 0.108398 0.542969 0.114258 0.539062 0.118164 0.533854 0.119141 0.533854 0.126953 0.526042 0.127930 0.523438 0.127930 0.520833 0.128906 0.519531 0.128906 0.515625 0.127930 0.514323 0.127930 0.509115 0.126953 0.507812
0 0.087891 0.421875 0.082031 0.429688 0.082031 0.430990 0.080078 0.433594 0.080078 0.437500 0.079102 0.438802 0.079102 0.450521 0.080078 0.451823 0.080078 0.455729 0.083984 0.464844 0.093750 0.476562 0.095703 0.476562 0.098633 0.479167 0.101562 0.479167 0.102539 0.480469 0.109375 0.480469 0.111328 0.481771 0.112305 0.480469 0.115234 0.480469 0.117188 0.477865 0.120117 0.476562 0.122070 0.473958 0.123047 0.468750 0.125000 0.466146 0.125000 0.464844 0.130859 0.457031 0.130859 0.449219 0.128906 0.447917 0.126953 0.451823 0.125977 0.450521 0.125977 0.444010 0.127930 0.442708 0.127930 0.438802 0.125000 0.433594 0.125000 0.430990 0.122070 0.427083 0.120117 0.425781 0.116211 0.425781 0.115234 0.424479 0.107422 0.424479 0.106445 0.423177 0.101562 0.423177 0.100586 0.421875 0.096680 0.421875 0.095703 0.420573 0.089844 0.420573
0 0.135742 0.468750 0.134766 0.471354 0.134766 0.477865 0.132812 0.484375 0.132812 0.489583 0.131836 0.490885 0.131836 0.496094 0.129883 0.502604 0.129883 0.514323 0.131836 0.519531 0.139648 0.520833 0.140625 0.522135 0.147461 0.522135 0.148438 0.520833 0.152344 0.520833 0.160156 0.515625 0.165039 0.515625 0.166016 0.514323 0.174805 0.514323 0.175781 0.515625 0.181641 0.516927 0.183594 0.513021 0.178711 0.509115 0.172852 0.509115 0.170898 0.506510 0.170898 0.502604 0.173828 0.500000 0.176758 0.494792 0.177734 0.494792 0.180664 0.488281 0.181641 0.479167 0.179688 0.475260 0.171875 0.475260 0.170898 0.473958 0.166016 0.472656 0.160156 0.467448 0.156250 0.466146 0.155273 0.463542 0.150391 0.459635 0.143555 0.464844 0.138672 0.466146
0 0.171875 0.401042 0.168945 0.401042 0.167969 0.402344 0.163086 0.403646 0.155273 0.408854 0.153320 0.411458 0.150391 0.412760 0.149414 0.415365 0.146484 0.419271 0.145508 0.419271 0.145508 0.420573 0.142578 0.425781 0.142578 0.430990 0.143555 0.432292 0.143555 0.440104 0.144531 0.441406 0.144531 0.445312 0.145508 0.446615 0.145508 0.449219 0.150391 0.457031 0.154297 0.459635 0.156250 0.459635 0.157227 0.460938 0.166992 0.460938 0.170898 0.458333 0.173828 0.458333 0.177734 0.453125 0.180664 0.451823 0.188477 0.444010 0.188477 0.436198 0.187500 0.434896 0.187500 0.429688 0.186523 0.428385 0.186523 0.421875 0.184570 0.416667 0.182617 0.414062 0.181641 0.414062
0 0.209961 0.378906 0.207031 0.378906 0.206055 0.377604 0.204102 0.377604 0.198242 0.381510 0.191406 0.381510 0.190430 0.382812 0.187500 0.382812 0.183594 0.385417 0.179688 0.390625 0.175781 0.393229 0.172852 0.397135 0.173828 0.403646 0.174805 0.403646 0.186523 0.417969 0.187500 0.420573 0.187500 0.425781 0.188477 0.427083 0.188477 0.436198 0.191406 0.441406 0.194336 0.441406 0.195312 0.442708 0.205078 0.442708 0.208008 0.438802 0.210938 0.437500 0.216797 0.429688 0.216797 0.421875 0.214844 0.419271 0.214844 0.416667 0.213867 0.415365 0.214844 0.410156 0.216797 0.406250 0.216797 0.394531 0.215820 0.393229 0.215820 0.386719 0.214844 0.384115
0 0.234375 0.428385 0.231445 0.432292 0.229492 0.438802 0.227539 0.441406 0.225586 0.446615 0.223633 0.447917 0.216797 0.457031 0.215820 0.459635 0.215820 0.464844 0.217773 0.467448 0.219727 0.472656 0.219727 0.477865 0.224609 0.488281 0.225586 0.488281 0.228516 0.492188 0.232422 0.492188 0.235352 0.496094 0.239258 0.498698 0.241211 0.498698 0.242188 0.497396 0.247070 0.497396 0.255859 0.488281 0.255859 0.486979 0.259766 0.480469 0.262695 0.470052 0.259766 0.466146 0.257812 0.460938 0.257812 0.455729 0.256836 0.454427 0.256836 0.444010 0.255859 0.442708 0.255859 0.440104 0.251953 0.434896 0.251953 0.433594 0.248047 0.429688 0.244141 0.429688 0.243164 0.428385
0 0.212891 0.309896 0.207031 0.309896 0.202148 0.315104 0.197266 0.316406 0.194336 0.319010 0.191406 0.319010 0.190430 0.320312 0.185547 0.321615 0.181641 0.325521 0.180664 0.325521 0.177734 0.329427 0.176758 0.329427 0.176758 0.333333 0.175781 0.334635 0.175781 0.345052 0.176758 0.347656 0.178711 0.350260 0.181641 0.351562 0.185547 0.356771 0.186523 0.356771 0.193359 0.365885 0.199219 0.369792 0.206055 0.369792 0.207031 0.368490 0.208984 0.368490 0.211914 0.364583 0.212891 0.364583 0.219727 0.354167 0.223633 0.354167 0.227539 0.348958 0.228516 0.346354 0.226562 0.339844 0.222656 0.334635 0.221680 0.334635 0.218750 0.330729 0.217773 0.330729 0.212891 0.325521 0.210938 0.320312 0.211914 0.315104 0.212891 0.313802
0 0.216797 0.305990 0.216797 0.307292 0.213867 0.311198 0.213867 0.313802 0.211914 0.317708 0.211914 0.321615 0.214844 0.326823 0.215820 0.326823 0.217773 0.329427 0.224609 0.334635 0.227539 0.338542 0.227539 0.339844 0.229492 0.342448 0.230469 0.342448 0.238281 0.352865 0.240234 0.354167 0.254883 0.352865 0.258789 0.347656 0.259766 0.347656 0.261719 0.342448 0.261719 0.338542 0.262695 0.337240 0.263672 0.329427 0.261719 0.324219 0.257812 0.319010 0.257812 0.316406 0.256836 0.315104 0.256836 0.308594 0.255859 0.307292 0.255859 0.298177 0.254883 0.298177 0.250977 0.292969 0.245117 0.289062 0.239258 0.289062 0.238281 0.290365 0.230469 0.292969 0.226562 0.296875 0.224609 0.296875
0 0.286133 0.242188 0.283203 0.242188 0.280273 0.244792 0.278320 0.244792 0.275391 0.247396 0.273438 0.247396 0.272461 0.248698 0.271484 0.248698 0.270508 0.250000 0.268555 0.250000 0.267578 0.251302 0.264648 0.251302 0.263672 0.252604 0.259766 0.252604 0.256836 0.256510 0.256836 0.257812 0.255859 0.259115 0.255859 0.263021 0.254883 0.264323 0.254883 0.272135 0.255859 0.273438 0.255859 0.278646 0.256836 0.279948 0.256836 0.282552 0.257812 0.283854 0.257812 0.285156 0.263672 0.291667 0.265625 0.291667 0.266602 0.290365 0.270508 0.290365 0.271484 0.291667 0.273438 0.291667 0.274414 0.292969 0.280273 0.292969 0.281250 0.291667 0.283203 0.291667 0.286133 0.289062 0.289062 0.289062 0.290039 0.287760 0.291992 0.287760 0.292969 0.289062 0.293945 0.289062 0.294922 0.287760 0.294922 0.286458 0.297852 0.279948 0.297852 0.276042 0.298828 0.274740 0.298828 0.265625 0.297852 0.264323 0.297852 0.261719 0.296875 0.260417 0.296875 0.257812 0.295898 0.256510 0.295898 0.255208
0 0.322266 0.160156 0.316406 0.160156 0.315430 0.161458 0.308594 0.161458 0.307617 0.162760 0.301758 0.162760 0.300781 0.164062 0.298828 0.164062 0.295898 0.166667 0.291016 0.174479 0.287109 0.186198 0.282227 0.192708 0.281250 0.192708 0.277344 0.199219 0.276367 0.213542 0.277344 0.214844 0.278320 0.221354 0.281250 0.226562 0.282227 0.230469 0.285156 0.234375 0.285156 0.236979 0.286133 0.238281 0.288086 0.238281 0.293945 0.244792 0.293945 0.247396 0.295898 0.246094 0.294922 0.240885 0.296875 0.238281 0.298828 0.238281 0.299805 0.239583 0.308594 0.239583 0.319336 0.230469 0.319336 0.217448 0.320312 0.216146 0.320312 0.208333 0.322266 0.204427 0.322266 0.192708 0.323242 0.191406 0.323242 0.188802 0.326172 0.186198 0.326172 0.173177 0.325195 0.171875 0.324219 0.162760
0 0.383789 0.177083 0.382812 0.177083 0.378906 0.173177 0.369141 0.173177 0.368164 0.174479 0.360352 0.174479 0.359375 0.175781 0.346680 0.177083 0.345703 0.178385 0.341797 0.179688 0.338867 0.183594 0.337891 0.186198 0.337891 0.192708 0.336914 0.194010 0.341797 0.205729 0.341797 0.208333 0.346680 0.216146 0.346680 0.220052 0.347656 0.222656 0.350586 0.226562 0.352539 0.227865 0.363281 0.227865 0.364258 0.226562 0.370117 0.226562 0.371094 0.225260 0.373047 0.225260 0.378906 0.221354 0.380859 0.218750 0.384766 0.208333 0.384766 0.205729 0.389648 0.194010 0.388672 0.184896 0.384766 0.179688
0 0.373047 0.277344 0.373047 0.283854 0.374023 0.285156 0.374023 0.294271 0.375000 0.295573 0.375000 0.298177 0.375977 0.299479 0.375977 0.302083 0.376953 0.303385 0.376953 0.308594 0.379883 0.312500 0.380859 0.311198 0.380859 0.308594 0.382812 0.304688 0.383789 0.304688 0.386719 0.302083 0.388672 0.302083 0.389648 0.300781 0.398438 0.300781 0.399414 0.302083 0.406250 0.303385 0.413086 0.308594 0.416016 0.308594 0.416016 0.302083 0.416992 0.300781 0.416992 0.292969 0.416016 0.291667 0.416016 0.289062 0.415039 0.287760 0.412109 0.278646 0.410156 0.276042 0.407227 0.276042 0.406250 0.274740 0.401367 0.274740 0.400391 0.276042 0.399414 0.274740 0.393555 0.274740 0.392578 0.273438 0.381836 0.273438 0.380859 0.274740 0.378906 0.274740 0.375977 0.277344
0 0.302734 0.291667 0.299805 0.295573 0.299805 0.296875 0.295898 0.303385 0.295898 0.305990 0.294922 0.307292 0.294922 0.311198 0.293945 0.312500 0.293945 0.329427 0.299805 0.343750 0.300781 0.343750 0.304688 0.348958 0.305664 0.348958 0.310547 0.356771 0.318359 0.356771 0.321289 0.354167 0.324219 0.354167 0.326172 0.348958 0.329102 0.345052 0.330078 0.345052 0.333984 0.338542 0.333984 0.335938 0.339844 0.320312 0.339844 0.311198 0.338867 0.308594 0.333984 0.302083 0.330078 0.302083 0.329102 0.300781 0.324219 0.299479 0.319336 0.294271 0.311523 0.294271 0.310547 0.292969 0.307617 0.292969 0.306641 0.291667
0 0.283203 0.350260 0.280273 0.350260 0.278320 0.348958 0.277344 0.350260 0.270508 0.351562 0.268555 0.354167 0.264648 0.356771 0.262695 0.356771 0.259766 0.359375 0.256836 0.359375 0.255859 0.360677 0.253906 0.360677 0.247070 0.367188 0.246094 0.373698 0.244141 0.377604 0.244141 0.382812 0.245117 0.385417 0.250000 0.391927 0.250000 0.393229 0.259766 0.403646 0.264648 0.403646 0.265625 0.404948 0.272461 0.404948 0.273438 0.403646 0.278320 0.403646 0.282227 0.401042 0.284180 0.398438 0.292969 0.393229 0.295898 0.389323 0.295898 0.367188 0.292969 0.363281 0.292969 0.361979 0.286133 0.352865 0.285156 0.352865
0 0.374023 0.345052 0.371094 0.341146 0.367188 0.339844 0.366211 0.338542 0.357422 0.338542 0.353516 0.341146 0.348633 0.341146 0.347656 0.342448 0.343750 0.342448 0.342773 0.343750 0.335938 0.343750 0.334961 0.345052 0.333008 0.345052 0.329102 0.350260 0.328125 0.354167 0.324219 0.360677 0.324219 0.364583 0.323242 0.365885 0.323242 0.372396 0.324219 0.373698 0.325195 0.381510 0.328125 0.385417 0.328125 0.386719 0.330078 0.388021 0.333008 0.388021 0.337891 0.393229 0.339844 0.393229 0.340820 0.394531 0.342773 0.394531 0.343750 0.393229 0.343750 0.390625 0.341797 0.388021 0.345703 0.385417 0.353516 0.385417 0.354492 0.384115 0.368164 0.385417 0.369141 0.384115 0.373047 0.382812 0.375977 0.377604 0.375977 0.375000 0.378906 0.365885 0.377930 0.355469
0 0.378906 0.309896 0.378906 0.316406 0.375977 0.321615 0.375000 0.325521 0.373047 0.328125 0.373047 0.330729 0.372070 0.332031 0.372070 0.338542 0.377930 0.348958 0.378906 0.352865 0.382812 0.358073 0.392578 0.364583 0.394531 0.367188 0.396484 0.367188 0.397461 0.368490 0.406250 0.368490 0.407227 0.367188 0.411133 0.367188 0.416992 0.363281 0.418945 0.363281 0.427734 0.354167 0.428711 0.350260 0.423828 0.341146 0.419922 0.330729 0.419922 0.325521 0.418945 0.324219 0.416992 0.313802 0.414062 0.309896 0.411133 0.308594 0.407227 0.304688 0.405273 0.304688 0.404297 0.303385 0.400391 0.303385 0.399414 0.302083 0.389648 0.302083 0.388672 0.303385 0.385742 0.303385
0 0.396484 0.411458 0.387695 0.408854 0.386719 0.410156 0.384766 0.410156 0.382812 0.412760 0.379883 0.412760 0.378906 0.414062 0.373047 0.414062 0.372070 0.415365 0.368164 0.415365 0.367188 0.416667 0.365234 0.416667 0.364258 0.417969 0.364258 0.419271 0.362305 0.423177 0.362305 0.425781 0.358398 0.434896 0.358398 0.440104 0.362305 0.445312 0.363281 0.449219 0.367188 0.454427 0.367188 0.455729 0.368164 0.457031 0.369141 0.457031 0.370117 0.458333 0.373047 0.458333 0.375977 0.462240 0.378906 0.462240 0.379883 0.460938 0.387695 0.460938 0.388672 0.459635 0.393555 0.457031 0.395508 0.454427 0.395508 0.453125 0.401367 0.438802 0.401367 0.436198 0.405273 0.428385 0.405273 0.420573 0.403320 0.417969 0.402344 0.417969 0.400391 0.415365 0.399414 0.415365
0 0.297852 0.417969 0.297852 0.423177 0.301758 0.423177 0.305664 0.419271 0.308594 0.419271 0.309570 0.417969 0.314453 0.417969 0.315430 0.419271 0.318359 0.419271 0.320312 0.421875 0.323242 0.423177 0.325195 0.425781 0.326172 0.425781 0.327148 0.427083 0.329102 0.427083 0.330078 0.428385 0.332031 0.428385 0.333008 0.429688 0.335938 0.430990 0.338867 0.434896 0.339844 0.434896 0.340820 0.436198 0.343750 0.436198 0.344727 0.434896 0.343750 0.430990 0.339844 0.425781 0.339844 0.421875 0.336914 0.415365 0.336914 0.411458 0.335938 0.410156 0.335938 0.403646 0.333984 0.401042 0.333008 0.401042 0.330078 0.398438 0.326172 0.398438 0.325195 0.397135 0.322266 0.397135 0.321289 0.395833 0.320312 0.397135 0.317383 0.397135 0.316406 0.398438 0.314453 0.398438 0.310547 0.402344 0.309570 0.402344
0 0.277344 0.447917 0.271484 0.455729 0.271484 0.458333 0.270508 0.459635 0.270508 0.463542 0.269531 0.464844 0.269531 0.467448 0.268555 0.468750 0.268555 0.479167 0.269531 0.480469 0.270508 0.486979 0.281250 0.501302 0.281250 0.502604 0.286133 0.509115 0.287109 0.509115 0.288086 0.510417 0.294922 0.510417 0.295898 0.509115 0.297852 0.509115 0.298828 0.507812 0.302734 0.507812 0.303711 0.506510 0.308594 0.503906 0.309570 0.502604 0.309570 0.500000 0.310547 0.498698 0.310547 0.496094 0.309570 0.494792 0.308594 0.490885 0.307617 0.490885 0.304688 0.486979 0.303711 0.486979 0.300781 0.483073 0.299805 0.483073 0.294922 0.475260 0.293945 0.475260 0.284180 0.463542 0.283203 0.459635 0.280273 0.455729 0.280273 0.454427 0.281250 0.453125 0.281250 0.447917 0.280273 0.446615
0 0.298828 0.420573 0.296875 0.423177 0.293945 0.424479 0.287109 0.432292 0.285156 0.437500 0.285156 0.440104 0.282227 0.445312 0.281250 0.451823 0.282227 0.453125 0.282227 0.458333 0.285156 0.464844 0.286133 0.464844 0.291016 0.471354 0.300781 0.480469 0.309570 0.492188 0.311523 0.492188 0.312500 0.493490 0.316406 0.493490 0.320312 0.489583 0.326172 0.488281 0.328125 0.485677 0.331055 0.484375 0.333984 0.480469 0.333984 0.477865 0.334961 0.476562 0.334961 0.470052 0.337891 0.462240 0.337891 0.459635 0.334961 0.454427 0.334961 0.451823 0.332031 0.445312 0.332031 0.441406 0.331055 0.440104 0.333984 0.436198 0.334961 0.436198 0.335938 0.433594 0.333008 0.429688 0.327148 0.428385 0.318359 0.420573 0.309570 0.419271 0.308594 0.420573 0.305664 0.420573 0.302734 0.423177
0 0.258789 0.524740 0.258789 0.526042 0.253906 0.532552 0.250977 0.533854 0.246094 0.540365 0.245117 0.544271 0.242188 0.548177 0.241211 0.550781 0.241211 0.561198 0.242188 0.562500 0.242188 0.566406 0.241211 0.567708 0.241211 0.570312 0.243164 0.575521 0.246094 0.576823 0.249023 0.580729 0.252930 0.583333 0.255859 0.583333 0.256836 0.584635 0.258789 0.584635 0.262695 0.587240 0.272461 0.587240 0.276367 0.584635 0.277344 0.582031 0.280273 0.578125 0.281250 0.578125 0.281250 0.575521 0.283203 0.571615 0.283203 0.563802 0.281250 0.561198 0.280273 0.557292 0.277344 0.553385 0.275391 0.548177 0.276367 0.546875 0.276367 0.544271 0.278320 0.542969 0.279297 0.540365 0.279297 0.537760 0.277344 0.537760 0.274414 0.533854 0.272461 0.533854 0.270508 0.532552 0.266602 0.527344 0.262695 0.524740
0 0.232422 0.578125 0.231445 0.579427 0.229492 0.579427 0.225586 0.584635 0.224609 0.587240 0.224609 0.591146 0.221680 0.598958 0.219727 0.601562 0.219727 0.604167 0.218750 0.605469 0.218750 0.618490 0.217773 0.619792 0.217773 0.626302 0.220703 0.628906 0.223633 0.628906 0.229492 0.635417 0.231445 0.635417 0.235352 0.638021 0.243164 0.638021 0.247070 0.634115 0.248047 0.634115 0.253906 0.627604 0.255859 0.627604 0.259766 0.625000 0.261719 0.622396 0.261719 0.619792 0.263672 0.614583 0.265625 0.611979 0.265625 0.605469 0.264648 0.602865 0.256836 0.592448 0.255859 0.588542 0.250977 0.583333 0.249023 0.582031 0.247070 0.582031 0.242188 0.578125
0 0.264648 0.625000 0.263672 0.626302 0.259766 0.626302 0.258789 0.627604 0.254883 0.628906 0.252930 0.631510 0.247070 0.635417 0.244141 0.639323 0.242188 0.644531 0.242188 0.647135 0.241211 0.648438 0.241211 0.652344 0.242188 0.653646 0.242188 0.666667 0.241211 0.667969 0.244141 0.673177 0.249023 0.677083 0.250000 0.679688 0.256836 0.687500 0.258789 0.688802 0.262695 0.688802 0.263672 0.690104 0.264648 0.688802 0.267578 0.688802 0.268555 0.691406 0.271484 0.691406 0.272461 0.690104 0.277344 0.688802 0.281250 0.683594 0.282227 0.683594 0.281250 0.682292 0.281250 0.679688 0.284180 0.675781 0.286133 0.675781 0.287109 0.671875 0.290039 0.667969 0.290039 0.664062 0.291016 0.662760 0.291016 0.656250 0.290039 0.654948 0.290039 0.651042 0.289062 0.648438 0.282227 0.643229 0.278320 0.638021 0.278320 0.631510 0.275391 0.626302 0.273438 0.625000
0 0.246094 0.688802 0.244141 0.690104 0.240234 0.695312 0.241211 0.696615 0.241211 0.700521 0.237305 0.703125 0.233398 0.708333 0.232422 0.708333 0.229492 0.713542 0.229492 0.731771 0.230469 0.733073 0.230469 0.736979 0.233398 0.740885 0.234375 0.740885 0.239258 0.748698 0.243164 0.751302 0.250000 0.751302 0.250977 0.752604 0.258789 0.752604 0.261719 0.747396 0.261719 0.744792 0.262695 0.743490 0.263672 0.736979 0.265625 0.733073 0.265625 0.730469 0.268555 0.725260 0.268555 0.721354 0.269531 0.720052 0.269531 0.717448 0.270508 0.716146 0.270508 0.713542 0.272461 0.708333 0.272461 0.704427 0.271484 0.703125 0.269531 0.703125 0.267578 0.701823 0.262695 0.696615 0.260742 0.695312 0.258789 0.695312 0.251953 0.688802
0 0.301758 0.692708 0.297852 0.692708 0.296875 0.694010 0.291992 0.694010 0.291016 0.695312 0.282227 0.695312 0.281250 0.696615 0.278320 0.696615 0.273438 0.705729 0.273438 0.709635 0.271484 0.714844 0.272461 0.731771 0.273438 0.733073 0.273438 0.735677 0.275391 0.740885 0.275391 0.744792 0.276367 0.746094 0.278320 0.746094 0.282227 0.751302 0.284180 0.751302 0.285156 0.752604 0.298828 0.752604 0.299805 0.751302 0.302734 0.751302 0.305664 0.748698 0.307617 0.748698 0.311523 0.746094 0.315430 0.740885 0.315430 0.731771 0.317383 0.726562 0.317383 0.718750 0.314453 0.713542 0.314453 0.712240 0.306641 0.703125 0.305664 0.699219
0 0.321289 0.651042 0.317383 0.654948 0.316406 0.654948 0.313477 0.658854 0.313477 0.660156 0.305664 0.670573 0.304688 0.675781 0.301758 0.683594 0.301758 0.690104 0.303711 0.692708 0.305664 0.699219 0.309570 0.704427 0.309570 0.705729 0.311523 0.708333 0.315430 0.710938 0.318359 0.716146 0.326172 0.721354 0.331055 0.721354 0.333984 0.717448 0.334961 0.713542 0.336914 0.710938 0.339844 0.700521 0.341797 0.697917 0.343750 0.691406 0.345703 0.688802 0.347656 0.683594 0.342773 0.677083 0.341797 0.674479 0.343750 0.669271 0.340820 0.664062 0.334961 0.660156 0.329102 0.652344 0.327148 0.651042
0 0.302734 0.574219 0.291016 0.576823 0.287109 0.579427 0.285156 0.582031 0.280273 0.584635 0.275391 0.591146 0.275391 0.606771 0.276367 0.608073 0.276367 0.614583 0.277344 0.615885 0.277344 0.623698 0.279297 0.627604 0.279297 0.636719 0.284180 0.643229 0.286133 0.643229 0.287109 0.644531 0.291992 0.644531 0.292969 0.643229 0.297852 0.641927 0.305664 0.632812 0.311523 0.628906 0.315430 0.627604 0.315430 0.622396 0.312500 0.614583 0.312500 0.604167 0.314453 0.598958 0.318359 0.593750 0.318359 0.589844 0.315430 0.587240 0.314453 0.583333 0.311523 0.579427 0.309570 0.579427 0.305664 0.575521 0.303711 0.575521
0 0.294922 0.524740 0.292969 0.527344 0.291992 0.527344 0.288086 0.531250 0.287109 0.531250 0.285156 0.533854 0.285156 0.535156 0.281250 0.539062 0.280273 0.542969 0.277344 0.546875 0.277344 0.550781 0.278320 0.552083 0.278320 0.553385 0.281250 0.557292 0.282227 0.561198 0.284180 0.563802 0.285156 0.563802 0.286133 0.565104 0.288086 0.565104 0.292969 0.570312 0.299805 0.570312 0.300781 0.571615 0.302734 0.571615 0.309570 0.576823 0.313477 0.576823 0.319336 0.569010 0.319336 0.567708 0.324219 0.559896 0.324219 0.553385 0.322266 0.549479 0.322266 0.544271 0.321289 0.542969 0.321289 0.539062 0.320312 0.537760 0.320312 0.535156 0.319336 0.533854 0.319336 0.528646 0.316406 0.523438 0.314453 0.523438 0.313477 0.522135 0.302734 0.522135 0.301758 0.523438 0.299805 0.523438 0.298828 0.524740
0 0.325195 0.585938 0.317383 0.596354 0.317383 0.597656 0.314453 0.601562 0.314453 0.604167 0.313477 0.605469 0.313477 0.611979 0.317383 0.618490 0.321289 0.630208 0.325195 0.635417 0.326172 0.639323 0.330078 0.645833 0.332031 0.647135 0.333984 0.647135 0.334961 0.648438 0.336914 0.648438 0.337891 0.649740 0.340820 0.649740 0.341797 0.648438 0.343750 0.648438 0.345703 0.647135 0.349609 0.641927 0.351562 0.634115 0.353516 0.632812 0.353516 0.630208 0.355469 0.627604 0.355469 0.626302 0.352539 0.622396 0.350586 0.615885 0.344727 0.606771 0.344727 0.604167 0.345703 0.602865 0.348633 0.602865 0.348633 0.600260 0.346680 0.600260 0.345703 0.598958 0.341797 0.598958 0.339844 0.596354 0.337891 0.589844 0.335938 0.588542 0.333984 0.588542 0.330078 0.585938
0 0.345703 0.694010 0.344727 0.696615 0.344727 0.700521 0.336914 0.713542 0.335938 0.717448 0.333984 0.720052 0.333984 0.726562 0.335938 0.731771 0.341797 0.738281 0.347656 0.742188 0.349609 0.742188 0.354492 0.746094 0.356445 0.746094 0.360352 0.750000 0.366211 0.753906 0.371094 0.753906 0.374023 0.750000 0.374023 0.748698 0.375977 0.747396 0.383789 0.735677 0.383789 0.733073 0.385742 0.730469 0.385742 0.727865 0.388672 0.720052 0.387695 0.718750 0.385742 0.718750 0.381836 0.713542 0.379883 0.705729 0.375977 0.700521 0.375977 0.699219 0.373047 0.695312 0.372070 0.695312 0.368164 0.691406 0.365234 0.691406 0.364258 0.690104 0.359375 0.690104 0.358398 0.691406 0.349609 0.691406 0.347656 0.694010
0 0.382812 0.520833 0.376953 0.519531 0.375977 0.518229 0.373047 0.518229 0.372070 0.516927 0.362305 0.516927 0.360352 0.515625 0.351562 0.520833 0.346680 0.526042 0.343750 0.527344 0.338867 0.533854 0.338867 0.557292 0.339844 0.558594 0.339844 0.565104 0.341797 0.570312 0.341797 0.575521 0.343750 0.576823 0.346680 0.576823 0.347656 0.575521 0.360352 0.575521 0.361328 0.574219 0.367188 0.574219 0.368164 0.572917 0.371094 0.572917 0.380859 0.563802 0.381836 0.563802 0.387695 0.555990 0.388672 0.555990 0.390625 0.552083 0.390625 0.545573 0.388672 0.540365 0.388672 0.535156 0.387695 0.533854 0.387695 0.531250 0.384766 0.523438
0 0.406250 0.549479 0.399414 0.549479 0.393555 0.553385 0.390625 0.557292 0.387695 0.558594 0.374023 0.574219 0.372070 0.579427 0.373047 0.584635 0.378906 0.600260 0.382812 0.606771 0.384766 0.606771 0.385742 0.608073 0.389648 0.608073 0.390625 0.609375 0.392578 0.609375 0.396484 0.611979 0.401367 0.611979 0.402344 0.610677 0.404297 0.610677 0.408203 0.608073 0.410156 0.605469 0.415039 0.602865 0.415039 0.601562 0.422852 0.591146 0.423828 0.587240 0.427734 0.582031 0.426758 0.572917 0.423828 0.572917 0.421875 0.570312 0.422852 0.561198 0.420898 0.558594 0.418945 0.558594 0.415039 0.555990 0.413086 0.553385 0.409180 0.552083
0 0.396484 0.623698 0.394531 0.625000 0.394531 0.626302 0.385742 0.638021 0.384766 0.638021 0.382812 0.640625 0.381836 0.643229 0.381836 0.660156 0.382812 0.661458 0.382812 0.666667 0.384766 0.669271 0.386719 0.674479 0.391602 0.680990 0.393555 0.680990 0.394531 0.682292 0.401367 0.682292 0.413086 0.674479 0.413086 0.673177 0.415039 0.670573 0.416016 0.670573 0.419922 0.665365 0.420898 0.665365 0.421875 0.661458 0.425781 0.656250 0.427734 0.654948 0.428711 0.652344 0.428711 0.644531 0.427734 0.641927 0.424805 0.641927 0.423828 0.640625 0.421875 0.640625 0.414062 0.630208 0.412109 0.628906 0.410156 0.628906 0.409180 0.627604 0.406250 0.627604 0.405273 0.626302 0.401367 0.626302 0.400391 0.625000 0.397461 0.625000
0 0.422852 0.679688 0.421875 0.680990 0.421875 0.684896 0.422852 0.686198 0.430664 0.687500 0.431641 0.690104 0.429688 0.692708 0.424805 0.692708 0.423828 0.691406 0.419922 0.691406 0.416992 0.686198 0.415039 0.686198 0.402344 0.699219 0.398438 0.710938 0.395508 0.716146 0.393555 0.723958 0.391602 0.726562 0.391602 0.731771 0.394531 0.736979 0.398438 0.739583 0.424805 0.751302 0.428711 0.751302 0.431641 0.750000 0.432617 0.747396 0.435547 0.744792 0.445312 0.725260 0.444336 0.723958 0.443359 0.704427 0.441406 0.700521 0.435547 0.694010 0.437500 0.691406 0.440430 0.690104 0.435547 0.687500 0.434570 0.684896 0.426758 0.683594
0 0.418945 0.488281 0.413086 0.488281 0.411133 0.490885 0.407227 0.493490 0.404297 0.493490 0.403320 0.494792 0.400391 0.494792 0.398438 0.496094 0.396484 0.498698 0.390625 0.502604 0.387695 0.506510 0.386719 0.509115 0.386719 0.511719 0.385742 0.513021 0.385742 0.518229 0.386719 0.519531 0.386719 0.522135 0.388672 0.526042 0.388672 0.528646 0.389648 0.531250 0.391602 0.533854 0.394531 0.535156 0.396484 0.537760 0.401367 0.540365 0.404297 0.544271 0.406250 0.545573 0.410156 0.545573 0.411133 0.546875 0.415039 0.541667 0.418945 0.539062 0.422852 0.539062 0.423828 0.536458 0.423828 0.533854 0.424805 0.532552 0.424805 0.524740 0.426758 0.520833 0.428711 0.520833 0.431641 0.516927 0.430664 0.514323 0.430664 0.505208 0.432617 0.503906 0.432617 0.502604 0.429688 0.498698 0.428711 0.496094 0.424805 0.493490 0.421875 0.489583 0.419922 0.489583
0 0.403320 0.434896 0.400391 0.442708 0.399414 0.450521 0.397461 0.454427 0.397461 0.462240 0.399414 0.466146 0.400391 0.466146 0.405273 0.472656 0.408203 0.473958 0.417969 0.485677 0.424805 0.485677 0.428711 0.483073 0.433594 0.477865 0.441406 0.479167 0.444336 0.476562 0.446289 0.476562 0.450195 0.471354 0.450195 0.454427 0.448242 0.451823 0.448242 0.449219 0.446289 0.444010 0.446289 0.438802 0.445312 0.437500 0.441406 0.436198 0.440430 0.434896 0.435547 0.434896 0.434570 0.433594 0.432617 0.433594 0.425781 0.428385 0.422852 0.428385 0.421875 0.427083 0.416016 0.427083 0.415039 0.425781 0.414062 0.427083 0.410156 0.427083
0 0.443359 0.385417 0.441406 0.388021 0.441406 0.389323 0.437500 0.393229 0.436523 0.393229 0.429688 0.402344 0.429688 0.403646 0.427734 0.406250 0.426758 0.411458 0.425781 0.412760 0.425781 0.425781 0.428711 0.429688 0.430664 0.429688 0.433594 0.432292 0.435547 0.432292 0.436523 0.433594 0.439453 0.433594 0.440430 0.434896 0.444336 0.434896 0.445312 0.436198 0.454102 0.436198 0.455078 0.437500 0.458008 0.437500 0.458984 0.438802 0.463867 0.438802 0.465820 0.437500 0.471680 0.429688 0.473633 0.424479 0.473633 0.421875 0.474609 0.420573 0.477539 0.420573 0.477539 0.416667 0.474609 0.416667 0.473633 0.415365 0.473633 0.412760 0.475586 0.410156 0.475586 0.403646 0.474609 0.401042 0.471680 0.398438 0.471680 0.397135 0.465820 0.388021 0.463867 0.388021 0.462891 0.386719 0.454102 0.386719 0.450195 0.384115 0.446289 0.384115 0.445312 0.385417
0 0.458008 0.246094 0.456055 0.246094 0.453125 0.243490 0.448242 0.242188 0.444336 0.236979 0.441406 0.235677 0.440430 0.236979 0.437500 0.236979 0.434570 0.239583 0.429688 0.240885 0.426758 0.243490 0.421875 0.244792 0.418945 0.247396 0.418945 0.248698 0.413086 0.257812 0.412109 0.274740 0.413086 0.276042 0.413086 0.278646 0.415039 0.281250 0.416016 0.286458 0.417969 0.287760 0.418945 0.292969 0.423828 0.299479 0.433594 0.299479 0.437500 0.296875 0.442383 0.296875 0.443359 0.295573 0.446289 0.295573 0.447266 0.294271 0.449219 0.295573 0.454102 0.295573 0.457031 0.298177 0.459961 0.298177 0.460938 0.296875 0.461914 0.291667 0.465820 0.285156 0.465820 0.273438 0.466797 0.272135 0.466797 0.269531 0.465820 0.268229 0.464844 0.260417 0.461914 0.252604
0 0.485352 0.233073 0.484375 0.234375 0.479492 0.234375 0.477539 0.235677 0.477539 0.236979 0.474609 0.240885 0.470703 0.251302 0.470703 0.263021 0.469727 0.264323 0.469727 0.269531 0.468750 0.270833 0.468750 0.277344 0.467773 0.278646 0.467773 0.282552 0.468750 0.285156 0.473633 0.291667 0.475586 0.292969 0.479492 0.292969 0.480469 0.294271 0.487305 0.294271 0.489258 0.296875 0.490234 0.296875 0.496094 0.292969 0.502930 0.282552 0.503906 0.276042 0.505859 0.273438 0.505859 0.266927 0.507812 0.264323 0.507812 0.260417 0.506836 0.259115 0.506836 0.256510 0.498047 0.240885 0.498047 0.236979 0.496094 0.234375 0.494141 0.233073
0 0.536133 0.205729 0.533203 0.209635 0.532227 0.216146 0.529297 0.223958 0.529297 0.227865 0.528320 0.229167 0.528320 0.234375 0.526367 0.239583 0.526367 0.246094 0.525391 0.247396 0.525391 0.253906 0.526367 0.255208 0.526367 0.259115 0.532227 0.263021 0.535156 0.263021 0.536133 0.264323 0.542969 0.264323 0.543945 0.265625 0.548828 0.265625 0.549805 0.264323 0.553711 0.264323 0.555664 0.261719 0.561523 0.260417 0.564453 0.256510 0.568359 0.256510 0.571289 0.251302 0.571289 0.234375 0.570312 0.233073 0.568359 0.222656 0.563477 0.209635 0.559570 0.205729 0.554688 0.205729 0.553711 0.204427 0.538086 0.204427
0 0.480469 0.315104 0.470703 0.315104 0.469727 0.316406 0.467773 0.316406 0.465820 0.317708 0.464844 0.320312 0.458008 0.328125 0.457031 0.332031 0.451172 0.339844 0.451172 0.347656 0.453125 0.351562 0.453125 0.354167 0.455078 0.358073 0.455078 0.360677 0.456055 0.361979 0.456055 0.364583 0.457031 0.367188 0.458984 0.368490 0.461914 0.372396 0.467773 0.376302 0.469727 0.376302 0.470703 0.377604 0.474609 0.377604 0.475586 0.376302 0.477539 0.376302 0.479492 0.375000 0.483398 0.369792 0.484375 0.367188 0.484375 0.364583 0.486328 0.361979 0.488281 0.356771 0.491211 0.352865 0.493164 0.347656 0.493164 0.345052 0.494141 0.343750 0.495117 0.337240 0.496094 0.335938 0.495117 0.333333 0.495117 0.330729 0.490234 0.322917 0.490234 0.321615 0.488281 0.319010 0.484375 0.316406 0.481445 0.316406
0 0.515625 0.381510 0.512695 0.381510 0.506836 0.385417 0.500000 0.385417 0.499023 0.386719 0.497070 0.386719 0.497070 0.388021 0.493164 0.393229 0.491211 0.399740 0.484375 0.410156 0.481445 0.417969 0.481445 0.421875 0.480469 0.424479 0.481445 0.425781 0.481445 0.428385 0.483398 0.433594 0.493164 0.447917 0.497070 0.450521 0.499023 0.450521 0.500000 0.451823 0.504883 0.451823 0.507812 0.449219 0.515625 0.447917 0.518555 0.445312 0.520508 0.445312 0.524414 0.442708 0.527344 0.437500 0.527344 0.428385 0.528320 0.427083 0.528320 0.412760 0.527344 0.411458 0.526367 0.402344 0.524414 0.397135 0.524414 0.391927 0.522461 0.386719
0 0.473633 0.460938 0.473633 0.462240 0.471680 0.464844 0.471680 0.468750 0.470703 0.470052 0.470703 0.472656 0.468750 0.476562 0.468750 0.479167 0.465820 0.486979 0.465820 0.498698 0.467773 0.503906 0.473633 0.511719 0.475586 0.511719 0.476562 0.513021 0.486328 0.513021 0.487305 0.514323 0.495117 0.514323 0.496094 0.513021 0.499023 0.513021 0.501953 0.510417 0.503906 0.510417 0.506836 0.505208 0.508789 0.500000 0.508789 0.497396 0.511719 0.490885 0.511719 0.466146 0.508789 0.462240 0.508789 0.460938 0.507812 0.460938 0.503906 0.457031 0.501953 0.457031 0.500977 0.455729 0.497070 0.455729 0.496094 0.454427 0.485352 0.454427 0.478516 0.459635 0.475586 0.459635
0 0.474609 0.516927 0.469727 0.511719 0.465820 0.510417 0.463867 0.507812 0.461914 0.507812 0.460938 0.506510 0.457031 0.506510 0.445312 0.514323 0.443359 0.514323 0.441406 0.516927 0.435547 0.520833 0.433594 0.520833 0.426758 0.529948 0.425781 0.532552 0.425781 0.542969 0.426758 0.544271 0.426758 0.552083 0.427734 0.553385 0.428711 0.559896 0.430664 0.562500 0.430664 0.563802 0.433594 0.566406 0.443359 0.566406 0.444336 0.567708 0.451172 0.567708 0.452148 0.569010 0.462891 0.569010 0.463867 0.567708 0.466797 0.567708 0.468750 0.566406 0.468750 0.563802 0.476562 0.550781 0.476562 0.544271 0.475586 0.542969 0.476562 0.522135
0 0.423828 0.592448 0.417969 0.600260 0.416992 0.605469 0.416016 0.606771 0.416016 0.628906 0.417969 0.634115 0.419922 0.636719 0.421875 0.638021 0.424805 0.638021 0.431641 0.643229 0.433594 0.643229 0.437500 0.645833 0.443359 0.645833 0.444336 0.647135 0.454102 0.647135 0.460938 0.643229 0.462891 0.640625 0.462891 0.639323 0.464844 0.636719 0.464844 0.631510 0.468750 0.626302 0.468750 0.609375 0.469727 0.608073 0.469727 0.605469 0.468750 0.604167 0.468750 0.601562 0.465820 0.597656 0.465820 0.596354 0.462891 0.595052 0.459961 0.591146 0.459961 0.584635 0.457031 0.580729 0.447266 0.580729 0.446289 0.582031 0.441406 0.583333 0.432617 0.589844
0 0.500977 0.690104 0.496094 0.687500 0.492188 0.683594 0.488281 0.682292 0.486328 0.679688 0.481445 0.679688 0.480469 0.680990 0.477539 0.680990 0.476562 0.682292 0.472656 0.682292 0.471680 0.683594 0.469727 0.683594 0.462891 0.694010 0.461914 0.699219 0.460938 0.700521 0.460938 0.703125 0.459961 0.704427 0.459961 0.707031 0.458984 0.708333 0.458984 0.729167 0.459961 0.730469 0.459961 0.734375 0.462891 0.739583 0.462891 0.740885 0.463867 0.740885 0.465820 0.743490 0.471680 0.744792 0.472656 0.743490 0.477539 0.743490 0.478516 0.742188 0.482422 0.742188 0.483398 0.740885 0.487305 0.740885 0.488281 0.739583 0.492188 0.739583 0.493164 0.738281 0.498047 0.738281 0.500000 0.733073 0.501953 0.730469 0.500977 0.727865 0.500977 0.713542 0.500000 0.712240 0.500000 0.705729 0.498047 0.700521 0.499023 0.696615 0.500977 0.695312
0 0.483398 0.614583 0.481445 0.615885 0.476562 0.622396 0.473633 0.630208 0.473633 0.639323 0.474609 0.640625 0.474609 0.644531 0.475586 0.645833 0.475586 0.651042 0.476562 0.652344 0.476562 0.657552 0.477539 0.658854 0.477539 0.664062 0.478516 0.665365 0.478516 0.667969 0.482422 0.673177 0.486328 0.675781 0.489258 0.675781 0.490234 0.677083 0.492188 0.675781 0.499023 0.675781 0.500000 0.677083 0.501953 0.677083 0.505859 0.674479 0.510742 0.667969 0.510742 0.658854 0.511719 0.657552 0.511719 0.647135 0.510742 0.645833 0.510742 0.635417 0.509766 0.634115 0.509766 0.630208 0.507812 0.627604 0.499023 0.622396 0.497070 0.619792 0.497070 0.615885 0.494141 0.613281 0.490234 0.613281 0.489258 0.614583
0 0.517578 0.679688 0.514648 0.683594 0.513672 0.683594 0.511719 0.688802 0.507812 0.694010 0.506836 0.694010 0.506836 0.697917 0.505859 0.699219 0.505859 0.705729 0.502930 0.710938 0.502930 0.725260 0.503906 0.726562 0.503906 0.729167 0.505859 0.731771 0.505859 0.733073 0.513672 0.742188 0.515625 0.742188 0.516602 0.743490 0.525391 0.743490 0.526367 0.744792 0.536133 0.744792 0.540039 0.740885 0.541016 0.740885 0.542969 0.735677 0.544922 0.733073 0.545898 0.733073 0.549805 0.727865 0.550781 0.725260 0.550781 0.722656 0.551758 0.721354 0.551758 0.709635 0.550781 0.708333 0.548828 0.697917 0.547852 0.695312 0.543945 0.690104 0.543945 0.688802 0.542969 0.688802 0.538086 0.683594 0.536133 0.683594 0.535156 0.682292 0.525391 0.682292 0.522461 0.679688
0 0.537109 0.615885 0.533203 0.621094 0.528320 0.623698 0.524414 0.630208 0.521484 0.638021 0.521484 0.643229 0.520508 0.644531 0.520508 0.647135 0.519531 0.648438 0.519531 0.651042 0.518555 0.653646 0.519531 0.654948 0.519531 0.657552 0.523438 0.662760 0.524414 0.666667 0.532227 0.678385 0.534180 0.679688 0.537109 0.679688 0.538086 0.680990 0.548828 0.679688 0.553711 0.673177 0.553711 0.671875 0.555664 0.669271 0.557617 0.667969 0.559570 0.667969 0.562500 0.665365 0.562500 0.657552 0.563477 0.656250 0.563477 0.644531 0.564453 0.643229 0.563477 0.640625 0.559570 0.635417 0.558594 0.635417 0.554688 0.630208 0.553711 0.630208 0.543945 0.617188 0.541992 0.617188 0.541016 0.615885
0 0.514648 0.550781 0.508789 0.554688 0.503906 0.561198 0.501953 0.566406 0.501953 0.569010 0.500977 0.570312 0.500977 0.574219 0.500000 0.575521 0.499023 0.583333 0.497070 0.587240 0.497070 0.591146 0.498047 0.593750 0.500977 0.597656 0.501953 0.597656 0.511719 0.611979 0.515625 0.614583 0.517578 0.614583 0.524414 0.622396 0.530273 0.621094 0.534180 0.615885 0.538086 0.605469 0.538086 0.602865 0.543945 0.588542 0.543945 0.585938 0.546875 0.579427 0.547852 0.574219 0.546875 0.572917 0.545898 0.567708 0.537109 0.557292 0.535156 0.555990 0.532227 0.555990 0.531250 0.554688 0.527344 0.554688 0.526367 0.553385 0.524414 0.553385 0.520508 0.550781
0 0.520508 0.490885 0.518555 0.493490 0.516602 0.493490 0.514648 0.494792 0.510742 0.500000 0.510742 0.501302 0.508789 0.503906 0.504883 0.514323 0.504883 0.516927 0.502930 0.520833 0.502930 0.524740 0.508789 0.532552 0.515625 0.536458 0.522461 0.546875 0.524414 0.548177 0.528320 0.548177 0.529297 0.549479 0.537109 0.549479 0.539062 0.548177 0.542969 0.542969 0.543945 0.539062 0.549805 0.528646 0.549805 0.513021 0.548828 0.511719 0.547852 0.505208 0.544922 0.497396 0.541016 0.492188 0.539062 0.490885 0.535156 0.490885 0.534180 0.489583 0.523438 0.489583 0.522461 0.490885
0 0.540039 0.329427 0.536133 0.329427 0.533203 0.332031 0.531250 0.332031 0.527344 0.334635 0.524414 0.342448 0.520508 0.348958 0.520508 0.352865 0.519531 0.354167 0.519531 0.360677 0.518555 0.361979 0.518555 0.364583 0.517578 0.365885 0.517578 0.368490 0.515625 0.373698 0.515625 0.378906 0.517578 0.380208 0.520508 0.384115 0.521484 0.384115 0.524414 0.388021 0.527344 0.388021 0.528320 0.389323 0.530273 0.384115 0.530273 0.381510 0.535156 0.368490 0.545898 0.352865 0.549805 0.350260 0.553711 0.350260 0.554688 0.351562 0.560547 0.351562 0.549805 0.337240 0.548828 0.337240 0.546875 0.334635 0.543945 0.333333
0 0.541992 0.290365 0.540039 0.295573 0.540039 0.308594 0.541016 0.309896 0.541016 0.321615 0.541992 0.322917 0.541992 0.325521 0.543945 0.329427 0.547852 0.330729 0.549805 0.333333 0.549805 0.334635 0.550781 0.334635 0.558594 0.346354 0.559570 0.346354 0.561523 0.348958 0.565430 0.348958 0.568359 0.345052 0.570312 0.345052 0.571289 0.343750 0.577148 0.343750 0.578125 0.342448 0.582031 0.342448 0.585938 0.337240 0.586914 0.337240 0.587891 0.328125 0.589844 0.322917 0.589844 0.311198 0.588867 0.309896 0.588867 0.307292 0.587891 0.305990 0.586914 0.300781 0.580078 0.290365 0.578125 0.290365 0.572266 0.286458 0.570312 0.283854 0.566406 0.282552 0.563477 0.279948 0.558594 0.279948 0.547852 0.287760 0.545898 0.287760
0 0.611328 0.229167 0.606445 0.227865 0.594727 0.235677 0.592773 0.238281 0.588867 0.240885 0.581055 0.251302 0.579102 0.256510 0.579102 0.259115 0.576172 0.265625 0.576172 0.273438 0.578125 0.273438 0.580078 0.276042 0.581055 0.281250 0.582031 0.282552 0.582031 0.287760 0.588867 0.294271 0.592773 0.294271 0.595703 0.291667 0.599609 0.291667 0.600586 0.290365 0.603516 0.290365 0.608398 0.286458 0.611328 0.286458 0.612305 0.285156 0.618164 0.285156 0.621094 0.281250 0.621094 0.278646 0.622070 0.277344 0.621094 0.276042 0.621094 0.272135 0.620117 0.270833 0.620117 0.266927 0.619141 0.265625 0.619141 0.259115 0.618164 0.257812 0.618164 0.250000 0.617188 0.248698 0.617188 0.244792 0.615234 0.239583 0.615234 0.235677
0 0.599609 0.292969 0.595703 0.300781 0.595703 0.303385 0.593750 0.308594 0.593750 0.316406 0.592773 0.317708 0.594727 0.330729 0.591797 0.334635 0.591797 0.335938 0.595703 0.342448 0.599609 0.345052 0.602539 0.345052 0.606445 0.348958 0.620117 0.350260 0.621094 0.348958 0.627930 0.348958 0.629883 0.347656 0.638672 0.337240 0.638672 0.335938 0.641602 0.332031 0.642578 0.326823 0.643555 0.325521 0.642578 0.322917 0.642578 0.316406 0.641602 0.315104 0.641602 0.303385 0.640625 0.302083 0.640625 0.298177 0.629883 0.289062 0.624023 0.287760 0.623047 0.286458 0.612305 0.286458 0.611328 0.287760 0.608398 0.287760 0.601562 0.292969
0 0.545898 0.354167 0.536133 0.368490 0.531250 0.382812 0.531250 0.386719 0.530273 0.388021 0.531250 0.390625 0.531250 0.395833 0.532227 0.397135 0.532227 0.406250 0.531250 0.407552 0.533203 0.412760 0.536133 0.415365 0.538086 0.415365 0.542969 0.419271 0.544922 0.419271 0.548828 0.421875 0.563477 0.421875 0.564453 0.420573 0.570312 0.419271 0.576172 0.415365 0.583008 0.416667 0.584961 0.412760 0.589844 0.408854 0.591797 0.403646 0.591797 0.397135 0.590820 0.394531 0.589844 0.394531 0.583008 0.385417 0.582031 0.385417 0.562500 0.359375 0.559570 0.351562 0.552734 0.350260
0 0.570312 0.365885 0.571289 0.369792 0.577148 0.377604 0.578125 0.377604 0.583984 0.385417 0.589844 0.389323 0.591797 0.391927 0.592773 0.394531 0.592773 0.404948 0.590820 0.407552 0.590820 0.410156 0.592773 0.414062 0.594727 0.415365 0.600586 0.415365 0.602539 0.412760 0.605469 0.411458 0.608398 0.406250 0.610352 0.404948 0.613281 0.404948 0.614258 0.406250 0.619141 0.393229 0.619141 0.389323 0.620117 0.388021 0.620117 0.376302 0.619141 0.375000 0.619141 0.371094 0.617188 0.368490 0.617188 0.367188 0.615234 0.365885 0.609375 0.358073 0.607422 0.352865 0.603516 0.351562 0.602539 0.350260 0.583008 0.350260 0.581055 0.351562
0 0.604492 0.424479 0.600586 0.427083 0.596680 0.432292 0.594727 0.433594 0.591797 0.433594 0.589844 0.434896 0.588867 0.437500 0.584961 0.440104 0.583008 0.440104 0.581055 0.442708 0.580078 0.442708 0.579102 0.445312 0.579102 0.447917 0.578125 0.449219 0.578125 0.454427 0.577148 0.455729 0.577148 0.463542 0.579102 0.466146 0.580078 0.466146 0.586914 0.475260 0.586914 0.476562 0.592773 0.483073 0.596680 0.485677 0.601562 0.485677 0.602539 0.486979 0.612305 0.486979 0.614258 0.485677 0.615234 0.483073 0.615234 0.480469 0.616211 0.479167 0.616211 0.475260 0.619141 0.470052 0.619141 0.467448 0.621094 0.463542 0.621094 0.444010 0.620117 0.442708 0.620117 0.440104 0.619141 0.437500 0.613281 0.428385 0.612305 0.428385 0.610352 0.425781 0.608398 0.425781 0.607422 0.424479
0 0.669922 0.428385 0.666016 0.425781 0.662109 0.425781 0.661133 0.424479 0.656250 0.424479 0.655273 0.423177 0.647461 0.423177 0.646484 0.424479 0.641602 0.424479 0.638672 0.427083 0.635742 0.427083 0.633789 0.428385 0.629883 0.433594 0.629883 0.437500 0.628906 0.438802 0.629883 0.441406 0.629883 0.455729 0.631836 0.460938 0.633789 0.463542 0.637695 0.476562 0.641602 0.481771 0.643555 0.483073 0.648438 0.483073 0.649414 0.481771 0.651367 0.481771 0.657227 0.475260 0.658203 0.475260 0.664062 0.467448 0.666992 0.466146 0.677734 0.453125 0.678711 0.450521 0.678711 0.445312 0.677734 0.444010 0.677734 0.441406
0 0.555664 0.524740 0.553711 0.527344 0.553711 0.531250 0.552734 0.532552 0.552734 0.535156 0.551758 0.536458 0.551758 0.539062 0.549805 0.544271 0.549805 0.549479 0.548828 0.550781 0.548828 0.553385 0.545898 0.558594 0.545898 0.563802 0.546875 0.566406 0.556641 0.578125 0.562500 0.579427 0.563477 0.580729 0.565430 0.580729 0.566406 0.579427 0.573242 0.579427 0.574219 0.578125 0.578125 0.578125 0.582031 0.575521 0.587891 0.575521 0.589844 0.574219 0.594727 0.565104 0.594727 0.562500 0.595703 0.561198 0.595703 0.555990 0.596680 0.554688 0.596680 0.552083 0.595703 0.550781 0.595703 0.545573 0.594727 0.544271 0.594727 0.539062 0.591797 0.531250 0.591797 0.528646 0.589844 0.526042 0.589844 0.524740 0.587891 0.522135 0.585938 0.520833 0.583008 0.520833 0.582031 0.519531 0.567383 0.519531 0.562500 0.523438
0 0.607422 0.492188 0.606445 0.493490 0.602539 0.493490 0.596680 0.497396 0.593750 0.501302 0.592773 0.501302 0.586914 0.509115 0.586914 0.516927 0.587891 0.519531 0.591797 0.524740 0.595703 0.535156 0.596680 0.544271 0.600586 0.554688 0.602539 0.555990 0.606445 0.561198 0.609375 0.561198 0.611328 0.562500 0.614258 0.559896 0.616211 0.559896 0.619141 0.557292 0.623047 0.555990 0.630859 0.545573 0.631836 0.542969 0.631836 0.527344 0.633789 0.523438 0.633789 0.520833 0.632812 0.519531 0.632812 0.516927 0.628906 0.513021 0.625977 0.502604 0.617188 0.497396 0.615234 0.494792 0.613281 0.494792 0.612305 0.493490 0.608398 0.493490
0 0.596680 0.565104 0.594727 0.567708 0.592773 0.572917 0.590820 0.575521 0.589844 0.575521 0.587891 0.580729 0.587891 0.584635 0.586914 0.585938 0.586914 0.592448 0.585938 0.593750 0.585938 0.601562 0.586914 0.602865 0.586914 0.605469 0.587891 0.606771 0.587891 0.610677 0.588867 0.611979 0.588867 0.614583 0.590820 0.618490 0.592773 0.618490 0.595703 0.621094 0.597656 0.621094 0.603516 0.625000 0.614258 0.625000 0.615234 0.623698 0.618164 0.623698 0.625977 0.618490 0.629883 0.611979 0.629883 0.609375 0.630859 0.608073 0.630859 0.604167 0.631836 0.602865 0.631836 0.597656 0.632812 0.596354 0.632812 0.584635 0.630859 0.579427 0.625977 0.574219 0.619141 0.572917 0.612305 0.567708 0.610352 0.567708 0.606445 0.565104
0 0.649414 0.542969 0.641602 0.550781 0.637695 0.553385 0.635742 0.553385 0.631836 0.558594 0.630859 0.558594 0.630859 0.561198 0.633789 0.565104 0.630859 0.569010 0.630859 0.571615 0.633789 0.576823 0.633789 0.579427 0.634766 0.580729 0.634766 0.591146 0.636719 0.593750 0.636719 0.595052 0.642578 0.598958 0.644531 0.601562 0.648438 0.602865 0.650391 0.605469 0.652344 0.605469 0.657227 0.609375 0.659180 0.609375 0.672852 0.591146 0.673828 0.585938 0.682617 0.571615 0.682617 0.566406 0.681641 0.563802 0.680664 0.563802 0.671875 0.553385 0.666992 0.550781 0.661133 0.544271 0.659180 0.544271 0.658203 0.542969
0 0.583984 0.627604 0.583008 0.628906 0.580078 0.628906 0.578125 0.630208 0.569336 0.640625 0.566406 0.641927 0.565430 0.644531 0.565430 0.674479 0.566406 0.675781 0.567383 0.680990 0.572266 0.687500 0.574219 0.687500 0.575195 0.688802 0.579102 0.688802 0.580078 0.690104 0.583008 0.690104 0.587891 0.696615 0.589844 0.697917 0.593750 0.697917 0.597656 0.694010 0.604492 0.690104 0.608398 0.684896 0.610352 0.679688 0.610352 0.662760 0.609375 0.661458 0.609375 0.640625 0.608398 0.639323 0.608398 0.635417 0.607422 0.632812 0.603516 0.628906
0 0.555664 0.704427 0.554688 0.705729 0.554688 0.709635 0.553711 0.710938 0.553711 0.720052 0.552734 0.721354 0.552734 0.727865 0.551758 0.729167 0.551758 0.734375 0.552734 0.736979 0.551758 0.738281 0.551758 0.746094 0.550781 0.747396 0.551758 0.757812 0.553711 0.760417 0.553711 0.761719 0.560547 0.768229 0.590820 0.766927 0.591797 0.765625 0.595703 0.764323 0.597656 0.761719 0.597656 0.750000 0.598633 0.748698 0.598633 0.730469 0.597656 0.729167 0.597656 0.725260 0.595703 0.720052 0.580078 0.705729 0.572266 0.703125 0.567383 0.699219 0.563477 0.699219
0 0.625000 0.755208 0.621094 0.753906 0.620117 0.752604 0.617188 0.752604 0.616211 0.751302 0.610352 0.751302 0.607422 0.748698 0.605469 0.748698 0.603516 0.750000 0.603516 0.751302 0.601562 0.753906 0.598633 0.763021 0.593750 0.769531 0.590820 0.770833 0.589844 0.773438 0.587891 0.776042 0.586914 0.776042 0.585938 0.781250 0.584961 0.782552 0.584961 0.790365 0.585938 0.791667 0.585938 0.794271 0.587891 0.799479 0.594727 0.812500 0.596680 0.813802 0.602539 0.813802 0.606445 0.811198 0.614258 0.811198 0.615234 0.809896 0.618164 0.809896 0.621094 0.807292 0.623047 0.807292 0.625000 0.804688 0.625977 0.804688 0.625977 0.802083 0.627930 0.796875 0.631836 0.790365 0.631836 0.778646 0.630859 0.777344 0.630859 0.773438 0.629883 0.772135 0.629883 0.765625
0 0.611328 0.684896 0.610352 0.686198 0.610352 0.688802 0.605469 0.694010 0.604492 0.699219 0.603516 0.700521 0.603516 0.713542 0.602539 0.714844 0.603516 0.723958 0.602539 0.725260 0.604492 0.729167 0.606445 0.739583 0.611328 0.746094 0.615234 0.748698 0.621094 0.748698 0.626953 0.744792 0.634766 0.742188 0.637695 0.739583 0.643555 0.739583 0.644531 0.738281 0.647461 0.738281 0.649414 0.736979 0.649414 0.712240 0.648438 0.710938 0.648438 0.703125 0.645508 0.695312 0.643555 0.694010 0.640625 0.688802 0.634766 0.684896 0.633789 0.684896 0.631836 0.687500 0.620117 0.686198 0.617188 0.688802 0.614258 0.688802
0 0.644531 0.748698 0.643555 0.751302 0.643555 0.753906 0.644531 0.755208 0.648438 0.755208 0.649414 0.753906 0.651367 0.756510 0.649414 0.759115 0.642578 0.759115 0.639648 0.761719 0.637695 0.761719 0.635742 0.766927 0.637695 0.772135 0.636719 0.774740 0.636719 0.779948 0.635742 0.781250 0.635742 0.792969 0.636719 0.794271 0.636719 0.796875 0.644531 0.808594 0.654297 0.815104 0.667969 0.815104 0.668945 0.816406 0.674805 0.816406 0.677734 0.811198 0.677734 0.808594 0.679688 0.803385 0.682617 0.799479 0.683594 0.796875 0.683594 0.791667 0.685547 0.787760 0.685547 0.770833 0.679688 0.759115 0.672852 0.752604 0.670898 0.752604 0.669922 0.751302 0.665039 0.751302 0.660156 0.748698 0.652344 0.750000 0.651367 0.751302
0 0.709961 0.738281 0.704102 0.742188 0.702148 0.742188 0.698242 0.746094 0.696289 0.746094 0.693359 0.750000 0.692383 0.750000 0.690430 0.753906 0.686523 0.756510 0.686523 0.760417 0.688477 0.764323 0.688477 0.769531 0.689453 0.770833 0.689453 0.789062 0.690430 0.790365 0.691406 0.795573 0.697266 0.804688 0.699219 0.804688 0.704102 0.808594 0.706055 0.808594 0.709961 0.811198 0.719727 0.811198 0.720703 0.809896 0.723633 0.809896 0.727539 0.807292 0.733398 0.798177 0.738281 0.794271 0.738281 0.785156 0.737305 0.783854 0.737305 0.781250 0.738281 0.779948 0.738281 0.774740 0.739258 0.773438 0.738281 0.770833 0.738281 0.760417 0.733398 0.753906 0.730469 0.752604 0.726562 0.747396 0.715820 0.738281
0 0.672852 0.674479 0.670898 0.675781 0.670898 0.677083 0.663086 0.687500 0.662109 0.691406 0.659180 0.695312 0.659180 0.697917 0.658203 0.699219 0.660156 0.703125 0.661133 0.726562 0.665039 0.733073 0.665039 0.734375 0.668945 0.738281 0.670898 0.738281 0.678711 0.743490 0.691406 0.743490 0.701172 0.736979 0.701172 0.735677 0.707031 0.727865 0.708984 0.726562 0.708984 0.722656 0.709961 0.720052 0.708984 0.718750 0.708984 0.696615 0.708008 0.695312 0.708008 0.692708 0.707031 0.690104 0.702148 0.683594 0.700195 0.683594 0.697266 0.680990 0.695312 0.680990 0.691406 0.678385 0.688477 0.678385 0.687500 0.677083 0.684570 0.677083 0.683594 0.675781 0.680664 0.675781 0.679688 0.674479
0 0.666992 0.601562 0.663086 0.606771 0.662109 0.610677 0.659180 0.615885 0.659180 0.621094 0.660156 0.622396 0.661133 0.630208 0.662109 0.631510 0.661133 0.634115 0.661133 0.639323 0.662109 0.640625 0.662109 0.644531 0.665039 0.651042 0.668945 0.651042 0.671875 0.653646 0.676758 0.654948 0.682617 0.658854 0.684570 0.661458 0.686523 0.661458 0.687500 0.662760 0.693359 0.662760 0.703125 0.656250 0.703125 0.654948 0.705078 0.652344 0.705078 0.648438 0.706055 0.647135 0.707031 0.640625 0.709961 0.632812 0.708984 0.630208 0.708984 0.619792 0.708008 0.617188 0.707031 0.617188 0.703125 0.611979 0.699219 0.609375 0.694336 0.608073 0.691406 0.605469 0.688477 0.605469 0.685547 0.602865 0.682617 0.602865 0.677734 0.598958 0.669922 0.598958 0.667969 0.601562
0 0.665039 0.257812 0.661133 0.260417 0.659180 0.268229 0.653320 0.274740 0.649414 0.283854 0.650391 0.286458 0.650391 0.290365 0.652344 0.291667 0.652344 0.299479 0.657227 0.302083 0.660156 0.305990 0.663086 0.307292 0.666016 0.311198 0.668945 0.319010 0.673828 0.316406 0.674805 0.317708 0.677734 0.317708 0.680664 0.320312 0.685547 0.320312 0.689453 0.317708 0.695312 0.308594 0.696289 0.305990 0.696289 0.300781 0.697266 0.299479 0.696289 0.298177 0.696289 0.292969 0.695312 0.291667 0.695312 0.286458 0.694336 0.285156 0.694336 0.274740 0.693359 0.273438 0.693359 0.265625 0.692383 0.263021 0.686523 0.257812 0.683594 0.257812 0.682617 0.256510 0.670898 0.256510 0.669922 0.257812
0 0.736328 0.218750 0.732422 0.225260 0.732422 0.227865 0.729492 0.235677 0.729492 0.264323 0.728516 0.265625 0.728516 0.269531 0.731445 0.273438 0.733398 0.273438 0.734375 0.274740 0.738281 0.274740 0.740234 0.273438 0.744141 0.277344 0.746094 0.277344 0.747070 0.278646 0.760742 0.278646 0.761719 0.279948 0.769531 0.279948 0.770508 0.278646 0.772461 0.278646 0.773438 0.277344 0.773438 0.270833 0.774414 0.269531 0.774414 0.230469 0.775391 0.229167 0.774414 0.222656 0.772461 0.221354 0.769531 0.221354 0.768555 0.220052 0.765625 0.220052 0.764648 0.218750 0.761719 0.218750 0.760742 0.217448 0.738281 0.217448
0 0.701172 0.300781 0.701172 0.304688 0.703125 0.304688 0.704102 0.303385 0.706055 0.304688 0.705078 0.305990 0.705078 0.311198 0.706055 0.312500 0.706055 0.319010 0.708008 0.322917 0.709961 0.321615 0.713867 0.321615 0.714844 0.320312 0.718750 0.320312 0.719727 0.319010 0.721680 0.319010 0.728516 0.312500 0.732422 0.311198 0.737305 0.305990 0.740234 0.305990 0.745117 0.313802 0.749023 0.316406 0.750000 0.319010 0.753906 0.322917 0.755859 0.322917 0.756836 0.320312 0.756836 0.316406 0.755859 0.315104 0.755859 0.307292 0.752930 0.303385 0.751953 0.303385 0.748047 0.298177 0.748047 0.296875 0.744141 0.291667 0.743164 0.291667 0.742188 0.289062 0.734375 0.278646 0.732422 0.277344 0.725586 0.277344 0.724609 0.278646 0.721680 0.278646 0.720703 0.279948 0.715820 0.281250 0.711914 0.286458 0.710938 0.286458 0.707031 0.292969 0.704102 0.294271
0 0.736328 0.309896 0.731445 0.313802 0.727539 0.315104 0.721680 0.320312 0.715820 0.321615 0.712891 0.324219 0.708008 0.324219 0.698242 0.330729 0.698242 0.333333 0.697266 0.334635 0.698242 0.350260 0.703125 0.363281 0.710938 0.372396 0.710938 0.375000 0.711914 0.376302 0.717773 0.377604 0.721680 0.382812 0.726562 0.384115 0.727539 0.385417 0.736328 0.377604 0.740234 0.377604 0.741211 0.376302 0.746094 0.375000 0.748047 0.372396 0.751953 0.361979 0.752930 0.355469 0.754883 0.351562 0.754883 0.337240 0.753906 0.335938 0.753906 0.333333 0.754883 0.332031 0.755859 0.324219 0.750977 0.325521 0.743164 0.313802
0 0.778320 0.334635 0.778320 0.338542 0.777344 0.341146 0.780273 0.345052 0.780273 0.347656 0.782227 0.352865 0.782227 0.356771 0.783203 0.358073 0.783203 0.361979 0.786133 0.369792 0.791992 0.365885 0.793945 0.363281 0.794922 0.363281 0.796875 0.360677 0.800781 0.358073 0.802734 0.358073 0.804688 0.359375 0.806641 0.361979 0.807617 0.361979 0.809570 0.364583 0.813477 0.367188 0.820312 0.367188 0.822266 0.365885 0.825195 0.361979 0.825195 0.358073 0.824219 0.356771 0.824219 0.352865 0.823242 0.351562 0.823242 0.346354 0.822266 0.343750 0.816406 0.335938 0.812500 0.325521 0.808594 0.322917 0.805664 0.322917 0.804688 0.321615 0.791016 0.321615 0.790039 0.322917 0.785156 0.324219 0.779297 0.332031
0 0.804688 0.360677 0.798828 0.360677 0.796875 0.363281 0.793945 0.364583 0.791016 0.368490 0.784180 0.372396 0.781250 0.376302 0.775391 0.380208 0.769531 0.388021 0.769531 0.390625 0.770508 0.391927 0.769531 0.394531 0.769531 0.399740 0.772461 0.403646 0.774414 0.408854 0.772461 0.414062 0.775391 0.419271 0.795898 0.419271 0.796875 0.420573 0.802734 0.420573 0.805664 0.416667 0.817383 0.410156 0.820312 0.406250 0.821289 0.401042 0.822266 0.399740 0.822266 0.395833 0.821289 0.394531 0.820312 0.388021 0.818359 0.384115 0.817383 0.377604 0.816406 0.375000
0 0.725586 0.408854 0.725586 0.410156 0.719727 0.417969 0.719727 0.419271 0.721680 0.424479 0.723633 0.425781 0.726562 0.429688 0.726562 0.430990 0.744141 0.454427 0.744141 0.462240 0.750000 0.462240 0.750977 0.460938 0.753906 0.460938 0.754883 0.459635 0.756836 0.459635 0.758789 0.458333 0.763672 0.451823 0.764648 0.451823 0.766602 0.449219 0.767578 0.446615 0.767578 0.424479 0.765625 0.419271 0.763672 0.416667 0.763672 0.415365 0.762695 0.415365 0.760742 0.412760 0.760742 0.411458 0.755859 0.404948 0.753906 0.403646 0.739258 0.403646 0.738281 0.404948 0.731445 0.404948
0 0.716797 0.420573 0.715820 0.421875 0.713867 0.421875 0.711914 0.423177 0.708984 0.427083 0.706055 0.428385 0.698242 0.438802 0.697266 0.438802 0.694336 0.444010 0.694336 0.450521 0.695312 0.451823 0.695312 0.454427 0.696289 0.455729 0.696289 0.458333 0.697266 0.459635 0.698242 0.466146 0.701172 0.473958 0.704102 0.477865 0.706055 0.477865 0.717773 0.486979 0.725586 0.486979 0.729492 0.484375 0.733398 0.479167 0.737305 0.476562 0.737305 0.475260 0.741211 0.470052 0.741211 0.468750 0.743164 0.466146 0.743164 0.454427 0.741211 0.451823 0.741211 0.450521 0.739258 0.449219 0.727539 0.433594 0.727539 0.432292 0.724609 0.427083 0.723633 0.427083 0.719727 0.421875 0.717773 0.421875
0 0.747070 0.477865 0.746094 0.483073 0.745117 0.484375 0.746094 0.496094 0.751953 0.509115 0.754883 0.509115 0.758789 0.513021 0.760742 0.513021 0.763672 0.515625 0.765625 0.515625 0.767578 0.518229 0.771484 0.518229 0.776367 0.522135 0.790039 0.522135 0.794922 0.515625 0.795898 0.510417 0.798828 0.502604 0.798828 0.497396 0.794922 0.485677 0.794922 0.473958 0.793945 0.471354 0.790039 0.467448 0.788086 0.467448 0.784180 0.464844 0.781250 0.464844 0.780273 0.463542 0.772461 0.462240 0.771484 0.460938 0.765625 0.464844 0.762695 0.464844 0.760742 0.467448 0.756836 0.470052 0.752930 0.475260 0.750977 0.476562 0.748047 0.476562
0 0.795898 0.458333 0.794922 0.460938 0.795898 0.462240 0.795898 0.473958 0.796875 0.475260 0.796875 0.479167 0.799805 0.485677 0.800781 0.492188 0.803711 0.496094 0.807617 0.497396 0.812500 0.501302 0.827148 0.501302 0.828125 0.502604 0.830078 0.502604 0.831055 0.501302 0.836914 0.500000 0.842773 0.493490 0.844727 0.488281 0.844727 0.485677 0.845703 0.484375 0.845703 0.477865 0.842773 0.472656 0.841797 0.468750 0.839844 0.466146 0.838867 0.462240 0.834961 0.457031 0.832031 0.447917 0.829102 0.442708 0.812500 0.441406 0.806641 0.449219 0.802734 0.450521
0 0.864258 0.421875 0.859375 0.427083 0.852539 0.430990 0.847656 0.436198 0.842773 0.438802 0.842773 0.441406 0.844727 0.444010 0.844727 0.449219 0.840820 0.454427 0.840820 0.462240 0.841797 0.463542 0.842773 0.468750 0.848633 0.477865 0.862305 0.486979 0.864258 0.486979 0.865234 0.488281 0.871094 0.488281 0.875000 0.484375 0.875000 0.481771 0.876953 0.479167 0.877930 0.479167 0.881836 0.473958 0.882812 0.473958 0.888672 0.466146 0.889648 0.459635 0.888672 0.458333 0.887695 0.451823 0.885742 0.447917 0.885742 0.445312 0.883789 0.441406 0.883789 0.438802 0.877930 0.429688 0.877930 0.428385 0.875977 0.425781 0.870117 0.421875
0 0.672852 0.518229 0.672852 0.520833 0.671875 0.522135 0.671875 0.533854 0.670898 0.535156 0.671875 0.548177 0.674805 0.552083 0.677734 0.553385 0.684570 0.559896 0.695312 0.559896 0.696289 0.561198 0.702148 0.561198 0.703125 0.562500 0.705078 0.562500 0.710938 0.557292 0.716797 0.557292 0.720703 0.554688 0.723633 0.550781 0.726562 0.544271 0.726562 0.536458 0.727539 0.535156 0.727539 0.532552 0.726562 0.531250 0.726562 0.524740 0.725586 0.523438 0.725586 0.519531 0.724609 0.518229 0.724609 0.513021 0.718750 0.506510 0.711914 0.506510 0.710938 0.505208 0.708984 0.505208 0.705078 0.502604 0.702148 0.502604 0.701172 0.501302 0.693359 0.501302 0.691406 0.503906 0.683594 0.507812 0.676758 0.515625
0 0.794922 0.535156 0.787109 0.527344 0.785156 0.527344 0.784180 0.528646 0.782227 0.528646 0.781250 0.527344 0.777344 0.527344 0.776367 0.528646 0.771484 0.528646 0.770508 0.529948 0.762695 0.529948 0.761719 0.531250 0.760742 0.531250 0.752930 0.540365 0.752930 0.557292 0.753906 0.558594 0.753906 0.561198 0.754883 0.562500 0.754883 0.563802 0.759766 0.570312 0.762695 0.570312 0.763672 0.571615 0.766602 0.571615 0.767578 0.572917 0.772461 0.572917 0.773438 0.574219 0.777344 0.574219 0.778320 0.575521 0.780273 0.575521 0.781250 0.574219 0.784180 0.574219 0.790039 0.565104 0.791016 0.565104 0.793945 0.561198 0.794922 0.561198 0.795898 0.559896 0.795898 0.558594 0.797852 0.554688 0.797852 0.552083 0.798828 0.550781 0.798828 0.546875 0.795898 0.540365 0.795898 0.537760 0.794922 0.536458
0 0.833984 0.507812 0.833008 0.515625 0.831055 0.520833 0.831055 0.527344 0.833008 0.532552 0.833008 0.537760 0.835938 0.541667 0.835938 0.542969 0.839844 0.545573 0.841797 0.545573 0.847656 0.552083 0.849609 0.552083 0.853516 0.555990 0.861328 0.559896 0.862305 0.558594 0.866211 0.558594 0.867188 0.557292 0.869141 0.557292 0.878906 0.550781 0.883789 0.544271 0.885742 0.539062 0.885742 0.533854 0.886719 0.532552 0.886719 0.526042 0.885742 0.524740 0.884766 0.519531 0.881836 0.516927 0.879883 0.516927 0.878906 0.515625 0.875000 0.514323 0.873047 0.511719 0.872070 0.511719 0.867188 0.505208 0.867188 0.503906 0.864258 0.502604 0.861328 0.498698 0.857422 0.496094 0.852539 0.494792 0.851562 0.493490 0.848633 0.493490 0.846680 0.496094 0.841797 0.498698
0 0.905273 0.484375 0.899414 0.484375 0.898438 0.485677 0.893555 0.485677 0.892578 0.486979 0.887695 0.486979 0.886719 0.488281 0.879883 0.488281 0.878906 0.489583 0.874023 0.489583 0.869141 0.497396 0.869141 0.500000 0.868164 0.501302 0.868164 0.503906 0.869141 0.505208 0.869141 0.506510 0.870117 0.507812 0.871094 0.507812 0.875000 0.513021 0.877930 0.513021 0.878906 0.514323 0.880859 0.514323 0.881836 0.515625 0.882812 0.515625 0.886719 0.520833 0.886719 0.523438 0.887695 0.524740 0.887695 0.531250 0.889648 0.533854 0.894531 0.533854 0.895508 0.532552 0.902344 0.532552 0.903320 0.531250 0.905273 0.531250 0.907227 0.528646 0.908203 0.524740 0.911133 0.520833 0.911133 0.518229 0.912109 0.516927 0.912109 0.514323 0.913086 0.513021 0.913086 0.511719 0.917969 0.506510 0.917969 0.505208 0.916992 0.503906 0.916992 0.501302 0.915039 0.498698 0.915039 0.497396 0.913086 0.494792 0.913086 0.493490 0.907227 0.485677 0.906250 0.485677
0 0.702148 0.567708 0.700195 0.570312 0.699219 0.574219 0.696289 0.578125 0.694336 0.583333 0.694336 0.585938 0.693359 0.587240 0.693359 0.592448 0.692383 0.593750 0.692383 0.602865 0.693359 0.605469 0.695312 0.606771 0.697266 0.606771 0.698242 0.608073 0.700195 0.608073 0.702148 0.610677 0.704102 0.610677 0.708008 0.615885 0.711914 0.618490 0.717773 0.618490 0.718750 0.617188 0.736328 0.617188 0.739258 0.611979 0.738281 0.609375 0.738281 0.601562 0.737305 0.600260 0.737305 0.593750 0.736328 0.592448 0.735352 0.585938 0.732422 0.580729 0.728516 0.570312 0.724609 0.567708 0.722656 0.567708 0.721680 0.569010 0.719727 0.569010 0.718750 0.567708 0.711914 0.567708 0.710938 0.566406 0.704102 0.566406
0 0.774414 0.585938 0.773438 0.591146 0.771484 0.593750 0.770508 0.598958 0.768555 0.601562 0.768555 0.604167 0.766602 0.608073 0.766602 0.613281 0.765625 0.614583 0.765625 0.623698 0.763672 0.626302 0.763672 0.634115 0.765625 0.640625 0.781250 0.651042 0.790039 0.652344 0.791016 0.653646 0.791992 0.652344 0.796875 0.652344 0.797852 0.651042 0.799805 0.651042 0.802734 0.648438 0.810547 0.645833 0.816406 0.640625 0.817383 0.625000 0.818359 0.623698 0.818359 0.619792 0.820312 0.614583 0.819336 0.605469 0.817383 0.600260 0.813477 0.595052 0.804688 0.589844 0.799805 0.584635 0.797852 0.584635 0.796875 0.583333 0.786133 0.583333 0.785156 0.584635 0.778320 0.584635 0.777344 0.585938
0 0.841797 0.559896 0.832031 0.574219 0.829102 0.582031 0.825195 0.587240 0.822266 0.595052 0.822266 0.606771 0.825195 0.614583 0.825195 0.617188 0.827148 0.619792 0.829102 0.626302 0.833008 0.630208 0.840820 0.630208 0.844727 0.626302 0.850586 0.626302 0.851562 0.627604 0.854492 0.627604 0.855469 0.626302 0.858398 0.626302 0.863281 0.623698 0.868164 0.623698 0.872070 0.621094 0.874023 0.615885 0.876953 0.611979 0.882812 0.597656 0.882812 0.593750 0.881836 0.591146 0.875977 0.583333 0.863281 0.571615 0.860352 0.570312 0.854492 0.563802 0.847656 0.559896
0 0.931641 0.531250 0.927734 0.531250 0.924805 0.533854 0.921875 0.533854 0.920898 0.535156 0.914062 0.537760 0.907227 0.545573 0.906250 0.549479 0.899414 0.558594 0.899414 0.561198 0.898438 0.562500 0.898438 0.569010 0.900391 0.575521 0.899414 0.576823 0.900391 0.601562 0.903320 0.606771 0.914062 0.608073 0.915039 0.606771 0.917969 0.606771 0.920898 0.601562 0.924805 0.601562 0.925781 0.600260 0.927734 0.601562 0.943359 0.601562 0.944336 0.600260 0.944336 0.597656 0.949219 0.585938 0.949219 0.576823 0.948242 0.575521 0.948242 0.571615 0.946289 0.565104 0.942383 0.558594 0.941406 0.554688 0.938477 0.550781 0.936523 0.541667 0.933594 0.533854
0 0.716797 0.621094 0.713867 0.627604 0.713867 0.630208 0.711914 0.635417 0.711914 0.640625 0.710938 0.641927 0.710938 0.649740 0.711914 0.651042 0.711914 0.656250 0.713867 0.658854 0.714844 0.664062 0.716797 0.665365 0.718750 0.673177 0.722656 0.677083 0.730469 0.678385 0.731445 0.679688 0.735352 0.679688 0.736328 0.680990 0.747070 0.680990 0.754883 0.675781 0.758789 0.669271 0.760742 0.664062 0.760742 0.661458 0.761719 0.660156 0.761719 0.656250 0.762695 0.654948 0.762695 0.644531 0.761719 0.643229 0.761719 0.640625 0.760742 0.639323 0.760742 0.636719 0.758789 0.631510 0.754883 0.627604 0.751953 0.627604 0.748047 0.625000 0.745117 0.625000 0.744141 0.623698 0.741211 0.623698 0.740234 0.622396 0.737305 0.622396 0.736328 0.621094 0.733398 0.621094 0.732422 0.619792 0.719727 0.619792 0.718750 0.621094
0 0.750977 0.692708 0.746094 0.692708 0.745117 0.691406 0.743164 0.691406 0.742188 0.692708 0.737305 0.692708 0.736328 0.694010 0.726562 0.694010 0.725586 0.695312 0.719727 0.695312 0.718750 0.696615 0.715820 0.696615 0.714844 0.697917 0.710938 0.699219 0.710938 0.717448 0.711914 0.718750 0.711914 0.725260 0.712891 0.727865 0.722656 0.740885 0.723633 0.740885 0.730469 0.750000 0.732422 0.751302 0.734375 0.751302 0.735352 0.752604 0.741211 0.752604 0.742188 0.751302 0.746094 0.751302 0.750000 0.748698 0.754883 0.748698 0.760742 0.740885 0.762695 0.735677 0.761719 0.733073 0.761719 0.722656 0.760742 0.720052 0.757812 0.716146 0.754883 0.714844 0.752930 0.712240 0.753906 0.704427 0.754883 0.703125 0.754883 0.697917 0.752930 0.695312 0.752930 0.694010
0 0.776367 0.657552 0.773438 0.661458 0.773438 0.664062 0.771484 0.669271 0.768555 0.673177 0.767578 0.673177 0.765625 0.675781 0.763672 0.675781 0.760742 0.679688 0.760742 0.682292 0.759766 0.683594 0.759766 0.692708 0.758789 0.694010 0.759766 0.696615 0.759766 0.701823 0.761719 0.704427 0.765625 0.707031 0.768555 0.710938 0.769531 0.710938 0.774414 0.716146 0.777344 0.717448 0.779297 0.720052 0.787109 0.720052 0.788086 0.718750 0.794922 0.718750 0.795898 0.717448 0.799805 0.717448 0.806641 0.712240 0.809570 0.707031 0.809570 0.704427 0.811523 0.699219 0.811523 0.692708 0.810547 0.691406 0.809570 0.679688 0.808594 0.678385 0.808594 0.675781 0.807617 0.674479 0.807617 0.671875 0.805664 0.666667 0.802734 0.662760 0.797852 0.662760 0.794922 0.658854 0.794922 0.657552 0.792969 0.657552 0.791992 0.656250 0.778320 0.656250
0 0.848633 0.645833 0.844727 0.649740 0.842773 0.649740 0.839844 0.653646 0.835938 0.656250 0.831055 0.662760 0.828125 0.669271 0.828125 0.675781 0.825195 0.683594 0.828125 0.688802 0.829102 0.694010 0.835938 0.705729 0.838867 0.707031 0.840820 0.709635 0.848633 0.712240 0.853516 0.716146 0.861328 0.717448 0.864258 0.714844 0.865234 0.709635 0.869141 0.700521 0.870117 0.690104 0.872070 0.686198 0.873047 0.678385 0.875977 0.670573 0.875977 0.667969 0.875000 0.666667 0.875000 0.658854 0.873047 0.654948 0.871094 0.654948 0.866211 0.651042 0.863281 0.651042 0.862305 0.649740 0.857422 0.648438 0.854492 0.645833
0 0.877930 0.617188 0.875000 0.622396 0.875000 0.625000 0.874023 0.626302 0.874023 0.632812 0.877930 0.638021 0.877930 0.653646 0.876953 0.654948 0.876953 0.664062 0.880859 0.666667 0.883789 0.670573 0.887695 0.670573 0.888672 0.671875 0.896484 0.673177 0.904297 0.678385 0.911133 0.679688 0.915039 0.682292 0.921875 0.678385 0.927734 0.666667 0.927734 0.660156 0.929688 0.654948 0.929688 0.651042 0.927734 0.644531 0.924805 0.640625 0.921875 0.631510 0.918945 0.627604 0.917969 0.623698 0.909180 0.615885 0.879883 0.615885
0 0.920898 0.623698 0.920898 0.626302 0.923828 0.634115 0.925781 0.636719 0.926758 0.640625 0.928711 0.643229 0.930664 0.648438 0.930664 0.652344 0.932617 0.657552 0.939453 0.667969 0.941406 0.669271 0.948242 0.669271 0.949219 0.670573 0.958984 0.670573 0.959961 0.669271 0.963867 0.669271 0.966797 0.666667 0.968750 0.656250 0.970703 0.652344 0.970703 0.648438 0.973633 0.641927 0.973633 0.630208 0.972656 0.627604 0.964844 0.617188 0.960938 0.614583 0.951172 0.614583 0.950195 0.615885 0.946289 0.615885 0.942383 0.618490 0.937500 0.618490 0.936523 0.619792 0.932617 0.619792 0.931641 0.621094 0.928711 0.621094 0.927734 0.622396 0.921875 0.622396
0 0.922852 0.679688 0.922852 0.690104 0.923828 0.691406 0.923828 0.695312 0.928711 0.705729 0.929688 0.713542 0.936523 0.731771 0.938477 0.734375 0.942383 0.736979 0.947266 0.738281 0.951172 0.734375 0.959961 0.734375 0.960938 0.733073 0.967773 0.731771 0.974609 0.727865 0.981445 0.727865 0.985352 0.723958 0.986328 0.721354 0.985352 0.712240 0.983398 0.707031 0.974609 0.694010 0.972656 0.686198 0.968750 0.679688 0.968750 0.677083 0.965820 0.671875 0.962891 0.671875 0.961914 0.670573 0.960938 0.671875 0.947266 0.671875 0.946289 0.670573 0.940430 0.670573 0.935547 0.673177 0.933594 0.673177 0.932617 0.671875 0.927734 0.671875 0.925781 0.677083
0 0.876953 0.716146 0.875977 0.713542 0.875000 0.713542 0.873047 0.710938 0.871094 0.709635 0.868164 0.709635 0.868164 0.710938 0.865234 0.714844 0.864258 0.717448 0.860352 0.720052 0.857422 0.720052 0.856445 0.718750 0.852539 0.718750 0.840820 0.710938 0.833984 0.710938 0.833984 0.713542 0.834961 0.714844 0.830078 0.727865 0.829102 0.736979 0.832031 0.743490 0.833008 0.743490 0.834961 0.746094 0.840820 0.750000 0.845703 0.750000 0.846680 0.751302 0.850586 0.751302 0.851562 0.752604 0.856445 0.752604 0.860352 0.750000 0.864258 0.750000 0.866211 0.748698 0.870117 0.742188 0.870117 0.738281 0.872070 0.733073 0.872070 0.729167 0.875000 0.725260 0.876953 0.723958
0 0.896484 0.764323 0.890625 0.770833 0.890625 0.774740 0.892578 0.777344 0.892578 0.778646 0.889648 0.786458 0.882812 0.796875 0.882812 0.799479 0.881836 0.800781 0.881836 0.813802 0.883789 0.817708 0.884766 0.822917 0.888672 0.828125 0.892578 0.828125 0.904297 0.835938 0.908203 0.835938 0.909180 0.837240 0.915039 0.837240 0.922852 0.830729 0.927734 0.824219 0.927734 0.821615 0.928711 0.820312 0.928711 0.792969 0.927734 0.791667 0.926758 0.785156 0.924805 0.781250 0.924805 0.777344 0.922852 0.772135 0.918945 0.769531 0.915039 0.769531 0.911133 0.766927 0.903320 0.765625 0.902344 0.764323
0 0.826172 0.768229 0.824219 0.770833 0.823242 0.770833 0.818359 0.779948 0.819336 0.790365 0.817383 0.791667 0.815430 0.795573 0.815430 0.808594 0.820312 0.821615 0.825195 0.829427 0.829102 0.832031 0.834961 0.832031 0.837891 0.834635 0.849609 0.834635 0.850586 0.833333 0.852539 0.833333 0.857422 0.825521 0.857422 0.821615 0.858398 0.819010 0.855469 0.812500 0.855469 0.804688 0.856445 0.803385 0.855469 0.799479 0.856445 0.798177 0.856445 0.792969 0.855469 0.791667 0.855469 0.789062 0.853516 0.785156 0.853516 0.782552 0.851562 0.777344 0.841797 0.770833 0.836914 0.770833 0.833984 0.768229
0 0.796875 0.751302 0.790039 0.751302 0.789062 0.750000 0.778320 0.747396 0.777344 0.748698 0.766602 0.750000 0.765625 0.751302 0.762695 0.751302 0.761719 0.752604 0.758789 0.752604 0.757812 0.753906 0.752930 0.753906 0.751953 0.752604 0.748047 0.753906 0.745117 0.760417 0.745117 0.766927 0.747070 0.770833 0.747070 0.776042 0.748047 0.778646 0.754883 0.787760 0.754883 0.790365 0.756836 0.794271 0.756836 0.799479 0.762695 0.805990 0.768555 0.805990 0.769531 0.804688 0.784180 0.804688 0.785156 0.803385 0.789062 0.803385 0.790039 0.802083 0.794922 0.800781 0.796875 0.798177 0.798828 0.791667 0.803711 0.785156 0.805664 0.779948 0.805664 0.772135 0.803711 0.766927 0.801758 0.764323 0.798828 0.756510 0.798828 0.753906
