0 0.193359 0.104167 0.182617 0.117188 0.177734 0.126302 0.174805 0.136719 0.174805 0.144531 0.176758 0.148438 0.176758 0.153646 0.179688 0.162760 0.184570 0.169271 0.189453 0.184896 0.197266 0.197917 0.200195 0.194010 0.206055 0.196615 0.222656 0.197917 0.230469 0.194010 0.250000 0.174479 0.250977 0.166667 0.251953 0.165365 0.254883 0.166667 0.254883 0.158854 0.252930 0.156250 0.247070 0.139323 0.240234 0.128906 0.234375 0.115885 0.227539 0.110677 0.216797 0.109375 0.210938 0.104167 0.205078 0.101562
0 0.287109 0.114583 0.281250 0.121094 0.278320 0.132812 0.273438 0.140625 0.272461 0.157552 0.275391 0.175781 0.278320 0.177083 0.284180 0.184896 0.288086 0.195312 0.299805 0.197917 0.306641 0.201823 0.324219 0.203125 0.334961 0.195312 0.337891 0.188802 0.336914 0.187500 0.336914 0.178385 0.340820 0.175781 0.344727 0.178385 0.345703 0.157552 0.347656 0.148438 0.347656 0.141927 0.339844 0.127604 0.336914 0.114583 0.333008 0.111979 0.324219 0.111979 0.314453 0.108073 0.297852 0.109375
0 0.199219 0.212240 0.175781 0.207031 0.169922 0.200521 0.167969 0.200521 0.159180 0.209635 0.145508 0.217448 0.141602 0.222656 0.137695 0.233073 0.137695 0.263021 0.142578 0.269531 0.145508 0.268229 0.152344 0.277344 0.155273 0.287760 0.168945 0.287760 0.169922 0.286458 0.173828 0.286458 0.183594 0.281250 0.193359 0.278646 0.208008 0.269531 0.209961 0.264323 0.209961 0.257812 0.210938 0.256510 0.209961 0.239583 0.205078 0.222656
0 0.100586 0.307292 0.100586 0.322917 0.102539 0.334635 0.110352 0.346354 0.123047 0.359375 0.126953 0.367188 0.138672 0.378906 0.141602 0.380208 0.150391 0.378906 0.157227 0.381510 0.163086 0.380208 0.169922 0.365885 0.173828 0.363281 0.177734 0.365885 0.180664 0.364583 0.185547 0.356771 0.185547 0.325521 0.180664 0.320312 0.175781 0.311198 0.171875 0.308594 0.169922 0.302083 0.159180 0.298177 0.151367 0.290365 0.133789 0.289062 0.119141 0.298177 0.103516 0.303385
0 0.192383 0.322917 0.188477 0.332031 0.187500 0.350260 0.196289 0.372396 0.196289 0.375000 0.205078 0.399740 0.209961 0.407552 0.221680 0.415365 0.228516 0.415365 0.234375 0.411458 0.247070 0.408854 0.254883 0.402344 0.254883 0.397135 0.261719 0.382812 0.261719 0.376302 0.257812 0.361979 0.257812 0.352865 0.254883 0.345052 0.254883 0.337240 0.252930 0.333333 0.244141 0.329427 0.236328 0.320312 0.228516 0.316406 0.218750 0.317708 0.209961 0.322917 0.200195 0.322917 0.199219 0.321615
0 0.139648 0.390625 0.125000 0.412760 0.122070 0.421875 0.122070 0.428385 0.121094 0.429688 0.122070 0.445312 0.125977 0.455729 0.134766 0.466146 0.145508 0.470052 0.163086 0.470052 0.167969 0.472656 0.173828 0.472656 0.176758 0.467448 0.189453 0.457031 0.194336 0.450521 0.196289 0.440104 0.196289 0.430990 0.193359 0.425781 0.193359 0.407552 0.192383 0.406250 0.192383 0.401042 0.190430 0.397135 0.185547 0.397135 0.178711 0.388021 0.176758 0.386719 0.170898 0.386719 0.169922 0.385417 0.152344 0.385417 0.151367 0.386719 0.146484 0.386719
0 0.139648 0.489583 0.125977 0.496094 0.116211 0.506510 0.106445 0.519531 0.105469 0.523438 0.094727 0.536458 0.092773 0.541667 0.092773 0.546875 0.095703 0.552083 0.096680 0.558594 0.099609 0.565104 0.099609 0.570312 0.102539 0.575521 0.107422 0.575521 0.120117 0.580729 0.124023 0.580729 0.140625 0.588542 0.149414 0.588542 0.157227 0.583333 0.164062 0.572917 0.166016 0.558594 0.171875 0.549479 0.171875 0.536458 0.166016 0.516927 0.162109 0.511719 0.153320 0.511719 0.146484 0.506510 0.147461 0.502604 0.151367 0.501302 0.158203 0.502604 0.165039 0.497396 0.158203 0.490885 0.154297 0.489583
0 0.220703 0.535156 0.214844 0.535156 0.197266 0.540365 0.183594 0.541667 0.175781 0.548177 0.166992 0.559896 0.166016 0.570312 0.169922 0.580729 0.169922 0.589844 0.173828 0.604167 0.179688 0.613281 0.191406 0.621094 0.198242 0.627604 0.213867 0.625000 0.226562 0.618490 0.232422 0.611979 0.241211 0.606771 0.246094 0.600260 0.249023 0.592448 0.248047 0.574219 0.244141 0.563802 0.242188 0.553385 0.235352 0.545573 0.225586 0.540365
0 0.218750 0.430990 0.208008 0.444010 0.202148 0.454427 0.200195 0.459635 0.199219 0.467448 0.196289 0.473958 0.196289 0.479167 0.193359 0.485677 0.193359 0.489583 0.204102 0.514323 0.211914 0.526042 0.213867 0.526042 0.220703 0.531250 0.237305 0.531250 0.240234 0.529948 0.248047 0.522135 0.251953 0.520833 0.256836 0.514323 0.259766 0.507812 0.261719 0.494792 0.265625 0.486979 0.265625 0.479167 0.262695 0.475260 0.259766 0.459635 0.254883 0.453125 0.240234 0.441406 0.236328 0.441406 0.233398 0.438802 0.231445 0.438802 0.224609 0.430990
0 0.334961 0.307292 0.324219 0.291667 0.319336 0.287760 0.310547 0.283854 0.308594 0.285156 0.282227 0.287760 0.281250 0.289062 0.267578 0.289062 0.263672 0.292969 0.259766 0.304688 0.255859 0.311198 0.251953 0.324219 0.258789 0.341146 0.258789 0.348958 0.262695 0.358073 0.266602 0.363281 0.278320 0.372396 0.282227 0.372396 0.283203 0.373698 0.297852 0.372396 0.298828 0.371094 0.312500 0.368490 0.317383 0.363281 0.318359 0.359375 0.323242 0.352865 0.330078 0.339844 0.331055 0.332031 0.335938 0.319010
0 0.357422 0.207031 0.353516 0.207031 0.348633 0.209635 0.333984 0.221354 0.327148 0.235677 0.327148 0.242188 0.322266 0.266927 0.322266 0.285156 0.323242 0.287760 0.329102 0.291667 0.341797 0.311198 0.345703 0.312500 0.358398 0.312500 0.365234 0.309896 0.372070 0.300781 0.382812 0.291667 0.390625 0.281250 0.394531 0.268229 0.394531 0.261719 0.395508 0.260417 0.395508 0.250000 0.393555 0.240885 0.388672 0.234375 0.373047 0.222656
0 0.458984 0.205729 0.454102 0.205729 0.451172 0.208333 0.445312 0.209635 0.436523 0.217448 0.430664 0.220052 0.425781 0.225260 0.422852 0.225260 0.415039 0.230469 0.410156 0.235677 0.405273 0.247396 0.404297 0.255208 0.408203 0.264323 0.409180 0.270833 0.412109 0.278646 0.415039 0.282552 0.416016 0.294271 0.418945 0.296875 0.419922 0.300781 0.424805 0.304688 0.430664 0.307292 0.439453 0.307292 0.451172 0.303385 0.471680 0.283854 0.474609 0.278646 0.474609 0.273438 0.473633 0.272135 0.473633 0.265625 0.475586 0.259115 0.474609 0.242188 0.464844 0.220052 0.462891 0.209635
0 0.384766 0.300781 0.381836 0.303385 0.379883 0.307292 0.375977 0.308594 0.373047 0.312500 0.369141 0.324219 0.369141 0.330729 0.368164 0.332031 0.368164 0.351562 0.371094 0.355469 0.371094 0.359375 0.372070 0.360677 0.371094 0.367188 0.374023 0.372396 0.380859 0.380208 0.391602 0.380208 0.407227 0.386719 0.413086 0.382812 0.415039 0.378906 0.435547 0.355469 0.436523 0.351562 0.436523 0.338542 0.435547 0.337240 0.435547 0.332031 0.433594 0.322917 0.425781 0.311198 0.420898 0.305990 0.418945 0.305990 0.416016 0.303385 0.413086 0.303385 0.403320 0.298177 0.391602 0.298177 0.388672 0.300781
0 0.340820 0.390625 0.333984 0.381510 0.328125 0.377604 0.325195 0.377604 0.317383 0.373698 0.307617 0.373698 0.296875 0.377604 0.292969 0.376302 0.288086 0.377604 0.285156 0.381510 0.284180 0.386719 0.278320 0.394531 0.271484 0.408854 0.270508 0.425781 0.274414 0.441406 0.280273 0.451823 0.285156 0.455729 0.289062 0.455729 0.290039 0.457031 0.306641 0.458333 0.307617 0.457031 0.330078 0.455729 0.342773 0.432292 0.345703 0.423177 0.345703 0.406250
0 0.371094 0.385417 0.359375 0.397135 0.354492 0.408854 0.352539 0.417969 0.353516 0.432292 0.358398 0.446615 0.365234 0.459635 0.365234 0.464844 0.370117 0.470052 0.381836 0.471354 0.392578 0.475260 0.403320 0.475260 0.410156 0.471354 0.421875 0.457031 0.425781 0.444010 0.407227 0.389323 0.404297 0.386719 0.389648 0.381510 0.384766 0.381510 0.383789 0.382812
0 0.337891 0.454427 0.332031 0.457031 0.319336 0.467448 0.313477 0.468750 0.307617 0.476562 0.302734 0.494792 0.302734 0.503906 0.303711 0.505208 0.303711 0.509115 0.309570 0.522135 0.321289 0.535156 0.340820 0.544271 0.347656 0.544271 0.353516 0.540365 0.361328 0.537760 0.366211 0.532552 0.368164 0.527344 0.368164 0.519531 0.370117 0.511719 0.369141 0.510417 0.370117 0.489583 0.372070 0.481771 0.368164 0.472656 0.364258 0.467448 0.356445 0.462240 0.349609 0.459635 0.342773 0.454427
0 0.291992 0.506510 0.289062 0.506510 0.280273 0.511719 0.276367 0.511719 0.267578 0.516927 0.251953 0.532552 0.247070 0.539062 0.244141 0.548177 0.245117 0.562500 0.252930 0.584635 0.258789 0.589844 0.263672 0.589844 0.267578 0.592448 0.271484 0.597656 0.276367 0.600260 0.286133 0.598958 0.287109 0.597656 0.293945 0.597656 0.303711 0.593750 0.312500 0.585938 0.315430 0.580729 0.321289 0.563802 0.321289 0.545573 0.319336 0.537760 0.301758 0.513021 0.295898 0.511719
0 0.313477 0.602865 0.305664 0.602865 0.302734 0.600260 0.297852 0.600260 0.294922 0.604167 0.286133 0.605469 0.286133 0.606771 0.291016 0.609375 0.296875 0.609375 0.297852 0.610677 0.295898 0.613281 0.285156 0.613281 0.280273 0.610677 0.273438 0.610677 0.272461 0.609375 0.265625 0.611979 0.256836 0.623698 0.250977 0.638021 0.250000 0.654948 0.253906 0.666667 0.270508 0.686198 0.280273 0.691406 0.298828 0.690104 0.309570 0.680990 0.314453 0.673177 0.321289 0.657552 0.322266 0.632812 0.318359 0.618490 0.318359 0.614583
0 0.267578 0.703125 0.263672 0.709635 0.262695 0.714844 0.259766 0.720052 0.258789 0.742188 0.257812 0.743490 0.257812 0.756510 0.259766 0.765625 0.267578 0.772135 0.278320 0.776042 0.298828 0.787760 0.305664 0.787760 0.314453 0.776042 0.319336 0.766927 0.319336 0.763021 0.324219 0.747396 0.325195 0.729167 0.324219 0.727865 0.324219 0.721354 0.321289 0.713542 0.320312 0.714844 0.313477 0.713542 0.309570 0.708333 0.306641 0.707031 0.303711 0.701823 0.296875 0.697917 0.285156 0.699219 0.278320 0.703125 0.275391 0.703125 0.271484 0.707031
0 0.352539 0.731771 0.354492 0.731771 0.356445 0.734375 0.356445 0.736979 0.359375 0.742188 0.359375 0.746094 0.357422 0.748698 0.345703 0.750000 0.333984 0.759115 0.330078 0.757812 0.326172 0.760417 0.325195 0.765625 0.323242 0.768229 0.323242 0.777344 0.328125 0.791667 0.335938 0.832031 0.343750 0.839844 0.355469 0.839844 0.357422 0.841146 0.365234 0.838542 0.370117 0.834635 0.380859 0.821615 0.387695 0.799479 0.387695 0.794271 0.389648 0.789062 0.389648 0.779948 0.388672 0.778646 0.387695 0.760417 0.384766 0.757812 0.382812 0.742188 0.380859 0.739583 0.376953 0.739583 0.357422 0.731771
0 0.347656 0.630208 0.338867 0.638021 0.332031 0.652344 0.331055 0.664062 0.330078 0.665365 0.330078 0.679688 0.331055 0.680990 0.332031 0.692708 0.338867 0.707031 0.339844 0.716146 0.343750 0.721354 0.360352 0.729167 0.377930 0.731771 0.383789 0.723958 0.384766 0.710938 0.389648 0.695312 0.390625 0.674479 0.387695 0.664062 0.388672 0.661458 0.388672 0.653646 0.380859 0.636719 0.377930 0.635417 0.373047 0.630208 0.365234 0.628906 0.364258 0.627604 0.354492 0.627604
0 0.405273 0.782552 0.400391 0.785156 0.398438 0.787760 0.395508 0.795573 0.395508 0.799479 0.390625 0.812500 0.386719 0.829427 0.383789 0.837240 0.383789 0.860677 0.394531 0.875000 0.407227 0.878906 0.414062 0.882812 0.421875 0.882812 0.430664 0.872396 0.436523 0.861979 0.443359 0.846354 0.445312 0.834635 0.449219 0.829427 0.449219 0.825521 0.448242 0.824219 0.445312 0.804688 0.439453 0.794271 0.434570 0.794271 0.428711 0.790365 0.424805 0.790365 0.415039 0.782552
0 0.503906 0.289062 0.498047 0.285156 0.493164 0.289062 0.485352 0.291667 0.478516 0.299479 0.471680 0.303385 0.465820 0.311198 0.463867 0.311198 0.463867 0.313802 0.456055 0.324219 0.450195 0.341146 0.450195 0.356771 0.454102 0.367188 0.458008 0.373698 0.460938 0.372396 0.468750 0.372396 0.469727 0.373698 0.477539 0.375000 0.485352 0.380208 0.488281 0.380208 0.492188 0.377604 0.497070 0.377604 0.500000 0.375000 0.502930 0.375000 0.506836 0.372396 0.510742 0.359375 0.517578 0.347656 0.517578 0.345052 0.519531 0.341146 0.519531 0.333333 0.516602 0.322917 0.510742 0.312500 0.505859 0.299479 0.505859 0.292969
0 0.478516 0.376302 0.470703 0.375000 0.469727 0.373698 0.459961 0.375000 0.456055 0.378906 0.454102 0.378906 0.439453 0.389323 0.433594 0.390625 0.430664 0.393229 0.429688 0.402344 0.424805 0.416667 0.423828 0.429688 0.428711 0.446615 0.433594 0.454427 0.434570 0.458333 0.440430 0.464844 0.451172 0.468750 0.458984 0.468750 0.469727 0.463542 0.474609 0.458333 0.482422 0.453125 0.485352 0.453125 0.489258 0.449219 0.490234 0.446615 0.490234 0.437500 0.493164 0.425781 0.498047 0.417969 0.499023 0.407552 0.496094 0.397135 0.491211 0.388021
0 0.583008 0.290365 0.577148 0.286458 0.569336 0.283854 0.555664 0.285156 0.546875 0.289062 0.526367 0.302083 0.517578 0.304688 0.516602 0.308594 0.513672 0.308594 0.512695 0.309896 0.515625 0.312500 0.516602 0.319010 0.521484 0.330729 0.522461 0.339844 0.527344 0.351562 0.528320 0.359375 0.533203 0.364583 0.537109 0.363281 0.541992 0.371094 0.545898 0.371094 0.546875 0.372396 0.548828 0.371094 0.554688 0.371094 0.555664 0.372396 0.573242 0.371094 0.587891 0.361979 0.591797 0.355469 0.591797 0.337240 0.590820 0.335938 0.589844 0.321615 0.585938 0.304688 0.585938 0.298177
0 0.541992 0.380208 0.540039 0.381510 0.523438 0.404948 0.522461 0.412760 0.520508 0.417969 0.520508 0.423177 0.518555 0.428385 0.518555 0.436198 0.526367 0.458333 0.534180 0.468750 0.542969 0.473958 0.550781 0.475260 0.551758 0.476562 0.553711 0.475260 0.560547 0.475260 0.566406 0.472656 0.571289 0.467448 0.573242 0.467448 0.577148 0.463542 0.581055 0.454427 0.582031 0.438802 0.584961 0.429688 0.584961 0.424479 0.583008 0.420573 0.583008 0.416667 0.580078 0.410156 0.580078 0.407552 0.574219 0.394531 0.568359 0.389323 0.555664 0.385417 0.551758 0.381510
0 0.500977 0.462240 0.486328 0.463542 0.480469 0.470052 0.478516 0.476562 0.469727 0.492188 0.466797 0.492188 0.466797 0.494792 0.463867 0.501302 0.462891 0.514323 0.465820 0.528646 0.469727 0.535156 0.479492 0.545573 0.482422 0.545573 0.485352 0.548177 0.489258 0.548177 0.490234 0.549479 0.494141 0.548177 0.507812 0.548177 0.525391 0.540365 0.534180 0.522135 0.538086 0.516927 0.541016 0.509115 0.541016 0.500000 0.537109 0.489583 0.524414 0.479167 0.521484 0.475260 0.518555 0.473958 0.515625 0.470052 0.513672 0.470052 0.504883 0.463542
0 0.416016 0.506510 0.407227 0.513021 0.390625 0.536458 0.386719 0.553385 0.386719 0.567708 0.387695 0.569010 0.387695 0.572917 0.389648 0.575521 0.401367 0.580729 0.412109 0.583333 0.426758 0.589844 0.429688 0.589844 0.434570 0.592448 0.442383 0.591146 0.451172 0.584635 0.457031 0.576823 0.458984 0.571615 0.458984 0.563802 0.459961 0.562500 0.458984 0.541667 0.454102 0.528646 0.444336 0.515625 0.439453 0.511719 0.430664 0.507812
0 0.416016 0.615885 0.410156 0.623698 0.407227 0.632812 0.402344 0.638021 0.390625 0.658854 0.391602 0.674479 0.395508 0.679688 0.399414 0.682292 0.402344 0.682292 0.407227 0.686198 0.415039 0.687500 0.430664 0.699219 0.438477 0.700521 0.439453 0.701823 0.440430 0.700521 0.443359 0.700521 0.456055 0.683594 0.458008 0.675781 0.458984 0.665365 0.459961 0.664062 0.459961 0.643229 0.458984 0.641927 0.458984 0.635417 0.457031 0.631510 0.458008 0.630208 0.458008 0.622396 0.454102 0.614583 0.451172 0.614583 0.450195 0.613281 0.449219 0.614583 0.446289 0.614583 0.445312 0.613281 0.429688 0.613281 0.424805 0.615885
0 0.408203 0.695312 0.407227 0.700521 0.404297 0.701823 0.399414 0.709635 0.395508 0.721354 0.395508 0.727865 0.394531 0.729167 0.395508 0.748698 0.402344 0.768229 0.409180 0.772135 0.414062 0.778646 0.427734 0.783854 0.434570 0.789062 0.443359 0.790365 0.451172 0.785156 0.458984 0.773438 0.462891 0.756510 0.461914 0.751302 0.462891 0.750000 0.465820 0.752604 0.466797 0.740885 0.463867 0.727865 0.463867 0.720052 0.460938 0.710938 0.457031 0.705729 0.452148 0.703125 0.448242 0.703125 0.447266 0.701823 0.444336 0.704427 0.439453 0.704427 0.438477 0.703125 0.432617 0.703125 0.424805 0.697917 0.419922 0.697917 0.418945 0.696615 0.409180 0.697917
0 0.506836 0.846354 0.502930 0.841146 0.500000 0.839844 0.498047 0.837240 0.494141 0.835938 0.493164 0.834635 0.493164 0.830729 0.491211 0.829427 0.488281 0.829427 0.484375 0.833333 0.466797 0.832031 0.451172 0.839844 0.447266 0.845052 0.447266 0.851562 0.445312 0.854167 0.445312 0.859375 0.446289 0.860677 0.445312 0.863281 0.445312 0.876302 0.446289 0.877604 0.447266 0.888021 0.451172 0.898438 0.451172 0.902344 0.453125 0.904948 0.457031 0.904948 0.458008 0.906250 0.458984 0.904948 0.468750 0.903646 0.469727 0.902344 0.492188 0.902344 0.496094 0.899740 0.500000 0.894531 0.504883 0.882812 0.504883 0.868490 0.505859 0.867188 0.505859 0.860677 0.507812 0.855469
0 0.532227 0.876302 0.530273 0.878906 0.529297 0.882812 0.523438 0.885417 0.513672 0.894531 0.505859 0.895833 0.502930 0.898438 0.500977 0.903646 0.500977 0.919271 0.501953 0.920573 0.501953 0.927083 0.502930 0.928385 0.503906 0.940104 0.505859 0.945312 0.509766 0.950521 0.530273 0.962240 0.538086 0.962240 0.539062 0.960938 0.542969 0.960938 0.545898 0.958333 0.547852 0.958333 0.551758 0.955729 0.555664 0.950521 0.562500 0.946615 0.563477 0.940104 0.558594 0.920573 0.558594 0.916667 0.552734 0.895833 0.542969 0.886719 0.536133 0.877604
0 0.603516 0.876302 0.597656 0.876302 0.588867 0.881510 0.583984 0.882812 0.580078 0.886719 0.576172 0.888021 0.573242 0.891927 0.572266 0.897135 0.567383 0.906250 0.567383 0.908854 0.565430 0.912760 0.565430 0.925781 0.567383 0.930990 0.575195 0.940104 0.577148 0.945312 0.583008 0.953125 0.583984 0.953125 0.592773 0.963542 0.595703 0.963542 0.600586 0.959635 0.602539 0.959635 0.608398 0.955729 0.611328 0.951823 0.616211 0.934896 0.625000 0.919271 0.625000 0.910156 0.623047 0.903646 0.619141 0.899740 0.615234 0.891927
0 0.583984 0.809896 0.581055 0.809896 0.583008 0.813802 0.582031 0.815104 0.576172 0.813802 0.571289 0.809896 0.566406 0.809896 0.563477 0.813802 0.558594 0.813802 0.556641 0.815104 0.541016 0.833333 0.537109 0.847656 0.536133 0.848958 0.532227 0.848958 0.532227 0.858073 0.535156 0.865885 0.538086 0.869792 0.541016 0.880208 0.547852 0.888021 0.550781 0.888021 0.556641 0.894531 0.561523 0.894531 0.568359 0.890625 0.570312 0.888021 0.572266 0.888021 0.579102 0.882812 0.582031 0.882812 0.585938 0.878906 0.591797 0.876302 0.595703 0.867188 0.595703 0.834635 0.591797 0.825521 0.588867 0.822917 0.585938 0.816406 0.583008 0.813802
0 0.625977 0.807292 0.615234 0.813802 0.606445 0.824219 0.606445 0.832031 0.602539 0.837240 0.601562 0.847656 0.605469 0.863281 0.605469 0.869792 0.604492 0.871094 0.610352 0.884115 0.625977 0.903646 0.634766 0.910156 0.638672 0.910156 0.645508 0.903646 0.667969 0.872396 0.668945 0.869792 0.668945 0.851562 0.666992 0.841146 0.657227 0.825521 0.649414 0.819010 0.645508 0.813802 0.642578 0.812500 0.634766 0.812500 0.633789 0.811198 0.630859 0.815104 0.625977 0.817708 0.625000 0.812500 0.626953 0.809896 0.628906 0.809896
0 0.477539 0.742188 0.471680 0.750000 0.471680 0.752604 0.468750 0.756510 0.463867 0.769531 0.464844 0.787760 0.467773 0.795573 0.472656 0.804688 0.478516 0.812500 0.480469 0.812500 0.485352 0.816406 0.488281 0.816406 0.493164 0.819010 0.514648 0.817708 0.516602 0.813802 0.528320 0.799479 0.533203 0.787760 0.533203 0.778646 0.524414 0.763021 0.523438 0.759115 0.519531 0.753906 0.515625 0.744792 0.515625 0.742188 0.512695 0.738281 0.509766 0.736979 0.506836 0.738281 0.486328 0.736979
0 0.466797 0.635417 0.465820 0.636719 0.465820 0.647135 0.467773 0.652344 0.464844 0.660156 0.464844 0.678385 0.466797 0.684896 0.467773 0.705729 0.470703 0.714844 0.472656 0.717448 0.476562 0.718750 0.481445 0.722656 0.504883 0.722656 0.510742 0.713542 0.510742 0.710938 0.515625 0.700521 0.515625 0.696615 0.517578 0.694010 0.517578 0.688802 0.518555 0.687500 0.517578 0.669271 0.513672 0.656250 0.511719 0.652344 0.505859 0.645833 0.502930 0.645833 0.498047 0.648438 0.493164 0.648438 0.492188 0.647135 0.488281 0.647135 0.487305 0.645833 0.480469 0.644531 0.472656 0.638021
0 0.469727 0.553385 0.465820 0.557292 0.464844 0.565104 0.461914 0.570312 0.460938 0.576823 0.458008 0.584635 0.458008 0.589844 0.456055 0.595052 0.457031 0.610677 0.458984 0.615885 0.463867 0.621094 0.464844 0.627604 0.467773 0.632812 0.474609 0.635417 0.481445 0.641927 0.489258 0.645833 0.499023 0.645833 0.501953 0.644531 0.532227 0.604167 0.533203 0.600260 0.533203 0.583333 0.528320 0.575521 0.518555 0.570312 0.511719 0.562500 0.505859 0.558594 0.501953 0.558594 0.493164 0.554688 0.479492 0.553385 0.478516 0.552083
0 0.609375 0.346354 0.601562 0.351562 0.598633 0.358073 0.596680 0.369792 0.592773 0.380208 0.583008 0.391927 0.584961 0.399740 0.584961 0.414062 0.588867 0.425781 0.591797 0.429688 0.597656 0.433594 0.600586 0.433594 0.601562 0.432292 0.623047 0.433594 0.628906 0.430990 0.634766 0.424479 0.642578 0.404948 0.643555 0.399740 0.646484 0.395833 0.646484 0.388021 0.640625 0.368490 0.632812 0.355469 0.621094 0.347656
0 0.696289 0.316406 0.690430 0.316406 0.684570 0.319010 0.670898 0.319010 0.669922 0.317708 0.668945 0.319010 0.660156 0.319010 0.659180 0.320312 0.654297 0.320312 0.652344 0.322917 0.647461 0.324219 0.647461 0.326823 0.649414 0.329427 0.649414 0.351562 0.647461 0.355469 0.647461 0.360677 0.643555 0.367188 0.649414 0.385417 0.652344 0.388021 0.650391 0.390625 0.651367 0.397135 0.653320 0.398438 0.656250 0.397135 0.655273 0.394531 0.656250 0.390625 0.658203 0.390625 0.660156 0.395833 0.667969 0.399740 0.675781 0.398438 0.679688 0.394531 0.692383 0.391927 0.695312 0.386719 0.695312 0.382812 0.698242 0.378906 0.701172 0.364583 0.703125 0.360677 0.703125 0.338542 0.701172 0.332031 0.701172 0.325521
0 0.666992 0.402344 0.660156 0.404948 0.655273 0.410156 0.652344 0.411458 0.646484 0.419271 0.642578 0.428385 0.642578 0.430990 0.637695 0.440104 0.639648 0.444010 0.639648 0.451823 0.641602 0.457031 0.644531 0.473958 0.650391 0.485677 0.654297 0.490885 0.660156 0.494792 0.663086 0.494792 0.666992 0.497396 0.681641 0.498698 0.685547 0.493490 0.688477 0.485677 0.694336 0.477865 0.699219 0.466146 0.701172 0.444010 0.700195 0.442708 0.700195 0.437500 0.698242 0.429688 0.698242 0.419271 0.697266 0.417969 0.697266 0.414062 0.693359 0.407552 0.691406 0.406250 0.680664 0.404948 0.678711 0.402344
0 0.643555 0.496094 0.635742 0.505208 0.629883 0.518229 0.626953 0.529948 0.626953 0.535156 0.625977 0.536458 0.625977 0.549479 0.626953 0.552083 0.639648 0.566406 0.641602 0.566406 0.646484 0.570312 0.654297 0.571615 0.655273 0.572917 0.666016 0.572917 0.666992 0.574219 0.673828 0.572917 0.675781 0.569010 0.686523 0.555990 0.690430 0.549479 0.693359 0.541667 0.695312 0.529948 0.696289 0.528646 0.696289 0.520833 0.695312 0.519531 0.695312 0.513021 0.694336 0.510417 0.689453 0.506510 0.684570 0.506510 0.674805 0.501302 0.661133 0.500000 0.660156 0.498698 0.655273 0.498698 0.651367 0.496094
0 0.543945 0.509115 0.542969 0.513021 0.539062 0.516927 0.533203 0.529948 0.533203 0.535156 0.530273 0.541667 0.530273 0.545573 0.529297 0.546875 0.529297 0.554688 0.527344 0.561198 0.527344 0.570312 0.534180 0.580729 0.536133 0.591146 0.539062 0.596354 0.548828 0.602865 0.553711 0.602865 0.589844 0.575521 0.591797 0.571615 0.592773 0.561198 0.594727 0.555990 0.594727 0.548177 0.591797 0.541667 0.584961 0.536458 0.574219 0.520833 0.565430 0.511719 0.560547 0.511719 0.559570 0.510417 0.558594 0.511719 0.551758 0.511719 0.549805 0.510417 0.548828 0.507812
0 0.570312 0.608073 0.565430 0.605469 0.549805 0.605469 0.544922 0.608073 0.538086 0.608073 0.530273 0.611979 0.520508 0.627604 0.520508 0.634115 0.519531 0.635417 0.520508 0.653646 0.522461 0.657552 0.523438 0.665365 0.525391 0.667969 0.527344 0.675781 0.531250 0.683594 0.537109 0.684896 0.538086 0.683594 0.551758 0.683594 0.552734 0.682292 0.557617 0.682292 0.558594 0.680990 0.568359 0.678385 0.578125 0.670573 0.582031 0.657552 0.582031 0.641927 0.581055 0.640625 0.581055 0.636719 0.579102 0.628906 0.576172 0.622396 0.575195 0.615885
0 0.529297 0.686198 0.526367 0.690104 0.522461 0.691406 0.519531 0.699219 0.519531 0.716146 0.517578 0.721354 0.517578 0.742188 0.518555 0.743490 0.518555 0.747396 0.525391 0.757812 0.530273 0.759115 0.535156 0.763021 0.541992 0.763021 0.545898 0.760417 0.551758 0.759115 0.559570 0.752604 0.566406 0.742188 0.566406 0.739583 0.570312 0.731771 0.570312 0.727865 0.572266 0.721354 0.572266 0.707031 0.569336 0.700521 0.557617 0.687500 0.555664 0.687500 0.554688 0.686198
0 0.587891 0.721354 0.586914 0.725260 0.583008 0.727865 0.573242 0.742188 0.573242 0.747396 0.570312 0.755208 0.571289 0.772135 0.579102 0.783854 0.581055 0.791667 0.585938 0.798177 0.586914 0.802083 0.588867 0.803385 0.593750 0.811198 0.600586 0.815104 0.611328 0.813802 0.617188 0.809896 0.625000 0.799479 0.628906 0.795573 0.630859 0.795573 0.634766 0.790365 0.638672 0.777344 0.638672 0.764323 0.634766 0.752604 0.624023 0.736979 0.619141 0.734375 0.604492 0.733073 0.599609 0.729167 0.593750 0.729167 0.590820 0.723958
0 0.593750 0.641927 0.586914 0.648438 0.583008 0.658854 0.583008 0.664062 0.581055 0.669271 0.579102 0.682292 0.577148 0.686198 0.577148 0.688802 0.574219 0.694010 0.576172 0.704427 0.579102 0.708333 0.583984 0.709635 0.585938 0.712240 0.598633 0.720052 0.601562 0.723958 0.608398 0.727865 0.610352 0.730469 0.613281 0.731771 0.623047 0.731771 0.627930 0.726562 0.630859 0.718750 0.631836 0.712240 0.635742 0.704427 0.636719 0.688802 0.638672 0.684896 0.638672 0.677083 0.636719 0.671875 0.631836 0.665365 0.628906 0.658854 0.620117 0.647135 0.618164 0.645833 0.608398 0.645833 0.607422 0.644531 0.603516 0.645833 0.599609 0.641927
0 0.696289 0.751302 0.693359 0.756510 0.685547 0.757812 0.687500 0.760417 0.687500 0.763021 0.683594 0.768229 0.680664 0.769531 0.672852 0.782552 0.669922 0.794271 0.668945 0.811198 0.665039 0.819010 0.679688 0.835938 0.685547 0.839844 0.694336 0.850260 0.698242 0.850260 0.704102 0.846354 0.718750 0.833333 0.719727 0.824219 0.720703 0.822917 0.720703 0.813802 0.721680 0.812500 0.722656 0.798177 0.723633 0.796875 0.723633 0.783854 0.721680 0.781250 0.719727 0.773438 0.713867 0.768229 0.709961 0.761719 0.704102 0.755208 0.699219 0.753906
0 0.750000 0.782552 0.747070 0.782552 0.747070 0.783854 0.744141 0.787760 0.738281 0.791667 0.726562 0.791667 0.725586 0.792969 0.724609 0.802083 0.723633 0.803385 0.723633 0.809896 0.722656 0.811198 0.722656 0.817708 0.721680 0.819010 0.721680 0.824219 0.720703 0.825521 0.720703 0.830729 0.719727 0.833333 0.714844 0.839844 0.713867 0.839844 0.710938 0.845052 0.716797 0.858073 0.722656 0.864583 0.729492 0.864583 0.732422 0.861979 0.736328 0.861979 0.742188 0.858073 0.744141 0.858073 0.749023 0.852865 0.751953 0.851562 0.756836 0.842448 0.759766 0.833333 0.761719 0.830729 0.761719 0.828125 0.762695 0.826823 0.762695 0.819010 0.760742 0.812500 0.760742 0.807292 0.754883 0.792969 0.753906 0.787760
0 0.596680 0.558594 0.592773 0.574219 0.588867 0.579427 0.580078 0.598958 0.580078 0.611979 0.583008 0.621094 0.586914 0.625000 0.586914 0.627604 0.591797 0.626302 0.593750 0.631510 0.598633 0.634115 0.603516 0.640625 0.609375 0.643229 0.622070 0.641927 0.627930 0.639323 0.638672 0.639323 0.645508 0.632812 0.652344 0.617188 0.653320 0.613281 0.653320 0.601562 0.650391 0.593750 0.635742 0.566406 0.629883 0.558594 0.625977 0.558594 0.625000 0.557292 0.601562 0.555990
0 0.752930 0.420573 0.750977 0.423177 0.750977 0.432292 0.751953 0.433594 0.754883 0.432292 0.755859 0.434896 0.754883 0.436198 0.744141 0.436198 0.742188 0.438802 0.742188 0.442708 0.741211 0.444010 0.741211 0.451823 0.742188 0.453125 0.741211 0.460938 0.743164 0.464844 0.743164 0.471354 0.746094 0.475260 0.748047 0.484375 0.760742 0.500000 0.771484 0.500000 0.775391 0.502604 0.780273 0.502604 0.781250 0.503906 0.785156 0.503906 0.789062 0.501302 0.791992 0.497396 0.794922 0.490885 0.794922 0.486979 0.797852 0.480469 0.801758 0.475260 0.803711 0.468750 0.804688 0.450521 0.802734 0.445312 0.797852 0.440104 0.788086 0.433594 0.786133 0.433594 0.772461 0.423177 0.760742 0.421875 0.759766 0.420573
0 0.700195 0.468750 0.695312 0.476562 0.688477 0.492188 0.688477 0.494792 0.686523 0.497396 0.687500 0.502604 0.690430 0.503906 0.696289 0.510417 0.696289 0.516927 0.698242 0.522135 0.698242 0.529948 0.696289 0.539062 0.704102 0.549479 0.707031 0.550781 0.709961 0.554688 0.713867 0.557292 0.718750 0.557292 0.719727 0.558594 0.729492 0.558594 0.744141 0.550781 0.747070 0.550781 0.750977 0.548177 0.756836 0.548177 0.759766 0.542969 0.759766 0.537760 0.764648 0.520833 0.764648 0.514323 0.757812 0.503906 0.755859 0.498698 0.742188 0.481771 0.740234 0.476562 0.736328 0.472656 0.729492 0.472656 0.728516 0.471354 0.721680 0.471354 0.720703 0.470052 0.710938 0.470052 0.709961 0.468750
0 0.676758 0.575521 0.667969 0.580729 0.665039 0.585938 0.663086 0.585938 0.658203 0.589844 0.655273 0.589844 0.652344 0.592448 0.652344 0.596354 0.655273 0.601562 0.655273 0.610677 0.652344 0.622396 0.652344 0.630208 0.655273 0.636719 0.654297 0.641927 0.665039 0.654948 0.672852 0.658854 0.684570 0.658854 0.687500 0.654948 0.690430 0.653646 0.706055 0.639323 0.712891 0.631510 0.716797 0.631510 0.718750 0.627604 0.718750 0.621094 0.717773 0.619792 0.716797 0.610677 0.713867 0.602865 0.708008 0.593750 0.700195 0.585938 0.690430 0.579427
0 0.641602 0.677083 0.640625 0.686198 0.639648 0.687500 0.639648 0.703125 0.640625 0.704427 0.640625 0.709635 0.652344 0.723958 0.669922 0.738281 0.674805 0.738281 0.679688 0.735677 0.688477 0.734375 0.701172 0.723958 0.706055 0.716146 0.706055 0.709635 0.705078 0.705729 0.703125 0.703125 0.703125 0.692708 0.699219 0.680990 0.698242 0.667969 0.697266 0.665365 0.691406 0.661458 0.671875 0.661458 0.664062 0.657552 0.660156 0.657552 0.650391 0.664062
0 0.708984 0.704427 0.708008 0.705729 0.708008 0.716146 0.707031 0.720052 0.699219 0.731771 0.695312 0.734375 0.694336 0.740885 0.701172 0.751302 0.707031 0.753906 0.708008 0.756510 0.721680 0.773438 0.726562 0.787760 0.731445 0.790365 0.740234 0.789062 0.752930 0.774740 0.753906 0.769531 0.757812 0.761719 0.757812 0.750000 0.759766 0.743490 0.759766 0.734375 0.755859 0.726562 0.750977 0.720052 0.749023 0.712240 0.740234 0.701823 0.729492 0.701823 0.723633 0.704427
0 0.798828 0.733073 0.796875 0.735677 0.794922 0.735677 0.791016 0.739583 0.785156 0.742188 0.788086 0.747396 0.788086 0.759115 0.783203 0.766927 0.781250 0.772135 0.782227 0.776042 0.782227 0.783854 0.780273 0.789062 0.780273 0.800781 0.781250 0.803385 0.787109 0.809896 0.790039 0.809896 0.796875 0.813802 0.800781 0.813802 0.801758 0.815104 0.816406 0.815104 0.821289 0.812500 0.824219 0.808594 0.824219 0.805990 0.826172 0.802083 0.830078 0.786458 0.834961 0.773438 0.836914 0.760417 0.833008 0.750000 0.822266 0.736979 0.819336 0.735677 0.817383 0.733073 0.814453 0.731771 0.803711 0.731771 0.802734 0.733073
0 0.774414 0.641927 0.767578 0.647135 0.758789 0.657552 0.747070 0.683594 0.747070 0.690104 0.750000 0.694010 0.753906 0.695312 0.761719 0.704427 0.764648 0.713542 0.765625 0.721354 0.772461 0.731771 0.780273 0.736979 0.787109 0.736979 0.797852 0.729167 0.802734 0.727865 0.804688 0.723958 0.807617 0.722656 0.811523 0.716146 0.813477 0.708333 0.821289 0.690104 0.821289 0.684896 0.816406 0.669271 0.805664 0.653646 0.796875 0.648438 0.791016 0.648438 0.786133 0.643229
0 0.724609 0.610677 0.719727 0.610677 0.718750 0.611979 0.718750 0.618490 0.720703 0.622396 0.719727 0.630208 0.716797 0.634115 0.711914 0.634115 0.705078 0.641927 0.700195 0.645833 0.696289 0.652344 0.697266 0.660156 0.701172 0.669271 0.701172 0.673177 0.703125 0.678385 0.703125 0.683594 0.704102 0.686198 0.705078 0.686198 0.707031 0.690104 0.716797 0.701823 0.721680 0.701823 0.726562 0.697917 0.729492 0.697917 0.734375 0.695312 0.742188 0.684896 0.743164 0.680990 0.745117 0.678385 0.746094 0.673177 0.750000 0.667969 0.750977 0.665365 0.750977 0.660156 0.751953 0.658854 0.750977 0.648438 0.748047 0.639323 0.730469 0.614583
0 0.795898 0.580729 0.792969 0.584635 0.793945 0.589844 0.791016 0.595052 0.790039 0.606771 0.788086 0.611979 0.788086 0.615885 0.791016 0.621094 0.788086 0.627604 0.789062 0.628906 0.789062 0.639323 0.791016 0.643229 0.802734 0.648438 0.810547 0.656250 0.817383 0.656250 0.826172 0.662760 0.844727 0.662760 0.862305 0.643229 0.864258 0.636719 0.864258 0.621094 0.863281 0.619792 0.864258 0.589844 0.861328 0.579427 0.857422 0.574219 0.851562 0.572917 0.844727 0.578125 0.841797 0.571615 0.836914 0.572917 0.833984 0.570312 0.829102 0.570312 0.812500 0.578125 0.803711 0.578125
0 0.779297 0.536458 0.774414 0.533854 0.764648 0.532552 0.762695 0.535156 0.761719 0.544271 0.758789 0.549479 0.754883 0.552083 0.753906 0.550781 0.750000 0.550781 0.746094 0.554688 0.738281 0.555990 0.728516 0.561198 0.725586 0.565104 0.726562 0.567708 0.725586 0.571615 0.725586 0.580729 0.728516 0.589844 0.729492 0.598958 0.731445 0.601562 0.735352 0.601562 0.739258 0.606771 0.747070 0.611979 0.752930 0.611979 0.753906 0.613281 0.758789 0.613281 0.763672 0.610677 0.769531 0.610677 0.770508 0.611979 0.771484 0.610677 0.774414 0.610677 0.780273 0.606771 0.785156 0.601562 0.789062 0.591146 0.789062 0.559896 0.787109 0.553385 0.783203 0.546875 0.782227 0.541667
0 0.823242 0.490885 0.817383 0.488281 0.816406 0.489583 0.803711 0.489583 0.802734 0.490885 0.798828 0.490885 0.796875 0.492188 0.788086 0.505208 0.784180 0.507812 0.778320 0.516927 0.775391 0.527344 0.776367 0.529948 0.782227 0.536458 0.783203 0.542969 0.789062 0.554688 0.791016 0.563802 0.792969 0.566406 0.797852 0.569010 0.804688 0.569010 0.805664 0.570312 0.823242 0.570312 0.824219 0.569010 0.830078 0.567708 0.840820 0.559896 0.844727 0.555990 0.849609 0.548177 0.849609 0.540365 0.843750 0.535156 0.840820 0.526042 0.838867 0.523438 0.837891 0.518229 0.835938 0.515625 0.835938 0.513021 0.828125 0.497396
0 0.634766 0.450521 0.626953 0.444010 0.621094 0.441406 0.617188 0.441406 0.616211 0.440104 0.602539 0.440104 0.596680 0.442708 0.589844 0.442708 0.587891 0.445312 0.581055 0.463542 0.578125 0.467448 0.578125 0.470052 0.575195 0.475260 0.574219 0.488281 0.572266 0.494792 0.572266 0.502604 0.574219 0.507812 0.583008 0.518229 0.586914 0.518229 0.592773 0.520833 0.601562 0.520833 0.602539 0.522135 0.603516 0.520833 0.611328 0.520833 0.615234 0.518229 0.623047 0.516927 0.627930 0.509115 0.629883 0.501302 0.633789 0.494792 0.634766 0.485677 0.636719 0.480469 0.636719 0.476562 0.639648 0.464844 0.638672 0.463542 0.638672 0.458333
