0 0.098633 0.492188 0.094727 0.500000 0.093750 0.509115 0.086914 0.531250 0.086914 0.548177 0.084961 0.553385 0.084961 0.558594 0.087891 0.567708 0.100586 0.583333 0.110352 0.588542 0.127930 0.587240 0.135742 0.583333 0.151367 0.580729 0.155273 0.578125 0.165039 0.578125 0.171875 0.569010 0.179688 0.552083 0.179688 0.546875 0.177734 0.542969 0.178711 0.537760 0.172852 0.532552 0.172852 0.527344 0.177734 0.523438 0.176758 0.516927 0.169922 0.513021 0.168945 0.503906 0.160156 0.496094 0.145508 0.486979 0.138672 0.489583 0.120117 0.489583 0.119141 0.490885 0.115234 0.488281 0.106445 0.486979
0 0.090820 0.582031 0.082031 0.595052 0.078125 0.610677 0.074219 0.638021 0.077148 0.653646 0.093750 0.677083 0.094727 0.684896 0.096680 0.686198 0.111328 0.687500 0.112305 0.688802 0.131836 0.688802 0.140625 0.684896 0.146484 0.673177 0.160156 0.657552 0.159180 0.648438 0.150391 0.634115 0.135742 0.602865 0.128906 0.592448 0.121094 0.588542 0.109375 0.589844 0.096680 0.580729
0 0.176758 0.644531 0.166016 0.652344 0.158203 0.664062 0.153320 0.666667 0.144531 0.679688 0.142578 0.687500 0.142578 0.699219 0.145508 0.723958 0.149414 0.735677 0.156250 0.746094 0.158203 0.751302 0.158203 0.757812 0.166992 0.759115 0.186523 0.766927 0.208008 0.765625 0.218750 0.751302 0.219727 0.747396 0.218750 0.730469 0.220703 0.722656 0.222656 0.720052 0.222656 0.716146 0.208984 0.679688 0.204102 0.673177 0.201172 0.664062 0.186523 0.647135 0.181641 0.644531
0 0.240234 0.699219 0.227539 0.714844 0.221680 0.729167 0.223633 0.747396 0.231445 0.765625 0.239258 0.803385 0.243164 0.811198 0.248047 0.813802 0.257812 0.813802 0.266602 0.809896 0.278320 0.808594 0.291016 0.795573 0.295898 0.787760 0.296875 0.782552 0.306641 0.772135 0.307617 0.766927 0.301758 0.765625 0.298828 0.768229 0.294922 0.765625 0.288086 0.756510 0.290039 0.748698 0.295898 0.747396 0.295898 0.739583 0.292969 0.735677 0.294922 0.726562 0.278320 0.704427 0.270508 0.699219 0.267578 0.707031 0.264648 0.704427 0.264648 0.697917 0.249023 0.697917 0.245117 0.699219 0.244141 0.703125 0.242188 0.699219
0 0.412109 0.746094 0.408203 0.744792 0.403320 0.738281 0.400391 0.747396 0.400391 0.761719 0.395508 0.768229 0.390625 0.769531 0.388672 0.761719 0.384766 0.759115 0.379883 0.750000 0.375977 0.748698 0.373047 0.744792 0.344727 0.743490 0.341797 0.739583 0.337891 0.740885 0.333984 0.746094 0.330078 0.756510 0.330078 0.765625 0.326172 0.789062 0.327148 0.803385 0.333008 0.820312 0.344727 0.833333 0.357422 0.839844 0.374023 0.843750 0.387695 0.843750 0.398438 0.839844 0.404297 0.828125 0.411133 0.799479 0.412109 0.782552 0.407227 0.776042 0.406250 0.770833 0.410156 0.768229 0.415039 0.773438 0.416016 0.768229 0.412109 0.763021
0 0.439453 0.781250 0.433594 0.783854 0.418945 0.800781 0.415039 0.802083 0.407227 0.821615 0.407227 0.826823 0.403320 0.841146 0.427734 0.878906 0.438477 0.899740 0.442383 0.902344 0.448242 0.902344 0.455078 0.899740 0.473633 0.888021 0.482422 0.877604 0.491211 0.861979 0.491211 0.843750 0.484375 0.829427 0.481445 0.816406 0.470703 0.802083 0.466797 0.800781 0.464844 0.798177 0.463867 0.792969 0.453125 0.783854
0 0.513672 0.833333 0.512695 0.871094 0.515625 0.878906 0.530273 0.894531 0.536133 0.898438 0.547852 0.912760 0.560547 0.914062 0.576172 0.910156 0.587891 0.898438 0.591797 0.873698 0.595703 0.864583 0.596680 0.846354 0.592773 0.834635 0.592773 0.830729 0.587891 0.825521 0.587891 0.822917 0.585938 0.820312 0.576172 0.813802 0.567383 0.815104 0.563477 0.812500 0.559570 0.816406 0.552734 0.813802 0.547852 0.808594 0.542969 0.808594 0.535156 0.812500 0.526367 0.824219 0.524414 0.830729 0.520508 0.835938 0.516602 0.835938
0 0.232422 0.444010 0.226562 0.446615 0.218750 0.457031 0.203125 0.463542 0.200195 0.470052 0.198242 0.470052 0.197266 0.472656 0.193359 0.475260 0.193359 0.480469 0.189453 0.494792 0.189453 0.505208 0.187500 0.522135 0.189453 0.527344 0.208984 0.549479 0.220703 0.557292 0.226562 0.557292 0.232422 0.554688 0.243164 0.545573 0.251953 0.544271 0.262695 0.539062 0.270508 0.531250 0.273438 0.524740 0.273438 0.516927 0.268555 0.506510 0.268555 0.497396 0.271484 0.492188 0.272461 0.484375 0.267578 0.477865 0.263672 0.460938 0.243164 0.454427
0 0.327148 0.428385 0.321289 0.428385 0.307617 0.434896 0.291016 0.447917 0.274414 0.490885 0.275391 0.516927 0.290039 0.553385 0.295898 0.561198 0.300781 0.563802 0.329102 0.565104 0.337891 0.561198 0.347656 0.545573 0.352539 0.544271 0.357422 0.537760 0.358398 0.531250 0.364258 0.523438 0.369141 0.509115 0.368164 0.505208 0.364258 0.510417 0.363281 0.515625 0.360352 0.519531 0.359375 0.518229 0.359375 0.509115 0.363281 0.497396 0.361328 0.475260 0.350586 0.454427 0.349609 0.449219 0.345703 0.444010 0.340820 0.446615 0.335938 0.437500 0.330078 0.433594
0 0.286133 0.550781 0.282227 0.546875 0.279297 0.549479 0.273438 0.548177 0.271484 0.550781 0.260742 0.548177 0.250000 0.548177 0.246094 0.550781 0.213867 0.592448 0.212891 0.598958 0.215820 0.617188 0.227539 0.645833 0.232422 0.648438 0.237305 0.648438 0.246094 0.653646 0.256836 0.653646 0.261719 0.658854 0.266602 0.658854 0.271484 0.651042 0.287109 0.641927 0.298828 0.628906 0.299805 0.622396 0.302734 0.618490 0.302734 0.615885 0.298828 0.613281 0.298828 0.609375 0.300781 0.606771 0.300781 0.592448 0.298828 0.584635 0.300781 0.579427 0.297852 0.575521 0.297852 0.572917 0.299805 0.570312 0.295898 0.563802 0.292969 0.562500 0.289062 0.557292
0 0.340820 0.569010 0.320312 0.596354 0.320312 0.598958 0.310547 0.617188 0.310547 0.622396 0.307617 0.626302 0.310547 0.636719 0.310547 0.647135 0.313477 0.658854 0.313477 0.670573 0.316406 0.675781 0.336914 0.691406 0.339844 0.691406 0.345703 0.695312 0.359375 0.696615 0.370117 0.686198 0.378906 0.667969 0.389648 0.654948 0.391602 0.649740 0.390625 0.621094 0.382812 0.601562 0.383789 0.596354 0.379883 0.585938 0.372070 0.576823 0.357422 0.572917 0.342773 0.576823 0.341797 0.575521 0.342773 0.570312
0 0.414062 0.479167 0.403320 0.480469 0.395508 0.488281 0.389648 0.490885 0.382812 0.502604 0.372070 0.514323 0.364258 0.539062 0.365234 0.558594 0.381836 0.583333 0.388672 0.596354 0.391602 0.610677 0.398438 0.615885 0.410156 0.615885 0.422852 0.611979 0.427734 0.600260 0.447266 0.572917 0.455078 0.540365 0.455078 0.532552 0.452148 0.524740 0.446289 0.519531 0.443359 0.509115 0.438477 0.503906 0.434570 0.502604 0.422852 0.486979
0 0.434570 0.608073 0.429688 0.609375 0.424805 0.614583 0.415039 0.619792 0.414062 0.623698 0.406250 0.632812 0.405273 0.643229 0.392578 0.660156 0.380859 0.671875 0.387695 0.705729 0.395508 0.720052 0.408203 0.733073 0.424805 0.735677 0.430664 0.740885 0.435547 0.740885 0.440430 0.734375 0.458984 0.723958 0.466797 0.716146 0.474609 0.699219 0.479492 0.674479 0.479492 0.664062 0.475586 0.638021 0.469727 0.626302 0.458008 0.614583 0.436523 0.610677
0 0.545898 0.647135 0.541992 0.645833 0.536133 0.647135 0.534180 0.651042 0.520508 0.664062 0.501953 0.652344 0.497070 0.652344 0.493164 0.649740 0.490234 0.652344 0.488281 0.662760 0.485352 0.667969 0.483398 0.694010 0.479492 0.704427 0.479492 0.716146 0.495117 0.747396 0.511719 0.764323 0.521484 0.764323 0.537109 0.760417 0.541992 0.753906 0.544922 0.752604 0.551758 0.739583 0.561523 0.727865 0.564453 0.721354 0.565430 0.699219 0.563477 0.691406 0.563477 0.683594 0.553711 0.667969 0.555664 0.664062 0.555664 0.658854 0.551758 0.652344
0 0.497070 0.522135 0.493164 0.523438 0.493164 0.526042 0.488281 0.531250 0.478516 0.531250 0.471680 0.554688 0.471680 0.570312 0.469727 0.579427 0.470703 0.619792 0.475586 0.632812 0.484375 0.641927 0.500000 0.651042 0.520508 0.658854 0.528320 0.653646 0.546875 0.631510 0.548828 0.626302 0.549805 0.605469 0.553711 0.591146 0.551758 0.584635 0.551758 0.576823 0.546875 0.552083 0.543945 0.550781 0.535156 0.536458 0.532227 0.533854 0.513672 0.528646 0.508789 0.529948 0.505859 0.533854 0.501953 0.533854 0.496094 0.527344 0.500000 0.523438
0 0.657227 0.679688 0.654297 0.684896 0.650391 0.684896 0.647461 0.678385 0.638672 0.677083 0.631836 0.683594 0.618164 0.687500 0.607422 0.697917 0.594727 0.703125 0.583984 0.704427 0.582031 0.707031 0.581055 0.716146 0.574219 0.722656 0.570312 0.723958 0.570312 0.736979 0.572266 0.752604 0.587891 0.778646 0.602539 0.791667 0.611328 0.791667 0.618164 0.787760 0.622070 0.787760 0.641602 0.773438 0.654297 0.768229 0.661133 0.761719 0.666016 0.744792 0.666992 0.716146 0.664062 0.699219 0.661133 0.694010 0.661133 0.690104
0 0.666016 0.764323 0.662109 0.764323 0.660156 0.766927 0.655273 0.768229 0.650391 0.772135 0.644531 0.773438 0.624023 0.787760 0.621094 0.787760 0.609375 0.794271 0.601562 0.792969 0.592773 0.782552 0.589844 0.783854 0.590820 0.802083 0.593750 0.809896 0.593750 0.813802 0.601562 0.822917 0.611328 0.839844 0.613281 0.846354 0.619141 0.854167 0.625977 0.858073 0.632812 0.855469 0.646484 0.858073 0.666016 0.848958 0.669922 0.848958 0.674805 0.843750 0.676758 0.830729 0.681641 0.819010 0.682617 0.805990 0.679688 0.798177 0.676758 0.782552 0.672852 0.777344 0.670898 0.769531
0 0.687500 0.805990 0.685547 0.811198 0.683594 0.829427 0.677734 0.841146 0.677734 0.852865 0.684570 0.873698 0.693359 0.885417 0.695312 0.893229 0.707031 0.914062 0.718750 0.920573 0.750000 0.920573 0.764648 0.914062 0.773438 0.907552 0.779297 0.886719 0.781250 0.869792 0.772461 0.851562 0.771484 0.843750 0.763672 0.821615 0.754883 0.804688 0.743164 0.803385 0.739258 0.800781 0.736328 0.795573 0.730469 0.795573 0.722656 0.787760 0.713867 0.787760 0.695312 0.798177
0 0.791016 0.787760 0.786133 0.798177 0.789062 0.803385 0.789062 0.808594 0.787109 0.811198 0.782227 0.808594 0.783203 0.832031 0.785156 0.837240 0.786133 0.851562 0.793945 0.863281 0.796875 0.872396 0.809570 0.888021 0.822266 0.885417 0.825195 0.891927 0.859375 0.889323 0.873047 0.868490 0.876953 0.856771 0.877930 0.845052 0.882812 0.835938 0.880859 0.828125 0.873047 0.820312 0.865234 0.802083 0.854492 0.790365 0.848633 0.795573 0.826172 0.792969 0.805664 0.811198 0.797852 0.821615 0.794922 0.821615 0.793945 0.817708 0.798828 0.808594 0.797852 0.803385 0.793945 0.804688 0.789062 0.799479 0.792969 0.795573 0.797852 0.796875 0.799805 0.792969 0.796875 0.792969
0 0.918945 0.678385 0.916016 0.684896 0.914062 0.682292 0.908203 0.680990 0.891602 0.680990 0.875977 0.683594 0.869141 0.690104 0.865234 0.704427 0.861328 0.725260 0.861328 0.739583 0.859375 0.744792 0.858398 0.756510 0.856445 0.759115 0.858398 0.770833 0.873047 0.789062 0.891602 0.803385 0.920898 0.789062 0.942383 0.765625 0.945312 0.757812 0.944336 0.729167 0.948242 0.721354 0.948242 0.714844 0.943359 0.705729 0.933594 0.696615 0.926758 0.686198 0.921875 0.686198 0.919922 0.683594 0.920898 0.679688
0 0.725586 0.675781 0.704102 0.677083 0.687500 0.680990 0.671875 0.682292 0.667969 0.684896 0.667969 0.688802 0.665039 0.694010 0.667969 0.701823 0.669922 0.720052 0.668945 0.752604 0.674805 0.768229 0.682617 0.778646 0.705078 0.782552 0.722656 0.782552 0.731445 0.779948 0.741211 0.779948 0.746094 0.773438 0.749023 0.764323 0.756836 0.751302 0.757812 0.747396 0.756836 0.725260 0.744141 0.709635 0.741211 0.704427 0.741211 0.699219 0.739258 0.694010
0 0.756836 0.627604 0.750000 0.641927 0.753906 0.648438 0.750977 0.652344 0.749023 0.661458 0.748047 0.684896 0.753906 0.713542 0.775391 0.734375 0.801758 0.752604 0.809570 0.752604 0.818359 0.747396 0.826172 0.746094 0.837891 0.738281 0.846680 0.722656 0.848633 0.703125 0.844727 0.691406 0.839844 0.665365 0.833984 0.652344 0.826172 0.641927 0.812500 0.632812 0.805664 0.632812 0.797852 0.636719 0.794922 0.632812 0.797852 0.626302 0.795898 0.626302 0.794922 0.622396 0.786133 0.613281 0.783203 0.613281 0.779297 0.617188 0.781250 0.622396 0.780273 0.623698 0.771484 0.621094
0 0.571289 0.522135 0.565430 0.531250 0.560547 0.535156 0.559570 0.540365 0.555664 0.544271 0.553711 0.575521 0.555664 0.588542 0.574219 0.614583 0.577148 0.631510 0.580078 0.634115 0.583984 0.634115 0.586914 0.627604 0.598633 0.627604 0.607422 0.631510 0.616211 0.631510 0.630859 0.622396 0.639648 0.608073 0.646484 0.584635 0.651367 0.574219 0.649414 0.559896 0.634766 0.536458 0.630859 0.527344 0.630859 0.523438 0.613281 0.523438 0.602539 0.527344 0.594727 0.533854 0.591797 0.527344 0.597656 0.523438 0.598633 0.518229 0.595703 0.519531 0.591797 0.516927 0.581055 0.515625
0 0.711914 0.572917 0.711914 0.579427 0.708984 0.584635 0.705078 0.584635 0.699219 0.580729 0.688477 0.579427 0.685547 0.582031 0.680664 0.582031 0.672852 0.585938 0.668945 0.591146 0.661133 0.587240 0.657227 0.587240 0.650391 0.582031 0.649414 0.585938 0.650391 0.589844 0.647461 0.593750 0.644531 0.604167 0.645508 0.617188 0.643555 0.621094 0.643555 0.635417 0.655273 0.662760 0.662109 0.670573 0.664062 0.675781 0.668945 0.678385 0.677734 0.678385 0.688477 0.675781 0.714844 0.674479 0.722656 0.671875 0.727539 0.665365 0.733398 0.649740 0.738281 0.630208 0.738281 0.623698 0.728516 0.604167 0.722656 0.585938
0 0.240234 0.322917 0.228516 0.345052 0.220703 0.354167 0.219727 0.358073 0.219727 0.368490 0.220703 0.369792 0.219727 0.393229 0.222656 0.398438 0.223633 0.407552 0.227539 0.412760 0.236328 0.417969 0.242188 0.417969 0.258789 0.423177 0.271484 0.423177 0.289062 0.415365 0.297852 0.402344 0.298828 0.398438 0.297852 0.371094 0.293945 0.355469 0.294922 0.354167 0.298828 0.355469 0.300781 0.351562 0.294922 0.346354 0.293945 0.339844 0.279297 0.329427 0.274414 0.322917 0.268555 0.319010 0.247070 0.319010
0 0.318359 0.230469 0.314453 0.231771 0.309570 0.236979 0.301758 0.238281 0.289062 0.251302 0.275391 0.257812 0.272461 0.265625 0.271484 0.274740 0.273438 0.317708 0.280273 0.325521 0.286133 0.328125 0.289062 0.332031 0.296875 0.337240 0.304688 0.339844 0.311523 0.347656 0.326172 0.350260 0.331055 0.348958 0.337891 0.342448 0.345703 0.339844 0.346680 0.333333 0.355469 0.317708 0.355469 0.298177 0.352539 0.291667 0.351562 0.283854 0.343750 0.266927 0.342773 0.257812 0.338867 0.248698 0.338867 0.242188 0.323242 0.231771
0 0.381836 0.190104 0.359375 0.204427 0.344727 0.222656 0.340820 0.247396 0.344727 0.255208 0.345703 0.266927 0.358398 0.295573 0.357422 0.309896 0.359375 0.312500 0.370117 0.315104 0.378906 0.321615 0.388672 0.321615 0.396484 0.313802 0.403320 0.309896 0.405273 0.313802 0.414062 0.309896 0.422852 0.298177 0.430664 0.279948 0.430664 0.272135 0.435547 0.263021 0.435547 0.256510 0.432617 0.255208 0.431641 0.257812 0.429688 0.248698 0.427734 0.248698 0.424805 0.244792 0.427734 0.233073 0.423828 0.230469 0.420898 0.225260 0.420898 0.221354 0.415039 0.216146 0.416016 0.210938 0.408203 0.197917 0.390625 0.190104
0 0.369141 0.079427 0.347656 0.105469 0.340820 0.126302 0.342773 0.138021 0.369141 0.192708 0.381836 0.187500 0.387695 0.187500 0.399414 0.191406 0.404297 0.190104 0.412109 0.157552 0.416992 0.148438 0.422852 0.140625 0.431641 0.132812 0.435547 0.126302 0.424805 0.108073 0.423828 0.104167 0.408203 0.085938 0.396484 0.080729 0.383789 0.082031 0.376953 0.078125
0 0.458984 0.115885 0.455078 0.117188 0.447266 0.126302 0.436523 0.130208 0.424805 0.141927 0.415039 0.154948 0.411133 0.165365 0.407227 0.192708 0.417969 0.208333 0.418945 0.212240 0.422852 0.217448 0.427734 0.220052 0.437500 0.233073 0.446289 0.239583 0.458008 0.244792 0.461914 0.250000 0.466797 0.250000 0.481445 0.243490 0.490234 0.236979 0.494141 0.230469 0.500000 0.227865 0.509766 0.213542 0.514648 0.200521 0.514648 0.188802 0.507812 0.157552 0.500000 0.143229 0.482422 0.130208 0.473633 0.126302 0.467773 0.117188
0 0.450195 0.256510 0.445312 0.263021 0.434570 0.282552 0.431641 0.292969 0.422852 0.304688 0.419922 0.315104 0.418945 0.329427 0.423828 0.351562 0.430664 0.360677 0.443359 0.369792 0.450195 0.372396 0.456055 0.377604 0.467773 0.378906 0.474609 0.373698 0.492188 0.351562 0.498047 0.341146 0.501953 0.329427 0.499023 0.319010 0.498047 0.296875 0.493164 0.283854 0.488281 0.279948 0.483398 0.272135 0.470703 0.264323 0.466797 0.259115 0.459961 0.255208
0 0.379883 0.328125 0.373047 0.332031 0.359375 0.334635 0.353516 0.339844 0.352539 0.347656 0.342773 0.375000 0.341797 0.397135 0.344727 0.407552 0.350586 0.416667 0.355469 0.419271 0.369141 0.434896 0.378906 0.438802 0.383789 0.444010 0.388672 0.444010 0.395508 0.437500 0.402344 0.434896 0.417969 0.424479 0.422852 0.416667 0.427734 0.402344 0.432617 0.397135 0.433594 0.381510 0.427734 0.361979 0.423828 0.360677 0.422852 0.356771 0.416992 0.351562 0.412109 0.343750 0.400391 0.339844 0.392578 0.332031
0 0.447266 0.386719 0.437500 0.395833 0.424805 0.415365 0.416992 0.436198 0.409180 0.447917 0.407227 0.455729 0.415039 0.475260 0.419922 0.479167 0.430664 0.494792 0.442383 0.503906 0.463867 0.502604 0.469727 0.506510 0.477539 0.503906 0.483398 0.496094 0.483398 0.492188 0.485352 0.488281 0.497070 0.473958 0.504883 0.453125 0.504883 0.444010 0.500000 0.437500 0.499023 0.424479 0.490234 0.406250 0.488281 0.397135 0.485352 0.391927 0.474609 0.386719 0.458008 0.388021
0 0.517578 0.319010 0.512695 0.324219 0.512695 0.329427 0.495117 0.351562 0.488281 0.373698 0.488281 0.382812 0.490234 0.397135 0.502930 0.424479 0.510742 0.433594 0.547852 0.434896 0.560547 0.433594 0.565430 0.430990 0.572266 0.424479 0.578125 0.415365 0.582031 0.404948 0.583984 0.368490 0.577148 0.345052 0.568359 0.330729 0.556641 0.321615 0.541992 0.320312 0.526367 0.321615 0.521484 0.324219
0 0.589844 0.402344 0.585938 0.407552 0.585938 0.412760 0.569336 0.433594 0.563477 0.447917 0.563477 0.466146 0.574219 0.496094 0.583984 0.510417 0.594727 0.515625 0.625000 0.515625 0.635742 0.519531 0.649414 0.519531 0.654297 0.516927 0.657227 0.507812 0.658203 0.458333 0.654297 0.436198 0.646484 0.417969 0.637695 0.407552 0.635742 0.407552 0.630859 0.414062 0.608398 0.412760 0.594727 0.416667 0.590820 0.414062 0.593750 0.402344
0 0.679688 0.417969 0.669922 0.425781 0.665039 0.427083 0.662109 0.430990 0.662109 0.433594 0.658203 0.437500 0.657227 0.441406 0.660156 0.460938 0.659180 0.501302 0.670898 0.527344 0.689453 0.548177 0.693359 0.548177 0.706055 0.541667 0.724609 0.522135 0.736328 0.492188 0.737305 0.475260 0.733398 0.462240 0.726562 0.449219 0.721680 0.444010 0.719727 0.433594 0.715820 0.427083 0.706055 0.419271 0.696289 0.420573 0.691406 0.417969
0 0.750000 0.484375 0.748047 0.490885 0.749023 0.496094 0.747070 0.497396 0.744141 0.492188 0.737305 0.497396 0.726562 0.523438 0.717773 0.532552 0.715820 0.539062 0.715820 0.554688 0.718750 0.572917 0.725586 0.584635 0.730469 0.601562 0.743164 0.621094 0.748047 0.623698 0.757812 0.623698 0.779297 0.611979 0.787109 0.602865 0.795898 0.588542 0.798828 0.578125 0.801758 0.580729 0.801758 0.536458 0.792969 0.524740 0.788086 0.515625 0.787109 0.510417 0.781250 0.503906 0.765625 0.490885
0 0.819336 0.541667 0.812500 0.553385 0.811523 0.558594 0.809570 0.561198 0.806641 0.561198 0.803711 0.569010 0.806641 0.578125 0.805664 0.598958 0.810547 0.613281 0.819336 0.619792 0.828125 0.632812 0.852539 0.653646 0.868164 0.658854 0.877930 0.658854 0.895508 0.651042 0.907227 0.626302 0.912109 0.619792 0.912109 0.605469 0.908203 0.597656 0.907227 0.583333 0.902344 0.565104 0.891602 0.542969 0.880859 0.532552 0.872070 0.528646 0.856445 0.528646 0.844727 0.532552 0.836914 0.532552 0.825195 0.540365
0 0.826172 0.395833 0.824219 0.397135 0.826172 0.402344 0.812500 0.411458 0.805664 0.420573 0.802734 0.430990 0.795898 0.441406 0.791992 0.470052 0.791992 0.476562 0.795898 0.486979 0.794922 0.492188 0.798828 0.500000 0.810547 0.509115 0.813477 0.509115 0.821289 0.514323 0.826172 0.514323 0.841797 0.527344 0.851562 0.527344 0.860352 0.522135 0.862305 0.514323 0.872070 0.498698 0.878906 0.477865 0.878906 0.468750 0.880859 0.463542 0.880859 0.455729 0.876953 0.445312 0.877930 0.440104 0.876953 0.429688 0.874023 0.423177 0.858398 0.412760 0.850586 0.404948 0.837891 0.397135
0 0.697266 0.309896 0.685547 0.308594 0.672852 0.303385 0.665039 0.307292 0.651367 0.305990 0.643555 0.309896 0.634766 0.311198 0.632812 0.313802 0.628906 0.335938 0.625977 0.343750 0.625977 0.381510 0.643555 0.397135 0.656250 0.412760 0.663086 0.415365 0.671875 0.414062 0.689453 0.402344 0.696289 0.395833 0.701172 0.395833 0.705078 0.393229 0.707031 0.388021 0.707031 0.377604 0.712891 0.360677 0.712891 0.345052 0.708008 0.325521 0.701172 0.313802
0 0.709961 0.313802 0.707031 0.319010 0.710938 0.326823 0.715820 0.350260 0.713867 0.369792 0.714844 0.375000 0.713867 0.401042 0.715820 0.407552 0.720703 0.415365 0.729492 0.421875 0.734375 0.423177 0.739258 0.430990 0.744141 0.433594 0.748047 0.423177 0.752930 0.423177 0.763672 0.417969 0.779297 0.407552 0.787109 0.398438 0.792969 0.377604 0.792969 0.365885 0.787109 0.345052 0.776367 0.326823 0.760742 0.317708 0.755859 0.309896 0.750977 0.309896 0.748047 0.312500 0.741211 0.312500 0.736328 0.315104
0 0.530273 0.188802 0.519531 0.200521 0.505859 0.230469 0.493164 0.250000 0.493164 0.269531 0.495117 0.281250 0.500000 0.295573 0.516602 0.312500 0.528320 0.315104 0.531250 0.313802 0.559570 0.315104 0.563477 0.311198 0.566406 0.304688 0.574219 0.298177 0.583008 0.286458 0.589844 0.261719 0.590820 0.248698 0.589844 0.236979 0.583984 0.220052 0.576172 0.209635 0.573242 0.197917 0.567383 0.190104
0 0.617188 0.083333 0.607422 0.082031 0.599609 0.085938 0.578125 0.091146 0.571289 0.095052 0.565430 0.102865 0.559570 0.118490 0.551758 0.132812 0.552734 0.143229 0.549805 0.147135 0.548828 0.161458 0.545898 0.167969 0.544922 0.184896 0.548828 0.187500 0.558594 0.186198 0.567383 0.187500 0.574219 0.196615 0.578125 0.208333 0.583008 0.210938 0.591797 0.210938 0.596680 0.208333 0.608398 0.207031 0.616211 0.201823 0.623047 0.187500 0.636719 0.173177 0.637695 0.162760 0.631836 0.135417 0.630859 0.123698 0.626953 0.113281 0.624023 0.093750 0.622070 0.088542
0 0.674805 0.016927 0.668945 0.016927 0.655273 0.027344 0.648438 0.029948 0.639648 0.029948 0.634766 0.033854 0.623047 0.052083 0.614258 0.079427 0.616211 0.082031 0.621094 0.083333 0.624023 0.087240 0.629883 0.117188 0.645508 0.134115 0.652344 0.138021 0.657227 0.138021 0.684570 0.122396 0.696289 0.118490 0.708008 0.105469 0.712891 0.087240 0.714844 0.069010 0.710938 0.057292 0.692383 0.032552 0.682617 0.027344
0 0.666992 0.173177 0.650391 0.171875 0.637695 0.177083 0.630859 0.182292 0.622070 0.194010 0.617188 0.208333 0.610352 0.217448 0.607422 0.235677 0.607422 0.253906 0.610352 0.266927 0.618164 0.279948 0.631836 0.289062 0.636719 0.294271 0.638672 0.299479 0.647461 0.299479 0.654297 0.296875 0.665039 0.287760 0.684570 0.287760 0.690430 0.281250 0.702148 0.256510 0.710938 0.246094 0.713867 0.236979 0.713867 0.231771 0.709961 0.218750 0.692383 0.197917 0.689453 0.196615 0.685547 0.190104
0 0.775391 0.147135 0.766602 0.143229 0.754883 0.143229 0.751953 0.145833 0.747070 0.145833 0.725586 0.158854 0.718750 0.169271 0.721680 0.170573 0.728516 0.161458 0.738281 0.162760 0.731445 0.175781 0.713867 0.194010 0.710938 0.208333 0.710938 0.214844 0.715820 0.227865 0.715820 0.242188 0.718750 0.246094 0.718750 0.256510 0.723633 0.264323 0.732422 0.272135 0.753906 0.274740 0.767578 0.270833 0.797852 0.236979 0.810547 0.220052 0.813477 0.212240 0.812500 0.199219 0.798828 0.167969
