0 0.153320 0.220052 0.147461 0.236979 0.141602 0.246094 0.139648 0.264323 0.140625 0.268229 0.149414 0.278646 0.157227 0.299479 0.166016 0.308594 0.179688 0.315104 0.198242 0.315104 0.202148 0.317708 0.208008 0.317708 0.223633 0.300781 0.228516 0.291667 0.231445 0.291667 0.235352 0.287760 0.239258 0.277344 0.240234 0.265625 0.238281 0.247396 0.236328 0.240885 0.220703 0.222656 0.191406 0.216146 0.177734 0.216146 0.170898 0.218750
0 0.109375 0.309896 0.103516 0.320312 0.091797 0.329427 0.082031 0.346354 0.079102 0.361979 0.079102 0.377604 0.083984 0.395833 0.087891 0.402344 0.091797 0.403646 0.119141 0.404948 0.136719 0.408854 0.147461 0.408854 0.159180 0.402344 0.171875 0.381510 0.173828 0.375000 0.173828 0.352865 0.167969 0.337240 0.143555 0.315104 0.144531 0.312500 0.154297 0.311198 0.156250 0.308594 0.154297 0.305990 0.121094 0.304688
0 0.181641 0.472656 0.176758 0.464844 0.168945 0.459635 0.162109 0.459635 0.153320 0.454427 0.136719 0.458333 0.122070 0.457031 0.115234 0.467448 0.112305 0.467448 0.109375 0.470052 0.106445 0.476562 0.100586 0.477865 0.091797 0.486979 0.089844 0.496094 0.089844 0.519531 0.095703 0.531250 0.138672 0.558594 0.145508 0.557292 0.154297 0.546875 0.163086 0.541667 0.171875 0.522135 0.176758 0.515625 0.180664 0.502604 0.180664 0.490885 0.182617 0.476562
0 0.191406 0.363281 0.181641 0.375000 0.176758 0.377604 0.171875 0.385417 0.167969 0.395833 0.162109 0.402344 0.161133 0.414062 0.163086 0.419271 0.164062 0.429688 0.181641 0.454427 0.184570 0.454427 0.191406 0.460938 0.210938 0.462240 0.211914 0.463542 0.220703 0.462240 0.232422 0.450521 0.242188 0.437500 0.248047 0.425781 0.247070 0.410156 0.240234 0.395833 0.233398 0.393229 0.230469 0.388021 0.220703 0.384115 0.209961 0.373698 0.207031 0.368490 0.197266 0.363281
0 0.239258 0.291667 0.221680 0.316406 0.213867 0.324219 0.211914 0.329427 0.208984 0.352865 0.208984 0.361979 0.210938 0.368490 0.219727 0.380208 0.228516 0.382812 0.249023 0.384115 0.266602 0.389323 0.276367 0.389323 0.281250 0.386719 0.293945 0.367188 0.299805 0.348958 0.298828 0.329427 0.292969 0.315104 0.286133 0.304688 0.279297 0.300781 0.276367 0.300781 0.256836 0.291667 0.250000 0.291667 0.247070 0.289062
0 0.281250 0.184896 0.267578 0.192708 0.258789 0.204427 0.253906 0.221354 0.252930 0.239583 0.250977 0.244792 0.250977 0.250000 0.252930 0.253906 0.252930 0.257812 0.257812 0.265625 0.261719 0.276042 0.262695 0.282552 0.266602 0.287760 0.270508 0.290365 0.278320 0.291667 0.281250 0.294271 0.287109 0.294271 0.305664 0.281250 0.314453 0.272135 0.322266 0.268229 0.327148 0.259115 0.329102 0.246094 0.331055 0.240885 0.329102 0.231771 0.318359 0.212240 0.314453 0.201823 0.305664 0.191406 0.297852 0.187500 0.293945 0.187500 0.290039 0.184896
0 0.148438 0.557292 0.145508 0.562500 0.145508 0.571615 0.143555 0.579427 0.144531 0.600260 0.153320 0.618490 0.156250 0.622396 0.162109 0.626302 0.170898 0.630208 0.174805 0.630208 0.178711 0.632812 0.194336 0.632812 0.197266 0.631510 0.212891 0.609375 0.216797 0.608073 0.219727 0.601562 0.219727 0.584635 0.220703 0.583333 0.222656 0.562500 0.220703 0.553385 0.216797 0.549479 0.212891 0.549479 0.205078 0.545573 0.202148 0.546875 0.173828 0.545573 0.172852 0.546875 0.167969 0.546875 0.164062 0.550781 0.158203 0.550781
0 0.245117 0.459635 0.239258 0.459635 0.230469 0.464844 0.222656 0.464844 0.212891 0.468750 0.208984 0.475260 0.208984 0.483073 0.208008 0.484375 0.211914 0.537760 0.217773 0.546875 0.223633 0.550781 0.235352 0.554688 0.242188 0.552083 0.252930 0.550781 0.260742 0.542969 0.271484 0.539062 0.277344 0.531250 0.281250 0.518229 0.281250 0.510417 0.277344 0.494792 0.268555 0.477865 0.266602 0.471354 0.263672 0.467448 0.258789 0.467448 0.254883 0.464844 0.251953 0.464844
0 0.296875 0.552083 0.283203 0.544271 0.271484 0.545573 0.250977 0.554688 0.249023 0.557292 0.239258 0.562500 0.236328 0.566406 0.235352 0.583333 0.232422 0.600260 0.233398 0.608073 0.230469 0.622396 0.231445 0.638021 0.234375 0.641927 0.244141 0.647135 0.260742 0.648438 0.264648 0.647135 0.269531 0.641927 0.283203 0.632812 0.289062 0.631510 0.293945 0.626302 0.295898 0.621094 0.296875 0.611979 0.299805 0.604167 0.301758 0.580729 0.302734 0.579427 0.302734 0.562500
0 0.328125 0.554688 0.322266 0.557292 0.318359 0.562500 0.316406 0.562500 0.310547 0.567708 0.305664 0.579427 0.305664 0.585938 0.300781 0.604167 0.298828 0.619792 0.299805 0.621094 0.308594 0.622396 0.314453 0.627604 0.316406 0.627604 0.336914 0.649740 0.343750 0.649740 0.356445 0.638021 0.365234 0.632812 0.366211 0.622396 0.371094 0.602865 0.371094 0.589844 0.368164 0.582031 0.366211 0.570312 0.357422 0.555990 0.355469 0.558594 0.349609 0.561198 0.342773 0.561198 0.341797 0.559896 0.337891 0.559896 0.332031 0.554688
0 0.365234 0.473958 0.357422 0.466146 0.345703 0.459635 0.337891 0.459635 0.330078 0.472656 0.306641 0.473958 0.302734 0.479167 0.300781 0.485677 0.300781 0.497396 0.298828 0.507812 0.296875 0.511719 0.296875 0.519531 0.294922 0.523438 0.295898 0.524740 0.294922 0.533854 0.297852 0.545573 0.309570 0.546875 0.315430 0.550781 0.325195 0.553385 0.332031 0.552083 0.345703 0.559896 0.353516 0.555990 0.365234 0.540365 0.367188 0.519531 0.371094 0.506510 0.369141 0.485677
0 0.297852 0.371094 0.276367 0.395833 0.271484 0.411458 0.272461 0.432292 0.276367 0.438802 0.278320 0.438802 0.289062 0.449219 0.308594 0.470052 0.326172 0.470052 0.330078 0.467448 0.340820 0.450521 0.348633 0.429688 0.347656 0.423177 0.349609 0.417969 0.346680 0.412760 0.347656 0.408854 0.349609 0.407552 0.348633 0.393229 0.343750 0.385417 0.337891 0.381510 0.333008 0.375000 0.328125 0.372396 0.322266 0.365885 0.314453 0.365885 0.302734 0.371094
0 0.340820 0.273438 0.324219 0.283854 0.318359 0.291667 0.313477 0.304688 0.313477 0.311198 0.312500 0.312500 0.313477 0.324219 0.315430 0.334635 0.320312 0.348958 0.320312 0.356771 0.322266 0.361979 0.328125 0.368490 0.332031 0.369792 0.343750 0.380208 0.353516 0.380208 0.359375 0.373698 0.361328 0.373698 0.382812 0.356771 0.385742 0.352865 0.390625 0.350260 0.391602 0.347656 0.391602 0.326823 0.386719 0.311198 0.384766 0.298177 0.379883 0.290365 0.372070 0.287760 0.364258 0.279948 0.352539 0.273438
0 0.402344 0.187500 0.383789 0.178385 0.375000 0.183594 0.360352 0.184896 0.351562 0.192708 0.340820 0.197917 0.331055 0.209635 0.330078 0.214844 0.331055 0.226562 0.335938 0.246094 0.341797 0.253906 0.342773 0.257812 0.354492 0.270833 0.356445 0.270833 0.363281 0.276042 0.372070 0.276042 0.375000 0.278646 0.380859 0.278646 0.402344 0.257812 0.406250 0.251302 0.410156 0.236979 0.410156 0.216146 0.407227 0.208333 0.407227 0.204427 0.404297 0.195312 0.404297 0.190104
0 0.411133 0.158854 0.399414 0.180990 0.405273 0.188802 0.406250 0.196615 0.409180 0.205729 0.413086 0.213542 0.416992 0.217448 0.424805 0.236979 0.426758 0.239583 0.435547 0.240885 0.442383 0.244792 0.446289 0.242188 0.450195 0.243490 0.455078 0.239583 0.465820 0.238281 0.468750 0.233073 0.479492 0.203125 0.480469 0.196615 0.479492 0.182292 0.474609 0.173177 0.450195 0.154948 0.433594 0.145833 0.431641 0.143229 0.422852 0.147135
0 0.526367 0.141927 0.509766 0.141927 0.481445 0.169271 0.481445 0.220052 0.484375 0.229167 0.489258 0.238281 0.497070 0.239583 0.501953 0.244792 0.506836 0.244792 0.507812 0.243490 0.511719 0.243490 0.512695 0.246094 0.520508 0.244792 0.530273 0.235677 0.538086 0.222656 0.543945 0.216146 0.545898 0.205729 0.545898 0.183594 0.541992 0.171875 0.539062 0.167969 0.539062 0.152344 0.536133 0.148438 0.530273 0.145833
0 0.576172 0.141927 0.564453 0.148438 0.556641 0.158854 0.547852 0.174479 0.547852 0.183594 0.548828 0.184896 0.547852 0.186198 0.547852 0.212240 0.554688 0.229167 0.561523 0.235677 0.561523 0.238281 0.558594 0.240885 0.561523 0.243490 0.580078 0.242188 0.583984 0.239583 0.594727 0.236979 0.602539 0.230469 0.617188 0.212240 0.619141 0.188802 0.616211 0.187500 0.603516 0.170573 0.596680 0.157552 0.590820 0.149740 0.583008 0.147135
0 0.497070 0.242188 0.491211 0.239583 0.478516 0.240885 0.468750 0.247396 0.459961 0.256510 0.451172 0.260417 0.449219 0.263021 0.446289 0.277344 0.442383 0.287760 0.442383 0.304688 0.447266 0.319010 0.456055 0.332031 0.462891 0.337240 0.471680 0.337240 0.476562 0.339844 0.483398 0.339844 0.501953 0.329427 0.508789 0.324219 0.512695 0.319010 0.516602 0.317708 0.520508 0.312500 0.523438 0.282552 0.518555 0.274740 0.516602 0.268229
0 0.631836 0.220052 0.629883 0.220052 0.626953 0.222656 0.618164 0.222656 0.614258 0.220052 0.608398 0.225260 0.601562 0.234375 0.598633 0.235677 0.592773 0.242188 0.593750 0.243490 0.594727 0.257812 0.595703 0.259115 0.595703 0.278646 0.594727 0.279948 0.594727 0.286458 0.593750 0.287760 0.594727 0.291667 0.594727 0.299479 0.595703 0.303385 0.602539 0.309896 0.622070 0.307292 0.631836 0.302083 0.639648 0.294271 0.648438 0.277344 0.648438 0.273438 0.649414 0.272135 0.649414 0.261719 0.647461 0.256510 0.647461 0.252604 0.633789 0.231771 0.631836 0.225260 0.632812 0.223958
0 0.388672 0.372396 0.380859 0.375000 0.374023 0.380208 0.372070 0.380208 0.365234 0.388021 0.363281 0.393229 0.361328 0.408854 0.358398 0.416667 0.357422 0.433594 0.355469 0.444010 0.357422 0.447917 0.357422 0.450521 0.367188 0.466146 0.375977 0.470052 0.391602 0.468750 0.416016 0.457031 0.418945 0.453125 0.424805 0.432292 0.423828 0.415365 0.416992 0.398438 0.404297 0.381510 0.395508 0.375000
0 0.426758 0.346354 0.421875 0.351562 0.415039 0.365885 0.414062 0.378906 0.424805 0.411458 0.425781 0.427083 0.433594 0.440104 0.433594 0.444010 0.438477 0.446615 0.446289 0.442708 0.458008 0.441406 0.470703 0.434896 0.481445 0.424479 0.489258 0.411458 0.491211 0.403646 0.491211 0.393229 0.489258 0.384115 0.484375 0.373698 0.469727 0.356771 0.468750 0.350260 0.464844 0.345052 0.459961 0.342448 0.457031 0.343750 0.434570 0.342448
0 0.534180 0.289062 0.524414 0.298177 0.522461 0.303385 0.523438 0.309896 0.521484 0.312500 0.520508 0.317708 0.516602 0.321615 0.513672 0.321615 0.506836 0.330729 0.500000 0.335938 0.499023 0.345052 0.497070 0.347656 0.496094 0.352865 0.502930 0.365885 0.508789 0.368490 0.516602 0.375000 0.525391 0.378906 0.531250 0.378906 0.539062 0.381510 0.548828 0.381510 0.554688 0.377604 0.556641 0.373698 0.568359 0.360677 0.571289 0.351562 0.577148 0.343750 0.578125 0.338542 0.577148 0.334635 0.549805 0.300781 0.544922 0.292969 0.542969 0.292969 0.538086 0.289062
0 0.577148 0.315104 0.571289 0.324219 0.578125 0.332031 0.579102 0.334635 0.579102 0.345052 0.570312 0.363281 0.562500 0.372396 0.567383 0.373698 0.569336 0.376302 0.569336 0.381510 0.579102 0.393229 0.592773 0.399740 0.601562 0.399740 0.619141 0.393229 0.632812 0.378906 0.635742 0.372396 0.636719 0.359375 0.641602 0.345052 0.637695 0.332031 0.631836 0.322917 0.625000 0.316406 0.616211 0.311198 0.602539 0.313802 0.591797 0.309896 0.586914 0.313802 0.579102 0.313802
0 0.385742 0.502604 0.379883 0.506510 0.377930 0.510417 0.375000 0.511719 0.372070 0.519531 0.369141 0.523438 0.367188 0.542969 0.373047 0.554688 0.380859 0.576823 0.382812 0.579427 0.384766 0.587240 0.388672 0.595052 0.391602 0.598958 0.395508 0.598958 0.397461 0.596354 0.406250 0.593750 0.414062 0.588542 0.426758 0.574219 0.430664 0.562500 0.431641 0.549479 0.427734 0.536458 0.424805 0.532552 0.423828 0.528646 0.423828 0.518229 0.420898 0.513021 0.415039 0.509115 0.411133 0.509115 0.410156 0.507812 0.392578 0.507812 0.390625 0.502604
0 0.395508 0.605469 0.382812 0.606771 0.373047 0.613281 0.368164 0.622396 0.368164 0.627604 0.366211 0.634115 0.358398 0.640625 0.359375 0.666667 0.360352 0.667969 0.361328 0.679688 0.363281 0.684896 0.365234 0.687500 0.372070 0.690104 0.375000 0.694010 0.384766 0.699219 0.392578 0.695312 0.395508 0.695312 0.402344 0.688802 0.407227 0.687500 0.413086 0.682292 0.417969 0.680990 0.426758 0.669271 0.425781 0.651042 0.422852 0.636719 0.423828 0.635417 0.422852 0.628906 0.419922 0.628906 0.413086 0.619792 0.409180 0.618490
0 0.473633 0.648438 0.467773 0.648438 0.466797 0.649740 0.461914 0.649740 0.456055 0.652344 0.442383 0.652344 0.439453 0.656250 0.437500 0.656250 0.431641 0.660156 0.429688 0.662760 0.427734 0.671875 0.421875 0.679688 0.420898 0.690104 0.421875 0.691406 0.421875 0.695312 0.428711 0.705729 0.435547 0.712240 0.435547 0.714844 0.437500 0.718750 0.442383 0.721354 0.446289 0.725260 0.451172 0.725260 0.452148 0.723958 0.459961 0.722656 0.460938 0.721354 0.465820 0.721354 0.468750 0.718750 0.470703 0.718750 0.474609 0.716146 0.474609 0.714844 0.479492 0.708333 0.484375 0.695312 0.484375 0.688802 0.485352 0.687500 0.485352 0.680990 0.486328 0.679688 0.486328 0.675781 0.485352 0.674479 0.485352 0.662760 0.480469 0.654948 0.478516 0.654948
0 0.436523 0.566406 0.426758 0.580729 0.419922 0.585938 0.419922 0.596354 0.421875 0.600260 0.419922 0.605469 0.419922 0.611979 0.423828 0.618490 0.423828 0.621094 0.426758 0.627604 0.436523 0.639323 0.439453 0.645833 0.443359 0.648438 0.449219 0.648438 0.450195 0.649740 0.452148 0.648438 0.458984 0.648438 0.459961 0.647135 0.463867 0.647135 0.464844 0.645833 0.470703 0.644531 0.484375 0.631510 0.485352 0.625000 0.482422 0.611979 0.481445 0.588542 0.480469 0.584635 0.473633 0.575521 0.472656 0.570312 0.469727 0.566406 0.465820 0.563802 0.460938 0.563802 0.459961 0.565104 0.443359 0.563802 0.442383 0.565104
0 0.455078 0.445312 0.446289 0.445312 0.437500 0.450521 0.423828 0.470052 0.422852 0.476562 0.419922 0.483073 0.419922 0.494792 0.422852 0.501302 0.424805 0.510417 0.428711 0.516927 0.429688 0.524740 0.427734 0.527344 0.427734 0.533854 0.431641 0.541667 0.433594 0.542969 0.435547 0.550781 0.438477 0.550781 0.445312 0.544271 0.468750 0.536458 0.471680 0.533854 0.485352 0.528646 0.489258 0.520833 0.492188 0.506510 0.493164 0.488281 0.484375 0.467448 0.477539 0.458333 0.473633 0.457031 0.469727 0.453125 0.455078 0.451823 0.453125 0.449219
0 0.501953 0.398438 0.494141 0.406250 0.489258 0.419271 0.483398 0.428385 0.483398 0.434896 0.482422 0.436198 0.483398 0.450521 0.491211 0.462240 0.494141 0.472656 0.505859 0.493490 0.517578 0.501302 0.524414 0.503906 0.531250 0.503906 0.532227 0.502604 0.540039 0.503906 0.542969 0.501302 0.543945 0.497396 0.543945 0.486979 0.547852 0.472656 0.548828 0.459635 0.550781 0.455729 0.550781 0.449219 0.555664 0.428385 0.555664 0.420573 0.553711 0.412760 0.546875 0.406250 0.537109 0.403646 0.521484 0.394531 0.515625 0.394531
0 0.499023 0.500000 0.494141 0.502604 0.493164 0.513021 0.491211 0.516927 0.489258 0.527344 0.484375 0.532552 0.482422 0.532552 0.475586 0.537760 0.469727 0.539062 0.467773 0.544271 0.467773 0.549479 0.469727 0.553385 0.471680 0.565104 0.473633 0.567708 0.476562 0.576823 0.498047 0.595052 0.506836 0.596354 0.507812 0.597656 0.514648 0.597656 0.519531 0.593750 0.522461 0.579427 0.531250 0.555990 0.535156 0.539062 0.533203 0.533854 0.533203 0.529948 0.528320 0.519531 0.524414 0.518229 0.513672 0.507812 0.509766 0.506510 0.505859 0.501302
0 0.551758 0.602865 0.541992 0.588542 0.537109 0.585938 0.532227 0.585938 0.530273 0.588542 0.524414 0.591146 0.518555 0.598958 0.502930 0.598958 0.498047 0.596354 0.493164 0.600260 0.490234 0.606771 0.491211 0.619792 0.490234 0.621094 0.490234 0.631510 0.489258 0.632812 0.489258 0.636719 0.493164 0.645833 0.501953 0.652344 0.506836 0.653646 0.509766 0.656250 0.517578 0.658854 0.520508 0.661458 0.533203 0.656250 0.543945 0.647135 0.549805 0.639323 0.552734 0.638021 0.555664 0.632812 0.556641 0.622396 0.553711 0.614583 0.553711 0.610677
0 0.505859 0.658854 0.502930 0.661458 0.500977 0.666667 0.500977 0.673177 0.495117 0.679688 0.492188 0.687500 0.486328 0.695312 0.485352 0.700521 0.488281 0.708333 0.489258 0.722656 0.493164 0.729167 0.493164 0.731771 0.498047 0.744792 0.509766 0.757812 0.516602 0.760417 0.523438 0.756510 0.531250 0.748698 0.537109 0.746094 0.548828 0.736979 0.550781 0.736979 0.553711 0.734375 0.557617 0.725260 0.555664 0.722656 0.553711 0.714844 0.553711 0.705729 0.551758 0.697917 0.547852 0.691406 0.541016 0.671875 0.535156 0.671875 0.528320 0.667969 0.523438 0.667969 0.522461 0.666667 0.515625 0.666667 0.509766 0.658854
0 0.588867 0.734375 0.585938 0.733073 0.583008 0.729167 0.580078 0.729167 0.579102 0.727865 0.563477 0.729167 0.555664 0.736979 0.539062 0.747396 0.536133 0.752604 0.532227 0.755208 0.532227 0.759115 0.530273 0.763021 0.531250 0.772135 0.534180 0.779948 0.537109 0.783854 0.540039 0.794271 0.544922 0.802083 0.549805 0.802083 0.553711 0.804688 0.564453 0.804688 0.565430 0.803385 0.570312 0.803385 0.575195 0.800781 0.587891 0.789062 0.590820 0.783854 0.591797 0.777344 0.596680 0.769531 0.596680 0.761719 0.594727 0.753906 0.594727 0.746094
0 0.637695 0.796875 0.629883 0.795573 0.625000 0.792969 0.620117 0.792969 0.623047 0.798177 0.625000 0.794271 0.627930 0.794271 0.628906 0.795573 0.628906 0.800781 0.626953 0.803385 0.625000 0.803385 0.622070 0.800781 0.617188 0.804688 0.620117 0.808594 0.619141 0.813802 0.614258 0.821615 0.608398 0.826823 0.606445 0.835938 0.602539 0.839844 0.599609 0.846354 0.598633 0.851562 0.601562 0.858073 0.601562 0.861979 0.605469 0.873698 0.610352 0.880208 0.615234 0.884115 0.620117 0.884115 0.633789 0.876302 0.644531 0.873698 0.654297 0.865885 0.659180 0.855469 0.660156 0.845052 0.658203 0.839844 0.657227 0.830729 0.650391 0.816406 0.646484 0.804688
0 0.665039 0.852865 0.658203 0.863281 0.657227 0.867188 0.658203 0.867188 0.659180 0.861979 0.662109 0.861979 0.665039 0.858073 0.669922 0.858073 0.671875 0.860677 0.655273 0.882812 0.654297 0.890625 0.652344 0.895833 0.653320 0.903646 0.658203 0.914062 0.658203 0.917969 0.674805 0.933594 0.677734 0.934896 0.690430 0.934896 0.692383 0.937500 0.696289 0.937500 0.699219 0.924479 0.702148 0.917969 0.703125 0.910156 0.706055 0.903646 0.709961 0.886719 0.711914 0.882812 0.711914 0.876302 0.705078 0.864583 0.694336 0.858073 0.683594 0.856771 0.675781 0.860677 0.670898 0.855469
0 0.731445 0.871094 0.725586 0.877604 0.720703 0.878906 0.717773 0.882812 0.717773 0.884115 0.714844 0.886719 0.713867 0.891927 0.710938 0.895833 0.708984 0.901042 0.708984 0.904948 0.706055 0.912760 0.706055 0.923177 0.711914 0.932292 0.713867 0.932292 0.720703 0.936198 0.723633 0.936198 0.724609 0.937500 0.725586 0.936198 0.736328 0.936198 0.743164 0.940104 0.751953 0.940104 0.755859 0.937500 0.755859 0.936198 0.760742 0.929688 0.762695 0.923177 0.761719 0.921875 0.761719 0.899740 0.760742 0.898438 0.760742 0.886719 0.759766 0.885417 0.759766 0.878906 0.758789 0.877604 0.758789 0.875000 0.756836 0.872396 0.754883 0.872396 0.753906 0.871094 0.748047 0.871094 0.747070 0.869792 0.746094 0.871094 0.737305 0.871094 0.736328 0.869792
0 0.779297 0.776042 0.772461 0.776042 0.768555 0.778646 0.757812 0.778646 0.756836 0.779948 0.754883 0.779948 0.753906 0.785156 0.750977 0.789062 0.749023 0.794271 0.749023 0.796875 0.746094 0.803385 0.746094 0.805990 0.742188 0.816406 0.742188 0.822917 0.741211 0.824219 0.742188 0.825521 0.743164 0.832031 0.746094 0.837240 0.748047 0.846354 0.752930 0.852865 0.756836 0.854167 0.759766 0.856771 0.771484 0.856771 0.776367 0.852865 0.778320 0.852865 0.781250 0.848958 0.782227 0.848958 0.791016 0.834635 0.792969 0.829427 0.793945 0.822917 0.797852 0.816406 0.797852 0.811198 0.794922 0.805990 0.794922 0.802083 0.791992 0.796875 0.791016 0.792969 0.784180 0.779948
0 0.746094 0.778646 0.741211 0.772135 0.739258 0.772135 0.735352 0.768229 0.730469 0.768229 0.722656 0.761719 0.719727 0.761719 0.717773 0.766927 0.717773 0.769531 0.714844 0.772135 0.708008 0.772135 0.707031 0.770833 0.704102 0.770833 0.701172 0.773438 0.698242 0.778646 0.694336 0.782552 0.690430 0.792969 0.685547 0.799479 0.685547 0.800781 0.680664 0.805990 0.679688 0.809896 0.683594 0.812500 0.688477 0.819010 0.691406 0.826823 0.697266 0.833333 0.700195 0.833333 0.701172 0.834635 0.706055 0.835938 0.710938 0.833333 0.719727 0.833333 0.720703 0.832031 0.723633 0.832031 0.729492 0.826823 0.735352 0.825521 0.738281 0.820312 0.738281 0.817708 0.741211 0.812500 0.746094 0.798177 0.746094 0.792969 0.747070 0.791667 0.747070 0.782552 0.746094 0.781250
0 0.691406 0.734375 0.688477 0.734375 0.687500 0.733073 0.678711 0.733073 0.673828 0.735677 0.663086 0.735677 0.655273 0.740885 0.652344 0.746094 0.652344 0.755208 0.653320 0.756510 0.653320 0.773438 0.655273 0.778646 0.651367 0.786458 0.646484 0.789062 0.652344 0.792969 0.654297 0.792969 0.667969 0.802083 0.676758 0.803385 0.680664 0.800781 0.688477 0.790365 0.688477 0.789062 0.695312 0.777344 0.695312 0.756510 0.694336 0.755208 0.694336 0.751302 0.691406 0.742188 0.693359 0.738281 0.693359 0.735677
0 0.603516 0.717448 0.593750 0.730469 0.593750 0.738281 0.595703 0.743490 0.595703 0.747396 0.597656 0.752604 0.597656 0.756510 0.601562 0.772135 0.610352 0.781250 0.618164 0.786458 0.626953 0.787760 0.630859 0.790365 0.639648 0.790365 0.640625 0.789062 0.643555 0.789062 0.650391 0.783854 0.652344 0.781250 0.653320 0.776042 0.652344 0.774740 0.652344 0.759115 0.651367 0.757812 0.651367 0.739583 0.650391 0.738281 0.650391 0.733073 0.649414 0.731771 0.649414 0.726562 0.648438 0.725260 0.647461 0.716146 0.640625 0.708333 0.632812 0.707031 0.631836 0.705729 0.622070 0.705729 0.619141 0.708333 0.613281 0.709635
0 0.817383 0.720052 0.815430 0.721354 0.807617 0.721354 0.806641 0.720052 0.795898 0.721354 0.794922 0.720052 0.791016 0.720052 0.789062 0.721354 0.786133 0.726562 0.785156 0.734375 0.784180 0.735677 0.784180 0.739583 0.783203 0.740885 0.782227 0.752604 0.781250 0.753906 0.780273 0.761719 0.778320 0.766927 0.791992 0.789062 0.791992 0.790365 0.795898 0.795573 0.799805 0.795573 0.800781 0.794271 0.802734 0.794271 0.810547 0.787760 0.815430 0.781250 0.816406 0.781250 0.821289 0.774740 0.822266 0.774740 0.831055 0.763021 0.833008 0.757812 0.833008 0.747396 0.829102 0.735677 0.827148 0.731771
0 0.767578 0.699219 0.766602 0.699219 0.766602 0.700521 0.762695 0.704427 0.754883 0.704427 0.753906 0.705729 0.748047 0.707031 0.743164 0.709635 0.735352 0.721354 0.733398 0.727865 0.733398 0.743490 0.734375 0.744792 0.734375 0.750000 0.735352 0.751302 0.735352 0.759115 0.736328 0.760417 0.740234 0.760417 0.742188 0.763021 0.743164 0.766927 0.749023 0.773438 0.751953 0.773438 0.758789 0.777344 0.767578 0.774740 0.773438 0.770833 0.775391 0.768229 0.776367 0.764323 0.778320 0.761719 0.778320 0.759115 0.780273 0.753906 0.780273 0.750000 0.782227 0.743490 0.782227 0.736979 0.783203 0.735677 0.783203 0.731771 0.785156 0.726562 0.785156 0.722656 0.781250 0.712240 0.778320 0.708333
0 0.662109 0.648438 0.658203 0.658854 0.657227 0.665365 0.654297 0.669271 0.652344 0.675781 0.642578 0.691406 0.641602 0.696615 0.642578 0.697917 0.642578 0.704427 0.643555 0.707031 0.650391 0.716146 0.652344 0.722656 0.652344 0.726562 0.658203 0.730469 0.661133 0.730469 0.664062 0.733073 0.673828 0.733073 0.679688 0.730469 0.687500 0.730469 0.688477 0.731771 0.695312 0.730469 0.701172 0.720052 0.704102 0.712240 0.704102 0.707031 0.705078 0.705729 0.705078 0.692708 0.704102 0.691406 0.703125 0.674479 0.696289 0.662760 0.683594 0.651042 0.680664 0.651042 0.675781 0.647135 0.664062 0.647135
0 0.633789 0.621094 0.628906 0.621094 0.627930 0.622396 0.625000 0.622396 0.620117 0.626302 0.615234 0.626302 0.607422 0.631510 0.604492 0.631510 0.595703 0.638021 0.595703 0.640625 0.594727 0.641927 0.594727 0.645833 0.595703 0.647135 0.595703 0.675781 0.600586 0.684896 0.606445 0.692708 0.609375 0.692708 0.610352 0.694010 0.612305 0.692708 0.627930 0.692708 0.628906 0.691406 0.631836 0.691406 0.636719 0.688802 0.641602 0.688802 0.647461 0.680990 0.651367 0.673177 0.656250 0.658854 0.655273 0.652344 0.648438 0.641927 0.647461 0.638021
0 0.606445 0.513021 0.603516 0.513021 0.600586 0.510417 0.595703 0.509115 0.585938 0.502604 0.583984 0.500000 0.580078 0.498698 0.577148 0.494792 0.570312 0.493490 0.569336 0.492188 0.563477 0.493490 0.559570 0.498698 0.555664 0.498698 0.550781 0.501302 0.546875 0.505208 0.539062 0.516927 0.539062 0.528646 0.538086 0.529948 0.538086 0.537760 0.539062 0.539062 0.539062 0.542969 0.538086 0.544271 0.538086 0.558594 0.539062 0.562500 0.546875 0.571615 0.552734 0.575521 0.559570 0.576823 0.560547 0.578125 0.576172 0.576823 0.581055 0.572917 0.583984 0.572917 0.586914 0.570312 0.593750 0.567708 0.598633 0.563802 0.600586 0.554688 0.606445 0.537760 0.607422 0.524740 0.608398 0.523438 0.608398 0.518229
0 0.630859 0.526042 0.621094 0.528646 0.615234 0.539062 0.612305 0.539062 0.611328 0.537760 0.611328 0.532552 0.610352 0.532552 0.612305 0.542969 0.609375 0.545573 0.608398 0.549479 0.605469 0.553385 0.603516 0.561198 0.596680 0.570312 0.596680 0.580729 0.594727 0.584635 0.594727 0.589844 0.603516 0.604167 0.611328 0.608073 0.619141 0.619792 0.622070 0.621094 0.630859 0.618490 0.637695 0.613281 0.640625 0.613281 0.648438 0.606771 0.655273 0.604167 0.661133 0.597656 0.662109 0.591146 0.665039 0.584635 0.664062 0.567708 0.662109 0.559896 0.657227 0.550781 0.649414 0.541667 0.642578 0.539062
0 0.690430 0.562500 0.687500 0.561198 0.679688 0.561198 0.673828 0.557292 0.666016 0.559896 0.665039 0.562500 0.665039 0.570312 0.667969 0.580729 0.664062 0.589844 0.663086 0.596354 0.658203 0.604167 0.646484 0.611979 0.647461 0.619792 0.654297 0.626302 0.656250 0.631510 0.659180 0.635417 0.666016 0.640625 0.669922 0.640625 0.670898 0.639323 0.685547 0.639323 0.687500 0.636719 0.692383 0.634115 0.698242 0.627604 0.706055 0.615885 0.708984 0.608073 0.708984 0.605469 0.711914 0.597656 0.711914 0.591146 0.708008 0.578125 0.702148 0.571615 0.694336 0.567708
0 0.708984 0.618490 0.707031 0.621094 0.705078 0.621094 0.703125 0.626302 0.696289 0.632812 0.696289 0.634115 0.693359 0.638021 0.696289 0.641927 0.696289 0.644531 0.693359 0.653646 0.694336 0.654948 0.694336 0.657552 0.704102 0.671875 0.704102 0.675781 0.705078 0.677083 0.705078 0.686198 0.706055 0.687500 0.707031 0.694010 0.708008 0.695312 0.713867 0.695312 0.714844 0.694010 0.719727 0.692708 0.724609 0.688802 0.729492 0.687500 0.745117 0.677083 0.748047 0.667969 0.748047 0.664062 0.749023 0.662760 0.749023 0.652344 0.748047 0.651042 0.747070 0.644531 0.744141 0.639323 0.744141 0.635417 0.742188 0.631510 0.740234 0.630208 0.731445 0.630208 0.730469 0.628906 0.727539 0.628906 0.716797 0.621094 0.713867 0.621094 0.712891 0.622396
0 0.818359 0.628906 0.811523 0.631510 0.811523 0.635417 0.812500 0.636719 0.810547 0.639323 0.807617 0.647135 0.807617 0.649740 0.805664 0.653646 0.804688 0.658854 0.800781 0.665365 0.799805 0.669271 0.795898 0.673177 0.792969 0.680990 0.791016 0.683594 0.791016 0.688802 0.796875 0.697917 0.809570 0.707031 0.817383 0.707031 0.818359 0.705729 0.823242 0.704427 0.830078 0.697917 0.836914 0.695312 0.841797 0.688802 0.841797 0.686198 0.842773 0.684896 0.842773 0.652344 0.841797 0.649740 0.837891 0.644531 0.833008 0.641927 0.826172 0.632812 0.821289 0.631510
0 0.772461 0.596354 0.773438 0.598958 0.776367 0.600260 0.775391 0.601562 0.770508 0.601562 0.767578 0.598958 0.766602 0.605469 0.764648 0.609375 0.764648 0.613281 0.766602 0.617188 0.756836 0.626302 0.750000 0.630208 0.747070 0.636719 0.747070 0.641927 0.749023 0.645833 0.749023 0.649740 0.751953 0.657552 0.758789 0.666667 0.764648 0.670573 0.766602 0.670573 0.772461 0.674479 0.778320 0.680990 0.786133 0.684896 0.791992 0.678385 0.792969 0.674479 0.799805 0.665365 0.805664 0.649740 0.805664 0.640625 0.804688 0.639323 0.805664 0.631510 0.800781 0.617188 0.793945 0.613281 0.787109 0.602865 0.777344 0.600260 0.776367 0.596354
0 0.706055 0.563802 0.706055 0.566406 0.708984 0.570312 0.708984 0.572917 0.711914 0.579427 0.711914 0.585938 0.713867 0.591146 0.712891 0.610677 0.713867 0.613281 0.722656 0.623698 0.729492 0.627604 0.746094 0.628906 0.747070 0.627604 0.755859 0.625000 0.763672 0.617188 0.762695 0.610677 0.765625 0.601562 0.766602 0.563802 0.759766 0.552083 0.749023 0.544271 0.746094 0.544271 0.741211 0.541667 0.731445 0.541667 0.726562 0.544271 0.719727 0.552083 0.716797 0.553385 0.713867 0.558594 0.711914 0.558594
0 0.853516 0.553385 0.846680 0.552083 0.846680 0.554688 0.841797 0.558594 0.838867 0.558594 0.837891 0.559896 0.834961 0.559896 0.831055 0.563802 0.828125 0.565104 0.821289 0.574219 0.820312 0.578125 0.818359 0.580729 0.814453 0.591146 0.814453 0.605469 0.815430 0.606771 0.816406 0.613281 0.818359 0.615885 0.818359 0.622396 0.819336 0.622396 0.821289 0.626302 0.825195 0.628906 0.835938 0.628906 0.845703 0.622396 0.850586 0.621094 0.856445 0.617188 0.859375 0.617188 0.864258 0.610677 0.864258 0.606771 0.868164 0.597656 0.868164 0.592448 0.865234 0.585938 0.863281 0.575521 0.861328 0.572917 0.860352 0.567708 0.857422 0.562500 0.857422 0.558594
0 0.564453 0.417969 0.559570 0.424479 0.563477 0.425781 0.565430 0.428385 0.562500 0.430990 0.558594 0.445312 0.558594 0.460938 0.563477 0.473958 0.575195 0.481771 0.597656 0.488281 0.607422 0.494792 0.610352 0.494792 0.614258 0.490885 0.625000 0.473958 0.627930 0.460938 0.632812 0.450521 0.631836 0.444010 0.627930 0.438802 0.625000 0.430990 0.620117 0.424479 0.617188 0.417969 0.609375 0.408854 0.601562 0.406250 0.593750 0.406250 0.590820 0.410156 0.586914 0.411458 0.580078 0.420573 0.577148 0.417969 0.576172 0.411458 0.571289 0.412760 0.567383 0.419271
0 0.645508 0.436198 0.639648 0.440104 0.639648 0.445312 0.635742 0.447917 0.634766 0.454427 0.631836 0.458333 0.625977 0.476562 0.623047 0.480469 0.622070 0.484375 0.615234 0.492188 0.615234 0.494792 0.613281 0.498698 0.616211 0.501302 0.616211 0.506510 0.622070 0.514323 0.625000 0.515625 0.629883 0.520833 0.638672 0.523438 0.646484 0.535156 0.652344 0.535156 0.658203 0.529948 0.672852 0.510417 0.676758 0.507812 0.686523 0.496094 0.687500 0.493490 0.687500 0.483073 0.686523 0.481771 0.685547 0.467448 0.674805 0.453125 0.653320 0.437500
0 0.691406 0.470052 0.689453 0.471354 0.688477 0.473958 0.688477 0.484375 0.690430 0.489583 0.690430 0.493490 0.682617 0.505208 0.673828 0.513021 0.669922 0.518229 0.666016 0.528646 0.668945 0.529948 0.669922 0.539062 0.675781 0.546875 0.687500 0.554688 0.694336 0.561198 0.704102 0.562500 0.711914 0.553385 0.717773 0.549479 0.722656 0.541667 0.728516 0.526042 0.728516 0.506510 0.727539 0.505208 0.727539 0.497396 0.726562 0.496094 0.726562 0.490885 0.722656 0.485677 0.716797 0.483073 0.713867 0.479167 0.708008 0.475260 0.703125 0.475260 0.696289 0.470052
0 0.728516 0.480469 0.728516 0.493490 0.729492 0.494792 0.730469 0.507812 0.731445 0.509115 0.731445 0.531250 0.745117 0.541667 0.753906 0.544271 0.756836 0.548177 0.768555 0.557292 0.770508 0.557292 0.773438 0.559896 0.778320 0.558594 0.787109 0.544271 0.788086 0.540365 0.790039 0.537760 0.791016 0.529948 0.791992 0.528646 0.792969 0.500000 0.789062 0.490885 0.787109 0.488281 0.784180 0.488281 0.767578 0.477865 0.758789 0.477865 0.757812 0.476562 0.750977 0.476562 0.750000 0.475260 0.745117 0.475260 0.744141 0.476562 0.734375 0.475260
0 0.841797 0.454427 0.837891 0.453125 0.831055 0.457031 0.828125 0.457031 0.824219 0.454427 0.821289 0.450521 0.818359 0.450521 0.817383 0.449219 0.816406 0.450521 0.812500 0.450521 0.809570 0.462240 0.805664 0.467448 0.802734 0.473958 0.791992 0.486979 0.791992 0.492188 0.794922 0.502604 0.794922 0.506510 0.793945 0.507812 0.793945 0.522135 0.795898 0.526042 0.800781 0.528646 0.804688 0.528646 0.805664 0.529948 0.807617 0.528646 0.811523 0.528646 0.812500 0.527344 0.823242 0.526042 0.828125 0.520833 0.832031 0.518229 0.833984 0.518229 0.839844 0.513021 0.840820 0.507812 0.843750 0.501302 0.843750 0.498698 0.845703 0.493490 0.845703 0.488281 0.846680 0.486979 0.846680 0.468750 0.845703 0.467448 0.844727 0.459635
0 0.756836 0.395833 0.752930 0.402344 0.755859 0.407552 0.755859 0.411458 0.756836 0.412760 0.755859 0.415365 0.756836 0.438802 0.753906 0.451823 0.748047 0.460938 0.749023 0.464844 0.757812 0.472656 0.770508 0.476562 0.785156 0.485677 0.791016 0.484375 0.802734 0.471354 0.808594 0.459635 0.810547 0.451823 0.810547 0.442708 0.808594 0.437500 0.808594 0.433594 0.804688 0.421875 0.802734 0.419271 0.801758 0.411458 0.798828 0.407552 0.791992 0.403646 0.783203 0.402344 0.779297 0.399740 0.776367 0.399740 0.767578 0.395833 0.763672 0.395833 0.762695 0.394531
0 0.705078 0.382812 0.705078 0.388021 0.707031 0.394531 0.707031 0.404948 0.701172 0.425781 0.689453 0.445312 0.689453 0.453125 0.696289 0.463542 0.705078 0.466146 0.710938 0.472656 0.716797 0.476562 0.729492 0.475260 0.743164 0.463542 0.748047 0.457031 0.753906 0.445312 0.755859 0.437500 0.754883 0.411458 0.740234 0.391927 0.728516 0.391927 0.722656 0.386719 0.711914 0.386719
0 0.646484 0.351562 0.650391 0.351562 0.652344 0.354167 0.652344 0.356771 0.648438 0.363281 0.643555 0.365885 0.638672 0.371094 0.638672 0.376302 0.641602 0.390625 0.641602 0.415365 0.639648 0.417969 0.640625 0.423177 0.666016 0.442708 0.668945 0.442708 0.675781 0.446615 0.682617 0.445312 0.691406 0.436198 0.701172 0.421875 0.705078 0.403646 0.702148 0.377604 0.696289 0.365885 0.688477 0.360677 0.681641 0.359375 0.677734 0.355469 0.673828 0.355469 0.665039 0.351562 0.657227 0.351562 0.656250 0.350260
0 0.662109 0.268229 0.662109 0.272135 0.655273 0.282552 0.649414 0.286458 0.647461 0.291667 0.648438 0.299479 0.645508 0.304688 0.645508 0.332031 0.648438 0.339844 0.652344 0.343750 0.660156 0.345052 0.661133 0.346354 0.688477 0.346354 0.689453 0.347656 0.700195 0.347656 0.704102 0.342448 0.708984 0.338542 0.710938 0.330729 0.710938 0.308594 0.708008 0.298177 0.708008 0.294271 0.697266 0.276042 0.691406 0.268229 0.688477 0.266927 0.668945 0.266927 0.667969 0.268229
0 0.717773 0.308594 0.715820 0.319010 0.712891 0.322917 0.713867 0.328125 0.712891 0.346354 0.715820 0.343750 0.717773 0.345052 0.721680 0.360677 0.723633 0.360677 0.725586 0.363281 0.726562 0.375000 0.728516 0.382812 0.730469 0.382812 0.737305 0.388021 0.741211 0.389323 0.743164 0.391927 0.750977 0.393229 0.751953 0.391927 0.754883 0.393229 0.761719 0.390625 0.770508 0.377604 0.778320 0.358073 0.782227 0.351562 0.782227 0.346354 0.779297 0.339844 0.778320 0.332031 0.771484 0.316406 0.768555 0.312500 0.765625 0.311198 0.763672 0.307292 0.756836 0.311198 0.753906 0.311198 0.748047 0.307292 0.742188 0.307292 0.741211 0.308594 0.723633 0.307292 0.722656 0.308594
