0 0.050781 0.354167 0.050781 0.356771 0.053711 0.364583 0.054688 0.376302 0.055664 0.377604 0.057617 0.391927 0.059570 0.397135 0.060547 0.407552 0.065430 0.414062 0.081055 0.423177 0.095703 0.423177 0.105469 0.417969 0.106445 0.414062 0.104492 0.407552 0.101562 0.402344 0.101562 0.381510 0.102539 0.380208 0.102539 0.373698 0.100586 0.368490 0.101562 0.361979 0.096680 0.354167 0.090820 0.350260 0.085938 0.348958 0.081055 0.345052 0.070312 0.346354 0.069336 0.347656 0.069336 0.356771 0.068359 0.358073 0.065430 0.356771 0.063477 0.354167 0.057617 0.351562 0.053711 0.351562
0 0.155273 0.333333 0.153320 0.338542 0.153320 0.348958 0.154297 0.350260 0.154297 0.358073 0.155273 0.361979 0.163086 0.378906 0.163086 0.381510 0.165039 0.384115 0.166016 0.388021 0.172852 0.393229 0.178711 0.394531 0.179688 0.395833 0.186523 0.395833 0.187500 0.394531 0.190430 0.395833 0.196289 0.395833 0.197266 0.394531 0.198242 0.395833 0.201172 0.395833 0.205078 0.393229 0.208008 0.393229 0.221680 0.368490 0.221680 0.363281 0.222656 0.361979 0.220703 0.358073 0.215820 0.358073 0.205078 0.341146 0.204102 0.337240 0.197266 0.326823 0.196289 0.322917 0.190430 0.317708 0.178711 0.317708 0.177734 0.319010 0.174805 0.319010 0.161133 0.329427 0.158203 0.329427
0 0.143555 0.420573 0.136719 0.424479 0.131836 0.429688 0.132812 0.432292 0.132812 0.434896 0.131836 0.436198 0.131836 0.454427 0.133789 0.460938 0.131836 0.467448 0.126953 0.470052 0.128906 0.471354 0.130859 0.476562 0.131836 0.476562 0.134766 0.480469 0.142578 0.485677 0.153320 0.496094 0.155273 0.496094 0.156250 0.494792 0.158203 0.494792 0.160156 0.492188 0.163086 0.485677 0.164062 0.480469 0.166016 0.477865 0.166016 0.475260 0.171875 0.468750 0.175781 0.457031 0.179688 0.450521 0.180664 0.444010 0.182617 0.440104 0.182617 0.433594 0.181641 0.430990 0.176758 0.433594 0.170898 0.428385 0.166992 0.427083 0.163086 0.421875 0.161133 0.421875 0.160156 0.420573
0 0.238281 0.305990 0.236328 0.309896 0.236328 0.322917 0.238281 0.329427 0.242188 0.335938 0.245117 0.346354 0.248047 0.350260 0.249023 0.356771 0.252930 0.367188 0.263672 0.381510 0.271484 0.384115 0.283203 0.382812 0.291992 0.371094 0.297852 0.356771 0.289062 0.343750 0.289062 0.341146 0.285156 0.332031 0.285156 0.325521 0.287109 0.324219 0.288086 0.325521 0.288086 0.330729 0.290039 0.333333 0.295898 0.333333 0.297852 0.337240 0.298828 0.335938 0.291016 0.315104 0.287109 0.309896 0.279297 0.311198 0.277344 0.308594 0.271484 0.305990 0.261719 0.305990 0.256836 0.309896 0.254883 0.309896 0.251953 0.304688 0.249023 0.303385
0 0.187500 0.442708 0.187500 0.450521 0.190430 0.455729 0.190430 0.459635 0.192383 0.463542 0.195312 0.475260 0.201172 0.479167 0.202148 0.481771 0.208984 0.489583 0.221680 0.492188 0.225586 0.494792 0.228516 0.500000 0.237305 0.500000 0.249023 0.492188 0.250977 0.492188 0.258789 0.480469 0.259766 0.455729 0.257812 0.453125 0.254883 0.444010 0.250977 0.440104 0.240234 0.437500 0.234375 0.433594 0.228516 0.432292 0.223633 0.428385 0.215820 0.427083 0.209961 0.423177 0.200195 0.420573 0.196289 0.424479
0 0.167969 0.475260 0.164062 0.485677 0.163086 0.497396 0.171875 0.515625 0.172852 0.520833 0.176758 0.526042 0.177734 0.529948 0.184570 0.541667 0.192383 0.544271 0.195312 0.546875 0.203125 0.546875 0.204102 0.545573 0.208984 0.545573 0.209961 0.544271 0.219727 0.544271 0.224609 0.540365 0.229492 0.522135 0.229492 0.507812 0.227539 0.503906 0.226562 0.503906 0.226562 0.511719 0.224609 0.514323 0.214844 0.502604 0.213867 0.498698 0.212891 0.498698 0.208008 0.490885 0.199219 0.480469 0.187500 0.475260 0.182617 0.475260 0.176758 0.471354 0.172852 0.471354 0.169922 0.472656
0 0.184570 0.554688 0.184570 0.561198 0.186523 0.565104 0.185547 0.567708 0.185547 0.579427 0.186523 0.580729 0.186523 0.583333 0.188477 0.585938 0.189453 0.595052 0.193359 0.602865 0.196289 0.604167 0.203125 0.610677 0.206055 0.610677 0.207031 0.611979 0.214844 0.610677 0.225586 0.602865 0.227539 0.602865 0.230469 0.598958 0.239258 0.592448 0.243164 0.592448 0.247070 0.585938 0.247070 0.570312 0.244141 0.563802 0.243164 0.563802 0.235352 0.553385 0.234375 0.545573 0.233398 0.544271 0.223633 0.544271 0.221680 0.546875 0.201172 0.548177 0.197266 0.550781 0.190430 0.546875 0.189453 0.544271
0 0.228516 0.615885 0.227539 0.617188 0.227539 0.621094 0.222656 0.631510 0.222656 0.644531 0.226562 0.651042 0.228516 0.656250 0.228516 0.658854 0.231445 0.662760 0.231445 0.664062 0.232422 0.664062 0.235352 0.667969 0.238281 0.669271 0.242188 0.674479 0.246094 0.675781 0.249023 0.678385 0.253906 0.678385 0.258789 0.675781 0.266602 0.674479 0.271484 0.670573 0.274414 0.661458 0.278320 0.654948 0.280273 0.649740 0.280273 0.645833 0.281250 0.644531 0.280273 0.630208 0.274414 0.617188 0.268555 0.615885 0.267578 0.614583 0.258789 0.613281 0.255859 0.609375 0.250000 0.609375 0.248047 0.613281 0.234375 0.613281 0.232422 0.615885
0 0.335938 0.636719 0.329102 0.631510 0.328125 0.632812 0.325195 0.632812 0.323242 0.635417 0.316406 0.636719 0.315430 0.638021 0.290039 0.638021 0.288086 0.643229 0.286133 0.644531 0.284180 0.651042 0.281250 0.653646 0.279297 0.658854 0.275391 0.664062 0.274414 0.667969 0.268555 0.674479 0.268555 0.678385 0.271484 0.680990 0.271484 0.683594 0.273438 0.686198 0.274414 0.690104 0.281250 0.695312 0.288086 0.696615 0.291992 0.699219 0.298828 0.707031 0.302734 0.707031 0.308594 0.703125 0.313477 0.701823 0.317383 0.697917 0.322266 0.695312 0.333984 0.675781 0.333984 0.673177 0.335938 0.669271 0.336914 0.660156 0.337891 0.658854 0.337891 0.644531
0 0.339844 0.596354 0.336914 0.593750 0.324219 0.593750 0.323242 0.595052 0.317383 0.595052 0.316406 0.593750 0.311523 0.592448 0.307617 0.587240 0.307617 0.583333 0.306641 0.582031 0.306641 0.572917 0.305664 0.571615 0.303711 0.574219 0.300781 0.575521 0.297852 0.579427 0.295898 0.579427 0.293945 0.582031 0.291992 0.582031 0.288086 0.585938 0.283203 0.587240 0.277344 0.595052 0.275391 0.614583 0.279297 0.622396 0.284180 0.628906 0.291016 0.634115 0.293945 0.634115 0.294922 0.635417 0.315430 0.635417 0.316406 0.634115 0.319336 0.634115 0.322266 0.631510 0.324219 0.631510 0.334961 0.623698 0.336914 0.621094 0.340820 0.610677 0.340820 0.600260 0.339844 0.598958
0 0.244141 0.502604 0.242188 0.523438 0.238281 0.529948 0.237305 0.533854 0.238281 0.535156 0.239258 0.545573 0.243164 0.557292 0.246094 0.561198 0.251953 0.565104 0.254883 0.565104 0.259766 0.569010 0.271484 0.571615 0.279297 0.579427 0.281250 0.578125 0.287109 0.578125 0.290039 0.575521 0.293945 0.575521 0.302734 0.559896 0.305664 0.518229 0.301758 0.518229 0.300781 0.523438 0.298828 0.526042 0.292969 0.526042 0.290039 0.524740 0.287109 0.520833 0.282227 0.519531 0.280273 0.515625 0.283203 0.513021 0.274414 0.507812 0.252930 0.507812 0.251953 0.506510 0.251953 0.502604 0.249023 0.501302
0 0.279297 0.432292 0.278320 0.434896 0.278320 0.454427 0.279297 0.455729 0.279297 0.460938 0.284180 0.476562 0.291016 0.490885 0.296875 0.494792 0.301758 0.496094 0.309570 0.502604 0.315430 0.502604 0.322266 0.497396 0.333008 0.494792 0.344727 0.486979 0.345703 0.484375 0.345703 0.472656 0.341797 0.462240 0.334961 0.451823 0.332031 0.450521 0.329102 0.446615 0.326172 0.438802 0.317383 0.429688 0.308594 0.425781 0.300781 0.425781 0.291016 0.433594 0.290039 0.437500 0.282227 0.445312 0.280273 0.441406 0.280273 0.434896
0 0.302734 0.375000 0.297852 0.382812 0.295898 0.389323 0.290039 0.397135 0.290039 0.399740 0.292969 0.403646 0.289062 0.408854 0.288086 0.419271 0.291016 0.419271 0.292969 0.416667 0.298828 0.416667 0.323242 0.430990 0.328125 0.436198 0.331055 0.445312 0.336914 0.450521 0.345703 0.450521 0.349609 0.446615 0.354492 0.446615 0.368164 0.432292 0.372070 0.421875 0.375977 0.399740 0.375977 0.391927 0.373047 0.382812 0.373047 0.378906 0.369141 0.375000 0.368164 0.371094 0.364258 0.375000 0.363281 0.373698 0.356445 0.375000 0.355469 0.372396 0.352539 0.371094 0.340820 0.369792 0.333984 0.360677 0.332031 0.360677 0.326172 0.365885 0.321289 0.365885 0.306641 0.376302
0 0.374023 0.434896 0.372070 0.436198 0.365234 0.446615 0.360352 0.450521 0.356445 0.455729 0.353516 0.457031 0.352539 0.467448 0.347656 0.477865 0.347656 0.484375 0.346680 0.485677 0.348633 0.493490 0.351562 0.498698 0.360352 0.507812 0.364258 0.507812 0.365234 0.509115 0.371094 0.509115 0.375977 0.513021 0.383789 0.513021 0.384766 0.514323 0.385742 0.513021 0.388672 0.513021 0.391602 0.509115 0.396484 0.509115 0.402344 0.503906 0.416016 0.484375 0.417969 0.480469 0.417969 0.476562 0.415039 0.472656 0.414062 0.463542 0.412109 0.458333 0.409180 0.455729 0.405273 0.449219 0.400391 0.446615 0.396484 0.441406 0.390625 0.437500
0 0.373047 0.540365 0.365234 0.532552 0.363281 0.532552 0.360352 0.527344 0.354492 0.526042 0.353516 0.523438 0.351562 0.523438 0.352539 0.524740 0.351562 0.529948 0.338867 0.529948 0.337891 0.528646 0.338867 0.526042 0.340820 0.524740 0.344727 0.526042 0.347656 0.523438 0.339844 0.522135 0.338867 0.520833 0.333008 0.522135 0.328125 0.526042 0.325195 0.526042 0.319336 0.533854 0.320312 0.537760 0.317383 0.541667 0.310547 0.541667 0.309570 0.554688 0.308594 0.555990 0.308594 0.566406 0.307617 0.567708 0.308594 0.585938 0.312500 0.591146 0.315430 0.592448 0.319336 0.592448 0.320312 0.591146 0.357422 0.589844 0.358398 0.588542 0.364258 0.588542 0.368164 0.585938 0.374023 0.576823 0.375000 0.571615 0.375000 0.558594 0.375977 0.554688 0.373047 0.545573
0 0.350586 0.595052 0.343750 0.602865 0.341797 0.615885 0.337891 0.622396 0.337891 0.625000 0.336914 0.626302 0.338867 0.632812 0.346680 0.643229 0.346680 0.644531 0.355469 0.651042 0.361328 0.651042 0.367188 0.654948 0.375000 0.656250 0.375977 0.654948 0.379883 0.654948 0.385742 0.647135 0.390625 0.643229 0.392578 0.643229 0.397461 0.638021 0.397461 0.635417 0.400391 0.626302 0.400391 0.614583 0.398438 0.611979 0.398438 0.605469 0.396484 0.601562 0.392578 0.601562 0.386719 0.592448 0.384766 0.591146 0.380859 0.591146 0.376953 0.587240 0.372070 0.587240 0.369141 0.589844 0.365234 0.589844 0.364258 0.591146 0.356445 0.592448 0.355469 0.593750 0.352539 0.593750
0 0.337891 0.690104 0.336914 0.697917 0.335938 0.699219 0.336914 0.722656 0.341797 0.731771 0.342773 0.735677 0.344727 0.738281 0.346680 0.739583 0.352539 0.739583 0.353516 0.740885 0.357422 0.740885 0.358398 0.742188 0.370117 0.742188 0.371094 0.743490 0.381836 0.743490 0.382812 0.742188 0.384766 0.742188 0.387695 0.738281 0.388672 0.733073 0.392578 0.722656 0.393555 0.713542 0.389648 0.707031 0.389648 0.705729 0.383789 0.699219 0.377930 0.699219 0.376953 0.697917 0.373047 0.697917 0.369141 0.695312 0.366211 0.695312 0.365234 0.694010 0.362305 0.694010 0.361328 0.692708 0.358398 0.692708 0.357422 0.691406 0.352539 0.691406 0.349609 0.688802 0.342773 0.688802 0.340820 0.687500
0 0.443359 0.712240 0.439453 0.712240 0.438477 0.710938 0.437500 0.712240 0.432617 0.712240 0.431641 0.713542 0.429688 0.713542 0.425781 0.716146 0.422852 0.716146 0.419922 0.718750 0.416992 0.718750 0.416016 0.720052 0.413086 0.720052 0.412109 0.718750 0.406250 0.723958 0.406250 0.733073 0.407227 0.734375 0.407227 0.736979 0.408203 0.738281 0.408203 0.742188 0.410156 0.747396 0.416016 0.755208 0.416016 0.756510 0.421875 0.763021 0.423828 0.764323 0.427734 0.764323 0.431641 0.766927 0.434570 0.766927 0.437500 0.764323 0.443359 0.764323 0.444336 0.765625 0.449219 0.765625 0.450195 0.764323 0.452148 0.764323 0.456055 0.760417 0.457031 0.756510 0.456055 0.755208 0.456055 0.752604 0.455078 0.751302 0.455078 0.748698 0.453125 0.743490 0.453125 0.739583 0.452148 0.738281 0.452148 0.734375 0.451172 0.733073 0.451172 0.729167 0.450195 0.727865 0.450195 0.722656 0.448242 0.717448
0 0.381836 0.657552 0.381836 0.660156 0.379883 0.665365 0.379883 0.674479 0.382812 0.684896 0.382812 0.688802 0.386719 0.699219 0.390625 0.704427 0.390625 0.705729 0.396484 0.712240 0.403320 0.716146 0.416992 0.717448 0.417969 0.716146 0.424805 0.714844 0.431641 0.709635 0.433594 0.709635 0.438477 0.701823 0.446289 0.684896 0.446289 0.679688 0.443359 0.675781 0.440430 0.674479 0.436523 0.669271 0.433594 0.669271 0.427734 0.664062 0.425781 0.664062 0.422852 0.661458 0.418945 0.660156 0.415039 0.654948 0.411133 0.647135 0.407227 0.649740 0.403320 0.645833 0.395508 0.644531 0.392578 0.647135 0.388672 0.648438
0 0.453125 0.789062 0.453125 0.795573 0.455078 0.800781 0.466797 0.804688 0.469727 0.807292 0.473633 0.813802 0.476562 0.815104 0.482422 0.815104 0.488281 0.819010 0.493164 0.819010 0.494141 0.817708 0.500977 0.817708 0.503906 0.815104 0.507812 0.813802 0.510742 0.809896 0.510742 0.807292 0.512695 0.803385 0.515625 0.791667 0.515625 0.785156 0.514648 0.783854 0.514648 0.776042 0.512695 0.772135 0.512695 0.768229 0.507812 0.761719 0.502930 0.760417 0.500977 0.763021 0.501953 0.765625 0.500977 0.768229 0.497070 0.768229 0.494141 0.764323 0.489258 0.764323 0.486328 0.766927 0.483398 0.764323 0.483398 0.760417 0.485352 0.756510 0.481445 0.756510 0.478516 0.760417 0.474609 0.763021 0.477539 0.766927 0.475586 0.769531 0.470703 0.769531 0.468750 0.765625 0.465820 0.765625 0.461914 0.772135 0.462891 0.776042 0.461914 0.781250
0 0.514648 0.709635 0.512695 0.707031 0.510742 0.707031 0.504883 0.701823 0.500977 0.700521 0.499023 0.703125 0.488281 0.703125 0.483398 0.707031 0.479492 0.707031 0.478516 0.705729 0.473633 0.709635 0.468750 0.709635 0.466797 0.710938 0.458008 0.722656 0.454102 0.720052 0.453125 0.721354 0.453125 0.723958 0.454102 0.725260 0.454102 0.740885 0.455078 0.742188 0.456055 0.750000 0.458984 0.757812 0.461914 0.760417 0.464844 0.760417 0.465820 0.761719 0.468750 0.759115 0.473633 0.757812 0.477539 0.752604 0.484375 0.751302 0.489258 0.747396 0.498047 0.746094 0.506836 0.740885 0.510742 0.736979 0.513672 0.730469 0.513672 0.725260 0.514648 0.723958
0 0.467773 0.610677 0.462891 0.608073 0.456055 0.606771 0.455078 0.605469 0.444336 0.605469 0.443359 0.606771 0.440430 0.606771 0.436523 0.609375 0.432617 0.609375 0.425781 0.613281 0.421875 0.613281 0.420898 0.614583 0.411133 0.614583 0.407227 0.621094 0.407227 0.632812 0.412109 0.640625 0.413086 0.645833 0.416992 0.653646 0.419922 0.654948 0.421875 0.657552 0.427734 0.660156 0.432617 0.665365 0.447266 0.664062 0.452148 0.660156 0.454102 0.660156 0.460938 0.654948 0.462891 0.654948 0.466797 0.652344 0.470703 0.647135 0.470703 0.644531 0.472656 0.639323 0.472656 0.635417 0.469727 0.626302 0.469727 0.622396 0.468750 0.621094 0.469727 0.615885
0 0.442383 0.542969 0.439453 0.537760 0.434570 0.537760 0.432617 0.541667 0.404297 0.540365 0.398438 0.542969 0.389648 0.542969 0.386719 0.544271 0.386719 0.548177 0.384766 0.550781 0.382812 0.546875 0.380859 0.545573 0.378906 0.553385 0.378906 0.561198 0.377930 0.562500 0.379883 0.579427 0.389648 0.592448 0.395508 0.596354 0.406250 0.596354 0.407227 0.595052 0.411133 0.595052 0.416016 0.592448 0.427734 0.591146 0.433594 0.587240 0.444336 0.584635 0.446289 0.580729 0.446289 0.578125 0.444336 0.570312 0.445312 0.563802 0.444336 0.562500 0.444336 0.552083 0.443359 0.550781
0 0.390625 0.313802 0.385742 0.325521 0.385742 0.330729 0.384766 0.332031 0.384766 0.339844 0.386719 0.343750 0.387695 0.351562 0.403320 0.375000 0.415039 0.384115 0.418945 0.384115 0.422852 0.386719 0.428711 0.386719 0.439453 0.382812 0.441406 0.380208 0.448242 0.376302 0.458984 0.361979 0.463867 0.350260 0.463867 0.343750 0.464844 0.342448 0.463867 0.329427 0.458008 0.316406 0.458008 0.319010 0.454102 0.322917 0.451172 0.320312 0.442383 0.317708 0.438477 0.313802 0.427734 0.312500 0.419922 0.307292 0.415039 0.307292 0.412109 0.304688 0.408203 0.304688 0.404297 0.308594 0.399414 0.309896 0.397461 0.312500 0.393555 0.312500 0.392578 0.311198
0 0.412109 0.424479 0.407227 0.437500 0.407227 0.446615 0.419922 0.463542 0.437500 0.492188 0.446289 0.501302 0.454102 0.500000 0.456055 0.497396 0.458008 0.497396 0.469727 0.488281 0.475586 0.480469 0.481445 0.468750 0.482422 0.458333 0.483398 0.457031 0.483398 0.430990 0.481445 0.425781 0.474609 0.424479 0.470703 0.420573 0.461914 0.421875 0.458008 0.419271 0.448242 0.417969 0.447266 0.416667 0.431641 0.417969 0.427734 0.421875 0.422852 0.423177 0.419922 0.427083 0.417969 0.427083 0.416016 0.423177
0 0.466797 0.303385 0.465820 0.307292 0.461914 0.312500 0.461914 0.316406 0.465820 0.320312 0.467773 0.351562 0.473633 0.361979 0.480469 0.367188 0.492188 0.380208 0.502930 0.380208 0.503906 0.378906 0.516602 0.377604 0.526367 0.371094 0.533203 0.360677 0.539062 0.345052 0.540039 0.326823 0.537109 0.316406 0.533203 0.311198 0.532227 0.304688 0.531250 0.309896 0.528320 0.313802 0.519531 0.311198 0.514648 0.302083 0.512695 0.302083 0.503906 0.291667 0.498047 0.287760 0.486328 0.290365 0.478516 0.299479 0.476562 0.299479 0.474609 0.302083 0.470703 0.299479
0 0.535156 0.365885 0.521484 0.380208 0.508789 0.382812 0.501953 0.386719 0.501953 0.390625 0.500977 0.391927 0.501953 0.394531 0.501953 0.414062 0.507812 0.434896 0.514648 0.442708 0.522461 0.446615 0.535156 0.446615 0.543945 0.451823 0.555664 0.437500 0.558594 0.436198 0.566406 0.424479 0.568359 0.416667 0.575195 0.402344 0.576172 0.391927 0.570312 0.378906 0.565430 0.373698 0.558594 0.372396 0.549805 0.367188
0 0.493164 0.444010 0.491211 0.447917 0.486328 0.451823 0.485352 0.460938 0.483398 0.466146 0.483398 0.471354 0.481445 0.476562 0.475586 0.485677 0.476562 0.496094 0.484375 0.505208 0.497070 0.514323 0.509766 0.515625 0.513672 0.518229 0.521484 0.515625 0.525391 0.510417 0.530273 0.507812 0.537109 0.498698 0.538086 0.494792 0.540039 0.492188 0.540039 0.489583 0.541016 0.488281 0.541016 0.463542 0.535156 0.453125 0.533203 0.453125 0.530273 0.450521 0.514648 0.449219 0.513672 0.447917 0.504883 0.447917 0.501953 0.445312
0 0.503906 0.523438 0.497070 0.520833 0.496094 0.522135 0.492188 0.522135 0.490234 0.524740 0.483398 0.528646 0.472656 0.527344 0.463867 0.532552 0.461914 0.532552 0.459961 0.535156 0.455078 0.537760 0.451172 0.544271 0.451172 0.552083 0.450195 0.553385 0.450195 0.567708 0.453125 0.575521 0.461914 0.587240 0.477539 0.597656 0.493164 0.595052 0.496094 0.592448 0.503906 0.591146 0.519531 0.580729 0.519531 0.576823 0.520508 0.575521 0.520508 0.563802 0.515625 0.552083 0.515625 0.549479 0.510742 0.540365 0.508789 0.531250
0 0.529297 0.591146 0.521484 0.591146 0.517578 0.587240 0.500977 0.595052 0.498047 0.595052 0.495117 0.597656 0.485352 0.598958 0.478516 0.604167 0.473633 0.610677 0.470703 0.617188 0.470703 0.623698 0.477539 0.645833 0.483398 0.653646 0.492188 0.658854 0.496094 0.662760 0.510742 0.661458 0.514648 0.658854 0.520508 0.657552 0.533203 0.649740 0.538086 0.641927 0.538086 0.634115 0.537109 0.632812 0.537109 0.618490 0.538086 0.614583 0.536133 0.608073 0.533203 0.602865 0.532227 0.593750
0 0.500977 0.666667 0.500000 0.669271 0.500000 0.678385 0.501953 0.683594 0.501953 0.691406 0.502930 0.692708 0.502930 0.696615 0.509766 0.703125 0.511719 0.703125 0.518555 0.708333 0.521484 0.708333 0.522461 0.709635 0.524414 0.709635 0.528320 0.712240 0.531250 0.712240 0.532227 0.713542 0.535156 0.713542 0.536133 0.714844 0.544922 0.714844 0.547852 0.712240 0.556641 0.710938 0.561523 0.703125 0.561523 0.700521 0.562500 0.699219 0.562500 0.687500 0.563477 0.686198 0.564453 0.677083 0.562500 0.670573 0.559570 0.666667 0.555664 0.666667 0.552734 0.664062 0.549805 0.664062 0.545898 0.666667 0.540039 0.666667 0.532227 0.661458 0.530273 0.658854 0.520508 0.658854 0.517578 0.661458 0.515625 0.661458 0.505859 0.666667
0 0.517578 0.717448 0.517578 0.721354 0.516602 0.722656 0.516602 0.726562 0.512695 0.735677 0.511719 0.740885 0.508789 0.744792 0.508789 0.756510 0.517578 0.768229 0.519531 0.773438 0.521484 0.774740 0.526367 0.774740 0.527344 0.776042 0.543945 0.776042 0.544922 0.774740 0.547852 0.774740 0.552734 0.770833 0.554688 0.770833 0.564453 0.763021 0.566406 0.759115 0.566406 0.753906 0.567383 0.752604 0.567383 0.743490 0.568359 0.740885 0.567383 0.739583 0.567383 0.736979 0.563477 0.723958 0.558594 0.716146 0.556641 0.714844 0.549805 0.714844 0.548828 0.716146 0.535156 0.716146 0.534180 0.714844 0.530273 0.714844 0.525391 0.712240 0.520508 0.712240
0 0.560547 0.770833 0.558594 0.772135 0.554688 0.772135 0.551758 0.774740 0.549805 0.774740 0.545898 0.777344 0.541016 0.777344 0.540039 0.778646 0.527344 0.778646 0.526367 0.777344 0.524414 0.777344 0.522461 0.778646 0.519531 0.783854 0.519531 0.796875 0.521484 0.803385 0.521484 0.809896 0.527344 0.826823 0.529297 0.829427 0.531250 0.829427 0.537109 0.833333 0.541016 0.839844 0.543945 0.837240 0.548828 0.837240 0.549805 0.835938 0.559570 0.834635 0.571289 0.826823 0.571289 0.815104 0.570312 0.813802 0.570312 0.805990 0.569336 0.804688 0.569336 0.791667 0.566406 0.782552 0.561523 0.778646 0.562500 0.772135
0 0.616211 0.739583 0.613281 0.739583 0.607422 0.742188 0.605469 0.744792 0.599609 0.747396 0.592773 0.747396 0.591797 0.746094 0.579102 0.744792 0.579102 0.746094 0.576172 0.748698 0.572266 0.748698 0.568359 0.755208 0.568359 0.761719 0.567383 0.763021 0.568359 0.764323 0.568359 0.769531 0.571289 0.777344 0.571289 0.779948 0.573242 0.782552 0.575195 0.791667 0.583984 0.807292 0.586914 0.809896 0.596680 0.813802 0.598633 0.816406 0.598633 0.820312 0.600586 0.820312 0.600586 0.815104 0.602539 0.812500 0.607422 0.811198 0.613281 0.804688 0.618164 0.802083 0.626953 0.790365 0.630859 0.779948 0.625977 0.759115 0.620117 0.750000 0.620117 0.744792 0.619141 0.742188
0 0.628906 0.752604 0.629883 0.756510 0.629883 0.764323 0.632812 0.772135 0.633789 0.778646 0.637695 0.785156 0.637695 0.787760 0.646484 0.798177 0.666016 0.798177 0.677734 0.792969 0.692383 0.779948 0.692383 0.773438 0.688477 0.766927 0.678711 0.756510 0.672852 0.748698 0.667969 0.739583 0.663086 0.736979 0.655273 0.736979 0.654297 0.735677 0.656250 0.734375 0.657227 0.731771 0.654297 0.729167 0.648438 0.730469 0.651367 0.731771 0.654297 0.735677 0.651367 0.739583 0.647461 0.740885 0.641602 0.738281 0.638672 0.747396 0.635742 0.751302 0.629883 0.751302
0 0.566406 0.684896 0.565430 0.697917 0.563477 0.703125 0.563477 0.708333 0.565430 0.716146 0.568359 0.723958 0.577148 0.738281 0.583984 0.743490 0.586914 0.743490 0.587891 0.744792 0.595703 0.744792 0.596680 0.746094 0.602539 0.744792 0.604492 0.743490 0.608398 0.736979 0.613281 0.736979 0.617188 0.734375 0.627930 0.720052 0.628906 0.720052 0.631836 0.714844 0.629883 0.705729 0.627930 0.704427 0.625977 0.699219 0.622070 0.695312 0.621094 0.690104 0.616211 0.682292 0.615234 0.677083 0.611328 0.675781 0.607422 0.678385 0.598633 0.678385 0.594727 0.675781 0.583984 0.673177 0.581055 0.670573 0.573242 0.670573 0.569336 0.677083
0 0.734375 0.713542 0.731445 0.710938 0.724609 0.710938 0.723633 0.709635 0.718750 0.709635 0.717773 0.708333 0.704102 0.708333 0.701172 0.710938 0.696289 0.710938 0.693359 0.713542 0.690430 0.713542 0.689453 0.712240 0.683594 0.717448 0.680664 0.717448 0.679688 0.714844 0.681641 0.712240 0.681641 0.709635 0.677734 0.709635 0.676758 0.712240 0.670898 0.718750 0.670898 0.727865 0.669922 0.729167 0.670898 0.738281 0.673828 0.746094 0.685547 0.760417 0.688477 0.760417 0.692383 0.757812 0.698242 0.757812 0.706055 0.753906 0.720703 0.750000 0.725586 0.747396 0.733398 0.735677 0.734375 0.727865 0.735352 0.726562
0 0.672852 0.651042 0.667969 0.649740 0.666016 0.652344 0.663086 0.652344 0.662109 0.651042 0.661133 0.652344 0.657227 0.652344 0.656250 0.653646 0.645508 0.656250 0.641602 0.658854 0.638672 0.662760 0.632812 0.665365 0.629883 0.669271 0.627930 0.667969 0.623047 0.667969 0.620117 0.664062 0.621094 0.657552 0.619141 0.653646 0.619141 0.651042 0.618164 0.653646 0.618164 0.664062 0.617188 0.665365 0.618164 0.677083 0.622070 0.687500 0.625000 0.688802 0.626953 0.691406 0.626953 0.695312 0.628906 0.701823 0.637695 0.713542 0.648438 0.720052 0.653320 0.720052 0.654297 0.721354 0.655273 0.720052 0.663086 0.720052 0.672852 0.713542 0.677734 0.707031 0.678711 0.703125 0.678711 0.677083 0.679688 0.675781 0.679688 0.666667 0.676758 0.657552 0.674805 0.656250
0 0.621094 0.628906 0.619141 0.623698 0.616211 0.621094 0.613281 0.615885 0.613281 0.610677 0.611328 0.605469 0.605469 0.604167 0.600586 0.600260 0.598633 0.600260 0.597656 0.601562 0.595703 0.601562 0.589844 0.610677 0.583008 0.615885 0.579102 0.621094 0.575195 0.623698 0.569336 0.625000 0.561523 0.630208 0.556641 0.635417 0.555664 0.638021 0.554688 0.652344 0.557617 0.657552 0.561523 0.658854 0.573242 0.666667 0.575195 0.666667 0.579102 0.669271 0.582031 0.669271 0.591797 0.674479 0.596680 0.674479 0.600586 0.677083 0.607422 0.675781 0.611328 0.670573 0.612305 0.666667 0.614258 0.664062 0.615234 0.656250 0.617188 0.651042 0.617188 0.645833 0.621094 0.635417
0 0.580078 0.537760 0.576172 0.536458 0.575195 0.537760 0.563477 0.537760 0.560547 0.539062 0.559570 0.544271 0.561523 0.548177 0.555664 0.552083 0.553711 0.554688 0.552734 0.559896 0.547852 0.563802 0.543945 0.562500 0.541992 0.559896 0.542969 0.554688 0.547852 0.554688 0.547852 0.553385 0.542969 0.553385 0.538086 0.561198 0.533203 0.561198 0.534180 0.593750 0.536133 0.601562 0.541016 0.611979 0.551758 0.623698 0.564453 0.625000 0.572266 0.621094 0.575195 0.621094 0.589844 0.606771 0.595703 0.598958 0.597656 0.593750 0.598633 0.578125 0.597656 0.576823 0.596680 0.563802 0.590820 0.549479 0.584961 0.541667
0 0.563477 0.442708 0.561523 0.446615 0.559570 0.446615 0.553711 0.454427 0.551758 0.459635 0.552734 0.485677 0.556641 0.501302 0.556641 0.510417 0.561523 0.524740 0.565430 0.529948 0.578125 0.533854 0.590820 0.532552 0.595703 0.528646 0.598633 0.528646 0.608398 0.518229 0.615234 0.502604 0.615234 0.492188 0.616211 0.490885 0.615234 0.464844 0.614258 0.463542 0.614258 0.457031 0.611328 0.447917 0.609375 0.450521 0.609375 0.454427 0.607422 0.459635 0.602539 0.459635 0.598633 0.457031 0.596680 0.458333 0.581055 0.458333 0.577148 0.457031 0.567383 0.459635 0.562500 0.455729 0.562500 0.453125 0.565430 0.447917 0.565430 0.442708
0 0.594727 0.251302 0.586914 0.251302 0.570312 0.261719 0.567383 0.265625 0.552734 0.273438 0.555664 0.277344 0.551758 0.281250 0.547852 0.278646 0.544922 0.285156 0.541992 0.282552 0.540039 0.283854 0.541016 0.290365 0.551758 0.320312 0.557617 0.330729 0.561523 0.341146 0.571289 0.347656 0.578125 0.347656 0.579102 0.346354 0.587891 0.347656 0.602539 0.343750 0.610352 0.337240 0.621094 0.320312 0.623047 0.305990 0.615234 0.287760 0.613281 0.278646 0.611328 0.277344 0.610352 0.269531 0.602539 0.266927 0.599609 0.259115
0 0.627930 0.325521 0.623047 0.325521 0.622070 0.330729 0.618164 0.330729 0.608398 0.343750 0.597656 0.348958 0.588867 0.350260 0.581055 0.356771 0.578125 0.375000 0.579102 0.398438 0.585938 0.414062 0.598633 0.425781 0.613281 0.430990 0.620117 0.430990 0.632812 0.424479 0.635742 0.424479 0.644531 0.416667 0.651367 0.402344 0.652344 0.395833 0.654297 0.391927 0.655273 0.381510 0.659180 0.372396 0.658203 0.356771 0.656250 0.351562 0.651367 0.347656 0.640625 0.333333 0.631836 0.329427
0 0.669922 0.244792 0.658203 0.250000 0.655273 0.250000 0.642578 0.263021 0.633789 0.266927 0.625977 0.274740 0.621094 0.286458 0.621094 0.290365 0.623047 0.292969 0.626953 0.294271 0.625000 0.298177 0.627930 0.302083 0.629883 0.311198 0.636719 0.321615 0.639648 0.322917 0.645508 0.329427 0.662109 0.335938 0.666992 0.334635 0.674805 0.325521 0.678711 0.324219 0.689453 0.311198 0.697266 0.294271 0.700195 0.283854 0.700195 0.270833 0.696289 0.261719 0.687500 0.259115 0.685547 0.256510 0.687500 0.252604
0 0.763672 0.235677 0.759766 0.234375 0.754883 0.230469 0.750000 0.229167 0.748047 0.235677 0.746094 0.234375 0.746094 0.231771 0.743164 0.230469 0.728516 0.242188 0.718750 0.257812 0.717773 0.266927 0.709961 0.277344 0.706055 0.289062 0.707031 0.298177 0.716797 0.311198 0.727539 0.319010 0.731445 0.319010 0.732422 0.320312 0.745117 0.320312 0.754883 0.315104 0.760742 0.302083 0.760742 0.298177 0.763672 0.291667 0.764648 0.285156 0.767578 0.277344 0.770508 0.273438 0.774414 0.260417 0.774414 0.248698 0.770508 0.242188 0.765625 0.239583
0 0.825195 0.277344 0.823242 0.277344 0.821289 0.273438 0.807617 0.272135 0.801758 0.279948 0.791992 0.279948 0.786133 0.289062 0.783203 0.290365 0.776367 0.286458 0.772461 0.286458 0.771484 0.285156 0.771484 0.277344 0.771484 0.287760 0.770508 0.289062 0.767578 0.289062 0.765625 0.292969 0.765625 0.295573 0.763672 0.298177 0.762695 0.304688 0.763672 0.305990 0.763672 0.311198 0.765625 0.315104 0.765625 0.319010 0.770508 0.330729 0.770508 0.333333 0.778320 0.350260 0.780273 0.351562 0.798828 0.351562 0.799805 0.350260 0.802734 0.350260 0.811523 0.343750 0.818359 0.333333 0.822266 0.330729 0.830078 0.315104 0.833008 0.300781 0.831055 0.296875 0.831055 0.292969 0.829102 0.289062 0.829102 0.286458 0.827148 0.283854
0 0.747070 0.364583 0.746094 0.365885 0.736328 0.365885 0.732422 0.363281 0.728516 0.363281 0.724609 0.356771 0.713867 0.358073 0.708008 0.360677 0.703125 0.365885 0.694336 0.371094 0.691406 0.375000 0.685547 0.378906 0.684570 0.381510 0.681641 0.384115 0.681641 0.390625 0.689453 0.407552 0.692383 0.416667 0.694336 0.419271 0.696289 0.424479 0.696289 0.428385 0.700195 0.433594 0.703125 0.441406 0.705078 0.442708 0.709961 0.442708 0.710938 0.444010 0.720703 0.444010 0.732422 0.436198 0.742188 0.421875 0.745117 0.414062 0.749023 0.408854 0.751953 0.397135 0.751953 0.386719 0.749023 0.375000 0.749023 0.369792
0 0.704102 0.447917 0.685547 0.440104 0.670898 0.438802 0.655273 0.444010 0.651367 0.447917 0.647461 0.447917 0.642578 0.445312 0.637695 0.449219 0.635742 0.446615 0.632812 0.446615 0.630859 0.449219 0.631836 0.455729 0.629883 0.457031 0.625977 0.451823 0.624023 0.455729 0.624023 0.460938 0.631836 0.488281 0.643555 0.510417 0.652344 0.520833 0.655273 0.522135 0.666992 0.522135 0.672852 0.518229 0.682617 0.503906 0.685547 0.502604 0.687500 0.489583 0.692383 0.485677 0.708008 0.463542 0.708984 0.454427
0 0.765625 0.354167 0.754883 0.360677 0.751953 0.360677 0.750977 0.363281 0.752930 0.384115 0.753906 0.385417 0.753906 0.398438 0.751953 0.407552 0.747070 0.415365 0.744141 0.424479 0.747070 0.433594 0.752930 0.438802 0.760742 0.450521 0.762695 0.451823 0.774414 0.451823 0.775391 0.450521 0.783203 0.449219 0.790039 0.445312 0.792969 0.441406 0.794922 0.441406 0.805664 0.427083 0.808594 0.420573 0.810547 0.410156 0.811523 0.394531 0.808594 0.385417 0.807617 0.375000 0.801758 0.364583 0.794922 0.360677 0.788086 0.360677 0.784180 0.358073 0.781250 0.358073 0.778320 0.355469
0 0.907227 0.382812 0.892578 0.391927 0.889648 0.391927 0.876953 0.410156 0.870117 0.415365 0.868164 0.415365 0.867188 0.412760 0.870117 0.410156 0.870117 0.406250 0.873047 0.399740 0.873047 0.397135 0.858398 0.416667 0.855469 0.417969 0.852539 0.424479 0.851562 0.436198 0.848633 0.444010 0.850586 0.447917 0.852539 0.458333 0.856445 0.464844 0.864258 0.467448 0.883789 0.467448 0.887695 0.464844 0.895508 0.453125 0.906250 0.444010 0.916016 0.429688 0.919922 0.421875 0.919922 0.412760 0.916016 0.398438
0 0.623047 0.505208 0.619141 0.507812 0.615234 0.513021 0.615234 0.515625 0.612305 0.518229 0.609375 0.526042 0.600586 0.535156 0.596680 0.558594 0.598633 0.562500 0.599609 0.571615 0.601562 0.576823 0.607422 0.580729 0.616211 0.591146 0.623047 0.596354 0.625977 0.601562 0.629883 0.601562 0.634766 0.597656 0.640625 0.597656 0.655273 0.583333 0.660156 0.567708 0.663086 0.565104 0.663086 0.562500 0.666016 0.554688 0.666016 0.542969 0.665039 0.541667 0.665039 0.536458 0.661133 0.531250 0.659180 0.531250 0.656250 0.528646 0.649414 0.527344 0.643555 0.518229 0.637695 0.519531 0.630859 0.507812 0.627930 0.505208
0 0.750977 0.438802 0.740234 0.430990 0.738281 0.432292 0.732422 0.441406 0.726562 0.444010 0.718750 0.457031 0.712891 0.460938 0.709961 0.468750 0.705078 0.475260 0.701172 0.486979 0.692383 0.497396 0.690430 0.502604 0.690430 0.507812 0.698242 0.518229 0.705078 0.520833 0.709961 0.524740 0.713867 0.524740 0.714844 0.526042 0.728516 0.523438 0.733398 0.520833 0.743164 0.519531 0.748047 0.515625 0.750977 0.511719 0.754883 0.502604 0.760742 0.479167 0.759766 0.457031 0.755859 0.445312
0 0.827148 0.516927 0.821289 0.502604 0.813477 0.492188 0.810547 0.505208 0.801758 0.501302 0.788086 0.502604 0.781250 0.506510 0.779297 0.509115 0.775391 0.510417 0.770508 0.516927 0.767578 0.515625 0.763672 0.520833 0.761719 0.520833 0.757812 0.516927 0.758789 0.513021 0.750977 0.518229 0.750977 0.528646 0.752930 0.531250 0.752930 0.539062 0.754883 0.541667 0.756836 0.549479 0.762695 0.558594 0.767578 0.558594 0.778320 0.565104 0.786133 0.565104 0.787109 0.566406 0.797852 0.567708 0.801758 0.571615 0.806641 0.572917 0.809570 0.571615 0.814453 0.565104 0.818359 0.562500 0.822266 0.555990 0.822266 0.553385 0.825195 0.546875 0.827148 0.535156 0.827148 0.526042 0.828125 0.524740
0 0.939453 0.501302 0.935547 0.497396 0.932617 0.497396 0.929688 0.500000 0.922852 0.500000 0.921875 0.501302 0.915039 0.502604 0.908203 0.509115 0.903320 0.509115 0.900391 0.511719 0.898438 0.511719 0.896484 0.515625 0.894531 0.515625 0.891602 0.511719 0.892578 0.516927 0.887695 0.522135 0.883789 0.522135 0.884766 0.528646 0.882812 0.533854 0.882812 0.537760 0.879883 0.542969 0.876953 0.544271 0.878906 0.563802 0.883789 0.570312 0.890625 0.575521 0.896484 0.575521 0.904297 0.579427 0.918945 0.579427 0.922852 0.575521 0.925781 0.575521 0.940430 0.563802 0.944336 0.558594 0.945312 0.550781 0.944336 0.549479 0.943359 0.522135 0.942383 0.520833 0.942383 0.514323 0.939453 0.506510
0 0.747070 0.565104 0.745117 0.567708 0.745117 0.574219 0.746094 0.575521 0.744141 0.580729 0.737305 0.576823 0.735352 0.574219 0.736328 0.569010 0.740234 0.570312 0.740234 0.565104 0.741211 0.563802 0.741211 0.559896 0.737305 0.558594 0.735352 0.554688 0.731445 0.554688 0.730469 0.553385 0.701172 0.553385 0.694336 0.561198 0.686523 0.574219 0.685547 0.579427 0.680664 0.587240 0.677734 0.587240 0.676758 0.591146 0.683594 0.610677 0.693359 0.623698 0.702148 0.623698 0.704102 0.625000 0.715820 0.621094 0.724609 0.610677 0.728516 0.602865 0.739258 0.588542 0.744141 0.584635 0.744141 0.582031 0.746094 0.579427 0.748047 0.579427 0.749023 0.574219
0 0.740234 0.601562 0.736328 0.598958 0.733398 0.600260 0.719727 0.619792 0.707031 0.626302 0.693359 0.626302 0.680664 0.610677 0.680664 0.608073 0.680664 0.610677 0.676758 0.619792 0.675781 0.644531 0.681641 0.665365 0.687500 0.671875 0.693359 0.675781 0.697266 0.675781 0.698242 0.677083 0.706055 0.677083 0.707031 0.675781 0.727539 0.673177 0.734375 0.667969 0.747070 0.651042 0.748047 0.638021 0.749023 0.636719 0.746094 0.615885
0 0.782227 0.571615 0.779297 0.575521 0.785156 0.580729 0.780273 0.583333 0.772461 0.583333 0.771484 0.582031 0.766602 0.584635 0.764648 0.589844 0.750977 0.608073 0.749023 0.614583 0.749023 0.621094 0.754883 0.631510 0.773438 0.653646 0.779297 0.656250 0.782227 0.660156 0.793945 0.661458 0.802734 0.656250 0.809570 0.654948 0.816406 0.648438 0.817383 0.636719 0.821289 0.625000 0.821289 0.618490 0.818359 0.611979 0.818359 0.595052 0.807617 0.579427 0.805664 0.579427 0.801758 0.574219
0 0.840820 0.622396 0.845703 0.626302 0.848633 0.625000 0.851562 0.631510 0.867188 0.643229 0.889648 0.640625 0.895508 0.638021 0.911133 0.623698 0.915039 0.617188 0.920898 0.613281 0.924805 0.605469 0.924805 0.601562 0.918945 0.585938 0.914062 0.583333 0.901367 0.580729 0.889648 0.580729 0.888672 0.582031 0.876953 0.580729 0.873047 0.583333 0.868164 0.583333 0.866211 0.585938 0.865234 0.591146 0.866211 0.596354 0.870117 0.600260 0.867188 0.602865 0.862305 0.602865 0.860352 0.600260 0.863281 0.595052 0.857422 0.595052 0.852539 0.592448 0.850586 0.596354 0.850586 0.606771 0.853516 0.609375 0.854492 0.608073 0.857422 0.609375 0.855469 0.613281 0.852539 0.614583 0.847656 0.609375 0.847656 0.597656 0.845703 0.592448 0.844727 0.598958 0.841797 0.605469 0.843750 0.611979 0.842773 0.617188 0.840820 0.618490
0 0.787109 0.664062 0.778320 0.662760 0.776367 0.666667 0.773438 0.667969 0.769531 0.673177 0.769531 0.677083 0.765625 0.683594 0.760742 0.687500 0.753906 0.696615 0.750977 0.697917 0.747070 0.704427 0.744141 0.705729 0.742188 0.701823 0.736328 0.695312 0.736328 0.690104 0.736328 0.696615 0.735352 0.699219 0.738281 0.707031 0.739258 0.716146 0.745117 0.729167 0.758789 0.739583 0.768555 0.742188 0.778320 0.735677 0.784180 0.729167 0.795898 0.720052 0.798828 0.716146 0.801758 0.714844 0.806641 0.708333 0.807617 0.703125 0.805664 0.694010 0.802734 0.688802 0.802734 0.686198 0.791992 0.667969
0 0.734375 0.739583 0.733398 0.743490 0.728516 0.750000 0.728516 0.756510 0.732422 0.763021 0.733398 0.772135 0.737305 0.787760 0.744141 0.799479 0.746094 0.799479 0.754883 0.805990 0.763672 0.809896 0.771484 0.811198 0.779297 0.807292 0.780273 0.808594 0.783203 0.808594 0.789062 0.805990 0.798828 0.791667 0.800781 0.785156 0.800781 0.781250 0.797852 0.773438 0.797852 0.766927 0.794922 0.763021 0.791992 0.761719 0.787109 0.755208 0.786133 0.750000 0.783203 0.746094 0.784180 0.743490 0.783203 0.740885 0.778320 0.740885 0.766602 0.746094 0.755859 0.740885 0.746094 0.734375 0.744141 0.731771
0 0.850586 0.716146 0.844727 0.704427 0.840820 0.699219 0.835938 0.700521 0.833008 0.703125 0.827148 0.703125 0.826172 0.704427 0.824219 0.703125 0.821289 0.703125 0.818359 0.705729 0.812500 0.705729 0.811523 0.707031 0.809570 0.707031 0.802734 0.716146 0.801758 0.716146 0.799805 0.720052 0.798828 0.720052 0.795898 0.723958 0.791016 0.726562 0.788086 0.730469 0.787109 0.751302 0.791016 0.757812 0.794922 0.760417 0.796875 0.760417 0.799805 0.763021 0.833008 0.763021 0.837891 0.759115 0.840820 0.755208 0.841797 0.748698 0.845703 0.740885 0.850586 0.734375 0.851562 0.731771
0 0.845703 0.674479 0.843750 0.690104 0.846680 0.704427 0.852539 0.716146 0.855469 0.717448 0.860352 0.723958 0.866211 0.720052 0.879883 0.718750 0.885742 0.716146 0.896484 0.716146 0.911133 0.712240 0.915039 0.709635 0.919922 0.700521 0.919922 0.679688 0.917969 0.670573 0.914062 0.662760 0.912109 0.662760 0.906250 0.656250 0.887695 0.657552 0.878906 0.653646 0.870117 0.653646 0.866211 0.657552 0.856445 0.658854 0.864258 0.657552 0.869141 0.658854 0.873047 0.656250 0.875977 0.661458 0.888672 0.660156 0.891602 0.662760 0.889648 0.665365 0.875000 0.665365 0.871094 0.674479 0.865234 0.679688 0.863281 0.679688 0.859375 0.674479 0.862305 0.669271 0.861328 0.666667 0.852539 0.665365 0.849609 0.673177
