0 0.099609 0.236979 0.098633 0.236979 0.097656 0.238281 0.093750 0.238281 0.092773 0.239583 0.090820 0.239583 0.089844 0.240885 0.087891 0.240885 0.086914 0.242188 0.083984 0.243490 0.080078 0.248698 0.080078 0.250000 0.078125 0.252604 0.078125 0.253906 0.075195 0.257812 0.075195 0.260417 0.074219 0.261719 0.074219 0.263021 0.075195 0.264323 0.075195 0.269531 0.076172 0.270833 0.076172 0.273438 0.077148 0.274740 0.080078 0.283854 0.084961 0.291667 0.086914 0.291667 0.091797 0.295573 0.096680 0.295573 0.098633 0.292969 0.100586 0.292969 0.101562 0.291667 0.102539 0.291667 0.108398 0.285156 0.108398 0.276042 0.107422 0.274740 0.107422 0.270833 0.108398 0.269531 0.108398 0.263021 0.107422 0.261719 0.107422 0.260417 0.106445 0.259115 0.106445 0.256510 0.105469 0.255208 0.105469 0.247396 0.100586 0.240885 0.100586 0.238281
0 0.069336 0.302083 0.053711 0.302083 0.052734 0.303385 0.048828 0.303385 0.047852 0.304688 0.044922 0.305990 0.041992 0.309896 0.041992 0.312500 0.041016 0.313802 0.041016 0.319010 0.040039 0.320312 0.040039 0.326823 0.041016 0.328125 0.041016 0.330729 0.040039 0.332031 0.040039 0.342448 0.041016 0.343750 0.041992 0.347656 0.043945 0.350260 0.043945 0.351562 0.047852 0.356771 0.047852 0.358073 0.048828 0.359375 0.049805 0.359375 0.050781 0.358073 0.055664 0.358073 0.056641 0.356771 0.058594 0.356771 0.059570 0.355469 0.061523 0.355469 0.062500 0.354167 0.063477 0.354167 0.074219 0.338542 0.074219 0.337240 0.077148 0.332031 0.077148 0.328125 0.076172 0.326823 0.074219 0.320312 0.070312 0.315104 0.070312 0.303385
0 0.059570 0.358073 0.058594 0.359375 0.055664 0.359375 0.054688 0.360677 0.051758 0.360677 0.050781 0.361979 0.049805 0.361979 0.045898 0.367188 0.046875 0.368490 0.046875 0.382812 0.047852 0.384115 0.047852 0.386719 0.049805 0.390625 0.049805 0.394531 0.050781 0.395833 0.050781 0.397135 0.051758 0.398438 0.052734 0.398438 0.058594 0.407552 0.060547 0.407552 0.061523 0.408854 0.064453 0.408854 0.066406 0.404948 0.066406 0.395833 0.065430 0.394531 0.065430 0.388021 0.066406 0.386719 0.067383 0.382812 0.069336 0.380208 0.071289 0.380208 0.072266 0.378906 0.073242 0.378906 0.074219 0.377604 0.074219 0.376302 0.073242 0.375000 0.073242 0.372396 0.070312 0.368490 0.069336 0.364583 0.064453 0.358073
0 0.071289 0.378906 0.067383 0.384115 0.067383 0.385417 0.065430 0.389323 0.065430 0.394531 0.066406 0.395833 0.066406 0.406250 0.065430 0.407552 0.067383 0.411458 0.067383 0.416667 0.068359 0.417969 0.068359 0.425781 0.070312 0.428385 0.072266 0.428385 0.073242 0.429688 0.074219 0.429688 0.075195 0.430990 0.077148 0.430990 0.078125 0.432292 0.082031 0.432292 0.083008 0.433594 0.083984 0.432292 0.089844 0.432292 0.090820 0.430990 0.092773 0.430990 0.093750 0.429688 0.094727 0.429688 0.095703 0.428385 0.095703 0.421875 0.096680 0.420573 0.096680 0.414062 0.095703 0.412760 0.094727 0.408854 0.092773 0.406250 0.090820 0.399740 0.088867 0.397135 0.088867 0.395833 0.085938 0.391927 0.085938 0.390625 0.084961 0.389323 0.083984 0.389323 0.077148 0.378906
0 0.053711 0.407552 0.052734 0.407552 0.051758 0.408854 0.046875 0.408854 0.045898 0.410156 0.044922 0.410156 0.042969 0.412760 0.041992 0.412760 0.037109 0.419271 0.037109 0.421875 0.036133 0.423177 0.037109 0.424479 0.037109 0.427083 0.038086 0.428385 0.038086 0.430990 0.039062 0.432292 0.039062 0.436198 0.040039 0.437500 0.040039 0.440104 0.041992 0.442708 0.041992 0.444010 0.042969 0.445312 0.042969 0.446615 0.043945 0.447917 0.044922 0.451823 0.047852 0.455729 0.048828 0.455729 0.051758 0.458333 0.054688 0.457031 0.054688 0.450521 0.055664 0.449219 0.056641 0.445312 0.058594 0.442708 0.058594 0.441406 0.059570 0.440104 0.061523 0.440104 0.067383 0.432292 0.067383 0.425781 0.066406 0.424479 0.066406 0.414062 0.064453 0.411458 0.062500 0.411458 0.061523 0.410156 0.059570 0.410156 0.058594 0.408854 0.054688 0.408854
0 0.067383 0.433594 0.066406 0.434896 0.066406 0.436198 0.056641 0.447917 0.056641 0.449219 0.055664 0.450521 0.055664 0.458333 0.054688 0.459635 0.057617 0.464844 0.058594 0.468750 0.060547 0.471354 0.060547 0.473958 0.062500 0.476562 0.062500 0.477865 0.067383 0.484375 0.067383 0.486979 0.072266 0.488281 0.073242 0.486979 0.076172 0.486979 0.079102 0.484375 0.082031 0.484375 0.084961 0.481771 0.084961 0.480469 0.085938 0.479167 0.085938 0.475260 0.086914 0.473958 0.086914 0.471354 0.087891 0.470052 0.087891 0.466146 0.088867 0.464844 0.087891 0.463542 0.087891 0.459635 0.088867 0.458333 0.089844 0.454427 0.086914 0.450521 0.085938 0.450521 0.084961 0.451823 0.083008 0.451823 0.082031 0.450521 0.082031 0.446615 0.083008 0.445312 0.083008 0.442708 0.083984 0.441406 0.083984 0.438802 0.083008 0.437500 0.083008 0.436198 0.080078 0.436198 0.079102 0.434896 0.075195 0.434896 0.074219 0.433594
0 0.056641 0.473958 0.055664 0.473958 0.054688 0.475260 0.051758 0.475260 0.050781 0.476562 0.049805 0.476562 0.048828 0.477865 0.043945 0.480469 0.037109 0.490885 0.037109 0.492188 0.036133 0.493490 0.036133 0.496094 0.035156 0.497396 0.035156 0.507812 0.036133 0.509115 0.036133 0.513021 0.037109 0.514323 0.037109 0.516927 0.041016 0.523438 0.041992 0.523438 0.045898 0.528646 0.046875 0.528646 0.047852 0.529948 0.063477 0.529948 0.064453 0.528646 0.064453 0.526042 0.066406 0.522135 0.066406 0.511719 0.067383 0.510417 0.067383 0.500000 0.068359 0.498698 0.068359 0.492188 0.067383 0.490885 0.067383 0.489583 0.064453 0.485677 0.064453 0.484375 0.060547 0.479167 0.060547 0.477865 0.059570 0.477865
0 0.156250 0.210938 0.148438 0.210938 0.147461 0.212240 0.142578 0.212240 0.141602 0.213542 0.139648 0.213542 0.137695 0.214844 0.133789 0.220052 0.128906 0.221354 0.125977 0.226562 0.125977 0.230469 0.127930 0.234375 0.127930 0.238281 0.130859 0.244792 0.130859 0.250000 0.131836 0.251302 0.131836 0.253906 0.133789 0.259115 0.133789 0.263021 0.135742 0.268229 0.137695 0.270833 0.139648 0.270833 0.140625 0.272135 0.143555 0.272135 0.145508 0.273438 0.146484 0.272135 0.148438 0.272135 0.152344 0.269531 0.158203 0.269531 0.163086 0.265625 0.164062 0.256510 0.167969 0.246094 0.166016 0.240885 0.166016 0.231771 0.165039 0.230469 0.165039 0.227865 0.164062 0.225260 0.160156 0.220052 0.160156 0.218750 0.158203 0.216146
0 0.122070 0.281250 0.121094 0.282552 0.119141 0.282552 0.118164 0.283854 0.115234 0.285156 0.113281 0.287760 0.110352 0.289062 0.104492 0.298177 0.104492 0.299479 0.102539 0.303385 0.102539 0.311198 0.103516 0.312500 0.103516 0.320312 0.104492 0.321615 0.104492 0.324219 0.105469 0.325521 0.106445 0.329427 0.109375 0.333333 0.110352 0.333333 0.111328 0.334635 0.114258 0.334635 0.115234 0.335938 0.118164 0.335938 0.119141 0.337240 0.122070 0.337240 0.123047 0.338542 0.129883 0.338542 0.134766 0.332031 0.134766 0.330729 0.137695 0.324219 0.137695 0.321615 0.138672 0.320312 0.138672 0.305990 0.137695 0.304688 0.137695 0.302083 0.133789 0.292969 0.133789 0.286458 0.134766 0.285156 0.136719 0.285156 0.137695 0.283854 0.138672 0.283854 0.137695 0.282552 0.131836 0.282552 0.130859 0.281250 0.129883 0.281250 0.128906 0.282552
0 0.149414 0.334635 0.148438 0.335938 0.144531 0.335938 0.143555 0.337240 0.142578 0.337240 0.138672 0.342448 0.137695 0.346354 0.132812 0.352865 0.131836 0.356771 0.132812 0.358073 0.132812 0.360677 0.133789 0.361979 0.133789 0.365885 0.134766 0.367188 0.134766 0.371094 0.135742 0.372396 0.135742 0.373698 0.136719 0.375000 0.136719 0.377604 0.137695 0.378906 0.137695 0.382812 0.139648 0.385417 0.139648 0.386719 0.140625 0.386719 0.143555 0.389323 0.148438 0.390625 0.149414 0.391927 0.152344 0.391927 0.153320 0.393229 0.155273 0.393229 0.156250 0.391927 0.159180 0.391927 0.161133 0.389323 0.164062 0.388021 0.164062 0.381510 0.165039 0.380208 0.165039 0.375000 0.166016 0.373698 0.166016 0.364583 0.165039 0.363281 0.165039 0.356771 0.164062 0.355469 0.164062 0.346354 0.163086 0.345052 0.162109 0.341146 0.160156 0.338542 0.159180 0.338542 0.156250 0.335938 0.151367 0.335938 0.150391 0.334635
0 0.135742 0.385417 0.132812 0.385417 0.131836 0.386719 0.125977 0.386719 0.125000 0.388021 0.123047 0.388021 0.117188 0.391927 0.111328 0.401042 0.106445 0.414062 0.106445 0.421875 0.107422 0.424479 0.113281 0.427083 0.119141 0.434896 0.123047 0.437500 0.125000 0.437500 0.126953 0.438802 0.130859 0.444010 0.132812 0.444010 0.133789 0.445312 0.136719 0.442708 0.138672 0.442708 0.142578 0.440104 0.142578 0.438802 0.145508 0.434896 0.145508 0.433594 0.151367 0.423177 0.151367 0.420573 0.152344 0.419271 0.151367 0.416667 0.151367 0.403646 0.150391 0.402344 0.150391 0.397135 0.148438 0.394531 0.142578 0.391927 0.138672 0.386719 0.136719 0.386719
0 0.115234 0.436198 0.115234 0.438802 0.114258 0.440104 0.114258 0.445312 0.113281 0.446615 0.113281 0.453125 0.114258 0.454427 0.114258 0.462240 0.115234 0.463542 0.115234 0.466146 0.117188 0.468750 0.118164 0.468750 0.119141 0.470052 0.132812 0.470052 0.133789 0.468750 0.134766 0.468750 0.135742 0.470052 0.138672 0.470052 0.139648 0.468750 0.141602 0.468750 0.143555 0.466146 0.143555 0.460938 0.141602 0.457031 0.141602 0.454427 0.140625 0.453125 0.140625 0.450521 0.139648 0.449219 0.139648 0.444010 0.136719 0.444010 0.135742 0.445312 0.132812 0.445312 0.131836 0.444010 0.130859 0.444010 0.126953 0.438802 0.125977 0.438802 0.125000 0.437500 0.122070 0.437500 0.119141 0.434896 0.117188 0.434896 0.116211 0.436198
0 0.114258 0.477865 0.113281 0.479167 0.111328 0.479167 0.110352 0.480469 0.108398 0.480469 0.105469 0.483073 0.105469 0.488281 0.104492 0.489583 0.104492 0.494792 0.105469 0.496094 0.105469 0.505208 0.106445 0.506510 0.106445 0.515625 0.107422 0.516927 0.108398 0.520833 0.111328 0.524740 0.112305 0.524740 0.113281 0.526042 0.115234 0.526042 0.116211 0.527344 0.123047 0.527344 0.124023 0.526042 0.125000 0.526042 0.126953 0.523438 0.131836 0.520833 0.138672 0.511719 0.138672 0.510417 0.139648 0.509115 0.139648 0.498698 0.138672 0.497396 0.138672 0.496094 0.136719 0.493490 0.136719 0.492188 0.133789 0.488281 0.133789 0.486979 0.132812 0.485677 0.131836 0.485677 0.126953 0.481771 0.121094 0.481771 0.118164 0.479167 0.116211 0.479167 0.115234 0.477865
0 0.100586 0.518229 0.099609 0.519531 0.097656 0.519531 0.096680 0.520833 0.095703 0.520833 0.092773 0.524740 0.092773 0.526042 0.090820 0.529948 0.090820 0.533854 0.088867 0.537760 0.088867 0.544271 0.090820 0.546875 0.090820 0.548177 0.091797 0.549479 0.092773 0.549479 0.099609 0.558594 0.100586 0.558594 0.102539 0.561198 0.103516 0.561198 0.105469 0.558594 0.104492 0.557292 0.104492 0.546875 0.105469 0.545573 0.105469 0.544271 0.107422 0.541667 0.107422 0.540365 0.108398 0.539062 0.108398 0.537760 0.111328 0.533854 0.112305 0.533854 0.113281 0.532552 0.114258 0.532552 0.114258 0.529948 0.115234 0.528646 0.114258 0.528646 0.113281 0.527344 0.111328 0.527344 0.107422 0.522135 0.107422 0.520833 0.106445 0.519531 0.105469 0.519531 0.104492 0.518229
0 0.115234 0.532552 0.111328 0.537760 0.110352 0.537760 0.110352 0.539062 0.107422 0.542969 0.107422 0.544271 0.106445 0.545573 0.106445 0.561198 0.108398 0.563802 0.108398 0.565104 0.109375 0.566406 0.109375 0.570312 0.110352 0.571615 0.113281 0.572917 0.119141 0.580729 0.122070 0.580729 0.123047 0.582031 0.127930 0.582031 0.128906 0.580729 0.131836 0.580729 0.133789 0.578125 0.133789 0.576823 0.135742 0.572917 0.135742 0.567708 0.134766 0.566406 0.134766 0.562500 0.135742 0.561198 0.135742 0.558594 0.136719 0.557292 0.136719 0.555990 0.138672 0.553385 0.138672 0.545573 0.135742 0.544271 0.129883 0.536458 0.128906 0.536458 0.125977 0.532552 0.125000 0.532552 0.124023 0.531250 0.118164 0.531250 0.117188 0.532552
0 0.108398 0.605469 0.106445 0.608073 0.105469 0.613281 0.102539 0.615885 0.102539 0.619792 0.103516 0.621094 0.103516 0.631510 0.104492 0.632812 0.104492 0.636719 0.106445 0.640625 0.106445 0.656250 0.107422 0.657552 0.106445 0.658854 0.106445 0.664062 0.107422 0.666667 0.110352 0.664062 0.110352 0.662760 0.108398 0.660156 0.108398 0.653646 0.110352 0.649740 0.112305 0.651042 0.115234 0.660156 0.119141 0.661458 0.121094 0.664062 0.125977 0.664062 0.128906 0.661458 0.131836 0.661458 0.136719 0.657552 0.136719 0.645833 0.137695 0.644531 0.138672 0.631510 0.135742 0.627604 0.133789 0.622396 0.130859 0.621094 0.126953 0.615885 0.125000 0.610677 0.119141 0.606771 0.117188 0.606771 0.116211 0.605469
0 0.201172 0.182292 0.200195 0.183594 0.198242 0.183594 0.197266 0.184896 0.196289 0.184896 0.190430 0.191406 0.187500 0.191406 0.184570 0.194010 0.184570 0.205729 0.185547 0.207031 0.185547 0.209635 0.186523 0.210938 0.187500 0.220052 0.190430 0.225260 0.190430 0.226562 0.195312 0.233073 0.196289 0.233073 0.198242 0.235677 0.199219 0.235677 0.205078 0.242188 0.208984 0.242188 0.209961 0.240885 0.211914 0.240885 0.214844 0.236979 0.215820 0.236979 0.216797 0.235677 0.216797 0.233073 0.217773 0.231771 0.217773 0.227865 0.218750 0.226562 0.218750 0.223958 0.219727 0.222656 0.219727 0.213542 0.220703 0.212240 0.220703 0.208333 0.219727 0.207031 0.219727 0.199219 0.220703 0.197917 0.220703 0.192708 0.219727 0.191406 0.219727 0.187500 0.218750 0.186198 0.218750 0.184896 0.216797 0.184896 0.215820 0.183594 0.209961 0.183594 0.208984 0.182292
0 0.186523 0.269531 0.184570 0.269531 0.183594 0.270833 0.182617 0.270833 0.181641 0.272135 0.178711 0.273438 0.176758 0.276042 0.175781 0.276042 0.175781 0.277344 0.173828 0.279948 0.173828 0.281250 0.172852 0.282552 0.172852 0.290365 0.174805 0.294271 0.174805 0.296875 0.175781 0.298177 0.175781 0.300781 0.176758 0.302083 0.176758 0.304688 0.177734 0.305990 0.177734 0.308594 0.178711 0.309896 0.178711 0.312500 0.179688 0.313802 0.179688 0.316406 0.180664 0.317708 0.181641 0.321615 0.183594 0.324219 0.185547 0.324219 0.191406 0.315104 0.192383 0.315104 0.193359 0.313802 0.194336 0.313802 0.195312 0.312500 0.198242 0.311198 0.200195 0.308594 0.200195 0.307292 0.201172 0.305990 0.201172 0.294271 0.200195 0.292969 0.200195 0.289062 0.199219 0.287760 0.198242 0.283854 0.195312 0.279948 0.195312 0.278646 0.193359 0.276042 0.193359 0.274740 0.192383 0.274740 0.189453 0.270833 0.187500 0.270833
0 0.193359 0.315104 0.192383 0.316406 0.192383 0.317708 0.191406 0.319010 0.190430 0.319010 0.185547 0.325521 0.185547 0.328125 0.184570 0.329427 0.184570 0.350260 0.185547 0.351562 0.185547 0.352865 0.192383 0.361979 0.193359 0.361979 0.194336 0.363281 0.196289 0.363281 0.197266 0.364583 0.203125 0.364583 0.204102 0.365885 0.205078 0.365885 0.206055 0.364583 0.212891 0.364583 0.213867 0.363281 0.214844 0.363281 0.214844 0.361979 0.216797 0.359375 0.216797 0.358073 0.219727 0.354167 0.219727 0.352865 0.220703 0.351562 0.220703 0.348958 0.222656 0.346354 0.222656 0.345052 0.221680 0.345052 0.218750 0.341146 0.218750 0.335938 0.217773 0.334635 0.217773 0.330729 0.213867 0.325521 0.212891 0.321615 0.208984 0.316406 0.208984 0.315104 0.207031 0.312500 0.201172 0.312500 0.200195 0.313802 0.196289 0.313802 0.195312 0.315104
0 0.202148 0.369792 0.199219 0.369792 0.198242 0.371094 0.196289 0.371094 0.195312 0.372396 0.190430 0.375000 0.188477 0.377604 0.186523 0.377604 0.185547 0.378906 0.184570 0.378906 0.182617 0.382812 0.182617 0.388021 0.181641 0.389323 0.181641 0.393229 0.180664 0.394531 0.180664 0.406250 0.181641 0.407552 0.182617 0.414062 0.184570 0.416667 0.186523 0.423177 0.188477 0.425781 0.189453 0.425781 0.192383 0.428385 0.195312 0.427083 0.199219 0.421875 0.200195 0.421875 0.201172 0.420573 0.204102 0.420573 0.205078 0.419271 0.207031 0.419271 0.209961 0.415365 0.209961 0.412760 0.211914 0.410156 0.211914 0.408854 0.213867 0.404948 0.213867 0.393229 0.208984 0.381510 0.208984 0.376302 0.205078 0.371094 0.203125 0.371094
0 0.156250 0.424479 0.153320 0.428385 0.153320 0.429688 0.144531 0.440104 0.143555 0.440104 0.140625 0.445312 0.140625 0.446615 0.141602 0.447917 0.141602 0.454427 0.144531 0.459635 0.146484 0.467448 0.149414 0.472656 0.151367 0.472656 0.152344 0.473958 0.153320 0.473958 0.154297 0.475260 0.156250 0.475260 0.157227 0.476562 0.160156 0.476562 0.161133 0.477865 0.164062 0.477865 0.165039 0.479167 0.166016 0.479167 0.166992 0.477865 0.176758 0.477865 0.180664 0.472656 0.180664 0.471354 0.181641 0.470052 0.181641 0.468750 0.180664 0.467448 0.180664 0.464844 0.181641 0.463542 0.181641 0.457031 0.180664 0.455729 0.180664 0.444010 0.179688 0.442708 0.178711 0.438802 0.175781 0.434896 0.175781 0.430990 0.174805 0.429688 0.174805 0.428385 0.173828 0.428385 0.172852 0.427083 0.170898 0.427083 0.169922 0.425781 0.167969 0.425781 0.166992 0.424479 0.164062 0.424479 0.163086 0.423177 0.159180 0.423177 0.158203 0.424479
0 0.146484 0.475260 0.144531 0.477865 0.143555 0.477865 0.143555 0.479167 0.140625 0.483073 0.140625 0.484375 0.138672 0.488281 0.138672 0.490885 0.139648 0.492188 0.139648 0.494792 0.140625 0.496094 0.140625 0.497396 0.144531 0.502604 0.145508 0.502604 0.146484 0.503906 0.147461 0.503906 0.148438 0.505208 0.149414 0.505208 0.150391 0.506510 0.151367 0.506510 0.153320 0.509115 0.158203 0.509115 0.158203 0.505208 0.159180 0.503906 0.159180 0.502604 0.160156 0.501302 0.160156 0.500000 0.167969 0.489583 0.168945 0.489583 0.171875 0.485677 0.171875 0.484375 0.170898 0.483073 0.170898 0.481771 0.167969 0.479167 0.161133 0.479167 0.160156 0.477865 0.157227 0.477865 0.156250 0.476562 0.153320 0.476562 0.152344 0.475260
0 0.174805 0.484375 0.170898 0.488281 0.169922 0.488281 0.161133 0.500000 0.161133 0.501302 0.159180 0.505208 0.159180 0.516927 0.162109 0.520833 0.162109 0.522135 0.163086 0.522135 0.168945 0.528646 0.169922 0.528646 0.174805 0.535156 0.174805 0.536458 0.175781 0.537760 0.176758 0.537760 0.177734 0.539062 0.181641 0.539062 0.181641 0.536458 0.182617 0.535156 0.182617 0.531250 0.183594 0.529948 0.184570 0.526042 0.186523 0.523438 0.191406 0.520833 0.194336 0.516927 0.195312 0.516927 0.195312 0.515625 0.197266 0.513021 0.198242 0.513021 0.198242 0.507812 0.197266 0.506510 0.197266 0.496094 0.196289 0.494792 0.195312 0.494792 0.194336 0.493490 0.194336 0.492188 0.193359 0.492188 0.192383 0.490885 0.190430 0.490885 0.189453 0.489583 0.188477 0.489583 0.185547 0.492188 0.179688 0.485677 0.178711 0.485677 0.177734 0.484375
0 0.143555 0.531250 0.143555 0.540365 0.144531 0.541667 0.144531 0.542969 0.145508 0.544271 0.145508 0.545573 0.146484 0.546875 0.146484 0.548177 0.147461 0.549479 0.148438 0.553385 0.155273 0.562500 0.156250 0.562500 0.158203 0.565104 0.160156 0.565104 0.161133 0.566406 0.163086 0.566406 0.164062 0.565104 0.171875 0.565104 0.172852 0.563802 0.175781 0.563802 0.175781 0.562500 0.176758 0.561198 0.176758 0.557292 0.177734 0.555990 0.177734 0.553385 0.178711 0.552083 0.178711 0.548177 0.179688 0.546875 0.179688 0.541667 0.178711 0.540365 0.177734 0.540365 0.172852 0.533854 0.172852 0.532552 0.170898 0.529948 0.169922 0.529948 0.167969 0.527344 0.165039 0.526042 0.162109 0.522135 0.161133 0.522135 0.158203 0.519531 0.153320 0.519531 0.149414 0.524740 0.148438 0.524740
0 0.181641 0.559896 0.179688 0.562500 0.179688 0.563802 0.177734 0.566406 0.177734 0.567708 0.176758 0.569010 0.176758 0.576823 0.174805 0.579427 0.174805 0.582031 0.173828 0.583333 0.173828 0.584635 0.175781 0.588542 0.175781 0.591146 0.176758 0.592448 0.176758 0.593750 0.177734 0.595052 0.177734 0.597656 0.179688 0.601562 0.182617 0.602865 0.185547 0.606771 0.186523 0.606771 0.188477 0.609375 0.190430 0.609375 0.191406 0.610677 0.192383 0.610677 0.194336 0.613281 0.197266 0.613281 0.200195 0.609375 0.201172 0.609375 0.203125 0.606771 0.203125 0.605469 0.204102 0.604167 0.204102 0.598958 0.203125 0.597656 0.203125 0.579427 0.202148 0.578125 0.202148 0.574219 0.198242 0.569010 0.197266 0.569010 0.195312 0.566406 0.194336 0.566406 0.191406 0.562500 0.189453 0.562500 0.188477 0.561198 0.186523 0.561198 0.185547 0.559896
0 0.216797 0.606771 0.214844 0.606771 0.209961 0.610677 0.208008 0.610677 0.207031 0.611979 0.206055 0.611979 0.206055 0.613281 0.205078 0.614583 0.204102 0.614583 0.203125 0.615885 0.201172 0.615885 0.198242 0.619792 0.197266 0.619792 0.196289 0.621094 0.196289 0.622396 0.198242 0.626302 0.198242 0.630208 0.197266 0.631510 0.197266 0.643229 0.198242 0.644531 0.198242 0.647135 0.199219 0.648438 0.200195 0.652344 0.204102 0.657552 0.204102 0.658854 0.205078 0.660156 0.207031 0.660156 0.208008 0.661458 0.212891 0.661458 0.213867 0.660156 0.215820 0.660156 0.216797 0.658854 0.219727 0.658854 0.220703 0.657552 0.223633 0.657552 0.224609 0.656250 0.226562 0.656250 0.228516 0.653646 0.228516 0.651042 0.230469 0.647135 0.230469 0.641927 0.233398 0.638021 0.233398 0.632812 0.232422 0.632812 0.230469 0.630208 0.228516 0.630208 0.226562 0.627604 0.225586 0.621094 0.221680 0.617188 0.220703 0.617188 0.218750 0.614583 0.217773 0.614583 0.214844 0.611979 0.214844 0.609375
0 0.247070 0.618490 0.243164 0.621094 0.240234 0.625000 0.238281 0.630208 0.237305 0.636719 0.235352 0.641927 0.233398 0.644531 0.232422 0.648438 0.230469 0.651042 0.230469 0.654948 0.234375 0.658854 0.236328 0.664062 0.244141 0.675781 0.247070 0.675781 0.248047 0.677083 0.250977 0.677083 0.251953 0.678385 0.255859 0.678385 0.256836 0.677083 0.260742 0.675781 0.262695 0.673177 0.262695 0.667969 0.266602 0.662760 0.267578 0.660156 0.267578 0.654948 0.265625 0.649740 0.265625 0.635417 0.267578 0.634115 0.269531 0.636719 0.269531 0.643229 0.270508 0.644531 0.271484 0.643229 0.271484 0.632812 0.269531 0.628906 0.268555 0.623698 0.266602 0.621094 0.262695 0.618490 0.256836 0.618490 0.255859 0.619792 0.250977 0.619792 0.250000 0.618490
0 0.286133 0.666667 0.280273 0.674479 0.280273 0.675781 0.278320 0.679688 0.278320 0.683594 0.277344 0.684896 0.277344 0.690104 0.278320 0.691406 0.278320 0.696615 0.279297 0.697917 0.279297 0.700521 0.284180 0.707031 0.284180 0.708333 0.285156 0.709635 0.286133 0.709635 0.287109 0.710938 0.290039 0.712240 0.291992 0.714844 0.292969 0.714844 0.293945 0.716146 0.295898 0.716146 0.296875 0.717448 0.298828 0.717448 0.302734 0.712240 0.302734 0.710938 0.310547 0.700521 0.311523 0.700521 0.311523 0.692708 0.312500 0.691406 0.312500 0.682292 0.310547 0.678385 0.309570 0.678385 0.304688 0.671875 0.303711 0.671875 0.301758 0.669271 0.300781 0.669271 0.299805 0.667969 0.295898 0.667969 0.294922 0.666667
0 0.309570 0.708333 0.307617 0.710938 0.306641 0.710938 0.301758 0.718750 0.298828 0.720052 0.296875 0.723958 0.296875 0.726562 0.295898 0.727865 0.295898 0.746094 0.297852 0.750000 0.298828 0.750000 0.302734 0.753906 0.303711 0.753906 0.305664 0.757812 0.308594 0.759115 0.310547 0.761719 0.312500 0.761719 0.314453 0.764323 0.315430 0.764323 0.318359 0.766927 0.319336 0.765625 0.323242 0.765625 0.324219 0.764323 0.326172 0.764323 0.330078 0.759115 0.331055 0.755208 0.333008 0.752604 0.333008 0.748698 0.333984 0.747396 0.333984 0.739583 0.333008 0.738281 0.333008 0.730469 0.332031 0.729167 0.331055 0.725260 0.328125 0.721354 0.328125 0.720052 0.321289 0.712240 0.319336 0.712240 0.314453 0.708333
0 0.338867 0.662760 0.336914 0.665365 0.336914 0.667969 0.334961 0.671875 0.334961 0.677083 0.333984 0.678385 0.333984 0.680990 0.332031 0.683594 0.332031 0.686198 0.333008 0.687500 0.335938 0.688802 0.339844 0.694010 0.339844 0.695312 0.341797 0.697917 0.341797 0.699219 0.344727 0.703125 0.345703 0.703125 0.347656 0.705729 0.348633 0.705729 0.350586 0.708333 0.351562 0.708333 0.354492 0.710938 0.359375 0.710938 0.360352 0.712240 0.361328 0.710938 0.363281 0.710938 0.366211 0.708333 0.369141 0.708333 0.374023 0.703125 0.374023 0.701823 0.375000 0.700521 0.375000 0.699219 0.373047 0.695312 0.373047 0.688802 0.374023 0.687500 0.374023 0.673177 0.373047 0.671875 0.370117 0.670573 0.368164 0.667969 0.366211 0.661458 0.364258 0.658854 0.363281 0.660156 0.352539 0.660156 0.351562 0.658854 0.348633 0.657552 0.345703 0.660156 0.343750 0.660156 0.342773 0.661458 0.340820 0.661458 0.339844 0.662760
0 0.325195 0.604167 0.324219 0.605469 0.319336 0.608073 0.317383 0.610677 0.316406 0.610677 0.310547 0.618490 0.310547 0.619792 0.309570 0.621094 0.309570 0.634115 0.310547 0.635417 0.312500 0.641927 0.315430 0.645833 0.316406 0.645833 0.317383 0.647135 0.318359 0.651042 0.322266 0.657552 0.323242 0.657552 0.324219 0.658854 0.326172 0.658854 0.327148 0.660156 0.333984 0.660156 0.334961 0.661458 0.337891 0.661458 0.341797 0.657552 0.341797 0.654948 0.342773 0.653646 0.342773 0.651042 0.343750 0.649740 0.343750 0.647135 0.344727 0.645833 0.344727 0.640625 0.341797 0.634115 0.341797 0.628906 0.342773 0.627604 0.342773 0.625000 0.339844 0.621094 0.337891 0.614583 0.335938 0.611979 0.335938 0.608073 0.333984 0.605469 0.328125 0.605469 0.327148 0.604167
0 0.274414 0.575521 0.272461 0.578125 0.270508 0.578125 0.269531 0.579427 0.266602 0.580729 0.262695 0.585938 0.262695 0.587240 0.260742 0.589844 0.260742 0.591146 0.258789 0.595052 0.258789 0.600260 0.257812 0.601562 0.257812 0.608073 0.258789 0.609375 0.258789 0.613281 0.260742 0.615885 0.261719 0.615885 0.266602 0.619792 0.268555 0.619792 0.276367 0.627604 0.278320 0.627604 0.279297 0.628906 0.281250 0.628906 0.282227 0.630208 0.284180 0.630208 0.285156 0.631510 0.289062 0.631510 0.292969 0.627604 0.293945 0.627604 0.296875 0.623698 0.296875 0.622396 0.297852 0.621094 0.297852 0.618490 0.298828 0.617188 0.298828 0.613281 0.299805 0.611979 0.298828 0.610677 0.298828 0.608073 0.295898 0.601562 0.295898 0.598958 0.294922 0.597656 0.294922 0.596354 0.291016 0.592448 0.289062 0.592448 0.288086 0.591146 0.286133 0.591146 0.285156 0.589844 0.284180 0.589844 0.279297 0.583333 0.279297 0.582031 0.276367 0.578125 0.276367 0.576823 0.275391 0.575521
0 0.237305 0.563802 0.237305 0.565104 0.236328 0.566406 0.236328 0.571615 0.237305 0.572917 0.237305 0.576823 0.238281 0.578125 0.238281 0.580729 0.239258 0.582031 0.240234 0.585938 0.245117 0.592448 0.245117 0.593750 0.247070 0.596354 0.248047 0.596354 0.250977 0.598958 0.255859 0.598958 0.257812 0.596354 0.257812 0.595052 0.258789 0.593750 0.258789 0.592448 0.259766 0.591146 0.259766 0.589844 0.260742 0.588542 0.261719 0.584635 0.266602 0.578125 0.267578 0.578125 0.270508 0.574219 0.269531 0.572917 0.269531 0.571615 0.268555 0.570312 0.268555 0.567708 0.267578 0.566406 0.266602 0.566406 0.265625 0.565104 0.260742 0.565104 0.259766 0.563802 0.255859 0.563802 0.254883 0.562500 0.252930 0.562500 0.251953 0.561198 0.250977 0.561198 0.248047 0.558594 0.246094 0.558594 0.245117 0.559896 0.243164 0.559896 0.242188 0.561198 0.241211 0.561198 0.240234 0.562500
0 0.213867 0.515625 0.211914 0.515625 0.208984 0.518229 0.207031 0.518229 0.206055 0.520833 0.204102 0.520833 0.203125 0.519531 0.194336 0.519531 0.188477 0.523438 0.185547 0.527344 0.183594 0.532552 0.183594 0.539062 0.185547 0.542969 0.185547 0.545573 0.186523 0.546875 0.186523 0.550781 0.187500 0.553385 0.192383 0.559896 0.192383 0.561198 0.193359 0.561198 0.196289 0.565104 0.197266 0.565104 0.204102 0.574219 0.210938 0.574219 0.212891 0.572917 0.216797 0.567708 0.217773 0.565104 0.217773 0.559896 0.218750 0.558594 0.218750 0.539062 0.216797 0.533854 0.212891 0.531250 0.210938 0.531250 0.207031 0.526042 0.207031 0.520833 0.210938 0.518229 0.213867 0.518229
0 0.276367 0.559896 0.276367 0.562500 0.277344 0.563802 0.277344 0.569010 0.278320 0.570312 0.278320 0.574219 0.280273 0.578125 0.280273 0.580729 0.282227 0.583333 0.282227 0.584635 0.283203 0.584635 0.286133 0.588542 0.287109 0.588542 0.290039 0.591146 0.291992 0.591146 0.292969 0.592448 0.294922 0.592448 0.295898 0.593750 0.303711 0.593750 0.304688 0.592448 0.308594 0.592448 0.309570 0.591146 0.314453 0.591146 0.315430 0.589844 0.318359 0.588542 0.320312 0.585938 0.319336 0.582031 0.318359 0.580729 0.316406 0.580729 0.315430 0.579427 0.315430 0.574219 0.314453 0.572917 0.314453 0.570312 0.308594 0.570312 0.305664 0.572917 0.304688 0.571615 0.300781 0.571615 0.299805 0.570312 0.298828 0.570312 0.296875 0.567708 0.295898 0.567708 0.292969 0.563802 0.291992 0.563802 0.289062 0.559896 0.288086 0.559896 0.283203 0.554688 0.282227 0.554688 0.279297 0.557292 0.277344 0.557292 0.277344 0.558594
0 0.280273 0.506510 0.280273 0.507812 0.274414 0.516927 0.274414 0.519531 0.272461 0.524740 0.272461 0.540365 0.273438 0.541667 0.273438 0.548177 0.275391 0.552083 0.283203 0.552083 0.287109 0.555990 0.290039 0.557292 0.292969 0.561198 0.292969 0.562500 0.294922 0.565104 0.297852 0.566406 0.298828 0.569010 0.300781 0.570312 0.306641 0.570312 0.311523 0.565104 0.310547 0.562500 0.310547 0.557292 0.312500 0.554688 0.312500 0.552083 0.311523 0.550781 0.311523 0.545573 0.312500 0.544271 0.312500 0.535156 0.313477 0.533854 0.311523 0.529948 0.311523 0.527344 0.303711 0.515625 0.297852 0.511719 0.293945 0.511719 0.286133 0.505208 0.282227 0.505208
0 0.239258 0.522135 0.238281 0.523438 0.238281 0.528646 0.237305 0.529948 0.237305 0.536458 0.238281 0.537760 0.238281 0.539062 0.239258 0.540365 0.241211 0.546875 0.243164 0.549479 0.243164 0.550781 0.248047 0.557292 0.249023 0.557292 0.250977 0.559896 0.252930 0.559896 0.255859 0.562500 0.265625 0.562500 0.266602 0.563802 0.267578 0.562500 0.268555 0.562500 0.270508 0.559896 0.270508 0.558594 0.271484 0.557292 0.271484 0.546875 0.272461 0.545573 0.272461 0.542969 0.271484 0.541667 0.271484 0.527344 0.270508 0.526042 0.270508 0.522135 0.269531 0.520833 0.269531 0.519531 0.263672 0.510417 0.257812 0.510417 0.256836 0.511719 0.253906 0.513021 0.250977 0.516927 0.250000 0.516927 0.247070 0.519531 0.245117 0.519531 0.244141 0.520833 0.241211 0.520833 0.240234 0.522135
0 0.250977 0.475260 0.249023 0.475260 0.248047 0.473958 0.247070 0.473958 0.246094 0.475260 0.243164 0.475260 0.242188 0.476562 0.239258 0.476562 0.238281 0.477865 0.236328 0.477865 0.235352 0.479167 0.234375 0.479167 0.233398 0.480469 0.232422 0.480469 0.227539 0.484375 0.223633 0.484375 0.220703 0.488281 0.220703 0.489583 0.219727 0.490885 0.219727 0.497396 0.220703 0.498698 0.220703 0.501302 0.222656 0.503906 0.223633 0.503906 0.225586 0.506510 0.226562 0.506510 0.232422 0.514323 0.233398 0.514323 0.238281 0.519531 0.245117 0.519531 0.246094 0.518229 0.247070 0.518229 0.249023 0.515625 0.251953 0.514323 0.253906 0.511719 0.254883 0.511719 0.257812 0.507812 0.257812 0.506510 0.256836 0.505208 0.256836 0.486979 0.255859 0.485677 0.255859 0.483073 0.251953 0.477865 0.251953 0.476562
0 0.206055 0.421875 0.202148 0.421875 0.201172 0.423177 0.200195 0.423177 0.197266 0.427083 0.196289 0.427083 0.194336 0.429688 0.193359 0.429688 0.187500 0.437500 0.186523 0.441406 0.183594 0.445312 0.183594 0.446615 0.181641 0.450521 0.182617 0.451823 0.182617 0.455729 0.183594 0.457031 0.183594 0.459635 0.184570 0.460938 0.185547 0.470052 0.186523 0.471354 0.186523 0.473958 0.187500 0.475260 0.188477 0.479167 0.192383 0.484375 0.192383 0.485677 0.195312 0.489583 0.196289 0.489583 0.197266 0.490885 0.199219 0.488281 0.200195 0.488281 0.200195 0.486979 0.204102 0.481771 0.206055 0.481771 0.213867 0.470052 0.213867 0.462240 0.212891 0.460938 0.212891 0.453125 0.211914 0.451823 0.211914 0.445312 0.212891 0.444010 0.212891 0.441406 0.213867 0.440104 0.213867 0.433594 0.211914 0.429688 0.211914 0.425781 0.209961 0.423177 0.207031 0.423177
0 0.222656 0.424479 0.221680 0.425781 0.220703 0.425781 0.218750 0.428385 0.217773 0.432292 0.215820 0.434896 0.215820 0.437500 0.212891 0.444010 0.212891 0.454427 0.213867 0.455729 0.213867 0.460938 0.214844 0.462240 0.214844 0.467448 0.217773 0.471354 0.217773 0.472656 0.220703 0.476562 0.220703 0.477865 0.223633 0.481771 0.229492 0.481771 0.232422 0.477865 0.235352 0.476562 0.239258 0.471354 0.240234 0.471354 0.247070 0.462240 0.247070 0.458333 0.248047 0.457031 0.248047 0.451823 0.247070 0.450521 0.247070 0.447917 0.246094 0.446615 0.245117 0.442708 0.240234 0.434896 0.240234 0.433594 0.237305 0.432292 0.234375 0.428385 0.233398 0.428385 0.232422 0.427083 0.228516 0.427083 0.227539 0.425781 0.225586 0.425781 0.224609 0.424479
0 0.223633 0.350260 0.222656 0.351562 0.221680 0.355469 0.219727 0.358073 0.219727 0.359375 0.218750 0.360677 0.216797 0.367188 0.212891 0.372396 0.212891 0.373698 0.211914 0.375000 0.211914 0.384115 0.213867 0.386719 0.213867 0.388021 0.225586 0.403646 0.226562 0.403646 0.231445 0.407552 0.235352 0.407552 0.237305 0.404948 0.238281 0.404948 0.243164 0.398438 0.244141 0.398438 0.244141 0.397135 0.246094 0.394531 0.246094 0.393229 0.247070 0.391927 0.247070 0.378906 0.244141 0.372396 0.244141 0.369792 0.243164 0.368490 0.242188 0.364583 0.239258 0.360677 0.238281 0.360677 0.237305 0.359375 0.235352 0.351562 0.234375 0.351562 0.233398 0.350260
0 0.293945 0.457031 0.288086 0.457031 0.287109 0.458333 0.285156 0.458333 0.284180 0.459635 0.282227 0.459635 0.281250 0.460938 0.276367 0.463542 0.271484 0.470052 0.271484 0.477865 0.273438 0.481771 0.273438 0.485677 0.274414 0.486979 0.274414 0.489583 0.275391 0.490885 0.275391 0.493490 0.281250 0.501302 0.281250 0.502604 0.284180 0.502604 0.285156 0.503906 0.288086 0.503906 0.289062 0.505208 0.291016 0.505208 0.291992 0.503906 0.293945 0.503906 0.294922 0.502604 0.297852 0.502604 0.300781 0.500000 0.302734 0.500000 0.307617 0.494792 0.307617 0.492188 0.308594 0.490885 0.308594 0.486979 0.309570 0.485677 0.309570 0.476562 0.308594 0.475260 0.308594 0.472656 0.301758 0.462240 0.300781 0.462240
0 0.288086 0.403646 0.283203 0.410156 0.283203 0.411458 0.282227 0.412760 0.282227 0.416667 0.281250 0.417969 0.281250 0.420573 0.280273 0.421875 0.280273 0.425781 0.281250 0.427083 0.281250 0.430990 0.282227 0.432292 0.282227 0.434896 0.283203 0.436198 0.283203 0.440104 0.284180 0.441406 0.284180 0.444010 0.285156 0.445312 0.285156 0.446615 0.286133 0.447917 0.289062 0.449219 0.291016 0.451823 0.293945 0.453125 0.295898 0.455729 0.296875 0.455729 0.297852 0.457031 0.299805 0.457031 0.300781 0.458333 0.305664 0.458333 0.306641 0.457031 0.309570 0.457031 0.310547 0.455729 0.311523 0.455729 0.313477 0.451823 0.313477 0.449219 0.315430 0.446615 0.315430 0.445312 0.318359 0.438802 0.318359 0.427083 0.317383 0.425781 0.317383 0.421875 0.315430 0.417969 0.315430 0.415365 0.314453 0.415365 0.312500 0.412760 0.309570 0.411458 0.306641 0.407552 0.305664 0.407552 0.302734 0.402344 0.299805 0.402344 0.298828 0.403646 0.297852 0.403646 0.296875 0.402344 0.290039 0.402344 0.289062 0.403646
0 0.286133 0.355469 0.278320 0.355469 0.277344 0.356771 0.275391 0.356771 0.274414 0.358073 0.269531 0.360677 0.269531 0.361979 0.263672 0.369792 0.262695 0.369792 0.258789 0.373698 0.258789 0.397135 0.259766 0.398438 0.261719 0.404948 0.264648 0.408854 0.264648 0.410156 0.266602 0.412760 0.267578 0.412760 0.270508 0.416667 0.270508 0.417969 0.271484 0.417969 0.274414 0.421875 0.277344 0.421875 0.280273 0.417969 0.280273 0.415365 0.281250 0.414062 0.283203 0.407552 0.291016 0.398438 0.291016 0.397135 0.292969 0.394531 0.292969 0.391927 0.293945 0.390625 0.293945 0.380208 0.291016 0.375000 0.291016 0.373698 0.289062 0.371094 0.289062 0.368490 0.287109 0.365885 0.287109 0.356771
0 0.260742 0.294271 0.259766 0.295573 0.257812 0.295573 0.250977 0.300781 0.250977 0.302083 0.249023 0.304688 0.248047 0.311198 0.246094 0.315104 0.246094 0.321615 0.250000 0.326823 0.250000 0.329427 0.250977 0.330729 0.250977 0.333333 0.251953 0.334635 0.251953 0.335938 0.256836 0.342448 0.257812 0.342448 0.263672 0.348958 0.264648 0.348958 0.267578 0.351562 0.270508 0.351562 0.271484 0.350260 0.273438 0.350260 0.274414 0.348958 0.276367 0.348958 0.277344 0.347656 0.278320 0.347656 0.281250 0.343750 0.281250 0.342448 0.282227 0.341146 0.282227 0.337240 0.283203 0.335938 0.283203 0.333333 0.284180 0.332031 0.284180 0.319010 0.283203 0.317708 0.283203 0.313802 0.282227 0.312500 0.280273 0.305990 0.278320 0.303385 0.277344 0.303385 0.276367 0.302083 0.273438 0.302083 0.272461 0.300781 0.270508 0.300781 0.266602 0.295573 0.265625 0.295573 0.264648 0.294271
0 0.227539 0.247396 0.226562 0.248698 0.225586 0.248698 0.219727 0.256510 0.219727 0.257812 0.217773 0.260417 0.217773 0.261719 0.214844 0.265625 0.214844 0.266927 0.213867 0.268229 0.213867 0.276042 0.214844 0.277344 0.214844 0.281250 0.215820 0.282552 0.215820 0.285156 0.216797 0.286458 0.216797 0.290365 0.217773 0.291667 0.217773 0.295573 0.218750 0.296875 0.218750 0.299479 0.221680 0.302083 0.225586 0.302083 0.226562 0.303385 0.233398 0.303385 0.234375 0.302083 0.236328 0.302083 0.239258 0.298177 0.239258 0.296875 0.240234 0.295573 0.240234 0.286458 0.239258 0.285156 0.239258 0.279948 0.238281 0.278646 0.238281 0.270833 0.237305 0.269531 0.237305 0.253906 0.236328 0.252604 0.235352 0.252604 0.234375 0.251302 0.234375 0.250000 0.232422 0.247396
0 0.258789 0.244792 0.253906 0.244792 0.252930 0.246094 0.247070 0.246094 0.243164 0.251302 0.240234 0.252604 0.238281 0.255208 0.238281 0.256510 0.237305 0.257812 0.237305 0.269531 0.238281 0.270833 0.238281 0.279948 0.239258 0.281250 0.239258 0.283854 0.240234 0.285156 0.240234 0.290365 0.241211 0.291667 0.241211 0.295573 0.246094 0.302083 0.250000 0.302083 0.252930 0.298177 0.255859 0.296875 0.257812 0.294271 0.259766 0.294271 0.260742 0.292969 0.262695 0.292969 0.263672 0.291667 0.265625 0.291667 0.266602 0.290365 0.267578 0.290365 0.267578 0.289062 0.270508 0.282552 0.270508 0.279948 0.271484 0.278646 0.271484 0.272135 0.270508 0.270833 0.270508 0.265625 0.269531 0.264323 0.269531 0.263021 0.263672 0.256510 0.262695 0.252604 0.260742 0.250000 0.260742 0.248698 0.258789 0.246094
0 0.259766 0.214844 0.259766 0.217448 0.258789 0.218750 0.258789 0.243490 0.262695 0.250000 0.262695 0.251302 0.265625 0.257812 0.266602 0.257812 0.267578 0.259115 0.272461 0.259115 0.275391 0.256510 0.278320 0.256510 0.283203 0.252604 0.285156 0.252604 0.286133 0.251302 0.292969 0.247396 0.294922 0.244792 0.294922 0.243490 0.295898 0.242188 0.295898 0.230469 0.296875 0.229167 0.296875 0.223958 0.297852 0.222656 0.297852 0.216146 0.296875 0.214844 0.296875 0.213542 0.292969 0.208333 0.291992 0.208333 0.291016 0.207031 0.276367 0.207031 0.275391 0.208333 0.272461 0.208333 0.271484 0.207031 0.266602 0.207031 0.264648 0.209635 0.263672 0.209635
0 0.275391 0.088542 0.268555 0.088542 0.267578 0.087240 0.265625 0.088542 0.263672 0.088542 0.261719 0.089844 0.256836 0.096354 0.255859 0.096354 0.255859 0.097656 0.253906 0.100260 0.251953 0.101562 0.250000 0.101562 0.248047 0.105469 0.248047 0.113281 0.247070 0.114583 0.247070 0.136719 0.248047 0.138021 0.248047 0.140625 0.250977 0.144531 0.250977 0.145833 0.253906 0.149740 0.253906 0.151042 0.255859 0.153646 0.257812 0.154948 0.259766 0.154948 0.260742 0.156250 0.267578 0.156250 0.268555 0.154948 0.270508 0.154948 0.277344 0.145833 0.277344 0.143229 0.278320 0.141927 0.278320 0.131510 0.279297 0.130208 0.279297 0.114583 0.278320 0.113281 0.278320 0.091146
0 0.299805 0.145833 0.298828 0.147135 0.295898 0.148438 0.293945 0.151042 0.293945 0.152344 0.286133 0.164062 0.285156 0.167969 0.281250 0.173177 0.281250 0.174479 0.279297 0.178385 0.279297 0.186198 0.278320 0.187500 0.278320 0.190104 0.280273 0.192708 0.281250 0.192708 0.285156 0.196615 0.288086 0.197917 0.293945 0.204427 0.294922 0.204427 0.299805 0.208333 0.305664 0.208333 0.306641 0.207031 0.307617 0.207031 0.307617 0.205729 0.310547 0.201823 0.312500 0.201823 0.313477 0.200521 0.314453 0.200521 0.320312 0.190104 0.320312 0.188802 0.319336 0.187500 0.319336 0.175781 0.318359 0.174479 0.318359 0.167969 0.317383 0.166667 0.315430 0.160156 0.313477 0.157552 0.313477 0.154948 0.312500 0.153646 0.312500 0.152344 0.309570 0.151042 0.305664 0.145833
0 0.355469 0.101562 0.352539 0.101562 0.349609 0.098958 0.347656 0.098958 0.345703 0.096354 0.338867 0.096354 0.337891 0.095052 0.336914 0.095052 0.335938 0.096354 0.333008 0.096354 0.329102 0.101562 0.328125 0.101562 0.327148 0.102865 0.327148 0.104167 0.324219 0.108073 0.324219 0.109375 0.323242 0.110677 0.322266 0.114583 0.320312 0.117188 0.320312 0.119792 0.319336 0.121094 0.319336 0.130208 0.320312 0.131510 0.320312 0.145833 0.326172 0.153646 0.327148 0.153646 0.328125 0.154948 0.337891 0.154948 0.341797 0.151042 0.342773 0.151042 0.353516 0.138021 0.353516 0.136719 0.356445 0.132812 0.356445 0.131510 0.358398 0.127604 0.358398 0.121094 0.357422 0.119792 0.357422 0.117188 0.355469 0.113281 0.355469 0.109375 0.354492 0.108073 0.354492 0.102865
0 0.348633 0.145833 0.340820 0.154948 0.339844 0.154948 0.337891 0.157552 0.335938 0.157552 0.333008 0.160156 0.333008 0.161458 0.331055 0.165365 0.331055 0.167969 0.330078 0.169271 0.330078 0.186198 0.331055 0.187500 0.331055 0.192708 0.332031 0.194010 0.332031 0.197917 0.333008 0.199219 0.333008 0.200521 0.333984 0.200521 0.335938 0.203125 0.336914 0.203125 0.341797 0.207031 0.343750 0.207031 0.344727 0.208333 0.348633 0.208333 0.349609 0.209635 0.353516 0.209635 0.354492 0.208333 0.355469 0.208333 0.355469 0.205729 0.361328 0.197917 0.362305 0.197917 0.363281 0.196615 0.363281 0.177083 0.364258 0.175781 0.364258 0.171875 0.365234 0.170573 0.365234 0.161458 0.366211 0.160156 0.366211 0.157552 0.361328 0.149740 0.360352 0.149740 0.357422 0.147135 0.355469 0.147135 0.354492 0.145833
0 0.333984 0.217448 0.332031 0.217448 0.331055 0.218750 0.317383 0.218750 0.316406 0.220052 0.313477 0.221354 0.311523 0.223958 0.310547 0.223958 0.308594 0.226562 0.308594 0.227865 0.306641 0.230469 0.305664 0.230469 0.305664 0.231771 0.303711 0.234375 0.302734 0.234375 0.301758 0.235677 0.301758 0.246094 0.302734 0.247396 0.302734 0.255208 0.303711 0.256510 0.305664 0.263021 0.307617 0.265625 0.307617 0.268229 0.308594 0.269531 0.308594 0.270833 0.309570 0.270833 0.310547 0.272135 0.318359 0.272135 0.319336 0.273438 0.329102 0.273438 0.330078 0.272135 0.331055 0.272135 0.333984 0.269531 0.335938 0.269531 0.337891 0.266927 0.338867 0.266927 0.338867 0.265625 0.339844 0.264323 0.339844 0.261719 0.340820 0.260417 0.340820 0.257812 0.341797 0.256510 0.340820 0.255208 0.340820 0.244792 0.341797 0.243490 0.341797 0.240885 0.340820 0.239583 0.340820 0.236979 0.339844 0.235677 0.339844 0.234375 0.335938 0.230469 0.335938 0.227865 0.334961 0.226562 0.334961 0.220052 0.333984 0.218750
0 0.297852 0.274740 0.295898 0.277344 0.294922 0.277344 0.289062 0.285156 0.287109 0.290365 0.287109 0.292969 0.286133 0.294271 0.286133 0.316406 0.287109 0.317708 0.287109 0.320312 0.290039 0.324219 0.299805 0.329427 0.306641 0.335938 0.309570 0.333333 0.319336 0.333333 0.320312 0.332031 0.322266 0.332031 0.323242 0.329427 0.325195 0.326823 0.326172 0.326823 0.330078 0.320312 0.331055 0.317708 0.331055 0.315104 0.333984 0.309896 0.333984 0.302083 0.333008 0.300781 0.333008 0.295573 0.331055 0.292969 0.330078 0.292969 0.327148 0.287760 0.326172 0.287760 0.321289 0.282552 0.317383 0.282552 0.316406 0.281250 0.314453 0.281250 0.310547 0.277344 0.306641 0.277344 0.304688 0.274740
0 0.317383 0.338542 0.308594 0.351562 0.308594 0.355469 0.307617 0.356771 0.307617 0.364583 0.306641 0.365885 0.306641 0.377604 0.307617 0.378906 0.307617 0.382812 0.308594 0.384115 0.310547 0.390625 0.314453 0.394531 0.329102 0.394531 0.333984 0.390625 0.335938 0.390625 0.336914 0.391927 0.341797 0.391927 0.338867 0.390625 0.337891 0.389323 0.337891 0.388021 0.339844 0.385417 0.339844 0.384115 0.340820 0.382812 0.340820 0.380208 0.342773 0.377604 0.342773 0.365885 0.343750 0.364583 0.343750 0.358073 0.342773 0.356771 0.341797 0.356771 0.336914 0.350260 0.336914 0.348958 0.334961 0.345052 0.333984 0.345052 0.327148 0.337240 0.326172 0.337240 0.325195 0.335938 0.322266 0.335938 0.319336 0.338542
0 0.409180 0.102865 0.408203 0.102865 0.407227 0.101562 0.405273 0.101562 0.404297 0.100260 0.402344 0.100260 0.401367 0.101562 0.391602 0.101562 0.390625 0.102865 0.389648 0.102865 0.388672 0.104167 0.388672 0.105469 0.384766 0.110677 0.382812 0.110677 0.381836 0.111979 0.381836 0.125000 0.380859 0.126302 0.380859 0.140625 0.381836 0.141927 0.381836 0.144531 0.382812 0.145833 0.382812 0.153646 0.384766 0.156250 0.389648 0.156250 0.390625 0.157552 0.393555 0.157552 0.394531 0.158854 0.400391 0.158854 0.401367 0.157552 0.404297 0.156250 0.407227 0.151042 0.407227 0.149740 0.415039 0.140625 0.416992 0.140625 0.421875 0.132812 0.421875 0.130208 0.422852 0.128906 0.422852 0.125000 0.421875 0.123698 0.421875 0.121094 0.420898 0.119792 0.419922 0.115885
0 0.372070 0.154948 0.370117 0.157552 0.369141 0.157552 0.366211 0.165365 0.366211 0.167969 0.365234 0.169271 0.365234 0.177083 0.364258 0.178385 0.364258 0.187500 0.365234 0.188802 0.365234 0.192708 0.366211 0.194010 0.366211 0.196615 0.367188 0.197917 0.367188 0.200521 0.369141 0.205729 0.373047 0.212240 0.378906 0.216146 0.380859 0.216146 0.381836 0.217448 0.394531 0.217448 0.395508 0.216146 0.399414 0.214844 0.402344 0.210938 0.402344 0.209635 0.407227 0.204427 0.408203 0.201823 0.408203 0.179688 0.410156 0.174479 0.406250 0.167969 0.402344 0.165365 0.400391 0.165365 0.398438 0.162760 0.392578 0.158854 0.386719 0.158854 0.385742 0.157552 0.379883 0.157552 0.376953 0.154948
0 0.369141 0.214844 0.368164 0.216146 0.365234 0.216146 0.359375 0.223958 0.359375 0.225260 0.358398 0.226562 0.358398 0.230469 0.357422 0.231771 0.357422 0.243490 0.358398 0.244792 0.358398 0.250000 0.359375 0.251302 0.359375 0.253906 0.362305 0.259115 0.362305 0.260417 0.366211 0.265625 0.367188 0.265625 0.372070 0.272135 0.372070 0.273438 0.373047 0.273438 0.374023 0.274740 0.376953 0.274740 0.379883 0.272135 0.381836 0.272135 0.382812 0.270833 0.385742 0.269531 0.387695 0.265625 0.389648 0.265625 0.397461 0.255208 0.397461 0.253906 0.398438 0.252604 0.398438 0.244792 0.397461 0.243490 0.396484 0.239583 0.389648 0.230469 0.389648 0.229167 0.388672 0.227865 0.387695 0.227865 0.384766 0.223958 0.383789 0.223958 0.381836 0.220052 0.380859 0.220052 0.374023 0.214844
0 0.365234 0.298177 0.353516 0.298177 0.352539 0.299479 0.349609 0.299479 0.346680 0.302083 0.341797 0.302083 0.339844 0.303385 0.337891 0.308594 0.337891 0.321615 0.338867 0.322917 0.338867 0.328125 0.339844 0.329427 0.339844 0.335938 0.340820 0.337240 0.340820 0.341146 0.342773 0.345052 0.342773 0.347656 0.344727 0.352865 0.346680 0.355469 0.347656 0.355469 0.353516 0.363281 0.355469 0.361979 0.357422 0.361979 0.362305 0.358073 0.364258 0.358073 0.368164 0.355469 0.374023 0.347656 0.374023 0.335938 0.373047 0.334635 0.373047 0.321615 0.372070 0.320312 0.371094 0.313802 0.369141 0.309896 0.369141 0.300781
0 0.376953 0.278646 0.375000 0.282552 0.375000 0.285156 0.374023 0.286458 0.374023 0.290365 0.373047 0.291667 0.373047 0.295573 0.372070 0.296875 0.372070 0.312500 0.373047 0.313802 0.373047 0.316406 0.375977 0.320312 0.379883 0.322917 0.384766 0.324219 0.387695 0.326823 0.389648 0.326823 0.390625 0.328125 0.392578 0.328125 0.396484 0.330729 0.399414 0.330729 0.401367 0.332031 0.402344 0.330729 0.407227 0.330729 0.409180 0.329427 0.412109 0.325521 0.412109 0.322917 0.413086 0.321615 0.413086 0.308594 0.414062 0.307292 0.414062 0.300781 0.413086 0.299479 0.413086 0.294271 0.412109 0.292969 0.412109 0.289062 0.409180 0.286458 0.409180 0.283854 0.406250 0.277344 0.406250 0.273438 0.405273 0.272135 0.393555 0.272135 0.392578 0.273438 0.389648 0.273438 0.388672 0.274740 0.386719 0.274740 0.383789 0.277344 0.378906 0.277344
0 0.418945 0.223958 0.417969 0.225260 0.416016 0.225260 0.414062 0.226562 0.412109 0.229167 0.408203 0.231771 0.404297 0.236979 0.403320 0.239583 0.403320 0.251302 0.404297 0.252604 0.404297 0.259115 0.405273 0.260417 0.405273 0.263021 0.406250 0.264323 0.406250 0.266927 0.407227 0.268229 0.407227 0.270833 0.408203 0.272135 0.408203 0.276042 0.409180 0.277344 0.409180 0.279948 0.410156 0.282552 0.413086 0.286458 0.416016 0.287760 0.419922 0.291667 0.425781 0.291667 0.428711 0.289062 0.428711 0.287760 0.431641 0.283854 0.431641 0.282552 0.435547 0.277344 0.436523 0.274740 0.436523 0.272135 0.437500 0.270833 0.437500 0.268229 0.439453 0.264323 0.439453 0.238281 0.437500 0.235677 0.431641 0.233073 0.429688 0.230469 0.426758 0.229167 0.424805 0.226562
0 0.446289 0.122396 0.441406 0.122396 0.439453 0.123698 0.439453 0.125000 0.435547 0.130208 0.425781 0.136719 0.419922 0.143229 0.416992 0.144531 0.416016 0.147135 0.416016 0.166667 0.418945 0.174479 0.422852 0.180990 0.425781 0.182292 0.428711 0.186198 0.428711 0.188802 0.430664 0.191406 0.430664 0.192708 0.434570 0.195312 0.438477 0.194010 0.443359 0.188802 0.444336 0.188802 0.449219 0.182292 0.449219 0.180990 0.457031 0.171875 0.458008 0.169271 0.458008 0.165365 0.458984 0.164062 0.458984 0.160156 0.458008 0.158854 0.458008 0.149740 0.457031 0.148438 0.457031 0.145833 0.455078 0.140625 0.455078 0.136719 0.453125 0.134115 0.451172 0.127604
0 0.474609 0.139323 0.472656 0.144531 0.468750 0.151042 0.466797 0.156250 0.466797 0.158854 0.461914 0.169271 0.461914 0.177083 0.463867 0.182292 0.471680 0.192708 0.472656 0.196615 0.475586 0.199219 0.481445 0.199219 0.482422 0.200521 0.496094 0.200521 0.497070 0.201823 0.500000 0.200521 0.505859 0.191406 0.506836 0.184896 0.508789 0.180990 0.508789 0.174479 0.509766 0.173177 0.508789 0.171875 0.508789 0.166667 0.507812 0.165365 0.507812 0.161458 0.506836 0.160156 0.506836 0.157552 0.502930 0.152344 0.491211 0.144531 0.486328 0.143229 0.480469 0.139323
0 0.460938 0.200521 0.458984 0.203125 0.454102 0.205729 0.454102 0.207031 0.452148 0.208333 0.448242 0.214844 0.448242 0.220052 0.450195 0.225260 0.451172 0.234375 0.454102 0.242188 0.459961 0.252604 0.460938 0.256510 0.464844 0.259115 0.468750 0.259115 0.469727 0.260417 0.479492 0.260417 0.484375 0.252604 0.486328 0.247396 0.490234 0.242188 0.492188 0.236979 0.495117 0.233073 0.496094 0.230469 0.496094 0.223958 0.493164 0.218750 0.492188 0.214844 0.490234 0.212240 0.489258 0.209635 0.489258 0.207031 0.487305 0.204427 0.485352 0.204427 0.484375 0.203125 0.474609 0.203125 0.473633 0.201823 0.468750 0.201823 0.467773 0.200521
0 0.392578 0.351562 0.381836 0.351562 0.380859 0.352865 0.379883 0.352865 0.377930 0.355469 0.377930 0.356771 0.375977 0.359375 0.375977 0.360677 0.372070 0.365885 0.372070 0.367188 0.370117 0.369792 0.369141 0.373698 0.367188 0.376302 0.367188 0.377604 0.365234 0.381510 0.365234 0.382812 0.366211 0.384115 0.366211 0.386719 0.368164 0.390625 0.368164 0.393229 0.369141 0.394531 0.370117 0.398438 0.372070 0.401042 0.372070 0.402344 0.378906 0.411458 0.379883 0.411458 0.382812 0.414062 0.384766 0.414062 0.390625 0.406250 0.391602 0.406250 0.395508 0.402344 0.398438 0.401042 0.402344 0.395833 0.402344 0.394531 0.405273 0.388021 0.405273 0.378906 0.404297 0.377604 0.404297 0.373698 0.402344 0.369792 0.402344 0.365885 0.401367 0.364583 0.401367 0.363281 0.395508 0.355469 0.395508 0.354167
0 0.368164 0.401042 0.367188 0.402344 0.360352 0.402344 0.359375 0.403646 0.357422 0.403646 0.356445 0.404948 0.351562 0.404948 0.350586 0.406250 0.349609 0.406250 0.346680 0.410156 0.343750 0.411458 0.340820 0.415365 0.340820 0.437500 0.341797 0.438802 0.341797 0.454427 0.345703 0.459635 0.345703 0.460938 0.346680 0.460938 0.349609 0.464844 0.352539 0.464844 0.353516 0.466146 0.354492 0.464844 0.358398 0.464844 0.359375 0.463542 0.366211 0.459635 0.367188 0.458333 0.367188 0.457031 0.373047 0.449219 0.373047 0.447917 0.374023 0.446615 0.374023 0.441406 0.375000 0.440104 0.375000 0.436198 0.374023 0.434896 0.374023 0.428385 0.373047 0.427083 0.373047 0.420573 0.375000 0.417969 0.375000 0.408854
0 0.390625 0.462240 0.387695 0.460938 0.383789 0.457031 0.381836 0.457031 0.380859 0.455729 0.376953 0.455729 0.373047 0.459635 0.371094 0.459635 0.368164 0.462240 0.365234 0.462240 0.357422 0.467448 0.352539 0.473958 0.351562 0.476562 0.351562 0.503906 0.353516 0.509115 0.355469 0.511719 0.355469 0.513021 0.358398 0.516927 0.360352 0.518229 0.364258 0.518229 0.365234 0.519531 0.370117 0.519531 0.373047 0.516927 0.375000 0.516927 0.375977 0.515625 0.377930 0.515625 0.378906 0.514323 0.383789 0.513021 0.389648 0.509115 0.393555 0.503906 0.393555 0.492188 0.394531 0.490885 0.394531 0.486979 0.395508 0.485677 0.395508 0.480469 0.396484 0.479167 0.396484 0.472656
0 0.410156 0.399740 0.407227 0.399740 0.406250 0.401042 0.404297 0.401042 0.403320 0.402344 0.401367 0.402344 0.400391 0.403646 0.395508 0.404948 0.392578 0.407552 0.390625 0.407552 0.387695 0.411458 0.386719 0.415365 0.384766 0.417969 0.384766 0.421875 0.383789 0.423177 0.383789 0.428385 0.380859 0.436198 0.380859 0.449219 0.382812 0.451823 0.382812 0.453125 0.384766 0.455729 0.392578 0.460938 0.396484 0.466146 0.399414 0.466146 0.407227 0.460938 0.416016 0.460938 0.416992 0.459635 0.416016 0.457031 0.416016 0.451823 0.419922 0.444010 0.419922 0.434896 0.420898 0.433594 0.420898 0.428385 0.419922 0.427083 0.419922 0.416667 0.418945 0.415365 0.417969 0.408854 0.412109 0.401042
0 0.357422 0.546875 0.357422 0.549479 0.356445 0.550781 0.356445 0.557292 0.357422 0.558594 0.357422 0.569010 0.370117 0.584635 0.371094 0.584635 0.372070 0.585938 0.379883 0.585938 0.380859 0.584635 0.384766 0.584635 0.385742 0.583333 0.387695 0.583333 0.388672 0.582031 0.392578 0.582031 0.393555 0.580729 0.395508 0.580729 0.397461 0.578125 0.397461 0.576823 0.399414 0.572917 0.399414 0.565104 0.398438 0.563802 0.398438 0.557292 0.394531 0.553385 0.394531 0.549479 0.393555 0.549479 0.391602 0.546875 0.391602 0.544271 0.386719 0.536458 0.385742 0.536458 0.382812 0.533854 0.375000 0.533854 0.374023 0.535156 0.372070 0.535156 0.371094 0.536458 0.370117 0.536458 0.368164 0.539062 0.363281 0.541667 0.361328 0.544271 0.360352 0.544271
0 0.352539 0.572917 0.351562 0.574219 0.348633 0.575521 0.348633 0.576823 0.345703 0.580729 0.344727 0.580729 0.343750 0.582031 0.343750 0.583333 0.339844 0.592448 0.339844 0.608073 0.348633 0.619792 0.351562 0.619792 0.352539 0.618490 0.353516 0.619792 0.357422 0.619792 0.358398 0.621094 0.361328 0.621094 0.362305 0.622396 0.363281 0.622396 0.365234 0.625000 0.368164 0.625000 0.369141 0.623698 0.370117 0.623698 0.375000 0.617188 0.375000 0.615885 0.376953 0.613281 0.376953 0.611979 0.377930 0.610677 0.377930 0.602865 0.376953 0.601562 0.376953 0.597656 0.375977 0.596354 0.375977 0.593750 0.375000 0.592448 0.375000 0.591146 0.373047 0.588542 0.370117 0.587240 0.366211 0.582031 0.365234 0.582031 0.364258 0.580729 0.361328 0.580729 0.360352 0.579427 0.359375 0.575521 0.358398 0.575521 0.357422 0.574219 0.355469 0.574219 0.354492 0.572917
0 0.387695 0.604167 0.382812 0.609375 0.382812 0.630208 0.387695 0.636719 0.387695 0.638021 0.390625 0.641927 0.390625 0.643229 0.392578 0.645833 0.392578 0.647135 0.395508 0.651042 0.396484 0.651042 0.399414 0.653646 0.407227 0.653646 0.408203 0.652344 0.413086 0.649740 0.416016 0.645833 0.416016 0.644531 0.419922 0.638021 0.419922 0.621094 0.418945 0.619792 0.417969 0.615885 0.409180 0.606771 0.408203 0.606771 0.405273 0.604167 0.403320 0.604167 0.402344 0.602865 0.398438 0.602865 0.397461 0.601562 0.393555 0.601562 0.392578 0.602865 0.390625 0.602865 0.389648 0.604167
0 0.427734 0.641927 0.422852 0.644531 0.422852 0.645833 0.418945 0.649740 0.416016 0.649740 0.413086 0.652344 0.411133 0.652344 0.406250 0.660156 0.406250 0.661458 0.405273 0.662760 0.405273 0.665365 0.404297 0.666667 0.404297 0.670573 0.403320 0.671875 0.403320 0.682292 0.406250 0.686198 0.406250 0.687500 0.409180 0.692708 0.409180 0.694010 0.411133 0.696615 0.414062 0.697917 0.416016 0.700521 0.416992 0.700521 0.417969 0.701823 0.419922 0.701823 0.420898 0.703125 0.429688 0.703125 0.430664 0.701823 0.434570 0.701823 0.438477 0.695312 0.438477 0.692708 0.439453 0.691406 0.439453 0.688802 0.440430 0.687500 0.440430 0.682292 0.441406 0.680990 0.441406 0.671875 0.437500 0.666667 0.437500 0.665365 0.436523 0.664062 0.436523 0.658854 0.437500 0.657552 0.437500 0.648438 0.436523 0.647135 0.433594 0.647135
0 0.402344 0.687500 0.396484 0.687500 0.392578 0.691406 0.387695 0.692708 0.377930 0.705729 0.376953 0.705729 0.374023 0.710938 0.374023 0.713542 0.372070 0.717448 0.372070 0.722656 0.371094 0.723958 0.371094 0.727865 0.373047 0.730469 0.373047 0.733073 0.375000 0.735677 0.375977 0.735677 0.376953 0.736979 0.376953 0.738281 0.379883 0.742188 0.379883 0.743490 0.382812 0.746094 0.386719 0.746094 0.389648 0.742188 0.390625 0.742188 0.391602 0.740885 0.393555 0.740885 0.396484 0.736979 0.396484 0.734375 0.397461 0.733073 0.397461 0.731771 0.400391 0.727865 0.401367 0.727865 0.407227 0.720052 0.409180 0.713542 0.412109 0.708333 0.412109 0.703125 0.411133 0.701823 0.410156 0.701823 0.407227 0.697917 0.407227 0.695312 0.403320 0.690104 0.403320 0.688802
0 0.408203 0.723958 0.407227 0.725260 0.404297 0.726562 0.404297 0.730469 0.402344 0.733073 0.399414 0.734375 0.396484 0.740885 0.396484 0.757812 0.394531 0.761719 0.394531 0.763021 0.395508 0.764323 0.395508 0.768229 0.404297 0.778646 0.405273 0.778646 0.412109 0.783854 0.414062 0.783854 0.415039 0.785156 0.421875 0.785156 0.422852 0.786458 0.423828 0.786458 0.424805 0.785156 0.426758 0.785156 0.427734 0.783854 0.432617 0.781250 0.434570 0.778646 0.434570 0.766927 0.431641 0.761719 0.431641 0.760417 0.430664 0.759115 0.430664 0.756510 0.429688 0.755208 0.428711 0.751302 0.423828 0.744792 0.422852 0.744792 0.420898 0.740885 0.419922 0.740885 0.417969 0.738281 0.416992 0.738281 0.412109 0.730469 0.412109 0.727865
0 0.458984 0.748698 0.451172 0.757812 0.449219 0.757812 0.447266 0.759115 0.441406 0.766927 0.441406 0.773438 0.443359 0.776042 0.446289 0.786458 0.449219 0.790365 0.450195 0.794271 0.457031 0.804688 0.457031 0.805990 0.460938 0.808594 0.464844 0.808594 0.465820 0.809896 0.467773 0.809896 0.468750 0.808594 0.471680 0.808594 0.475586 0.803385 0.477539 0.802083 0.478516 0.798177 0.480469 0.796875 0.484375 0.791667 0.484375 0.789062 0.485352 0.787760 0.485352 0.785156 0.487305 0.781250 0.489258 0.781250 0.491211 0.777344 0.490234 0.776042 0.490234 0.773438 0.485352 0.768229 0.485352 0.765625 0.484375 0.764323 0.484375 0.760417 0.482422 0.756510 0.476562 0.756510 0.472656 0.751302 0.470703 0.750000 0.468750 0.750000 0.463867 0.753906 0.461914 0.753906
0 0.564453 0.760417 0.560547 0.759115 0.555664 0.763021 0.543945 0.761719 0.541992 0.765625 0.538086 0.766927 0.537109 0.768229 0.535156 0.768229 0.534180 0.769531 0.532227 0.769531 0.530273 0.772135 0.529297 0.776042 0.527344 0.778646 0.526367 0.785156 0.524414 0.789062 0.524414 0.794271 0.525391 0.795573 0.525391 0.809896 0.526367 0.811198 0.526367 0.813802 0.530273 0.819010 0.534180 0.820312 0.538086 0.822917 0.540039 0.825521 0.541992 0.825521 0.542969 0.826823 0.546875 0.826823 0.547852 0.828125 0.549805 0.826823 0.554688 0.826823 0.555664 0.825521 0.560547 0.825521 0.564453 0.820312 0.567383 0.813802 0.568359 0.807292 0.570312 0.804688 0.571289 0.799479 0.574219 0.792969 0.574219 0.781250 0.572266 0.777344 0.571289 0.770833
0 0.577148 0.746094 0.575195 0.750000 0.574219 0.755208 0.570312 0.760417 0.570312 0.763021 0.573242 0.769531 0.573242 0.772135 0.577148 0.782552 0.581055 0.787760 0.583984 0.789062 0.587891 0.794271 0.588867 0.794271 0.592773 0.798177 0.596680 0.798177 0.597656 0.799479 0.599609 0.799479 0.600586 0.798177 0.602539 0.798177 0.603516 0.796875 0.607422 0.795573 0.611328 0.790365 0.612305 0.786458 0.614258 0.783854 0.614258 0.781250 0.617188 0.773438 0.617188 0.769531 0.619141 0.765625 0.619141 0.759115 0.614258 0.760417 0.611328 0.763021 0.605469 0.759115 0.601562 0.759115 0.600586 0.757812 0.598633 0.757812 0.596680 0.756510 0.592773 0.751302 0.592773 0.748698 0.591797 0.747396 0.591797 0.743490 0.592773 0.742188 0.591797 0.740885 0.588867 0.740885 0.587891 0.742188 0.585938 0.742188 0.584961 0.743490
0 0.595703 0.703125 0.593750 0.707031 0.593750 0.709635 0.592773 0.710938 0.592773 0.716146 0.591797 0.717448 0.591797 0.739583 0.592773 0.740885 0.592773 0.744792 0.593750 0.746094 0.593750 0.751302 0.597656 0.756510 0.599609 0.756510 0.600586 0.757812 0.604492 0.757812 0.605469 0.759115 0.610352 0.759115 0.611328 0.757812 0.619141 0.757812 0.621094 0.755208 0.625000 0.752604 0.626953 0.752604 0.628906 0.751302 0.631836 0.747396 0.633789 0.742188 0.635742 0.730469 0.634766 0.730469 0.631836 0.725260 0.630859 0.725260 0.628906 0.722656 0.623047 0.718750 0.617188 0.710938 0.617188 0.709635 0.614258 0.704427 0.614258 0.701823 0.612305 0.699219 0.601562 0.699219
0 0.633789 0.657552 0.629883 0.664062 0.629883 0.666667 0.627930 0.669271 0.626953 0.669271 0.626953 0.670573 0.624023 0.674479 0.623047 0.679688 0.619141 0.684896 0.619141 0.686198 0.615234 0.692708 0.615234 0.703125 0.616211 0.704427 0.616211 0.707031 0.618164 0.712240 0.620117 0.714844 0.621094 0.714844 0.625977 0.720052 0.630859 0.722656 0.633789 0.726562 0.638672 0.726562 0.639648 0.727865 0.654297 0.726562 0.663086 0.710938 0.663086 0.690104 0.662109 0.688802 0.662109 0.684896 0.661133 0.683594 0.661133 0.674479 0.657227 0.666667 0.655273 0.666667 0.653320 0.664062 0.652344 0.665365 0.638672 0.665365 0.636719 0.662760 0.637695 0.661458 0.639648 0.661458 0.641602 0.658854 0.640625 0.657552
0 0.501953 0.718750 0.498047 0.721354 0.490234 0.730469 0.490234 0.733073 0.489258 0.734375 0.489258 0.736979 0.487305 0.742188 0.487305 0.756510 0.488281 0.757812 0.488281 0.761719 0.491211 0.766927 0.491211 0.768229 0.499023 0.779948 0.500977 0.779948 0.501953 0.781250 0.507812 0.781250 0.508789 0.782552 0.510742 0.782552 0.513672 0.786458 0.517578 0.787760 0.521484 0.782552 0.521484 0.781250 0.524414 0.778646 0.527344 0.770833 0.527344 0.768229 0.529297 0.764323 0.529297 0.760417 0.530273 0.759115 0.530273 0.755208 0.529297 0.753906 0.529297 0.746094 0.530273 0.744792 0.530273 0.738281 0.529297 0.736979 0.529297 0.725260 0.528320 0.725260 0.523438 0.720052 0.515625 0.718750 0.514648 0.717448 0.505859 0.717448 0.504883 0.718750
0 0.558594 0.690104 0.552734 0.690104 0.551758 0.691406 0.547852 0.692708 0.541016 0.701823 0.537109 0.712240 0.537109 0.735677 0.538086 0.736979 0.538086 0.740885 0.543945 0.756510 0.547852 0.759115 0.549805 0.759115 0.550781 0.760417 0.553711 0.760417 0.565430 0.752604 0.568359 0.748698 0.569336 0.748698 0.575195 0.742188 0.576172 0.742188 0.578125 0.739583 0.579102 0.734375 0.580078 0.733073 0.580078 0.714844 0.578125 0.712240 0.578125 0.709635 0.564453 0.694010
0 0.441406 0.688802 0.441406 0.692708 0.440430 0.694010 0.440430 0.696615 0.441406 0.697917 0.441406 0.705729 0.442383 0.707031 0.443359 0.716146 0.446289 0.721354 0.449219 0.722656 0.457031 0.731771 0.458008 0.731771 0.458984 0.733073 0.459961 0.733073 0.460938 0.731771 0.464844 0.731771 0.465820 0.730469 0.467773 0.730469 0.472656 0.726562 0.474609 0.726562 0.475586 0.725260 0.478516 0.725260 0.479492 0.723958 0.480469 0.723958 0.483398 0.720052 0.483398 0.717448 0.484375 0.716146 0.484375 0.701823 0.483398 0.700521 0.483398 0.695312 0.482422 0.694010 0.482422 0.692708 0.479492 0.688802 0.479492 0.687500 0.477539 0.683594 0.475586 0.683594 0.474609 0.682292 0.473633 0.683594 0.470703 0.683594 0.469727 0.684896 0.455078 0.684896 0.454102 0.683594 0.452148 0.683594 0.451172 0.682292 0.450195 0.682292 0.448242 0.684896 0.447266 0.684896 0.446289 0.686198 0.444336 0.686198
0 0.492188 0.662760 0.491211 0.664062 0.490234 0.664062 0.484375 0.671875 0.484375 0.673177 0.483398 0.674479 0.483398 0.679688 0.482422 0.680990 0.482422 0.686198 0.483398 0.687500 0.483398 0.688802 0.487305 0.694010 0.488281 0.697917 0.492188 0.703125 0.492188 0.704427 0.497070 0.710938 0.500000 0.712240 0.501953 0.714844 0.507812 0.714844 0.508789 0.713542 0.510742 0.713542 0.511719 0.712240 0.514648 0.710938 0.518555 0.705729 0.519531 0.701823 0.525391 0.694010 0.525391 0.683594 0.523438 0.680990 0.522461 0.680990 0.518555 0.675781 0.518555 0.674479 0.515625 0.670573 0.515625 0.669271 0.513672 0.666667 0.513672 0.665365 0.508789 0.665365 0.506836 0.667969 0.502930 0.667969 0.499023 0.662760 0.498047 0.662760 0.497070 0.661458 0.496094 0.661458 0.495117 0.662760
0 0.450195 0.627604 0.444336 0.634115 0.444336 0.635417 0.440430 0.644531 0.440430 0.647135 0.439453 0.648438 0.439453 0.652344 0.438477 0.653646 0.438477 0.666667 0.443359 0.671875 0.449219 0.674479 0.450195 0.675781 0.450195 0.677083 0.451172 0.677083 0.452148 0.678385 0.457031 0.678385 0.458008 0.679688 0.459961 0.679688 0.460938 0.680990 0.462891 0.680990 0.463867 0.682292 0.469727 0.682292 0.470703 0.680990 0.471680 0.680990 0.475586 0.675781 0.475586 0.674479 0.479492 0.667969 0.479492 0.657552 0.477539 0.654948 0.477539 0.649740 0.476562 0.648438 0.476562 0.641927 0.477539 0.640625 0.477539 0.635417 0.474609 0.639323 0.470703 0.635417 0.467773 0.635417 0.466797 0.634115 0.463867 0.634115 0.462891 0.632812 0.458008 0.632812 0.456055 0.630208 0.455078 0.630208 0.452148 0.627604
0 0.493164 0.601562 0.492188 0.602865 0.490234 0.602865 0.485352 0.611979 0.485352 0.615885 0.482422 0.622396 0.481445 0.628906 0.479492 0.632812 0.479492 0.639323 0.481445 0.644531 0.483398 0.647135 0.484375 0.651042 0.490234 0.661458 0.495117 0.661458 0.496094 0.660156 0.498047 0.660156 0.500000 0.661458 0.501953 0.665365 0.505859 0.666667 0.510742 0.661458 0.512695 0.654948 0.518555 0.647135 0.520508 0.647135 0.523438 0.643229 0.524414 0.643229 0.525391 0.639323 0.527344 0.636719 0.527344 0.627604 0.525391 0.625000 0.521484 0.625000 0.516602 0.613281 0.511719 0.606771 0.507812 0.605469 0.506836 0.604167 0.503906 0.604167 0.502930 0.602865 0.497070 0.602865 0.496094 0.601562
0 0.552734 0.619792 0.551758 0.621094 0.549805 0.621094 0.545898 0.623698 0.536133 0.636719 0.535156 0.636719 0.535156 0.643229 0.534180 0.644531 0.534180 0.670573 0.536133 0.675781 0.542969 0.679688 0.544922 0.682292 0.546875 0.682292 0.550781 0.686198 0.554688 0.686198 0.555664 0.687500 0.561523 0.687500 0.564453 0.683594 0.565430 0.679688 0.571289 0.671875 0.572266 0.669271 0.572266 0.662760 0.573242 0.661458 0.573242 0.658854 0.576172 0.651042 0.578125 0.648438 0.578125 0.636719 0.574219 0.630208 0.573242 0.626302 0.571289 0.623698 0.567383 0.621094 0.565430 0.621094 0.564453 0.619792
0 0.602539 0.634115 0.601562 0.635417 0.596680 0.635417 0.595703 0.636719 0.588867 0.636719 0.586914 0.638021 0.583984 0.641927 0.581055 0.651042 0.577148 0.656250 0.577148 0.658854 0.576172 0.660156 0.576172 0.667969 0.574219 0.671875 0.574219 0.675781 0.573242 0.677083 0.573242 0.679688 0.586914 0.700521 0.591797 0.700521 0.595703 0.697917 0.599609 0.697917 0.600586 0.696615 0.602539 0.696615 0.607422 0.692708 0.609375 0.692708 0.613281 0.690104 0.616211 0.684896 0.616211 0.682292 0.617188 0.680990 0.617188 0.678385 0.618164 0.677083 0.618164 0.674479 0.619141 0.673177 0.619141 0.670573 0.621094 0.665365 0.621094 0.654948 0.620117 0.652344 0.613281 0.643229 0.612305 0.643229 0.609375 0.639323 0.608398 0.639323 0.606445 0.636719
0 0.617188 0.584635 0.614258 0.587240 0.614258 0.589844 0.611328 0.598958 0.611328 0.604167 0.608398 0.611979 0.608398 0.617188 0.606445 0.621094 0.606445 0.632812 0.618164 0.647135 0.622070 0.649740 0.625977 0.649740 0.626953 0.651042 0.633789 0.651042 0.647461 0.641927 0.654297 0.632812 0.656250 0.627604 0.656250 0.621094 0.657227 0.619792 0.657227 0.615885 0.653320 0.606771 0.653320 0.604167 0.651367 0.601562 0.651367 0.600260 0.654297 0.596354 0.653320 0.592448 0.650391 0.588542 0.647461 0.588542 0.642578 0.584635 0.641602 0.584635 0.637695 0.589844 0.629883 0.584635 0.624023 0.584635 0.623047 0.583333 0.622070 0.584635
0 0.579102 0.567708 0.578125 0.569010 0.574219 0.569010 0.572266 0.571615 0.568359 0.574219 0.568359 0.575521 0.562500 0.582031 0.561523 0.585938 0.558594 0.591146 0.558594 0.601562 0.559570 0.604167 0.566406 0.613281 0.566406 0.614583 0.567383 0.614583 0.575195 0.625000 0.575195 0.626302 0.580078 0.632812 0.582031 0.638021 0.583984 0.639323 0.584961 0.636719 0.585938 0.636719 0.590820 0.631510 0.594727 0.630208 0.598633 0.623698 0.600586 0.617188 0.605469 0.610677 0.606445 0.608073 0.606445 0.604167 0.607422 0.602865 0.607422 0.598958 0.609375 0.595052 0.609375 0.587240 0.610352 0.585938 0.609375 0.583333 0.604492 0.576823 0.603516 0.576823 0.600586 0.572917 0.596680 0.570312 0.594727 0.570312 0.593750 0.569010 0.587891 0.569010 0.586914 0.567708
0 0.551758 0.562500 0.541992 0.562500 0.538086 0.558594 0.535156 0.558594 0.534180 0.559896 0.530273 0.559896 0.529297 0.561198 0.527344 0.561198 0.523438 0.563802 0.520508 0.563802 0.518555 0.567708 0.518555 0.570312 0.517578 0.571615 0.517578 0.576823 0.516602 0.578125 0.516602 0.588542 0.515625 0.589844 0.515625 0.606771 0.517578 0.611979 0.519531 0.614583 0.525391 0.618490 0.528320 0.622396 0.532227 0.622396 0.535156 0.618490 0.544922 0.618490 0.545898 0.617188 0.547852 0.617188 0.552734 0.610677 0.552734 0.608073 0.553711 0.606771 0.553711 0.596354 0.554688 0.595052 0.554688 0.591146 0.557617 0.584635 0.556641 0.583333 0.556641 0.574219 0.554688 0.571615 0.553711 0.569010 0.553711 0.565104
0 0.493164 0.528646 0.488281 0.528646 0.487305 0.527344 0.484375 0.527344 0.480469 0.529948 0.474609 0.529948 0.473633 0.531250 0.471680 0.531250 0.469727 0.532552 0.463867 0.540365 0.461914 0.546875 0.456055 0.553385 0.456055 0.557292 0.458008 0.561198 0.458008 0.565104 0.458984 0.566406 0.458984 0.571615 0.459961 0.572917 0.459961 0.575521 0.461914 0.580729 0.469727 0.591146 0.470703 0.591146 0.472656 0.593750 0.478516 0.595052 0.479492 0.596354 0.482422 0.596354 0.483398 0.595052 0.487305 0.593750 0.489258 0.591146 0.490234 0.591146 0.504883 0.571615 0.506836 0.570312 0.506836 0.566406 0.505859 0.563802 0.501953 0.561198 0.500000 0.557292 0.500000 0.544271 0.496094 0.539062 0.496094 0.535156
0 0.436523 0.553385 0.430664 0.553385 0.429688 0.554688 0.426758 0.554688 0.424805 0.557292 0.422852 0.557292 0.421875 0.558594 0.412109 0.558594 0.410156 0.559896 0.406250 0.565104 0.404297 0.570312 0.404297 0.572917 0.403320 0.574219 0.403320 0.583333 0.404297 0.584635 0.404297 0.591146 0.405273 0.592448 0.406250 0.598958 0.408203 0.602865 0.411133 0.604167 0.417969 0.610677 0.420898 0.610677 0.421875 0.611979 0.425781 0.611979 0.426758 0.613281 0.427734 0.611979 0.430664 0.611979 0.434570 0.608073 0.437500 0.608073 0.438477 0.606771 0.442383 0.606771 0.445312 0.602865 0.448242 0.601562 0.450195 0.597656 0.450195 0.595052 0.448242 0.591146 0.448242 0.582031 0.447266 0.580729 0.447266 0.578125 0.442383 0.570312 0.442383 0.558594 0.439453 0.557292
0 0.607422 0.519531 0.605469 0.522135 0.603516 0.527344 0.598633 0.533854 0.597656 0.533854 0.597656 0.540365 0.598633 0.541667 0.598633 0.552083 0.599609 0.553385 0.599609 0.557292 0.602539 0.565104 0.604492 0.566406 0.610352 0.574219 0.620117 0.574219 0.621094 0.575521 0.627930 0.575521 0.628906 0.574219 0.631836 0.574219 0.635742 0.571615 0.640625 0.565104 0.641602 0.565104 0.641602 0.563802 0.645508 0.558594 0.645508 0.555990 0.646484 0.553385 0.643555 0.545573 0.639648 0.540365 0.638672 0.536458 0.631836 0.526042 0.629883 0.520833 0.625977 0.515625 0.624023 0.515625 0.623047 0.514323 0.618164 0.514323 0.615234 0.516927 0.612305 0.516927 0.611328 0.518229 0.609375 0.518229
0 0.572266 0.509115 0.570312 0.510417 0.567383 0.510417 0.566406 0.511719 0.558594 0.511719 0.557617 0.510417 0.555664 0.510417 0.553711 0.511719 0.553711 0.514323 0.551758 0.519531 0.551758 0.524740 0.550781 0.526042 0.550781 0.529948 0.549805 0.531250 0.549805 0.536458 0.548828 0.537760 0.547852 0.549479 0.549805 0.554688 0.555664 0.562500 0.557617 0.563802 0.559570 0.563802 0.560547 0.565104 0.581055 0.565104 0.584961 0.561198 0.585938 0.561198 0.587891 0.558594 0.587891 0.555990 0.590820 0.548177 0.590820 0.541667 0.591797 0.540365 0.591797 0.536458 0.590820 0.535156 0.590820 0.532552 0.588867 0.527344 0.586914 0.524740 0.584961 0.519531 0.583984 0.519531 0.577148 0.511719 0.575195 0.510417 0.573242 0.510417
0 0.508789 0.509115 0.505859 0.513021 0.505859 0.515625 0.504883 0.516927 0.504883 0.519531 0.503906 0.520833 0.503906 0.523438 0.502930 0.524740 0.502930 0.529948 0.501953 0.531250 0.501953 0.533854 0.502930 0.535156 0.502930 0.540365 0.505859 0.545573 0.505859 0.546875 0.508789 0.550781 0.508789 0.552083 0.509766 0.552083 0.513672 0.555990 0.516602 0.555990 0.517578 0.557292 0.521484 0.557292 0.522461 0.558594 0.529297 0.558594 0.530273 0.557292 0.533203 0.557292 0.534180 0.555990 0.536133 0.555990 0.538086 0.553385 0.540039 0.553385 0.542969 0.549479 0.542969 0.548177 0.543945 0.546875 0.543945 0.542969 0.542969 0.541667 0.542969 0.536458 0.541992 0.535156 0.541992 0.529948 0.539062 0.523438 0.538086 0.516927 0.537109 0.515625 0.537109 0.514323 0.535156 0.510417 0.535156 0.507812 0.534180 0.506510 0.533203 0.506510 0.529297 0.502604 0.519531 0.502604 0.518555 0.503906 0.516602 0.503906 0.515625 0.505208
0 0.422852 0.496094 0.420898 0.496094 0.416016 0.492188 0.411133 0.492188 0.407227 0.496094 0.404297 0.496094 0.402344 0.497396 0.399414 0.501302 0.395508 0.513021 0.391602 0.519531 0.389648 0.524740 0.389648 0.527344 0.388672 0.528646 0.388672 0.535156 0.392578 0.541667 0.395508 0.542969 0.397461 0.545573 0.397461 0.548177 0.398438 0.549479 0.398438 0.553385 0.399414 0.554688 0.405273 0.554688 0.406250 0.553385 0.414062 0.553385 0.415039 0.552083 0.418945 0.552083 0.419922 0.550781 0.423828 0.550781 0.424805 0.549479 0.427734 0.549479 0.431641 0.540365 0.431641 0.536458 0.433594 0.533854 0.434570 0.533854 0.434570 0.524740 0.435547 0.523438 0.434570 0.520833 0.434570 0.518229 0.431641 0.514323 0.431641 0.511719 0.429688 0.509115 0.427734 0.503906 0.427734 0.501302
0 0.430664 0.497396 0.430664 0.505208 0.432617 0.510417 0.435547 0.514323 0.436523 0.518229 0.444336 0.526042 0.446289 0.526042 0.450195 0.528646 0.460938 0.529948 0.461914 0.528646 0.467773 0.527344 0.469727 0.524740 0.474609 0.522135 0.477539 0.518229 0.478516 0.518229 0.479492 0.514323 0.481445 0.513021 0.481445 0.507812 0.479492 0.509115 0.477539 0.507812 0.477539 0.506510 0.479492 0.505208 0.479492 0.501302 0.475586 0.494792 0.473633 0.486979 0.470703 0.486979 0.469727 0.485677 0.469727 0.483073 0.466797 0.479167 0.461914 0.476562 0.458008 0.472656 0.448242 0.472656 0.447266 0.471354 0.445312 0.476562 0.443359 0.479167 0.442383 0.483073 0.438477 0.488281 0.433594 0.490885
0 0.484375 0.450521 0.483398 0.453125 0.483398 0.458333 0.482422 0.459635 0.481445 0.466146 0.477539 0.476562 0.477539 0.480469 0.476562 0.481771 0.476562 0.490885 0.483398 0.500000 0.484375 0.500000 0.486328 0.502604 0.488281 0.502604 0.492188 0.505208 0.499023 0.505208 0.500000 0.503906 0.508789 0.503906 0.514648 0.500000 0.517578 0.496094 0.517578 0.494792 0.520508 0.490885 0.521484 0.488281 0.521484 0.484375 0.522461 0.483073 0.522461 0.477865 0.523438 0.476562 0.523438 0.473958 0.522461 0.472656 0.522461 0.467448 0.520508 0.464844 0.519531 0.464844 0.516602 0.460938 0.515625 0.457031 0.513672 0.455729 0.501953 0.455729 0.500977 0.454427 0.495117 0.454427 0.494141 0.453125 0.492188 0.453125 0.488281 0.450521
0 0.533203 0.458333 0.527344 0.471354 0.527344 0.476562 0.526367 0.477865 0.526367 0.490885 0.528320 0.494792 0.528320 0.497396 0.532227 0.502604 0.536133 0.505208 0.540039 0.505208 0.541016 0.506510 0.543945 0.506510 0.544922 0.507812 0.551758 0.507812 0.552734 0.509115 0.566406 0.509115 0.568359 0.507812 0.572266 0.500000 0.572266 0.497396 0.574219 0.492188 0.574219 0.486979 0.572266 0.485677 0.569336 0.481771 0.569336 0.475260 0.567383 0.472656 0.566406 0.468750 0.556641 0.457031 0.554688 0.457031 0.551758 0.454427 0.546875 0.454427 0.545898 0.455729 0.541992 0.455729 0.540039 0.454427 0.539062 0.455729 0.537109 0.455729
0 0.471680 0.410156 0.466797 0.410156 0.465820 0.408854 0.464844 0.410156 0.458984 0.410156 0.452148 0.415365 0.450195 0.415365 0.448242 0.416667 0.446289 0.419271 0.445312 0.425781 0.443359 0.429688 0.443359 0.437500 0.442383 0.438802 0.442383 0.441406 0.443359 0.442708 0.443359 0.455729 0.453125 0.467448 0.455078 0.467448 0.458008 0.470052 0.471680 0.470052 0.472656 0.468750 0.477539 0.468750 0.479492 0.466146 0.481445 0.460938 0.481445 0.455729 0.482422 0.453125 0.481445 0.451823 0.481445 0.446615 0.480469 0.445312 0.480469 0.441406 0.478516 0.436198 0.478516 0.429688 0.477539 0.428385 0.476562 0.421875 0.474609 0.419271 0.474609 0.414062
0 0.595703 0.451823 0.591797 0.457031 0.590820 0.459635 0.590820 0.462240 0.583984 0.471354 0.583984 0.486979 0.584961 0.488281 0.584961 0.492188 0.585938 0.493490 0.585938 0.496094 0.586914 0.498698 0.592773 0.506510 0.596680 0.509115 0.598633 0.509115 0.599609 0.510417 0.602539 0.510417 0.603516 0.511719 0.606445 0.511719 0.607422 0.513021 0.616211 0.513021 0.621094 0.507812 0.622070 0.507812 0.626953 0.501302 0.628906 0.496094 0.628906 0.493490 0.626953 0.488281 0.622070 0.481771 0.622070 0.479167 0.623047 0.477865 0.623047 0.472656 0.621094 0.467448 0.621094 0.463542 0.620117 0.462240 0.620117 0.459635 0.616211 0.453125 0.614258 0.453125 0.613281 0.451823 0.609375 0.451823 0.608398 0.450521 0.598633 0.450521 0.597656 0.451823
0 0.630859 0.438802 0.625977 0.447917 0.625000 0.458333 0.624023 0.459635 0.624023 0.472656 0.625000 0.473958 0.625000 0.477865 0.627930 0.484375 0.627930 0.486979 0.630859 0.489583 0.636719 0.490885 0.637695 0.492188 0.646484 0.492188 0.647461 0.493490 0.655273 0.493490 0.656250 0.492188 0.662109 0.493490 0.663086 0.492188 0.665039 0.492188 0.668945 0.486979 0.672852 0.476562 0.672852 0.472656 0.673828 0.470052 0.671875 0.464844 0.671875 0.460938 0.670898 0.459635 0.669922 0.451823 0.667969 0.446615 0.663086 0.440104 0.663086 0.438802 0.659180 0.436198 0.652344 0.436198 0.651367 0.437500 0.646484 0.437500 0.642578 0.433594 0.642578 0.429688
0 0.521484 0.388021 0.515625 0.384115 0.507812 0.384115 0.506836 0.385417 0.501953 0.385417 0.500977 0.386719 0.494141 0.386719 0.491211 0.390625 0.486328 0.391927 0.482422 0.397135 0.482422 0.421875 0.483398 0.423177 0.483398 0.436198 0.484375 0.437500 0.484375 0.442708 0.486328 0.447917 0.493164 0.450521 0.494141 0.451823 0.507812 0.451823 0.508789 0.450521 0.514648 0.449219 0.518555 0.445312 0.522461 0.444010 0.521484 0.440104 0.522461 0.438802 0.523438 0.430990 0.524414 0.429688 0.524414 0.427083 0.523438 0.425781 0.523438 0.417969 0.525391 0.415365 0.529297 0.415365 0.530273 0.412760 0.530273 0.407552 0.529297 0.406250 0.529297 0.401042 0.528320 0.399740 0.527344 0.399740 0.524414 0.403646 0.520508 0.398438 0.524414 0.393229 0.521484 0.389323
0 0.551758 0.354167 0.543945 0.361979 0.543945 0.363281 0.541016 0.367188 0.539062 0.373698 0.533203 0.381510 0.533203 0.386719 0.534180 0.388021 0.534180 0.398438 0.535156 0.399740 0.535156 0.403646 0.537109 0.408854 0.545898 0.419271 0.547852 0.419271 0.551758 0.421875 0.560547 0.423177 0.561523 0.424479 0.567383 0.424479 0.569336 0.421875 0.572266 0.414062 0.573242 0.406250 0.574219 0.404948 0.574219 0.399740 0.577148 0.393229 0.577148 0.382812 0.576172 0.381510 0.576172 0.378906 0.577148 0.377604 0.577148 0.369792 0.575195 0.364583 0.571289 0.360677 0.571289 0.358073 0.564453 0.352865 0.555664 0.352865 0.554688 0.354167
0 0.603516 0.377604 0.600586 0.380208 0.595703 0.381510 0.594727 0.384115 0.588867 0.391927 0.587891 0.391927 0.578125 0.406250 0.577148 0.408854 0.577148 0.423177 0.578125 0.424479 0.579102 0.429688 0.586914 0.438802 0.590820 0.441406 0.595703 0.441406 0.596680 0.442708 0.599609 0.442708 0.601562 0.445312 0.603516 0.445312 0.606445 0.447917 0.612305 0.447917 0.616211 0.445312 0.622070 0.438802 0.624023 0.438802 0.627930 0.432292 0.627930 0.429688 0.628906 0.428385 0.628906 0.421875 0.625977 0.417969 0.625977 0.415365 0.625000 0.414062 0.625000 0.403646 0.626953 0.401042 0.626953 0.395833 0.623047 0.386719 0.621094 0.386719 0.619141 0.384115 0.616211 0.384115 0.614258 0.385417 0.611328 0.382812 0.609375 0.382812 0.606445 0.378906
0 0.410156 0.345052 0.406250 0.348958 0.406250 0.350260 0.405273 0.351562 0.405273 0.354167 0.404297 0.355469 0.404297 0.358073 0.403320 0.359375 0.403320 0.368490 0.404297 0.369792 0.404297 0.372396 0.406250 0.376302 0.406250 0.378906 0.408203 0.381510 0.408203 0.384115 0.409180 0.385417 0.409180 0.388021 0.410156 0.389323 0.410156 0.390625 0.414062 0.394531 0.417969 0.394531 0.418945 0.395833 0.420898 0.395833 0.421875 0.397135 0.425781 0.397135 0.426758 0.398438 0.427734 0.398438 0.428711 0.397135 0.432617 0.397135 0.433594 0.395833 0.435547 0.395833 0.437500 0.393229 0.437500 0.390625 0.438477 0.389323 0.438477 0.388021 0.441406 0.384115 0.441406 0.382812 0.444336 0.376302 0.444336 0.373698 0.445312 0.372396 0.445312 0.363281 0.444336 0.361979 0.444336 0.356771 0.440430 0.351562 0.440430 0.347656 0.436523 0.342448 0.424805 0.342448 0.423828 0.343750 0.419922 0.343750 0.418945 0.345052
0 0.470703 0.343750 0.462891 0.343750 0.458008 0.351562 0.458008 0.352865 0.456055 0.355469 0.456055 0.356771 0.454102 0.359375 0.454102 0.360677 0.452148 0.363281 0.452148 0.364583 0.450195 0.367188 0.450195 0.368490 0.448242 0.371094 0.448242 0.372396 0.446289 0.376302 0.446289 0.382812 0.447266 0.384115 0.447266 0.386719 0.449219 0.389323 0.450195 0.393229 0.454102 0.398438 0.455078 0.402344 0.458008 0.404948 0.464844 0.404948 0.465820 0.403646 0.471680 0.403646 0.472656 0.402344 0.475586 0.402344 0.476562 0.401042 0.479492 0.399740 0.484375 0.391927 0.484375 0.390625 0.487305 0.386719 0.487305 0.385417 0.490234 0.380208 0.490234 0.376302 0.488281 0.372396 0.488281 0.365885 0.485352 0.361979 0.485352 0.360677 0.476562 0.348958 0.476562 0.347656 0.475586 0.346354 0.474609 0.346354 0.473633 0.345052 0.471680 0.345052
0 0.500977 0.315104 0.500000 0.316406 0.498047 0.316406 0.496094 0.319010 0.490234 0.322917 0.489258 0.325521 0.485352 0.329427 0.484375 0.332031 0.484375 0.341146 0.485352 0.342448 0.485352 0.346354 0.486328 0.347656 0.486328 0.350260 0.489258 0.356771 0.489258 0.363281 0.493164 0.373698 0.500977 0.378906 0.505859 0.378906 0.506836 0.377604 0.509766 0.377604 0.515625 0.373698 0.516602 0.371094 0.520508 0.365885 0.523438 0.364583 0.526367 0.360677 0.529297 0.352865 0.529297 0.343750 0.521484 0.322917 0.513672 0.317708 0.508789 0.317708 0.507812 0.316406 0.503906 0.316406 0.502930 0.315104
0 0.490234 0.283854 0.486328 0.281250 0.474609 0.281250 0.469727 0.285156 0.467773 0.285156 0.466797 0.286458 0.463867 0.286458 0.461914 0.287760 0.458984 0.291667 0.455078 0.302083 0.455078 0.304688 0.454102 0.305990 0.454102 0.311198 0.453125 0.312500 0.453125 0.316406 0.454102 0.317708 0.454102 0.334635 0.456055 0.337240 0.460938 0.339844 0.462891 0.342448 0.471680 0.342448 0.472656 0.343750 0.475586 0.343750 0.476562 0.342448 0.478516 0.342448 0.480469 0.339844 0.480469 0.338542 0.482422 0.335938 0.483398 0.329427 0.491211 0.319010 0.492188 0.316406 0.492188 0.313802 0.494141 0.309896 0.494141 0.300781 0.493164 0.299479 0.493164 0.296875 0.494141 0.294271
0 0.516602 0.243490 0.513672 0.248698 0.512695 0.252604 0.509766 0.256510 0.501953 0.277344 0.501953 0.279948 0.500000 0.282552 0.500000 0.287760 0.500977 0.290365 0.507812 0.299479 0.513672 0.303385 0.517578 0.303385 0.521484 0.305990 0.525391 0.305990 0.530273 0.299479 0.531250 0.299479 0.534180 0.295573 0.534180 0.294271 0.536133 0.292969 0.541992 0.283854 0.541992 0.277344 0.542969 0.276042 0.542969 0.270833 0.541992 0.269531 0.541992 0.264323 0.541016 0.263021 0.541016 0.260417 0.539062 0.257812 0.539062 0.253906 0.534180 0.247396 0.532227 0.247396 0.531250 0.246094 0.528320 0.246094 0.527344 0.244792 0.524414 0.244792 0.523438 0.243490
0 0.538086 0.178385 0.535156 0.178385 0.530273 0.182292 0.522461 0.182292 0.521484 0.183594 0.517578 0.183594 0.512695 0.188802 0.512695 0.191406 0.511719 0.192708 0.510742 0.199219 0.507812 0.207031 0.507812 0.221354 0.508789 0.222656 0.509766 0.229167 0.513672 0.238281 0.515625 0.239583 0.540039 0.239583 0.541016 0.238281 0.543945 0.238281 0.545898 0.236979 0.549805 0.231771 0.550781 0.229167 0.550781 0.226562 0.551758 0.225260 0.551758 0.214844 0.550781 0.213542 0.550781 0.207031 0.546875 0.196615 0.546875 0.194010 0.544922 0.190104 0.544922 0.186198 0.543945 0.183594 0.540039 0.180990
0 0.575195 0.225260 0.574219 0.226562 0.572266 0.226562 0.570312 0.229167 0.565430 0.231771 0.561523 0.235677 0.561523 0.236979 0.558594 0.240885 0.558594 0.242188 0.551758 0.250000 0.550781 0.252604 0.550781 0.259115 0.555664 0.268229 0.556641 0.268229 0.558594 0.270833 0.564453 0.274740 0.569336 0.276042 0.572266 0.278646 0.574219 0.278646 0.575195 0.279948 0.577148 0.279948 0.581055 0.282552 0.587891 0.282552 0.589844 0.281250 0.595703 0.273438 0.597656 0.268229 0.597656 0.259115 0.599609 0.253906 0.599609 0.246094 0.594727 0.239583 0.592773 0.238281 0.592773 0.236979 0.588867 0.231771 0.587891 0.229167 0.587891 0.226562 0.586914 0.225260
0 0.569336 0.282552 0.565430 0.282552 0.564453 0.283854 0.555664 0.283854 0.554688 0.285156 0.547852 0.285156 0.542969 0.289062 0.540039 0.289062 0.536133 0.294271 0.534180 0.299479 0.534180 0.304688 0.533203 0.305990 0.533203 0.311198 0.534180 0.312500 0.534180 0.324219 0.535156 0.325521 0.535156 0.328125 0.537109 0.333333 0.540039 0.337240 0.543945 0.339844 0.545898 0.339844 0.546875 0.341146 0.552734 0.342448 0.556641 0.346354 0.561523 0.345052 0.564453 0.342448 0.567383 0.342448 0.568359 0.341146 0.571289 0.341146 0.573242 0.339844 0.574219 0.330729 0.578125 0.325521 0.578125 0.322917 0.584961 0.307292 0.584961 0.302083 0.583984 0.300781 0.583984 0.298177 0.583008 0.298177 0.580078 0.294271 0.579102 0.289062 0.578125 0.287760
0 0.622070 0.233073 0.614258 0.239583 0.609375 0.247396 0.602539 0.263021 0.601562 0.273438 0.616211 0.295573 0.620117 0.304688 0.621094 0.304688 0.623047 0.307292 0.630859 0.307292 0.631836 0.305990 0.637695 0.304688 0.641602 0.302083 0.644531 0.298177 0.648438 0.289062 0.649414 0.283854 0.651367 0.281250 0.652344 0.276042 0.654297 0.273438 0.654297 0.268229 0.651367 0.264323 0.650391 0.261719 0.650391 0.257812 0.647461 0.252604 0.647461 0.250000 0.645508 0.244792 0.639648 0.236979 0.635742 0.235677 0.634766 0.234375 0.631836 0.234375 0.630859 0.233073
0 0.586914 0.309896 0.583984 0.316406 0.583984 0.320312 0.583008 0.321615 0.583008 0.338542 0.583984 0.339844 0.582031 0.345052 0.582031 0.351562 0.584961 0.355469 0.587891 0.356771 0.593750 0.364583 0.607422 0.373698 0.608398 0.372396 0.617188 0.372396 0.625000 0.367188 0.626953 0.367188 0.627930 0.364583 0.630859 0.361979 0.632812 0.355469 0.636719 0.348958 0.636719 0.335938 0.635742 0.334635 0.635742 0.325521 0.634766 0.322917 0.630859 0.317708 0.629883 0.317708 0.626953 0.312500 0.620117 0.308594 0.617188 0.303385 0.609375 0.303385 0.608398 0.302083 0.605469 0.302083 0.604492 0.303385 0.602539 0.303385 0.601562 0.302083 0.594727 0.302083
0 0.642578 0.343750 0.639648 0.347656 0.638672 0.351562 0.636719 0.354167 0.633789 0.361979 0.633789 0.372396 0.632812 0.373698 0.632812 0.386719 0.633789 0.388021 0.634766 0.393229 0.640625 0.401042 0.644531 0.402344 0.645508 0.403646 0.651367 0.403646 0.652344 0.404948 0.665039 0.404948 0.666016 0.403646 0.671875 0.402344 0.675781 0.397135 0.676758 0.397135 0.679688 0.388021 0.682617 0.382812 0.683594 0.377604 0.685547 0.375000 0.685547 0.372396 0.686523 0.371094 0.686523 0.363281 0.685547 0.360677 0.678711 0.354167 0.675781 0.354167 0.673828 0.351562 0.666016 0.348958 0.664062 0.346354 0.662109 0.346354 0.661133 0.345052 0.657227 0.345052 0.653320 0.342448 0.644531 0.342448
0 0.676758 0.295573 0.670898 0.299479 0.665039 0.305990 0.661133 0.317708 0.661133 0.321615 0.660156 0.322917 0.660156 0.330729 0.661133 0.333333 0.666016 0.339844 0.667969 0.346354 0.670898 0.347656 0.674805 0.351562 0.685547 0.351562 0.687500 0.354167 0.691406 0.356771 0.695312 0.356771 0.696289 0.355469 0.698242 0.355469 0.700195 0.352865 0.703125 0.351562 0.709961 0.342448 0.713867 0.332031 0.713867 0.317708 0.710938 0.309896 0.710938 0.304688 0.707031 0.298177 0.703125 0.296875 0.702148 0.295573 0.699219 0.295573 0.695312 0.292969 0.683594 0.292969 0.682617 0.294271
