0 0.121094 0.364583 0.118164 0.369792 0.118164 0.375000 0.117188 0.377604 0.118164 0.378906 0.118164 0.385417 0.121094 0.390625 0.123047 0.397135 0.123047 0.402344 0.125000 0.404948 0.128906 0.407552 0.130859 0.407552 0.142578 0.417969 0.148438 0.419271 0.149414 0.420573 0.157227 0.420573 0.160156 0.416667 0.164062 0.415365 0.171875 0.410156 0.173828 0.406250 0.176758 0.407552 0.180664 0.401042 0.180664 0.398438 0.181641 0.397135 0.180664 0.395833 0.180664 0.386719 0.176758 0.377604 0.176758 0.373698 0.171875 0.368490 0.169922 0.360677 0.165039 0.356771 0.163086 0.356771 0.162109 0.355469 0.146484 0.355469 0.141602 0.358073 0.137695 0.358073 0.133789 0.360677 0.125000 0.361979
0 0.133789 0.330729 0.133789 0.333333 0.132812 0.334635 0.132812 0.346354 0.135742 0.350260 0.135742 0.351562 0.137695 0.355469 0.146484 0.355469 0.147461 0.354167 0.155273 0.354167 0.156250 0.352865 0.159180 0.352865 0.160156 0.354167 0.166016 0.354167 0.166016 0.350260 0.167969 0.346354 0.167969 0.342448 0.166992 0.341146 0.166992 0.338542 0.164062 0.334635 0.163086 0.334635 0.157227 0.326823 0.157227 0.324219 0.155273 0.321615 0.154297 0.321615 0.153320 0.320312 0.151367 0.320312 0.150391 0.319010 0.145508 0.319010 0.144531 0.320312 0.143555 0.320312 0.142578 0.321615 0.141602 0.321615 0.140625 0.322917 0.137695 0.324219 0.137695 0.325521
0 0.180664 0.236979 0.179688 0.238281 0.177734 0.238281 0.176758 0.239583 0.175781 0.239583 0.173828 0.242188 0.172852 0.242188 0.167969 0.248698 0.167969 0.250000 0.166992 0.251302 0.166992 0.252604 0.165039 0.256510 0.165039 0.265625 0.169922 0.272135 0.171875 0.272135 0.172852 0.273438 0.173828 0.273438 0.176758 0.277344 0.180664 0.277344 0.181641 0.278646 0.189453 0.278646 0.189453 0.277344 0.191406 0.273438 0.191406 0.266927 0.189453 0.263021 0.189453 0.256510 0.190430 0.255208 0.190430 0.244792 0.191406 0.243490 0.191406 0.240885 0.190430 0.239583 0.189453 0.239583 0.188477 0.238281 0.186523 0.238281 0.185547 0.236979
0 0.164062 0.272135 0.163086 0.273438 0.165039 0.277344 0.164062 0.279948 0.164062 0.283854 0.162109 0.286458 0.162109 0.290365 0.160156 0.296875 0.156250 0.303385 0.156250 0.313802 0.158203 0.320312 0.158203 0.325521 0.165039 0.334635 0.167969 0.335938 0.169922 0.338542 0.171875 0.337240 0.176758 0.337240 0.178711 0.339844 0.180664 0.339844 0.181641 0.341146 0.199219 0.341146 0.201172 0.339844 0.201172 0.338542 0.208984 0.328125 0.208984 0.312500 0.208008 0.311198 0.207031 0.302083 0.205078 0.299479 0.199219 0.295573 0.190430 0.292969 0.187500 0.287760 0.187500 0.282552 0.186523 0.281250 0.181641 0.278646 0.171875 0.279948 0.168945 0.276042 0.168945 0.273438 0.167969 0.272135
0 0.208984 0.227865 0.197266 0.235677 0.191406 0.244792 0.191406 0.251302 0.190430 0.252604 0.190430 0.263021 0.191406 0.264323 0.191406 0.268229 0.192383 0.269531 0.192383 0.276042 0.189453 0.282552 0.189453 0.289062 0.191406 0.291667 0.193359 0.291667 0.194336 0.292969 0.198242 0.292969 0.204102 0.298177 0.206055 0.298177 0.207031 0.299479 0.210938 0.299479 0.211914 0.300781 0.214844 0.300781 0.215820 0.302083 0.220703 0.302083 0.221680 0.300781 0.226562 0.299479 0.229492 0.295573 0.229492 0.294271 0.234375 0.289062 0.235352 0.283854 0.237305 0.281250 0.237305 0.278646 0.240234 0.269531 0.240234 0.263021 0.237305 0.257812 0.230469 0.239583 0.226562 0.236979 0.220703 0.229167 0.218750 0.227865
0 0.263672 0.190104 0.251953 0.191406 0.246094 0.196615 0.234375 0.204427 0.232422 0.204427 0.231445 0.207031 0.227539 0.210938 0.228516 0.214844 0.227539 0.216146 0.223633 0.216146 0.225586 0.217448 0.226562 0.223958 0.230469 0.230469 0.233398 0.242188 0.243164 0.263021 0.248047 0.269531 0.250977 0.269531 0.251953 0.270833 0.252930 0.269531 0.258789 0.269531 0.271484 0.256510 0.279297 0.255208 0.283203 0.250000 0.284180 0.242188 0.287109 0.236979 0.286133 0.234375 0.286133 0.223958 0.284180 0.225260 0.286133 0.229167 0.286133 0.231771 0.284180 0.234375 0.281250 0.233073 0.281250 0.227865 0.282227 0.226562 0.281250 0.214844 0.284180 0.212240 0.281250 0.204427 0.274414 0.196615
0 0.327148 0.223958 0.313477 0.231771 0.305664 0.243490 0.305664 0.246094 0.304688 0.247396 0.304688 0.257812 0.302734 0.263021 0.302734 0.277344 0.305664 0.285156 0.308594 0.289062 0.312500 0.291667 0.316406 0.291667 0.318359 0.290365 0.319336 0.291667 0.321289 0.291667 0.325195 0.294271 0.329102 0.294271 0.330078 0.295573 0.339844 0.295573 0.341797 0.294271 0.346680 0.286458 0.346680 0.285156 0.353516 0.277344 0.353516 0.273438 0.355469 0.268229 0.355469 0.260417 0.354492 0.259115 0.354492 0.255208 0.353516 0.253906 0.353516 0.247396 0.349609 0.236979 0.348633 0.236979 0.345703 0.233073 0.334961 0.225260
0 0.267578 0.307292 0.264648 0.316406 0.264648 0.325521 0.265625 0.326823 0.265625 0.329427 0.275391 0.345052 0.285156 0.354167 0.290039 0.356771 0.292969 0.356771 0.293945 0.358073 0.299805 0.358073 0.307617 0.352865 0.317383 0.350260 0.321289 0.346354 0.321289 0.339844 0.320312 0.338542 0.320312 0.330729 0.321289 0.329427 0.321289 0.316406 0.320312 0.315104 0.320312 0.309896 0.318359 0.305990 0.317383 0.300781 0.312500 0.294271 0.305664 0.290365 0.294922 0.287760 0.292969 0.285156 0.290039 0.283854 0.288086 0.285156 0.284180 0.291667 0.278320 0.294271
0 0.228516 0.312500 0.221680 0.317708 0.217773 0.322917 0.216797 0.328125 0.214844 0.332031 0.214844 0.335938 0.211914 0.345052 0.211914 0.348958 0.213867 0.355469 0.214844 0.371094 0.218750 0.376302 0.222656 0.377604 0.231445 0.384115 0.239258 0.385417 0.240234 0.386719 0.251953 0.386719 0.258789 0.380208 0.261719 0.373698 0.261719 0.371094 0.265625 0.365885 0.266602 0.360677 0.269531 0.355469 0.268555 0.345052 0.264648 0.333333 0.262695 0.330729 0.262695 0.325521 0.259766 0.321615 0.254883 0.320312 0.250977 0.316406 0.245117 0.315104 0.238281 0.311198 0.232422 0.311198 0.231445 0.312500
0 0.208984 0.373698 0.207031 0.378906 0.202148 0.385417 0.201172 0.385417 0.193359 0.397135 0.193359 0.401042 0.192383 0.402344 0.192383 0.414062 0.193359 0.415365 0.193359 0.419271 0.197266 0.428385 0.210938 0.437500 0.212891 0.437500 0.213867 0.438802 0.217773 0.438802 0.218750 0.440104 0.233398 0.440104 0.236328 0.436198 0.238281 0.430990 0.238281 0.425781 0.239258 0.424479 0.239258 0.399740 0.238281 0.398438 0.239258 0.393229 0.238281 0.391927 0.238281 0.388021 0.234375 0.385417 0.228516 0.384115 0.221680 0.378906 0.219727 0.378906 0.215820 0.375000 0.213867 0.375000 0.212891 0.373698
0 0.167969 0.438802 0.166992 0.444010 0.166016 0.445312 0.166016 0.471354 0.166992 0.472656 0.166992 0.475260 0.172852 0.481771 0.176758 0.483073 0.177734 0.484375 0.185547 0.484375 0.186523 0.483073 0.192383 0.483073 0.193359 0.481771 0.198242 0.481771 0.199219 0.480469 0.205078 0.480469 0.212891 0.475260 0.214844 0.464844 0.213867 0.463542 0.213867 0.451823 0.212891 0.450521 0.212891 0.446615 0.211914 0.444010 0.208008 0.442708 0.207031 0.441406 0.205078 0.441406 0.202148 0.437500 0.202148 0.436198 0.194336 0.427083 0.187500 0.427083 0.186523 0.425781 0.184570 0.425781 0.183594 0.427083 0.180664 0.427083 0.172852 0.432292
0 0.265625 0.372396 0.262695 0.376302 0.260742 0.381510 0.260742 0.386719 0.259766 0.388021 0.259766 0.393229 0.258789 0.394531 0.258789 0.401042 0.262695 0.411458 0.263672 0.411458 0.274414 0.424479 0.277344 0.424479 0.285156 0.429688 0.289062 0.429688 0.290039 0.428385 0.292969 0.428385 0.293945 0.427083 0.302734 0.425781 0.307617 0.420573 0.308594 0.420573 0.314453 0.411458 0.315430 0.406250 0.316406 0.404948 0.316406 0.397135 0.315430 0.395833 0.313477 0.381510 0.311523 0.376302 0.302734 0.367188 0.295898 0.363281 0.282227 0.363281 0.281250 0.364583 0.278320 0.364583 0.271484 0.369792 0.269531 0.369792
0 0.254883 0.449219 0.252930 0.449219 0.251953 0.450521 0.249023 0.447917 0.246094 0.447917 0.245117 0.446615 0.240234 0.446615 0.239258 0.447917 0.232422 0.449219 0.228516 0.451823 0.221680 0.460938 0.221680 0.462240 0.215820 0.471354 0.215820 0.473958 0.214844 0.475260 0.214844 0.494792 0.213867 0.496094 0.214844 0.497396 0.214844 0.501302 0.217773 0.505208 0.220703 0.506510 0.224609 0.511719 0.234375 0.519531 0.246094 0.519531 0.251953 0.515625 0.259766 0.506510 0.262695 0.506510 0.267578 0.501302 0.269531 0.496094 0.270508 0.485677 0.268555 0.479167 0.268555 0.470052 0.270508 0.467448 0.270508 0.464844 0.265625 0.463542 0.262695 0.459635 0.260742 0.454427
0 0.192383 0.497396 0.190430 0.500000 0.188477 0.500000 0.187500 0.498698 0.179688 0.497396 0.178711 0.496094 0.171875 0.496094 0.170898 0.497396 0.166992 0.497396 0.166016 0.498698 0.164062 0.498698 0.158203 0.502604 0.153320 0.507812 0.153320 0.516927 0.155273 0.522135 0.154297 0.524740 0.154297 0.533854 0.155273 0.535156 0.155273 0.548177 0.158203 0.553385 0.161133 0.554688 0.167969 0.561198 0.171875 0.561198 0.172852 0.559896 0.176758 0.559896 0.177734 0.558594 0.179688 0.558594 0.184570 0.553385 0.188477 0.553385 0.196289 0.548177 0.201172 0.542969 0.202148 0.540365 0.202148 0.536458 0.203125 0.535156 0.203125 0.527344 0.202148 0.526042 0.202148 0.514323 0.201172 0.513021 0.201172 0.510417 0.194336 0.502604
0 0.274414 0.518229 0.272461 0.516927 0.269531 0.516927 0.266602 0.520833 0.265625 0.519531 0.262695 0.519531 0.261719 0.518229 0.259766 0.518229 0.258789 0.516927 0.254883 0.515625 0.249023 0.519531 0.243164 0.520833 0.242188 0.522135 0.235352 0.520833 0.232422 0.524740 0.231445 0.524740 0.228516 0.532552 0.228516 0.535156 0.229492 0.536458 0.229492 0.544271 0.230469 0.545573 0.230469 0.550781 0.231445 0.552083 0.231445 0.555990 0.232422 0.557292 0.233398 0.565104 0.238281 0.572917 0.242188 0.575521 0.244141 0.575521 0.245117 0.576823 0.252930 0.576823 0.253906 0.575521 0.255859 0.575521 0.264648 0.569010 0.276367 0.554688 0.279297 0.548177 0.277344 0.544271 0.277344 0.531250 0.276367 0.529948 0.276367 0.524740 0.275391 0.523438
0 0.192383 0.574219 0.180664 0.584635 0.178711 0.589844 0.174805 0.595052 0.174805 0.601562 0.173828 0.602865 0.173828 0.606771 0.170898 0.614583 0.170898 0.618490 0.172852 0.623698 0.177734 0.631510 0.186523 0.632812 0.189453 0.635417 0.195312 0.635417 0.203125 0.640625 0.215820 0.640625 0.222656 0.632812 0.223633 0.632812 0.227539 0.626302 0.226562 0.610677 0.225586 0.609375 0.225586 0.596354 0.224609 0.595052 0.224609 0.592448 0.222656 0.589844 0.218750 0.589844 0.217773 0.588542 0.211914 0.587240 0.208008 0.584635 0.205078 0.584635 0.201172 0.582031 0.197266 0.582031 0.194336 0.579427 0.194336 0.575521
0 0.243164 0.611979 0.233398 0.622396 0.233398 0.639323 0.232422 0.640625 0.232422 0.653646 0.233398 0.656250 0.241211 0.665365 0.244141 0.666667 0.247070 0.670573 0.249023 0.670573 0.250000 0.669271 0.261719 0.669271 0.262695 0.667969 0.264648 0.667969 0.266602 0.666667 0.268555 0.664062 0.269531 0.664062 0.273438 0.658854 0.273438 0.657552 0.278320 0.652344 0.278320 0.641927 0.279297 0.640625 0.279297 0.627604 0.273438 0.619792 0.273438 0.618490 0.271484 0.615885 0.267578 0.613281 0.263672 0.613281 0.262695 0.611979 0.256836 0.611979 0.255859 0.610677 0.246094 0.610677 0.245117 0.611979
0 0.278320 0.662760 0.278320 0.665365 0.274414 0.673177 0.274414 0.675781 0.273438 0.677083 0.273438 0.682292 0.270508 0.688802 0.270508 0.691406 0.268555 0.694010 0.268555 0.701823 0.270508 0.707031 0.273438 0.710938 0.277344 0.712240 0.281250 0.716146 0.283203 0.716146 0.286133 0.718750 0.288086 0.718750 0.291016 0.721354 0.292969 0.721354 0.301758 0.727865 0.305664 0.726562 0.306641 0.725260 0.308594 0.725260 0.310547 0.722656 0.314453 0.720052 0.317383 0.716146 0.318359 0.705729 0.323242 0.692708 0.323242 0.686198 0.324219 0.683594 0.320312 0.678385 0.320312 0.677083 0.316406 0.674479 0.314453 0.674479 0.311523 0.671875 0.305664 0.671875 0.299805 0.666667 0.293945 0.666667 0.292969 0.665365 0.288086 0.665365 0.286133 0.666667 0.285156 0.665365 0.283203 0.665365 0.281250 0.662760
0 0.342773 0.709635 0.339844 0.709635 0.338867 0.708333 0.330078 0.708333 0.329102 0.709635 0.327148 0.709635 0.322266 0.716146 0.317383 0.718750 0.313477 0.723958 0.307617 0.727865 0.303711 0.729167 0.299805 0.735677 0.299805 0.746094 0.302734 0.751302 0.302734 0.752604 0.307617 0.759115 0.308594 0.759115 0.313477 0.764323 0.317383 0.766927 0.319336 0.766927 0.320312 0.768229 0.327148 0.768229 0.333008 0.764323 0.335938 0.764323 0.336914 0.763021 0.341797 0.761719 0.341797 0.760417 0.347656 0.752604 0.348633 0.750000 0.348633 0.747396 0.349609 0.746094 0.349609 0.742188 0.350586 0.740885 0.350586 0.738281 0.351562 0.736979 0.351562 0.733073 0.352539 0.731771 0.351562 0.729167 0.351562 0.723958 0.350586 0.722656 0.349609 0.717448
0 0.314453 0.769531 0.311523 0.776042 0.311523 0.779948 0.310547 0.781250 0.310547 0.811198 0.309570 0.812500 0.309570 0.824219 0.316406 0.833333 0.324219 0.833333 0.325195 0.834635 0.327148 0.834635 0.328125 0.833333 0.333008 0.833333 0.338867 0.828125 0.338867 0.824219 0.336914 0.819010 0.333984 0.815104 0.333984 0.813802 0.331055 0.812500 0.328125 0.808594 0.328125 0.800781 0.329102 0.799479 0.329102 0.795573 0.328125 0.794271 0.328125 0.787760 0.329102 0.786458 0.329102 0.782552 0.331055 0.778646 0.331055 0.776042 0.333008 0.773438 0.333008 0.772135 0.331055 0.772135 0.330078 0.770833 0.320312 0.770833 0.319336 0.769531
0 0.377930 0.765625 0.374023 0.764323 0.369141 0.760417 0.366211 0.760417 0.365234 0.759115 0.357422 0.759115 0.356445 0.757812 0.355469 0.759115 0.351562 0.759115 0.348633 0.761719 0.346680 0.761719 0.342773 0.765625 0.339844 0.766927 0.335938 0.772135 0.334961 0.772135 0.330078 0.783854 0.330078 0.787760 0.329102 0.789062 0.330078 0.791667 0.329102 0.808594 0.330078 0.809896 0.332031 0.809896 0.337891 0.817708 0.338867 0.821615 0.344727 0.828125 0.346680 0.828125 0.349609 0.825521 0.357422 0.825521 0.358398 0.824219 0.361328 0.824219 0.362305 0.822917 0.366211 0.821615 0.368164 0.819010 0.372070 0.816406 0.375977 0.811198 0.376953 0.805990 0.377930 0.804688 0.377930 0.792969 0.378906 0.791667 0.378906 0.770833 0.377930 0.769531
0 0.345703 0.833333 0.345703 0.845052 0.344727 0.846354 0.344727 0.865885 0.345703 0.867188 0.345703 0.872396 0.346680 0.873698 0.347656 0.877604 0.350586 0.881510 0.350586 0.882812 0.352539 0.885417 0.352539 0.886719 0.354492 0.889323 0.354492 0.890625 0.356445 0.894531 0.365234 0.894531 0.366211 0.893229 0.369141 0.891927 0.371094 0.889323 0.374023 0.888021 0.375000 0.886719 0.375000 0.885417 0.376953 0.882812 0.377930 0.882812 0.377930 0.880208 0.376953 0.880208 0.372070 0.873698 0.370117 0.873698 0.369141 0.872396 0.368164 0.872396 0.363281 0.865885 0.363281 0.864583 0.361328 0.860677 0.361328 0.856771 0.359375 0.852865 0.359375 0.843750 0.360352 0.842448 0.360352 0.837240 0.361328 0.835938 0.361328 0.834635 0.360352 0.833333 0.352539 0.833333 0.351562 0.834635 0.349609 0.834635 0.348633 0.835938
0 0.404297 0.812500 0.402344 0.811198 0.398438 0.811198 0.397461 0.809896 0.393555 0.809896 0.392578 0.808594 0.391602 0.808594 0.389648 0.811198 0.379883 0.812500 0.378906 0.813802 0.376953 0.813802 0.363281 0.828125 0.363281 0.829427 0.361328 0.832031 0.360352 0.839844 0.359375 0.841146 0.359375 0.858073 0.360352 0.859375 0.360352 0.861979 0.365234 0.868490 0.365234 0.871094 0.368164 0.875000 0.368164 0.876302 0.371094 0.876302 0.372070 0.877604 0.374023 0.877604 0.375977 0.880208 0.378906 0.880208 0.379883 0.881510 0.380859 0.880208 0.386719 0.880208 0.387695 0.878906 0.390625 0.878906 0.391602 0.877604 0.396484 0.876302 0.398438 0.873698 0.399414 0.873698 0.408203 0.861979 0.409180 0.859375 0.409180 0.855469 0.412109 0.847656 0.412109 0.837240 0.411133 0.835938 0.411133 0.830729 0.409180 0.828125 0.408203 0.822917 0.406250 0.819010 0.406250 0.816406
0 0.364258 0.699219 0.363281 0.703125 0.361328 0.704427 0.357422 0.710938 0.357422 0.722656 0.359375 0.727865 0.359375 0.731771 0.360352 0.733073 0.360352 0.735677 0.364258 0.746094 0.368164 0.751302 0.377930 0.757812 0.379883 0.760417 0.381836 0.760417 0.385742 0.757812 0.388672 0.753906 0.391602 0.753906 0.393555 0.751302 0.394531 0.751302 0.397461 0.744792 0.397461 0.735677 0.398438 0.734375 0.398438 0.726562 0.403320 0.720052 0.403320 0.717448 0.402344 0.714844 0.397461 0.707031 0.397461 0.705729 0.390625 0.700521 0.387695 0.700521 0.384766 0.703125 0.379883 0.703125 0.375977 0.699219 0.374023 0.700521 0.369141 0.700521 0.368164 0.699219
0 0.393555 0.630208 0.384766 0.630208 0.383789 0.631510 0.377930 0.632812 0.376953 0.634115 0.368164 0.634115 0.366211 0.636719 0.365234 0.639323 0.365234 0.643229 0.364258 0.644531 0.363281 0.662760 0.364258 0.664062 0.364258 0.678385 0.365234 0.679688 0.365234 0.684896 0.366211 0.686198 0.366211 0.688802 0.368164 0.691406 0.374023 0.694010 0.378906 0.700521 0.380859 0.701823 0.383789 0.701823 0.397461 0.692708 0.399414 0.690104 0.403320 0.687500 0.411133 0.678385 0.411133 0.657552 0.410156 0.656250 0.408203 0.645833 0.404297 0.640625 0.403320 0.640625 0.399414 0.635417 0.398438 0.635417
0 0.291016 0.559896 0.289062 0.566406 0.286133 0.571615 0.284180 0.582031 0.285156 0.583333 0.285156 0.587240 0.287109 0.592448 0.300781 0.611979 0.305664 0.611979 0.308594 0.609375 0.318359 0.609375 0.319336 0.608073 0.321289 0.608073 0.327148 0.604167 0.332031 0.595052 0.332031 0.593750 0.335938 0.588542 0.337891 0.583333 0.337891 0.576823 0.336914 0.575521 0.336914 0.571615 0.335938 0.569010 0.326172 0.555990 0.325195 0.555990 0.324219 0.553385 0.322266 0.552083 0.301758 0.552083 0.300781 0.553385 0.298828 0.553385 0.292969 0.557292
0 0.375000 0.557292 0.372070 0.557292 0.369141 0.559896 0.366211 0.559896 0.365234 0.561198 0.356445 0.561198 0.353516 0.563802 0.349609 0.565104 0.345703 0.571615 0.342773 0.579427 0.342773 0.582031 0.341797 0.583333 0.341797 0.588542 0.340820 0.589844 0.341797 0.592448 0.341797 0.597656 0.342773 0.598958 0.342773 0.601562 0.347656 0.609375 0.347656 0.610677 0.356445 0.621094 0.358398 0.621094 0.359375 0.622396 0.363281 0.622396 0.364258 0.621094 0.370117 0.621094 0.371094 0.619792 0.375977 0.619792 0.376953 0.618490 0.378906 0.618490 0.385742 0.611979 0.386719 0.611979 0.390625 0.602865 0.390625 0.600260 0.391602 0.598958 0.391602 0.593750 0.392578 0.592448 0.391602 0.580729 0.387695 0.570312 0.380859 0.563802 0.379883 0.563802
0 0.280273 0.464844 0.276367 0.471354 0.276367 0.480469 0.277344 0.481771 0.277344 0.490885 0.276367 0.492188 0.276367 0.497396 0.277344 0.498698 0.277344 0.502604 0.278320 0.503906 0.278320 0.516927 0.281250 0.519531 0.310547 0.519531 0.318359 0.513021 0.319336 0.509115 0.323242 0.503906 0.324219 0.500000 0.326172 0.497396 0.326172 0.483073 0.321289 0.471354 0.319336 0.470052 0.314453 0.462240 0.311523 0.462240 0.310547 0.460938 0.303711 0.460938 0.302734 0.459635 0.299805 0.459635 0.298828 0.458333 0.288086 0.458333 0.284180 0.460938 0.281250 0.464844
0 0.337891 0.496094 0.335938 0.497396 0.329102 0.506510 0.328125 0.506510 0.328125 0.507812 0.325195 0.513021 0.325195 0.515625 0.323242 0.520833 0.323242 0.524740 0.322266 0.526042 0.322266 0.532552 0.323242 0.533854 0.323242 0.539062 0.324219 0.541667 0.328125 0.546875 0.328125 0.548177 0.330078 0.550781 0.331055 0.550781 0.336914 0.558594 0.338867 0.559896 0.340820 0.559896 0.341797 0.561198 0.343750 0.561198 0.344727 0.559896 0.345703 0.561198 0.353516 0.561198 0.359375 0.557292 0.365234 0.548177 0.365234 0.545573 0.368164 0.537760 0.368164 0.523438 0.367188 0.522135 0.367188 0.519531 0.365234 0.514323 0.359375 0.506510 0.359375 0.505208 0.353516 0.496094
0 0.332031 0.406250 0.330078 0.408854 0.328125 0.414062 0.318359 0.427083 0.317383 0.429688 0.315430 0.440104 0.316406 0.441406 0.316406 0.444010 0.317383 0.445312 0.319336 0.455729 0.325195 0.464844 0.329102 0.466146 0.336914 0.471354 0.353516 0.470052 0.357422 0.466146 0.357422 0.464844 0.365234 0.454427 0.365234 0.453125 0.367188 0.450521 0.367188 0.447917 0.369141 0.442708 0.369141 0.433594 0.368164 0.432292 0.368164 0.429688 0.367188 0.427083 0.365234 0.425781 0.359375 0.417969 0.350586 0.411458 0.348633 0.411458 0.345703 0.408854 0.338867 0.407552 0.337891 0.406250
0 0.380859 0.471354 0.376953 0.476562 0.375000 0.483073 0.370117 0.489583 0.368164 0.494792 0.368164 0.497396 0.367188 0.498698 0.367188 0.511719 0.368164 0.513021 0.368164 0.518229 0.370117 0.523438 0.377930 0.528646 0.384766 0.528646 0.385742 0.529948 0.397461 0.529948 0.398438 0.528646 0.403320 0.528646 0.405273 0.527344 0.410156 0.518229 0.410156 0.516927 0.413086 0.513021 0.417969 0.500000 0.417969 0.492188 0.416016 0.488281 0.415039 0.481771 0.411133 0.476562 0.407227 0.475260 0.404297 0.472656 0.402344 0.472656 0.399414 0.470052 0.384766 0.470052 0.383789 0.471354
0 0.346680 0.350260 0.340820 0.358073 0.340820 0.360677 0.338867 0.363281 0.336914 0.368490 0.335938 0.382812 0.336914 0.384115 0.336914 0.390625 0.338867 0.394531 0.338867 0.397135 0.339844 0.399740 0.343750 0.406250 0.345703 0.407552 0.347656 0.407552 0.348633 0.408854 0.350586 0.408854 0.353516 0.411458 0.368164 0.411458 0.369141 0.410156 0.372070 0.410156 0.375977 0.406250 0.376953 0.406250 0.379883 0.399740 0.379883 0.395833 0.380859 0.394531 0.380859 0.385417 0.381836 0.384115 0.379883 0.371094 0.373047 0.360677 0.370117 0.360677 0.365234 0.356771 0.363281 0.356771 0.353516 0.348958 0.348633 0.348958
0 0.373047 0.277344 0.365234 0.278646 0.362305 0.281250 0.352539 0.281250 0.349609 0.283854 0.351562 0.287760 0.346680 0.295573 0.343750 0.303385 0.343750 0.307292 0.342773 0.308594 0.342773 0.319010 0.345703 0.328125 0.347656 0.330729 0.349609 0.335938 0.353516 0.341146 0.357422 0.342448 0.360352 0.345052 0.363281 0.345052 0.364258 0.346354 0.373047 0.345052 0.374023 0.343750 0.376953 0.343750 0.377930 0.342448 0.380859 0.342448 0.383789 0.339844 0.383789 0.335938 0.387695 0.329427 0.390625 0.321615 0.391602 0.315104 0.392578 0.313802 0.392578 0.303385 0.390625 0.299479 0.390625 0.296875 0.387695 0.289062 0.383789 0.283854
0 0.431641 0.854167 0.425781 0.854167 0.423828 0.856771 0.423828 0.858073 0.415039 0.868490 0.415039 0.871094 0.414062 0.872396 0.414062 0.886719 0.413086 0.888021 0.413086 0.917969 0.415039 0.921875 0.415039 0.924479 0.418945 0.929688 0.420898 0.929688 0.422852 0.927083 0.425781 0.927083 0.426758 0.925781 0.443359 0.924479 0.448242 0.920573 0.450195 0.920573 0.454102 0.917969 0.458984 0.908854 0.458984 0.906250 0.461914 0.897135 0.461914 0.888021 0.460938 0.886719 0.459961 0.880208 0.455078 0.872396 0.455078 0.871094 0.452148 0.868490 0.447266 0.868490 0.444336 0.865885 0.438477 0.864583 0.432617 0.856771
0 0.532227 0.891927 0.530273 0.894531 0.527344 0.894531 0.523438 0.891927 0.521484 0.889323 0.519531 0.891927 0.515625 0.893229 0.510742 0.898438 0.508789 0.898438 0.504883 0.901042 0.501953 0.901042 0.498047 0.903646 0.494141 0.903646 0.490234 0.906250 0.490234 0.908854 0.489258 0.910156 0.489258 0.915365 0.494141 0.921875 0.498047 0.930990 0.502930 0.938802 0.503906 0.942708 0.506836 0.947917 0.506836 0.955729 0.509766 0.959635 0.517578 0.955729 0.518555 0.954427 0.515625 0.950521 0.517578 0.947917 0.520508 0.947917 0.522461 0.942708 0.523438 0.942708 0.527344 0.937500 0.530273 0.936198 0.530273 0.934896 0.536133 0.925781 0.536133 0.923177 0.537109 0.921875 0.537109 0.903646 0.536133 0.902344 0.536133 0.898438
0 0.492188 0.828125 0.489258 0.830729 0.489258 0.834635 0.488281 0.835938 0.478516 0.839844 0.472656 0.847656 0.469727 0.854167 0.469727 0.871094 0.484375 0.895833 0.488281 0.898438 0.491211 0.902344 0.496094 0.902344 0.502930 0.898438 0.509766 0.897135 0.513672 0.894531 0.516602 0.890625 0.518555 0.890625 0.519531 0.889323 0.519531 0.882812 0.517578 0.877604 0.517578 0.875000 0.518555 0.873698 0.518555 0.867188 0.519531 0.865885 0.519531 0.855469 0.516602 0.848958 0.513672 0.845052 0.512695 0.845052 0.509766 0.841146 0.509766 0.839844 0.504883 0.835938 0.502930 0.835938 0.500000 0.838542 0.493164 0.838542 0.491211 0.837240 0.490234 0.834635 0.492188 0.832031 0.494141 0.832031 0.495117 0.830729 0.495117 0.828125
0 0.438477 0.799479 0.438477 0.800781 0.436523 0.802083 0.429688 0.811198 0.429688 0.812500 0.427734 0.815104 0.423828 0.825521 0.423828 0.833333 0.422852 0.834635 0.422852 0.839844 0.425781 0.843750 0.425781 0.845052 0.427734 0.847656 0.431641 0.850260 0.438477 0.860677 0.442383 0.863281 0.448242 0.864583 0.449219 0.865885 0.454102 0.865885 0.455078 0.864583 0.462891 0.861979 0.466797 0.856771 0.467773 0.850260 0.470703 0.842448 0.470703 0.837240 0.471680 0.835938 0.470703 0.833333 0.470703 0.828125 0.468750 0.824219 0.467773 0.817708 0.464844 0.813802 0.461914 0.805990 0.457031 0.802083 0.454102 0.802083 0.448242 0.798177 0.445312 0.798177 0.444336 0.799479
0 0.404297 0.743490 0.403320 0.746094 0.399414 0.747396 0.393555 0.757812 0.393555 0.760417 0.391602 0.764323 0.391602 0.766927 0.389648 0.772135 0.389648 0.774740 0.390625 0.776042 0.390625 0.781250 0.391602 0.782552 0.392578 0.789062 0.394531 0.791667 0.394531 0.792969 0.397461 0.796875 0.400391 0.803385 0.406250 0.811198 0.416016 0.817708 0.422852 0.817708 0.426758 0.813802 0.428711 0.808594 0.437500 0.796875 0.438477 0.791667 0.439453 0.790365 0.439453 0.785156 0.440430 0.783854 0.440430 0.776042 0.436523 0.766927 0.425781 0.752604 0.424805 0.752604 0.423828 0.750000 0.417969 0.750000 0.416992 0.751302 0.415039 0.751302 0.408203 0.744792
0 0.462891 0.709635 0.454102 0.709635 0.451172 0.712240 0.449219 0.712240 0.445312 0.714844 0.442383 0.714844 0.439453 0.717448 0.434570 0.718750 0.432617 0.720052 0.432617 0.721354 0.429688 0.725260 0.429688 0.726562 0.423828 0.734375 0.423828 0.742188 0.424805 0.744792 0.429688 0.751302 0.431641 0.757812 0.433594 0.760417 0.437500 0.763021 0.442383 0.770833 0.444336 0.770833 0.448242 0.768229 0.452148 0.768229 0.453125 0.769531 0.458008 0.769531 0.458984 0.768229 0.461914 0.768229 0.465820 0.765625 0.470703 0.757812 0.470703 0.756510 0.472656 0.753906 0.474609 0.748698 0.474609 0.736979 0.470703 0.730469 0.467773 0.722656 0.467773 0.717448 0.466797 0.716146 0.466797 0.713542
0 0.489258 0.743490 0.485352 0.743490 0.479492 0.750000 0.476562 0.756510 0.468750 0.766927 0.468750 0.768229 0.465820 0.772135 0.465820 0.773438 0.462891 0.777344 0.459961 0.783854 0.459961 0.791667 0.463867 0.798177 0.465820 0.808594 0.468750 0.812500 0.474609 0.816406 0.490234 0.816406 0.498047 0.805990 0.500977 0.804688 0.508789 0.794271 0.509766 0.789062 0.510742 0.787760 0.510742 0.772135 0.506836 0.760417 0.498047 0.748698
0 0.544922 0.779948 0.542969 0.779948 0.539062 0.777344 0.529297 0.777344 0.528320 0.778646 0.526367 0.778646 0.518555 0.783854 0.508789 0.799479 0.507812 0.804688 0.509766 0.808594 0.509766 0.819010 0.511719 0.820312 0.520508 0.832031 0.521484 0.835938 0.517578 0.845052 0.517578 0.847656 0.521484 0.850260 0.531250 0.850260 0.532227 0.848958 0.536133 0.848958 0.538086 0.847656 0.540039 0.845052 0.541016 0.845052 0.546875 0.835938 0.550781 0.833333 0.555664 0.825521 0.556641 0.819010 0.555664 0.817708 0.555664 0.813802 0.553711 0.808594 0.553711 0.803385 0.550781 0.795573 0.550781 0.791667 0.547852 0.785156 0.547852 0.782552
0 0.559570 0.830729 0.555664 0.830729 0.554688 0.832031 0.553711 0.832031 0.547852 0.838542 0.546875 0.838542 0.546875 0.839844 0.540039 0.847656 0.539062 0.847656 0.537109 0.850260 0.534180 0.850260 0.533203 0.851562 0.529297 0.851562 0.529297 0.854167 0.528320 0.855469 0.528320 0.856771 0.529297 0.858073 0.529297 0.861979 0.530273 0.863281 0.530273 0.865885 0.531250 0.867188 0.534180 0.876302 0.543945 0.888021 0.545898 0.888021 0.546875 0.889323 0.549805 0.888021 0.552734 0.884115 0.555664 0.884115 0.556641 0.882812 0.558594 0.882812 0.559570 0.881510 0.560547 0.881510 0.561523 0.880208 0.563477 0.880208 0.565430 0.877604 0.566406 0.877604 0.570312 0.871094 0.570312 0.868490 0.573242 0.861979 0.573242 0.856771 0.574219 0.855469 0.574219 0.854167 0.573242 0.852865 0.573242 0.848958 0.569336 0.843750 0.566406 0.842448 0.565430 0.841146 0.564453 0.834635 0.563477 0.834635
0 0.451172 0.652344 0.448242 0.652344 0.447266 0.653646 0.435547 0.653646 0.434570 0.654948 0.429688 0.656250 0.424805 0.661458 0.421875 0.662760 0.417969 0.669271 0.417969 0.671875 0.416016 0.675781 0.416016 0.687500 0.420898 0.700521 0.422852 0.703125 0.425781 0.712240 0.430664 0.717448 0.432617 0.717448 0.433594 0.716146 0.438477 0.716146 0.448242 0.709635 0.454102 0.703125 0.458008 0.700521 0.461914 0.695312 0.461914 0.694010 0.464844 0.688802 0.464844 0.680990 0.463867 0.679688 0.463867 0.677083 0.461914 0.674479 0.455078 0.656250
0 0.499023 0.673177 0.497070 0.673177 0.493164 0.675781 0.486328 0.675781 0.485352 0.677083 0.481445 0.677083 0.480469 0.678385 0.478516 0.678385 0.476562 0.680990 0.472656 0.683594 0.472656 0.684896 0.469727 0.688802 0.468750 0.688802 0.463867 0.695312 0.462891 0.697917 0.462891 0.704427 0.468750 0.712240 0.468750 0.720052 0.469727 0.721354 0.469727 0.725260 0.470703 0.727865 0.473633 0.731771 0.474609 0.731771 0.478516 0.738281 0.480469 0.739583 0.483398 0.739583 0.484375 0.738281 0.490234 0.738281 0.491211 0.736979 0.495117 0.736979 0.496094 0.735677 0.503906 0.733073 0.508789 0.726562 0.508789 0.725260 0.512695 0.718750 0.513672 0.710938 0.514648 0.709635 0.514648 0.696615 0.513672 0.695312 0.513672 0.692708 0.510742 0.687500 0.510742 0.686198 0.505859 0.679688 0.504883 0.679688
0 0.524414 0.709635 0.521484 0.714844 0.517578 0.716146 0.513672 0.721354 0.512695 0.723958 0.512695 0.729167 0.513672 0.729167 0.514648 0.731771 0.507812 0.743490 0.507812 0.751302 0.508789 0.752604 0.508789 0.755208 0.512695 0.761719 0.513672 0.765625 0.516602 0.769531 0.522461 0.769531 0.523438 0.770833 0.531250 0.770833 0.532227 0.772135 0.534180 0.770833 0.540039 0.770833 0.543945 0.768229 0.550781 0.759115 0.550781 0.757812 0.552734 0.755208 0.552734 0.752604 0.554688 0.747396 0.554688 0.742188 0.553711 0.740885 0.553711 0.738281 0.551758 0.734375 0.551758 0.731771 0.548828 0.725260 0.547852 0.720052 0.544922 0.716146 0.541016 0.713542 0.539062 0.713542 0.538086 0.712240 0.535156 0.712240 0.532227 0.709635
0 0.418945 0.588542 0.414062 0.593750 0.413086 0.593750 0.408203 0.600260 0.408203 0.602865 0.407227 0.604167 0.407227 0.611979 0.408203 0.613281 0.408203 0.617188 0.410156 0.619792 0.410156 0.622396 0.409180 0.623698 0.409180 0.632812 0.410156 0.635417 0.415039 0.641927 0.418945 0.644531 0.420898 0.644531 0.421875 0.645833 0.432617 0.645833 0.433594 0.647135 0.438477 0.647135 0.441406 0.643229 0.441406 0.641927 0.450195 0.630208 0.451172 0.630208 0.453125 0.627604 0.454102 0.625000 0.454102 0.622396 0.455078 0.621094 0.455078 0.611979 0.454102 0.610677 0.454102 0.602865 0.452148 0.597656 0.446289 0.589844 0.442383 0.587240 0.421875 0.587240 0.420898 0.588542
0 0.486328 0.611979 0.474609 0.611979 0.473633 0.613281 0.470703 0.613281 0.469727 0.614583 0.465820 0.614583 0.461914 0.617188 0.459961 0.619792 0.458984 0.625000 0.458008 0.626302 0.458008 0.632812 0.457031 0.634115 0.457031 0.640625 0.456055 0.641927 0.456055 0.644531 0.457031 0.645833 0.457031 0.654948 0.460938 0.661458 0.461914 0.661458 0.465820 0.666667 0.466797 0.666667 0.471680 0.673177 0.478516 0.674479 0.482422 0.671875 0.486328 0.671875 0.487305 0.670573 0.489258 0.670573 0.495117 0.666667 0.500977 0.658854 0.502930 0.653646 0.502930 0.651042 0.503906 0.649740 0.503906 0.638021 0.502930 0.636719 0.502930 0.634115 0.500977 0.628906 0.499023 0.626302 0.498047 0.626302 0.489258 0.613281 0.487305 0.613281
0 0.546875 0.639323 0.538086 0.639323 0.537109 0.640625 0.535156 0.640625 0.534180 0.641927 0.531250 0.641927 0.530273 0.643229 0.527344 0.643229 0.526367 0.644531 0.521484 0.644531 0.519531 0.648438 0.519531 0.651042 0.515625 0.661458 0.515625 0.669271 0.514648 0.670573 0.514648 0.673177 0.515625 0.675781 0.517578 0.678385 0.519531 0.684896 0.524414 0.691406 0.524414 0.692708 0.525391 0.692708 0.532227 0.700521 0.534180 0.700521 0.535156 0.699219 0.543945 0.699219 0.545898 0.697917 0.547852 0.695312 0.547852 0.692708 0.548828 0.691406 0.548828 0.688802 0.550781 0.683594 0.556641 0.673177 0.560547 0.662760 0.560547 0.657552 0.554688 0.649740 0.554688 0.648438 0.548828 0.640625
0 0.504883 0.582031 0.500000 0.589844 0.500000 0.592448 0.499023 0.593750 0.499023 0.597656 0.498047 0.598958 0.498047 0.609375 0.499023 0.610677 0.499023 0.618490 0.503906 0.627604 0.503906 0.628906 0.506836 0.632812 0.509766 0.632812 0.512695 0.635417 0.514648 0.635417 0.518555 0.638021 0.524414 0.638021 0.525391 0.639323 0.533203 0.639323 0.534180 0.638021 0.536133 0.638021 0.542969 0.628906 0.543945 0.626302 0.543945 0.622396 0.544922 0.621094 0.544922 0.617188 0.545898 0.615885 0.544922 0.604167 0.543945 0.602865 0.543945 0.598958 0.542969 0.597656 0.542969 0.593750 0.541992 0.591146 0.536133 0.587240 0.531250 0.582031 0.529297 0.580729 0.526367 0.580729 0.525391 0.579427 0.521484 0.579427 0.520508 0.580729 0.515625 0.580729 0.514648 0.579427 0.508789 0.579427
0 0.483398 0.546875 0.477539 0.544271 0.476562 0.545573 0.473633 0.545573 0.472656 0.546875 0.469727 0.546875 0.468750 0.548177 0.465820 0.548177 0.464844 0.549479 0.462891 0.549479 0.460938 0.550781 0.456055 0.557292 0.455078 0.559896 0.452148 0.561198 0.451172 0.563802 0.451172 0.567708 0.452148 0.569010 0.452148 0.574219 0.450195 0.579427 0.450195 0.589844 0.453125 0.593750 0.454102 0.593750 0.458008 0.600260 0.458984 0.600260 0.460938 0.602865 0.462891 0.602865 0.463867 0.604167 0.466797 0.604167 0.467773 0.605469 0.479492 0.605469 0.480469 0.604167 0.483398 0.604167 0.487305 0.601562 0.490234 0.597656 0.492188 0.592448 0.494141 0.591146 0.495117 0.588542 0.495117 0.582031 0.494141 0.580729 0.494141 0.567708 0.493164 0.566406 0.493164 0.563802 0.489258 0.558594 0.488281 0.555990 0.488281 0.553385
0 0.428711 0.519531 0.422852 0.519531 0.415039 0.524740 0.409180 0.526042 0.405273 0.529948 0.404297 0.529948 0.403320 0.535156 0.400391 0.542969 0.394531 0.553385 0.394531 0.558594 0.395508 0.558594 0.398438 0.562500 0.400391 0.572917 0.403320 0.576823 0.409180 0.580729 0.411133 0.580729 0.412109 0.582031 0.416016 0.582031 0.416992 0.583333 0.422852 0.583333 0.423828 0.582031 0.426758 0.582031 0.427734 0.580729 0.432617 0.580729 0.433594 0.579427 0.435547 0.579427 0.438477 0.575521 0.439453 0.567708 0.442383 0.562500 0.445312 0.554688 0.445312 0.541667 0.444336 0.540365 0.444336 0.537760 0.442383 0.535156 0.440430 0.529948 0.435547 0.523438 0.431641 0.520833 0.429688 0.520833
0 0.470703 0.477865 0.465820 0.479167 0.458008 0.485677 0.455078 0.485677 0.453125 0.488281 0.451172 0.494792 0.449219 0.497396 0.445312 0.507812 0.445312 0.519531 0.446289 0.520833 0.447266 0.526042 0.451172 0.528646 0.454102 0.532552 0.455078 0.537760 0.457031 0.540365 0.460938 0.541667 0.461914 0.542969 0.475586 0.542969 0.476562 0.541667 0.479492 0.541667 0.480469 0.540365 0.488281 0.537760 0.492188 0.531250 0.492188 0.528646 0.493164 0.527344 0.493164 0.522135 0.496094 0.514323 0.496094 0.505208 0.493164 0.497396 0.484375 0.485677 0.480469 0.484375 0.477539 0.480469 0.471680 0.479167
0 0.498047 0.518229 0.497070 0.522135 0.494141 0.527344 0.494141 0.529948 0.492188 0.535156 0.492188 0.542969 0.493164 0.544271 0.493164 0.552083 0.492188 0.554688 0.497070 0.567708 0.499023 0.570312 0.504883 0.570312 0.505859 0.571615 0.516602 0.571615 0.517578 0.572917 0.522461 0.572917 0.523438 0.571615 0.530273 0.571615 0.531250 0.570312 0.533203 0.570312 0.538086 0.561198 0.538086 0.557292 0.539062 0.555990 0.539062 0.542969 0.538086 0.541667 0.538086 0.533854 0.537109 0.531250 0.533203 0.528646 0.526367 0.519531 0.517578 0.513021 0.514648 0.513021 0.513672 0.511719 0.509766 0.511719 0.508789 0.513021 0.506836 0.513021 0.503906 0.515625 0.501953 0.515625
0 0.398438 0.395833 0.397461 0.397135 0.394531 0.397135 0.390625 0.399740 0.387695 0.403646 0.375977 0.410156 0.371094 0.416667 0.370117 0.419271 0.370117 0.430990 0.371094 0.432292 0.371094 0.437500 0.372070 0.438802 0.372070 0.441406 0.374023 0.446615 0.377930 0.451823 0.381836 0.453125 0.385742 0.457031 0.389648 0.458333 0.390625 0.459635 0.394531 0.459635 0.395508 0.460938 0.403320 0.460938 0.405273 0.459635 0.409180 0.454427 0.413086 0.451823 0.415039 0.449219 0.416992 0.444010 0.419922 0.440104 0.420898 0.434896 0.421875 0.433594 0.421875 0.419271 0.417969 0.408854 0.413086 0.402344 0.406250 0.397135
0 0.436523 0.424479 0.434570 0.425781 0.428711 0.433594 0.427734 0.436198 0.424805 0.437500 0.418945 0.444010 0.416016 0.451823 0.416016 0.460938 0.417969 0.466146 0.419922 0.468750 0.419922 0.470052 0.421875 0.472656 0.425781 0.475260 0.428711 0.479167 0.432617 0.481771 0.434570 0.481771 0.435547 0.483073 0.442383 0.483073 0.443359 0.484375 0.448242 0.484375 0.452148 0.481771 0.456055 0.476562 0.457031 0.476562 0.459961 0.472656 0.460938 0.472656 0.464844 0.466146 0.465820 0.463542 0.465820 0.460938 0.466797 0.459635 0.466797 0.451823 0.465820 0.450521 0.465820 0.446615 0.463867 0.441406 0.453125 0.428385 0.451172 0.428385 0.445312 0.424479
0 0.524414 0.451823 0.520508 0.451823 0.516602 0.455729 0.514648 0.455729 0.510742 0.458333 0.500000 0.458333 0.498047 0.459635 0.498047 0.460938 0.489258 0.471354 0.488281 0.473958 0.488281 0.485677 0.497070 0.498698 0.501953 0.498698 0.507812 0.505208 0.511719 0.507812 0.516602 0.509115 0.517578 0.510417 0.518555 0.509115 0.521484 0.509115 0.527344 0.505208 0.530273 0.505208 0.533203 0.502604 0.533203 0.500000 0.535156 0.494792 0.535156 0.484375 0.534180 0.483073 0.534180 0.479167 0.532227 0.475260 0.532227 0.470052 0.531250 0.468750 0.531250 0.464844 0.529297 0.460938 0.529297 0.458333 0.528320 0.455729
0 0.405273 0.328125 0.401367 0.330729 0.395508 0.339844 0.394531 0.347656 0.393555 0.348958 0.393555 0.361979 0.392578 0.363281 0.392578 0.368490 0.398438 0.375000 0.399414 0.381510 0.405273 0.390625 0.409180 0.393229 0.426758 0.393229 0.430664 0.390625 0.432617 0.388021 0.435547 0.380208 0.437500 0.377604 0.438477 0.371094 0.440430 0.367188 0.440430 0.363281 0.441406 0.361979 0.441406 0.358073 0.442383 0.356771 0.443359 0.346354 0.435547 0.334635 0.435547 0.333333 0.430664 0.328125 0.424805 0.328125 0.423828 0.326823 0.420898 0.326823 0.419922 0.325521 0.412109 0.325521 0.411133 0.326823
0 0.443359 0.364583 0.440430 0.372396 0.440430 0.375000 0.438477 0.378906 0.438477 0.381510 0.436523 0.385417 0.436523 0.389323 0.435547 0.390625 0.435547 0.394531 0.434570 0.395833 0.435547 0.401042 0.443359 0.410156 0.444336 0.410156 0.447266 0.414062 0.448242 0.414062 0.453125 0.419271 0.455078 0.419271 0.462891 0.424479 0.463867 0.423177 0.469727 0.423177 0.478516 0.412760 0.478516 0.411458 0.480469 0.408854 0.482422 0.403646 0.482422 0.381510 0.480469 0.376302 0.478516 0.375000 0.471680 0.365885 0.470703 0.365885 0.465820 0.360677 0.463867 0.360677 0.462891 0.359375 0.454102 0.359375 0.453125 0.360677 0.450195 0.360677 0.449219 0.361979 0.447266 0.361979
0 0.497070 0.391927 0.489258 0.397135 0.489258 0.398438 0.484375 0.404948 0.483398 0.407552 0.483398 0.410156 0.482422 0.411458 0.482422 0.417969 0.480469 0.421875 0.480469 0.428385 0.481445 0.430990 0.485352 0.434896 0.487305 0.441406 0.493164 0.449219 0.502930 0.455729 0.510742 0.455729 0.514648 0.453125 0.516602 0.450521 0.517578 0.450521 0.519531 0.444010 0.525391 0.434896 0.529297 0.424479 0.529297 0.420573 0.525391 0.414062 0.523438 0.408854 0.511719 0.395833 0.507812 0.393229 0.504883 0.393229 0.503906 0.391927
0 0.442383 0.264323 0.440430 0.264323 0.439453 0.263021 0.436523 0.263021 0.435547 0.264323 0.429688 0.264323 0.428711 0.265625 0.425781 0.265625 0.424805 0.266927 0.416992 0.266927 0.416016 0.268229 0.411133 0.268229 0.410156 0.269531 0.405273 0.270833 0.403320 0.273438 0.402344 0.278646 0.401367 0.279948 0.401367 0.285156 0.402344 0.286458 0.402344 0.291667 0.403320 0.292969 0.403320 0.295573 0.402344 0.296875 0.403320 0.302083 0.409180 0.309896 0.409180 0.311198 0.411133 0.313802 0.412109 0.313802 0.417969 0.320312 0.419922 0.321615 0.423828 0.321615 0.424805 0.322917 0.428711 0.322917 0.429688 0.321615 0.434570 0.321615 0.435547 0.320312 0.437500 0.320312 0.441406 0.317708 0.443359 0.315104 0.443359 0.313802 0.449219 0.303385 0.449219 0.296875 0.448242 0.295573 0.448242 0.290365 0.449219 0.289062 0.449219 0.281250 0.448242 0.279948 0.448242 0.276042 0.447266 0.274740 0.446289 0.269531
0 0.500000 0.294271 0.497070 0.292969 0.496094 0.294271 0.493164 0.294271 0.492188 0.295573 0.478516 0.295573 0.477539 0.296875 0.469727 0.296875 0.468750 0.298177 0.461914 0.299479 0.458984 0.303385 0.458984 0.305990 0.458008 0.307292 0.458008 0.311198 0.458984 0.312500 0.458984 0.320312 0.458008 0.321615 0.458008 0.325521 0.457031 0.326823 0.457031 0.341146 0.458008 0.342448 0.458008 0.345052 0.462891 0.352865 0.465820 0.352865 0.469727 0.355469 0.475586 0.355469 0.476562 0.354167 0.480469 0.354167 0.481445 0.355469 0.487305 0.355469 0.493164 0.348958 0.494141 0.348958 0.503906 0.335938 0.503906 0.333333 0.504883 0.332031 0.504883 0.329427 0.503906 0.328125 0.504883 0.307292 0.503906 0.305990 0.503906 0.302083 0.501953 0.296875
0 0.517578 0.311198 0.515625 0.312500 0.510742 0.320312 0.508789 0.325521 0.508789 0.330729 0.504883 0.338542 0.503906 0.347656 0.504883 0.348958 0.504883 0.352865 0.506836 0.358073 0.506836 0.361979 0.507812 0.363281 0.507812 0.369792 0.508789 0.372396 0.511719 0.373698 0.513672 0.376302 0.518555 0.376302 0.519531 0.377604 0.525391 0.377604 0.526367 0.376302 0.529297 0.376302 0.533203 0.373698 0.542969 0.360677 0.546875 0.358073 0.547852 0.355469 0.547852 0.351562 0.546875 0.350260 0.546875 0.330729 0.545898 0.329427 0.545898 0.326823 0.543945 0.321615 0.541016 0.317708 0.539062 0.316406 0.536133 0.316406 0.535156 0.315104 0.533203 0.315104 0.532227 0.313802 0.530273 0.313802 0.526367 0.311198
0 0.380859 0.147135 0.378906 0.158854 0.375977 0.162760 0.375000 0.166667 0.373047 0.169271 0.370117 0.177083 0.370117 0.179688 0.368164 0.183594 0.368164 0.187500 0.367188 0.188802 0.367188 0.205729 0.368164 0.208333 0.370117 0.208333 0.371094 0.209635 0.375977 0.209635 0.379883 0.212240 0.386719 0.213542 0.392578 0.217448 0.396484 0.217448 0.400391 0.214844 0.408203 0.214844 0.408203 0.213542 0.410156 0.210938 0.411133 0.210938 0.414062 0.205729 0.415039 0.205729 0.416992 0.200521 0.416992 0.192708 0.417969 0.191406 0.417969 0.188802 0.416992 0.187500 0.416992 0.175781 0.416016 0.174479 0.416016 0.171875 0.414062 0.169271 0.412109 0.164062 0.407227 0.157552 0.403320 0.156250 0.400391 0.152344 0.397461 0.151042 0.395508 0.148438 0.391602 0.147135 0.390625 0.145833 0.382812 0.145833
0 0.431641 0.118490 0.426758 0.125000 0.423828 0.132812 0.423828 0.136719 0.422852 0.138021 0.422852 0.145833 0.421875 0.147135 0.421875 0.156250 0.420898 0.157552 0.421875 0.166667 0.425781 0.169271 0.425781 0.173177 0.428711 0.178385 0.429688 0.183594 0.431641 0.186198 0.443359 0.186198 0.444336 0.187500 0.459961 0.187500 0.463867 0.183594 0.463867 0.180990 0.468750 0.169271 0.469727 0.160156 0.474609 0.143229 0.474609 0.136719 0.473633 0.135417 0.473633 0.132812 0.469727 0.127604 0.468750 0.123698 0.467773 0.123698 0.461914 0.117188 0.445312 0.114583 0.444336 0.115885 0.436523 0.115885
0 0.422852 0.200521 0.420898 0.203125 0.418945 0.208333 0.418945 0.213542 0.416016 0.220052 0.416016 0.222656 0.414062 0.225260 0.414062 0.229167 0.411133 0.235677 0.411133 0.242188 0.415039 0.251302 0.415039 0.253906 0.418945 0.259115 0.423828 0.259115 0.424805 0.260417 0.428711 0.260417 0.429688 0.261719 0.435547 0.261719 0.436523 0.260417 0.446289 0.260417 0.447266 0.259115 0.451172 0.259115 0.454102 0.255208 0.458984 0.242188 0.458984 0.234375 0.459961 0.233073 0.459961 0.221354 0.458984 0.220052 0.458984 0.212240 0.457031 0.209635 0.452148 0.209635 0.451172 0.208333 0.448242 0.208333 0.447266 0.207031 0.445312 0.207031 0.442383 0.204427 0.440430 0.204427 0.437500 0.201823 0.435547 0.201823 0.431641 0.199219 0.424805 0.199219
0 0.466797 0.236979 0.460938 0.246094 0.460938 0.247396 0.458984 0.250000 0.456055 0.257812 0.456055 0.264323 0.458984 0.272135 0.458984 0.277344 0.460938 0.279948 0.462891 0.285156 0.465820 0.289062 0.467773 0.290365 0.478516 0.290365 0.479492 0.289062 0.482422 0.289062 0.483398 0.287760 0.488281 0.287760 0.489258 0.286458 0.491211 0.286458 0.495117 0.283854 0.497070 0.281250 0.498047 0.281250 0.501953 0.274740 0.501953 0.269531 0.500977 0.268229 0.500000 0.261719 0.498047 0.257812 0.498047 0.255208 0.496094 0.251302 0.496094 0.248698 0.495117 0.246094 0.492188 0.242188 0.488281 0.239583 0.486328 0.239583 0.480469 0.234375 0.478516 0.234375 0.477539 0.233073 0.472656 0.233073
0 0.500000 0.158854 0.490234 0.164062 0.485352 0.171875 0.481445 0.182292 0.481445 0.186198 0.480469 0.187500 0.481445 0.199219 0.478516 0.207031 0.478516 0.212240 0.482422 0.222656 0.487305 0.227865 0.490234 0.229167 0.493164 0.233073 0.497070 0.235677 0.499023 0.235677 0.500000 0.234375 0.505859 0.235677 0.513672 0.230469 0.517578 0.223958 0.519531 0.214844 0.520508 0.213542 0.520508 0.210938 0.521484 0.209635 0.521484 0.207031 0.528320 0.188802 0.528320 0.179688 0.526367 0.174479 0.523438 0.170573 0.522461 0.166667 0.518555 0.162760 0.511719 0.160156 0.510742 0.158854
0 0.498047 0.096354 0.498047 0.100260 0.497070 0.101562 0.494141 0.101562 0.492188 0.106771 0.493164 0.108073 0.497070 0.108073 0.499023 0.110677 0.499023 0.114583 0.494141 0.123698 0.494141 0.136719 0.495117 0.138021 0.495117 0.140625 0.496094 0.143229 0.500977 0.145833 0.502930 0.148438 0.502930 0.151042 0.501953 0.152344 0.499023 0.152344 0.504883 0.151042 0.512695 0.156250 0.524414 0.156250 0.525391 0.154948 0.527344 0.154948 0.537109 0.143229 0.539062 0.136719 0.541992 0.131510 0.541992 0.128906 0.542969 0.127604 0.542969 0.117188 0.543945 0.115885 0.542969 0.114583 0.542969 0.111979 0.539062 0.105469 0.536133 0.104167 0.528320 0.095052 0.521484 0.091146 0.512695 0.091146 0.501953 0.098958 0.499023 0.098958
0 0.560547 0.088542 0.548828 0.105469 0.544922 0.119792 0.544922 0.132812 0.547852 0.141927 0.551758 0.148438 0.550781 0.152344 0.552734 0.154948 0.553711 0.153646 0.562500 0.153646 0.562500 0.151042 0.556641 0.149740 0.555664 0.148438 0.556641 0.147135 0.576172 0.147135 0.577148 0.148438 0.574219 0.151042 0.575195 0.153646 0.579102 0.153646 0.587891 0.147135 0.595703 0.148438 0.598633 0.143229 0.599609 0.136719 0.601562 0.134115 0.603516 0.127604 0.600586 0.122396 0.600586 0.117188 0.598633 0.111979 0.598633 0.100260 0.596680 0.097656 0.595703 0.093750 0.592773 0.089844 0.586914 0.085938 0.565430 0.085938
0 0.541016 0.167969 0.537109 0.170573 0.535156 0.173177 0.535156 0.174479 0.531250 0.179688 0.531250 0.182292 0.529297 0.187500 0.529297 0.192708 0.528320 0.194010 0.528320 0.200521 0.529297 0.201823 0.529297 0.212240 0.530273 0.213542 0.530273 0.216146 0.536133 0.220052 0.541016 0.226562 0.544922 0.229167 0.546875 0.229167 0.550781 0.231771 0.553711 0.231771 0.554688 0.233073 0.560547 0.233073 0.565430 0.227865 0.568359 0.226562 0.572266 0.221354 0.573242 0.218750 0.573242 0.212240 0.574219 0.210938 0.574219 0.195312 0.573242 0.194010 0.573242 0.190104 0.568359 0.183594 0.566406 0.178385 0.560547 0.171875 0.556641 0.169271 0.554688 0.169271 0.553711 0.167969
0 0.528320 0.233073 0.524414 0.235677 0.524414 0.236979 0.507812 0.257812 0.504883 0.264323 0.504883 0.270833 0.505859 0.272135 0.505859 0.276042 0.506836 0.277344 0.508789 0.287760 0.509766 0.290365 0.513672 0.294271 0.513672 0.295573 0.515625 0.296875 0.518555 0.296875 0.519531 0.298177 0.522461 0.298177 0.526367 0.300781 0.533203 0.302083 0.534180 0.300781 0.538086 0.299479 0.542969 0.291667 0.552734 0.283854 0.556641 0.278646 0.556641 0.277344 0.558594 0.274740 0.558594 0.261719 0.555664 0.253906 0.555664 0.251302 0.547852 0.239583 0.543945 0.236979 0.536133 0.235677 0.532227 0.233073
0 0.583984 0.221354 0.582031 0.222656 0.580078 0.222656 0.579102 0.223958 0.576172 0.223958 0.575195 0.225260 0.573242 0.225260 0.563477 0.231771 0.558594 0.239583 0.558594 0.242188 0.556641 0.247396 0.556641 0.252604 0.559570 0.259115 0.559570 0.268229 0.560547 0.269531 0.560547 0.274740 0.561523 0.277344 0.562500 0.277344 0.567383 0.283854 0.569336 0.283854 0.570312 0.285156 0.576172 0.285156 0.577148 0.283854 0.581055 0.283854 0.583984 0.281250 0.585938 0.281250 0.587891 0.279948 0.589844 0.277344 0.590820 0.277344 0.595703 0.270833 0.596680 0.266927 0.599609 0.263021 0.600586 0.260417 0.600586 0.244792 0.599609 0.243490 0.599609 0.240885 0.597656 0.238281 0.596680 0.238281 0.587891 0.226562 0.587891 0.225260
0 0.614258 0.175781 0.612305 0.178385 0.611328 0.178385 0.608398 0.183594 0.606445 0.183594 0.605469 0.184896 0.606445 0.184896 0.608398 0.187500 0.608398 0.197917 0.609375 0.199219 0.609375 0.203125 0.610352 0.204427 0.608398 0.209635 0.608398 0.214844 0.609375 0.216146 0.609375 0.220052 0.610352 0.221354 0.610352 0.226562 0.611328 0.227865 0.613281 0.227865 0.616211 0.231771 0.616211 0.239583 0.617188 0.240885 0.622070 0.240885 0.623047 0.239583 0.626953 0.239583 0.627930 0.238281 0.633789 0.238281 0.634766 0.236979 0.636719 0.236979 0.647461 0.222656 0.648438 0.218750 0.654297 0.209635 0.654297 0.203125 0.652344 0.197917 0.648438 0.191406 0.647461 0.187500 0.642578 0.179688 0.640625 0.178385 0.636719 0.178385 0.635742 0.177083 0.628906 0.177083 0.627930 0.175781 0.624023 0.175781 0.623047 0.174479
0 0.649414 0.223958 0.647461 0.226562 0.646484 0.226562 0.639648 0.235677 0.639648 0.238281 0.638672 0.239583 0.638672 0.250000 0.639648 0.252604 0.647461 0.263021 0.649414 0.268229 0.649414 0.278646 0.648438 0.279948 0.648438 0.286458 0.649414 0.287760 0.662109 0.287760 0.663086 0.286458 0.665039 0.286458 0.666992 0.285156 0.673828 0.276042 0.676758 0.268229 0.676758 0.265625 0.677734 0.264323 0.678711 0.257812 0.682617 0.251302 0.683594 0.248698 0.683594 0.246094 0.681641 0.243490 0.681641 0.242188 0.669922 0.226562 0.667969 0.225260 0.666016 0.225260 0.665039 0.223958 0.659180 0.223958 0.658203 0.222656 0.655273 0.222656 0.654297 0.223958
0 0.630859 0.240885 0.628906 0.242188 0.625977 0.242188 0.625000 0.243490 0.622070 0.243490 0.621094 0.244792 0.617188 0.244792 0.616211 0.246094 0.610352 0.247396 0.605469 0.253906 0.604492 0.259115 0.602539 0.263021 0.601562 0.274740 0.599609 0.278646 0.599609 0.285156 0.601562 0.287760 0.601562 0.294271 0.604492 0.299479 0.608398 0.300781 0.612305 0.304688 0.618164 0.304688 0.619141 0.305990 0.622070 0.305990 0.623047 0.307292 0.624023 0.305990 0.629883 0.305990 0.632812 0.303385 0.638672 0.302083 0.643555 0.296875 0.647461 0.287760 0.647461 0.279948 0.648438 0.278646 0.648438 0.266927 0.647461 0.264323 0.640625 0.255208 0.639648 0.255208 0.635742 0.248698 0.634766 0.248698 0.632812 0.246094 0.632812 0.242188
0 0.556641 0.286458 0.554688 0.289062 0.553711 0.292969 0.549805 0.298177 0.549805 0.299479 0.543945 0.308594 0.543945 0.312500 0.544922 0.313802 0.544922 0.320312 0.546875 0.324219 0.546875 0.326823 0.547852 0.328125 0.548828 0.334635 0.549805 0.337240 0.555664 0.345052 0.559570 0.347656 0.571289 0.347656 0.572266 0.346354 0.575195 0.346354 0.577148 0.343750 0.578125 0.343750 0.583008 0.330729 0.585938 0.325521 0.585938 0.322917 0.586914 0.321615 0.586914 0.312500 0.585938 0.311198 0.585938 0.308594 0.579102 0.299479 0.578125 0.295573 0.571289 0.287760 0.569336 0.287760 0.568359 0.286458
0 0.620117 0.309896 0.611328 0.309896 0.610352 0.311198 0.608398 0.311198 0.605469 0.313802 0.600586 0.315104 0.594727 0.319010 0.589844 0.324219 0.588867 0.330729 0.586914 0.334635 0.586914 0.345052 0.585938 0.346354 0.586914 0.347656 0.586914 0.356771 0.591797 0.363281 0.597656 0.367188 0.601562 0.372396 0.615234 0.373698 0.618164 0.369792 0.622070 0.367188 0.624023 0.367188 0.629883 0.359375 0.636719 0.355469 0.636719 0.354167 0.639648 0.350260 0.639648 0.345052 0.638672 0.343750 0.636719 0.333333 0.633789 0.325521 0.630859 0.320312 0.626953 0.317708 0.622070 0.311198
0 0.673828 0.290365 0.671875 0.290365 0.670898 0.289062 0.659180 0.289062 0.658203 0.290365 0.653320 0.290365 0.652344 0.291667 0.649414 0.291667 0.648438 0.292969 0.646484 0.298177 0.646484 0.300781 0.647461 0.302083 0.647461 0.304688 0.646484 0.305990 0.646484 0.319010 0.645508 0.320312 0.645508 0.322917 0.643555 0.328125 0.643555 0.334635 0.645508 0.339844 0.643555 0.345052 0.645508 0.347656 0.648438 0.347656 0.649414 0.348958 0.662109 0.348958 0.663086 0.347656 0.666992 0.347656 0.667969 0.346354 0.670898 0.346354 0.674805 0.342448 0.674805 0.339844 0.679688 0.333333 0.680664 0.330729 0.680664 0.328125 0.681641 0.326823 0.681641 0.309896 0.680664 0.308594 0.680664 0.302083 0.679688 0.299479 0.676758 0.295573 0.676758 0.294271
0 0.556641 0.355469 0.554688 0.358073 0.554688 0.359375 0.545898 0.369792 0.545898 0.371094 0.542969 0.376302 0.542969 0.390625 0.543945 0.391927 0.543945 0.397135 0.544922 0.398438 0.544922 0.401042 0.545898 0.403646 0.548828 0.404948 0.550781 0.407552 0.552734 0.408854 0.554688 0.408854 0.555664 0.410156 0.557617 0.410156 0.558594 0.411458 0.562500 0.411458 0.563477 0.412760 0.575195 0.412760 0.577148 0.410156 0.577148 0.408854 0.583984 0.399740 0.584961 0.395833 0.591797 0.386719 0.591797 0.380208 0.588867 0.375000 0.587891 0.371094 0.583008 0.364583 0.582031 0.364583 0.577148 0.359375 0.575195 0.359375 0.574219 0.358073 0.569336 0.358073 0.568359 0.356771 0.563477 0.356771 0.562500 0.355469
0 0.542969 0.414062 0.541016 0.416667 0.540039 0.420573 0.534180 0.429688 0.534180 0.432292 0.531250 0.438802 0.530273 0.445312 0.532227 0.450521 0.534180 0.453125 0.536133 0.458333 0.539062 0.462240 0.539062 0.463542 0.543945 0.468750 0.547852 0.468750 0.548828 0.470052 0.551758 0.470052 0.552734 0.471354 0.553711 0.470052 0.558594 0.470052 0.559570 0.468750 0.565430 0.468750 0.567383 0.467448 0.569336 0.464844 0.569336 0.460938 0.577148 0.449219 0.579102 0.444010 0.579102 0.433594 0.578125 0.432292 0.578125 0.429688 0.577148 0.427083 0.573242 0.421875 0.570312 0.420573 0.566406 0.415365 0.564453 0.415365 0.563477 0.414062 0.560547 0.414062 0.559570 0.412760 0.544922 0.412760
0 0.599609 0.378906 0.595703 0.382812 0.593750 0.388021 0.591797 0.390625 0.590820 0.390625 0.586914 0.395833 0.585938 0.398438 0.585938 0.403646 0.584961 0.404948 0.584961 0.419271 0.585938 0.420573 0.585938 0.423177 0.590820 0.429688 0.592773 0.430990 0.594727 0.430990 0.598633 0.434896 0.600586 0.434896 0.601562 0.436198 0.605469 0.436198 0.606445 0.437500 0.617188 0.437500 0.619141 0.436198 0.620117 0.432292 0.622070 0.429688 0.624023 0.424479 0.631836 0.412760 0.631836 0.410156 0.632812 0.408854 0.632812 0.402344 0.633789 0.401042 0.633789 0.395833 0.632812 0.394531 0.632812 0.390625 0.629883 0.385417 0.627930 0.384115 0.625977 0.384115 0.623047 0.381510 0.620117 0.381510 0.619141 0.380208 0.617188 0.380208 0.616211 0.378906 0.613281 0.378906 0.612305 0.377604 0.602539 0.377604 0.601562 0.378906
0 0.654297 0.368490 0.652344 0.368490 0.651367 0.367188 0.647461 0.367188 0.646484 0.368490 0.641602 0.368490 0.640625 0.369792 0.637695 0.369792 0.636719 0.371094 0.634766 0.371094 0.633789 0.372396 0.632812 0.372396 0.629883 0.376302 0.629883 0.380208 0.628906 0.381510 0.632812 0.386719 0.632812 0.388021 0.633789 0.389323 0.633789 0.395833 0.634766 0.397135 0.634766 0.403646 0.633789 0.404948 0.633789 0.410156 0.632812 0.411458 0.632812 0.417969 0.633789 0.419271 0.634766 0.423177 0.637695 0.427083 0.649414 0.427083 0.650391 0.425781 0.652344 0.425781 0.655273 0.421875 0.656250 0.421875 0.658203 0.419271 0.659180 0.419271 0.659180 0.417969 0.661133 0.415365 0.661133 0.414062 0.663086 0.411458 0.663086 0.410156 0.666016 0.406250 0.666016 0.403646 0.666992 0.402344 0.666992 0.399740 0.667969 0.398438 0.667969 0.390625 0.666992 0.389323 0.666992 0.386719 0.666016 0.385417 0.666016 0.384115 0.661133 0.377604 0.661133 0.376302 0.656250 0.369792 0.655273 0.369792
0 0.704102 0.437500 0.696289 0.428385 0.692383 0.427083 0.686523 0.423177 0.679688 0.423177 0.678711 0.424479 0.675781 0.424479 0.674805 0.425781 0.670898 0.425781 0.669922 0.427083 0.666016 0.427083 0.665039 0.428385 0.661133 0.428385 0.659180 0.429688 0.663086 0.432292 0.665039 0.432292 0.666016 0.433594 0.666016 0.436198 0.665039 0.437500 0.665039 0.453125 0.666016 0.455729 0.665039 0.457031 0.665039 0.462240 0.664062 0.463542 0.664062 0.471354 0.666992 0.476562 0.665039 0.480469 0.672852 0.480469 0.673828 0.481771 0.683594 0.481771 0.684570 0.480469 0.689453 0.479167 0.695312 0.472656 0.696289 0.472656 0.707031 0.455729 0.707031 0.444010 0.704102 0.438802
0 0.576172 0.455729 0.576172 0.460938 0.575195 0.462240 0.575195 0.470052 0.576172 0.471354 0.576172 0.475260 0.578125 0.480469 0.583984 0.488281 0.584961 0.488281 0.589844 0.493490 0.591797 0.493490 0.592773 0.494792 0.594727 0.494792 0.597656 0.497396 0.600586 0.497396 0.601562 0.498698 0.609375 0.498698 0.613281 0.496094 0.616211 0.492188 0.619141 0.490885 0.621094 0.488281 0.625977 0.486979 0.627930 0.481771 0.627930 0.471354 0.626953 0.470052 0.626953 0.467448 0.625977 0.466146 0.625977 0.463542 0.625000 0.462240 0.625000 0.459635 0.623047 0.454427 0.619141 0.449219 0.619141 0.447917 0.618164 0.447917 0.614258 0.442708 0.612305 0.441406 0.603516 0.440104 0.599609 0.437500 0.591797 0.437500 0.587891 0.440104 0.582031 0.446615 0.581055 0.446615
0 0.539062 0.485677 0.537109 0.490885 0.536133 0.501302 0.535156 0.502604 0.535156 0.514323 0.538086 0.522135 0.538086 0.524740 0.540039 0.528646 0.547852 0.528646 0.550781 0.531250 0.553711 0.531250 0.556641 0.533854 0.559570 0.533854 0.560547 0.535156 0.569336 0.535156 0.573242 0.531250 0.579102 0.527344 0.582031 0.523438 0.583008 0.523438 0.588867 0.507812 0.588867 0.503906 0.589844 0.502604 0.579102 0.486979 0.579102 0.485677 0.574219 0.479167 0.572266 0.477865 0.566406 0.477865 0.562500 0.475260 0.556641 0.475260 0.555664 0.476562 0.549805 0.477865 0.547852 0.480469
0 0.632812 0.471354 0.630859 0.473958 0.630859 0.481771 0.629883 0.484375 0.625977 0.489583 0.623047 0.489583 0.619141 0.492188 0.616211 0.496094 0.616211 0.503906 0.617188 0.506510 0.620117 0.510417 0.624023 0.513021 0.628906 0.519531 0.629883 0.522135 0.629883 0.524740 0.630859 0.526042 0.630859 0.529948 0.632812 0.535156 0.637695 0.535156 0.638672 0.533854 0.642578 0.533854 0.643555 0.532552 0.648438 0.532552 0.649414 0.531250 0.652344 0.531250 0.655273 0.528646 0.657227 0.528646 0.659180 0.524740 0.659180 0.518229 0.658203 0.516927 0.658203 0.506510 0.657227 0.505208 0.657227 0.498698 0.656250 0.497396 0.656250 0.494792 0.654297 0.490885 0.654297 0.488281 0.653320 0.485677 0.648438 0.479167 0.640625 0.475260 0.637695 0.471354
0 0.593750 0.505208 0.589844 0.510417 0.584961 0.523438 0.584961 0.531250 0.583984 0.532552 0.583984 0.540365 0.584961 0.541667 0.584961 0.544271 0.590820 0.552083 0.591797 0.552083 0.596680 0.557292 0.598633 0.557292 0.601562 0.559896 0.611328 0.559896 0.612305 0.561198 0.617188 0.561198 0.618164 0.559896 0.620117 0.559896 0.623047 0.554688 0.623047 0.552083 0.624023 0.550781 0.624023 0.548177 0.625000 0.545573 0.629883 0.539062 0.629883 0.535156 0.630859 0.532552 0.629883 0.531250 0.629883 0.528646 0.628906 0.527344 0.627930 0.520833 0.621094 0.511719 0.620117 0.511719 0.617188 0.507812 0.616211 0.507812 0.614258 0.505208 0.610352 0.502604 0.598633 0.502604 0.597656 0.503906 0.595703 0.503906
0 0.557617 0.539062 0.552734 0.544271 0.549805 0.545573 0.549805 0.546875 0.544922 0.553385 0.541016 0.563802 0.538086 0.569010 0.538086 0.576823 0.539062 0.578125 0.539062 0.580729 0.540039 0.583333 0.542969 0.587240 0.548828 0.591146 0.550781 0.593750 0.554688 0.596354 0.556641 0.596354 0.557617 0.597656 0.562500 0.598958 0.563477 0.600260 0.569336 0.600260 0.574219 0.593750 0.578125 0.591146 0.582031 0.585938 0.583984 0.580729 0.583984 0.578125 0.585938 0.574219 0.585938 0.570312 0.586914 0.569010 0.586914 0.558594 0.585938 0.557292 0.585938 0.554688 0.583984 0.549479 0.583008 0.549479 0.579102 0.544271 0.575195 0.541667 0.573242 0.541667 0.572266 0.540365 0.567383 0.540365 0.566406 0.539062
0 0.596680 0.567708 0.596680 0.569010 0.592773 0.572917 0.592773 0.574219 0.589844 0.579427 0.589844 0.584635 0.588867 0.585938 0.589844 0.587240 0.589844 0.601562 0.593750 0.606771 0.593750 0.608073 0.600586 0.615885 0.600586 0.618490 0.606445 0.626302 0.609375 0.626302 0.611328 0.627604 0.615234 0.625000 0.618164 0.625000 0.619141 0.623698 0.623047 0.623698 0.624023 0.622396 0.625977 0.622396 0.630859 0.615885 0.630859 0.614583 0.632812 0.611979 0.632812 0.608073 0.633789 0.606771 0.633789 0.587240 0.632812 0.585938 0.632812 0.582031 0.629883 0.578125 0.628906 0.578125 0.614258 0.562500 0.605469 0.562500 0.604492 0.563802 0.602539 0.563802
0 0.641602 0.537760 0.632812 0.544271 0.632812 0.546875 0.633789 0.549479 0.632812 0.550781 0.632812 0.554688 0.629883 0.559896 0.630859 0.561198 0.629883 0.570312 0.632812 0.578125 0.632812 0.580729 0.633789 0.582031 0.633789 0.585938 0.635742 0.588542 0.635742 0.589844 0.642578 0.596354 0.647461 0.598958 0.650391 0.602865 0.652344 0.604167 0.655273 0.604167 0.659180 0.601562 0.665039 0.593750 0.668945 0.583333 0.668945 0.580729 0.669922 0.579427 0.669922 0.562500 0.667969 0.557292 0.667969 0.553385 0.666992 0.552083 0.666992 0.549479 0.662109 0.542969 0.658203 0.540365 0.656250 0.540365 0.655273 0.539062 0.650391 0.537760 0.649414 0.536458 0.647461 0.537760
0 0.691406 0.514323 0.690430 0.515625 0.687500 0.515625 0.686523 0.516927 0.685547 0.516927 0.682617 0.520833 0.682617 0.523438 0.680664 0.526042 0.680664 0.527344 0.677734 0.533854 0.678711 0.535156 0.678711 0.555990 0.677734 0.557292 0.677734 0.559896 0.678711 0.561198 0.678711 0.562500 0.682617 0.567708 0.683594 0.567708 0.688477 0.572917 0.689453 0.572917 0.692383 0.575521 0.697266 0.575521 0.698242 0.574219 0.705078 0.570312 0.712891 0.559896 0.715820 0.558594 0.715820 0.557292 0.716797 0.555990 0.716797 0.532552 0.715820 0.531250 0.715820 0.527344 0.708984 0.519531 0.707031 0.519531 0.706055 0.518229 0.703125 0.518229 0.702148 0.516927 0.699219 0.516927 0.698242 0.515625 0.696289 0.515625 0.695312 0.514323
0 0.572266 0.602865 0.560547 0.610677 0.558594 0.610677 0.556641 0.611979 0.556641 0.619792 0.557617 0.621094 0.557617 0.626302 0.558594 0.627604 0.558594 0.638021 0.557617 0.639323 0.557617 0.645833 0.560547 0.653646 0.562500 0.656250 0.562500 0.657552 0.568359 0.662760 0.570312 0.662760 0.571289 0.664062 0.582031 0.664062 0.584961 0.661458 0.586914 0.661458 0.592773 0.657552 0.595703 0.653646 0.598633 0.645833 0.598633 0.636719 0.600586 0.631510 0.600586 0.627604 0.599609 0.625000 0.583984 0.602865
0 0.639648 0.598958 0.635742 0.602865 0.635742 0.605469 0.633789 0.609375 0.633789 0.611979 0.632812 0.613281 0.632812 0.614583 0.626953 0.623698 0.626953 0.626302 0.625977 0.627604 0.625977 0.639323 0.626953 0.640625 0.626953 0.648438 0.628906 0.652344 0.633789 0.654948 0.638672 0.660156 0.640625 0.660156 0.641602 0.661458 0.651367 0.661458 0.652344 0.660156 0.653320 0.660156 0.655273 0.656250 0.655273 0.652344 0.656250 0.651042 0.657227 0.641927 0.662109 0.630208 0.662109 0.627604 0.663086 0.626302 0.663086 0.623698 0.664062 0.622396 0.664062 0.621094 0.663086 0.619792 0.663086 0.617188 0.660156 0.613281 0.657227 0.611979 0.648438 0.601562 0.647461 0.601562 0.646484 0.600260 0.644531 0.600260 0.643555 0.598958
0 0.676758 0.574219 0.675781 0.575521 0.673828 0.575521 0.671875 0.578125 0.668945 0.585938 0.668945 0.588542 0.666992 0.591146 0.666016 0.595052 0.663086 0.598958 0.662109 0.601562 0.662109 0.609375 0.663086 0.610677 0.663086 0.613281 0.666016 0.621094 0.666016 0.628906 0.666992 0.631510 0.673828 0.634115 0.676758 0.638021 0.677734 0.638021 0.680664 0.641927 0.681641 0.641927 0.685547 0.647135 0.690430 0.647135 0.698242 0.635417 0.698242 0.634115 0.700195 0.631510 0.700195 0.628906 0.702148 0.623698 0.702148 0.619792 0.703125 0.618490 0.703125 0.613281 0.702148 0.611979 0.702148 0.608073 0.701172 0.606771 0.701172 0.593750 0.697266 0.587240 0.695312 0.587240 0.691406 0.583333
0 0.723633 0.559896 0.722656 0.561198 0.719727 0.561198 0.718750 0.562500 0.716797 0.562500 0.713867 0.566406 0.712891 0.566406 0.711914 0.569010 0.709961 0.570312 0.704102 0.578125 0.703125 0.580729 0.703125 0.593750 0.704102 0.595052 0.704102 0.601562 0.706055 0.606771 0.708008 0.609375 0.708008 0.610677 0.715820 0.621094 0.716797 0.621094 0.718750 0.623698 0.720703 0.625000 0.722656 0.625000 0.723633 0.626302 0.732422 0.626302 0.733398 0.625000 0.735352 0.625000 0.738281 0.621094 0.739258 0.621094 0.743164 0.614583 0.745117 0.609375 0.745117 0.606771 0.746094 0.605469 0.746094 0.600260 0.747070 0.598958 0.747070 0.589844 0.746094 0.588542 0.746094 0.585938 0.744141 0.582031 0.744141 0.579427 0.743164 0.576823 0.739258 0.570312 0.738281 0.570312 0.735352 0.566406 0.732422 0.565104 0.730469 0.562500 0.726562 0.559896
0 0.730469 0.628906 0.729492 0.628906 0.728516 0.627604 0.722656 0.627604 0.721680 0.626302 0.720703 0.626302 0.715820 0.622396 0.713867 0.622396 0.712891 0.621094 0.711914 0.621094 0.710938 0.622396 0.706055 0.622396 0.705078 0.623698 0.704102 0.623698 0.702148 0.626302 0.702148 0.627604 0.701172 0.628906 0.701172 0.631510 0.698242 0.636719 0.698242 0.638021 0.690430 0.649740 0.690430 0.651042 0.689453 0.652344 0.689453 0.656250 0.690430 0.657552 0.690430 0.660156 0.696289 0.666667 0.697266 0.666667 0.702148 0.670573 0.704102 0.670573 0.708984 0.674479 0.711914 0.674479 0.715820 0.670573 0.717773 0.670573 0.718750 0.669271 0.721680 0.669271 0.724609 0.665365 0.724609 0.662760 0.727539 0.658854 0.727539 0.657552 0.729492 0.653646 0.729492 0.651042 0.730469 0.649740 0.730469 0.644531 0.731445 0.643229 0.731445 0.630208
0 0.664062 0.631510 0.661133 0.634115 0.661133 0.635417 0.659180 0.639323 0.659180 0.641927 0.658203 0.643229 0.658203 0.647135 0.657227 0.648438 0.657227 0.653646 0.656250 0.654948 0.656250 0.657552 0.655273 0.658854 0.655273 0.660156 0.654297 0.661458 0.651367 0.662760 0.649414 0.665365 0.649414 0.675781 0.650391 0.677083 0.650391 0.678385 0.651367 0.678385 0.660156 0.684896 0.662109 0.684896 0.663086 0.686198 0.669922 0.686198 0.672852 0.683594 0.675781 0.683594 0.676758 0.682292 0.677734 0.682292 0.683594 0.675781 0.684570 0.675781 0.687500 0.671875 0.687500 0.651042 0.685547 0.648438 0.684570 0.648438 0.679688 0.641927 0.678711 0.641927 0.673828 0.635417 0.672852 0.635417 0.671875 0.634115 0.668945 0.634115 0.666016 0.631510
0 0.602539 0.641927 0.601562 0.643229 0.600586 0.643229 0.596680 0.654948 0.593750 0.658854 0.592773 0.658854 0.590820 0.661458 0.589844 0.661458 0.586914 0.664062 0.586914 0.666667 0.585938 0.667969 0.585938 0.673177 0.584961 0.674479 0.584961 0.678385 0.587891 0.682292 0.587891 0.683594 0.591797 0.683594 0.594727 0.690104 0.598633 0.690104 0.599609 0.691406 0.602539 0.692708 0.609375 0.700521 0.612305 0.700521 0.613281 0.699219 0.616211 0.697917 0.625000 0.686198 0.625000 0.683594 0.625977 0.682292 0.625977 0.679688 0.626953 0.678385 0.626953 0.673177 0.627930 0.671875 0.627930 0.664062 0.626953 0.662760 0.626953 0.658854 0.625000 0.654948 0.625000 0.652344 0.624023 0.651042 0.624023 0.649740 0.620117 0.644531 0.618164 0.644531 0.617188 0.643229 0.615234 0.643229 0.614258 0.641927 0.611328 0.641927 0.610352 0.640625 0.609375 0.641927
0 0.552734 0.690104 0.552734 0.699219 0.547852 0.708333 0.547852 0.716146 0.553711 0.723958 0.558594 0.738281 0.560547 0.740885 0.565430 0.743490 0.568359 0.743490 0.569336 0.744792 0.583008 0.744792 0.590820 0.739583 0.593750 0.739583 0.597656 0.735677 0.603516 0.717448 0.603516 0.704427 0.605469 0.701823 0.605469 0.699219 0.604492 0.699219 0.602539 0.695312 0.600586 0.694010 0.595703 0.694010 0.594727 0.692708 0.592773 0.692708 0.586914 0.688802 0.583984 0.684896 0.580078 0.683594 0.578125 0.679688 0.571289 0.675781 0.568359 0.675781 0.563477 0.678385 0.562500 0.679688 0.562500 0.682292 0.564453 0.684896 0.563477 0.686198
0 0.612305 0.707031 0.610352 0.708333 0.609375 0.712240 0.606445 0.716146 0.605469 0.720052 0.602539 0.723958 0.597656 0.738281 0.594727 0.742188 0.592773 0.747396 0.592773 0.750000 0.591797 0.751302 0.591797 0.755208 0.592773 0.757812 0.593750 0.757812 0.598633 0.764323 0.602539 0.766927 0.608398 0.774740 0.610352 0.776042 0.612305 0.776042 0.613281 0.774740 0.617188 0.774740 0.618164 0.773438 0.626953 0.773438 0.630859 0.768229 0.630859 0.766927 0.633789 0.761719 0.633789 0.755208 0.634766 0.753906 0.634766 0.744792 0.633789 0.743490 0.633789 0.725260 0.632812 0.723958 0.632812 0.721354 0.630859 0.718750 0.625977 0.716146 0.623047 0.712240 0.615234 0.707031
0 0.663086 0.695312 0.661133 0.695312 0.659180 0.697917 0.656250 0.697917 0.653320 0.695312 0.651367 0.697917 0.649414 0.697917 0.647461 0.700521 0.647461 0.703125 0.645508 0.705729 0.643555 0.704427 0.642578 0.700521 0.641602 0.705729 0.638672 0.709635 0.635742 0.709635 0.634766 0.710938 0.634766 0.722656 0.635742 0.723958 0.636719 0.731771 0.637695 0.733073 0.638672 0.738281 0.640625 0.740885 0.640625 0.742188 0.642578 0.743490 0.646484 0.750000 0.647461 0.750000 0.652344 0.755208 0.655273 0.755208 0.656250 0.753906 0.661133 0.752604 0.664062 0.750000 0.666016 0.750000 0.667969 0.747396 0.676758 0.742188 0.682617 0.735677 0.682617 0.722656 0.681641 0.721354 0.681641 0.716146 0.680664 0.713542 0.677734 0.709635 0.677734 0.708333 0.675781 0.707031 0.669922 0.699219 0.666016 0.696615 0.664062 0.696615
0 0.636719 0.760417 0.633789 0.764323 0.631836 0.769531 0.626953 0.776042 0.618164 0.776042 0.617188 0.777344 0.614258 0.777344 0.612305 0.781250 0.612305 0.791667 0.611328 0.794271 0.612305 0.795573 0.613281 0.800781 0.615234 0.803385 0.617188 0.808594 0.625000 0.817708 0.626953 0.817708 0.629883 0.820312 0.631836 0.820312 0.632812 0.821615 0.635742 0.821615 0.636719 0.822917 0.646484 0.822917 0.654297 0.813802 0.654297 0.811198 0.656250 0.807292 0.656250 0.803385 0.657227 0.802083 0.657227 0.792969 0.658203 0.791667 0.658203 0.785156 0.659180 0.783854 0.659180 0.778646 0.656250 0.770833 0.650391 0.764323 0.648438 0.764323 0.644531 0.761719 0.641602 0.761719 0.640625 0.760417
0 0.565430 0.748698 0.564453 0.750000 0.563477 0.750000 0.555664 0.760417 0.554688 0.760417 0.553711 0.761719 0.553711 0.763021 0.551758 0.766927 0.551758 0.769531 0.550781 0.770833 0.549805 0.777344 0.548828 0.778646 0.548828 0.779948 0.549805 0.781250 0.549805 0.785156 0.551758 0.787760 0.551758 0.790365 0.552734 0.791667 0.553711 0.795573 0.556641 0.799479 0.564453 0.799479 0.565430 0.800781 0.572266 0.800781 0.573242 0.802083 0.577148 0.802083 0.578125 0.800781 0.580078 0.800781 0.581055 0.799479 0.582031 0.799479 0.585938 0.794271 0.585938 0.792969 0.586914 0.791667 0.586914 0.789062 0.587891 0.787760 0.587891 0.785156 0.588867 0.783854 0.588867 0.779948 0.589844 0.778646 0.589844 0.774740 0.588867 0.773438 0.588867 0.769531 0.587891 0.768229 0.587891 0.765625 0.586914 0.764323 0.585938 0.757812 0.583008 0.752604 0.583008 0.751302 0.581055 0.748698
0 0.595703 0.791667 0.593750 0.791667 0.592773 0.792969 0.589844 0.792969 0.583008 0.802083 0.579102 0.803385 0.576172 0.807292 0.575195 0.807292 0.572266 0.811198 0.571289 0.813802 0.571289 0.817708 0.570312 0.819010 0.570312 0.833333 0.571289 0.834635 0.571289 0.837240 0.573242 0.839844 0.574219 0.845052 0.577148 0.850260 0.580078 0.851562 0.582031 0.854167 0.584961 0.854167 0.585938 0.855469 0.587891 0.855469 0.588867 0.854167 0.591797 0.854167 0.594727 0.851562 0.597656 0.851562 0.601562 0.848958 0.613281 0.848958 0.615234 0.846354 0.617188 0.841146 0.617188 0.821615 0.616211 0.820312 0.616211 0.816406 0.614258 0.811198 0.608398 0.803385 0.605469 0.802083 0.598633 0.792969 0.596680 0.792969
0 0.600586 0.856771 0.591797 0.856771 0.590820 0.858073 0.586914 0.858073 0.585938 0.859375 0.583984 0.859375 0.583008 0.860677 0.581055 0.860677 0.577148 0.863281 0.575195 0.865885 0.574219 0.869792 0.571289 0.873698 0.571289 0.875000 0.568359 0.877604 0.568359 0.880208 0.567383 0.881510 0.567383 0.886719 0.564453 0.891927 0.564453 0.894531 0.571289 0.903646 0.572266 0.903646 0.577148 0.908854 0.579102 0.910156 0.582031 0.910156 0.583008 0.911458 0.587891 0.911458 0.588867 0.912760 0.591797 0.912760 0.592773 0.911458 0.596680 0.911458 0.600586 0.907552 0.603516 0.906250 0.606445 0.902344 0.607422 0.902344 0.613281 0.893229 0.613281 0.886719 0.612305 0.885417 0.612305 0.880208 0.613281 0.878906 0.613281 0.875000 0.609375 0.864583 0.605469 0.859375 0.603516 0.858073 0.601562 0.858073
0 0.685547 0.247396 0.684570 0.251302 0.680664 0.256510 0.680664 0.257812 0.678711 0.261719 0.678711 0.264323 0.677734 0.265625 0.676758 0.272135 0.673828 0.278646 0.673828 0.287760 0.682617 0.302083 0.684570 0.302083 0.685547 0.303385 0.687500 0.303385 0.688477 0.304688 0.698242 0.304688 0.702148 0.300781 0.703125 0.300781 0.705078 0.298177 0.709961 0.295573 0.709961 0.294271 0.710938 0.292969 0.710938 0.278646 0.711914 0.277344 0.711914 0.273438 0.712891 0.272135 0.712891 0.266927 0.711914 0.265625 0.711914 0.263021 0.710938 0.261719 0.710938 0.260417 0.708984 0.257812 0.708008 0.257812 0.703125 0.253906 0.701172 0.253906 0.698242 0.251302 0.696289 0.251302 0.694336 0.248698 0.692383 0.248698 0.691406 0.247396
0 0.743164 0.251302 0.739258 0.253906 0.737305 0.256510 0.737305 0.257812 0.729492 0.266927 0.729492 0.269531 0.730469 0.270833 0.730469 0.276042 0.732422 0.278646 0.732422 0.281250 0.733398 0.282552 0.731445 0.287760 0.734375 0.292969 0.735352 0.296875 0.738281 0.299479 0.741211 0.307292 0.743164 0.307292 0.744141 0.308594 0.749023 0.308594 0.750000 0.309896 0.757812 0.309896 0.758789 0.308594 0.761719 0.308594 0.768555 0.299479 0.769531 0.299479 0.770508 0.296875 0.773438 0.292969 0.772461 0.290365 0.772461 0.282552 0.768555 0.274740 0.768555 0.269531 0.767578 0.268229 0.767578 0.264323 0.766602 0.263021 0.766602 0.257812 0.765625 0.259115 0.762695 0.259115 0.761719 0.257812 0.759766 0.257812 0.755859 0.252604 0.755859 0.251302
0 0.811523 0.329427 0.806641 0.322917 0.803711 0.321615 0.801758 0.319010 0.798828 0.319010 0.797852 0.317708 0.787109 0.319010 0.782227 0.322917 0.778320 0.324219 0.778320 0.326823 0.780273 0.329427 0.778320 0.332031 0.775391 0.332031 0.774414 0.334635 0.774414 0.339844 0.775391 0.341146 0.775391 0.343750 0.777344 0.348958 0.777344 0.352865 0.775391 0.358073 0.779297 0.363281 0.780273 0.365885 0.778320 0.368490 0.776367 0.368490 0.774414 0.371094 0.774414 0.372396 0.776367 0.372396 0.777344 0.373698 0.784180 0.373698 0.785156 0.375000 0.791992 0.375000 0.792969 0.376302 0.796875 0.376302 0.797852 0.375000 0.805664 0.373698 0.809570 0.371094 0.813477 0.365885 0.816406 0.364583 0.818359 0.361979 0.818359 0.359375 0.814453 0.348958 0.814453 0.343750 0.813477 0.342448 0.813477 0.337240 0.812500 0.335938 0.812500 0.332031
0 0.719727 0.329427 0.711914 0.335938 0.710938 0.338542 0.710938 0.341146 0.708984 0.342448 0.708008 0.345052 0.708008 0.348958 0.707031 0.350260 0.708008 0.361979 0.712891 0.375000 0.716797 0.377604 0.719727 0.377604 0.720703 0.378906 0.726562 0.378906 0.727539 0.380208 0.735352 0.380208 0.741211 0.376302 0.744141 0.376302 0.746094 0.375000 0.748047 0.369792 0.748047 0.365885 0.752930 0.355469 0.752930 0.348958 0.751953 0.347656 0.751953 0.345052 0.750000 0.342448 0.747070 0.333333 0.737305 0.326823 0.727539 0.326823 0.726562 0.328125
0 0.750977 0.378906 0.746094 0.385417 0.743164 0.386719 0.742188 0.389323 0.742188 0.397135 0.746094 0.402344 0.748047 0.403646 0.749023 0.406250 0.749023 0.408854 0.754883 0.416667 0.757812 0.425781 0.758789 0.425781 0.761719 0.429688 0.767578 0.433594 0.775391 0.433594 0.781250 0.427083 0.782227 0.427083 0.786133 0.421875 0.789062 0.414062 0.789062 0.407552 0.790039 0.406250 0.790039 0.399740 0.791016 0.398438 0.789062 0.391927 0.787109 0.390625 0.782227 0.384115 0.776367 0.380208 0.773438 0.376302 0.771484 0.375000 0.764648 0.375000 0.763672 0.376302 0.759766 0.376302 0.758789 0.377604 0.753906 0.377604 0.752930 0.378906
0 0.701172 0.393229 0.698242 0.397135 0.697266 0.397135 0.697266 0.398438 0.696289 0.399740 0.696289 0.404948 0.694336 0.408854 0.695312 0.410156 0.695312 0.414062 0.696289 0.415365 0.696289 0.421875 0.695312 0.423177 0.702148 0.430990 0.702148 0.432292 0.710938 0.446615 0.726562 0.446615 0.727539 0.445312 0.728516 0.445312 0.729492 0.441406 0.733398 0.436198 0.733398 0.434896 0.735352 0.430990 0.735352 0.411458 0.734375 0.410156 0.734375 0.408854 0.729492 0.402344 0.728516 0.402344 0.724609 0.397135 0.723633 0.397135 0.717773 0.389323 0.714844 0.389323 0.713867 0.390625 0.708984 0.390625 0.708008 0.391927 0.704102 0.391927 0.703125 0.393229
0 0.727539 0.459635 0.726562 0.460938 0.731445 0.464844 0.731445 0.467448 0.728516 0.471354 0.729492 0.475260 0.724609 0.480469 0.724609 0.484375 0.723633 0.485677 0.722656 0.484375 0.720703 0.484375 0.720703 0.494792 0.719727 0.496094 0.720703 0.497396 0.724609 0.496094 0.726562 0.498698 0.726562 0.505208 0.719727 0.515625 0.719727 0.518229 0.721680 0.518229 0.722656 0.519531 0.732422 0.519531 0.733398 0.518229 0.736328 0.518229 0.737305 0.516927 0.740234 0.516927 0.741211 0.515625 0.747070 0.515625 0.748047 0.514323 0.754883 0.513021 0.759766 0.506510 0.759766 0.500000 0.760742 0.498698 0.759766 0.481771 0.758789 0.480469 0.758789 0.476562 0.756836 0.473958 0.755859 0.470052 0.752930 0.468750 0.750977 0.466146 0.745117 0.464844 0.744141 0.463542 0.741211 0.463542 0.736328 0.459635
0 0.751953 0.445312 0.749023 0.453125 0.749023 0.462240 0.755859 0.470052 0.756836 0.470052 0.759766 0.475260 0.759766 0.477865 0.760742 0.479167 0.760742 0.485677 0.761719 0.486979 0.761719 0.498698 0.763672 0.502604 0.767578 0.502604 0.770508 0.500000 0.774414 0.500000 0.777344 0.502604 0.782227 0.502604 0.783203 0.501302 0.785156 0.501302 0.788086 0.497396 0.791016 0.489583 0.793945 0.485677 0.793945 0.471354 0.792969 0.470052 0.792969 0.467448 0.789062 0.462240 0.786133 0.453125 0.784180 0.450521 0.782227 0.445312 0.780273 0.444010 0.762695 0.444010 0.761719 0.445312
0 0.762695 0.511719 0.759766 0.511719 0.757812 0.514323 0.755859 0.514323 0.754883 0.515625 0.747070 0.515625 0.746094 0.516927 0.740234 0.516927 0.739258 0.518229 0.736328 0.518229 0.735352 0.519531 0.734375 0.519531 0.732422 0.522135 0.731445 0.522135 0.730469 0.526042 0.729492 0.527344 0.728516 0.527344 0.728516 0.528646 0.726562 0.532552 0.726562 0.537760 0.727539 0.539062 0.727539 0.542969 0.728516 0.544271 0.728516 0.545573 0.732422 0.550781 0.732422 0.552083 0.734375 0.555990 0.735352 0.555990 0.736328 0.557292 0.738281 0.557292 0.739258 0.558594 0.751953 0.558594 0.752930 0.557292 0.755859 0.557292 0.756836 0.555990 0.759766 0.554688 0.763672 0.549479 0.763672 0.548177 0.764648 0.546875 0.764648 0.542969 0.765625 0.541667 0.765625 0.531250 0.764648 0.529948 0.764648 0.524740 0.763672 0.523438 0.763672 0.522135 0.764648 0.520833 0.764648 0.515625
0 0.790039 0.549479 0.788086 0.549479 0.787109 0.548177 0.783203 0.548177 0.778320 0.541667 0.775391 0.541667 0.774414 0.540365 0.773438 0.540365 0.772461 0.541667 0.770508 0.541667 0.759766 0.557292 0.758789 0.557292 0.754883 0.561198 0.753906 0.561198 0.753906 0.565104 0.750977 0.570312 0.750977 0.575521 0.749023 0.579427 0.749023 0.582031 0.750000 0.583333 0.750000 0.584635 0.757812 0.596354 0.758789 0.596354 0.759766 0.597656 0.762695 0.597656 0.763672 0.598958 0.764648 0.597656 0.769531 0.597656 0.770508 0.596354 0.772461 0.596354 0.773438 0.595052 0.776367 0.595052 0.777344 0.593750 0.782227 0.593750 0.783203 0.592448 0.788086 0.589844 0.790039 0.585938 0.790039 0.582031 0.791016 0.580729 0.791016 0.574219 0.790039 0.572917 0.790039 0.567708 0.789062 0.566406 0.789062 0.558594 0.790039 0.557292 0.790039 0.554688 0.791016 0.553385 0.790039 0.552083
