0 0.493164 0.095052 0.478516 0.095052 0.477539 0.096354 0.475586 0.096354 0.474609 0.097656 0.473633 0.097656 0.471680 0.100260 0.470703 0.100260 0.467773 0.104167 0.467773 0.105469 0.465820 0.109375 0.465820 0.111979 0.464844 0.113281 0.464844 0.117188 0.463867 0.118490 0.463867 0.125000 0.462891 0.126302 0.463867 0.127604 0.464844 0.131510 0.466797 0.134115 0.467773 0.134115 0.473633 0.141927 0.473633 0.143229 0.483398 0.143229 0.484375 0.141927 0.485352 0.141927 0.488281 0.138021 0.489258 0.138021 0.491211 0.135417 0.492188 0.135417 0.492188 0.134115 0.494141 0.131510 0.494141 0.130208 0.495117 0.128906 0.495117 0.127604 0.499023 0.118490 0.499023 0.115885 0.500977 0.111979 0.500977 0.106771 0.500000 0.105469 0.499023 0.101562 0.496094 0.097656 0.495117 0.097656
0 0.522461 0.089844 0.520508 0.089844 0.519531 0.091146 0.516602 0.091146 0.515625 0.092448 0.510742 0.095052 0.506836 0.100260 0.505859 0.100260 0.503906 0.104167 0.502930 0.110677 0.500977 0.114583 0.500977 0.121094 0.507812 0.131510 0.507812 0.132812 0.511719 0.138021 0.511719 0.139323 0.517578 0.144531 0.521484 0.144531 0.522461 0.143229 0.523438 0.143229 0.526367 0.139323 0.529297 0.139323 0.529297 0.138021 0.533203 0.132812 0.536133 0.132812 0.540039 0.127604 0.540039 0.121094 0.541016 0.119792 0.541016 0.113281 0.541992 0.111979 0.541992 0.106771 0.541016 0.105469 0.540039 0.101562 0.539062 0.101562 0.534180 0.095052 0.533203 0.095052 0.532227 0.093750 0.528320 0.093750 0.527344 0.092448 0.526367 0.092448 0.525391 0.091146 0.523438 0.091146
0 0.560547 0.088542 0.559570 0.089844 0.556641 0.091146 0.554688 0.093750 0.553711 0.093750 0.552734 0.095052 0.552734 0.096354 0.546875 0.104167 0.546875 0.105469 0.544922 0.108073 0.544922 0.110677 0.543945 0.111979 0.543945 0.126302 0.546875 0.131510 0.547852 0.135417 0.554688 0.144531 0.555664 0.144531 0.556641 0.145833 0.567383 0.145833 0.568359 0.144531 0.571289 0.135417 0.573242 0.132812 0.573242 0.131510 0.579102 0.123698 0.584961 0.123698 0.585938 0.122396 0.587891 0.122396 0.587891 0.115885 0.586914 0.114583 0.586914 0.110677 0.584961 0.106771 0.584961 0.104167 0.583984 0.102865 0.583008 0.098958 0.578125 0.092448 0.577148 0.092448 0.576172 0.091146 0.571289 0.091146 0.570312 0.089844 0.568359 0.089844 0.567383 0.088542
0 0.608398 0.140625 0.607422 0.139323 0.606445 0.139323 0.597656 0.127604 0.596680 0.127604 0.595703 0.126302 0.590820 0.126302 0.589844 0.125000 0.583984 0.125000 0.583008 0.126302 0.579102 0.126302 0.578125 0.127604 0.577148 0.127604 0.571289 0.138021 0.571289 0.140625 0.570312 0.141927 0.570312 0.147135 0.569336 0.148438 0.569336 0.165365 0.570312 0.166667 0.571289 0.173177 0.572266 0.173177 0.574219 0.175781 0.576172 0.175781 0.581055 0.171875 0.594727 0.171875 0.598633 0.166667 0.599609 0.166667 0.601562 0.164062 0.601562 0.162760 0.606445 0.156250 0.607422 0.156250 0.609375 0.153646 0.609375 0.143229 0.608398 0.141927
0 0.553711 0.027344 0.542969 0.037760 0.542969 0.039062 0.541016 0.041667 0.537109 0.050781 0.537109 0.058594 0.539062 0.062500 0.539062 0.065104 0.540039 0.066406 0.541016 0.071615 0.543945 0.074219 0.544922 0.079427 0.548828 0.084635 0.549805 0.083333 0.563477 0.084635 0.563477 0.083333 0.567383 0.080729 0.567383 0.079427 0.562500 0.079427 0.559570 0.076823 0.554688 0.076823 0.553711 0.074219 0.557617 0.071615 0.557617 0.070312 0.560547 0.067708 0.562500 0.067708 0.563477 0.069010 0.563477 0.061198 0.564453 0.058594 0.566406 0.055990 0.566406 0.054688 0.575195 0.042969 0.576172 0.037760 0.575195 0.036458 0.575195 0.033854 0.571289 0.027344
0 0.616211 0.066406 0.609375 0.066406 0.608398 0.067708 0.605469 0.069010 0.603516 0.071615 0.602539 0.071615 0.595703 0.080729 0.593750 0.087240 0.585938 0.096354 0.585938 0.101562 0.587891 0.105469 0.587891 0.108073 0.588867 0.109375 0.588867 0.111979 0.589844 0.113281 0.589844 0.114583 0.592773 0.118490 0.592773 0.119792 0.593750 0.119792 0.597656 0.125000 0.601562 0.125000 0.602539 0.126302 0.605469 0.126302 0.606445 0.127604 0.609375 0.127604 0.610352 0.126302 0.611328 0.126302 0.611328 0.125000 0.613281 0.122396 0.614258 0.122396 0.614258 0.121094 0.617188 0.117188 0.617188 0.115885 0.621094 0.110677 0.622070 0.110677 0.625000 0.106771 0.625000 0.105469 0.625977 0.104167 0.626953 0.104167 0.628906 0.101562 0.628906 0.096354 0.627930 0.095052 0.627930 0.089844 0.626953 0.088542 0.625977 0.084635 0.624023 0.082031 0.624023 0.078125 0.623047 0.076823 0.623047 0.074219 0.618164 0.067708 0.617188 0.067708
0 0.641602 0.106771 0.631836 0.106771 0.630859 0.108073 0.628906 0.108073 0.625977 0.110677 0.624023 0.110677 0.618164 0.117188 0.618164 0.118490 0.611328 0.128906 0.611328 0.132812 0.610352 0.134115 0.610352 0.141927 0.611328 0.143229 0.611328 0.148438 0.612305 0.149740 0.612305 0.152344 0.614258 0.154948 0.614258 0.156250 0.618164 0.161458 0.619141 0.161458 0.622070 0.164062 0.624023 0.164062 0.626953 0.161458 0.628906 0.161458 0.632812 0.157552 0.637695 0.157552 0.637695 0.156250 0.638672 0.154948 0.638672 0.145833 0.639648 0.144531 0.639648 0.141927 0.640625 0.140625 0.643555 0.131510 0.647461 0.126302 0.648438 0.126302 0.648438 0.125000 0.649414 0.123698 0.649414 0.121094 0.648438 0.119792 0.646484 0.113281 0.645508 0.111979 0.644531 0.111979 0.641602 0.108073
0 0.676758 0.118490 0.674805 0.117188 0.672852 0.117188 0.671875 0.115885 0.668945 0.115885 0.666016 0.111979 0.664062 0.111979 0.658203 0.115885 0.657227 0.118490 0.654297 0.122396 0.652344 0.122396 0.647461 0.128906 0.646484 0.128906 0.644531 0.131510 0.640625 0.141927 0.640625 0.145833 0.639648 0.147135 0.639648 0.149740 0.640625 0.151042 0.640625 0.158854 0.641602 0.160156 0.641602 0.166667 0.642578 0.167969 0.642578 0.170573 0.646484 0.178385 0.649414 0.175781 0.662109 0.175781 0.663086 0.174479 0.662109 0.167969 0.665039 0.165365 0.667969 0.165365 0.670898 0.161458 0.671875 0.161458 0.671875 0.160156 0.674805 0.156250 0.675781 0.153646 0.675781 0.149740 0.676758 0.148438 0.676758 0.144531 0.675781 0.143229 0.675781 0.134115 0.677734 0.128906 0.677734 0.121094
0 0.546875 0.153646 0.545898 0.153646 0.544922 0.152344 0.540039 0.152344 0.539062 0.153646 0.538086 0.153646 0.533203 0.157552 0.528320 0.157552 0.527344 0.158854 0.524414 0.158854 0.522461 0.161458 0.521484 0.165365 0.518555 0.169271 0.518555 0.170573 0.516602 0.173177 0.516602 0.179688 0.517578 0.180990 0.517578 0.183594 0.518555 0.184896 0.518555 0.186198 0.519531 0.187500 0.520508 0.191406 0.521484 0.191406 0.524414 0.195312 0.525391 0.195312 0.526367 0.196615 0.532227 0.196615 0.534180 0.194010 0.534180 0.192708 0.536133 0.190104 0.536133 0.188802 0.537109 0.187500 0.538086 0.183594 0.540039 0.180990 0.541016 0.180990 0.542969 0.178385 0.545898 0.177083 0.547852 0.174479 0.548828 0.174479 0.549805 0.173177 0.552734 0.173177 0.552734 0.170573 0.553711 0.169271 0.552734 0.167969 0.552734 0.166667 0.549805 0.162760 0.549805 0.161458 0.548828 0.160156 0.548828 0.157552
0 0.568359 0.175781 0.565430 0.175781 0.564453 0.174479 0.553711 0.174479 0.552734 0.175781 0.549805 0.175781 0.548828 0.177083 0.543945 0.178385 0.538086 0.186198 0.536133 0.191406 0.535156 0.197917 0.534180 0.199219 0.534180 0.209635 0.535156 0.210938 0.535156 0.213542 0.536133 0.216146 0.541992 0.225260 0.545898 0.227865 0.547852 0.227865 0.548828 0.229167 0.551758 0.229167 0.552734 0.230469 0.554688 0.230469 0.555664 0.231771 0.560547 0.226562 0.561523 0.226562 0.561523 0.221354 0.563477 0.218750 0.565430 0.223958 0.567383 0.225260 0.568359 0.222656 0.570312 0.220052 0.571289 0.220052 0.572266 0.217448 0.572266 0.214844 0.576172 0.209635 0.577148 0.209635 0.578125 0.207031 0.578125 0.203125 0.579102 0.201823 0.579102 0.194010 0.577148 0.191406 0.577148 0.188802 0.574219 0.183594 0.574219 0.182292 0.570312 0.177083
0 0.513672 0.148438 0.510742 0.148438 0.509766 0.147135 0.504883 0.153646 0.503906 0.153646 0.497070 0.162760 0.496094 0.162760 0.493164 0.165365 0.491211 0.165365 0.490234 0.169271 0.488281 0.171875 0.486328 0.179688 0.487305 0.180990 0.487305 0.183594 0.488281 0.184896 0.488281 0.187500 0.489258 0.188802 0.489258 0.191406 0.493164 0.196615 0.495117 0.196615 0.496094 0.197917 0.498047 0.197917 0.499023 0.196615 0.500977 0.196615 0.501953 0.195312 0.504883 0.195312 0.505859 0.194010 0.506836 0.194010 0.507812 0.192708 0.510742 0.191406 0.512695 0.188802 0.513672 0.188802 0.514648 0.187500 0.514648 0.186198 0.515625 0.184896 0.515625 0.174479 0.516602 0.173177 0.516602 0.171875 0.518555 0.169271 0.518555 0.167969 0.521484 0.161458 0.521484 0.157552 0.519531 0.154948 0.518555 0.154948 0.517578 0.153646 0.517578 0.152344 0.516602 0.151042 0.515625 0.151042
0 0.482422 0.178385 0.481445 0.177083 0.481445 0.175781 0.477539 0.170573 0.476562 0.170573 0.470703 0.162760 0.460938 0.162760 0.459961 0.164062 0.458008 0.164062 0.457031 0.165365 0.452148 0.167969 0.448242 0.173177 0.448242 0.174479 0.444336 0.183594 0.444336 0.186198 0.443359 0.187500 0.443359 0.196615 0.447266 0.196615 0.448242 0.195312 0.449219 0.195312 0.451172 0.192708 0.452148 0.192708 0.455078 0.190104 0.459961 0.190104 0.460938 0.191406 0.461914 0.191406 0.463867 0.194010 0.463867 0.195312 0.465820 0.197917 0.465820 0.200521 0.469727 0.200521 0.471680 0.197917 0.471680 0.196615 0.473633 0.194010 0.473633 0.192708 0.474609 0.191406 0.474609 0.187500 0.475586 0.186198 0.475586 0.179688 0.476562 0.178385 0.476562 0.177083 0.477539 0.175781 0.479492 0.175781 0.481445 0.179688 0.482422 0.179688
0 0.455078 0.191406 0.445312 0.197917 0.443359 0.200521 0.443359 0.203125 0.442383 0.204427 0.442383 0.208333 0.439453 0.213542 0.437500 0.218750 0.437500 0.221354 0.436523 0.222656 0.436523 0.230469 0.438477 0.235677 0.444336 0.246094 0.445312 0.246094 0.447266 0.248698 0.449219 0.248698 0.451172 0.251302 0.452148 0.251302 0.453125 0.253906 0.458984 0.253906 0.460938 0.251302 0.458984 0.248698 0.457031 0.250000 0.455078 0.250000 0.454102 0.251302 0.453125 0.250000 0.453125 0.247396 0.455078 0.244792 0.458008 0.244792 0.458984 0.242188 0.458984 0.239583 0.464844 0.230469 0.464844 0.227865 0.466797 0.223958 0.466797 0.220052 0.469727 0.214844 0.468750 0.213542 0.468750 0.209635 0.467773 0.208333 0.467773 0.205729 0.465820 0.200521 0.463867 0.197917 0.463867 0.196615 0.460938 0.192708 0.458984 0.191406
0 0.495117 0.222656 0.494141 0.223958 0.492188 0.223958 0.491211 0.225260 0.488281 0.226562 0.481445 0.235677 0.481445 0.236979 0.478516 0.240885 0.478516 0.242188 0.477539 0.243490 0.477539 0.248698 0.476562 0.250000 0.476562 0.257812 0.478516 0.261719 0.480469 0.261719 0.481445 0.263021 0.484375 0.264323 0.488281 0.269531 0.491211 0.270833 0.498047 0.278646 0.499023 0.277344 0.500977 0.277344 0.504883 0.272135 0.506836 0.272135 0.507812 0.270833 0.509766 0.270833 0.510742 0.269531 0.512695 0.269531 0.513672 0.268229 0.513672 0.265625 0.514648 0.264323 0.514648 0.260417 0.515625 0.259115 0.515625 0.236979 0.513672 0.234375 0.513672 0.233073 0.506836 0.229167 0.501953 0.223958 0.500977 0.223958 0.500000 0.222656
0 0.541992 0.226562 0.538086 0.226562 0.537109 0.227865 0.532227 0.230469 0.530273 0.233073 0.527344 0.234375 0.525391 0.236979 0.524414 0.236979 0.521484 0.239583 0.519531 0.239583 0.516602 0.244792 0.516602 0.259115 0.517578 0.260417 0.517578 0.263021 0.524414 0.272135 0.526367 0.272135 0.528320 0.274740 0.529297 0.278646 0.531250 0.278646 0.532227 0.279948 0.536133 0.279948 0.541016 0.272135 0.541992 0.272135 0.544922 0.268229 0.545898 0.268229 0.546875 0.266927 0.553711 0.266927 0.550781 0.266927 0.548828 0.264323 0.548828 0.257812 0.551758 0.252604 0.551758 0.250000 0.552734 0.248698 0.552734 0.247396 0.553711 0.246094 0.553711 0.243490 0.554688 0.242188 0.553711 0.240885 0.553711 0.236979 0.548828 0.230469 0.547852 0.230469 0.546875 0.229167 0.544922 0.229167
0 0.567383 0.274740 0.566406 0.274740 0.565430 0.273438 0.563477 0.273438 0.562500 0.272135 0.558594 0.272135 0.557617 0.270833 0.552734 0.270833 0.551758 0.269531 0.546875 0.269531 0.545898 0.270833 0.544922 0.270833 0.539062 0.278646 0.538086 0.282552 0.534180 0.289062 0.534180 0.291667 0.533203 0.292969 0.533203 0.294271 0.534180 0.295573 0.534180 0.300781 0.535156 0.302083 0.535156 0.303385 0.538086 0.307292 0.540039 0.315104 0.541016 0.315104 0.543945 0.319010 0.543945 0.320312 0.547852 0.320312 0.548828 0.319010 0.550781 0.319010 0.555664 0.312500 0.560547 0.309896 0.564453 0.304688 0.564453 0.303385 0.568359 0.296875 0.570312 0.290365 0.572266 0.287760 0.572266 0.285156 0.571289 0.283854 0.569336 0.277344
0 0.591797 0.203125 0.590820 0.204427 0.587891 0.204427 0.581055 0.209635 0.579102 0.209635 0.578125 0.210938 0.577148 0.210938 0.574219 0.214844 0.573242 0.218750 0.571289 0.221354 0.571289 0.223958 0.570312 0.225260 0.570312 0.231771 0.573242 0.238281 0.573242 0.240885 0.574219 0.242188 0.574219 0.243490 0.575195 0.244792 0.576172 0.244792 0.578125 0.247396 0.578125 0.248698 0.579102 0.248698 0.586914 0.257812 0.589844 0.257812 0.590820 0.256510 0.591797 0.256510 0.594727 0.261719 0.596680 0.261719 0.597656 0.260417 0.598633 0.260417 0.600586 0.256510 0.599609 0.255208 0.599609 0.251302 0.600586 0.250000 0.601562 0.246094 0.607422 0.238281 0.607422 0.235677 0.608398 0.234375 0.608398 0.218750 0.609375 0.217448 0.609375 0.213542 0.608398 0.212240 0.608398 0.210938 0.603516 0.204427 0.601562 0.204427 0.600586 0.203125
0 0.614258 0.268229 0.613281 0.268229 0.612305 0.266927 0.610352 0.266927 0.609375 0.265625 0.598633 0.265625 0.597656 0.266927 0.595703 0.266927 0.594727 0.268229 0.593750 0.268229 0.590820 0.272135 0.590820 0.273438 0.587891 0.277344 0.586914 0.277344 0.586914 0.278646 0.585938 0.279948 0.584961 0.279948 0.582031 0.283854 0.582031 0.285156 0.579102 0.289062 0.579102 0.291667 0.578125 0.292969 0.579102 0.294271 0.579102 0.299479 0.583984 0.305990 0.583984 0.307292 0.586914 0.311198 0.591797 0.313802 0.592773 0.312500 0.593750 0.312500 0.601562 0.303385 0.602539 0.303385 0.607422 0.299479 0.609375 0.299479 0.610352 0.298177 0.615234 0.298177 0.618164 0.295573 0.618164 0.290365 0.619141 0.289062 0.618164 0.287760 0.618164 0.281250 0.617188 0.279948 0.617188 0.274740 0.616211 0.273438 0.616211 0.270833
0 0.646484 0.184896 0.643555 0.184896 0.642578 0.183594 0.641602 0.184896 0.638672 0.184896 0.632812 0.191406 0.630859 0.191406 0.628906 0.194010 0.628906 0.195312 0.627930 0.196615 0.627930 0.199219 0.622070 0.209635 0.622070 0.214844 0.621094 0.216146 0.621094 0.223958 0.623047 0.227865 0.623047 0.231771 0.625977 0.235677 0.626953 0.235677 0.630859 0.239583 0.634766 0.239583 0.635742 0.240885 0.646484 0.240885 0.647461 0.239583 0.648438 0.239583 0.650391 0.236979 0.650391 0.230469 0.651367 0.229167 0.651367 0.226562 0.652344 0.225260 0.652344 0.223958 0.655273 0.220052 0.655273 0.218750 0.661133 0.210938 0.661133 0.209635 0.662109 0.208333 0.662109 0.204427 0.661133 0.204427 0.655273 0.196615 0.655273 0.195312 0.654297 0.195312
0 0.673828 0.200521 0.668945 0.203125 0.656250 0.220052 0.656250 0.221354 0.653320 0.225260 0.653320 0.227865 0.652344 0.229167 0.652344 0.236979 0.654297 0.242188 0.661133 0.251302 0.661133 0.252604 0.666016 0.257812 0.673828 0.257812 0.674805 0.259115 0.677734 0.259115 0.680664 0.256510 0.685547 0.257812 0.687500 0.256510 0.686523 0.256510 0.684570 0.252604 0.682617 0.256510 0.680664 0.256510 0.678711 0.255208 0.676758 0.251302 0.677734 0.250000 0.679688 0.250000 0.683594 0.246094 0.684570 0.246094 0.685547 0.248698 0.689453 0.248698 0.690430 0.247396 0.692383 0.247396 0.698242 0.239583 0.700195 0.239583 0.703125 0.236979 0.703125 0.233073 0.704102 0.231771 0.703125 0.230469 0.703125 0.226562 0.700195 0.221354 0.699219 0.214844 0.692383 0.204427 0.686523 0.200521
0 0.745117 0.175781 0.743164 0.174479 0.742188 0.175781 0.734375 0.175781 0.728516 0.167969 0.725586 0.167969 0.723633 0.165365 0.719727 0.167969 0.716797 0.167969 0.713867 0.171875 0.712891 0.171875 0.711914 0.177083 0.710938 0.178385 0.710938 0.184896 0.707031 0.194010 0.707031 0.196615 0.706055 0.197917 0.706055 0.203125 0.705078 0.204427 0.706055 0.207031 0.706055 0.222656 0.708008 0.227865 0.711914 0.230469 0.718750 0.230469 0.719727 0.229167 0.720703 0.230469 0.724609 0.231771 0.725586 0.230469 0.732422 0.229167 0.736328 0.225260 0.737305 0.220052 0.738281 0.218750 0.738281 0.216146 0.741211 0.210938 0.745117 0.200521 0.745117 0.197917 0.747070 0.194010 0.747070 0.180990
0 0.742188 0.230469 0.740234 0.229167 0.735352 0.229167 0.734375 0.230469 0.731445 0.230469 0.727539 0.233073 0.725586 0.235677 0.724609 0.235677 0.719727 0.242188 0.713867 0.246094 0.713867 0.248698 0.712891 0.250000 0.712891 0.253906 0.711914 0.255208 0.711914 0.263021 0.710938 0.264323 0.710938 0.266927 0.709961 0.268229 0.708984 0.273438 0.709961 0.274740 0.709961 0.278646 0.711914 0.283854 0.712891 0.283854 0.714844 0.286458 0.714844 0.289062 0.716797 0.292969 0.720703 0.290365 0.726562 0.290365 0.727539 0.291667 0.734375 0.291667 0.735352 0.290365 0.739258 0.290365 0.743164 0.283854 0.746094 0.282552 0.751953 0.274740 0.751953 0.273438 0.757812 0.266927 0.756836 0.265625 0.755859 0.260417 0.751953 0.255208 0.746094 0.236979
0 0.810547 0.235677 0.808594 0.234375 0.805664 0.229167 0.798828 0.225260 0.794922 0.220052 0.792969 0.218750 0.790039 0.218750 0.789062 0.217448 0.777344 0.217448 0.776367 0.218750 0.770508 0.220052 0.768555 0.222656 0.765625 0.223958 0.763672 0.226562 0.763672 0.229167 0.762695 0.230469 0.762695 0.236979 0.763672 0.238281 0.763672 0.242188 0.764648 0.243490 0.764648 0.251302 0.767578 0.256510 0.767578 0.263021 0.764648 0.266927 0.764648 0.273438 0.765625 0.276042 0.766602 0.276042 0.770508 0.279948 0.778320 0.279948 0.779297 0.278646 0.781250 0.278646 0.788086 0.270833 0.793945 0.269531 0.794922 0.268229 0.797852 0.269531 0.799805 0.264323 0.802734 0.260417 0.803711 0.256510 0.806641 0.252604 0.806641 0.240885 0.808594 0.238281 0.810547 0.238281
0 0.655273 0.246094 0.654297 0.246094 0.653320 0.244792 0.652344 0.244792 0.651367 0.246094 0.646484 0.246094 0.645508 0.244792 0.637695 0.244792 0.636719 0.243490 0.630859 0.243490 0.627930 0.247396 0.627930 0.248698 0.626953 0.250000 0.625977 0.250000 0.621094 0.256510 0.621094 0.257812 0.618164 0.264323 0.618164 0.277344 0.619141 0.278646 0.619141 0.281250 0.620117 0.282552 0.620117 0.285156 0.621094 0.286458 0.622070 0.290365 0.623047 0.290365 0.625977 0.292969 0.628906 0.292969 0.629883 0.294271 0.630859 0.294271 0.631836 0.292969 0.633789 0.292969 0.634766 0.291667 0.642578 0.291667 0.644531 0.289062 0.645508 0.289062 0.646484 0.285156 0.658203 0.269531 0.661133 0.269531 0.662109 0.268229 0.662109 0.266927 0.661133 0.265625 0.661133 0.263021 0.658203 0.257812 0.658203 0.252604
0 0.640625 0.315104 0.637695 0.309896 0.636719 0.309896 0.634766 0.312500 0.631836 0.311198 0.629883 0.308594 0.630859 0.307292 0.632812 0.307292 0.633789 0.304688 0.629883 0.302083 0.623047 0.302083 0.622070 0.300781 0.618164 0.300781 0.617188 0.299479 0.610352 0.299479 0.609375 0.300781 0.607422 0.300781 0.601562 0.304688 0.598633 0.308594 0.597656 0.308594 0.596680 0.311198 0.592773 0.316406 0.588867 0.326823 0.588867 0.343750 0.590820 0.348958 0.592773 0.351562 0.596680 0.352865 0.597656 0.354167 0.602539 0.354167 0.603516 0.352865 0.612305 0.352865 0.613281 0.354167 0.619141 0.354167 0.621094 0.352865 0.622070 0.350260 0.624023 0.348958 0.633789 0.334635 0.633789 0.333333 0.635742 0.330729 0.635742 0.328125 0.637695 0.322917 0.639648 0.320312
0 0.604492 0.355469 0.600586 0.358073 0.592773 0.368490 0.591797 0.368490 0.589844 0.373698 0.589844 0.377604 0.588867 0.378906 0.588867 0.389323 0.589844 0.390625 0.589844 0.393229 0.593750 0.403646 0.599609 0.410156 0.600586 0.414062 0.602539 0.414062 0.603516 0.415365 0.614258 0.415365 0.615234 0.414062 0.619141 0.414062 0.625977 0.404948 0.629883 0.402344 0.630859 0.399740 0.630859 0.397135 0.631836 0.395833 0.631836 0.375000 0.628906 0.369792 0.628906 0.368490 0.626953 0.365885 0.626953 0.364583 0.625977 0.364583 0.624023 0.361979 0.618164 0.358073 0.616211 0.358073 0.613281 0.355469
0 0.508789 0.272135 0.504883 0.274740 0.499023 0.282552 0.499023 0.283854 0.496094 0.289062 0.496094 0.291667 0.495117 0.292969 0.495117 0.296875 0.494141 0.298177 0.494141 0.305990 0.495117 0.307292 0.495117 0.311198 0.496094 0.312500 0.496094 0.315104 0.497070 0.317708 0.500000 0.321615 0.501953 0.322917 0.503906 0.322917 0.504883 0.324219 0.506836 0.324219 0.508789 0.326823 0.511719 0.328125 0.514648 0.332031 0.518555 0.332031 0.519531 0.333333 0.529297 0.333333 0.531250 0.332031 0.531250 0.330729 0.537109 0.321615 0.537109 0.309896 0.533203 0.304688 0.533203 0.302083 0.532227 0.300781 0.532227 0.289062 0.529297 0.281250 0.527344 0.279948 0.524414 0.276042 0.520508 0.276042 0.516602 0.272135
0 0.449219 0.291667 0.450195 0.292969 0.451172 0.296875 0.452148 0.296875 0.458984 0.304688 0.459961 0.303385 0.461914 0.303385 0.462891 0.302083 0.465820 0.302083 0.466797 0.300781 0.469727 0.300781 0.475586 0.292969 0.475586 0.287760 0.477539 0.283854 0.479492 0.283854 0.480469 0.282552 0.481445 0.282552 0.486328 0.274740 0.488281 0.277344 0.489258 0.281250 0.490234 0.281250 0.490234 0.276042 0.481445 0.265625 0.476562 0.264323 0.471680 0.260417 0.468750 0.260417 0.467773 0.259115 0.462891 0.259115 0.459961 0.256510 0.457031 0.256510 0.456055 0.257812 0.454102 0.257812 0.453125 0.259115 0.453125 0.260417 0.452148 0.261719 0.452148 0.264323 0.451172 0.265625 0.451172 0.281250 0.450195 0.282552 0.450195 0.286458 0.449219 0.287760
0 0.461914 0.311198 0.460938 0.312500 0.458008 0.312500 0.456055 0.315104 0.454102 0.315104 0.452148 0.317708 0.449219 0.319010 0.444336 0.325521 0.443359 0.325521 0.442383 0.326823 0.442383 0.328125 0.440430 0.330729 0.440430 0.333333 0.439453 0.334635 0.439453 0.343750 0.440430 0.345052 0.440430 0.348958 0.443359 0.355469 0.443359 0.358073 0.444336 0.359375 0.444336 0.360677 0.445312 0.361979 0.448242 0.363281 0.450195 0.365885 0.453125 0.365885 0.454102 0.367188 0.456055 0.367188 0.458984 0.369792 0.464844 0.369792 0.469727 0.365885 0.469727 0.355469 0.472656 0.348958 0.472656 0.346354 0.473633 0.345052 0.473633 0.342448 0.474609 0.341146 0.474609 0.335938 0.475586 0.334635 0.475586 0.332031 0.474609 0.330729 0.474609 0.325521 0.473633 0.324219 0.472656 0.320312 0.469727 0.316406 0.469727 0.315104 0.468750 0.315104 0.465820 0.312500 0.462891 0.312500
0 0.481445 0.321615 0.480469 0.322917 0.480469 0.324219 0.479492 0.325521 0.479492 0.328125 0.476562 0.334635 0.476562 0.337240 0.475586 0.338542 0.475586 0.341146 0.474609 0.342448 0.474609 0.345052 0.473633 0.346354 0.473633 0.348958 0.472656 0.350260 0.472656 0.352865 0.471680 0.354167 0.471680 0.360677 0.474609 0.360677 0.477539 0.356771 0.480469 0.356771 0.481445 0.355469 0.483398 0.355469 0.484375 0.356771 0.487305 0.356771 0.491211 0.361979 0.492188 0.361979 0.494141 0.365885 0.499023 0.367188 0.500000 0.365885 0.497070 0.365885 0.496094 0.364583 0.496094 0.360677 0.497070 0.359375 0.497070 0.358073 0.498047 0.356771 0.499023 0.356771 0.500977 0.354167 0.500977 0.352865 0.502930 0.348958 0.502930 0.345052 0.503906 0.343750 0.503906 0.335938 0.504883 0.334635 0.504883 0.330729 0.498047 0.321615 0.497070 0.321615 0.494141 0.319010 0.489258 0.319010 0.488281 0.320312 0.485352 0.320312 0.484375 0.321615
0 0.723633 0.326823 0.720703 0.325521 0.715820 0.316406 0.712891 0.313802 0.710938 0.313802 0.705078 0.307292 0.700195 0.305990 0.699219 0.307292 0.696289 0.307292 0.689453 0.312500 0.684570 0.313802 0.682617 0.316406 0.679688 0.317708 0.674805 0.324219 0.671875 0.330729 0.671875 0.333333 0.669922 0.338542 0.669922 0.342448 0.668945 0.343750 0.668945 0.358073 0.669922 0.359375 0.670898 0.365885 0.672852 0.369792 0.682617 0.371094 0.687500 0.373698 0.691406 0.373698 0.692383 0.372396 0.697266 0.375000 0.702148 0.375000 0.704102 0.373698 0.707031 0.368490 0.715820 0.361979 0.719727 0.355469 0.717773 0.350260 0.717773 0.343750 0.716797 0.342448 0.716797 0.339844 0.717773 0.338542 0.718750 0.328125 0.721680 0.325521 0.722656 0.326823 0.722656 0.330729 0.724609 0.330729
0 0.732422 0.356771 0.730469 0.356771 0.729492 0.355469 0.724609 0.355469 0.719727 0.359375 0.719727 0.360677 0.716797 0.364583 0.712891 0.365885 0.707031 0.372396 0.703125 0.382812 0.700195 0.386719 0.700195 0.390625 0.701172 0.391927 0.702148 0.398438 0.704102 0.402344 0.705078 0.411458 0.707031 0.416667 0.712891 0.423177 0.713867 0.423177 0.716797 0.417969 0.720703 0.417969 0.722656 0.420573 0.724609 0.420573 0.725586 0.419271 0.732422 0.419271 0.732422 0.415365 0.730469 0.415365 0.729492 0.412760 0.735352 0.406250 0.739258 0.408854 0.739258 0.411458 0.738281 0.412760 0.739258 0.412760 0.739258 0.408854 0.741211 0.406250 0.745117 0.404948 0.749023 0.402344 0.750977 0.398438 0.752930 0.398438 0.750977 0.395833 0.750000 0.381510 0.747070 0.372396 0.742188 0.364583 0.739258 0.363281 0.736328 0.359375
0 0.734375 0.350260 0.734375 0.355469 0.738281 0.360677 0.741211 0.361979 0.747070 0.369792 0.751953 0.382812 0.760742 0.382812 0.761719 0.384115 0.768555 0.382812 0.774414 0.377604 0.777344 0.377604 0.778320 0.376302 0.780273 0.376302 0.784180 0.372396 0.787109 0.372396 0.789062 0.368490 0.789062 0.361979 0.788086 0.360677 0.787109 0.350260 0.785156 0.345052 0.783203 0.342448 0.783203 0.339844 0.781250 0.335938 0.781250 0.332031 0.779297 0.326823 0.777344 0.324219 0.769531 0.319010 0.756836 0.319010 0.755859 0.320312 0.753906 0.320312 0.752930 0.321615 0.749023 0.322917 0.739258 0.337240 0.739258 0.339844 0.736328 0.347656
0 0.833008 0.311198 0.829102 0.309896 0.825195 0.305990 0.818359 0.305990 0.817383 0.304688 0.814453 0.304688 0.813477 0.305990 0.807617 0.305990 0.803711 0.308594 0.799805 0.313802 0.798828 0.313802 0.789062 0.328125 0.788086 0.330729 0.788086 0.337240 0.789062 0.338542 0.789062 0.348958 0.790039 0.350260 0.790039 0.354167 0.793945 0.365885 0.797852 0.371094 0.803711 0.372396 0.808594 0.368490 0.818359 0.368490 0.819336 0.367188 0.822266 0.367188 0.826172 0.363281 0.831055 0.350260 0.835938 0.345052 0.837891 0.339844 0.837891 0.332031 0.836914 0.330729 0.836914 0.320312 0.834961 0.317708
0 0.792969 0.372396 0.791016 0.372396 0.786133 0.376302 0.780273 0.377604 0.772461 0.382812 0.770508 0.382812 0.762695 0.393229 0.760742 0.398438 0.760742 0.401042 0.758789 0.403646 0.758789 0.412760 0.759766 0.414062 0.759766 0.416667 0.762695 0.424479 0.765625 0.428385 0.770508 0.430990 0.774414 0.436198 0.776367 0.436198 0.777344 0.437500 0.785156 0.436198 0.788086 0.433594 0.790039 0.433594 0.794922 0.429688 0.796875 0.429688 0.804688 0.424479 0.806641 0.419271 0.806641 0.412760 0.811523 0.406250 0.811523 0.402344 0.806641 0.393229 0.806641 0.390625 0.804688 0.385417 0.799805 0.378906 0.798828 0.376302
0 0.785156 0.444010 0.773438 0.444010 0.772461 0.445312 0.770508 0.445312 0.766602 0.447917 0.762695 0.447917 0.754883 0.457031 0.753906 0.460938 0.750977 0.464844 0.750000 0.468750 0.748047 0.471354 0.747070 0.473958 0.747070 0.479167 0.746094 0.480469 0.747070 0.481771 0.747070 0.485677 0.749023 0.488281 0.750000 0.493490 0.751953 0.496094 0.752930 0.500000 0.754883 0.501302 0.758789 0.507812 0.764648 0.509115 0.765625 0.510417 0.768555 0.509115 0.778320 0.497396 0.778320 0.494792 0.779297 0.493490 0.779297 0.490885 0.780273 0.489583 0.781250 0.484375 0.785156 0.479167 0.789062 0.477865 0.790039 0.476562 0.791992 0.476562 0.795898 0.472656 0.795898 0.467448 0.793945 0.462240 0.790039 0.455729 0.790039 0.453125 0.788086 0.447917
0 0.802734 0.476562 0.794922 0.475260 0.791992 0.477865 0.785156 0.480469 0.781250 0.486979 0.779297 0.500000 0.777344 0.502604 0.774414 0.503906 0.767578 0.514323 0.767578 0.516927 0.766602 0.518229 0.766602 0.527344 0.768555 0.528646 0.774414 0.537760 0.774414 0.540365 0.778320 0.548177 0.782227 0.544271 0.786133 0.544271 0.787109 0.541667 0.791016 0.537760 0.799805 0.537760 0.805664 0.542969 0.812500 0.540365 0.816406 0.527344 0.820312 0.520833 0.821289 0.514323 0.822266 0.513021 0.823242 0.514323 0.825195 0.514323 0.826172 0.513021 0.825195 0.510417 0.823242 0.511719 0.821289 0.510417 0.820312 0.496094 0.819336 0.496094 0.807617 0.480469
0 0.724609 0.514323 0.722656 0.520833 0.720703 0.523438 0.719727 0.531250 0.718750 0.532552 0.718750 0.540365 0.720703 0.546875 0.720703 0.554688 0.725586 0.561198 0.730469 0.563802 0.733398 0.569010 0.738281 0.571615 0.746094 0.571615 0.747070 0.570312 0.751953 0.570312 0.760742 0.565104 0.764648 0.565104 0.765625 0.563802 0.767578 0.563802 0.771484 0.558594 0.773438 0.558594 0.776367 0.554688 0.776367 0.550781 0.774414 0.546875 0.772461 0.537760 0.766602 0.529948 0.765625 0.527344 0.765625 0.518229 0.751953 0.505208 0.747070 0.502604 0.736328 0.503906 0.729492 0.507812
0 0.686523 0.477865 0.685547 0.486979 0.687500 0.489583 0.691406 0.502604 0.698242 0.514323 0.708008 0.520833 0.713867 0.516927 0.719727 0.516927 0.721680 0.513021 0.724609 0.511719 0.731445 0.503906 0.736328 0.501302 0.738281 0.502604 0.740234 0.501302 0.743164 0.501302 0.745117 0.497396 0.742188 0.488281 0.742188 0.483073 0.735352 0.467448 0.731445 0.464844 0.728516 0.460938 0.717773 0.454427 0.713867 0.454427 0.712891 0.453125 0.703125 0.453125 0.696289 0.457031 0.690430 0.466146 0.690430 0.468750 0.688477 0.471354 0.688477 0.473958
0 0.673828 0.433594 0.671875 0.433594 0.668945 0.430990 0.667969 0.432292 0.663086 0.432292 0.662109 0.433594 0.651367 0.433594 0.639648 0.441406 0.636719 0.446615 0.637695 0.471354 0.644531 0.483073 0.646484 0.489583 0.651367 0.494792 0.657227 0.496094 0.658203 0.497396 0.662109 0.497396 0.665039 0.494792 0.666992 0.494792 0.670898 0.492188 0.672852 0.489583 0.677734 0.489583 0.681641 0.485677 0.681641 0.481771 0.685547 0.475260 0.685547 0.472656 0.687500 0.468750 0.687500 0.460938 0.683594 0.450521 0.683594 0.445312 0.676758 0.436198 0.675781 0.436198
0 0.642578 0.402344 0.638672 0.402344 0.637695 0.403646 0.633789 0.403646 0.632812 0.404948 0.629883 0.404948 0.621094 0.415365 0.621094 0.416667 0.619141 0.419271 0.619141 0.420573 0.617188 0.423177 0.617188 0.424479 0.613281 0.429688 0.613281 0.438802 0.615234 0.442708 0.615234 0.445312 0.616211 0.446615 0.617188 0.450521 0.618164 0.451823 0.619141 0.451823 0.623047 0.457031 0.625000 0.457031 0.627930 0.459635 0.633789 0.459635 0.634766 0.458333 0.634766 0.454427 0.635742 0.453125 0.635742 0.446615 0.636719 0.445312 0.636719 0.444010 0.640625 0.438802 0.641602 0.438802 0.648438 0.433594 0.650391 0.433594 0.651367 0.432292 0.654297 0.432292 0.658203 0.428385 0.656250 0.424479 0.657227 0.417969 0.648438 0.407552 0.647461 0.407552
0 0.664062 0.346354 0.658203 0.346354 0.654297 0.351562 0.651367 0.351562 0.650391 0.352865 0.648438 0.352865 0.647461 0.354167 0.646484 0.354167 0.643555 0.358073 0.642578 0.358073 0.639648 0.361979 0.638672 0.361979 0.637695 0.363281 0.637695 0.364583 0.636719 0.365885 0.636719 0.368490 0.635742 0.369792 0.635742 0.372396 0.634766 0.373698 0.634766 0.380208 0.633789 0.381510 0.633789 0.388021 0.634766 0.389323 0.634766 0.391927 0.635742 0.393229 0.635742 0.394531 0.639648 0.399740 0.642578 0.401042 0.647461 0.406250 0.648438 0.406250 0.649414 0.407552 0.651367 0.407552 0.652344 0.408854 0.653320 0.408854 0.655273 0.406250 0.658203 0.404948 0.661133 0.401042 0.662109 0.401042 0.665039 0.397135 0.666016 0.397135 0.666016 0.395833 0.671875 0.386719 0.671875 0.385417 0.672852 0.384115 0.672852 0.381510 0.674805 0.377604 0.674805 0.373698 0.669922 0.365885 0.669922 0.364583 0.667969 0.360677 0.667969 0.358073 0.666992 0.356771 0.666992 0.351562
0 0.521484 0.347656 0.512695 0.356771 0.512695 0.358073 0.509766 0.361979 0.509766 0.363281 0.507812 0.365885 0.505859 0.371094 0.505859 0.373698 0.504883 0.375000 0.504883 0.378906 0.505859 0.380208 0.505859 0.386719 0.506836 0.388021 0.506836 0.390625 0.514648 0.401042 0.516602 0.402344 0.520508 0.402344 0.521484 0.403646 0.526367 0.403646 0.527344 0.404948 0.530273 0.404948 0.531250 0.406250 0.537109 0.406250 0.540039 0.402344 0.540039 0.398438 0.541016 0.395833 0.547852 0.386719 0.549805 0.381510 0.546875 0.376302 0.546875 0.368490 0.547852 0.367188 0.546875 0.360677 0.540039 0.356771 0.538086 0.354167 0.535156 0.352865 0.533203 0.350260 0.531250 0.350260 0.530273 0.348958 0.525391 0.348958 0.524414 0.347656
0 0.550781 0.386719 0.549805 0.388021 0.548828 0.388021 0.544922 0.393229 0.544922 0.394531 0.541992 0.399740 0.541992 0.411458 0.542969 0.412760 0.546875 0.424479 0.549805 0.428385 0.549805 0.429688 0.553711 0.434896 0.553711 0.436198 0.554688 0.437500 0.559570 0.440104 0.562500 0.444010 0.563477 0.444010 0.564453 0.445312 0.571289 0.445312 0.572266 0.444010 0.572266 0.441406 0.573242 0.440104 0.579102 0.423177 0.581055 0.420573 0.581055 0.419271 0.583984 0.414062 0.583984 0.410156 0.583008 0.408854 0.583008 0.406250 0.582031 0.404948 0.581055 0.398438 0.578125 0.393229 0.578125 0.391927 0.575195 0.388021 0.574219 0.388021 0.570312 0.384115 0.561523 0.384115 0.560547 0.385417 0.554688 0.385417 0.553711 0.386719
0 0.604492 0.417969 0.597656 0.417969 0.596680 0.419271 0.593750 0.419271 0.592773 0.420573 0.589844 0.420573 0.588867 0.419271 0.584961 0.419271 0.583984 0.420573 0.583008 0.420573 0.580078 0.424479 0.580078 0.425781 0.579102 0.427083 0.579102 0.429688 0.576172 0.434896 0.576172 0.458333 0.577148 0.459635 0.578125 0.463542 0.583984 0.471354 0.584961 0.471354 0.585938 0.472656 0.586914 0.472656 0.587891 0.471354 0.587891 0.470052 0.588867 0.468750 0.588867 0.466146 0.590820 0.463542 0.591797 0.463542 0.593750 0.460938 0.594727 0.460938 0.598633 0.455729 0.601562 0.455729 0.602539 0.454427 0.603516 0.454427 0.606445 0.449219 0.607422 0.449219 0.608398 0.447917 0.611328 0.447917 0.613281 0.445312 0.611328 0.441406 0.611328 0.430990 0.610352 0.429688 0.608398 0.423177
0 0.598633 0.457031 0.589844 0.467448 0.588867 0.471354 0.585938 0.476562 0.585938 0.479167 0.584961 0.480469 0.584961 0.494792 0.585938 0.496094 0.585938 0.500000 0.586914 0.501302 0.586914 0.503906 0.588867 0.509115 0.595703 0.519531 0.597656 0.520833 0.599609 0.520833 0.600586 0.522135 0.602539 0.522135 0.603516 0.523438 0.608398 0.523438 0.609375 0.524740 0.611328 0.524740 0.615234 0.520833 0.617188 0.514323 0.624023 0.505208 0.624023 0.503906 0.625977 0.501302 0.627930 0.496094 0.627930 0.493490 0.628906 0.492188 0.627930 0.475260 0.625000 0.470052 0.612305 0.460938 0.610352 0.460938 0.609375 0.459635 0.604492 0.459635 0.603516 0.458333 0.600586 0.458333
0 0.633789 0.494792 0.632812 0.496094 0.630859 0.496094 0.628906 0.497396 0.626953 0.502604 0.620117 0.511719 0.620117 0.513021 0.617188 0.516927 0.616211 0.520833 0.614258 0.523438 0.614258 0.526042 0.613281 0.528646 0.614258 0.529948 0.614258 0.535156 0.615234 0.536458 0.615234 0.539062 0.620117 0.548177 0.622070 0.548177 0.624023 0.549479 0.625977 0.552083 0.629883 0.554688 0.633789 0.559896 0.637695 0.559896 0.638672 0.561198 0.640625 0.558594 0.641602 0.554688 0.643555 0.552083 0.646484 0.550781 0.647461 0.548177 0.651367 0.542969 0.652344 0.542969 0.652344 0.541667 0.654297 0.539062 0.654297 0.536458 0.655273 0.535156 0.655273 0.529948 0.656250 0.528646 0.656250 0.524740 0.657227 0.523438 0.657227 0.519531 0.656250 0.518229 0.659180 0.513021 0.653320 0.503906 0.650391 0.502604 0.645508 0.497396 0.643555 0.496094 0.640625 0.496094 0.639648 0.494792
0 0.481445 0.356771 0.480469 0.358073 0.477539 0.358073 0.475586 0.360677 0.475586 0.361979 0.470703 0.367188 0.469727 0.369792 0.469727 0.372396 0.467773 0.376302 0.467773 0.378906 0.466797 0.380208 0.465820 0.386719 0.464844 0.388021 0.464844 0.397135 0.465820 0.398438 0.465820 0.402344 0.466797 0.404948 0.468750 0.407552 0.469727 0.411458 0.473633 0.416667 0.479492 0.420573 0.483398 0.425781 0.487305 0.425781 0.489258 0.427083 0.494141 0.420573 0.497070 0.420573 0.500977 0.417969 0.502930 0.415365 0.504883 0.408854 0.507812 0.403646 0.507812 0.397135 0.502930 0.389323 0.499023 0.377604 0.494141 0.369792 0.492188 0.363281 0.491211 0.363281 0.486328 0.356771
0 0.507812 0.407552 0.504883 0.414062 0.504883 0.437500 0.506836 0.440104 0.506836 0.441406 0.508789 0.445312 0.508789 0.447917 0.510742 0.450521 0.510742 0.451823 0.515625 0.458333 0.516602 0.458333 0.517578 0.459635 0.519531 0.459635 0.520508 0.460938 0.522461 0.460938 0.523438 0.462240 0.531250 0.462240 0.532227 0.463542 0.533203 0.459635 0.535156 0.457031 0.535156 0.454427 0.539062 0.447917 0.539062 0.446615 0.541016 0.442708 0.541016 0.438802 0.544922 0.429688 0.544922 0.424479 0.543945 0.423177 0.543945 0.421875 0.538086 0.411458 0.537109 0.411458 0.536133 0.410156 0.534180 0.410156 0.533203 0.408854 0.531250 0.408854 0.530273 0.407552 0.527344 0.407552 0.526367 0.406250 0.515625 0.406250 0.514648 0.404948 0.512695 0.404948 0.511719 0.406250 0.509766 0.406250 0.508789 0.407552
0 0.429688 0.367188 0.429688 0.368490 0.426758 0.372396 0.426758 0.373698 0.422852 0.378906 0.421875 0.381510 0.421875 0.384115 0.420898 0.385417 0.420898 0.388021 0.419922 0.389323 0.419922 0.395833 0.418945 0.397135 0.418945 0.404948 0.419922 0.407552 0.423828 0.412760 0.425781 0.414062 0.428711 0.414062 0.434570 0.417969 0.437500 0.417969 0.438477 0.419271 0.448242 0.419271 0.449219 0.417969 0.452148 0.417969 0.453125 0.419271 0.455078 0.419271 0.455078 0.414062 0.456055 0.411458 0.459961 0.406250 0.460938 0.403646 0.460938 0.401042 0.461914 0.399740 0.461914 0.390625 0.462891 0.389323 0.463867 0.377604 0.454102 0.369792 0.452148 0.369792 0.451172 0.368490 0.448242 0.368490 0.445312 0.365885 0.431641 0.365885
0 0.416016 0.408854 0.413086 0.412760 0.412109 0.412760 0.411133 0.414062 0.411133 0.415365 0.410156 0.416667 0.410156 0.419271 0.408203 0.423177 0.408203 0.427083 0.407227 0.428385 0.407227 0.441406 0.408203 0.442708 0.408203 0.449219 0.409180 0.450521 0.409180 0.453125 0.410156 0.454427 0.411133 0.454427 0.416016 0.458333 0.420898 0.458333 0.422852 0.455729 0.423828 0.455729 0.425781 0.453125 0.426758 0.453125 0.431641 0.446615 0.432617 0.442708 0.437500 0.436198 0.437500 0.434896 0.438477 0.433594 0.438477 0.424479 0.437500 0.423177 0.437500 0.421875 0.435547 0.419271 0.433594 0.419271 0.428711 0.415365 0.426758 0.415365 0.425781 0.414062 0.423828 0.414062 0.422852 0.412760 0.421875 0.412760 0.418945 0.408854
0 0.453125 0.453125 0.452148 0.454427 0.452148 0.457031 0.451172 0.458333 0.451172 0.462240 0.450195 0.463542 0.450195 0.466146 0.447266 0.471354 0.448242 0.472656 0.448242 0.476562 0.449219 0.477865 0.449219 0.480469 0.450195 0.481771 0.450195 0.486979 0.451172 0.488281 0.451172 0.493490 0.452148 0.494792 0.452148 0.498698 0.453125 0.500000 0.453125 0.501302 0.454102 0.501302 0.455078 0.502604 0.460938 0.502604 0.461914 0.503906 0.468750 0.503906 0.469727 0.505208 0.470703 0.505208 0.471680 0.503906 0.475586 0.503906 0.479492 0.498698 0.479492 0.496094 0.478516 0.494792 0.478516 0.483073 0.479492 0.481771 0.479492 0.473958 0.480469 0.472656 0.480469 0.470052 0.479492 0.468750 0.479492 0.460938 0.478516 0.459635 0.477539 0.455729 0.475586 0.453125 0.461914 0.453125 0.460938 0.451823 0.455078 0.451823 0.454102 0.453125
0 0.415039 0.489583 0.415039 0.490885 0.413086 0.494792 0.413086 0.506510 0.414062 0.507812 0.414062 0.509115 0.418945 0.515625 0.419922 0.515625 0.421875 0.518229 0.423828 0.518229 0.424805 0.519531 0.425781 0.519531 0.426758 0.520833 0.428711 0.520833 0.429688 0.522135 0.434570 0.522135 0.435547 0.523438 0.442383 0.523438 0.443359 0.524740 0.446289 0.524740 0.447266 0.526042 0.448242 0.524740 0.450195 0.524740 0.450195 0.523438 0.453125 0.519531 0.453125 0.516927 0.449219 0.511719 0.450195 0.510417 0.450195 0.506510 0.451172 0.505208 0.452148 0.501302 0.451172 0.500000 0.451172 0.493490 0.450195 0.492188 0.450195 0.486979 0.449219 0.485677 0.449219 0.483073 0.448242 0.481771 0.447266 0.475260 0.445312 0.472656 0.433594 0.472656 0.432617 0.473958 0.430664 0.473958 0.427734 0.476562 0.425781 0.476562
0 0.477539 0.507812 0.461914 0.507812 0.461914 0.511719 0.460938 0.513021 0.460938 0.514323 0.457031 0.519531 0.457031 0.520833 0.453125 0.527344 0.453125 0.531250 0.452148 0.532552 0.452148 0.546875 0.453125 0.548177 0.455078 0.554688 0.457031 0.557292 0.457031 0.558594 0.458984 0.561198 0.459961 0.561198 0.460938 0.562500 0.462891 0.562500 0.463867 0.561198 0.464844 0.557292 0.472656 0.548177 0.473633 0.548177 0.476562 0.545573 0.478516 0.545573 0.483398 0.541667 0.483398 0.539062 0.484375 0.537760 0.484375 0.533854 0.485352 0.532552 0.484375 0.531250 0.484375 0.523438 0.483398 0.522135 0.483398 0.519531 0.482422 0.518229 0.482422 0.515625 0.481445 0.514323 0.480469 0.510417
0 0.507812 0.460938 0.504883 0.460938 0.503906 0.462240 0.501953 0.462240 0.500977 0.463542 0.498047 0.463542 0.497070 0.464844 0.495117 0.464844 0.490234 0.468750 0.488281 0.468750 0.485352 0.471354 0.483398 0.471354 0.482422 0.472656 0.482422 0.475260 0.481445 0.476562 0.481445 0.480469 0.480469 0.481771 0.480469 0.484375 0.479492 0.485677 0.479492 0.490885 0.480469 0.492188 0.480469 0.493490 0.482422 0.496094 0.482422 0.497396 0.487305 0.503906 0.487305 0.505208 0.489258 0.507812 0.492188 0.509115 0.497070 0.515625 0.499023 0.515625 0.500977 0.518229 0.501953 0.518229 0.502930 0.516927 0.504883 0.516927 0.507812 0.514323 0.509766 0.514323 0.510742 0.513021 0.513672 0.511719 0.513672 0.510417 0.515625 0.506510 0.513672 0.502604 0.513672 0.501302 0.514648 0.500000 0.514648 0.497396 0.515625 0.496094 0.515625 0.489583 0.516602 0.488281 0.516602 0.477865 0.515625 0.476562 0.515625 0.473958 0.514648 0.472656 0.514648 0.466146
0 0.529297 0.518229 0.528320 0.518229 0.523438 0.514323 0.516602 0.514323 0.515625 0.515625 0.512695 0.515625 0.511719 0.516927 0.509766 0.516927 0.508789 0.518229 0.503906 0.520833 0.497070 0.529948 0.497070 0.531250 0.495117 0.535156 0.495117 0.539062 0.494141 0.540365 0.494141 0.546875 0.497070 0.553385 0.497070 0.558594 0.498047 0.559896 0.498047 0.562500 0.499023 0.562500 0.503906 0.567708 0.509766 0.567708 0.510742 0.566406 0.514648 0.566406 0.515625 0.567708 0.526367 0.567708 0.529297 0.565104 0.530273 0.555990 0.531250 0.554688 0.532227 0.550781 0.534180 0.548177 0.534180 0.545573 0.535156 0.544271 0.534180 0.537760 0.532227 0.535156 0.532227 0.532552 0.531250 0.531250 0.531250 0.522135
0 0.547852 0.472656 0.542969 0.479167 0.541992 0.483073 0.540039 0.485677 0.536133 0.496094 0.536133 0.500000 0.535156 0.501302 0.535156 0.510417 0.534180 0.511719 0.535156 0.515625 0.537109 0.518229 0.542969 0.522135 0.549805 0.531250 0.551758 0.532552 0.555664 0.532552 0.560547 0.528646 0.561523 0.529948 0.565430 0.529948 0.566406 0.528646 0.570312 0.528646 0.571289 0.527344 0.576172 0.527344 0.577148 0.523438 0.582031 0.516927 0.582031 0.514323 0.583984 0.509115 0.583008 0.500000 0.580078 0.496094 0.581055 0.494792 0.580078 0.486979 0.572266 0.476562 0.571289 0.476562 0.567383 0.472656 0.565430 0.472656 0.564453 0.471354 0.557617 0.471354 0.556641 0.470052 0.553711 0.470052 0.552734 0.471354 0.549805 0.471354
0 0.589844 0.520833 0.585938 0.524740 0.584961 0.524740 0.579102 0.532552 0.579102 0.535156 0.578125 0.536458 0.578125 0.542969 0.579102 0.544271 0.579102 0.555990 0.583008 0.566406 0.583008 0.569010 0.589844 0.578125 0.590820 0.578125 0.594727 0.582031 0.597656 0.582031 0.598633 0.583333 0.600586 0.583333 0.601562 0.582031 0.603516 0.582031 0.611328 0.576823 0.615234 0.571615 0.617188 0.571615 0.619141 0.569010 0.621094 0.563802 0.619141 0.561198 0.618164 0.552083 0.615234 0.544271 0.615234 0.541667 0.613281 0.537760 0.613281 0.533854 0.611328 0.528646 0.609375 0.528646 0.608398 0.527344 0.601562 0.527344 0.597656 0.523438 0.596680 0.523438 0.594727 0.520833
0 0.537109 0.548177 0.533203 0.553385 0.532227 0.555990 0.532227 0.582031 0.533203 0.583333 0.533203 0.585938 0.535156 0.591146 0.542969 0.596354 0.545898 0.600260 0.551758 0.604167 0.554688 0.604167 0.555664 0.605469 0.557617 0.605469 0.558594 0.604167 0.562500 0.604167 0.566406 0.600260 0.566406 0.596354 0.565430 0.595052 0.565430 0.589844 0.569336 0.582031 0.569336 0.579427 0.571289 0.575521 0.571289 0.565104 0.569336 0.559896 0.569336 0.554688 0.564453 0.550781 0.562500 0.550781 0.560547 0.548177 0.558594 0.548177 0.554688 0.545573 0.544922 0.545573 0.543945 0.546875 0.540039 0.546875 0.539062 0.548177
0 0.413086 0.537760 0.410156 0.541667 0.410156 0.542969 0.409180 0.544271 0.409180 0.548177 0.408203 0.549479 0.408203 0.555990 0.407227 0.557292 0.408203 0.563802 0.411133 0.567708 0.411133 0.569010 0.416992 0.576823 0.417969 0.576823 0.420898 0.579427 0.423828 0.579427 0.424805 0.580729 0.428711 0.580729 0.429688 0.582031 0.436523 0.582031 0.437500 0.580729 0.437500 0.575521 0.438477 0.574219 0.439453 0.570312 0.444336 0.563802 0.446289 0.557292 0.448242 0.554688 0.448242 0.552083 0.447266 0.550781 0.447266 0.548177 0.446289 0.546875 0.445312 0.542969 0.444336 0.541667 0.443359 0.541667 0.440430 0.537760 0.439453 0.537760 0.432617 0.532552 0.421875 0.532552 0.420898 0.533854 0.418945 0.533854 0.417969 0.535156
0 0.480469 0.545573 0.479492 0.546875 0.474609 0.548177 0.468750 0.553385 0.468750 0.554688 0.464844 0.561198 0.464844 0.562500 0.460938 0.571615 0.460938 0.578125 0.461914 0.579427 0.462891 0.588542 0.463867 0.589844 0.463867 0.591146 0.466797 0.595052 0.467773 0.598958 0.468750 0.598958 0.471680 0.601562 0.476562 0.602865 0.477539 0.604167 0.484375 0.604167 0.485352 0.602865 0.487305 0.602865 0.488281 0.601562 0.493164 0.600260 0.496094 0.596354 0.497070 0.596354 0.497070 0.595052 0.498047 0.593750 0.498047 0.591146 0.499023 0.589844 0.499023 0.583333 0.500000 0.582031 0.500000 0.576823 0.499023 0.575521 0.498047 0.566406 0.497070 0.565104 0.497070 0.562500 0.496094 0.561198 0.496094 0.558594 0.495117 0.557292 0.495117 0.554688 0.494141 0.553385 0.494141 0.552083 0.491211 0.548177 0.490234 0.548177 0.487305 0.545573
0 0.426758 0.582031 0.421875 0.582031 0.420898 0.580729 0.418945 0.580729 0.417969 0.582031 0.415039 0.582031 0.414062 0.583333 0.412109 0.583333 0.406250 0.591146 0.406250 0.592448 0.405273 0.593750 0.405273 0.597656 0.404297 0.598958 0.404297 0.604167 0.403320 0.605469 0.404297 0.611979 0.407227 0.618490 0.407227 0.621094 0.408203 0.622396 0.409180 0.626302 0.416016 0.635417 0.418945 0.635417 0.419922 0.634115 0.423828 0.634115 0.424805 0.632812 0.429688 0.632812 0.430664 0.631510 0.432617 0.631510 0.434570 0.628906 0.435547 0.628906 0.435547 0.627604 0.437500 0.623698 0.437500 0.614583 0.438477 0.613281 0.438477 0.610677 0.437500 0.609375 0.437500 0.596354 0.436523 0.595052 0.436523 0.592448 0.435547 0.591146 0.435547 0.589844 0.432617 0.588542 0.428711 0.583333 0.427734 0.583333
0 0.462891 0.593750 0.458008 0.593750 0.457031 0.595052 0.455078 0.595052 0.453125 0.597656 0.450195 0.598958 0.447266 0.602865 0.447266 0.604167 0.443359 0.610677 0.443359 0.614583 0.442383 0.615885 0.442383 0.621094 0.441406 0.622396 0.441406 0.632812 0.444336 0.636719 0.444336 0.638021 0.446289 0.640625 0.447266 0.644531 0.453125 0.652344 0.457031 0.652344 0.458008 0.653646 0.458984 0.652344 0.460938 0.652344 0.463867 0.648438 0.463867 0.640625 0.464844 0.639323 0.464844 0.631510 0.465820 0.630208 0.465820 0.622396 0.469727 0.617188 0.474609 0.614583 0.477539 0.610677 0.477539 0.606771 0.474609 0.606771 0.470703 0.602865 0.467773 0.601562 0.465820 0.598958 0.465820 0.596354
0 0.495117 0.614583 0.492188 0.614583 0.491211 0.613281 0.487305 0.613281 0.486328 0.611979 0.481445 0.611979 0.480469 0.613281 0.478516 0.613281 0.470703 0.618490 0.467773 0.622396 0.466797 0.625000 0.466797 0.628906 0.465820 0.630208 0.465820 0.640625 0.464844 0.641927 0.464844 0.651042 0.463867 0.653646 0.466797 0.657552 0.470703 0.667969 0.473633 0.671875 0.475586 0.671875 0.476562 0.673177 0.478516 0.673177 0.479492 0.671875 0.490234 0.671875 0.493164 0.669271 0.493164 0.667969 0.490234 0.662760 0.490234 0.656250 0.491211 0.654948 0.491211 0.647135 0.492188 0.645833 0.493164 0.636719 0.496094 0.630208 0.500977 0.630208 0.500977 0.626302 0.500000 0.625000 0.500000 0.622396
0 0.525391 0.574219 0.521484 0.574219 0.518555 0.578125 0.511719 0.578125 0.510742 0.579427 0.509766 0.579427 0.506836 0.583333 0.506836 0.584635 0.504883 0.587240 0.504883 0.588542 0.501953 0.592448 0.500977 0.592448 0.500977 0.593750 0.499023 0.596354 0.499023 0.597656 0.497070 0.601562 0.497070 0.613281 0.498047 0.614583 0.499023 0.618490 0.501953 0.622396 0.501953 0.623698 0.502930 0.625000 0.503906 0.625000 0.508789 0.631510 0.521484 0.631510 0.522461 0.630208 0.524414 0.630208 0.529297 0.623698 0.530273 0.623698 0.531250 0.622396 0.531250 0.621094 0.532227 0.619792 0.532227 0.617188 0.534180 0.613281 0.534180 0.610677 0.535156 0.609375 0.535156 0.605469 0.536133 0.604167 0.537109 0.600260 0.536133 0.598958 0.536133 0.596354 0.535156 0.595052 0.535156 0.593750 0.532227 0.588542 0.532227 0.585938 0.531250 0.584635 0.531250 0.583333 0.527344 0.578125 0.527344 0.576823
0 0.529297 0.626302 0.527344 0.628906 0.527344 0.630208 0.522461 0.636719 0.519531 0.636719 0.517578 0.638021 0.514648 0.641927 0.514648 0.644531 0.513672 0.645833 0.513672 0.654948 0.514648 0.656250 0.514648 0.660156 0.515625 0.661458 0.515625 0.664062 0.519531 0.674479 0.526367 0.682292 0.530273 0.684896 0.538086 0.684896 0.539062 0.686198 0.544922 0.686198 0.545898 0.683594 0.548828 0.680990 0.548828 0.670573 0.549805 0.669271 0.548828 0.662760 0.552734 0.657552 0.553711 0.654948 0.553711 0.649740 0.554688 0.648438 0.554688 0.643229 0.553711 0.641927 0.553711 0.639323 0.552734 0.636719 0.547852 0.630208 0.545898 0.630208 0.544922 0.628906 0.542969 0.628906 0.539062 0.626302
0 0.452148 0.654948 0.450195 0.657552 0.450195 0.660156 0.448242 0.662760 0.448242 0.664062 0.446289 0.667969 0.446289 0.670573 0.445312 0.671875 0.445312 0.682292 0.444336 0.683594 0.444336 0.691406 0.445312 0.692708 0.445312 0.697917 0.446289 0.699219 0.446289 0.700521 0.448242 0.703125 0.448242 0.704427 0.452148 0.709635 0.471680 0.709635 0.470703 0.705729 0.471680 0.704427 0.471680 0.697917 0.472656 0.696615 0.472656 0.674479 0.470703 0.671875 0.470703 0.669271 0.469727 0.667969 0.469727 0.666667 0.466797 0.662760 0.466797 0.661458 0.463867 0.654948
0 0.430664 0.634115 0.425781 0.634115 0.424805 0.635417 0.420898 0.635417 0.416992 0.639323 0.416016 0.639323 0.414062 0.641927 0.413086 0.641927 0.410156 0.645833 0.410156 0.647135 0.409180 0.648438 0.409180 0.652344 0.408203 0.653646 0.408203 0.656250 0.407227 0.657552 0.407227 0.658854 0.408203 0.660156 0.408203 0.666667 0.409180 0.667969 0.409180 0.673177 0.410156 0.674479 0.410156 0.675781 0.415039 0.680990 0.417969 0.690104 0.423828 0.690104 0.424805 0.688802 0.426758 0.688802 0.427734 0.687500 0.430664 0.687500 0.431641 0.686198 0.432617 0.687500 0.437500 0.687500 0.441406 0.683594 0.441406 0.680990 0.442383 0.679688 0.442383 0.670573 0.443359 0.669271 0.443359 0.667969 0.442383 0.666667 0.442383 0.662760 0.441406 0.661458 0.441406 0.652344 0.440430 0.651042 0.440430 0.647135 0.439453 0.645833 0.439453 0.644531 0.437500 0.641927 0.436523 0.641927 0.432617 0.636719 0.432617 0.635417 0.431641 0.635417
0 0.432617 0.688802 0.427734 0.688802 0.426758 0.690104 0.424805 0.690104 0.423828 0.691406 0.421875 0.691406 0.420898 0.692708 0.419922 0.692708 0.416992 0.696615 0.416016 0.696615 0.415039 0.697917 0.415039 0.699219 0.411133 0.705729 0.411133 0.709635 0.410156 0.710938 0.410156 0.716146 0.409180 0.717448 0.409180 0.727865 0.410156 0.729167 0.410156 0.731771 0.414062 0.736979 0.416016 0.743490 0.416992 0.743490 0.417969 0.744792 0.427734 0.744792 0.428711 0.743490 0.433594 0.743490 0.436523 0.740885 0.438477 0.740885 0.442383 0.736979 0.442383 0.733073 0.443359 0.731771 0.443359 0.725260 0.444336 0.723958 0.444336 0.712240 0.445312 0.710938 0.445312 0.709635 0.444336 0.708333 0.444336 0.704427 0.443359 0.703125 0.443359 0.699219 0.441406 0.696615 0.440430 0.696615
0 0.422852 0.751302 0.421875 0.752604 0.420898 0.752604 0.417969 0.756510 0.415039 0.765625 0.412109 0.770833 0.412109 0.774740 0.413086 0.776042 0.413086 0.779948 0.415039 0.783854 0.416016 0.783854 0.418945 0.786458 0.418945 0.787760 0.420898 0.790365 0.421875 0.794271 0.424805 0.798177 0.425781 0.798177 0.431641 0.804688 0.432617 0.804688 0.435547 0.807292 0.439453 0.807292 0.443359 0.803385 0.443359 0.800781 0.444336 0.799479 0.444336 0.792969 0.445312 0.791667 0.447266 0.785156 0.449219 0.782552 0.449219 0.781250 0.448242 0.779948 0.448242 0.774740 0.446289 0.770833 0.446289 0.766927 0.441406 0.759115 0.441406 0.757812 0.440430 0.756510 0.439453 0.756510 0.435547 0.751302 0.435547 0.750000 0.434570 0.750000 0.433594 0.748698 0.430664 0.748698 0.429688 0.750000 0.425781 0.750000 0.424805 0.751302
0 0.411133 0.783854 0.409180 0.786458 0.408203 0.786458 0.405273 0.790365 0.405273 0.791667 0.404297 0.792969 0.404297 0.795573 0.403320 0.796875 0.403320 0.800781 0.402344 0.802083 0.402344 0.815104 0.401367 0.816406 0.401367 0.822917 0.403320 0.826823 0.403320 0.829427 0.406250 0.832031 0.408203 0.832031 0.410156 0.834635 0.410156 0.835938 0.412109 0.838542 0.412109 0.839844 0.413086 0.839844 0.417969 0.843750 0.421875 0.843750 0.424805 0.841146 0.426758 0.841146 0.427734 0.839844 0.428711 0.839844 0.432617 0.834635 0.432617 0.833333 0.433594 0.832031 0.433594 0.828125 0.434570 0.826823 0.434570 0.821615 0.435547 0.820312 0.435547 0.816406 0.434570 0.815104 0.434570 0.813802 0.435547 0.812500 0.435547 0.809896 0.428711 0.802083 0.423828 0.799479 0.418945 0.791667 0.418945 0.790365 0.416016 0.785156 0.415039 0.785156 0.414062 0.783854
0 0.477539 0.773438 0.471680 0.773438 0.470703 0.774740 0.468750 0.774740 0.467773 0.776042 0.465820 0.776042 0.464844 0.777344 0.462891 0.777344 0.461914 0.778646 0.457031 0.779948 0.454102 0.782552 0.451172 0.782552 0.446289 0.789062 0.446289 0.792969 0.445312 0.794271 0.445312 0.805990 0.447266 0.808594 0.449219 0.815104 0.451172 0.817708 0.451172 0.820312 0.453125 0.822917 0.454102 0.826823 0.458008 0.832031 0.459961 0.832031 0.463867 0.834635 0.478516 0.834635 0.477539 0.834635 0.475586 0.832031 0.474609 0.829427 0.474609 0.825521 0.475586 0.822917 0.478516 0.819010 0.478516 0.815104 0.479492 0.813802 0.480469 0.804688 0.482422 0.800781 0.482422 0.795573 0.481445 0.794271 0.481445 0.785156 0.480469 0.782552 0.476562 0.778646 0.476562 0.774740
0 0.491211 0.710938 0.489258 0.710938 0.488281 0.709635 0.484375 0.709635 0.483398 0.710938 0.480469 0.710938 0.479492 0.712240 0.476562 0.712240 0.475586 0.713542 0.474609 0.713542 0.468750 0.720052 0.468750 0.721354 0.464844 0.726562 0.464844 0.727865 0.462891 0.730469 0.462891 0.736979 0.464844 0.740885 0.464844 0.747396 0.465820 0.748698 0.465820 0.752604 0.466797 0.753906 0.466797 0.757812 0.467773 0.759115 0.467773 0.761719 0.469727 0.765625 0.470703 0.765625 0.474609 0.769531 0.485352 0.769531 0.486328 0.768229 0.487305 0.768229 0.491211 0.763021 0.491211 0.761719 0.493164 0.759115 0.495117 0.752604 0.496094 0.751302 0.497070 0.751302 0.497070 0.750000 0.502930 0.742188 0.502930 0.730469 0.500977 0.727865 0.500977 0.726562 0.496094 0.720052 0.496094 0.718750
0 0.508789 0.742188 0.506836 0.744792 0.503906 0.746094 0.500000 0.751302 0.500000 0.752604 0.497070 0.755208 0.497070 0.756510 0.495117 0.759115 0.492188 0.766927 0.492188 0.782552 0.493164 0.783854 0.493164 0.786458 0.495117 0.791667 0.495117 0.795573 0.497070 0.799479 0.498047 0.799479 0.504883 0.805990 0.507812 0.805990 0.508789 0.807292 0.514648 0.807292 0.518555 0.804688 0.524414 0.795573 0.527344 0.794271 0.527344 0.792969 0.531250 0.787760 0.531250 0.786458 0.536133 0.779948 0.537109 0.777344 0.537109 0.768229 0.536133 0.765625 0.535156 0.765625 0.533203 0.770833 0.532227 0.769531 0.532227 0.763021 0.530273 0.760417 0.528320 0.755208 0.527344 0.755208 0.524414 0.751302 0.518555 0.747396 0.513672 0.742188
0 0.519531 0.678385 0.510742 0.678385 0.509766 0.679688 0.508789 0.679688 0.506836 0.682292 0.500000 0.686198 0.498047 0.688802 0.498047 0.690104 0.497070 0.691406 0.497070 0.694010 0.496094 0.695312 0.496094 0.703125 0.495117 0.704427 0.495117 0.710938 0.496094 0.712240 0.496094 0.714844 0.497070 0.716146 0.498047 0.720052 0.504883 0.729167 0.505859 0.729167 0.506836 0.730469 0.506836 0.731771 0.510742 0.736979 0.514648 0.736979 0.515625 0.735677 0.517578 0.735677 0.518555 0.734375 0.520508 0.734375 0.521484 0.733073 0.523438 0.733073 0.524414 0.731771 0.524414 0.729167 0.525391 0.727865 0.525391 0.723958 0.526367 0.722656 0.529297 0.713542 0.531250 0.710938 0.531250 0.708333 0.532227 0.707031 0.532227 0.700521 0.531250 0.699219 0.531250 0.696615 0.530273 0.695312 0.529297 0.691406 0.521484 0.680990 0.521484 0.679688 0.520508 0.679688
0 0.560547 0.705729 0.559570 0.705729 0.556641 0.703125 0.546875 0.703125 0.545898 0.704427 0.541016 0.704427 0.540039 0.705729 0.533203 0.709635 0.533203 0.710938 0.529297 0.716146 0.529297 0.717448 0.528320 0.718750 0.528320 0.721354 0.526367 0.725260 0.526367 0.734375 0.525391 0.735677 0.525391 0.738281 0.524414 0.739583 0.524414 0.746094 0.525391 0.747396 0.525391 0.748698 0.529297 0.752604 0.529297 0.753906 0.532227 0.759115 0.534180 0.759115 0.535156 0.760417 0.543945 0.760417 0.544922 0.761719 0.545898 0.760417 0.548828 0.760417 0.553711 0.756510 0.555664 0.756510 0.559570 0.752604 0.559570 0.747396 0.558594 0.746094 0.558594 0.743490 0.557617 0.742188 0.557617 0.735677 0.558594 0.734375 0.558594 0.733073 0.562500 0.723958 0.562500 0.721354 0.563477 0.720052 0.562500 0.718750 0.562500 0.709635 0.560547 0.707031
0 0.577148 0.710938 0.571289 0.714844 0.562500 0.725260 0.558594 0.735677 0.558594 0.742188 0.560547 0.746094 0.560547 0.750000 0.562500 0.755208 0.565430 0.759115 0.569336 0.761719 0.576172 0.769531 0.578125 0.769531 0.579102 0.770833 0.582031 0.770833 0.583008 0.769531 0.584961 0.769531 0.588867 0.764323 0.591797 0.763021 0.593750 0.760417 0.595703 0.759115 0.597656 0.759115 0.598633 0.757812 0.600586 0.757812 0.603516 0.755208 0.604492 0.752604 0.604492 0.748698 0.606445 0.743490 0.606445 0.739583 0.607422 0.738281 0.607422 0.735677 0.604492 0.730469 0.604492 0.729167 0.596680 0.718750 0.594727 0.718750 0.592773 0.716146 0.590820 0.716146 0.583008 0.710938
0 0.575195 0.662760 0.574219 0.665365 0.574219 0.669271 0.573242 0.670573 0.573242 0.684896 0.574219 0.686198 0.574219 0.690104 0.579102 0.699219 0.579102 0.700521 0.581055 0.701823 0.583984 0.707031 0.587891 0.709635 0.589844 0.709635 0.593750 0.713542 0.596680 0.713542 0.597656 0.714844 0.602539 0.714844 0.606445 0.712240 0.611328 0.712240 0.619141 0.700521 0.620117 0.695312 0.618164 0.690104 0.618164 0.686198 0.619141 0.684896 0.618164 0.682292 0.618164 0.674479 0.617188 0.673177 0.617188 0.670573 0.616211 0.669271 0.615234 0.664062 0.612305 0.660156 0.611328 0.656250 0.608398 0.652344 0.605469 0.652344 0.601562 0.649740 0.594727 0.649740 0.588867 0.657552 0.583008 0.661458 0.577148 0.661458
0 0.583008 0.600260 0.582031 0.601562 0.575195 0.601562 0.574219 0.602865 0.572266 0.602865 0.564453 0.608073 0.563477 0.609375 0.562500 0.615885 0.560547 0.618490 0.560547 0.619792 0.558594 0.622396 0.558594 0.625000 0.556641 0.627604 0.556641 0.639323 0.558594 0.644531 0.560547 0.647135 0.560547 0.648438 0.566406 0.656250 0.572266 0.660156 0.573242 0.658854 0.576172 0.658854 0.577148 0.657552 0.583984 0.657552 0.584961 0.656250 0.586914 0.656250 0.588867 0.653646 0.589844 0.653646 0.594727 0.647135 0.596680 0.647135 0.596680 0.641927 0.597656 0.640625 0.597656 0.636719 0.599609 0.634115 0.601562 0.628906 0.601562 0.623698 0.600586 0.622396 0.600586 0.617188 0.599609 0.614583 0.593750 0.606771 0.585938 0.601562 0.583984 0.601562
0 0.606445 0.582031 0.602539 0.587240 0.601562 0.589844 0.601562 0.601562 0.602539 0.602865 0.602539 0.606771 0.603516 0.608073 0.603516 0.619792 0.604492 0.621094 0.604492 0.623698 0.605469 0.626302 0.609375 0.631510 0.615234 0.635417 0.617188 0.635417 0.618164 0.636719 0.623047 0.636719 0.626953 0.639323 0.631836 0.639323 0.643555 0.625000 0.643555 0.615885 0.640625 0.611979 0.638672 0.606771 0.638672 0.593750 0.637695 0.592448 0.636719 0.585938 0.630859 0.580729 0.625977 0.580729 0.623047 0.578125 0.616211 0.578125 0.615234 0.576823 0.613281 0.579427 0.610352 0.579427
0 0.646484 0.572917 0.644531 0.575521 0.642578 0.580729 0.638672 0.585938 0.638672 0.593750 0.639648 0.595052 0.639648 0.605469 0.640625 0.606771 0.640625 0.609375 0.644531 0.615885 0.644531 0.622396 0.645508 0.623698 0.645508 0.626302 0.647461 0.628906 0.651367 0.628906 0.652344 0.630208 0.669922 0.630208 0.670898 0.628906 0.674805 0.628906 0.675781 0.627604 0.681641 0.627604 0.687500 0.622396 0.688477 0.615885 0.683594 0.609375 0.683594 0.579427 0.685547 0.575521 0.681641 0.570312 0.674805 0.566406 0.671875 0.566406 0.670898 0.565104 0.658203 0.565104 0.657227 0.566406 0.654297 0.566406
0 0.693359 0.563802 0.690430 0.567708 0.688477 0.574219 0.684570 0.580729 0.684570 0.606771 0.686523 0.611979 0.691406 0.615885 0.695312 0.615885 0.703125 0.621094 0.705078 0.621094 0.708984 0.626302 0.711914 0.621094 0.719727 0.621094 0.720703 0.619792 0.725586 0.619792 0.730469 0.615885 0.730469 0.610677 0.733398 0.605469 0.733398 0.602865 0.735352 0.600260 0.739258 0.589844 0.739258 0.579427 0.738281 0.579427 0.732422 0.570312 0.729492 0.569010 0.726562 0.565104 0.721680 0.561198 0.717773 0.561198 0.716797 0.559896 0.701172 0.559896 0.700195 0.561198 0.698242 0.561198 0.697266 0.562500
0 0.639648 0.632812 0.636719 0.640625 0.634766 0.643229 0.634766 0.649740 0.632812 0.653646 0.632812 0.657552 0.631836 0.658854 0.631836 0.662760 0.632812 0.664062 0.632812 0.667969 0.634766 0.673177 0.634766 0.677083 0.637695 0.683594 0.641602 0.683594 0.644531 0.687500 0.645508 0.687500 0.650391 0.692708 0.652344 0.692708 0.655273 0.695312 0.663086 0.695312 0.664062 0.694010 0.664062 0.688802 0.665039 0.687500 0.665039 0.684896 0.666016 0.683594 0.666992 0.678385 0.675781 0.664062 0.675781 0.660156 0.676758 0.658854 0.676758 0.656250 0.675781 0.654948 0.675781 0.652344 0.673828 0.647135 0.673828 0.643229 0.671875 0.638021 0.668945 0.634115 0.666016 0.634115 0.665039 0.632812 0.661133 0.632812 0.660156 0.631510 0.649414 0.631510 0.648438 0.630208 0.645508 0.630208 0.644531 0.631510
0 0.679688 0.654948 0.677734 0.657552 0.677734 0.662760 0.676758 0.665365 0.669922 0.674479 0.666992 0.680990 0.666992 0.683594 0.666016 0.684896 0.666016 0.699219 0.666992 0.700521 0.666992 0.703125 0.672852 0.712240 0.680664 0.718750 0.686523 0.720052 0.687500 0.721354 0.693359 0.721354 0.694336 0.722656 0.704102 0.722656 0.712891 0.712240 0.714844 0.707031 0.714844 0.703125 0.715820 0.701823 0.715820 0.695312 0.716797 0.694010 0.716797 0.687500 0.717773 0.686198 0.717773 0.680990 0.716797 0.678385 0.711914 0.671875 0.709961 0.665365 0.707031 0.661458 0.707031 0.658854 0.705078 0.656250 0.701172 0.654948 0.700195 0.653646
0 0.619141 0.705729 0.613281 0.716146 0.612305 0.721354 0.611328 0.722656 0.611328 0.727865 0.610352 0.729167 0.610352 0.748698 0.613281 0.756510 0.622070 0.766927 0.625977 0.766927 0.626953 0.768229 0.632812 0.768229 0.636719 0.765625 0.648438 0.765625 0.649414 0.764323 0.653320 0.764323 0.654297 0.763021 0.657227 0.763021 0.659180 0.761719 0.661133 0.757812 0.661133 0.752604 0.662109 0.751302 0.662109 0.738281 0.661133 0.736979 0.661133 0.731771 0.660156 0.730469 0.660156 0.727865 0.658203 0.723958 0.658203 0.721354 0.656250 0.716146 0.656250 0.710938 0.654297 0.708333 0.652344 0.708333 0.651367 0.707031 0.645508 0.707031 0.638672 0.703125 0.625000 0.703125 0.624023 0.704427 0.621094 0.704427
0 0.592773 0.763021 0.589844 0.765625 0.587891 0.769531 0.583984 0.772135 0.583984 0.774740 0.583008 0.776042 0.583984 0.790365 0.586914 0.798177 0.586914 0.802083 0.587891 0.803385 0.587891 0.807292 0.592773 0.817708 0.597656 0.822917 0.600586 0.822917 0.601562 0.824219 0.607422 0.825521 0.611328 0.829427 0.613281 0.829427 0.614258 0.830729 0.616211 0.829427 0.622070 0.829427 0.617188 0.829427 0.614258 0.826823 0.614258 0.822917 0.616211 0.820312 0.616211 0.817708 0.619141 0.812500 0.625977 0.809896 0.626953 0.804688 0.630859 0.799479 0.630859 0.796875 0.634766 0.789062 0.634766 0.783854 0.632812 0.781250 0.630859 0.776042 0.630859 0.773438 0.625977 0.769531 0.621094 0.769531 0.615234 0.763021 0.608398 0.760417 0.607422 0.759115 0.599609 0.759115
0 0.558594 0.760417 0.548828 0.773438 0.546875 0.778646 0.542969 0.783854 0.542969 0.789062 0.543945 0.790365 0.543945 0.794271 0.541992 0.799479 0.541992 0.805990 0.542969 0.808594 0.544922 0.809896 0.550781 0.817708 0.551758 0.821615 0.554688 0.825521 0.554688 0.826823 0.558594 0.832031 0.560547 0.832031 0.561523 0.833333 0.564453 0.833333 0.565430 0.834635 0.572266 0.834635 0.576172 0.832031 0.579102 0.832031 0.580078 0.830729 0.584961 0.829427 0.590820 0.825521 0.592773 0.821615 0.592773 0.819010 0.586914 0.809896 0.585938 0.799479 0.583008 0.792969 0.583008 0.787760 0.579102 0.776042 0.571289 0.765625 0.570312 0.765625 0.568359 0.763021 0.564453 0.760417
0 0.525391 0.798177 0.520508 0.804688 0.520508 0.805990 0.517578 0.809896 0.517578 0.811198 0.511719 0.817708 0.510742 0.820312 0.510742 0.824219 0.508789 0.828125 0.508789 0.833333 0.507812 0.834635 0.507812 0.845052 0.509766 0.850260 0.511719 0.852865 0.511719 0.854167 0.514648 0.858073 0.517578 0.859375 0.519531 0.861979 0.525391 0.865885 0.534180 0.865885 0.541992 0.860677 0.544922 0.856771 0.544922 0.855469 0.549805 0.850260 0.548828 0.847656 0.548828 0.833333 0.549805 0.830729 0.548828 0.829427 0.548828 0.825521 0.546875 0.821615 0.546875 0.819010 0.545898 0.816406 0.542969 0.812500 0.542969 0.811198 0.540039 0.807292 0.540039 0.805990 0.532227 0.798177
0 0.445312 0.841146 0.433594 0.841146 0.432617 0.842448 0.429688 0.842448 0.428711 0.843750 0.425781 0.843750 0.424805 0.845052 0.419922 0.846354 0.418945 0.848958 0.415039 0.852865 0.412109 0.860677 0.412109 0.863281 0.409180 0.867188 0.408203 0.869792 0.408203 0.877604 0.411133 0.875000 0.412109 0.877604 0.417969 0.885417 0.418945 0.889323 0.423828 0.898438 0.425781 0.898438 0.426758 0.899740 0.433594 0.899740 0.436523 0.897135 0.439453 0.897135 0.440430 0.895833 0.444336 0.895833 0.445312 0.894531 0.453125 0.891927 0.452148 0.890625 0.452148 0.886719 0.451172 0.885417 0.451172 0.876302 0.452148 0.875000 0.452148 0.871094 0.454102 0.867188 0.454102 0.863281 0.453125 0.861979 0.453125 0.856771 0.451172 0.851562 0.450195 0.851562 0.447266 0.847656 0.447266 0.845052 0.445312 0.842448
0 0.470703 0.846354 0.461914 0.855469 0.459961 0.860677 0.454102 0.869792 0.454102 0.872396 0.453125 0.873698 0.453125 0.884115 0.454102 0.885417 0.455078 0.893229 0.458008 0.899740 0.464844 0.903646 0.472656 0.904948 0.473633 0.906250 0.482422 0.906250 0.483398 0.907552 0.489258 0.907552 0.493164 0.902344 0.494141 0.902344 0.494141 0.901042 0.497070 0.897135 0.496094 0.894531 0.492188 0.890625 0.492188 0.889323 0.490234 0.889323 0.488281 0.886719 0.488281 0.881510 0.492188 0.878906 0.492188 0.869792 0.490234 0.865885 0.491211 0.855469 0.494141 0.851562 0.498047 0.851562 0.498047 0.850260 0.485352 0.848958 0.482422 0.845052
0 0.527344 0.884115 0.523438 0.884115 0.521484 0.886719 0.517578 0.886719 0.516602 0.888021 0.508789 0.890625 0.504883 0.895833 0.503906 0.899740 0.501953 0.902344 0.500977 0.902344 0.500977 0.904948 0.500000 0.906250 0.500000 0.910156 0.498047 0.914062 0.498047 0.930990 0.501953 0.941406 0.501953 0.945312 0.504883 0.949219 0.506836 0.949219 0.514648 0.954427 0.521484 0.954427 0.522461 0.953125 0.525391 0.953125 0.528320 0.949219 0.528320 0.947917 0.532227 0.944010 0.530273 0.941406 0.530273 0.938802 0.526367 0.930990 0.526367 0.917969 0.528320 0.915365 0.529297 0.915365 0.532227 0.910156 0.532227 0.904948 0.531250 0.903646 0.531250 0.899740 0.530273 0.898438 0.530273 0.894531 0.531250 0.893229 0.531250 0.888021
0 0.550781 0.852865 0.545898 0.858073 0.544922 0.858073 0.544922 0.859375 0.542969 0.861979 0.542969 0.871094 0.541992 0.872396 0.541992 0.876302 0.540039 0.881510 0.540039 0.906250 0.541992 0.908854 0.547852 0.912760 0.552734 0.914062 0.553711 0.915365 0.556641 0.915365 0.560547 0.917969 0.569336 0.917969 0.572266 0.915365 0.573242 0.911458 0.580078 0.902344 0.580078 0.901042 0.582031 0.898438 0.582031 0.894531 0.579102 0.891927 0.579102 0.889323 0.578125 0.888021 0.578125 0.884115 0.576172 0.878906 0.576172 0.875000 0.575195 0.873698 0.575195 0.868490 0.574219 0.867188 0.574219 0.860677 0.573242 0.858073 0.572266 0.858073 0.568359 0.851562 0.553711 0.851562 0.552734 0.852865
0 0.576172 0.910156 0.570312 0.923177 0.570312 0.930990 0.569336 0.932292 0.569336 0.946615 0.570312 0.947917 0.570312 0.951823 0.571289 0.953125 0.571289 0.960938 0.576172 0.964844 0.580078 0.964844 0.581055 0.966146 0.583984 0.966146 0.584961 0.967448 0.600586 0.967448 0.601562 0.966146 0.604492 0.966146 0.606445 0.964844 0.610352 0.958333 0.611328 0.958333 0.615234 0.954427 0.617188 0.949219 0.617188 0.946615 0.618164 0.945312 0.618164 0.934896 0.614258 0.924479 0.614258 0.920573 0.613281 0.917969 0.609375 0.912760 0.607422 0.911458 0.604492 0.911458 0.603516 0.910156 0.599609 0.910156 0.596680 0.907552 0.593750 0.907552 0.592773 0.906250 0.581055 0.906250 0.577148 0.910156
0 0.598633 0.832031 0.597656 0.833333 0.593750 0.833333 0.590820 0.837240 0.589844 0.837240 0.586914 0.845052 0.578125 0.855469 0.578125 0.858073 0.576172 0.863281 0.576172 0.872396 0.578125 0.876302 0.580078 0.886719 0.586914 0.897135 0.587891 0.897135 0.593750 0.904948 0.595703 0.906250 0.603516 0.907552 0.610352 0.903646 0.614258 0.898438 0.622070 0.893229 0.627930 0.884115 0.627930 0.875000 0.625977 0.872396 0.625977 0.863281 0.625000 0.861979 0.625000 0.856771 0.624023 0.855469 0.624023 0.852865 0.618164 0.839844 0.617188 0.839844 0.614258 0.834635 0.612305 0.834635 0.611328 0.833333 0.608398 0.833333 0.607422 0.832031 0.605469 0.832031 0.604492 0.833333 0.600586 0.833333
0 0.647461 0.824219 0.645508 0.825521 0.644531 0.828125 0.636719 0.833333 0.628906 0.845052 0.627930 0.847656 0.627930 0.854167 0.626953 0.855469 0.627930 0.856771 0.627930 0.867188 0.629883 0.873698 0.629883 0.882812 0.630859 0.884115 0.631836 0.893229 0.633789 0.895833 0.639648 0.897135 0.643555 0.899740 0.648438 0.904948 0.656250 0.906250 0.657227 0.907552 0.661133 0.902344 0.662109 0.898438 0.665039 0.894531 0.667969 0.893229 0.672852 0.886719 0.672852 0.882812 0.673828 0.881510 0.672852 0.880208 0.672852 0.877604 0.677734 0.872396 0.677734 0.869792 0.676758 0.868490 0.676758 0.859375 0.672852 0.852865 0.671875 0.843750 0.665039 0.839844 0.662109 0.833333 0.655273 0.825521 0.653320 0.825521 0.652344 0.824219
0 0.631836 0.911458 0.627930 0.916667 0.627930 0.920573 0.626953 0.921875 0.626953 0.925781 0.625977 0.927083 0.625977 0.933594 0.625000 0.934896 0.625000 0.945312 0.627930 0.949219 0.628906 0.949219 0.631836 0.953125 0.632812 0.953125 0.637695 0.958333 0.639648 0.958333 0.643555 0.960938 0.646484 0.964844 0.648438 0.964844 0.656250 0.971354 0.660156 0.971354 0.661133 0.972656 0.662109 0.971354 0.665039 0.971354 0.668945 0.964844 0.668945 0.963542 0.672852 0.959635 0.669922 0.958333 0.667969 0.955729 0.666016 0.950521 0.670898 0.944010 0.670898 0.940104 0.671875 0.938802 0.671875 0.930990 0.672852 0.929688 0.669922 0.923177 0.659180 0.910156 0.657227 0.910156 0.656250 0.908854 0.654297 0.908854 0.650391 0.906250 0.647461 0.906250 0.646484 0.904948 0.640625 0.906250
0 0.720703 0.791667 0.711914 0.792969 0.710938 0.795573 0.706055 0.800781 0.685547 0.800781 0.681641 0.803385 0.674805 0.812500 0.672852 0.817708 0.673828 0.841146 0.677734 0.851562 0.683594 0.858073 0.688477 0.869792 0.695312 0.869792 0.701172 0.873698 0.710938 0.875000 0.711914 0.876302 0.720703 0.876302 0.721680 0.873698 0.722656 0.855469 0.728516 0.843750 0.729492 0.838542 0.732422 0.834635 0.732422 0.821615 0.730469 0.819010 0.723633 0.800781 0.722656 0.794271
0 0.680664 0.723958 0.673828 0.731771 0.669922 0.733073 0.665039 0.740885 0.665039 0.743490 0.664062 0.744792 0.664062 0.756510 0.662109 0.761719 0.663086 0.773438 0.666992 0.782552 0.673828 0.789062 0.677734 0.791667 0.682617 0.792969 0.689453 0.798177 0.696289 0.798177 0.698242 0.796875 0.707031 0.785156 0.708008 0.785156 0.717773 0.772135 0.718750 0.769531 0.718750 0.764323 0.712891 0.756510 0.710938 0.743490 0.706055 0.735677 0.704102 0.735677 0.702148 0.733073 0.700195 0.733073 0.691406 0.725260 0.689453 0.725260 0.688477 0.723958
0 0.731445 0.845052 0.725586 0.851562 0.723633 0.856771 0.723633 0.873698 0.721680 0.877604 0.722656 0.878906 0.723633 0.885417 0.726562 0.891927 0.731445 0.898438 0.733398 0.903646 0.745117 0.914062 0.747070 0.914062 0.750000 0.916667 0.759766 0.916667 0.765625 0.912760 0.768555 0.908854 0.769531 0.908854 0.773438 0.902344 0.773438 0.884115 0.772461 0.882812 0.772461 0.873698 0.773438 0.872396 0.772461 0.871094 0.772461 0.867188 0.771484 0.865885 0.771484 0.861979 0.769531 0.855469 0.766602 0.852865 0.763672 0.852865 0.761719 0.850260 0.760742 0.846354 0.756836 0.843750 0.753906 0.843750 0.749023 0.841146 0.747070 0.841146 0.746094 0.842448 0.740234 0.842448 0.736328 0.845052
0 0.773438 0.763021 0.767578 0.764323 0.760742 0.769531 0.751953 0.768229 0.748047 0.770833 0.743164 0.776042 0.736328 0.789062 0.734375 0.802083 0.733398 0.803385 0.733398 0.811198 0.734375 0.812500 0.735352 0.820312 0.737305 0.825521 0.744141 0.834635 0.750977 0.839844 0.759766 0.839844 0.763672 0.837240 0.774414 0.835938 0.778320 0.832031 0.781250 0.830729 0.786133 0.824219 0.786133 0.819010 0.785156 0.821615 0.782227 0.821615 0.781250 0.819010 0.783203 0.816406 0.785156 0.816406 0.788086 0.809896 0.788086 0.804688 0.789062 0.803385 0.788086 0.786458 0.785156 0.779948 0.777344 0.769531 0.775391 0.769531 0.774414 0.768229
0 0.821289 0.748698 0.820312 0.750000 0.818359 0.750000 0.816406 0.753906 0.811523 0.756510 0.806641 0.761719 0.801758 0.764323 0.797852 0.772135 0.797852 0.789062 0.800781 0.796875 0.800781 0.799479 0.809570 0.812500 0.821289 0.820312 0.823242 0.820312 0.827148 0.824219 0.831055 0.824219 0.833008 0.825521 0.833984 0.824219 0.835938 0.824219 0.839844 0.819010 0.846680 0.816406 0.848633 0.813802 0.849609 0.808594 0.852539 0.803385 0.848633 0.795573 0.848633 0.792969 0.849609 0.791667 0.849609 0.786458 0.848633 0.785156 0.848633 0.768229 0.846680 0.761719 0.834961 0.753906 0.830078 0.753906 0.829102 0.752604 0.827148 0.752604 0.825195 0.750000
0 0.765625 0.690104 0.765625 0.694010 0.763672 0.700521 0.763672 0.709635 0.761719 0.716146 0.762695 0.726562 0.766602 0.729167 0.774414 0.743490 0.778320 0.747396 0.783203 0.750000 0.791992 0.750000 0.796875 0.747396 0.804688 0.746094 0.809570 0.742188 0.812500 0.742188 0.818359 0.736979 0.819336 0.714844 0.812500 0.701823 0.812500 0.697917 0.814453 0.695312 0.817383 0.695312 0.814453 0.694010 0.811523 0.688802 0.808594 0.688802 0.807617 0.687500 0.799805 0.684896 0.794922 0.680990 0.791992 0.680990 0.791016 0.679688 0.784180 0.679688 0.782227 0.678385 0.781250 0.679688 0.778320 0.679688 0.768555 0.686198
0 0.718750 0.697917 0.716797 0.700521 0.716797 0.704427 0.715820 0.705729 0.715820 0.709635 0.714844 0.712240 0.707031 0.720052 0.707031 0.723958 0.709961 0.730469 0.710938 0.739583 0.714844 0.750000 0.716797 0.752604 0.717773 0.757812 0.721680 0.763021 0.729492 0.768229 0.733398 0.768229 0.734375 0.769531 0.742188 0.769531 0.743164 0.768229 0.746094 0.768229 0.750000 0.764323 0.751953 0.764323 0.754883 0.761719 0.764648 0.748698 0.765625 0.746094 0.765625 0.740885 0.761719 0.734375 0.759766 0.717448 0.755859 0.707031 0.749023 0.699219 0.745117 0.696615 0.742188 0.696615 0.741211 0.695312 0.727539 0.695312 0.726562 0.696615 0.721680 0.696615 0.720703 0.697917
0 0.716797 0.628906 0.712891 0.635417 0.710938 0.641927 0.710938 0.651042 0.711914 0.652344 0.711914 0.667969 0.716797 0.674479 0.717773 0.674479 0.727539 0.688802 0.734375 0.691406 0.735352 0.692708 0.745117 0.694010 0.746094 0.695312 0.751953 0.695312 0.752930 0.694010 0.756836 0.694010 0.763672 0.687500 0.765625 0.683594 0.762695 0.674479 0.763672 0.661458 0.764648 0.660156 0.764648 0.643229 0.750000 0.628906 0.740234 0.622396 0.735352 0.621094 0.732422 0.618490 0.729492 0.621094 0.724609 0.622396
0 0.746094 0.574219 0.743164 0.582031 0.743164 0.585938 0.740234 0.592448 0.740234 0.595052 0.738281 0.600260 0.738281 0.604167 0.737305 0.605469 0.737305 0.608073 0.738281 0.609375 0.738281 0.618490 0.748047 0.626302 0.752930 0.627604 0.764648 0.638021 0.769531 0.640625 0.773438 0.640625 0.782227 0.627604 0.787109 0.628906 0.788086 0.625000 0.790039 0.623698 0.793945 0.617188 0.793945 0.611979 0.794922 0.610677 0.795898 0.601562 0.797852 0.596354 0.797852 0.589844 0.795898 0.584635 0.790039 0.576823 0.790039 0.575521 0.782227 0.570312 0.774414 0.570312 0.773438 0.569010 0.757812 0.569010 0.756836 0.570312
0 0.826172 0.567708 0.818359 0.578125 0.817383 0.578125 0.813477 0.584635 0.813477 0.587240 0.811523 0.592448 0.811523 0.598958 0.810547 0.600260 0.811523 0.602865 0.811523 0.608073 0.813477 0.613281 0.819336 0.621094 0.823242 0.631510 0.825195 0.634115 0.833008 0.635417 0.833984 0.636719 0.858398 0.636719 0.861328 0.632812 0.864258 0.632812 0.870117 0.626302 0.872070 0.621094 0.872070 0.613281 0.873047 0.610677 0.872070 0.609375 0.872070 0.597656 0.870117 0.591146 0.870117 0.584635 0.869141 0.583333 0.869141 0.580729 0.866211 0.575521 0.857422 0.567708 0.850586 0.566406 0.849609 0.565104 0.844727 0.565104 0.843750 0.566406 0.829102 0.566406 0.828125 0.567708
