0 0.032227 0.252604 0.032227 0.255208 0.031250 0.256510 0.031250 0.265625 0.030273 0.266927 0.030273 0.277344 0.033203 0.281250 0.037109 0.282552 0.040039 0.286458 0.041016 0.286458 0.042969 0.283854 0.044922 0.283854 0.051758 0.289062 0.056641 0.290365 0.062500 0.294271 0.066406 0.294271 0.067383 0.295573 0.072266 0.291667 0.076172 0.291667 0.078125 0.289062 0.080078 0.283854 0.080078 0.281250 0.081055 0.279948 0.082031 0.272135 0.083984 0.268229 0.083984 0.264323 0.075195 0.253906 0.071289 0.252604 0.067383 0.242188 0.065430 0.242188 0.063477 0.239583 0.061523 0.239583 0.055664 0.235677 0.052734 0.231771 0.052734 0.230469 0.048828 0.231771 0.048828 0.233073 0.045898 0.236979 0.041016 0.240885
0 0.109375 0.236979 0.095703 0.253906 0.094727 0.253906 0.084961 0.268229 0.083008 0.273438 0.083008 0.281250 0.085938 0.289062 0.091797 0.299479 0.099609 0.307292 0.103516 0.309896 0.108398 0.309896 0.109375 0.311198 0.111328 0.311198 0.112305 0.309896 0.121094 0.309896 0.129883 0.303385 0.132812 0.298177 0.136719 0.294271 0.131836 0.287760 0.131836 0.285156 0.129883 0.283854 0.129883 0.281250 0.130859 0.279948 0.130859 0.270833 0.132812 0.268229 0.134766 0.268229 0.137695 0.270833 0.140625 0.268229 0.139648 0.265625 0.139648 0.256510 0.137695 0.251302 0.138672 0.250000 0.138672 0.247396 0.137695 0.246094 0.132812 0.244792 0.127930 0.240885 0.125000 0.240885 0.118164 0.236979
0 0.149414 0.161458 0.141602 0.161458 0.140625 0.162760 0.126953 0.162760 0.125977 0.165365 0.120117 0.173177 0.110352 0.179688 0.108398 0.186198 0.109375 0.187500 0.109375 0.192708 0.110352 0.194010 0.111328 0.200521 0.113281 0.203125 0.120117 0.221354 0.122070 0.223958 0.125977 0.226562 0.131836 0.226562 0.132812 0.225260 0.134766 0.225260 0.138672 0.222656 0.142578 0.222656 0.143555 0.221354 0.145508 0.221354 0.146484 0.220052 0.154297 0.217448 0.156250 0.214844 0.156250 0.196615 0.157227 0.195312 0.157227 0.191406 0.158203 0.190104 0.157227 0.182292 0.156250 0.180990 0.156250 0.177083 0.157227 0.174479 0.156250 0.171875 0.151367 0.166667
0 0.177734 0.216146 0.169922 0.216146 0.165039 0.220052 0.160156 0.220052 0.159180 0.221354 0.157227 0.221354 0.151367 0.225260 0.147461 0.230469 0.146484 0.230469 0.146484 0.231771 0.143555 0.235677 0.142578 0.235677 0.140625 0.239583 0.140625 0.246094 0.141602 0.247396 0.142578 0.252604 0.151367 0.266927 0.152344 0.270833 0.155273 0.274740 0.156250 0.278646 0.159180 0.282552 0.159180 0.283854 0.164062 0.289062 0.172852 0.289062 0.176758 0.283854 0.177734 0.283854 0.177734 0.282552 0.179688 0.279948 0.180664 0.279948 0.183594 0.274740 0.184570 0.274740 0.186523 0.272135 0.186523 0.265625 0.184570 0.260417 0.184570 0.256510 0.182617 0.252604 0.181641 0.247396 0.178711 0.242188 0.178711 0.236979 0.183594 0.231771 0.183594 0.225260 0.185547 0.221354
0 0.230469 0.141927 0.227539 0.141927 0.220703 0.145833 0.217773 0.145833 0.215820 0.147135 0.212891 0.152344 0.211914 0.160156 0.209961 0.164062 0.209961 0.167969 0.208984 0.169271 0.208984 0.174479 0.207031 0.179688 0.206055 0.191406 0.205078 0.192708 0.205078 0.200521 0.206055 0.201823 0.206055 0.204427 0.208008 0.208333 0.208008 0.210938 0.210938 0.214844 0.214844 0.214844 0.215820 0.216146 0.227539 0.216146 0.228516 0.217448 0.240234 0.216146 0.242188 0.214844 0.244141 0.210938 0.247070 0.209635 0.248047 0.207031 0.248047 0.203125 0.249023 0.201823 0.249023 0.196615 0.248047 0.195312 0.248047 0.186198 0.249023 0.183594 0.248047 0.182292 0.248047 0.175781 0.247070 0.174479 0.246094 0.167969 0.243164 0.161458 0.243164 0.158854 0.239258 0.148438
0 0.269531 0.236979 0.266602 0.235677 0.262695 0.231771 0.260742 0.231771 0.253906 0.227865 0.246094 0.227865 0.245117 0.226562 0.242188 0.226562 0.241211 0.225260 0.238281 0.225260 0.231445 0.233073 0.227539 0.235677 0.226562 0.239583 0.223633 0.243490 0.222656 0.248698 0.221680 0.250000 0.221680 0.255208 0.222656 0.256510 0.222656 0.260417 0.221680 0.261719 0.222656 0.263021 0.222656 0.268229 0.226562 0.278646 0.234375 0.291667 0.236328 0.292969 0.237305 0.291667 0.243164 0.290365 0.245117 0.289062 0.253906 0.277344 0.254883 0.277344 0.256836 0.274740 0.264648 0.272135 0.267578 0.269531 0.268555 0.264323 0.273438 0.257812 0.273438 0.256510 0.275391 0.253906 0.276367 0.253906 0.276367 0.251302 0.273438 0.246094 0.273438 0.242188
0 0.259766 0.276042 0.252930 0.281250 0.250000 0.285156 0.247070 0.298177 0.244141 0.303385 0.241211 0.303385 0.240234 0.302083 0.239258 0.303385 0.239258 0.308594 0.241211 0.312500 0.241211 0.315104 0.263672 0.342448 0.272461 0.348958 0.280273 0.348958 0.282227 0.347656 0.291016 0.334635 0.291992 0.329427 0.293945 0.325521 0.293945 0.304688 0.291016 0.302083 0.290039 0.294271 0.286133 0.292969 0.283203 0.287760 0.285156 0.286458 0.286133 0.283854 0.293945 0.286458 0.295898 0.282552 0.293945 0.278646 0.290039 0.278646 0.289062 0.277344 0.280273 0.277344 0.279297 0.276042 0.272461 0.276042 0.271484 0.274740
0 0.299805 0.204427 0.296875 0.209635 0.291016 0.212240 0.287109 0.217448 0.286133 0.217448 0.282227 0.226562 0.281250 0.238281 0.282227 0.239583 0.282227 0.243490 0.284180 0.250000 0.284180 0.263021 0.287109 0.268229 0.294922 0.270833 0.300781 0.276042 0.305664 0.277344 0.310547 0.282552 0.314453 0.278646 0.315430 0.274740 0.317383 0.272135 0.320312 0.263021 0.322266 0.260417 0.325195 0.251302 0.329102 0.243490 0.329102 0.239583 0.330078 0.238281 0.331055 0.231771 0.333984 0.226562 0.330078 0.220052 0.315430 0.209635 0.309570 0.208333 0.304688 0.204427
0 0.343750 0.230469 0.341797 0.233073 0.340820 0.233073 0.333984 0.242188 0.332031 0.247396 0.332031 0.251302 0.331055 0.252604 0.331055 0.257812 0.330078 0.259115 0.330078 0.265625 0.329102 0.266927 0.329102 0.277344 0.328125 0.278646 0.328125 0.290365 0.329102 0.291667 0.329102 0.294271 0.330078 0.294271 0.333984 0.299479 0.337891 0.302083 0.339844 0.302083 0.340820 0.303385 0.349609 0.303385 0.350586 0.302083 0.353516 0.302083 0.361328 0.296875 0.365234 0.291667 0.366211 0.289062 0.366211 0.283854 0.367188 0.282552 0.367188 0.259115 0.368164 0.257812 0.366211 0.252604 0.364258 0.250000 0.364258 0.248698 0.358398 0.239583 0.357422 0.235677 0.351562 0.231771 0.349609 0.231771 0.348633 0.230469
0 0.368164 0.257812 0.368164 0.260417 0.369141 0.261719 0.368164 0.270833 0.369141 0.272135 0.370117 0.294271 0.381836 0.312500 0.387695 0.316406 0.387695 0.319010 0.389648 0.319010 0.390625 0.316406 0.396484 0.315104 0.399414 0.312500 0.401367 0.312500 0.405273 0.309896 0.411133 0.309896 0.413086 0.308594 0.412109 0.307292 0.412109 0.303385 0.415039 0.299479 0.417969 0.298177 0.420898 0.292969 0.420898 0.287760 0.424805 0.282552 0.424805 0.279948 0.426758 0.276042 0.426758 0.269531 0.424805 0.266927 0.419922 0.264323 0.416992 0.264323 0.413086 0.261719 0.404297 0.260417 0.397461 0.256510 0.390625 0.256510 0.389648 0.255208 0.384766 0.255208 0.383789 0.253906 0.376953 0.252604 0.375977 0.253906 0.372070 0.253906
0 0.286133 0.082031 0.283203 0.082031 0.282227 0.083333 0.279297 0.083333 0.278320 0.084635 0.273438 0.085938 0.270508 0.089844 0.270508 0.092448 0.268555 0.096354 0.267578 0.102865 0.264648 0.110677 0.264648 0.114583 0.262695 0.118490 0.262695 0.122396 0.257812 0.135417 0.257812 0.139323 0.259766 0.143229 0.260742 0.143229 0.263672 0.147135 0.272461 0.152344 0.280273 0.153646 0.281250 0.152344 0.287109 0.152344 0.292969 0.148438 0.298828 0.148438 0.304688 0.141927 0.305664 0.134115 0.309570 0.123698 0.309570 0.121094 0.308594 0.119792 0.308594 0.113281 0.307617 0.111979 0.307617 0.106771 0.306641 0.104167 0.296875 0.088542 0.291992 0.084635 0.290039 0.084635
0 0.337891 0.128906 0.333008 0.135417 0.333008 0.136719 0.329102 0.141927 0.324219 0.145833 0.321289 0.151042 0.321289 0.162760 0.322266 0.164062 0.322266 0.171875 0.321289 0.173177 0.321289 0.177083 0.322266 0.178385 0.322266 0.183594 0.325195 0.191406 0.325195 0.194010 0.330078 0.199219 0.348633 0.200521 0.350586 0.196615 0.350586 0.190104 0.351562 0.187500 0.358398 0.179688 0.368164 0.174479 0.369141 0.173177 0.369141 0.169271 0.367188 0.165365 0.367188 0.161458 0.366211 0.160156 0.366211 0.153646 0.365234 0.152344 0.364258 0.145833 0.363281 0.143229 0.358398 0.136719 0.358398 0.135417 0.353516 0.131510 0.350586 0.131510 0.349609 0.130208
0 0.393555 0.166667 0.391602 0.166667 0.390625 0.165365 0.386719 0.165365 0.382812 0.167969 0.379883 0.167969 0.365234 0.178385 0.362305 0.178385 0.360352 0.180990 0.353516 0.184896 0.351562 0.188802 0.350586 0.209635 0.351562 0.210938 0.352539 0.218750 0.355469 0.222656 0.361328 0.227865 0.364258 0.229167 0.366211 0.233073 0.369141 0.235677 0.371094 0.235677 0.372070 0.236979 0.376953 0.236979 0.378906 0.233073 0.391602 0.226562 0.393555 0.223958 0.396484 0.222656 0.402344 0.214844 0.403320 0.214844 0.405273 0.212240 0.408203 0.204427 0.408203 0.201823 0.409180 0.200521 0.408203 0.199219 0.408203 0.192708 0.407227 0.191406 0.407227 0.188802 0.400391 0.178385 0.398438 0.173177
0 0.428711 0.102865 0.420898 0.102865 0.418945 0.101562 0.417969 0.102865 0.415039 0.102865 0.412109 0.105469 0.409180 0.105469 0.408203 0.106771 0.404297 0.108073 0.396484 0.123698 0.392578 0.128906 0.391602 0.128906 0.389648 0.132812 0.389648 0.138021 0.391602 0.143229 0.391602 0.147135 0.396484 0.161458 0.402344 0.166667 0.406250 0.171875 0.410156 0.174479 0.412109 0.174479 0.415039 0.177083 0.418945 0.174479 0.419922 0.171875 0.429688 0.160156 0.435547 0.157552 0.436523 0.156250 0.436523 0.151042 0.437500 0.149740 0.437500 0.147135 0.439453 0.144531 0.443359 0.144531 0.444336 0.143229 0.443359 0.141927 0.442383 0.130208 0.441406 0.128906 0.440430 0.121094 0.438477 0.115885 0.435547 0.111979 0.435547 0.110677 0.434570 0.110677
0 0.415039 0.182292 0.414062 0.184896 0.414062 0.192708 0.413086 0.194010 0.413086 0.213542 0.417969 0.226562 0.426758 0.238281 0.428711 0.238281 0.429688 0.236979 0.434570 0.236979 0.438477 0.230469 0.453125 0.229167 0.458008 0.225260 0.461914 0.225260 0.462891 0.223958 0.463867 0.225260 0.467773 0.225260 0.469727 0.223958 0.471680 0.214844 0.470703 0.213542 0.470703 0.208333 0.468750 0.204427 0.468750 0.197917 0.466797 0.191406 0.458008 0.180990 0.452148 0.175781 0.451172 0.173177 0.450195 0.173177 0.443359 0.164062 0.440430 0.162760 0.438477 0.160156 0.434570 0.158854 0.426758 0.164062 0.426758 0.165365 0.421875 0.170573 0.421875 0.171875
0 0.442383 0.231771 0.437500 0.239583 0.436523 0.244792 0.431641 0.256510 0.434570 0.266927 0.434570 0.287760 0.438477 0.298177 0.452148 0.315104 0.463867 0.315104 0.464844 0.313802 0.469727 0.313802 0.473633 0.311198 0.480469 0.311198 0.485352 0.313802 0.490234 0.313802 0.489258 0.308594 0.486328 0.305990 0.484375 0.298177 0.488281 0.281250 0.495117 0.273438 0.496094 0.255208 0.494141 0.250000 0.474609 0.227865 0.458008 0.227865 0.454102 0.230469 0.445312 0.230469
0 0.539062 0.209635 0.535156 0.207031 0.524414 0.207031 0.523438 0.208333 0.520508 0.208333 0.511719 0.214844 0.509766 0.217448 0.505859 0.218750 0.502930 0.221354 0.500977 0.226562 0.500977 0.231771 0.498047 0.238281 0.497070 0.253906 0.499023 0.259115 0.500000 0.268229 0.501953 0.273438 0.504883 0.277344 0.511719 0.277344 0.512695 0.276042 0.526367 0.277344 0.534180 0.273438 0.542969 0.272135 0.548828 0.268229 0.551758 0.264323 0.552734 0.261719 0.551758 0.260417 0.551758 0.253906 0.552734 0.252604 0.552734 0.246094 0.553711 0.244792 0.552734 0.230469 0.551758 0.229167 0.551758 0.226562 0.548828 0.222656 0.548828 0.221354 0.541992 0.214844
0 0.544922 0.095052 0.541016 0.096354 0.539062 0.098958 0.533203 0.102865 0.531250 0.102865 0.528320 0.105469 0.526367 0.105469 0.523438 0.108073 0.521484 0.108073 0.517578 0.110677 0.513672 0.115885 0.513672 0.118490 0.509766 0.128906 0.509766 0.134115 0.512695 0.136719 0.512695 0.145833 0.515625 0.154948 0.522461 0.166667 0.524414 0.171875 0.524414 0.174479 0.529297 0.178385 0.532227 0.178385 0.535156 0.175781 0.541992 0.174479 0.542969 0.173177 0.547852 0.171875 0.550781 0.169271 0.552734 0.169271 0.554688 0.167969 0.558594 0.161458 0.558594 0.140625 0.557617 0.139323 0.557617 0.128906 0.556641 0.127604 0.556641 0.115885 0.555664 0.114583 0.555664 0.110677 0.551758 0.100260 0.550781 0.100260 0.547852 0.096354 0.545898 0.096354
0 0.583984 0.118490 0.575195 0.126302 0.571289 0.132812 0.567383 0.141927 0.567383 0.144531 0.563477 0.153646 0.563477 0.157552 0.562500 0.158854 0.566406 0.167969 0.569336 0.171875 0.574219 0.184896 0.582031 0.192708 0.586914 0.194010 0.587891 0.195312 0.603516 0.195312 0.604492 0.196615 0.610352 0.195312 0.613281 0.191406 0.614258 0.191406 0.618164 0.184896 0.620117 0.173177 0.619141 0.171875 0.619141 0.166667 0.616211 0.160156 0.615234 0.153646 0.613281 0.149740 0.611328 0.140625 0.608398 0.134115 0.608398 0.131510 0.604492 0.125000 0.598633 0.121094 0.594727 0.121094 0.589844 0.118490
0 0.660156 0.127604 0.658203 0.126302 0.649414 0.126302 0.648438 0.127604 0.641602 0.128906 0.640625 0.130208 0.638672 0.130208 0.631836 0.134115 0.623047 0.135417 0.622070 0.136719 0.620117 0.136719 0.617188 0.139323 0.613281 0.140625 0.613281 0.145833 0.615234 0.149740 0.617188 0.160156 0.621094 0.170573 0.621094 0.177083 0.620117 0.178385 0.619141 0.190104 0.620117 0.190104 0.622070 0.192708 0.625000 0.192708 0.626953 0.194010 0.627930 0.192708 0.631836 0.192708 0.632812 0.191406 0.639648 0.190104 0.645508 0.186198 0.653320 0.186198 0.653320 0.184896 0.656250 0.180990 0.658203 0.175781 0.659180 0.167969 0.662109 0.162760 0.662109 0.160156 0.661133 0.158854 0.662109 0.157552 0.662109 0.131510
0 0.707031 0.121094 0.701172 0.127604 0.689453 0.131510 0.680664 0.139323 0.676758 0.147135 0.676758 0.149740 0.678711 0.153646 0.676758 0.157552 0.675781 0.169271 0.676758 0.170573 0.676758 0.173177 0.679688 0.177083 0.684570 0.179688 0.688477 0.184896 0.711914 0.201823 0.717773 0.201823 0.725586 0.195312 0.725586 0.194010 0.730469 0.187500 0.730469 0.186198 0.733398 0.183594 0.734375 0.179688 0.738281 0.174479 0.738281 0.171875 0.739258 0.170573 0.739258 0.157552 0.737305 0.151042 0.733398 0.147135 0.732422 0.144531 0.727539 0.139323 0.727539 0.138021 0.721680 0.132812 0.716797 0.130208 0.711914 0.122396
0 0.775391 0.173177 0.773438 0.173177 0.765625 0.167969 0.759766 0.167969 0.757812 0.170573 0.755859 0.170573 0.751953 0.174479 0.733398 0.186198 0.719727 0.203125 0.719727 0.207031 0.722656 0.214844 0.722656 0.220052 0.725586 0.225260 0.725586 0.227865 0.734375 0.234375 0.737305 0.234375 0.739258 0.238281 0.743164 0.240885 0.743164 0.243490 0.741211 0.246094 0.737305 0.246094 0.736328 0.244792 0.733398 0.246094 0.735352 0.247396 0.737305 0.246094 0.742188 0.246094 0.745117 0.247396 0.747070 0.251302 0.750977 0.251302 0.753906 0.247396 0.755859 0.247396 0.760742 0.242188 0.762695 0.242188 0.765625 0.238281 0.767578 0.238281 0.773438 0.230469 0.775391 0.225260 0.775391 0.213542 0.776367 0.212240 0.776367 0.205729 0.777344 0.204427 0.777344 0.192708 0.776367 0.191406 0.776367 0.187500 0.778320 0.180990 0.778320 0.178385
0 0.674805 0.209635 0.669922 0.204427 0.667969 0.204427 0.662109 0.200521 0.653320 0.201823 0.652344 0.203125 0.649414 0.203125 0.644531 0.205729 0.635742 0.205729 0.634766 0.204427 0.630859 0.204427 0.618164 0.225260 0.618164 0.229167 0.617188 0.230469 0.617188 0.240885 0.618164 0.242188 0.619141 0.248698 0.621094 0.250000 0.625000 0.255208 0.625000 0.256510 0.628906 0.260417 0.633789 0.260417 0.638672 0.253906 0.643555 0.251302 0.646484 0.251302 0.650391 0.248698 0.657227 0.248698 0.662109 0.252604 0.667969 0.253906 0.668945 0.255208 0.671875 0.255208 0.676758 0.252604 0.678711 0.248698 0.678711 0.246094 0.680664 0.240885 0.680664 0.230469
0 0.669922 0.257812 0.666016 0.256510 0.661133 0.252604 0.655273 0.251302 0.654297 0.252604 0.648438 0.252604 0.636719 0.260417 0.633789 0.264323 0.632812 0.269531 0.628906 0.276042 0.625977 0.283854 0.625000 0.290365 0.621094 0.298177 0.621094 0.309896 0.627930 0.321615 0.629883 0.322917 0.634766 0.330729 0.634766 0.334635 0.636719 0.334635 0.637695 0.332031 0.640625 0.333333 0.643555 0.332031 0.653320 0.332031 0.657227 0.329427 0.662109 0.330729 0.663086 0.333333 0.666016 0.334635 0.668945 0.329427 0.670898 0.322917 0.677734 0.312500 0.681641 0.300781 0.682617 0.287760 0.681641 0.286458 0.681641 0.281250 0.676758 0.265625
0 0.593750 0.233073 0.583008 0.233073 0.582031 0.234375 0.577148 0.234375 0.576172 0.235677 0.574219 0.235677 0.564453 0.242188 0.559570 0.248698 0.557617 0.253906 0.557617 0.256510 0.555664 0.261719 0.555664 0.266927 0.556641 0.268229 0.556641 0.282552 0.566406 0.294271 0.567383 0.294271 0.569336 0.296875 0.570312 0.300781 0.575195 0.305990 0.583984 0.305990 0.587891 0.303385 0.592773 0.296875 0.594727 0.295573 0.597656 0.295573 0.599609 0.291667 0.599609 0.283854 0.598633 0.282552 0.598633 0.270833 0.597656 0.269531 0.597656 0.256510 0.596680 0.255208 0.596680 0.240885
0 0.593750 0.298177 0.591797 0.299479 0.586914 0.307292 0.585938 0.311198 0.581055 0.319010 0.578125 0.326823 0.575195 0.330729 0.573242 0.337240 0.570312 0.342448 0.570312 0.348958 0.576172 0.358073 0.577148 0.358073 0.583984 0.365885 0.585938 0.365885 0.591797 0.372396 0.598633 0.375000 0.602539 0.381510 0.608398 0.377604 0.610352 0.377604 0.622070 0.364583 0.625000 0.358073 0.625977 0.350260 0.626953 0.348958 0.626953 0.345052 0.625977 0.343750 0.625977 0.339844 0.623047 0.334635 0.623047 0.332031 0.615234 0.311198 0.609375 0.304688 0.603516 0.303385 0.598633 0.298177
0 0.535156 0.302083 0.534180 0.303385 0.531250 0.303385 0.528320 0.305990 0.527344 0.311198 0.523438 0.321615 0.520508 0.325521 0.520508 0.326823 0.517578 0.329427 0.517578 0.330729 0.514648 0.334635 0.513672 0.334635 0.511719 0.341146 0.511719 0.343750 0.512695 0.345052 0.512695 0.359375 0.515625 0.369792 0.521484 0.371094 0.525391 0.373698 0.532227 0.381510 0.534180 0.381510 0.535156 0.382812 0.547852 0.382812 0.548828 0.380208 0.551758 0.377604 0.567383 0.355469 0.566406 0.332031 0.560547 0.312500 0.555664 0.305990 0.550781 0.304688 0.549805 0.303385
0 0.451172 0.320312 0.450195 0.321615 0.450195 0.329427 0.446289 0.337240 0.446289 0.342448 0.445312 0.343750 0.445312 0.361979 0.446289 0.363281 0.446289 0.368490 0.451172 0.380208 0.463867 0.393229 0.469727 0.397135 0.472656 0.397135 0.477539 0.399740 0.486328 0.398438 0.487305 0.397135 0.486328 0.393229 0.489258 0.388021 0.496094 0.389323 0.499023 0.393229 0.504883 0.395833 0.505859 0.394531 0.505859 0.390625 0.503906 0.386719 0.503906 0.380208 0.505859 0.376302 0.507812 0.361979 0.509766 0.358073 0.509766 0.350260 0.508789 0.348958 0.508789 0.345052 0.502930 0.330729 0.495117 0.322917 0.485352 0.317708 0.481445 0.317708 0.480469 0.319010 0.463867 0.317708 0.462891 0.319010
0 0.420898 0.348958 0.416992 0.348958 0.412109 0.351562 0.408203 0.351562 0.407227 0.352865 0.405273 0.352865 0.403320 0.355469 0.403320 0.358073 0.395508 0.377604 0.394531 0.384115 0.389648 0.397135 0.389648 0.404948 0.392578 0.408854 0.392578 0.410156 0.402344 0.416667 0.406250 0.421875 0.408203 0.421875 0.415039 0.417969 0.426758 0.417969 0.427734 0.416667 0.429688 0.416667 0.432617 0.412760 0.432617 0.408854 0.433594 0.406250 0.439453 0.399740 0.440430 0.397135 0.440430 0.393229 0.442383 0.389323 0.442383 0.371094 0.442383 0.373698 0.439453 0.377604 0.437500 0.375000 0.437500 0.372396 0.435547 0.367188 0.436523 0.364583 0.436523 0.360677 0.433594 0.356771
0 0.379883 0.326823 0.374023 0.322917 0.362305 0.321615 0.361328 0.322917 0.356445 0.322917 0.355469 0.324219 0.350586 0.325521 0.345703 0.329427 0.341797 0.334635 0.338867 0.343750 0.336914 0.346354 0.333984 0.354167 0.333984 0.356771 0.332031 0.361979 0.332031 0.371094 0.334961 0.378906 0.334961 0.381510 0.336914 0.385417 0.339844 0.388021 0.350586 0.388021 0.351562 0.386719 0.355469 0.386719 0.356445 0.385417 0.363281 0.386719 0.364258 0.388021 0.374023 0.388021 0.375000 0.386719 0.379883 0.385417 0.382812 0.382812 0.383789 0.377604 0.386719 0.373698 0.388672 0.368490 0.388672 0.364583 0.389648 0.363281 0.389648 0.350260 0.388672 0.348958 0.387695 0.339844 0.386719 0.339844 0.383789 0.335938 0.381836 0.329427
0 0.290039 0.365885 0.280273 0.380208 0.277344 0.390625 0.272461 0.397135 0.272461 0.399740 0.271484 0.401042 0.271484 0.416667 0.274414 0.421875 0.284180 0.427083 0.294922 0.427083 0.295898 0.428385 0.304688 0.428385 0.305664 0.429688 0.319336 0.429688 0.320312 0.428385 0.322266 0.428385 0.330078 0.417969 0.330078 0.415365 0.333984 0.407552 0.334961 0.395833 0.335938 0.394531 0.333984 0.381510 0.329102 0.369792 0.329102 0.365885 0.325195 0.361979 0.298828 0.361979 0.297852 0.363281 0.293945 0.363281
0 0.340820 0.391927 0.337891 0.394531 0.337891 0.397135 0.336914 0.398438 0.336914 0.406250 0.335938 0.407552 0.335938 0.411458 0.333008 0.420573 0.333008 0.428385 0.333984 0.429688 0.333984 0.432292 0.336914 0.437500 0.337891 0.441406 0.338867 0.441406 0.344727 0.450521 0.347656 0.451823 0.353516 0.458333 0.359375 0.462240 0.362305 0.462240 0.365234 0.458333 0.367188 0.458333 0.372070 0.453125 0.375000 0.451823 0.375000 0.450521 0.377930 0.446615 0.378906 0.446615 0.384766 0.437500 0.385742 0.437500 0.387695 0.430990 0.390625 0.425781 0.389648 0.415365 0.383789 0.406250 0.380859 0.398438 0.375977 0.395833 0.372070 0.391927 0.370117 0.391927 0.366211 0.389323 0.363281 0.389323 0.362305 0.388021 0.355469 0.388021 0.354492 0.389323
0 0.231445 0.345052 0.228516 0.350260 0.226562 0.359375 0.225586 0.360677 0.225586 0.376302 0.230469 0.386719 0.235352 0.394531 0.237305 0.399740 0.237305 0.402344 0.239258 0.404948 0.243164 0.404948 0.244141 0.406250 0.252930 0.406250 0.253906 0.407552 0.256836 0.407552 0.257812 0.406250 0.263672 0.406250 0.269531 0.402344 0.269531 0.401042 0.271484 0.398438 0.271484 0.395833 0.275391 0.390625 0.279297 0.381510 0.279297 0.378906 0.281250 0.376302 0.282227 0.369792 0.279297 0.365885 0.279297 0.363281 0.278320 0.361979 0.277344 0.363281 0.274414 0.363281 0.268555 0.355469 0.264648 0.352865 0.258789 0.345052 0.248047 0.338542 0.242188 0.339844 0.235352 0.345052
0 0.174805 0.291667 0.173828 0.294271 0.173828 0.303385 0.174805 0.304688 0.174805 0.308594 0.176758 0.315104 0.176758 0.321615 0.177734 0.322917 0.177734 0.325521 0.180664 0.333333 0.189453 0.346354 0.194336 0.347656 0.195312 0.348958 0.204102 0.350260 0.205078 0.351562 0.217773 0.352865 0.222656 0.350260 0.226562 0.346354 0.233398 0.334635 0.233398 0.324219 0.235352 0.319010 0.235352 0.309896 0.234375 0.308594 0.234375 0.303385 0.233398 0.302083 0.233398 0.295573 0.232422 0.292969 0.227539 0.287760 0.219727 0.287760 0.218750 0.286458 0.195312 0.286458 0.194336 0.285156 0.190430 0.285156 0.188477 0.283854 0.187500 0.285156 0.181641 0.286458
0 0.168945 0.292969 0.166992 0.292969 0.166016 0.291667 0.162109 0.291667 0.161133 0.290365 0.160156 0.291667 0.154297 0.291667 0.142578 0.299479 0.140625 0.302083 0.136719 0.303385 0.130859 0.308594 0.128906 0.311198 0.125977 0.319010 0.125977 0.322917 0.125000 0.324219 0.125000 0.334635 0.126953 0.339844 0.134766 0.351562 0.135742 0.351562 0.138672 0.355469 0.143555 0.358073 0.146484 0.361979 0.153320 0.361979 0.161133 0.354167 0.165039 0.354167 0.169922 0.351562 0.176758 0.351562 0.177734 0.350260 0.178711 0.345052 0.174805 0.341146 0.174805 0.338542 0.175781 0.337240 0.173828 0.332031 0.173828 0.329427 0.174805 0.328125 0.174805 0.317708 0.173828 0.316406 0.173828 0.311198 0.172852 0.309896 0.171875 0.296875
0 0.122070 0.319010 0.115234 0.317708 0.114258 0.316406 0.102539 0.315104 0.101562 0.316406 0.090820 0.319010 0.083008 0.324219 0.077148 0.325521 0.073242 0.329427 0.073242 0.333333 0.072266 0.334635 0.072266 0.338542 0.073242 0.339844 0.072266 0.341146 0.072266 0.360677 0.076172 0.371094 0.078125 0.373698 0.079102 0.380208 0.082031 0.382812 0.086914 0.382812 0.087891 0.381510 0.089844 0.381510 0.091797 0.375000 0.097656 0.368490 0.101562 0.365885 0.104492 0.365885 0.105469 0.364583 0.112305 0.364583 0.113281 0.363281 0.123047 0.363281 0.124023 0.361979 0.129883 0.361979 0.130859 0.360677 0.129883 0.359375 0.129883 0.355469 0.125977 0.347656 0.125977 0.343750 0.123047 0.334635 0.123047 0.326823 0.124023 0.324219
0 0.093750 0.373698 0.091797 0.378906 0.091797 0.393229 0.092773 0.394531 0.092773 0.401042 0.096680 0.412760 0.102539 0.420573 0.112305 0.425781 0.122070 0.427083 0.126953 0.430990 0.131836 0.430990 0.132812 0.432292 0.143555 0.432292 0.144531 0.430990 0.146484 0.430990 0.149414 0.425781 0.156250 0.417969 0.156250 0.414062 0.155273 0.412760 0.155273 0.399740 0.154297 0.398438 0.154297 0.386719 0.153320 0.385417 0.153320 0.380208 0.152344 0.378906 0.151367 0.369792 0.149414 0.367188 0.140625 0.365885 0.139648 0.364583 0.105469 0.365885
0 0.183594 0.354167 0.180664 0.354167 0.172852 0.359375 0.169922 0.359375 0.168945 0.360677 0.161133 0.363281 0.157227 0.365885 0.155273 0.369792 0.155273 0.385417 0.156250 0.386719 0.156250 0.391927 0.157227 0.393229 0.157227 0.398438 0.158203 0.399740 0.159180 0.415365 0.163086 0.425781 0.168945 0.429688 0.173828 0.429688 0.174805 0.430990 0.183594 0.430990 0.193359 0.424479 0.198242 0.417969 0.198242 0.411458 0.199219 0.410156 0.199219 0.407552 0.196289 0.403646 0.195312 0.393229 0.193359 0.389323 0.193359 0.380208 0.192383 0.378906 0.192383 0.369792 0.191406 0.368490 0.191406 0.363281 0.192383 0.361979 0.190430 0.358073 0.189453 0.358073 0.187500 0.355469 0.184570 0.355469
0 0.009766 0.309896 0.008789 0.320312 0.007812 0.321615 0.007812 0.330729 0.005859 0.334635 0.005859 0.341146 0.008789 0.339844 0.011719 0.345052 0.011719 0.346354 0.008789 0.348958 0.008789 0.358073 0.009766 0.361979 0.022461 0.361979 0.025391 0.363281 0.026367 0.361979 0.040039 0.360677 0.041016 0.359375 0.053711 0.359375 0.060547 0.355469 0.063477 0.358073 0.069336 0.347656 0.069336 0.339844 0.071289 0.334635 0.072266 0.324219 0.071289 0.322917 0.071289 0.319010 0.069336 0.317708 0.067383 0.311198 0.064453 0.308594 0.064453 0.304688 0.061523 0.302083 0.054688 0.302083 0.050781 0.299479 0.047852 0.299479 0.044922 0.296875 0.041992 0.296875 0.039062 0.294271 0.032227 0.294271 0.027344 0.298177 0.021484 0.299479 0.017578 0.303385 0.012695 0.304688 0.012695 0.308594
0 0.059570 0.367188 0.050781 0.367188 0.049805 0.365885 0.038086 0.364583 0.037109 0.363281 0.035156 0.363281 0.034180 0.364583 0.028320 0.364583 0.014648 0.378906 0.014648 0.380208 0.009766 0.386719 0.009766 0.393229 0.007812 0.398438 0.007812 0.402344 0.009766 0.406250 0.009766 0.408854 0.011719 0.410156 0.011719 0.412760 0.013672 0.417969 0.015625 0.419271 0.015625 0.424479 0.017578 0.427083 0.018555 0.425781 0.022461 0.425781 0.029297 0.429688 0.036133 0.429688 0.038086 0.421875 0.043945 0.414062 0.059570 0.403646 0.059570 0.401042 0.056641 0.394531 0.056641 0.391927 0.049805 0.380208 0.050781 0.369792 0.052734 0.367188 0.056641 0.371094 0.059570 0.371094
0 0.083984 0.399740 0.076172 0.399740 0.075195 0.401042 0.066406 0.402344 0.061523 0.406250 0.051758 0.410156 0.049805 0.412760 0.044922 0.415365 0.040039 0.421875 0.037109 0.432292 0.037109 0.436198 0.039062 0.442708 0.039062 0.449219 0.041016 0.458333 0.045898 0.467448 0.048828 0.468750 0.055664 0.476562 0.063477 0.476562 0.075195 0.470052 0.080078 0.462240 0.083984 0.459635 0.092773 0.449219 0.092773 0.437500 0.090820 0.430990 0.086914 0.427083 0.085938 0.421875 0.083008 0.416667 0.084961 0.411458 0.086914 0.410156 0.088867 0.412760 0.088867 0.424479 0.090820 0.427083 0.095703 0.420573 0.095703 0.416667 0.091797 0.407552
0 0.032227 0.436198 0.024414 0.444010 0.019531 0.446615 0.015625 0.451823 0.014648 0.454427 0.013672 0.470052 0.012695 0.471354 0.013672 0.479167 0.019531 0.488281 0.023438 0.498698 0.025391 0.501302 0.026367 0.500000 0.032227 0.500000 0.035156 0.502604 0.039062 0.502604 0.040039 0.503906 0.050781 0.503906 0.054688 0.500000 0.056641 0.500000 0.060547 0.494792 0.061523 0.494792 0.067383 0.485677 0.067383 0.483073 0.068359 0.481771 0.066406 0.479167 0.056641 0.479167 0.051758 0.473958 0.050781 0.473958 0.046875 0.468750 0.045898 0.468750 0.041992 0.463542 0.039062 0.455729 0.039062 0.453125 0.038086 0.451823 0.038086 0.445312 0.037109 0.444010 0.037109 0.438802 0.036133 0.436198
0 0.010742 0.513021 0.009766 0.518229 0.010742 0.548177 0.015625 0.557292 0.019531 0.571615 0.025391 0.582031 0.032227 0.584635 0.038086 0.584635 0.039062 0.585938 0.056641 0.584635 0.076172 0.576823 0.082031 0.570312 0.083008 0.562500 0.080078 0.558594 0.081055 0.554688 0.079102 0.552083 0.078125 0.542969 0.074219 0.531250 0.074219 0.507812 0.051758 0.510417 0.045898 0.506510 0.039062 0.506510 0.035156 0.509115 0.031250 0.509115 0.025391 0.511719 0.023438 0.509115 0.023438 0.506510 0.021484 0.505208
0 0.085938 0.485677 0.076172 0.511719 0.076172 0.532552 0.077148 0.533854 0.077148 0.537760 0.082031 0.544271 0.083008 0.546875 0.083008 0.550781 0.083984 0.552083 0.086914 0.552083 0.088867 0.553385 0.089844 0.552083 0.093750 0.552083 0.094727 0.550781 0.098633 0.550781 0.099609 0.549479 0.106445 0.548177 0.107422 0.546875 0.113281 0.545573 0.114258 0.544271 0.116211 0.544271 0.117188 0.542969 0.119141 0.542969 0.120117 0.541667 0.124023 0.540365 0.125000 0.539062 0.125977 0.532552 0.127930 0.528646 0.127930 0.524740 0.126953 0.523438 0.126953 0.518229 0.125000 0.515625 0.125000 0.511719 0.123047 0.507812 0.122070 0.502604 0.115234 0.494792 0.109375 0.490885 0.104492 0.489583 0.099609 0.484375 0.087891 0.484375
0 0.091797 0.555990 0.086914 0.562500 0.083984 0.570312 0.083984 0.591146 0.087891 0.601562 0.093750 0.609375 0.097656 0.611979 0.102539 0.613281 0.109375 0.618490 0.115234 0.618490 0.123047 0.613281 0.125000 0.613281 0.127930 0.609375 0.127930 0.606771 0.128906 0.605469 0.133789 0.605469 0.138672 0.602865 0.140625 0.600260 0.140625 0.588542 0.141602 0.587240 0.141602 0.584635 0.140625 0.583333 0.139648 0.576823 0.133789 0.562500 0.133789 0.559896 0.129883 0.552083 0.106445 0.552083 0.101562 0.554688
0 0.143555 0.605469 0.138672 0.608073 0.136719 0.610677 0.134766 0.610677 0.131836 0.614583 0.126953 0.617188 0.125000 0.621094 0.121094 0.622396 0.122070 0.623698 0.122070 0.627604 0.118164 0.632812 0.118164 0.639323 0.123047 0.647135 0.126953 0.657552 0.138672 0.671875 0.138672 0.674479 0.145508 0.680990 0.155273 0.680990 0.156250 0.679688 0.158203 0.679688 0.160156 0.675781 0.164062 0.674479 0.163086 0.661458 0.162109 0.660156 0.162109 0.649740 0.164062 0.644531 0.164062 0.639323 0.163086 0.638021 0.161133 0.627604 0.153320 0.615885 0.148438 0.618490 0.138672 0.618490 0.137695 0.617188 0.138672 0.614583 0.144531 0.614583 0.146484 0.611979 0.147461 0.613281 0.150391 0.613281 0.150391 0.611979 0.146484 0.609375 0.146484 0.606771 0.145508 0.605469
0 0.139648 0.518229 0.137695 0.520833 0.137695 0.522135 0.127930 0.533854 0.126953 0.539062 0.129883 0.546875 0.131836 0.549479 0.132812 0.553385 0.134766 0.555990 0.137695 0.563802 0.137695 0.566406 0.142578 0.578125 0.151367 0.588542 0.156250 0.588542 0.157227 0.587240 0.162109 0.585938 0.164062 0.583333 0.171875 0.578125 0.171875 0.575521 0.174805 0.569010 0.173828 0.566406 0.173828 0.557292 0.172852 0.555990 0.172852 0.552083 0.171875 0.550781 0.171875 0.546875 0.169922 0.542969 0.169922 0.540365 0.167969 0.537760 0.167969 0.536458 0.157227 0.523438 0.159180 0.518229 0.159180 0.515625 0.153320 0.515625 0.149414 0.518229
0 0.140625 0.438802 0.140625 0.441406 0.137695 0.449219 0.133789 0.454427 0.132812 0.458333 0.130859 0.460938 0.130859 0.463542 0.128906 0.468750 0.128906 0.472656 0.127930 0.473958 0.127930 0.483073 0.132812 0.494792 0.133789 0.501302 0.134766 0.502604 0.169922 0.501302 0.171875 0.496094 0.170898 0.493490 0.168945 0.493490 0.166992 0.490885 0.167969 0.489583 0.169922 0.489583 0.171875 0.483073 0.171875 0.477865 0.172852 0.476562 0.174805 0.477865 0.174805 0.480469 0.176758 0.485677 0.176758 0.489583 0.178711 0.484375 0.178711 0.480469 0.181641 0.476562 0.180664 0.471354 0.178711 0.467448 0.178711 0.463542 0.177734 0.462240 0.176758 0.455729 0.173828 0.455729 0.170898 0.450521 0.162109 0.446615 0.160156 0.444010 0.160156 0.440104 0.159180 0.438802 0.152344 0.437500 0.149414 0.434896 0.146484 0.434896 0.144531 0.437500
0 0.208984 0.420573 0.208008 0.421875 0.202148 0.423177 0.198242 0.427083 0.194336 0.428385 0.191406 0.432292 0.188477 0.433594 0.187500 0.434896 0.187500 0.440104 0.192383 0.453125 0.192383 0.455729 0.194336 0.459635 0.194336 0.462240 0.199219 0.473958 0.199219 0.476562 0.203125 0.485677 0.208008 0.490885 0.213867 0.492188 0.214844 0.490885 0.217773 0.490885 0.218750 0.489583 0.220703 0.489583 0.221680 0.488281 0.225586 0.486979 0.228516 0.483073 0.229492 0.483073 0.232422 0.477865 0.234375 0.476562 0.234375 0.473958 0.235352 0.472656 0.234375 0.470052 0.234375 0.466146 0.233398 0.464844 0.234375 0.451823 0.231445 0.444010 0.231445 0.440104 0.229492 0.437500 0.228516 0.433594 0.227539 0.433594 0.223633 0.428385 0.221680 0.428385 0.220703 0.427083 0.215820 0.427083 0.212891 0.423177 0.212891 0.421875
0 0.220703 0.490885 0.211914 0.496094 0.208008 0.501302 0.203125 0.513021 0.203125 0.515625 0.202148 0.516927 0.202148 0.527344 0.204102 0.532552 0.205078 0.544271 0.208008 0.548177 0.211914 0.549479 0.219727 0.555990 0.224609 0.557292 0.227539 0.561198 0.236328 0.561198 0.241211 0.557292 0.250977 0.544271 0.251953 0.539062 0.252930 0.537760 0.251953 0.536458 0.251953 0.531250 0.248047 0.520833 0.248047 0.518229 0.246094 0.515625 0.242188 0.513021 0.242188 0.511719 0.237305 0.505208 0.236328 0.501302 0.230469 0.493490 0.227539 0.493490 0.225586 0.490885
0 0.213867 0.574219 0.209961 0.580729 0.208008 0.587240 0.205078 0.591146 0.205078 0.592448 0.201172 0.598958 0.201172 0.602865 0.203125 0.605469 0.204102 0.610677 0.208008 0.615885 0.208008 0.617188 0.225586 0.640625 0.229492 0.643229 0.232422 0.643229 0.233398 0.644531 0.237305 0.644531 0.238281 0.643229 0.240234 0.643229 0.243164 0.638021 0.243164 0.636719 0.250000 0.627604 0.250000 0.618490 0.250977 0.617188 0.250977 0.613281 0.250000 0.611979 0.250000 0.608073 0.249023 0.606771 0.249023 0.604167 0.250000 0.602865 0.249023 0.596354 0.237305 0.583333 0.234375 0.583333 0.233398 0.582031 0.231445 0.582031 0.227539 0.579427 0.224609 0.574219 0.217773 0.574219 0.216797 0.572917 0.215820 0.574219
0 0.208008 0.631510 0.207031 0.632812 0.205078 0.632812 0.202148 0.636719 0.198242 0.638021 0.197266 0.640625 0.188477 0.643229 0.183594 0.649740 0.183594 0.651042 0.181641 0.652344 0.178711 0.660156 0.178711 0.662760 0.181641 0.669271 0.181641 0.674479 0.183594 0.678385 0.184570 0.690104 0.188477 0.695312 0.195312 0.700521 0.198242 0.700521 0.203125 0.703125 0.212891 0.703125 0.213867 0.704427 0.217773 0.704427 0.219727 0.703125 0.220703 0.700521 0.223633 0.699219 0.227539 0.691406 0.233398 0.684896 0.234375 0.679688 0.237305 0.673177 0.236328 0.657552 0.234375 0.654948 0.231445 0.647135 0.227539 0.645833 0.215820 0.631510
0 0.281250 0.674479 0.279297 0.673177 0.274414 0.673177 0.273438 0.671875 0.271484 0.671875 0.268555 0.667969 0.264648 0.666667 0.263672 0.665365 0.259766 0.665365 0.257812 0.662760 0.257812 0.660156 0.254883 0.660156 0.252930 0.662760 0.249023 0.662760 0.247070 0.664062 0.247070 0.665365 0.244141 0.669271 0.243164 0.674479 0.241211 0.677083 0.238281 0.686198 0.233398 0.695312 0.233398 0.699219 0.232422 0.701823 0.230469 0.704427 0.231445 0.710938 0.238281 0.722656 0.239258 0.726562 0.244141 0.730469 0.245117 0.729167 0.253906 0.729167 0.254883 0.730469 0.259766 0.730469 0.266602 0.725260 0.274414 0.725260 0.280273 0.714844 0.280273 0.705729 0.281250 0.704427 0.281250 0.696615 0.280273 0.695312 0.280273 0.692708 0.282227 0.690104 0.282227 0.678385 0.281250 0.677083
0 0.310547 0.635417 0.306641 0.638021 0.295898 0.649740 0.290039 0.662760 0.290039 0.666667 0.287109 0.671875 0.285156 0.679688 0.286133 0.680990 0.286133 0.683594 0.290039 0.690104 0.291992 0.703125 0.301758 0.714844 0.304688 0.714844 0.305664 0.716146 0.317383 0.716146 0.325195 0.710938 0.328125 0.710938 0.331055 0.708333 0.333008 0.708333 0.338867 0.700521 0.344727 0.690104 0.344727 0.683594 0.342773 0.679688 0.332031 0.673177 0.327148 0.666667 0.327148 0.665365 0.323242 0.661458 0.317383 0.651042 0.317383 0.644531 0.319336 0.641927 0.316406 0.636719 0.311523 0.636719
0 0.347656 0.721354 0.335938 0.721354 0.333984 0.725260 0.332031 0.725260 0.330078 0.721354 0.329102 0.723958 0.325195 0.725260 0.314453 0.746094 0.314453 0.753906 0.310547 0.761719 0.309570 0.769531 0.321289 0.792969 0.328125 0.799479 0.334961 0.799479 0.335938 0.800781 0.340820 0.799479 0.341797 0.796875 0.361328 0.769531 0.362305 0.765625 0.365234 0.761719 0.365234 0.759115 0.366211 0.757812 0.366211 0.751302 0.365234 0.750000 0.365234 0.746094 0.361328 0.736979 0.361328 0.734375 0.359375 0.730469
0 0.365234 0.783854 0.366211 0.803385 0.364258 0.809896 0.367188 0.820312 0.372070 0.824219 0.374023 0.824219 0.375977 0.826823 0.386719 0.830729 0.395508 0.837240 0.410156 0.826823 0.419922 0.816406 0.422852 0.809896 0.422852 0.805990 0.423828 0.804688 0.423828 0.792969 0.425781 0.789062 0.424805 0.782552 0.422852 0.778646 0.416016 0.777344 0.416016 0.778646 0.419922 0.781250 0.419922 0.783854 0.416016 0.786458 0.412109 0.782552 0.399414 0.779948 0.392578 0.774740 0.390625 0.774740 0.386719 0.770833 0.379883 0.769531 0.376953 0.766927 0.372070 0.769531 0.368164 0.776042
0 0.405273 0.677083 0.402344 0.677083 0.398438 0.674479 0.387695 0.674479 0.386719 0.675781 0.380859 0.677083 0.375977 0.680990 0.375000 0.679688 0.373047 0.679688 0.373047 0.680990 0.367188 0.687500 0.367188 0.690104 0.364258 0.694010 0.362305 0.699219 0.362305 0.714844 0.364258 0.720052 0.365234 0.729167 0.368164 0.735677 0.368164 0.738281 0.371094 0.743490 0.371094 0.747396 0.372070 0.750000 0.376953 0.756510 0.378906 0.756510 0.383789 0.752604 0.386719 0.752604 0.391602 0.750000 0.396484 0.743490 0.399414 0.735677 0.403320 0.730469 0.407227 0.722656 0.408203 0.718750 0.411133 0.714844 0.411133 0.708333 0.410156 0.707031 0.410156 0.701823 0.408203 0.695312 0.408203 0.691406 0.410156 0.684896 0.407227 0.678385
0 0.349609 0.606771 0.346680 0.610677 0.345703 0.610677 0.333984 0.626302 0.333008 0.626302 0.330078 0.632812 0.319336 0.647135 0.319336 0.653646 0.321289 0.656250 0.322266 0.656250 0.330078 0.667969 0.333008 0.669271 0.336914 0.674479 0.338867 0.674479 0.341797 0.677083 0.347656 0.678385 0.348633 0.679688 0.359375 0.679688 0.361328 0.677083 0.364258 0.675781 0.364258 0.674479 0.369141 0.666667 0.373047 0.664062 0.373047 0.661458 0.374023 0.660156 0.374023 0.653646 0.375977 0.649740 0.375977 0.641927 0.374023 0.638021 0.374023 0.634115 0.373047 0.632812 0.372070 0.627604 0.366211 0.619792 0.365234 0.615885 0.362305 0.613281 0.357422 0.611979 0.352539 0.606771
0 0.337891 0.554688 0.328125 0.554688 0.327148 0.553385 0.321289 0.553385 0.317383 0.555990 0.308594 0.554688 0.301758 0.558594 0.296875 0.565104 0.292969 0.576823 0.290039 0.580729 0.288086 0.585938 0.288086 0.595052 0.290039 0.602865 0.302734 0.625000 0.304688 0.626302 0.308594 0.626302 0.309570 0.627604 0.321289 0.627604 0.322266 0.626302 0.330078 0.625000 0.342773 0.610677 0.344727 0.605469 0.344727 0.601562 0.341797 0.593750 0.335938 0.585938 0.334961 0.580729 0.332031 0.576823 0.325195 0.559896 0.326172 0.557292 0.327148 0.558594 0.333984 0.559896 0.333984 0.558594
0 0.256836 0.501302 0.253906 0.505208 0.253906 0.507812 0.251953 0.513021 0.251953 0.524740 0.252930 0.526042 0.253906 0.533854 0.258789 0.546875 0.264648 0.555990 0.266602 0.557292 0.276367 0.558594 0.277344 0.559896 0.284180 0.559896 0.288086 0.562500 0.292969 0.562500 0.297852 0.559896 0.299805 0.555990 0.302734 0.554688 0.304688 0.552083 0.307617 0.542969 0.307617 0.539062 0.308594 0.537760 0.308594 0.522135 0.307617 0.520833 0.307617 0.516927 0.306641 0.515625 0.305664 0.507812 0.304688 0.506510 0.304688 0.500000 0.302734 0.497396 0.290039 0.500000 0.289062 0.498698 0.285156 0.498698 0.280273 0.496094 0.270508 0.496094 0.269531 0.497396 0.262695 0.498698 0.259766 0.501302
0 0.275391 0.428385 0.272461 0.432292 0.271484 0.432292 0.262695 0.444010 0.262695 0.445312 0.260742 0.447917 0.259766 0.450521 0.259766 0.458333 0.261719 0.463542 0.281250 0.490885 0.281250 0.492188 0.285156 0.496094 0.291016 0.497396 0.291992 0.496094 0.295898 0.496094 0.296875 0.494792 0.302734 0.494792 0.306641 0.492188 0.312500 0.481771 0.312500 0.451823 0.311523 0.450521 0.311523 0.444010 0.310547 0.442708 0.310547 0.434896 0.309570 0.433594 0.300781 0.433594 0.297852 0.430990 0.287109 0.430990 0.286133 0.429688
0 0.354492 0.476562 0.350586 0.473958 0.348633 0.473958 0.345703 0.471354 0.335938 0.471354 0.326172 0.477865 0.316406 0.490885 0.316406 0.492188 0.309570 0.500000 0.309570 0.502604 0.308594 0.503906 0.308594 0.514323 0.309570 0.515625 0.309570 0.522135 0.310547 0.523438 0.310547 0.537760 0.312500 0.540365 0.314453 0.541667 0.322266 0.542969 0.323242 0.544271 0.330078 0.544271 0.333008 0.541667 0.335938 0.541667 0.336914 0.540365 0.341797 0.539062 0.357422 0.528646 0.359375 0.523438 0.359375 0.518229 0.358398 0.516927 0.357422 0.505208 0.356445 0.503906 0.356445 0.498698 0.355469 0.497396 0.355469 0.485677 0.357422 0.480469
0 0.384766 0.463542 0.383789 0.464844 0.379883 0.464844 0.372070 0.470052 0.362305 0.480469 0.358398 0.483073 0.356445 0.486979 0.356445 0.498698 0.358398 0.505208 0.358398 0.510417 0.360352 0.515625 0.360352 0.526042 0.359375 0.527344 0.359375 0.533854 0.362305 0.537760 0.368164 0.541667 0.370117 0.541667 0.371094 0.540365 0.376953 0.540365 0.377930 0.539062 0.384766 0.539062 0.386719 0.537760 0.393555 0.529948 0.396484 0.528646 0.404297 0.516927 0.404297 0.511719 0.402344 0.507812 0.397461 0.502604 0.398438 0.490885 0.400391 0.488281 0.399414 0.481771 0.395508 0.475260 0.392578 0.473958 0.389648 0.468750 0.387695 0.468750 0.384766 0.464844
0 0.405273 0.531250 0.404297 0.532552 0.399414 0.532552 0.395508 0.536458 0.391602 0.537760 0.390625 0.539062 0.388672 0.539062 0.385742 0.541667 0.381836 0.553385 0.379883 0.555990 0.375977 0.565104 0.375977 0.572917 0.377930 0.576823 0.378906 0.582031 0.380859 0.584635 0.384766 0.595052 0.391602 0.604167 0.402344 0.611979 0.410156 0.611979 0.414062 0.605469 0.415039 0.600260 0.417969 0.595052 0.420898 0.587240 0.420898 0.584635 0.422852 0.580729 0.422852 0.576823 0.421875 0.574219 0.422852 0.572917 0.422852 0.567708 0.423828 0.566406 0.423828 0.563802 0.421875 0.561198 0.421875 0.559896 0.416992 0.557292 0.413086 0.552083 0.412109 0.548177 0.410156 0.545573 0.409180 0.537760 0.408203 0.536458 0.408203 0.532552 0.407227 0.531250
0 0.443359 0.583333 0.438477 0.583333 0.435547 0.587240 0.429688 0.588542 0.425781 0.592448 0.423828 0.592448 0.419922 0.595052 0.416992 0.600260 0.416016 0.605469 0.411133 0.614583 0.410156 0.621094 0.409180 0.622396 0.409180 0.626302 0.412109 0.636719 0.412109 0.641927 0.416992 0.657552 0.420898 0.662760 0.428711 0.667969 0.436523 0.667969 0.437500 0.666667 0.451172 0.661458 0.458984 0.652344 0.461914 0.643229 0.461914 0.634115 0.458984 0.626302 0.458008 0.618490 0.456055 0.613281 0.455078 0.593750 0.453125 0.592448 0.450195 0.588542 0.450195 0.587240
0 0.439453 0.496094 0.434570 0.498698 0.429688 0.503906 0.423828 0.507812 0.414062 0.519531 0.410156 0.529948 0.410156 0.537760 0.411133 0.539062 0.411133 0.544271 0.413086 0.549479 0.417969 0.555990 0.420898 0.557292 0.425781 0.563802 0.429688 0.565104 0.434570 0.571615 0.438477 0.574219 0.443359 0.574219 0.444336 0.572917 0.446289 0.572917 0.452148 0.566406 0.457031 0.565104 0.462891 0.561198 0.468750 0.553385 0.470703 0.549479 0.470703 0.545573 0.471680 0.544271 0.471680 0.527344 0.470703 0.526042 0.469727 0.516927 0.467773 0.513021 0.460938 0.505208 0.455078 0.501302 0.453125 0.501302 0.443359 0.496094
0 0.448242 0.420573 0.442383 0.424479 0.438477 0.430990 0.435547 0.441406 0.435547 0.445312 0.430664 0.450521 0.429688 0.453125 0.429688 0.458333 0.433594 0.467448 0.433594 0.471354 0.436523 0.479167 0.436523 0.481771 0.444336 0.493490 0.448242 0.496094 0.451172 0.496094 0.457031 0.500000 0.461914 0.500000 0.465820 0.502604 0.470703 0.502604 0.472656 0.500000 0.475586 0.498698 0.477539 0.486979 0.489258 0.470052 0.491211 0.464844 0.491211 0.453125 0.480469 0.428385 0.471680 0.420573 0.466797 0.417969 0.456055 0.417969 0.455078 0.419271
0 0.515625 0.406250 0.514648 0.407552 0.511719 0.407552 0.503906 0.414062 0.497070 0.423177 0.493164 0.433594 0.493164 0.446615 0.492188 0.447917 0.492188 0.453125 0.493164 0.454427 0.492188 0.473958 0.496094 0.479167 0.504883 0.486979 0.517578 0.486979 0.525391 0.490885 0.536133 0.484375 0.540039 0.479167 0.543945 0.470052 0.543945 0.460938 0.545898 0.455729 0.545898 0.442708 0.547852 0.440104 0.548828 0.436198 0.548828 0.425781 0.546875 0.421875 0.541992 0.421875 0.541016 0.423177 0.539062 0.421875 0.533203 0.412760 0.526367 0.407552
0 0.551758 0.450521 0.549805 0.453125 0.547852 0.459635 0.547852 0.463542 0.548828 0.464844 0.543945 0.481771 0.543945 0.490885 0.545898 0.497396 0.554688 0.509115 0.556641 0.515625 0.559570 0.519531 0.564453 0.519531 0.565430 0.520833 0.570312 0.520833 0.572266 0.519531 0.576172 0.522135 0.584961 0.522135 0.591797 0.518229 0.596680 0.509115 0.602539 0.501302 0.602539 0.498698 0.604492 0.494792 0.604492 0.488281 0.603516 0.486979 0.601562 0.468750 0.598633 0.463542 0.595703 0.462240 0.590820 0.455729 0.589844 0.447917 0.588867 0.446615 0.574219 0.446615 0.573242 0.447917 0.560547 0.446615 0.559570 0.447917
0 0.583984 0.367188 0.578125 0.371094 0.575195 0.371094 0.571289 0.373698 0.563477 0.375000 0.562500 0.376302 0.559570 0.376302 0.558594 0.377604 0.553711 0.378906 0.547852 0.385417 0.545898 0.390625 0.545898 0.395833 0.544922 0.398438 0.545898 0.399740 0.545898 0.407552 0.546875 0.408854 0.546875 0.411458 0.549805 0.419271 0.553711 0.425781 0.554688 0.430990 0.557617 0.434896 0.562500 0.438802 0.568359 0.438802 0.569336 0.440104 0.578125 0.440104 0.579102 0.438802 0.583984 0.438802 0.587891 0.436198 0.595703 0.425781 0.596680 0.420573 0.598633 0.417969 0.598633 0.415365 0.599609 0.414062 0.599609 0.403646 0.598633 0.402344 0.598633 0.397135 0.595703 0.390625 0.595703 0.388021 0.592773 0.378906 0.589844 0.375000 0.588867 0.371094
0 0.654297 0.393229 0.646484 0.389323 0.633789 0.390625 0.629883 0.394531 0.625000 0.394531 0.619141 0.402344 0.615234 0.402344 0.614258 0.403646 0.614258 0.408854 0.606445 0.428385 0.611328 0.444010 0.611328 0.447917 0.610352 0.449219 0.610352 0.459635 0.612305 0.462240 0.614258 0.462240 0.622070 0.468750 0.629883 0.467448 0.632812 0.471354 0.635742 0.471354 0.642578 0.466146 0.646484 0.464844 0.657227 0.454427 0.658203 0.450521 0.661133 0.446615 0.663086 0.441406 0.666992 0.437500 0.667969 0.430990 0.666016 0.425781 0.664062 0.412760 0.662109 0.407552 0.655273 0.398438
0 0.666992 0.441406 0.661133 0.451823 0.660156 0.460938 0.657227 0.468750 0.657227 0.475260 0.656250 0.476562 0.656250 0.483073 0.657227 0.484375 0.657227 0.497396 0.656250 0.498698 0.656250 0.502604 0.657227 0.505208 0.666016 0.513021 0.671875 0.514323 0.672852 0.515625 0.683594 0.516927 0.684570 0.518229 0.695312 0.518229 0.696289 0.516927 0.702148 0.515625 0.708008 0.509115 0.709961 0.501302 0.715820 0.489583 0.715820 0.484375 0.717773 0.476562 0.716797 0.468750 0.712891 0.455729 0.708008 0.449219 0.704102 0.447917 0.701172 0.445312 0.689453 0.444010 0.684570 0.441406 0.674805 0.441406 0.673828 0.440104
0 0.720703 0.252604 0.716797 0.252604 0.706055 0.259115 0.703125 0.261719 0.692383 0.277344 0.692383 0.279948 0.693359 0.281250 0.693359 0.304688 0.695312 0.309896 0.696289 0.317708 0.699219 0.321615 0.704102 0.322917 0.706055 0.325521 0.706055 0.328125 0.708984 0.328125 0.711914 0.325521 0.714844 0.325521 0.719727 0.322917 0.722656 0.322917 0.723633 0.324219 0.729492 0.324219 0.730469 0.322917 0.732422 0.322917 0.739258 0.313802 0.743164 0.312500 0.746094 0.308594 0.748047 0.303385 0.749023 0.296875 0.750977 0.292969 0.750977 0.285156 0.750000 0.283854 0.749023 0.277344 0.744141 0.270833 0.735352 0.263021 0.726562 0.257812
0 0.719727 0.325521 0.713867 0.329427 0.711914 0.329427 0.708008 0.333333 0.703125 0.335938 0.706055 0.341146 0.702148 0.346354 0.699219 0.354167 0.697266 0.355469 0.693359 0.355469 0.692383 0.358073 0.692383 0.371094 0.697266 0.385417 0.704102 0.395833 0.708008 0.397135 0.712891 0.402344 0.715820 0.402344 0.720703 0.404948 0.730469 0.404948 0.731445 0.406250 0.735352 0.406250 0.750977 0.388021 0.751953 0.367188 0.750977 0.365885 0.750000 0.355469 0.748047 0.352865 0.749023 0.339844 0.746094 0.335938 0.742188 0.334635 0.732422 0.328125 0.727539 0.328125 0.723633 0.325521
0 0.750000 0.345052 0.750000 0.350260 0.750977 0.351562 0.750977 0.358073 0.751953 0.359375 0.751953 0.364583 0.753906 0.371094 0.753906 0.382812 0.752930 0.384115 0.752930 0.388021 0.750000 0.393229 0.750000 0.404948 0.752930 0.408854 0.759766 0.412760 0.765625 0.417969 0.768555 0.417969 0.774414 0.411458 0.777344 0.411458 0.778320 0.410156 0.783203 0.411458 0.789062 0.407552 0.793945 0.407552 0.803711 0.395833 0.806641 0.388021 0.806641 0.378906 0.807617 0.377604 0.807617 0.375000 0.802734 0.359375 0.795898 0.350260 0.791016 0.347656 0.788086 0.347656 0.784180 0.345052 0.780273 0.345052 0.776367 0.342448 0.758789 0.342448 0.757812 0.341146 0.751953 0.341146
0 0.833984 0.363281 0.825195 0.363281 0.821289 0.365885 0.815430 0.365885 0.814453 0.367188 0.812500 0.367188 0.809570 0.371094 0.809570 0.376302 0.807617 0.381510 0.807617 0.389323 0.805664 0.394531 0.800781 0.401042 0.800781 0.402344 0.795898 0.407552 0.795898 0.411458 0.796875 0.414062 0.803711 0.424479 0.803711 0.428385 0.805664 0.432292 0.812500 0.433594 0.813477 0.432292 0.827148 0.432292 0.828125 0.430990 0.832031 0.430990 0.833984 0.429688 0.840820 0.419271 0.843750 0.411458 0.843750 0.407552 0.845703 0.402344 0.845703 0.384115 0.841797 0.373698 0.836914 0.367188 0.836914 0.365885 0.835938 0.365885
0 0.815430 0.282552 0.801758 0.282552 0.800781 0.283854 0.793945 0.283854 0.789062 0.286458 0.788086 0.287760 0.787109 0.294271 0.779297 0.307292 0.777344 0.313802 0.777344 0.316406 0.780273 0.322917 0.783203 0.335938 0.784180 0.335938 0.786133 0.339844 0.791016 0.345052 0.794922 0.346354 0.804688 0.359375 0.805664 0.361979 0.809570 0.359375 0.817383 0.359375 0.821289 0.355469 0.825195 0.347656 0.827148 0.341146 0.828125 0.329427 0.830078 0.325521 0.829102 0.322917 0.829102 0.319010 0.832031 0.311198 0.832031 0.303385 0.830078 0.296875 0.824219 0.289062
0 0.842773 0.303385 0.841797 0.304688 0.839844 0.304688 0.838867 0.305990 0.834961 0.307292 0.832031 0.312500 0.832031 0.315104 0.830078 0.319010 0.831055 0.329427 0.829102 0.334635 0.829102 0.338542 0.828125 0.339844 0.828125 0.343750 0.827148 0.345052 0.827148 0.350260 0.828125 0.351562 0.828125 0.356771 0.830078 0.360677 0.835938 0.363281 0.836914 0.365885 0.837891 0.365885 0.843750 0.375000 0.847656 0.375000 0.852539 0.371094 0.861328 0.369792 0.865234 0.367188 0.868164 0.363281 0.869141 0.355469 0.874023 0.346354 0.874023 0.342448 0.875000 0.341146 0.875000 0.337240 0.875977 0.334635 0.875000 0.333333 0.875000 0.329427 0.874023 0.328125 0.873047 0.322917 0.864258 0.311198 0.850586 0.303385
0 0.877930 0.377604 0.876953 0.378906 0.874023 0.378906 0.873047 0.381510 0.870117 0.384115 0.863281 0.386719 0.862305 0.389323 0.862305 0.393229 0.859375 0.401042 0.859375 0.403646 0.861328 0.407552 0.861328 0.411458 0.862305 0.412760 0.862305 0.417969 0.863281 0.419271 0.863281 0.432292 0.862305 0.433594 0.862305 0.440104 0.864258 0.445312 0.872070 0.447917 0.875977 0.451823 0.878906 0.451823 0.879883 0.453125 0.888672 0.453125 0.901367 0.442708 0.903320 0.442708 0.909180 0.437500 0.909180 0.436198 0.912109 0.432292 0.912109 0.429688 0.915039 0.423177 0.916016 0.412760 0.911133 0.398438 0.908203 0.394531 0.908203 0.393229 0.903320 0.388021 0.885742 0.377604
0 0.939453 0.476562 0.937500 0.475260 0.929688 0.464844 0.924805 0.463542 0.921875 0.460938 0.916016 0.460938 0.913086 0.463542 0.909180 0.463542 0.904297 0.468750 0.901367 0.468750 0.895508 0.473958 0.891602 0.473958 0.886719 0.476562 0.884766 0.479167 0.884766 0.481771 0.882812 0.485677 0.882812 0.505208 0.883789 0.506510 0.883789 0.510417 0.885742 0.513021 0.883789 0.516927 0.884766 0.523438 0.885742 0.523438 0.887695 0.527344 0.892578 0.529948 0.894531 0.529948 0.895508 0.528646 0.906250 0.528646 0.908203 0.529948 0.909180 0.528646 0.917969 0.528646 0.918945 0.527344 0.921875 0.527344 0.931641 0.520833 0.931641 0.519531 0.933594 0.518229 0.936523 0.505208 0.938477 0.502604 0.941406 0.492188 0.941406 0.480469
0 0.823242 0.444010 0.821289 0.447917 0.821289 0.459635 0.823242 0.463542 0.825195 0.472656 0.820312 0.485677 0.814453 0.492188 0.814453 0.506510 0.817383 0.506510 0.819336 0.509115 0.819336 0.511719 0.821289 0.513021 0.828125 0.514323 0.832031 0.516927 0.845703 0.515625 0.856445 0.509115 0.862305 0.502604 0.865234 0.496094 0.865234 0.486979 0.866211 0.485677 0.866211 0.481771 0.868164 0.475260 0.868164 0.463542 0.869141 0.462240 0.870117 0.453125 0.866211 0.449219 0.851562 0.447917 0.850586 0.446615 0.843750 0.445312 0.842773 0.444010 0.829102 0.444010 0.828125 0.442708
0 0.804688 0.437500 0.795898 0.436198 0.794922 0.434896 0.786133 0.437500 0.783203 0.442708 0.775391 0.450521 0.774414 0.454427 0.767578 0.466146 0.763672 0.476562 0.763672 0.489583 0.764648 0.490885 0.764648 0.493490 0.766602 0.496094 0.766602 0.498698 0.771484 0.510417 0.775391 0.515625 0.775391 0.516927 0.778320 0.519531 0.783203 0.518229 0.786133 0.513021 0.789062 0.511719 0.796875 0.503906 0.799805 0.502604 0.800781 0.500000 0.812500 0.493490 0.812500 0.492188 0.821289 0.481771 0.824219 0.473958 0.824219 0.468750 0.821289 0.462240 0.821289 0.458333 0.819336 0.451823 0.810547 0.441406
0 0.732422 0.411458 0.726562 0.417969 0.726562 0.420573 0.723633 0.425781 0.719727 0.438802 0.719727 0.447917 0.717773 0.453125 0.718750 0.467448 0.719727 0.468750 0.720703 0.475260 0.722656 0.477865 0.725586 0.479167 0.727539 0.481771 0.729492 0.481771 0.739258 0.489583 0.750977 0.488281 0.754883 0.485677 0.754883 0.484375 0.764648 0.468750 0.766602 0.463542 0.774414 0.450521 0.774414 0.447917 0.775391 0.446615 0.775391 0.437500 0.768555 0.423177 0.766602 0.420573 0.758789 0.415365 0.749023 0.415365 0.744141 0.412760
0 0.723633 0.492188 0.721680 0.494792 0.719727 0.494792 0.715820 0.498698 0.714844 0.502604 0.710938 0.509115 0.708008 0.511719 0.705078 0.516927 0.701172 0.519531 0.698242 0.527344 0.698242 0.529948 0.696289 0.532552 0.696289 0.544271 0.699219 0.550781 0.702148 0.554688 0.706055 0.557292 0.722656 0.563802 0.727539 0.567708 0.730469 0.567708 0.734375 0.570312 0.737305 0.570312 0.742188 0.572917 0.748047 0.572917 0.753906 0.563802 0.757812 0.553385 0.759766 0.545573 0.759766 0.537760 0.760742 0.536458 0.760742 0.523438 0.759766 0.520833 0.744141 0.501302 0.738281 0.497396 0.736328 0.497396 0.727539 0.490885
0 0.806641 0.511719 0.804688 0.511719 0.800781 0.509115 0.793945 0.509115 0.791992 0.511719 0.787109 0.514323 0.780273 0.522135 0.775391 0.532552 0.768555 0.541667 0.767578 0.546875 0.764648 0.550781 0.764648 0.558594 0.766602 0.565104 0.770508 0.572917 0.775391 0.579427 0.775391 0.580729 0.780273 0.585938 0.786133 0.585938 0.787109 0.584635 0.789062 0.584635 0.794922 0.580729 0.797852 0.580729 0.801758 0.578125 0.812500 0.566406 0.814453 0.559896 0.820312 0.550781 0.820312 0.541667 0.817383 0.533854 0.817383 0.527344 0.814453 0.519531 0.811523 0.515625 0.808594 0.514323
0 0.825195 0.529948 0.821289 0.533854 0.822266 0.536458 0.822266 0.549479 0.820312 0.554688 0.820312 0.558594 0.813477 0.569010 0.813477 0.576823 0.814453 0.578125 0.814453 0.588542 0.813477 0.589844 0.814453 0.592448 0.819336 0.595052 0.823242 0.600260 0.829102 0.604167 0.835938 0.611979 0.845703 0.617188 0.853516 0.617188 0.863281 0.611979 0.866211 0.606771 0.866211 0.602865 0.869141 0.592448 0.869141 0.571615 0.868164 0.570312 0.868164 0.563802 0.866211 0.558594 0.863281 0.554688 0.853516 0.548177 0.850586 0.542969 0.841797 0.537760 0.839844 0.537760 0.833984 0.532552 0.831055 0.532552
0 0.899414 0.618490 0.898438 0.621094 0.899414 0.623698 0.899414 0.630208 0.893555 0.648438 0.894531 0.651042 0.894531 0.657552 0.897461 0.665365 0.897461 0.673177 0.906250 0.682292 0.912109 0.682292 0.916992 0.684896 0.927734 0.684896 0.928711 0.683594 0.932617 0.683594 0.939453 0.680990 0.943359 0.686198 0.947266 0.686198 0.949219 0.683594 0.949219 0.678385 0.947266 0.675781 0.947266 0.671875 0.951172 0.666667 0.953125 0.661458 0.954102 0.651042 0.956055 0.644531 0.956055 0.636719 0.953125 0.627604 0.948242 0.622396 0.942383 0.619792 0.938477 0.611979 0.932617 0.609375 0.931641 0.606771 0.926758 0.606771 0.925781 0.605469 0.923828 0.605469 0.919922 0.610677 0.917969 0.610677 0.916992 0.611979 0.917969 0.615885 0.915039 0.618490 0.908203 0.621094 0.905273 0.617188
0 0.829102 0.615885 0.817383 0.623698 0.813477 0.630208 0.810547 0.639323 0.806641 0.645833 0.806641 0.649740 0.807617 0.651042 0.807617 0.658854 0.809570 0.662760 0.809570 0.665365 0.815430 0.673177 0.822266 0.675781 0.826172 0.679688 0.828125 0.679688 0.833984 0.684896 0.839844 0.684896 0.848633 0.679688 0.858398 0.669271 0.861328 0.661458 0.862305 0.653646 0.863281 0.652344 0.863281 0.636719 0.858398 0.627604 0.852539 0.623698 0.850586 0.621094 0.843750 0.621094 0.839844 0.618490 0.837891 0.615885
0 0.782227 0.648438 0.784180 0.651042 0.784180 0.653646 0.777344 0.664062 0.774414 0.665365 0.772461 0.671875 0.772461 0.675781 0.771484 0.677083 0.771484 0.694010 0.773438 0.700521 0.772461 0.701823 0.772461 0.705729 0.773438 0.707031 0.773438 0.709635 0.776367 0.712240 0.784180 0.723958 0.786133 0.723958 0.787109 0.725260 0.787109 0.729167 0.786133 0.730469 0.794922 0.731771 0.795898 0.730469 0.797852 0.730469 0.802734 0.725260 0.813477 0.721354 0.815430 0.718750 0.818359 0.717448 0.822266 0.710938 0.822266 0.708333 0.825195 0.700521 0.825195 0.696615 0.814453 0.679688 0.812500 0.673177 0.802734 0.656250 0.795898 0.656250 0.794922 0.657552 0.792969 0.657552 0.791992 0.656250 0.790039 0.656250 0.785156 0.648438
0 0.757812 0.589844 0.752930 0.589844 0.751953 0.591146 0.748047 0.591146 0.747070 0.592448 0.742188 0.592448 0.741211 0.593750 0.739258 0.593750 0.729492 0.604167 0.729492 0.605469 0.725586 0.610677 0.723633 0.615885 0.723633 0.635417 0.724609 0.638021 0.735352 0.652344 0.735352 0.653646 0.739258 0.660156 0.742188 0.660156 0.743164 0.658854 0.746094 0.658854 0.747070 0.657552 0.754883 0.657552 0.755859 0.656250 0.759766 0.656250 0.760742 0.654948 0.762695 0.654948 0.768555 0.648438 0.770508 0.648438 0.775391 0.640625 0.776367 0.630208 0.775391 0.628906 0.774414 0.617188 0.770508 0.606771 0.766602 0.601562 0.766602 0.600260 0.759766 0.591146
0 0.689453 0.553385 0.687500 0.553385 0.686523 0.554688 0.686523 0.557292 0.683594 0.561198 0.680664 0.561198 0.672852 0.566406 0.668945 0.567708 0.665039 0.565104 0.666016 0.571615 0.666992 0.572917 0.666992 0.598958 0.668945 0.604167 0.668945 0.609375 0.671875 0.618490 0.671875 0.622396 0.673828 0.626302 0.684570 0.635417 0.689453 0.635417 0.699219 0.627604 0.701172 0.627604 0.708008 0.618490 0.713867 0.613281 0.716797 0.606771 0.715820 0.583333 0.712891 0.575521 0.703125 0.562500 0.696289 0.559896 0.692383 0.557292
0 0.611328 0.549479 0.611328 0.562500 0.609375 0.566406 0.608398 0.582031 0.610352 0.588542 0.619141 0.597656 0.625977 0.601562 0.628906 0.601562 0.629883 0.602865 0.637695 0.605469 0.638672 0.606771 0.644531 0.606771 0.653320 0.600260 0.655273 0.600260 0.656250 0.598958 0.662109 0.598958 0.665039 0.596354 0.666016 0.574219 0.662109 0.565104 0.658203 0.559896 0.657227 0.555990 0.654297 0.550781 0.654297 0.548177 0.653320 0.548177 0.651367 0.542969 0.649414 0.540365 0.646484 0.539062 0.643555 0.533854 0.633789 0.531250 0.625977 0.536458 0.622070 0.536458 0.617188 0.541667 0.616211 0.545573 0.613281 0.549479
0 0.478516 0.500000 0.476562 0.503906 0.476562 0.519531 0.475586 0.520833 0.475586 0.529948 0.476562 0.531250 0.476562 0.537760 0.477539 0.539062 0.477539 0.545573 0.484375 0.559896 0.490234 0.563802 0.493164 0.563802 0.498047 0.566406 0.508789 0.566406 0.510742 0.563802 0.511719 0.559896 0.515625 0.554688 0.517578 0.548177 0.521484 0.542969 0.529297 0.522135 0.529297 0.516927 0.528320 0.515625 0.528320 0.511719 0.527344 0.510417 0.527344 0.506510 0.525391 0.500000 0.517578 0.493490 0.513672 0.493490 0.512695 0.492188 0.508789 0.492188 0.507812 0.490885 0.495117 0.490885
0 0.555664 0.520833 0.552734 0.523438 0.542969 0.523438 0.541992 0.524740 0.536133 0.526042 0.528320 0.533854 0.528320 0.535156 0.524414 0.540365 0.522461 0.545573 0.522461 0.548177 0.518555 0.553385 0.518555 0.555990 0.517578 0.557292 0.517578 0.563802 0.519531 0.570312 0.521484 0.572917 0.521484 0.579427 0.522461 0.580729 0.523438 0.589844 0.525391 0.595052 0.528320 0.598958 0.532227 0.598958 0.544922 0.605469 0.549805 0.605469 0.550781 0.604167 0.556641 0.604167 0.560547 0.601562 0.565430 0.592448 0.566406 0.585938 0.570312 0.575521 0.570312 0.567708 0.573242 0.558594 0.573242 0.552083 0.572266 0.550781 0.571289 0.544271 0.560547 0.529948
0 0.568359 0.591146 0.566406 0.597656 0.556641 0.611979 0.556641 0.617188 0.555664 0.618490 0.555664 0.634115 0.556641 0.638021 0.564453 0.645833 0.567383 0.645833 0.572266 0.649740 0.574219 0.649740 0.579102 0.653646 0.585938 0.656250 0.593750 0.661458 0.598633 0.661458 0.600586 0.660156 0.604492 0.653646 0.608398 0.643229 0.611328 0.628906 0.614258 0.623698 0.614258 0.614583 0.610352 0.601562 0.604492 0.598958 0.602539 0.593750 0.602539 0.596354 0.600586 0.598958 0.597656 0.598958 0.596680 0.597656 0.592773 0.597656 0.591797 0.598958 0.583008 0.598958 0.580078 0.596354 0.583008 0.591146 0.583008 0.588542 0.578125 0.588542 0.576172 0.593750 0.572266 0.591146
0 0.469727 0.566406 0.465820 0.571615 0.464844 0.574219 0.464844 0.578125 0.463867 0.579427 0.462891 0.593750 0.461914 0.595052 0.461914 0.600260 0.460938 0.601562 0.460938 0.611979 0.459961 0.613281 0.459961 0.622396 0.460938 0.625000 0.466797 0.630208 0.469727 0.630208 0.474609 0.632812 0.492188 0.632812 0.493164 0.634115 0.499023 0.632812 0.509766 0.611979 0.512695 0.602865 0.512695 0.597656 0.514648 0.592448 0.514648 0.584635 0.512695 0.582031 0.510742 0.575521 0.504883 0.569010 0.485352 0.567708 0.484375 0.566406 0.477539 0.566406 0.476562 0.565104 0.471680 0.565104
0 0.490234 0.644531 0.485352 0.647135 0.482422 0.651042 0.478516 0.652344 0.473633 0.660156 0.473633 0.662760 0.472656 0.664062 0.472656 0.674479 0.471680 0.675781 0.471680 0.682292 0.470703 0.683594 0.471680 0.694010 0.476562 0.704427 0.487305 0.718750 0.493164 0.722656 0.496094 0.722656 0.500000 0.726562 0.501953 0.726562 0.502930 0.727865 0.507812 0.727865 0.513672 0.723958 0.515625 0.721354 0.523438 0.717448 0.525391 0.713542 0.525391 0.682292 0.524414 0.680990 0.524414 0.675781 0.523438 0.674479 0.523438 0.667969 0.514648 0.657552 0.512695 0.657552 0.504883 0.652344 0.495117 0.651042 0.493164 0.647135
0 0.538086 0.636719 0.534180 0.641927 0.532227 0.647135 0.532227 0.649740 0.529297 0.658854 0.529297 0.662760 0.528320 0.664062 0.529297 0.665365 0.529297 0.673177 0.527344 0.678385 0.527344 0.688802 0.528320 0.690104 0.528320 0.694010 0.540039 0.708333 0.543945 0.710938 0.546875 0.714844 0.548828 0.714844 0.549805 0.716146 0.557617 0.714844 0.558594 0.713542 0.564453 0.713542 0.572266 0.709635 0.579102 0.701823 0.583984 0.688802 0.584961 0.677083 0.583984 0.675781 0.583984 0.666667 0.583008 0.665365 0.583008 0.662760 0.579102 0.661458 0.576172 0.656250 0.563477 0.648438 0.552734 0.635417 0.541016 0.635417 0.540039 0.636719
0 0.470703 0.718750 0.466797 0.721354 0.465820 0.725260 0.459961 0.731771 0.459961 0.734375 0.458008 0.739583 0.458008 0.743490 0.457031 0.744792 0.457031 0.748698 0.456055 0.750000 0.455078 0.763021 0.454102 0.764323 0.454102 0.768229 0.451172 0.778646 0.451172 0.789062 0.454102 0.792969 0.458008 0.794271 0.459961 0.796875 0.464844 0.799479 0.476562 0.799479 0.480469 0.802083 0.490234 0.800781 0.497070 0.792969 0.499023 0.783854 0.505859 0.764323 0.505859 0.752604 0.502930 0.743490 0.503906 0.731771 0.487305 0.721354 0.479492 0.721354 0.477539 0.722656 0.474609 0.720052
0 0.551758 0.718750 0.547852 0.718750 0.540039 0.714844 0.529297 0.716146 0.512695 0.727865 0.509766 0.735677 0.509766 0.738281 0.506836 0.744792 0.507812 0.764323 0.510742 0.773438 0.514648 0.781250 0.519531 0.787760 0.530273 0.794271 0.539062 0.794271 0.545898 0.789062 0.548828 0.785156 0.551758 0.783854 0.554688 0.779948 0.560547 0.776042 0.561523 0.769531 0.562500 0.768229 0.562500 0.760417 0.563477 0.759115 0.563477 0.736979 0.560547 0.727865 0.555664 0.721354
0 0.416016 0.845052 0.416016 0.860677 0.417969 0.864583 0.417969 0.872396 0.418945 0.873698 0.418945 0.876302 0.422852 0.880208 0.428711 0.880208 0.432617 0.882812 0.437500 0.882812 0.438477 0.884115 0.439453 0.882812 0.445312 0.882812 0.446289 0.884115 0.448242 0.882812 0.453125 0.882812 0.454102 0.884115 0.457031 0.884115 0.458008 0.882812 0.460938 0.882812 0.464844 0.878906 0.467773 0.877604 0.469727 0.873698 0.469727 0.869792 0.470703 0.868490 0.470703 0.859375 0.471680 0.858073 0.472656 0.850260 0.468750 0.846354 0.465820 0.846354 0.464844 0.845052 0.460938 0.843750 0.458984 0.841146 0.452148 0.835938 0.448242 0.835938 0.447266 0.834635 0.440430 0.834635 0.439453 0.833333 0.428711 0.833333 0.427734 0.834635 0.425781 0.834635 0.424805 0.835938 0.420898 0.837240
0 0.490234 0.826823 0.486328 0.832031 0.486328 0.839844 0.485352 0.841146 0.485352 0.854167 0.487305 0.859375 0.489258 0.859375 0.495117 0.863281 0.500000 0.868490 0.503906 0.869792 0.510742 0.875000 0.512695 0.875000 0.514648 0.877604 0.523438 0.877604 0.524414 0.876302 0.527344 0.876302 0.532227 0.871094 0.532227 0.867188 0.535156 0.859375 0.537109 0.856771 0.537109 0.843750 0.536133 0.842448 0.533203 0.842448 0.531250 0.839844 0.531250 0.838542 0.529297 0.835938 0.529297 0.832031 0.525391 0.826823 0.516602 0.820312 0.515625 0.821615 0.508789 0.821615 0.505859 0.824219 0.500977 0.824219 0.500000 0.825521 0.497070 0.825521 0.494141 0.828125 0.491211 0.828125
0 0.609375 0.808594 0.606445 0.807292 0.603516 0.809896 0.601562 0.809896 0.600586 0.808594 0.596680 0.808594 0.595703 0.809896 0.591797 0.807292 0.583984 0.807292 0.581055 0.809896 0.572266 0.822917 0.566406 0.826823 0.564453 0.830729 0.561523 0.828125 0.559570 0.828125 0.556641 0.833333 0.555664 0.837240 0.556641 0.838542 0.556641 0.841146 0.558594 0.842448 0.561523 0.848958 0.561523 0.852865 0.563477 0.859375 0.572266 0.869792 0.583008 0.869792 0.586914 0.867188 0.589844 0.863281 0.608398 0.851562 0.611328 0.847656 0.613281 0.841146 0.613281 0.826823 0.609375 0.820312 0.612305 0.817708 0.612305 0.812500
0 0.586914 0.720052 0.584961 0.725260 0.580078 0.729167 0.577148 0.733073 0.575195 0.738281 0.575195 0.743490 0.574219 0.744792 0.574219 0.756510 0.576172 0.761719 0.583008 0.770833 0.588867 0.776042 0.589844 0.778646 0.599609 0.783854 0.613281 0.783854 0.619141 0.778646 0.624023 0.776042 0.629883 0.766927 0.631836 0.757812 0.632812 0.756510 0.631836 0.747396 0.626953 0.736979 0.626953 0.733073 0.625977 0.730469 0.625000 0.735677 0.622070 0.738281 0.618164 0.735677 0.615234 0.731771 0.615234 0.730469 0.611328 0.727865 0.606445 0.721354 0.602539 0.718750 0.600586 0.718750 0.599609 0.717448 0.594727 0.717448 0.593750 0.718750
0 0.662109 0.622396 0.657227 0.623698 0.651367 0.628906 0.646484 0.628906 0.639648 0.635417 0.638672 0.638021 0.638672 0.644531 0.634766 0.648438 0.634766 0.653646 0.630859 0.657552 0.630859 0.666667 0.631836 0.667969 0.629883 0.670573 0.627930 0.664062 0.626953 0.664062 0.626953 0.670573 0.627930 0.670573 0.629883 0.674479 0.629883 0.686198 0.636719 0.695312 0.648438 0.703125 0.653320 0.703125 0.654297 0.704427 0.655273 0.703125 0.662109 0.703125 0.663086 0.701823 0.668945 0.700521 0.672852 0.696615 0.673828 0.692708 0.678711 0.686198 0.681641 0.677083 0.681641 0.673177 0.685547 0.665365 0.685547 0.660156 0.686523 0.658854 0.685547 0.656250 0.685547 0.651042 0.684570 0.647135 0.678711 0.638021 0.677734 0.634115 0.675781 0.632812 0.671875 0.626302 0.665039 0.625000
0 0.674805 0.701823 0.672852 0.699219 0.668945 0.703125 0.663086 0.704427 0.662109 0.705729 0.644531 0.707031 0.642578 0.710938 0.640625 0.710938 0.639648 0.709635 0.639648 0.704427 0.635742 0.704427 0.629883 0.710938 0.629883 0.714844 0.630859 0.716146 0.632812 0.712240 0.635742 0.712240 0.637695 0.714844 0.630859 0.722656 0.627930 0.730469 0.628906 0.731771 0.629883 0.738281 0.633789 0.747396 0.635742 0.750000 0.644531 0.755208 0.646484 0.757812 0.655273 0.763021 0.657227 0.763021 0.662109 0.766927 0.667969 0.766927 0.668945 0.765625 0.673828 0.764323 0.684570 0.750000 0.686523 0.744792 0.686523 0.739583 0.683594 0.733073 0.683594 0.725260 0.681641 0.721354 0.680664 0.714844
0 0.634766 0.759115 0.629883 0.772135 0.617188 0.786458 0.617188 0.789062 0.614258 0.796875 0.615234 0.808594 0.617188 0.813802 0.620117 0.817708 0.620117 0.820312 0.623047 0.824219 0.623047 0.826823 0.630859 0.834635 0.634766 0.842448 0.643555 0.846354 0.653320 0.846354 0.655273 0.843750 0.664062 0.839844 0.668945 0.835938 0.678711 0.820312 0.678711 0.812500 0.677734 0.809896 0.673828 0.805990 0.672852 0.802083 0.670898 0.799479 0.670898 0.795573 0.671875 0.794271 0.668945 0.791667 0.664062 0.783854 0.662109 0.774740 0.660156 0.772135 0.644531 0.759115 0.641602 0.757812 0.640625 0.759115
0 0.681641 0.756510 0.677734 0.766927 0.673828 0.770833 0.673828 0.774740 0.672852 0.776042 0.673828 0.785156 0.675781 0.790365 0.675781 0.802083 0.674805 0.803385 0.678711 0.808594 0.681641 0.819010 0.685547 0.821615 0.689453 0.828125 0.693359 0.829427 0.696289 0.832031 0.708984 0.833333 0.715820 0.829427 0.731445 0.809896 0.731445 0.803385 0.728516 0.795573 0.727539 0.778646 0.725586 0.774740 0.724609 0.769531 0.720703 0.763021 0.717773 0.760417 0.714844 0.760417 0.711914 0.764323 0.709961 0.764323 0.708984 0.765625 0.703125 0.765625 0.699219 0.763021 0.691406 0.763021 0.686523 0.757812 0.686523 0.755208
0 0.727539 0.661458 0.725586 0.661458 0.724609 0.658854 0.723633 0.658854 0.723633 0.661458 0.720703 0.664062 0.718750 0.662760 0.698242 0.662760 0.697266 0.664062 0.695312 0.664062 0.684570 0.679688 0.682617 0.684896 0.682617 0.688802 0.680664 0.691406 0.679688 0.705729 0.680664 0.707031 0.681641 0.713542 0.689453 0.722656 0.691406 0.722656 0.695312 0.725260 0.721680 0.725260 0.724609 0.721354 0.728516 0.718750 0.731445 0.718750 0.733398 0.716146 0.733398 0.713542 0.735352 0.709635 0.739258 0.704427 0.740234 0.699219 0.738281 0.696615 0.735352 0.688802 0.735352 0.684896 0.732422 0.679688 0.731445 0.671875 0.728516 0.671875 0.726562 0.669271 0.728516 0.665365 0.728516 0.662760
0 0.774414 0.722656 0.771484 0.720052 0.766602 0.718750 0.762695 0.725260 0.760742 0.725260 0.759766 0.726562 0.757812 0.725260 0.750977 0.725260 0.750000 0.723958 0.741211 0.725260 0.740234 0.723958 0.737305 0.723958 0.733398 0.721354 0.728516 0.725260 0.726562 0.729167 0.725586 0.734375 0.723633 0.736979 0.723633 0.747396 0.725586 0.752604 0.725586 0.756510 0.727539 0.761719 0.727539 0.765625 0.735352 0.781250 0.742188 0.785156 0.751953 0.786458 0.752930 0.785156 0.766602 0.779948 0.771484 0.776042 0.772461 0.772135 0.775391 0.768229 0.776367 0.764323 0.779297 0.759115 0.779297 0.735677
0 0.417969 0.677083 0.413086 0.684896 0.411133 0.690104 0.411133 0.704427 0.412109 0.705729 0.413086 0.713542 0.416016 0.721354 0.417969 0.723958 0.419922 0.730469 0.422852 0.733073 0.429688 0.734375 0.430664 0.735677 0.435547 0.735677 0.440430 0.740885 0.446289 0.740885 0.452148 0.731771 0.458008 0.727865 0.466797 0.717448 0.468750 0.710938 0.468750 0.696615 0.467773 0.695312 0.466797 0.686198 0.462891 0.679688 0.455078 0.677083 0.454102 0.674479 0.449219 0.674479 0.446289 0.677083 0.443359 0.677083 0.442383 0.675781 0.439453 0.675781 0.436523 0.673177 0.432617 0.673177 0.431641 0.674479 0.422852 0.674479
