0 0.099609 0.520833 0.090820 0.519531 0.089844 0.520833 0.085938 0.520833 0.084961 0.522135 0.079102 0.522135 0.078125 0.523438 0.074219 0.523438 0.073242 0.524740 0.070312 0.524740 0.069336 0.526042 0.063477 0.527344 0.059570 0.531250 0.057617 0.537760 0.052734 0.546875 0.051758 0.554688 0.049805 0.559896 0.049805 0.566406 0.050781 0.567708 0.050781 0.572917 0.052734 0.579427 0.060547 0.591146 0.062500 0.592448 0.067383 0.592448 0.073242 0.588542 0.076172 0.588542 0.079102 0.585938 0.081055 0.585938 0.083008 0.583333 0.087891 0.582031 0.089844 0.579427 0.093750 0.578125 0.099609 0.571615 0.100586 0.567708 0.107422 0.554688 0.107422 0.536458
0 0.130859 0.614583 0.119141 0.614583 0.118164 0.615885 0.117188 0.614583 0.113281 0.614583 0.112305 0.615885 0.107422 0.615885 0.094727 0.622396 0.093750 0.626302 0.094727 0.632812 0.091797 0.635417 0.089844 0.644531 0.086914 0.652344 0.085938 0.661458 0.084961 0.662760 0.084961 0.674479 0.085938 0.675781 0.085938 0.679688 0.091797 0.697917 0.092773 0.697917 0.094727 0.701823 0.099609 0.703125 0.102539 0.705729 0.108398 0.705729 0.109375 0.707031 0.114258 0.705729 0.115234 0.699219 0.119141 0.691406 0.120117 0.684896 0.123047 0.679688 0.126953 0.666667 0.128906 0.664062 0.129883 0.656250 0.130859 0.654948 0.131836 0.640625 0.133789 0.635417 0.133789 0.631510 0.137695 0.622396
0 0.157227 0.670573 0.156250 0.671875 0.152344 0.671875 0.151367 0.673177 0.149414 0.673177 0.140625 0.679688 0.135742 0.688802 0.135742 0.691406 0.133789 0.695312 0.133789 0.700521 0.131836 0.704427 0.131836 0.716146 0.132812 0.717448 0.133789 0.722656 0.135742 0.725260 0.135742 0.726562 0.145508 0.739583 0.145508 0.740885 0.148438 0.743490 0.165039 0.743490 0.166016 0.742188 0.170898 0.740885 0.172852 0.738281 0.175781 0.736979 0.181641 0.726562 0.181641 0.723958 0.183594 0.718750 0.183594 0.712240 0.184570 0.710938 0.184570 0.704427 0.183594 0.701823 0.173828 0.690104 0.171875 0.684896 0.166016 0.677083 0.165039 0.677083 0.162109 0.673177 0.158203 0.671875
0 0.187500 0.600260 0.180664 0.598958 0.177734 0.596354 0.168945 0.595052 0.159180 0.600260 0.145508 0.613281 0.139648 0.622396 0.139648 0.625000 0.135742 0.636719 0.135742 0.647135 0.136719 0.648438 0.137695 0.657552 0.143555 0.662760 0.151367 0.664062 0.157227 0.667969 0.160156 0.667969 0.165039 0.673177 0.172852 0.673177 0.174805 0.670573 0.183594 0.665365 0.190430 0.658854 0.194336 0.653646 0.197266 0.644531 0.201172 0.636719 0.201172 0.617188 0.200195 0.614583 0.198242 0.613281 0.196289 0.606771
0 0.223633 0.608073 0.210938 0.615885 0.208008 0.623698 0.208008 0.626302 0.206055 0.631510 0.206055 0.635417 0.204102 0.640625 0.204102 0.656250 0.206055 0.661458 0.211914 0.669271 0.219727 0.674479 0.224609 0.680990 0.237305 0.679688 0.238281 0.678385 0.242188 0.677083 0.247070 0.670573 0.252930 0.665365 0.257812 0.652344 0.258789 0.640625 0.257812 0.639323 0.256836 0.634115 0.255859 0.634115 0.250977 0.626302 0.250977 0.622396 0.250000 0.621094 0.247070 0.619792 0.242188 0.614583 0.235352 0.611979 0.233398 0.609375 0.230469 0.609375 0.229492 0.608073
0 0.246094 0.674479 0.242188 0.679688 0.241211 0.683594 0.237305 0.690104 0.235352 0.695312 0.235352 0.699219 0.233398 0.705729 0.233398 0.714844 0.235352 0.720052 0.235352 0.727865 0.236328 0.730469 0.245117 0.740885 0.249023 0.742188 0.255859 0.747396 0.264648 0.747396 0.265625 0.746094 0.269531 0.746094 0.270508 0.744792 0.273438 0.744792 0.278320 0.742188 0.284180 0.734375 0.284180 0.733073 0.289062 0.727865 0.290039 0.722656 0.293945 0.717448 0.294922 0.710938 0.295898 0.709635 0.295898 0.695312 0.292969 0.692708 0.291992 0.690104 0.289062 0.688802 0.287109 0.684896 0.282227 0.679688 0.278320 0.677083 0.275391 0.677083 0.269531 0.671875 0.250977 0.671875
0 0.117188 0.541667 0.112305 0.553385 0.112305 0.557292 0.110352 0.562500 0.110352 0.579427 0.111328 0.580729 0.111328 0.583333 0.114258 0.588542 0.114258 0.591146 0.116211 0.596354 0.120117 0.601562 0.122070 0.601562 0.125977 0.604167 0.129883 0.609375 0.136719 0.609375 0.137695 0.608073 0.142578 0.608073 0.144531 0.605469 0.149414 0.602865 0.155273 0.595052 0.157227 0.584635 0.159180 0.582031 0.159180 0.571615 0.158203 0.570312 0.159180 0.563802 0.158203 0.562500 0.158203 0.557292 0.156250 0.554688 0.147461 0.549479 0.145508 0.546875 0.141602 0.545573 0.134766 0.540365 0.125977 0.539062 0.125000 0.540365 0.120117 0.540365 0.119141 0.541667
0 0.096680 0.436198 0.091797 0.438802 0.091797 0.440104 0.086914 0.446615 0.083008 0.449219 0.079102 0.454427 0.071289 0.460938 0.066406 0.467448 0.065430 0.473958 0.064453 0.475260 0.064453 0.488281 0.068359 0.497396 0.069336 0.497396 0.074219 0.503906 0.080078 0.509115 0.083008 0.509115 0.087891 0.511719 0.091797 0.511719 0.092773 0.513021 0.097656 0.513021 0.098633 0.511719 0.112305 0.511719 0.110352 0.509115 0.110352 0.506510 0.114258 0.500000 0.116211 0.500000 0.118164 0.493490 0.121094 0.489583 0.121094 0.485677 0.122070 0.484375 0.122070 0.476562 0.123047 0.475260 0.122070 0.473958 0.122070 0.467448 0.119141 0.458333 0.114258 0.450521 0.105469 0.444010 0.102539 0.440104 0.102539 0.438802 0.099609 0.436198
0 0.172852 0.481771 0.168945 0.480469 0.162109 0.475260 0.160156 0.475260 0.159180 0.473958 0.155273 0.473958 0.154297 0.472656 0.147461 0.472656 0.146484 0.471354 0.143555 0.475260 0.142578 0.475260 0.138672 0.481771 0.130859 0.498698 0.130859 0.502604 0.129883 0.503906 0.129883 0.510417 0.128906 0.511719 0.129883 0.533854 0.132812 0.537760 0.138672 0.541667 0.150391 0.541667 0.157227 0.537760 0.159180 0.535156 0.174805 0.524740 0.178711 0.518229 0.178711 0.510417 0.177734 0.509115 0.177734 0.502604 0.176758 0.501302 0.176758 0.496094 0.175781 0.494792 0.175781 0.486979
0 0.185547 0.523438 0.183594 0.526042 0.180664 0.527344 0.176758 0.532552 0.173828 0.533854 0.165039 0.545573 0.160156 0.558594 0.160156 0.571615 0.165039 0.584635 0.169922 0.589844 0.176758 0.592448 0.177734 0.593750 0.181641 0.593750 0.182617 0.595052 0.187500 0.595052 0.188477 0.596354 0.197266 0.596354 0.201172 0.593750 0.202148 0.591146 0.209961 0.580729 0.214844 0.566406 0.215820 0.552083 0.214844 0.550781 0.214844 0.546875 0.212891 0.542969 0.212891 0.539062 0.210938 0.533854 0.206055 0.532552 0.199219 0.527344 0.196289 0.527344 0.189453 0.523438
0 0.219727 0.554688 0.217773 0.559896 0.217773 0.567708 0.220703 0.575521 0.226562 0.584635 0.229492 0.593750 0.236328 0.604167 0.245117 0.610677 0.256836 0.610677 0.257812 0.609375 0.262695 0.609375 0.267578 0.604167 0.268555 0.598958 0.271484 0.593750 0.273438 0.584635 0.275391 0.580729 0.275391 0.572917 0.273438 0.566406 0.273438 0.557292 0.274414 0.555990 0.274414 0.553385 0.273438 0.550781 0.270508 0.549479 0.267578 0.545573 0.266602 0.545573 0.260742 0.537760 0.260742 0.533854 0.247070 0.533854 0.240234 0.539062 0.237305 0.542969
0 0.330078 0.532552 0.328125 0.531250 0.301758 0.532552 0.300781 0.533854 0.287109 0.536458 0.283203 0.539062 0.278320 0.545573 0.278320 0.548177 0.275391 0.555990 0.275391 0.562500 0.276367 0.563802 0.276367 0.576823 0.280273 0.583333 0.281250 0.588542 0.289062 0.600260 0.293945 0.602865 0.305664 0.602865 0.317383 0.593750 0.324219 0.591146 0.326172 0.588542 0.326172 0.585938 0.329102 0.576823 0.329102 0.572917 0.330078 0.571615 0.330078 0.552083 0.331055 0.550781 0.331055 0.541667 0.332031 0.540365 0.332031 0.537760
0 0.281250 0.602865 0.275391 0.609375 0.270508 0.622396 0.270508 0.625000 0.266602 0.634115 0.266602 0.636719 0.265625 0.638021 0.265625 0.645833 0.264648 0.647135 0.265625 0.649740 0.265625 0.654948 0.266602 0.657552 0.269531 0.660156 0.270508 0.665365 0.273438 0.669271 0.281250 0.673177 0.288086 0.679688 0.297852 0.679688 0.307617 0.673177 0.311523 0.667969 0.312500 0.660156 0.313477 0.658854 0.313477 0.630208 0.314453 0.628906 0.314453 0.621094 0.313477 0.618490 0.306641 0.610677 0.304688 0.610677 0.303711 0.609375 0.295898 0.609375 0.289062 0.602865
0 0.322266 0.666667 0.316406 0.670573 0.312500 0.674479 0.310547 0.678385 0.305664 0.694010 0.304688 0.704427 0.302734 0.709635 0.302734 0.716146 0.309570 0.734375 0.310547 0.734375 0.316406 0.742188 0.323242 0.747396 0.327148 0.752604 0.333984 0.755208 0.339844 0.751302 0.350586 0.734375 0.350586 0.730469 0.357422 0.705729 0.357422 0.700521 0.355469 0.696615 0.352539 0.682292 0.349609 0.677083 0.347656 0.677083 0.346680 0.678385 0.337891 0.677083 0.336914 0.675781 0.332031 0.674479 0.324219 0.669271
0 0.363281 0.601562 0.353516 0.595052 0.350586 0.595052 0.349609 0.593750 0.333008 0.595052 0.325195 0.601562 0.321289 0.613281 0.318359 0.618490 0.318359 0.621094 0.315430 0.628906 0.315430 0.635417 0.314453 0.636719 0.314453 0.643229 0.315430 0.644531 0.316406 0.653646 0.319336 0.657552 0.322266 0.664062 0.330078 0.669271 0.337891 0.669271 0.342773 0.665365 0.344727 0.665365 0.352539 0.660156 0.357422 0.658854 0.366211 0.652344 0.371094 0.636719 0.372070 0.627604 0.371094 0.626302 0.370117 0.618490
0 0.390625 0.645833 0.384766 0.645833 0.379883 0.649740 0.375000 0.656250 0.372070 0.657552 0.369141 0.662760 0.363281 0.666667 0.360352 0.674479 0.361328 0.675781 0.361328 0.679688 0.360352 0.680990 0.360352 0.703125 0.361328 0.704427 0.361328 0.707031 0.364258 0.714844 0.369141 0.722656 0.379883 0.730469 0.385742 0.730469 0.396484 0.725260 0.409180 0.712240 0.416016 0.700521 0.416016 0.695312 0.415039 0.694010 0.415039 0.691406 0.416016 0.690104 0.415039 0.688802 0.415039 0.675781 0.416016 0.674479 0.416016 0.667969 0.415039 0.666667 0.415039 0.664062 0.413086 0.661458 0.413086 0.658854 0.407227 0.658854 0.404297 0.656250 0.397461 0.653646
0 0.426758 0.571615 0.424805 0.572917 0.420898 0.572917 0.412109 0.566406 0.397461 0.567708 0.388672 0.572917 0.375977 0.591146 0.374023 0.597656 0.374023 0.604167 0.375000 0.605469 0.375000 0.609375 0.375977 0.610677 0.376953 0.617188 0.384766 0.632812 0.385742 0.632812 0.394531 0.644531 0.399414 0.645833 0.400391 0.647135 0.406250 0.647135 0.407227 0.645833 0.415039 0.643229 0.419922 0.639323 0.428711 0.626302 0.428711 0.623698 0.430664 0.618490 0.430664 0.614583 0.431641 0.613281 0.431641 0.596354 0.427734 0.584635 0.429688 0.582031 0.433594 0.580729 0.430664 0.575521
0 0.446289 0.638021 0.441406 0.641927 0.438477 0.641927 0.431641 0.645833 0.425781 0.653646 0.422852 0.658854 0.422852 0.661458 0.420898 0.666667 0.420898 0.670573 0.419922 0.671875 0.419922 0.683594 0.420898 0.684896 0.420898 0.688802 0.422852 0.695312 0.433594 0.712240 0.435547 0.717448 0.437500 0.718750 0.454102 0.720052 0.455078 0.718750 0.458984 0.718750 0.468750 0.712240 0.476562 0.695312 0.477539 0.687500 0.476562 0.686198 0.475586 0.673177 0.473633 0.667969 0.473633 0.661458 0.471680 0.657552 0.471680 0.653646 0.468750 0.649740 0.458984 0.641927 0.457031 0.641927 0.450195 0.638021
0 0.493164 0.615885 0.489258 0.621094 0.481445 0.625000 0.477539 0.630208 0.473633 0.641927 0.472656 0.653646 0.474609 0.658854 0.474609 0.664062 0.475586 0.665365 0.476562 0.674479 0.479492 0.682292 0.484375 0.690104 0.486328 0.690104 0.489258 0.692708 0.493164 0.692708 0.494141 0.694010 0.509766 0.696615 0.514648 0.691406 0.520508 0.687500 0.531250 0.671875 0.534180 0.657552 0.536133 0.653646 0.536133 0.641927 0.532227 0.635417 0.528320 0.634115 0.521484 0.628906 0.519531 0.628906 0.517578 0.626302 0.515625 0.626302 0.506836 0.619792 0.504883 0.619792 0.499023 0.615885
0 0.575195 0.615885 0.572266 0.617188 0.570312 0.619792 0.560547 0.623698 0.552734 0.628906 0.541016 0.643229 0.541992 0.644531 0.541992 0.649740 0.539062 0.656250 0.539062 0.660156 0.538086 0.661458 0.539062 0.670573 0.546875 0.690104 0.548828 0.691406 0.550781 0.695312 0.559570 0.701823 0.578125 0.701823 0.592773 0.695312 0.596680 0.690104 0.598633 0.684896 0.598633 0.679688 0.601562 0.669271 0.600586 0.652344 0.597656 0.647135 0.595703 0.638021 0.592773 0.632812 0.582031 0.623698
0 0.638672 0.597656 0.620117 0.604167 0.610352 0.610677 0.605469 0.615885 0.601562 0.626302 0.601562 0.634115 0.604492 0.639323 0.605469 0.649740 0.608398 0.657552 0.615234 0.666667 0.616211 0.666667 0.622070 0.677083 0.625000 0.679688 0.628906 0.679688 0.629883 0.678385 0.645508 0.678385 0.659180 0.669271 0.662109 0.662760 0.666016 0.657552 0.666992 0.653646 0.666992 0.648438 0.666016 0.647135 0.666016 0.639323 0.666992 0.636719 0.666016 0.635417 0.665039 0.626302 0.663086 0.623698 0.662109 0.619792 0.652344 0.606771
0 0.571289 0.558594 0.571289 0.562500 0.570312 0.563802 0.571289 0.565104 0.571289 0.570312 0.577148 0.591146 0.583008 0.600260 0.588867 0.602865 0.593750 0.606771 0.610352 0.606771 0.630859 0.597656 0.636719 0.592448 0.637695 0.583333 0.635742 0.578125 0.635742 0.565104 0.634766 0.563802 0.634766 0.559896 0.617188 0.539062 0.608398 0.531250 0.600586 0.531250 0.596680 0.533854 0.591797 0.533854 0.587891 0.536458 0.585938 0.544271 0.579102 0.552083
0 0.531250 0.550781 0.525391 0.557292 0.510742 0.567708 0.508789 0.572917 0.502930 0.579427 0.501953 0.582031 0.501953 0.601562 0.503906 0.608073 0.511719 0.621094 0.521484 0.627604 0.528320 0.627604 0.531250 0.631510 0.533203 0.631510 0.534180 0.630208 0.537109 0.630208 0.544922 0.623698 0.552734 0.619792 0.555664 0.615885 0.558594 0.614583 0.569336 0.604167 0.570312 0.598958 0.566406 0.588542 0.564453 0.575521 0.561523 0.570312 0.558594 0.569010 0.546875 0.557292 0.541016 0.555990 0.537109 0.552083
0 0.466797 0.546875 0.461914 0.553385 0.452148 0.558594 0.446289 0.566406 0.443359 0.575521 0.443359 0.593750 0.442383 0.595052 0.442383 0.597656 0.443359 0.598958 0.443359 0.605469 0.445312 0.610677 0.446289 0.610677 0.457031 0.623698 0.465820 0.628906 0.474609 0.630208 0.484375 0.621094 0.489258 0.618490 0.493164 0.611979 0.494141 0.601562 0.495117 0.600260 0.495117 0.575521 0.490234 0.567708 0.485352 0.563802 0.481445 0.558594 0.473633 0.553385 0.470703 0.549479 0.470703 0.548177
0 0.354492 0.510417 0.344727 0.515625 0.340820 0.520833 0.339844 0.524740 0.337891 0.527344 0.335938 0.540365 0.332031 0.554688 0.332031 0.569010 0.337891 0.576823 0.345703 0.584635 0.348633 0.584635 0.354492 0.588542 0.365234 0.589844 0.375000 0.583333 0.377930 0.578125 0.388672 0.549479 0.388672 0.542969 0.386719 0.539062 0.385742 0.531250 0.382812 0.523438 0.384766 0.518229 0.382812 0.516927 0.380859 0.513021 0.378906 0.511719 0.374023 0.511719 0.373047 0.510417
0 0.418945 0.460938 0.413086 0.464844 0.411133 0.471354 0.412109 0.472656 0.412109 0.476562 0.411133 0.477865 0.411133 0.492188 0.412109 0.493490 0.413086 0.513021 0.415039 0.516927 0.415039 0.528646 0.425781 0.541667 0.435547 0.541667 0.438477 0.542969 0.439453 0.541667 0.445312 0.540365 0.456055 0.532552 0.461914 0.523438 0.462891 0.523438 0.463867 0.511719 0.464844 0.510417 0.465820 0.500000 0.466797 0.498698 0.466797 0.494792 0.464844 0.489583 0.464844 0.479167 0.453125 0.464844 0.444336 0.459635 0.439453 0.459635 0.438477 0.458333 0.427734 0.458333 0.423828 0.460938
0 0.479492 0.484375 0.472656 0.493490 0.470703 0.497396 0.470703 0.501302 0.469727 0.502604 0.469727 0.522135 0.470703 0.523438 0.470703 0.539062 0.471680 0.541667 0.478516 0.545573 0.481445 0.549479 0.494141 0.559896 0.507812 0.559896 0.508789 0.558594 0.512695 0.558594 0.513672 0.557292 0.518555 0.555990 0.524414 0.549479 0.524414 0.532552 0.523438 0.531250 0.523438 0.523438 0.522461 0.522135 0.522461 0.514323 0.521484 0.513021 0.521484 0.507812 0.520508 0.506510 0.520508 0.500000 0.516602 0.486979 0.512695 0.481771 0.504883 0.476562 0.496094 0.476562 0.495117 0.477865 0.491211 0.477865
0 0.526367 0.497396 0.526367 0.500000 0.525391 0.501302 0.525391 0.516927 0.530273 0.532552 0.530273 0.537760 0.533203 0.542969 0.544922 0.550781 0.546875 0.550781 0.547852 0.552083 0.557617 0.552083 0.561523 0.549479 0.565430 0.549479 0.570312 0.546875 0.576172 0.540365 0.583984 0.535156 0.585938 0.532552 0.585938 0.516927 0.584961 0.515625 0.584961 0.506510 0.583008 0.501302 0.583008 0.497396 0.579102 0.490885 0.567383 0.483073 0.565430 0.483073 0.562500 0.480469 0.559570 0.480469 0.556641 0.477865 0.543945 0.475260 0.536133 0.483073
0 0.608398 0.492188 0.608398 0.501302 0.611328 0.511719 0.617188 0.520833 0.620117 0.528646 0.624023 0.532552 0.628906 0.535156 0.631836 0.535156 0.632812 0.536458 0.649414 0.536458 0.652344 0.533854 0.654297 0.533854 0.659180 0.529948 0.664062 0.528646 0.669922 0.524740 0.672852 0.520833 0.674805 0.514323 0.674805 0.505208 0.673828 0.503906 0.672852 0.493490 0.671875 0.492188 0.671875 0.485677 0.669922 0.479167 0.666016 0.473958 0.658203 0.472656 0.650391 0.467448 0.646484 0.467448 0.642578 0.464844 0.638672 0.464844 0.637695 0.463542 0.633789 0.463542 0.627930 0.460938 0.623047 0.460938 0.619141 0.466146 0.615234 0.481771 0.610352 0.486979
0 0.615234 0.395833 0.614258 0.397135 0.603516 0.397135 0.602539 0.395833 0.599609 0.395833 0.598633 0.397135 0.591797 0.398438 0.585938 0.402344 0.577148 0.414062 0.574219 0.423177 0.576172 0.434896 0.581055 0.441406 0.582031 0.445312 0.590820 0.458333 0.590820 0.459635 0.602539 0.473958 0.606445 0.473958 0.607422 0.472656 0.612305 0.471354 0.614258 0.468750 0.616211 0.468750 0.620117 0.460938 0.625000 0.458333 0.627930 0.458333 0.628906 0.457031 0.628906 0.454427 0.632812 0.447917 0.635742 0.440104 0.635742 0.428385 0.633789 0.424479 0.632812 0.417969 0.619141 0.397135 0.616211 0.397135
0 0.533203 0.397135 0.525391 0.407552 0.520508 0.416667 0.518555 0.423177 0.518555 0.427083 0.517578 0.428385 0.517578 0.450521 0.518555 0.451823 0.518555 0.457031 0.525391 0.464844 0.533203 0.470052 0.536133 0.470052 0.540039 0.472656 0.545898 0.472656 0.546875 0.473958 0.555664 0.475260 0.559570 0.472656 0.565430 0.466146 0.573242 0.447917 0.573242 0.432292 0.572266 0.430990 0.572266 0.425781 0.569336 0.416667 0.569336 0.408854 0.567383 0.406250 0.562500 0.406250 0.550781 0.397135 0.545898 0.397135 0.544922 0.395833 0.537109 0.395833 0.536133 0.397135
0 0.482422 0.403646 0.480469 0.404948 0.477539 0.404948 0.470703 0.408854 0.460938 0.420573 0.456055 0.430990 0.456055 0.440104 0.455078 0.441406 0.455078 0.455729 0.459961 0.466146 0.474609 0.476562 0.477539 0.480469 0.480469 0.480469 0.484375 0.477865 0.487305 0.477865 0.488281 0.476562 0.496094 0.473958 0.500977 0.470052 0.506836 0.462240 0.510742 0.451823 0.510742 0.442708 0.511719 0.441406 0.511719 0.436198 0.507812 0.425781 0.504883 0.421875 0.503906 0.421875 0.500000 0.416667 0.497070 0.415365 0.491211 0.410156 0.488281 0.406250 0.486328 0.404948 0.483398 0.404948
0 0.398438 0.410156 0.397461 0.415365 0.396484 0.416667 0.396484 0.419271 0.395508 0.420573 0.395508 0.424479 0.394531 0.425781 0.394531 0.434896 0.395508 0.436198 0.395508 0.441406 0.396484 0.442708 0.397461 0.450521 0.400391 0.454427 0.404297 0.455729 0.405273 0.457031 0.412109 0.458333 0.413086 0.459635 0.419922 0.459635 0.420898 0.458333 0.426758 0.458333 0.427734 0.457031 0.443359 0.457031 0.444336 0.455729 0.445312 0.447917 0.446289 0.446615 0.446289 0.441406 0.447266 0.440104 0.447266 0.433594 0.448242 0.432292 0.448242 0.428385 0.447266 0.427083 0.446289 0.420573 0.443359 0.412760 0.436523 0.402344 0.434570 0.401042 0.420898 0.401042 0.419922 0.402344 0.412109 0.402344 0.411133 0.403646 0.408203 0.403646 0.407227 0.404948 0.402344 0.406250
0 0.322266 0.450521 0.321289 0.453125 0.321289 0.467448 0.327148 0.480469 0.327148 0.483073 0.336914 0.497396 0.339844 0.497396 0.340820 0.498698 0.343750 0.498698 0.344727 0.500000 0.347656 0.500000 0.352539 0.502604 0.366211 0.503906 0.372070 0.494792 0.375000 0.493490 0.379883 0.486979 0.383789 0.473958 0.382812 0.459635 0.380859 0.455729 0.379883 0.447917 0.376953 0.440104 0.375000 0.437500 0.365234 0.432292 0.358398 0.432292 0.356445 0.430990 0.355469 0.432292 0.343750 0.433594 0.333008 0.438802 0.332031 0.441406 0.328125 0.444010
0 0.270508 0.466146 0.265625 0.479167 0.265625 0.494792 0.266602 0.496094 0.267578 0.503906 0.269531 0.509115 0.276367 0.518229 0.283203 0.523438 0.287109 0.528646 0.289062 0.529948 0.292969 0.529948 0.306641 0.520833 0.308594 0.520833 0.312500 0.518229 0.316406 0.514323 0.317383 0.510417 0.321289 0.505208 0.321289 0.502604 0.322266 0.501302 0.323242 0.483073 0.322266 0.481771 0.322266 0.476562 0.319336 0.470052 0.317383 0.470052 0.310547 0.464844 0.305664 0.464844 0.304688 0.463542 0.296875 0.462240 0.288086 0.457031 0.278320 0.457031
0 0.226562 0.454427 0.212891 0.454427 0.205078 0.459635 0.202148 0.459635 0.197266 0.463542 0.192383 0.471354 0.189453 0.479167 0.189453 0.481771 0.187500 0.486979 0.187500 0.493490 0.186523 0.494792 0.186523 0.503906 0.187500 0.505208 0.187500 0.511719 0.188477 0.513021 0.188477 0.518229 0.189453 0.519531 0.192383 0.519531 0.199219 0.524740 0.206055 0.524740 0.207031 0.526042 0.211914 0.526042 0.214844 0.523438 0.226562 0.522135 0.231445 0.519531 0.234375 0.510417 0.237305 0.507812 0.239258 0.502604 0.239258 0.485677 0.232422 0.468750 0.231445 0.463542 0.228516 0.459635
0 0.115234 0.382812 0.112305 0.386719 0.111328 0.386719 0.109375 0.391927 0.107422 0.402344 0.105469 0.406250 0.104492 0.412760 0.101562 0.417969 0.099609 0.428385 0.101562 0.430990 0.101562 0.433594 0.104492 0.440104 0.107422 0.444010 0.115234 0.449219 0.117188 0.449219 0.118164 0.450521 0.130859 0.450521 0.131836 0.449219 0.133789 0.449219 0.137695 0.445312 0.137695 0.436198 0.138672 0.434896 0.138672 0.429688 0.140625 0.425781 0.141602 0.419271 0.146484 0.414062 0.150391 0.414062 0.153320 0.407552 0.152344 0.407552 0.150391 0.404948 0.150391 0.403646 0.135742 0.385417 0.129883 0.381510 0.119141 0.381510 0.118164 0.382812
0 0.148438 0.322917 0.137695 0.329427 0.127930 0.342448 0.125977 0.343750 0.122070 0.354167 0.121094 0.371094 0.123047 0.375000 0.130859 0.377604 0.135742 0.381510 0.137695 0.381510 0.141602 0.384115 0.144531 0.384115 0.145508 0.385417 0.148438 0.385417 0.149414 0.386719 0.153320 0.386719 0.158203 0.390625 0.163086 0.390625 0.170898 0.381510 0.173828 0.380208 0.175781 0.377604 0.177734 0.372396 0.178711 0.361979 0.181641 0.355469 0.181641 0.347656 0.177734 0.337240 0.177734 0.334635 0.174805 0.330729 0.167969 0.328125 0.165039 0.325521 0.162109 0.325521 0.157227 0.322917
0 0.142578 0.423177 0.142578 0.427083 0.141602 0.428385 0.141602 0.432292 0.139648 0.438802 0.139648 0.457031 0.142578 0.464844 0.144531 0.466146 0.150391 0.466146 0.155273 0.468750 0.170898 0.468750 0.171875 0.470052 0.182617 0.471354 0.183594 0.470052 0.185547 0.470052 0.194336 0.457031 0.194336 0.454427 0.198242 0.445312 0.198242 0.441406 0.199219 0.440104 0.199219 0.425781 0.197266 0.419271 0.193359 0.415365 0.189453 0.414062 0.179688 0.407552 0.168945 0.407552 0.167969 0.406250 0.163086 0.406250 0.158203 0.408854 0.151367 0.416667 0.149414 0.417969 0.145508 0.417969
0 0.195312 0.343750 0.190430 0.350260 0.184570 0.355469 0.180664 0.363281 0.180664 0.367188 0.179688 0.368490 0.179688 0.376302 0.178711 0.377604 0.178711 0.390625 0.177734 0.391927 0.177734 0.397135 0.178711 0.398438 0.178711 0.402344 0.179688 0.404948 0.183594 0.407552 0.186523 0.407552 0.199219 0.416667 0.206055 0.416667 0.220703 0.408854 0.228516 0.399740 0.229492 0.399740 0.231445 0.394531 0.231445 0.390625 0.232422 0.389323 0.232422 0.378906 0.229492 0.371094 0.229492 0.364583 0.230469 0.363281 0.230469 0.360677 0.228516 0.356771 0.224609 0.354167 0.222656 0.354167 0.215820 0.348958 0.213867 0.348958 0.208984 0.345052 0.206055 0.345052 0.205078 0.343750
0 0.240234 0.286458 0.238281 0.286458 0.233398 0.282552 0.223633 0.282552 0.222656 0.283854 0.216797 0.283854 0.215820 0.285156 0.211914 0.285156 0.210938 0.286458 0.205078 0.286458 0.204102 0.287760 0.201172 0.287760 0.200195 0.289062 0.196289 0.290365 0.196289 0.292969 0.195312 0.294271 0.195312 0.312500 0.196289 0.313802 0.197266 0.321615 0.203125 0.337240 0.212891 0.343750 0.228516 0.343750 0.230469 0.342448 0.238281 0.332031 0.239258 0.332031 0.241211 0.329427 0.243164 0.322917 0.245117 0.320312 0.245117 0.316406 0.244141 0.315104 0.244141 0.294271 0.242188 0.289062
0 0.250000 0.337240 0.244141 0.342448 0.240234 0.347656 0.239258 0.347656 0.233398 0.356771 0.233398 0.359375 0.232422 0.360677 0.232422 0.369792 0.233398 0.371094 0.233398 0.376302 0.234375 0.377604 0.234375 0.388021 0.232422 0.393229 0.232422 0.397135 0.239258 0.404948 0.243164 0.407552 0.245117 0.407552 0.248047 0.410156 0.250977 0.410156 0.251953 0.411458 0.271484 0.411458 0.274414 0.408854 0.277344 0.402344 0.281250 0.397135 0.281250 0.394531 0.282227 0.393229 0.282227 0.382812 0.280273 0.377604 0.280273 0.371094 0.279297 0.369792 0.278320 0.361979 0.276367 0.358073 0.275391 0.351562 0.272461 0.347656 0.268555 0.345052 0.266602 0.345052 0.263672 0.342448 0.258789 0.341146 0.252930 0.337240
0 0.270508 0.417969 0.261719 0.417969 0.260742 0.416667 0.255859 0.416667 0.254883 0.417969 0.252930 0.417969 0.248047 0.421875 0.239258 0.432292 0.238281 0.432292 0.231445 0.442708 0.228516 0.450521 0.228516 0.454427 0.231445 0.459635 0.237305 0.477865 0.239258 0.480469 0.241211 0.486979 0.243164 0.489583 0.247070 0.489583 0.248047 0.488281 0.255859 0.485677 0.263672 0.480469 0.268555 0.467448 0.276367 0.457031 0.280273 0.455729 0.283203 0.453125 0.283203 0.446615 0.280273 0.438802 0.278320 0.436198 0.277344 0.432292 0.275391 0.429688 0.274414 0.425781 0.272461 0.423177 0.272461 0.420573
0 0.317383 0.386719 0.309570 0.386719 0.308594 0.388021 0.296875 0.388021 0.295898 0.389323 0.291016 0.390625 0.287109 0.394531 0.284180 0.395833 0.278320 0.404948 0.276367 0.410156 0.276367 0.415365 0.275391 0.416667 0.275391 0.425781 0.278320 0.430990 0.280273 0.437500 0.284180 0.445312 0.295898 0.458333 0.307617 0.459635 0.312500 0.457031 0.327148 0.438802 0.329102 0.433594 0.329102 0.430990 0.330078 0.429688 0.330078 0.423177 0.328125 0.417969 0.330078 0.412760 0.330078 0.408854 0.329102 0.407552 0.329102 0.395833 0.325195 0.393229 0.322266 0.393229 0.319336 0.389323 0.319336 0.388021
0 0.340820 0.365885 0.340820 0.367188 0.336914 0.372396 0.333008 0.380208 0.333008 0.382812 0.332031 0.384115 0.332031 0.394531 0.334961 0.401042 0.334961 0.403646 0.337891 0.410156 0.337891 0.412760 0.341797 0.417969 0.341797 0.420573 0.343750 0.425781 0.349609 0.429688 0.370117 0.429688 0.371094 0.428385 0.374023 0.428385 0.378906 0.425781 0.382812 0.425781 0.392578 0.408854 0.392578 0.391927 0.387695 0.375000 0.378906 0.365885 0.374023 0.363281 0.354492 0.361979 0.353516 0.363281 0.347656 0.363281 0.346680 0.364583 0.342773 0.364583
0 0.263672 0.270833 0.256836 0.276042 0.253906 0.279948 0.253906 0.281250 0.249023 0.290365 0.249023 0.292969 0.248047 0.294271 0.248047 0.302083 0.247070 0.303385 0.247070 0.315104 0.248047 0.316406 0.248047 0.325521 0.249023 0.326823 0.249023 0.329427 0.250977 0.332031 0.255859 0.334635 0.257812 0.337240 0.261719 0.339844 0.263672 0.339844 0.264648 0.341146 0.268555 0.341146 0.269531 0.342448 0.271484 0.342448 0.275391 0.339844 0.275391 0.334635 0.276367 0.333333 0.276367 0.313802 0.275391 0.312500 0.275391 0.303385 0.281250 0.299479 0.282227 0.296875 0.286133 0.292969 0.288086 0.292969 0.290039 0.290365 0.290039 0.283854 0.287109 0.279948 0.284180 0.278646 0.281250 0.274740 0.277344 0.272135 0.275391 0.272135 0.274414 0.270833
0 0.290039 0.292969 0.289062 0.294271 0.286133 0.294271 0.281250 0.300781 0.276367 0.303385 0.276367 0.308594 0.277344 0.309896 0.277344 0.354167 0.278320 0.355469 0.278320 0.358073 0.281250 0.361979 0.282227 0.368490 0.288086 0.372396 0.290039 0.375000 0.296875 0.376302 0.297852 0.377604 0.312500 0.369792 0.315430 0.367188 0.319336 0.360677 0.318359 0.356771 0.322266 0.347656 0.323242 0.322917 0.324219 0.321615 0.324219 0.319010 0.323242 0.316406 0.320312 0.313802 0.320312 0.311198 0.321289 0.309896 0.320312 0.309896 0.316406 0.304688 0.302734 0.295573
0 0.343750 0.291667 0.334961 0.304688 0.334961 0.305990 0.326172 0.320312 0.325195 0.322917 0.325195 0.326823 0.324219 0.328125 0.324219 0.341146 0.327148 0.345052 0.328125 0.348958 0.332031 0.354167 0.336914 0.358073 0.338867 0.358073 0.345703 0.361979 0.355469 0.360677 0.356445 0.359375 0.366211 0.359375 0.367188 0.358073 0.369141 0.358073 0.371094 0.355469 0.371094 0.352865 0.374023 0.345052 0.376953 0.341146 0.382812 0.326823 0.382812 0.324219 0.379883 0.319010 0.379883 0.309896 0.376953 0.309896 0.371094 0.302083 0.370117 0.302083 0.364258 0.295573 0.358398 0.294271 0.357422 0.292969 0.354492 0.292969 0.353516 0.291667 0.350586 0.291667 0.349609 0.290365
0 0.389648 0.324219 0.381836 0.334635 0.378906 0.342448 0.378906 0.361979 0.379883 0.364583 0.383789 0.368490 0.385742 0.368490 0.394531 0.375000 0.396484 0.375000 0.402344 0.378906 0.405273 0.378906 0.406250 0.380208 0.408203 0.380208 0.412109 0.382812 0.415039 0.382812 0.416016 0.384115 0.419922 0.384115 0.420898 0.382812 0.422852 0.382812 0.431641 0.371094 0.436523 0.360677 0.436523 0.347656 0.435547 0.346354 0.435547 0.341146 0.432617 0.332031 0.427734 0.324219 0.423828 0.321615 0.421875 0.321615 0.418945 0.319010 0.416016 0.319010 0.415039 0.317708 0.408203 0.317708 0.407227 0.319010 0.405273 0.317708 0.399414 0.317708
0 0.440430 0.372396 0.440430 0.380208 0.439453 0.381510 0.439453 0.385417 0.440430 0.386719 0.440430 0.391927 0.441406 0.393229 0.441406 0.395833 0.448242 0.404948 0.450195 0.404948 0.454102 0.407552 0.460938 0.407552 0.461914 0.408854 0.466797 0.408854 0.476562 0.402344 0.486328 0.402344 0.491211 0.398438 0.495117 0.388021 0.495117 0.373698 0.493164 0.369792 0.492188 0.361979 0.488281 0.356771 0.488281 0.355469 0.482422 0.348958 0.476562 0.347656 0.475586 0.346354 0.460938 0.346354 0.459961 0.345052 0.456055 0.346354 0.446289 0.359375 0.445312 0.363281 0.442383 0.367188
0 0.512695 0.326823 0.503906 0.337240 0.498047 0.350260 0.498047 0.360677 0.500000 0.365885 0.500000 0.371094 0.502930 0.378906 0.506836 0.382812 0.509766 0.382812 0.513672 0.385417 0.516602 0.385417 0.522461 0.389323 0.527344 0.390625 0.530273 0.393229 0.535156 0.393229 0.536133 0.394531 0.538086 0.394531 0.539062 0.393229 0.541992 0.393229 0.543945 0.391927 0.550781 0.382812 0.551758 0.378906 0.553711 0.376302 0.554688 0.363281 0.555664 0.361979 0.554688 0.359375 0.554688 0.351562 0.553711 0.350260 0.553711 0.347656 0.548828 0.338542 0.546875 0.333333 0.546875 0.330729 0.544922 0.328125 0.540039 0.325521 0.531250 0.325521 0.530273 0.324219 0.519531 0.324219 0.518555 0.325521
0 0.576172 0.319010 0.568359 0.324219 0.559570 0.339844 0.558594 0.347656 0.557617 0.348958 0.557617 0.354167 0.558594 0.355469 0.558594 0.365885 0.563477 0.378906 0.571289 0.384115 0.581055 0.397135 0.582031 0.397135 0.583008 0.399740 0.585938 0.399740 0.586914 0.398438 0.594727 0.395833 0.598633 0.393229 0.601562 0.389323 0.604492 0.388021 0.610352 0.376302 0.610352 0.373698 0.612305 0.368490 0.612305 0.364583 0.615234 0.356771 0.616211 0.350260 0.609375 0.332031 0.601562 0.322917 0.593750 0.319010
0 0.624023 0.298177 0.617188 0.311198 0.616211 0.319010 0.615234 0.320312 0.615234 0.325521 0.614258 0.326823 0.614258 0.330729 0.617188 0.339844 0.617188 0.343750 0.620117 0.350260 0.621094 0.358073 0.624023 0.361979 0.631836 0.363281 0.632812 0.364583 0.638672 0.364583 0.639648 0.365885 0.651367 0.365885 0.652344 0.364583 0.657227 0.363281 0.660156 0.359375 0.664062 0.356771 0.671875 0.346354 0.671875 0.339844 0.669922 0.335938 0.669922 0.333333 0.666992 0.328125 0.666016 0.324219 0.660156 0.316406 0.657227 0.308594 0.658203 0.307292 0.657227 0.299479 0.654297 0.294271 0.649414 0.292969 0.646484 0.290365 0.638672 0.290365 0.637695 0.291667 0.631836 0.292969
0 0.587891 0.227865 0.586914 0.229167 0.582031 0.230469 0.578125 0.234375 0.576172 0.234375 0.573242 0.238281 0.569336 0.240885 0.558594 0.255208 0.558594 0.273438 0.560547 0.278646 0.565430 0.285156 0.566406 0.289062 0.569336 0.291667 0.572266 0.299479 0.574219 0.302083 0.577148 0.302083 0.578125 0.303385 0.588867 0.303385 0.592773 0.305990 0.596680 0.305990 0.597656 0.304688 0.599609 0.304688 0.601562 0.302083 0.604492 0.300781 0.613281 0.292969 0.613281 0.290365 0.618164 0.282552 0.618164 0.273438 0.617188 0.272135 0.617188 0.268229 0.616211 0.266927 0.615234 0.260417 0.612305 0.255208 0.609375 0.244792 0.603516 0.236979 0.602539 0.233073 0.597656 0.227865
0 0.533203 0.197917 0.526367 0.197917 0.524414 0.196615 0.523438 0.197917 0.519531 0.197917 0.515625 0.200521 0.512695 0.209635 0.508789 0.214844 0.505859 0.216146 0.503906 0.221354 0.500000 0.226562 0.494141 0.242188 0.494141 0.251302 0.495117 0.252604 0.495117 0.256510 0.497070 0.259115 0.498047 0.264323 0.503906 0.273438 0.509766 0.278646 0.511719 0.278646 0.514648 0.281250 0.525391 0.281250 0.526367 0.279948 0.533203 0.278646 0.537109 0.274740 0.543945 0.264323 0.546875 0.261719 0.548828 0.261719 0.550781 0.259115 0.550781 0.250000 0.551758 0.248698 0.551758 0.243490 0.552734 0.242188 0.552734 0.234375 0.551758 0.233073 0.551758 0.230469 0.544922 0.216146 0.544922 0.212240 0.536133 0.199219 0.534180 0.199219
0 0.455078 0.200521 0.452148 0.205729 0.452148 0.210938 0.448242 0.223958 0.448242 0.246094 0.449219 0.247396 0.450195 0.255208 0.458008 0.264323 0.459961 0.264323 0.463867 0.266927 0.468750 0.266927 0.469727 0.268229 0.479492 0.268229 0.480469 0.269531 0.483398 0.269531 0.485352 0.268229 0.487305 0.263021 0.493164 0.256510 0.493164 0.246094 0.494141 0.244792 0.494141 0.239583 0.500977 0.221354 0.499023 0.213542 0.494141 0.207031 0.492188 0.200521 0.487305 0.197917 0.477539 0.197917 0.476562 0.199219 0.466797 0.199219 0.465820 0.200521
0 0.457031 0.272135 0.457031 0.273438 0.448242 0.283854 0.448242 0.285156 0.445312 0.289062 0.441406 0.299479 0.441406 0.312500 0.445312 0.325521 0.449219 0.329427 0.453125 0.332031 0.456055 0.332031 0.457031 0.333333 0.466797 0.333333 0.467773 0.334635 0.485352 0.334635 0.486328 0.333333 0.488281 0.333333 0.497070 0.320312 0.497070 0.316406 0.499023 0.313802 0.499023 0.307292 0.498047 0.305990 0.498047 0.294271 0.497070 0.292969 0.497070 0.286458 0.496094 0.283854 0.491211 0.277344 0.481445 0.270833 0.465820 0.270833 0.464844 0.269531 0.461914 0.269531
0 0.383789 0.243490 0.379883 0.250000 0.379883 0.259115 0.381836 0.266927 0.383789 0.270833 0.384766 0.277344 0.388672 0.286458 0.390625 0.294271 0.395508 0.299479 0.401367 0.308594 0.404297 0.309896 0.408203 0.309896 0.409180 0.308594 0.419922 0.308594 0.420898 0.309896 0.424805 0.309896 0.436523 0.298177 0.437500 0.294271 0.441406 0.290365 0.442383 0.286458 0.447266 0.279948 0.447266 0.273438 0.444336 0.266927 0.443359 0.261719 0.438477 0.255208 0.438477 0.252604 0.430664 0.240885 0.420898 0.234375 0.404297 0.233073 0.391602 0.240885 0.387695 0.240885
0 0.364258 0.216146 0.349609 0.216146 0.348633 0.217448 0.340820 0.217448 0.339844 0.218750 0.329102 0.220052 0.324219 0.222656 0.321289 0.226562 0.321289 0.229167 0.319336 0.233073 0.319336 0.238281 0.320312 0.239583 0.320312 0.242188 0.322266 0.244792 0.322266 0.250000 0.329102 0.268229 0.333984 0.274740 0.334961 0.278646 0.339844 0.283854 0.348633 0.285156 0.349609 0.283854 0.353516 0.283854 0.354492 0.282552 0.357422 0.282552 0.358398 0.281250 0.363281 0.279948 0.367188 0.276042 0.370117 0.274740 0.377930 0.264323 0.378906 0.261719 0.377930 0.259115 0.377930 0.246094 0.378906 0.244792 0.378906 0.240885 0.375000 0.235677 0.370117 0.223958
0 0.306641 0.226562 0.295898 0.234375 0.291016 0.240885 0.290039 0.240885 0.288086 0.244792 0.287109 0.244792 0.285156 0.247396 0.284180 0.252604 0.283203 0.253906 0.283203 0.263021 0.288086 0.277344 0.291992 0.283854 0.291992 0.286458 0.294922 0.291667 0.296875 0.291667 0.297852 0.292969 0.303711 0.292969 0.304688 0.294271 0.307617 0.294271 0.312500 0.298177 0.318359 0.298177 0.322266 0.295573 0.331055 0.283854 0.332031 0.277344 0.324219 0.259115 0.324219 0.256510 0.322266 0.252604 0.321289 0.246094 0.318359 0.238281 0.316406 0.235677 0.316406 0.231771 0.314453 0.229167 0.314453 0.227865 0.312500 0.226562
0 0.317383 0.166667 0.316406 0.169271 0.316406 0.173177 0.315430 0.174479 0.315430 0.192708 0.316406 0.194010 0.316406 0.197917 0.317383 0.199219 0.319336 0.208333 0.321289 0.212240 0.322266 0.212240 0.326172 0.217448 0.338867 0.217448 0.339844 0.216146 0.346680 0.216146 0.347656 0.214844 0.361328 0.214844 0.367188 0.208333 0.371094 0.200521 0.371094 0.197917 0.372070 0.196615 0.372070 0.183594 0.374023 0.180990 0.374023 0.178385 0.370117 0.173177 0.367188 0.171875 0.361328 0.166667 0.359375 0.166667 0.358398 0.165365 0.353516 0.164062 0.350586 0.161458 0.348633 0.161458 0.344727 0.157552 0.342773 0.157552 0.337891 0.153646 0.332031 0.153646
0 0.444336 0.164062 0.442383 0.162760 0.434570 0.162760 0.433594 0.164062 0.426758 0.164062 0.425781 0.165365 0.421875 0.165365 0.416992 0.167969 0.411133 0.167969 0.410156 0.169271 0.397461 0.169271 0.394531 0.171875 0.394531 0.174479 0.392578 0.177083 0.389648 0.187500 0.389648 0.194010 0.388672 0.195312 0.389648 0.196615 0.389648 0.203125 0.394531 0.216146 0.398438 0.221354 0.398438 0.222656 0.399414 0.222656 0.403320 0.227865 0.403320 0.229167 0.405273 0.230469 0.415039 0.230469 0.416016 0.231771 0.432617 0.231771 0.434570 0.229167 0.438477 0.218750 0.445312 0.207031 0.446289 0.200521 0.448242 0.196615 0.448242 0.191406 0.449219 0.190104 0.449219 0.177083 0.448242 0.175781 0.447266 0.169271
0 0.710938 0.322917 0.709961 0.324219 0.703125 0.325521 0.699219 0.328125 0.686523 0.343750 0.685547 0.343750 0.683594 0.346354 0.680664 0.354167 0.680664 0.361979 0.681641 0.363281 0.681641 0.365885 0.683594 0.367188 0.694336 0.381510 0.699219 0.390625 0.704102 0.394531 0.708984 0.395833 0.712891 0.401042 0.715820 0.401042 0.721680 0.395833 0.729492 0.393229 0.744141 0.375000 0.745117 0.372396 0.745117 0.365885 0.746094 0.364583 0.746094 0.352865 0.745117 0.351562 0.745117 0.345052 0.743164 0.341146 0.724609 0.328125 0.722656 0.328125 0.713867 0.322917
0 0.810547 0.320312 0.807617 0.320312 0.806641 0.319010 0.794922 0.319010 0.786133 0.322917 0.779297 0.328125 0.771484 0.339844 0.771484 0.343750 0.770508 0.345052 0.770508 0.364583 0.769531 0.365885 0.770508 0.368490 0.770508 0.388021 0.773438 0.393229 0.783203 0.404948 0.785156 0.403646 0.789062 0.403646 0.792969 0.401042 0.795898 0.401042 0.807617 0.395833 0.819336 0.385417 0.824219 0.382812 0.825195 0.372396 0.826172 0.371094 0.826172 0.360677 0.827148 0.359375 0.827148 0.352865 0.828125 0.351562 0.827148 0.348958 0.827148 0.342448 0.823242 0.332031 0.817383 0.325521 0.813477 0.324219
0 0.833008 0.351562 0.834961 0.355469 0.833984 0.368490 0.832031 0.373698 0.832031 0.391927 0.833008 0.393229 0.832031 0.394531 0.832031 0.399740 0.833008 0.402344 0.839844 0.403646 0.841797 0.406250 0.849609 0.411458 0.851562 0.411458 0.870117 0.423177 0.883789 0.423177 0.892578 0.393229 0.892578 0.380208 0.893555 0.378906 0.893555 0.376302 0.889648 0.369792 0.887695 0.360677 0.878906 0.354167 0.875977 0.350260 0.861328 0.343750 0.848633 0.342448 0.847656 0.343750 0.840820 0.345052 0.835938 0.350260
0 0.659180 0.365885 0.657227 0.367188 0.651367 0.376302 0.646484 0.390625 0.641602 0.399740 0.636719 0.412760 0.636719 0.416667 0.649414 0.434896 0.655273 0.440104 0.657227 0.440104 0.661133 0.442708 0.666016 0.442708 0.666992 0.444010 0.677734 0.444010 0.678711 0.442708 0.683594 0.441406 0.688477 0.437500 0.693359 0.429688 0.695312 0.424479 0.696289 0.417969 0.701172 0.408854 0.701172 0.406250 0.700195 0.404948 0.699219 0.398438 0.696289 0.391927 0.695312 0.385417 0.686523 0.372396 0.680664 0.367188 0.673828 0.365885 0.672852 0.364583 0.663086 0.364583 0.662109 0.365885
0 0.748047 0.378906 0.742188 0.384115 0.733398 0.398438 0.724609 0.408854 0.720703 0.416667 0.720703 0.423177 0.723633 0.432292 0.723633 0.437500 0.724609 0.438802 0.725586 0.446615 0.732422 0.455729 0.737305 0.459635 0.739258 0.459635 0.744141 0.466146 0.759766 0.467448 0.766602 0.462240 0.772461 0.454427 0.778320 0.444010 0.779297 0.437500 0.783203 0.428385 0.782227 0.412760 0.780273 0.406250 0.768555 0.389323 0.756836 0.384115 0.750977 0.378906
0 0.803711 0.414062 0.786133 0.429688 0.784180 0.434896 0.784180 0.441406 0.782227 0.444010 0.782227 0.446615 0.779297 0.451823 0.779297 0.455729 0.778320 0.457031 0.779297 0.471354 0.781250 0.479167 0.783203 0.481771 0.785156 0.481771 0.792969 0.494792 0.798828 0.501302 0.813477 0.501302 0.828125 0.494792 0.838867 0.481771 0.840820 0.473958 0.840820 0.468750 0.841797 0.467448 0.840820 0.463542 0.840820 0.454427 0.836914 0.444010 0.831055 0.436198 0.824219 0.430990 0.817383 0.421875 0.808594 0.414062
0 0.841797 0.436198 0.838867 0.442708 0.838867 0.446615 0.840820 0.449219 0.840820 0.451823 0.841797 0.453125 0.841797 0.484375 0.844727 0.490885 0.844727 0.493490 0.847656 0.501302 0.852539 0.506510 0.859375 0.510417 0.872070 0.510417 0.875000 0.513021 0.879883 0.511719 0.883789 0.506510 0.883789 0.502604 0.885742 0.500000 0.885742 0.497396 0.887695 0.494792 0.891602 0.481771 0.895508 0.476562 0.897461 0.471354 0.893555 0.462240 0.891602 0.451823 0.888672 0.445312 0.885742 0.441406 0.877930 0.434896 0.869141 0.436198 0.868164 0.434896 0.860352 0.433594 0.856445 0.430990 0.852539 0.430990
0 0.654297 0.546875 0.650391 0.552083 0.642578 0.570312 0.642578 0.579427 0.643555 0.580729 0.642578 0.582031 0.642578 0.585938 0.644531 0.584635 0.646484 0.585938 0.645508 0.589844 0.647461 0.595052 0.651367 0.598958 0.652344 0.602865 0.665039 0.618490 0.674805 0.622396 0.688477 0.622396 0.689453 0.621094 0.693359 0.621094 0.698242 0.615885 0.699219 0.611979 0.699219 0.602865 0.706055 0.578125 0.707031 0.563802 0.704102 0.557292 0.698242 0.549479 0.693359 0.545573 0.691406 0.545573 0.687500 0.541667 0.683594 0.540365 0.677734 0.533854 0.673828 0.536458 0.666992 0.537760
0 0.677734 0.632812 0.673828 0.639323 0.673828 0.641927 0.669922 0.653646 0.669922 0.658854 0.670898 0.660156 0.671875 0.673177 0.674805 0.683594 0.674805 0.688802 0.678711 0.695312 0.689453 0.697917 0.699219 0.703125 0.714844 0.703125 0.723633 0.696615 0.726562 0.691406 0.732422 0.684896 0.735352 0.674479 0.734375 0.669271 0.732422 0.665365 0.732422 0.662760 0.729492 0.657552 0.729492 0.654948 0.726562 0.649740 0.724609 0.641927 0.718750 0.632812 0.716797 0.627604 0.707031 0.622396 0.697266 0.622396
0 0.766602 0.589844 0.756836 0.589844 0.755859 0.591146 0.748047 0.591146 0.747070 0.592448 0.744141 0.592448 0.738281 0.596354 0.736328 0.596354 0.734375 0.598958 0.727539 0.601562 0.725586 0.604167 0.723633 0.604167 0.719727 0.610677 0.719727 0.625000 0.729492 0.636719 0.727539 0.640625 0.727539 0.643229 0.731445 0.648438 0.733398 0.653646 0.742188 0.664062 0.744141 0.669271 0.750977 0.674479 0.756836 0.674479 0.757812 0.673177 0.764648 0.671875 0.772461 0.666667 0.782227 0.653646 0.782227 0.649740 0.786133 0.641927 0.786133 0.621094 0.785156 0.617188 0.778320 0.608073 0.770508 0.600260 0.768555 0.592448
0 0.714844 0.438802 0.706055 0.437500 0.705078 0.438802 0.699219 0.438802 0.698242 0.440104 0.693359 0.441406 0.685547 0.453125 0.682617 0.454427 0.678711 0.458333 0.672852 0.470052 0.671875 0.476562 0.674805 0.484375 0.674805 0.486979 0.689453 0.507812 0.690430 0.511719 0.694336 0.515625 0.710938 0.515625 0.711914 0.514323 0.714844 0.514323 0.726562 0.505208 0.732422 0.496094 0.735352 0.488281 0.735352 0.484375 0.736328 0.483073 0.736328 0.471354 0.725586 0.459635 0.722656 0.453125 0.722656 0.449219 0.719727 0.446615
0 0.751953 0.510417 0.749023 0.509115 0.738281 0.509115 0.737305 0.510417 0.731445 0.510417 0.728516 0.511719 0.722656 0.516927 0.710938 0.522135 0.705078 0.528646 0.700195 0.537760 0.700195 0.542969 0.702148 0.545573 0.710938 0.569010 0.716797 0.576823 0.717773 0.576823 0.723633 0.585938 0.737305 0.588542 0.743164 0.584635 0.745117 0.584635 0.756836 0.575521 0.758789 0.575521 0.762695 0.569010 0.765625 0.558594 0.765625 0.535156 0.762695 0.529948 0.761719 0.524740 0.758789 0.518229
0 0.779297 0.514323 0.775391 0.518229 0.775391 0.526042 0.778320 0.527344 0.775391 0.531250 0.774414 0.537760 0.770508 0.545573 0.770508 0.549479 0.769531 0.550781 0.769531 0.561198 0.773438 0.571615 0.775391 0.580729 0.781250 0.588542 0.796875 0.597656 0.813477 0.598958 0.820312 0.595052 0.822266 0.582031 0.829102 0.570312 0.831055 0.561198 0.833008 0.557292 0.833008 0.550781 0.828125 0.535156 0.814453 0.518229 0.806641 0.513021 0.801758 0.511719 0.800781 0.513021 0.793945 0.514323 0.791016 0.516927 0.784180 0.516927 0.783203 0.513021
0 0.832031 0.535156 0.831055 0.539062 0.833984 0.548177 0.833984 0.559896 0.832031 0.563802 0.830078 0.572917 0.825195 0.579427 0.823242 0.584635 0.823242 0.588542 0.822266 0.589844 0.823242 0.595052 0.833008 0.596354 0.843750 0.606771 0.846680 0.608073 0.852539 0.614583 0.857422 0.614583 0.858398 0.613281 0.864258 0.611979 0.870117 0.606771 0.873047 0.606771 0.876953 0.600260 0.879883 0.601562 0.879883 0.595052 0.877930 0.591146 0.878906 0.589844 0.878906 0.584635 0.877930 0.583333 0.876953 0.562500 0.875977 0.558594 0.871094 0.550781 0.869141 0.542969 0.865234 0.537760 0.859375 0.536458 0.852539 0.532552 0.839844 0.532552 0.838867 0.533854 0.833984 0.533854
0 0.936523 0.662760 0.929688 0.652344 0.926758 0.643229 0.923828 0.638021 0.915039 0.631510 0.912109 0.626302 0.908203 0.626302 0.906250 0.631510 0.903320 0.631510 0.900391 0.627604 0.896484 0.630208 0.892578 0.627604 0.888672 0.630208 0.883789 0.630208 0.879883 0.634115 0.863281 0.661458 0.860352 0.673177 0.864258 0.683594 0.867188 0.686198 0.873047 0.696615 0.877930 0.700521 0.880859 0.700521 0.883789 0.703125 0.920898 0.703125 0.926758 0.700521 0.936523 0.683594 0.938477 0.678385
0 0.830078 0.597656 0.821289 0.598958 0.813477 0.602865 0.805664 0.604167 0.792969 0.611979 0.790039 0.615885 0.790039 0.628906 0.791016 0.632812 0.792969 0.635417 0.792969 0.641927 0.791992 0.643229 0.792969 0.651042 0.806641 0.670573 0.810547 0.673177 0.812500 0.678385 0.815430 0.680990 0.821289 0.680990 0.824219 0.679688 0.826172 0.677083 0.831055 0.677083 0.832031 0.675781 0.841797 0.673177 0.843750 0.670573 0.845703 0.670573 0.848633 0.666667 0.853516 0.664062 0.856445 0.654948 0.856445 0.648438 0.857422 0.647135 0.857422 0.630208 0.855469 0.623698 0.850586 0.615885 0.833008 0.598958
0 0.793945 0.675781 0.787109 0.670573 0.779297 0.669271 0.778320 0.670573 0.773438 0.670573 0.768555 0.673177 0.764648 0.673177 0.759766 0.675781 0.748047 0.678385 0.740234 0.684896 0.736328 0.692708 0.737305 0.704427 0.736328 0.705729 0.735352 0.714844 0.748047 0.740885 0.754883 0.746094 0.769531 0.746094 0.770508 0.747396 0.771484 0.746094 0.776367 0.746094 0.777344 0.744792 0.790039 0.744792 0.792969 0.743490 0.793945 0.735677 0.795898 0.730469 0.800781 0.725260 0.804688 0.709635 0.803711 0.708333 0.803711 0.694010 0.797852 0.680990
0 0.827148 0.703125 0.822266 0.710938 0.817383 0.726562 0.817383 0.743490 0.821289 0.763021 0.826172 0.769531 0.833008 0.770833 0.835938 0.773438 0.838867 0.773438 0.851562 0.778646 0.856445 0.778646 0.862305 0.781250 0.870117 0.781250 0.875977 0.778646 0.880859 0.772135 0.883789 0.764323 0.886719 0.750000 0.885742 0.735677 0.878906 0.714844 0.880859 0.710938 0.880859 0.708333 0.879883 0.707031 0.875977 0.709635 0.873047 0.704427 0.869141 0.704427 0.858398 0.695312 0.853516 0.695312 0.852539 0.694010 0.845703 0.694010 0.839844 0.697917 0.832031 0.699219
