0 0.102539 0.498698 0.096680 0.505208 0.095703 0.505208 0.090820 0.511719 0.087891 0.519531 0.087891 0.522135 0.086914 0.523438 0.086914 0.529948 0.085938 0.531250 0.085938 0.535156 0.086914 0.536458 0.086914 0.539062 0.091797 0.546875 0.095703 0.549479 0.097656 0.549479 0.101562 0.552083 0.106445 0.552083 0.109375 0.554688 0.116211 0.554688 0.117188 0.555990 0.119141 0.554688 0.122070 0.554688 0.125000 0.550781 0.128906 0.548177 0.131836 0.544271 0.131836 0.540365 0.132812 0.539062 0.132812 0.527344 0.133789 0.526042 0.133789 0.522135 0.132812 0.520833 0.132812 0.518229 0.131836 0.518229 0.129883 0.515625 0.129883 0.514323 0.123047 0.505208 0.119141 0.502604 0.112305 0.501302 0.107422 0.497396
0 0.114258 0.559896 0.111328 0.562500 0.108398 0.562500 0.106445 0.563802 0.094727 0.579427 0.094727 0.582031 0.091797 0.589844 0.091797 0.606771 0.094727 0.610677 0.097656 0.611979 0.099609 0.614583 0.101562 0.614583 0.110352 0.621094 0.112305 0.621094 0.120117 0.626302 0.125000 0.627604 0.128906 0.623698 0.129883 0.623698 0.134766 0.617188 0.136719 0.611979 0.136719 0.608073 0.140625 0.601562 0.140625 0.597656 0.141602 0.596354 0.141602 0.592448 0.142578 0.591146 0.142578 0.585938 0.140625 0.582031 0.129883 0.575521 0.127930 0.570312 0.125000 0.569010 0.122070 0.563802 0.119141 0.563802 0.117188 0.559896
0 0.141602 0.449219 0.139648 0.453125 0.139648 0.460938 0.138672 0.462240 0.138672 0.466146 0.137695 0.467448 0.137695 0.480469 0.138672 0.481771 0.139648 0.486979 0.141602 0.488281 0.154297 0.505208 0.166992 0.505208 0.167969 0.503906 0.172852 0.503906 0.180664 0.498698 0.185547 0.492188 0.185547 0.489583 0.187500 0.484375 0.187500 0.480469 0.188477 0.479167 0.188477 0.467448 0.187500 0.466146 0.187500 0.458333 0.184570 0.454427 0.181641 0.453125 0.176758 0.447917 0.174805 0.447917 0.170898 0.445312 0.167969 0.445312 0.164062 0.442708 0.158203 0.442708 0.157227 0.444010 0.153320 0.444010 0.152344 0.445312 0.149414 0.445312 0.143555 0.449219
0 0.135742 0.537760 0.135742 0.542969 0.136719 0.544271 0.136719 0.546875 0.140625 0.555990 0.145508 0.562500 0.148438 0.563802 0.150391 0.566406 0.154297 0.566406 0.155273 0.567708 0.163086 0.567708 0.164062 0.566406 0.168945 0.566406 0.169922 0.565104 0.175781 0.565104 0.181641 0.561198 0.185547 0.555990 0.185547 0.549479 0.186523 0.548177 0.186523 0.544271 0.185547 0.542969 0.185547 0.539062 0.182617 0.533854 0.182617 0.531250 0.185547 0.528646 0.184570 0.526042 0.184570 0.522135 0.178711 0.511719 0.172852 0.507812 0.156250 0.507812 0.154297 0.509115 0.152344 0.511719 0.152344 0.513021 0.142578 0.526042 0.140625 0.527344 0.140625 0.528646 0.137695 0.532552
0 0.145508 0.598958 0.145508 0.613281 0.146484 0.614583 0.146484 0.617188 0.147461 0.618490 0.148438 0.622396 0.152344 0.627604 0.154297 0.627604 0.155273 0.628906 0.159180 0.628906 0.161133 0.631510 0.166016 0.631510 0.166992 0.632812 0.182617 0.632812 0.190430 0.622396 0.190430 0.621094 0.192383 0.618490 0.193359 0.614583 0.195312 0.611979 0.195312 0.609375 0.196289 0.608073 0.195312 0.604167 0.192383 0.600260 0.191406 0.600260 0.189453 0.597656 0.188477 0.597656 0.185547 0.593750 0.169922 0.593750 0.168945 0.592448 0.166992 0.592448 0.166016 0.591146 0.164062 0.591146 0.163086 0.592448 0.162109 0.592448 0.161133 0.591146 0.160156 0.591146 0.157227 0.587240 0.155273 0.587240 0.154297 0.585938 0.154297 0.587240 0.151367 0.591146 0.151367 0.592448 0.150391 0.593750 0.149414 0.593750
0 0.180664 0.638021 0.178711 0.638021 0.177734 0.636719 0.171875 0.636719 0.170898 0.635417 0.165039 0.635417 0.164062 0.634115 0.161133 0.634115 0.158203 0.631510 0.152344 0.631510 0.150391 0.634115 0.145508 0.636719 0.140625 0.643229 0.139648 0.648438 0.138672 0.649740 0.138672 0.654948 0.135742 0.661458 0.135742 0.671875 0.136719 0.673177 0.136719 0.678385 0.138672 0.683594 0.146484 0.688802 0.151367 0.695312 0.157227 0.695312 0.158203 0.694010 0.160156 0.694010 0.163086 0.691406 0.166992 0.690104 0.169922 0.686198 0.176758 0.680990 0.181641 0.673177 0.181641 0.671875 0.183594 0.669271 0.184570 0.669271 0.184570 0.666667 0.182617 0.664062 0.183594 0.661458 0.183594 0.657552 0.181641 0.652344 0.181641 0.647135 0.183594 0.643229
0 0.158203 0.705729 0.157227 0.709635 0.153320 0.712240 0.146484 0.721354 0.145508 0.738281 0.146484 0.739583 0.146484 0.743490 0.151367 0.752604 0.153320 0.752604 0.154297 0.753906 0.157227 0.752604 0.158203 0.753906 0.162109 0.753906 0.163086 0.755208 0.170898 0.756510 0.171875 0.757812 0.181641 0.757812 0.184570 0.753906 0.185547 0.753906 0.188477 0.750000 0.189453 0.746094 0.192383 0.742188 0.193359 0.742188 0.194336 0.736979 0.195312 0.735677 0.195312 0.727865 0.194336 0.726562 0.194336 0.720052 0.192383 0.714844 0.192383 0.708333 0.191406 0.709635 0.191406 0.716146 0.189453 0.718750 0.188477 0.718750 0.186523 0.713542 0.184570 0.712240 0.181641 0.707031 0.179688 0.708333 0.170898 0.708333 0.169922 0.709635 0.167969 0.709635 0.166016 0.713542 0.163086 0.713542 0.162109 0.714844 0.158203 0.709635
0 0.238281 0.735677 0.237305 0.734375 0.233398 0.734375 0.232422 0.735677 0.229492 0.735677 0.228516 0.736979 0.221680 0.736979 0.219727 0.738281 0.218750 0.736979 0.216797 0.736979 0.215820 0.735677 0.210938 0.734375 0.209961 0.735677 0.206055 0.735677 0.205078 0.736979 0.203125 0.736979 0.202148 0.738281 0.197266 0.739583 0.194336 0.743490 0.193359 0.743490 0.190430 0.748698 0.187500 0.756510 0.187500 0.763021 0.192383 0.770833 0.193359 0.773438 0.193359 0.776042 0.195312 0.778646 0.197266 0.778646 0.199219 0.781250 0.201172 0.781250 0.202148 0.782552 0.213867 0.782552 0.214844 0.781250 0.219727 0.779948 0.223633 0.777344 0.227539 0.772135 0.234375 0.768229 0.237305 0.764323 0.238281 0.761719 0.238281 0.759115 0.239258 0.757812 0.239258 0.753906 0.240234 0.752604 0.240234 0.740885
0 0.200195 0.688802 0.200195 0.690104 0.196289 0.695312 0.196289 0.697917 0.195312 0.699219 0.195312 0.701823 0.197266 0.707031 0.197266 0.713542 0.196289 0.716146 0.197266 0.717448 0.197266 0.720052 0.203125 0.726562 0.206055 0.727865 0.208008 0.730469 0.208008 0.731771 0.211914 0.731771 0.214844 0.729167 0.217773 0.729167 0.219727 0.731771 0.224609 0.734375 0.225586 0.733073 0.228516 0.733073 0.229492 0.731771 0.231445 0.731771 0.233398 0.730469 0.235352 0.726562 0.235352 0.722656 0.234375 0.721354 0.236328 0.718750 0.238281 0.718750 0.239258 0.721354 0.238281 0.718750 0.238281 0.713542 0.241211 0.708333 0.241211 0.697917 0.239258 0.696615 0.239258 0.694010 0.238281 0.691406 0.233398 0.686198 0.231445 0.684896 0.222656 0.684896 0.221680 0.683594 0.216797 0.683594 0.213867 0.686198 0.208984 0.686198 0.205078 0.683594 0.201172 0.688802
0 0.236328 0.777344 0.235352 0.779948 0.231445 0.783854 0.228516 0.790365 0.224609 0.795573 0.223633 0.799479 0.216797 0.809896 0.216797 0.819010 0.218750 0.825521 0.224609 0.833333 0.231445 0.834635 0.235352 0.837240 0.238281 0.835938 0.240234 0.833333 0.242188 0.835938 0.243164 0.839844 0.250977 0.839844 0.257812 0.829427 0.261719 0.825521 0.263672 0.825521 0.265625 0.821615 0.264648 0.817708 0.265625 0.791667 0.266602 0.790365 0.268555 0.791667 0.269531 0.808594 0.270508 0.811198 0.271484 0.809896 0.271484 0.789062 0.270508 0.786458 0.268555 0.786458 0.267578 0.783854 0.266602 0.783854 0.264648 0.787760 0.259766 0.786458 0.255859 0.781250 0.250977 0.777344 0.248047 0.777344 0.245117 0.779948 0.242188 0.779948 0.241211 0.781250 0.239258 0.781250
0 0.174805 0.380208 0.173828 0.381510 0.171875 0.381510 0.169922 0.382812 0.166016 0.388021 0.165039 0.391927 0.161133 0.397135 0.157227 0.407552 0.157227 0.416667 0.158203 0.417969 0.158203 0.424479 0.161133 0.432292 0.165039 0.438802 0.166016 0.438802 0.168945 0.442708 0.172852 0.445312 0.180664 0.445312 0.186523 0.441406 0.191406 0.434896 0.192383 0.434896 0.202148 0.423177 0.203125 0.423177 0.205078 0.420573 0.205078 0.415365 0.202148 0.411458 0.201172 0.408854 0.201172 0.406250 0.194336 0.398438 0.193359 0.398438 0.188477 0.391927 0.184570 0.381510 0.182617 0.380208
0 0.231445 0.346354 0.227539 0.345052 0.222656 0.341146 0.217773 0.341146 0.213867 0.343750 0.204102 0.345052 0.194336 0.351562 0.189453 0.360677 0.189453 0.363281 0.187500 0.368490 0.187500 0.372396 0.186523 0.373698 0.186523 0.382812 0.190430 0.393229 0.196289 0.399740 0.200195 0.402344 0.207031 0.402344 0.208008 0.403646 0.216797 0.403646 0.217773 0.404948 0.228516 0.404948 0.231445 0.401042 0.232422 0.401042 0.236328 0.390625 0.236328 0.381510 0.237305 0.380208 0.237305 0.376302 0.235352 0.371094 0.235352 0.360677 0.233398 0.356771
0 0.249023 0.279948 0.245117 0.279948 0.230469 0.290365 0.228516 0.290365 0.226562 0.292969 0.225586 0.292969 0.223633 0.295573 0.219727 0.298177 0.217773 0.300781 0.215820 0.305990 0.214844 0.315104 0.215820 0.316406 0.215820 0.320312 0.217773 0.322917 0.217773 0.324219 0.225586 0.334635 0.227539 0.335938 0.229492 0.335938 0.237305 0.341146 0.243164 0.341146 0.246094 0.338542 0.248047 0.338542 0.253906 0.334635 0.259766 0.326823 0.259766 0.315104 0.258789 0.313802 0.257812 0.307292 0.254883 0.300781 0.254883 0.295573 0.253906 0.294271 0.253906 0.286458 0.252930 0.283854
0 0.295898 0.259115 0.293945 0.257812 0.290039 0.257812 0.289062 0.259115 0.278320 0.259115 0.277344 0.260417 0.273438 0.260417 0.272461 0.261719 0.267578 0.263021 0.261719 0.269531 0.256836 0.282552 0.256836 0.295573 0.257812 0.296875 0.257812 0.300781 0.259766 0.305990 0.259766 0.311198 0.261719 0.316406 0.263672 0.317708 0.269531 0.317708 0.270508 0.319010 0.274414 0.319010 0.275391 0.320312 0.288086 0.320312 0.289062 0.321615 0.291016 0.321615 0.291992 0.320312 0.295898 0.319010 0.303711 0.309896 0.305664 0.304688 0.305664 0.295573 0.306641 0.294271 0.305664 0.292969 0.305664 0.283854 0.296875 0.273438 0.296875 0.266927 0.297852 0.265625 0.297852 0.261719
0 0.277344 0.335938 0.275391 0.335938 0.271484 0.333333 0.270508 0.334635 0.265625 0.334635 0.255859 0.341146 0.249023 0.342448 0.245117 0.345052 0.240234 0.351562 0.240234 0.355469 0.238281 0.360677 0.238281 0.368490 0.239258 0.369792 0.240234 0.376302 0.247070 0.386719 0.250000 0.393229 0.255859 0.399740 0.259766 0.399740 0.260742 0.398438 0.266602 0.398438 0.267578 0.397135 0.273438 0.395833 0.277344 0.393229 0.279297 0.390625 0.284180 0.388021 0.288086 0.382812 0.288086 0.380208 0.291016 0.371094 0.290039 0.355469 0.287109 0.351562 0.287109 0.345052 0.286133 0.343750 0.284180 0.343750 0.283203 0.345052 0.278320 0.339844 0.278320 0.337240
0 0.230469 0.414062 0.230469 0.415365 0.228516 0.416667 0.225586 0.420573 0.220703 0.423177 0.217773 0.429688 0.217773 0.436198 0.216797 0.437500 0.216797 0.446615 0.217773 0.447917 0.217773 0.451823 0.218750 0.454427 0.223633 0.460938 0.223633 0.462240 0.226562 0.467448 0.230469 0.470052 0.235352 0.471354 0.236328 0.472656 0.241211 0.472656 0.242188 0.473958 0.247070 0.472656 0.249023 0.471354 0.251953 0.463542 0.255859 0.457031 0.255859 0.454427 0.259766 0.444010 0.259766 0.437500 0.258789 0.436198 0.258789 0.432292 0.254883 0.421875 0.252930 0.419271 0.250977 0.419271 0.248047 0.416667 0.234375 0.416667 0.232422 0.414062
0 0.217773 0.459635 0.208984 0.459635 0.208008 0.460938 0.204102 0.460938 0.203125 0.462240 0.200195 0.462240 0.199219 0.463542 0.197266 0.463542 0.191406 0.472656 0.191406 0.475260 0.189453 0.480469 0.189453 0.484375 0.188477 0.485677 0.188477 0.490885 0.187500 0.492188 0.187500 0.509115 0.193359 0.516927 0.194336 0.516927 0.198242 0.520833 0.200195 0.520833 0.204102 0.523438 0.208984 0.523438 0.211914 0.520833 0.214844 0.520833 0.215820 0.519531 0.217773 0.519531 0.225586 0.514323 0.227539 0.511719 0.228516 0.511719 0.228516 0.510417 0.230469 0.507812 0.232422 0.506510 0.232422 0.503906 0.233398 0.502604 0.233398 0.489583 0.232422 0.488281 0.232422 0.483073 0.229492 0.477865 0.228516 0.473958
0 0.215820 0.528646 0.211914 0.531250 0.206055 0.539062 0.205078 0.539062 0.204102 0.541667 0.201172 0.545573 0.200195 0.548177 0.200195 0.550781 0.199219 0.552083 0.199219 0.558594 0.200195 0.559896 0.200195 0.569010 0.203125 0.576823 0.206055 0.580729 0.206055 0.582031 0.208984 0.583333 0.210938 0.585938 0.211914 0.585938 0.215820 0.589844 0.219727 0.589844 0.229492 0.583333 0.231445 0.580729 0.235352 0.578125 0.238281 0.574219 0.239258 0.574219 0.245117 0.566406 0.246094 0.563802 0.246094 0.558594 0.245117 0.557292 0.245117 0.553385 0.242188 0.548177 0.242188 0.545573 0.241211 0.542969 0.239258 0.540365 0.238281 0.540365 0.236328 0.537760 0.236328 0.536458 0.226562 0.529948 0.223633 0.529948 0.222656 0.528646
0 0.272461 0.450521 0.269531 0.450521 0.268555 0.451823 0.266602 0.451823 0.262695 0.455729 0.258789 0.458333 0.256836 0.458333 0.254883 0.460938 0.254883 0.462240 0.252930 0.464844 0.250977 0.470052 0.248047 0.473958 0.246094 0.475260 0.244141 0.475260 0.242188 0.477865 0.241211 0.480469 0.241211 0.486979 0.242188 0.488281 0.242188 0.492188 0.243164 0.494792 0.249023 0.502604 0.250977 0.503906 0.252930 0.503906 0.260742 0.509115 0.268555 0.509115 0.269531 0.507812 0.271484 0.507812 0.277344 0.503906 0.283203 0.497396 0.284180 0.497396 0.289062 0.490885 0.289062 0.483073 0.290039 0.481771 0.290039 0.475260 0.289062 0.473958 0.289062 0.471354 0.288086 0.468750 0.282227 0.458333 0.277344 0.455729 0.274414 0.451823
0 0.259766 0.402344 0.257812 0.406250 0.256836 0.421875 0.257812 0.423177 0.257812 0.427083 0.259766 0.430990 0.259766 0.433594 0.262695 0.441406 0.263672 0.441406 0.265625 0.444010 0.276367 0.450521 0.280273 0.454427 0.287109 0.454427 0.288086 0.453125 0.295898 0.453125 0.296875 0.451823 0.298828 0.451823 0.302734 0.449219 0.307617 0.441406 0.307617 0.438802 0.309570 0.433594 0.309570 0.415365 0.310547 0.414062 0.308594 0.408854 0.301758 0.401042 0.299805 0.401042 0.295898 0.398438 0.292969 0.398438 0.291992 0.397135 0.285156 0.397135 0.284180 0.398438 0.281250 0.398438 0.280273 0.399740 0.270508 0.399740 0.269531 0.401042 0.261719 0.401042
0 0.337891 0.235677 0.335938 0.235677 0.334961 0.234375 0.328125 0.234375 0.327148 0.235677 0.318359 0.236979 0.317383 0.238281 0.314453 0.238281 0.313477 0.239583 0.307617 0.240885 0.303711 0.243490 0.300781 0.247396 0.300781 0.250000 0.299805 0.251302 0.299805 0.261719 0.300781 0.263021 0.298828 0.266927 0.298828 0.270833 0.297852 0.272135 0.298828 0.273438 0.300781 0.273438 0.302734 0.276042 0.302734 0.277344 0.308594 0.285156 0.309570 0.289062 0.312500 0.294271 0.316406 0.295573 0.317383 0.296875 0.319336 0.296875 0.320312 0.298177 0.332031 0.298177 0.338867 0.294271 0.345703 0.286458 0.345703 0.281250 0.346680 0.278646 0.348633 0.277344 0.348633 0.272135 0.347656 0.272135 0.344727 0.268229 0.347656 0.261719 0.345703 0.242188
0 0.308594 0.313802 0.305664 0.316406 0.303711 0.316406 0.302734 0.317708 0.298828 0.319010 0.296875 0.321615 0.295898 0.321615 0.294922 0.324219 0.291016 0.329427 0.291016 0.333333 0.290039 0.334635 0.291016 0.335938 0.291016 0.343750 0.292969 0.348958 0.292969 0.352865 0.296875 0.363281 0.297852 0.363281 0.301758 0.368490 0.305664 0.371094 0.310547 0.372396 0.313477 0.375000 0.318359 0.375000 0.320312 0.372396 0.327148 0.368490 0.338867 0.354167 0.338867 0.351562 0.341797 0.345052 0.341797 0.341146 0.342773 0.339844 0.341797 0.338542 0.341797 0.330729 0.333984 0.321615 0.330078 0.320312 0.325195 0.316406 0.321289 0.316406 0.320312 0.315104 0.315430 0.315104 0.314453 0.313802
0 0.265625 0.513021 0.264648 0.514323 0.262695 0.514323 0.258789 0.516927 0.254883 0.522135 0.254883 0.523438 0.250000 0.529948 0.250000 0.531250 0.248047 0.533854 0.248047 0.536458 0.247070 0.537760 0.247070 0.544271 0.248047 0.545573 0.248047 0.553385 0.249023 0.554688 0.249023 0.559896 0.251953 0.566406 0.257812 0.570312 0.259766 0.572917 0.261719 0.572917 0.265625 0.575521 0.270508 0.575521 0.271484 0.576823 0.275391 0.576823 0.276367 0.575521 0.279297 0.575521 0.283203 0.571615 0.284180 0.569010 0.284180 0.566406 0.285156 0.565104 0.285156 0.562500 0.286133 0.561198 0.286133 0.550781 0.287109 0.549479 0.286133 0.546875 0.286133 0.526042 0.283203 0.522135 0.283203 0.518229 0.282227 0.516927 0.278320 0.516927 0.272461 0.513021
0 0.214844 0.595052 0.214844 0.596354 0.213867 0.597656 0.212891 0.597656 0.207031 0.605469 0.207031 0.608073 0.206055 0.609375 0.206055 0.627604 0.205078 0.628906 0.205078 0.634115 0.206055 0.635417 0.206055 0.638021 0.209961 0.641927 0.210938 0.641927 0.215820 0.648438 0.217773 0.648438 0.218750 0.649740 0.221680 0.649740 0.222656 0.651042 0.231445 0.651042 0.232422 0.649740 0.239258 0.648438 0.240234 0.647135 0.240234 0.643229 0.237305 0.636719 0.237305 0.634115 0.236328 0.632812 0.236328 0.630208 0.235352 0.628906 0.235352 0.614583 0.237305 0.610677 0.237305 0.608073 0.238281 0.606771 0.240234 0.600260 0.235352 0.593750 0.226562 0.593750 0.225586 0.592448 0.223633 0.592448 0.222656 0.593750 0.216797 0.593750 0.215820 0.595052
0 0.251953 0.587240 0.246094 0.595052 0.246094 0.596354 0.243164 0.600260 0.242188 0.604167 0.239258 0.608073 0.236328 0.615885 0.236328 0.619792 0.235352 0.621094 0.236328 0.622396 0.236328 0.628906 0.237305 0.630208 0.237305 0.632812 0.240234 0.639323 0.240234 0.641927 0.242188 0.647135 0.247070 0.652344 0.250977 0.654948 0.252930 0.654948 0.253906 0.656250 0.259766 0.656250 0.263672 0.653646 0.269531 0.645833 0.270508 0.645833 0.278320 0.634115 0.280273 0.632812 0.282227 0.627604 0.283203 0.615885 0.281250 0.613281 0.277344 0.602865 0.276367 0.602865 0.274414 0.600260 0.271484 0.592448 0.266602 0.592448 0.265625 0.593750 0.255859 0.593750 0.253906 0.591146 0.253906 0.588542
0 0.283203 0.652344 0.276367 0.652344 0.275391 0.653646 0.267578 0.653646 0.264648 0.656250 0.262695 0.656250 0.252930 0.662760 0.250977 0.665365 0.250977 0.667969 0.250000 0.669271 0.250000 0.687500 0.250977 0.688802 0.250977 0.694010 0.251953 0.695312 0.251953 0.697917 0.253906 0.700521 0.253906 0.701823 0.263672 0.713542 0.266602 0.713542 0.267578 0.714844 0.269531 0.714844 0.270508 0.713542 0.280273 0.713542 0.283203 0.709635 0.285156 0.704427 0.285156 0.701823 0.293945 0.679688 0.293945 0.669271 0.290039 0.658854 0.287109 0.654948 0.285156 0.654948
0 0.254883 0.709635 0.253906 0.710938 0.253906 0.712240 0.250000 0.717448 0.250000 0.718750 0.248047 0.721354 0.248047 0.723958 0.247070 0.725260 0.247070 0.735677 0.248047 0.736979 0.248047 0.739583 0.249023 0.740885 0.250000 0.744792 0.252930 0.748698 0.254883 0.755208 0.259766 0.759115 0.264648 0.759115 0.265625 0.760417 0.269531 0.760417 0.270508 0.761719 0.277344 0.761719 0.278320 0.760417 0.281250 0.759115 0.281250 0.757812 0.285156 0.752604 0.285156 0.751302 0.287109 0.748698 0.287109 0.746094 0.288086 0.744792 0.288086 0.735677 0.284180 0.726562 0.284180 0.723958 0.283203 0.722656 0.283203 0.720052 0.282227 0.718750 0.282227 0.717448 0.279297 0.714844 0.264648 0.714844 0.263672 0.713542 0.260742 0.712240 0.258789 0.709635
0 0.142578 0.611979 0.141602 0.611979 0.137695 0.617188 0.137695 0.618490 0.135742 0.621094 0.134766 0.621094 0.133789 0.622396 0.130859 0.623698 0.128906 0.626302 0.127930 0.626302 0.126953 0.627604 0.125000 0.627604 0.124023 0.628906 0.123047 0.628906 0.122070 0.627604 0.120117 0.627604 0.119141 0.626302 0.118164 0.626302 0.117188 0.625000 0.115234 0.625000 0.114258 0.623698 0.112305 0.626302 0.113281 0.627604 0.113281 0.630208 0.114258 0.631510 0.114258 0.632812 0.116211 0.635417 0.116211 0.638021 0.117188 0.639323 0.117188 0.640625 0.119141 0.643229 0.119141 0.644531 0.123047 0.651042 0.125977 0.651042 0.126953 0.652344 0.131836 0.652344 0.132812 0.651042 0.135742 0.651042 0.136719 0.649740 0.137695 0.649740 0.137695 0.648438 0.138672 0.647135 0.138672 0.645833 0.139648 0.644531 0.140625 0.640625 0.142578 0.638021 0.143555 0.638021 0.145508 0.635417 0.146484 0.635417 0.148438 0.632812 0.149414 0.632812 0.149414 0.626302 0.148438 0.625000 0.148438 0.623698 0.146484 0.621094 0.146484 0.619792 0.145508 0.618490 0.144531 0.614583
0 0.368164 0.216146 0.367188 0.217448 0.365234 0.217448 0.361328 0.222656 0.357422 0.225260 0.349609 0.236979 0.349609 0.239583 0.348633 0.240885 0.348633 0.256510 0.349609 0.257812 0.350586 0.263021 0.356445 0.270833 0.358398 0.270833 0.362305 0.273438 0.364258 0.276042 0.366211 0.276042 0.367188 0.277344 0.370117 0.277344 0.371094 0.278646 0.374023 0.278646 0.375000 0.279948 0.380859 0.281250 0.384766 0.278646 0.387695 0.274740 0.388672 0.274740 0.397461 0.261719 0.398438 0.259115 0.398438 0.253906 0.399414 0.252604 0.399414 0.247396 0.398438 0.246094 0.398438 0.243490 0.396484 0.238281 0.393555 0.234375 0.391602 0.226562 0.388672 0.222656 0.384766 0.221354 0.383789 0.220052 0.378906 0.220052 0.377930 0.218750 0.375000 0.218750 0.374023 0.217448 0.370117 0.217448
0 0.411133 0.194010 0.409180 0.196615 0.408203 0.196615 0.398438 0.209635 0.398438 0.210938 0.395508 0.216146 0.394531 0.223958 0.393555 0.225260 0.400391 0.243490 0.409180 0.255208 0.410156 0.257812 0.412109 0.257812 0.413086 0.259115 0.416992 0.259115 0.417969 0.260417 0.423828 0.260417 0.425781 0.259115 0.432617 0.250000 0.433594 0.250000 0.435547 0.247396 0.437500 0.242188 0.443359 0.234375 0.444336 0.231771 0.444336 0.214844 0.443359 0.213542 0.443359 0.209635 0.437500 0.200521 0.433594 0.197917 0.430664 0.197917 0.429688 0.196615 0.420898 0.196615 0.416992 0.194010
0 0.399414 0.264323 0.399414 0.265625 0.395508 0.272135 0.394531 0.276042 0.392578 0.278646 0.388672 0.289062 0.389648 0.290365 0.389648 0.295573 0.390625 0.296875 0.390625 0.300781 0.391602 0.302083 0.391602 0.304688 0.394531 0.308594 0.398438 0.308594 0.399414 0.309896 0.405273 0.309896 0.406250 0.311198 0.410156 0.311198 0.411133 0.312500 0.419922 0.312500 0.420898 0.313802 0.424805 0.313802 0.425781 0.312500 0.427734 0.312500 0.428711 0.309896 0.432617 0.304688 0.435547 0.296875 0.435547 0.291667 0.436523 0.290365 0.436523 0.283854 0.435547 0.282552 0.435547 0.279948 0.434570 0.277344 0.433594 0.277344 0.423828 0.264323 0.421875 0.263021 0.419922 0.263021 0.418945 0.261719 0.413086 0.261719 0.412109 0.260417 0.411133 0.261719 0.403320 0.261719
0 0.359375 0.282552 0.357422 0.285156 0.357422 0.286458 0.353516 0.292969 0.352539 0.296875 0.350586 0.299479 0.350586 0.302083 0.348633 0.307292 0.348633 0.319010 0.350586 0.324219 0.352539 0.326823 0.352539 0.328125 0.357422 0.334635 0.361328 0.337240 0.364258 0.337240 0.367188 0.339844 0.372070 0.339844 0.373047 0.338542 0.375000 0.338542 0.375977 0.337240 0.377930 0.337240 0.378906 0.335938 0.381836 0.335938 0.382812 0.334635 0.384766 0.334635 0.386719 0.333333 0.389648 0.329427 0.392578 0.321615 0.393555 0.315104 0.394531 0.313802 0.393555 0.312500 0.393555 0.309896 0.390625 0.305990 0.390625 0.303385 0.389648 0.302083 0.389648 0.299479 0.387695 0.294271 0.378906 0.282552 0.376953 0.282552 0.375977 0.281250 0.373047 0.281250 0.372070 0.279948 0.363281 0.279948
0 0.336914 0.359375 0.334961 0.361979 0.333984 0.361979 0.327148 0.372396 0.322266 0.385417 0.318359 0.391927 0.317383 0.397135 0.316406 0.398438 0.317383 0.399740 0.317383 0.404948 0.319336 0.410156 0.327148 0.420573 0.329102 0.421875 0.332031 0.421875 0.333008 0.423177 0.344727 0.423177 0.356445 0.415365 0.362305 0.414062 0.366211 0.410156 0.368164 0.404948 0.368164 0.402344 0.369141 0.401042 0.369141 0.377604 0.368164 0.376302 0.367188 0.369792 0.364258 0.364583 0.362305 0.364583 0.356445 0.360677 0.355469 0.361979 0.348633 0.361979 0.347656 0.360677
0 0.391602 0.347656 0.389648 0.348958 0.377930 0.364583 0.375000 0.372396 0.375000 0.377604 0.375977 0.378906 0.375977 0.382812 0.376953 0.384115 0.376953 0.389323 0.377930 0.390625 0.377930 0.393229 0.381836 0.399740 0.381836 0.401042 0.384766 0.404948 0.388672 0.404948 0.389648 0.406250 0.392578 0.406250 0.393555 0.407552 0.396484 0.407552 0.397461 0.408854 0.409180 0.408854 0.414062 0.403646 0.415039 0.401042 0.415039 0.398438 0.417969 0.393229 0.417969 0.372396 0.418945 0.371094 0.418945 0.363281 0.419922 0.361979 0.418945 0.360677 0.418945 0.358073 0.416992 0.354167 0.411133 0.350260 0.408203 0.350260 0.404297 0.347656
0 0.328125 0.429688 0.325195 0.429688 0.321289 0.432292 0.319336 0.434896 0.318359 0.434896 0.313477 0.441406 0.312500 0.441406 0.300781 0.458333 0.297852 0.466146 0.297852 0.468750 0.298828 0.470052 0.299805 0.476562 0.302734 0.481771 0.302734 0.483073 0.306641 0.488281 0.310547 0.490885 0.313477 0.490885 0.314453 0.492188 0.318359 0.492188 0.319336 0.493490 0.327148 0.493490 0.328125 0.492188 0.330078 0.492188 0.332031 0.489583 0.335938 0.486979 0.336914 0.483073 0.338867 0.480469 0.338867 0.477865 0.339844 0.475260 0.342773 0.471354 0.342773 0.468750 0.339844 0.460938 0.339844 0.458333 0.338867 0.457031 0.337891 0.450521 0.336914 0.447917 0.333984 0.444010 0.333984 0.441406 0.333008 0.440104 0.333008 0.436198 0.333984 0.434896
0 0.380859 0.416667 0.376953 0.414062 0.371094 0.414062 0.370117 0.415365 0.367188 0.415365 0.363281 0.417969 0.360352 0.421875 0.356445 0.424479 0.354492 0.424479 0.349609 0.428385 0.347656 0.428385 0.342773 0.433594 0.340820 0.438802 0.340820 0.453125 0.341797 0.454427 0.341797 0.457031 0.344727 0.464844 0.350586 0.472656 0.354492 0.475260 0.364258 0.475260 0.365234 0.473958 0.370117 0.472656 0.375000 0.468750 0.378906 0.468750 0.379883 0.467448 0.381836 0.467448 0.386719 0.460938 0.386719 0.458333 0.387695 0.457031 0.387695 0.451823 0.388672 0.450521 0.388672 0.432292 0.387695 0.430990 0.387695 0.427083 0.386719 0.424479
0 0.379883 0.479167 0.377930 0.479167 0.376953 0.477865 0.375000 0.479167 0.358398 0.479167 0.357422 0.480469 0.355469 0.479167 0.352539 0.479167 0.351562 0.480469 0.348633 0.480469 0.342773 0.484375 0.339844 0.489583 0.337891 0.494792 0.337891 0.498698 0.336914 0.500000 0.336914 0.510417 0.337891 0.511719 0.337891 0.514323 0.338867 0.516927 0.342773 0.522135 0.342773 0.523438 0.346680 0.528646 0.347656 0.528646 0.352539 0.535156 0.352539 0.536458 0.354492 0.536458 0.355469 0.537760 0.358398 0.537760 0.359375 0.536458 0.365234 0.536458 0.366211 0.535156 0.369141 0.535156 0.376953 0.529948 0.380859 0.524740 0.381836 0.519531 0.382812 0.518229 0.382812 0.511719 0.383789 0.510417 0.383789 0.505208 0.384766 0.503906 0.384766 0.494792 0.385742 0.493490 0.385742 0.488281 0.384766 0.485677
0 0.326172 0.498698 0.324219 0.497396 0.320312 0.497396 0.319336 0.496094 0.317383 0.496094 0.316406 0.494792 0.313477 0.494792 0.312500 0.493490 0.307617 0.493490 0.304688 0.496094 0.302734 0.496094 0.299805 0.498698 0.297852 0.498698 0.293945 0.501302 0.291016 0.506510 0.291016 0.509115 0.290039 0.510417 0.290039 0.518229 0.289062 0.519531 0.289062 0.524740 0.288086 0.526042 0.288086 0.545573 0.292969 0.550781 0.294922 0.552083 0.296875 0.552083 0.297852 0.553385 0.307617 0.553385 0.308594 0.552083 0.311523 0.552083 0.312500 0.550781 0.314453 0.550781 0.329102 0.540365 0.331055 0.535156 0.333008 0.532552 0.333008 0.529948 0.333984 0.528646 0.333984 0.515625 0.333008 0.514323 0.333008 0.510417 0.332031 0.507812
0 0.321289 0.554688 0.312500 0.554688 0.311523 0.555990 0.308594 0.555990 0.307617 0.557292 0.303711 0.557292 0.302734 0.558594 0.297852 0.558594 0.292969 0.562500 0.288086 0.575521 0.286133 0.578125 0.286133 0.580729 0.284180 0.585938 0.284180 0.589844 0.287109 0.597656 0.292969 0.606771 0.293945 0.606771 0.295898 0.609375 0.297852 0.609375 0.301758 0.613281 0.304688 0.613281 0.305664 0.614583 0.317383 0.614583 0.318359 0.613281 0.320312 0.613281 0.322266 0.611979 0.327148 0.605469 0.328125 0.602865 0.328125 0.597656 0.329102 0.596354 0.329102 0.588542 0.330078 0.587240 0.330078 0.574219 0.329102 0.572917 0.329102 0.569010 0.328125 0.567708 0.328125 0.563802 0.327148 0.561198 0.323242 0.555990
0 0.335938 0.546875 0.333008 0.554688 0.333008 0.566406 0.333984 0.567708 0.333984 0.575521 0.334961 0.576823 0.334961 0.579427 0.335938 0.582031 0.347656 0.597656 0.349609 0.598958 0.354492 0.598958 0.355469 0.597656 0.359375 0.597656 0.360352 0.596354 0.363281 0.596354 0.369141 0.592448 0.375000 0.584635 0.376953 0.579427 0.376953 0.576823 0.377930 0.575521 0.377930 0.569010 0.376953 0.567708 0.376953 0.558594 0.374023 0.554688 0.374023 0.553385 0.370117 0.549479 0.369141 0.549479 0.367188 0.546875 0.366211 0.546875 0.364258 0.544271 0.361328 0.544271 0.360352 0.542969 0.358398 0.542969 0.357422 0.541667 0.354492 0.541667 0.353516 0.540365 0.347656 0.540365 0.346680 0.541667 0.341797 0.541667
0 0.423828 0.520833 0.421875 0.518229 0.414062 0.518229 0.413086 0.516927 0.409180 0.516927 0.406250 0.519531 0.404297 0.519531 0.403320 0.520833 0.401367 0.520833 0.400391 0.522135 0.397461 0.522135 0.396484 0.523438 0.395508 0.523438 0.392578 0.520833 0.384766 0.520833 0.383789 0.522135 0.383789 0.524740 0.382812 0.526042 0.382812 0.527344 0.379883 0.533854 0.379883 0.536458 0.378906 0.537760 0.378906 0.539062 0.379883 0.540365 0.379883 0.542969 0.381836 0.545573 0.382812 0.549479 0.385742 0.553385 0.385742 0.554688 0.386719 0.555990 0.387695 0.555990 0.392578 0.559896 0.395508 0.559896 0.396484 0.561198 0.397461 0.559896 0.401367 0.559896 0.402344 0.558594 0.409180 0.557292 0.410156 0.555990 0.412109 0.555990 0.413086 0.554688 0.416992 0.554688 0.417969 0.553385 0.418945 0.553385 0.422852 0.548177 0.422852 0.533854 0.423828 0.532552 0.423828 0.524740 0.424805 0.523438 0.423828 0.522135
0 0.336914 0.617188 0.334961 0.615885 0.331055 0.615885 0.328125 0.613281 0.325195 0.613281 0.324219 0.614583 0.322266 0.614583 0.318359 0.617188 0.315430 0.617188 0.314453 0.618490 0.305664 0.618490 0.300781 0.622396 0.298828 0.622396 0.291016 0.632812 0.290039 0.638021 0.288086 0.641927 0.288086 0.651042 0.290039 0.656250 0.292969 0.660156 0.293945 0.664062 0.295898 0.666667 0.308594 0.674479 0.316406 0.673177 0.324219 0.667969 0.326172 0.665365 0.329102 0.664062 0.332031 0.658854 0.332031 0.656250 0.336914 0.644531 0.336914 0.641927 0.338867 0.638021 0.338867 0.634115 0.339844 0.632812 0.338867 0.627604 0.335938 0.622396
0 0.323242 0.680990 0.321289 0.679688 0.319336 0.679688 0.318359 0.678385 0.316406 0.679688 0.306641 0.679688 0.303711 0.683594 0.300781 0.684896 0.293945 0.694010 0.291992 0.694010 0.290039 0.696615 0.289062 0.696615 0.289062 0.697917 0.287109 0.700521 0.285156 0.712240 0.286133 0.713542 0.286133 0.717448 0.287109 0.718750 0.288086 0.725260 0.291016 0.730469 0.291016 0.731771 0.293945 0.735677 0.297852 0.738281 0.311523 0.738281 0.312500 0.736979 0.315430 0.736979 0.323242 0.731771 0.331055 0.722656 0.332031 0.720052 0.332031 0.717448 0.333008 0.716146 0.333008 0.712240 0.333984 0.710938 0.333984 0.697917 0.331055 0.690104
0 0.313477 0.753906 0.311523 0.753906 0.310547 0.752604 0.304688 0.752604 0.303711 0.753906 0.298828 0.753906 0.297852 0.755208 0.294922 0.755208 0.293945 0.757812 0.290039 0.757812 0.289062 0.759115 0.286133 0.759115 0.283203 0.763021 0.282227 0.769531 0.279297 0.777344 0.279297 0.786458 0.278320 0.787760 0.279297 0.789062 0.279297 0.798177 0.280273 0.799479 0.280273 0.803385 0.282227 0.808594 0.284180 0.811198 0.284180 0.812500 0.287109 0.816406 0.288086 0.815104 0.295898 0.815104 0.296875 0.813802 0.298828 0.813802 0.305664 0.808594 0.317383 0.804688 0.320312 0.800781 0.320312 0.798177 0.322266 0.794271 0.322266 0.790365 0.323242 0.789062 0.324219 0.779948 0.323242 0.778646 0.323242 0.774740 0.322266 0.773438 0.321289 0.764323
0 0.333984 0.804688 0.332031 0.803385 0.323242 0.803385 0.322266 0.804688 0.320312 0.804688 0.314453 0.808594 0.309570 0.808594 0.308594 0.809896 0.306641 0.809896 0.298828 0.815104 0.296875 0.817708 0.296875 0.820312 0.294922 0.822917 0.294922 0.825521 0.292969 0.830729 0.291992 0.842448 0.291016 0.843750 0.291016 0.850260 0.293945 0.855469 0.293945 0.856771 0.300781 0.863281 0.306641 0.864583 0.307617 0.865885 0.315430 0.865885 0.316406 0.864583 0.321289 0.863281 0.323242 0.860677 0.327148 0.858073 0.330078 0.858073 0.332031 0.856771 0.335938 0.851562 0.336914 0.848958 0.336914 0.845052 0.338867 0.841146 0.338867 0.838542 0.339844 0.837240 0.339844 0.832031 0.340820 0.830729 0.339844 0.828125 0.339844 0.822917 0.337891 0.817708 0.337891 0.813802
0 0.365234 0.867188 0.360352 0.865885 0.360352 0.867188 0.362305 0.869792 0.362305 0.872396 0.361328 0.873698 0.359375 0.873698 0.357422 0.871094 0.351562 0.871094 0.350586 0.872396 0.344727 0.872396 0.343750 0.881510 0.339844 0.886719 0.337891 0.886719 0.335938 0.889323 0.334961 0.891927 0.334961 0.895833 0.335938 0.897135 0.333984 0.899740 0.331055 0.901042 0.331055 0.904948 0.333984 0.910156 0.333984 0.911458 0.336914 0.915365 0.336914 0.916667 0.338867 0.917969 0.341797 0.921875 0.341797 0.923177 0.343750 0.924479 0.349609 0.924479 0.362305 0.907552 0.363281 0.907552 0.365234 0.904948 0.365234 0.902344 0.368164 0.898438 0.369141 0.898438 0.369141 0.897135 0.372070 0.893229 0.373047 0.886719 0.370117 0.881510
0 0.414062 0.868490 0.412109 0.865885 0.409180 0.865885 0.408203 0.867188 0.405273 0.864583 0.402344 0.864583 0.397461 0.860677 0.395508 0.860677 0.392578 0.863281 0.387695 0.864583 0.385742 0.867188 0.382812 0.868490 0.379883 0.873698 0.377930 0.873698 0.376953 0.875000 0.375977 0.875000 0.373047 0.871094 0.372070 0.871094 0.372070 0.873698 0.373047 0.875000 0.373047 0.877604 0.374023 0.878906 0.374023 0.893229 0.375977 0.895833 0.375977 0.897135 0.379883 0.902344 0.380859 0.902344 0.383789 0.904948 0.387695 0.904948 0.388672 0.903646 0.395508 0.899740 0.397461 0.897135 0.404297 0.893229 0.406250 0.890625 0.409180 0.889323 0.415039 0.882812 0.415039 0.872396 0.414062 0.871094
0 0.360352 0.779948 0.359375 0.781250 0.356445 0.781250 0.355469 0.782552 0.353516 0.782552 0.343750 0.790365 0.343750 0.792969 0.339844 0.802083 0.339844 0.815104 0.340820 0.816406 0.340820 0.819010 0.341797 0.821615 0.343750 0.824219 0.343750 0.825521 0.346680 0.828125 0.346680 0.829427 0.349609 0.833333 0.349609 0.834635 0.355469 0.842448 0.358398 0.843750 0.361328 0.847656 0.363281 0.847656 0.365234 0.848958 0.367188 0.846354 0.368164 0.846354 0.368164 0.845052 0.378906 0.830729 0.381836 0.822917 0.381836 0.820312 0.382812 0.819010 0.382812 0.815104 0.383789 0.813802 0.383789 0.802083 0.382812 0.799479 0.380859 0.798177 0.377930 0.798177 0.374023 0.795573 0.364258 0.779948
0 0.359375 0.729167 0.357422 0.727865 0.353516 0.727865 0.352539 0.726562 0.347656 0.726562 0.346680 0.727865 0.344727 0.727865 0.342773 0.729167 0.340820 0.731771 0.339844 0.730469 0.337891 0.730469 0.333984 0.727865 0.325195 0.738281 0.323242 0.743490 0.323242 0.765625 0.324219 0.766927 0.324219 0.770833 0.325195 0.772135 0.325195 0.774740 0.326172 0.776042 0.326172 0.778646 0.327148 0.781250 0.329102 0.782552 0.333008 0.787760 0.334961 0.789062 0.340820 0.789062 0.347656 0.782552 0.354492 0.778646 0.356445 0.776042 0.362305 0.772135 0.363281 0.769531 0.363281 0.757812 0.364258 0.756510 0.364258 0.751302 0.365234 0.750000 0.365234 0.740885 0.363281 0.738281 0.363281 0.735677 0.362305 0.733073
0 0.372070 0.735677 0.369141 0.742188 0.369141 0.744792 0.368164 0.746094 0.368164 0.750000 0.366211 0.752604 0.365234 0.755208 0.365234 0.759115 0.364258 0.760417 0.364258 0.769531 0.365234 0.770833 0.365234 0.777344 0.368164 0.782552 0.368164 0.783854 0.369141 0.783854 0.375977 0.794271 0.377930 0.794271 0.381836 0.796875 0.386719 0.796875 0.387695 0.798177 0.388672 0.796875 0.390625 0.796875 0.394531 0.794271 0.396484 0.791667 0.397461 0.791667 0.401367 0.786458 0.404297 0.785156 0.406250 0.782552 0.407227 0.777344 0.408203 0.776042 0.408203 0.770833 0.409180 0.769531 0.409180 0.765625 0.410156 0.764323 0.410156 0.750000 0.407227 0.743490 0.401367 0.739583 0.399414 0.739583 0.398438 0.738281 0.395508 0.738281 0.394531 0.739583 0.387695 0.739583 0.386719 0.738281 0.384766 0.738281 0.380859 0.735677
0 0.460938 0.755208 0.458984 0.753906 0.451172 0.753906 0.449219 0.756510 0.444336 0.757812 0.441406 0.760417 0.431641 0.763021 0.431641 0.764323 0.428711 0.768229 0.427734 0.768229 0.427734 0.778646 0.426758 0.779948 0.426758 0.785156 0.425781 0.786458 0.425781 0.795573 0.426758 0.796875 0.426758 0.800781 0.427734 0.803385 0.433594 0.811198 0.435547 0.812500 0.438477 0.812500 0.439453 0.813802 0.441406 0.813802 0.442383 0.812500 0.449219 0.812500 0.450195 0.811198 0.454102 0.811198 0.465820 0.803385 0.467773 0.800781 0.468750 0.798177 0.468750 0.794271 0.470703 0.789062 0.470703 0.785156 0.471680 0.783854 0.471680 0.774740 0.470703 0.773438 0.470703 0.770833 0.468750 0.765625
0 0.477539 0.704427 0.476562 0.705729 0.473633 0.705729 0.472656 0.707031 0.469727 0.707031 0.467773 0.708333 0.462891 0.714844 0.460938 0.720052 0.459961 0.726562 0.458984 0.727865 0.458984 0.731771 0.458008 0.733073 0.458008 0.735677 0.458984 0.736979 0.458984 0.740885 0.459961 0.742188 0.459961 0.744792 0.460938 0.746094 0.460938 0.748698 0.462891 0.753906 0.471680 0.766927 0.471680 0.768229 0.477539 0.772135 0.480469 0.772135 0.481445 0.773438 0.484375 0.773438 0.486328 0.774740 0.487305 0.773438 0.489258 0.773438 0.491211 0.770833 0.495117 0.759115 0.499023 0.752604 0.501953 0.744792 0.501953 0.742188 0.502930 0.740885 0.502930 0.731771 0.499023 0.721354 0.487305 0.707031 0.484375 0.707031 0.483398 0.705729 0.480469 0.705729 0.479492 0.704427
0 0.426758 0.697917 0.424805 0.700521 0.421875 0.701823 0.417969 0.707031 0.417969 0.709635 0.416016 0.713542 0.416016 0.716146 0.413086 0.723958 0.413086 0.739583 0.414062 0.742188 0.417969 0.747396 0.418945 0.747396 0.422852 0.752604 0.425781 0.753906 0.429688 0.757812 0.431641 0.757812 0.432617 0.759115 0.437500 0.759115 0.438477 0.757812 0.441406 0.757812 0.449219 0.752604 0.451172 0.750000 0.451172 0.748698 0.454102 0.743490 0.454102 0.740885 0.455078 0.739583 0.455078 0.722656 0.456055 0.721354 0.455078 0.720052 0.455078 0.716146 0.454102 0.713542 0.450195 0.708333 0.449219 0.708333 0.446289 0.704427 0.445312 0.704427 0.444336 0.701823 0.440430 0.697917
0 0.390625 0.666667 0.389648 0.667969 0.383789 0.667969 0.376953 0.677083 0.375977 0.677083 0.375977 0.678385 0.373047 0.682292 0.371094 0.687500 0.371094 0.703125 0.372070 0.704427 0.372070 0.710938 0.374023 0.716146 0.374023 0.721354 0.375000 0.722656 0.375000 0.725260 0.377930 0.729167 0.377930 0.730469 0.379883 0.733073 0.381836 0.733073 0.382812 0.734375 0.384766 0.734375 0.388672 0.736979 0.394531 0.736979 0.395508 0.735677 0.399414 0.734375 0.401367 0.731771 0.405273 0.729167 0.413086 0.717448 0.414062 0.714844 0.414062 0.710938 0.415039 0.709635 0.415039 0.701823 0.416016 0.700521 0.416016 0.695312 0.415039 0.694010 0.415039 0.691406 0.413086 0.686198 0.401367 0.669271 0.397461 0.667969 0.396484 0.666667
0 0.341797 0.647135 0.337891 0.652344 0.337891 0.653646 0.332031 0.662760 0.332031 0.669271 0.331055 0.670573 0.332031 0.679688 0.333984 0.683594 0.333984 0.686198 0.335938 0.690104 0.335938 0.692708 0.336914 0.694010 0.336914 0.695312 0.340820 0.699219 0.343750 0.699219 0.344727 0.700521 0.349609 0.700521 0.350586 0.699219 0.355469 0.699219 0.356445 0.697917 0.361328 0.697917 0.362305 0.696615 0.365234 0.695312 0.368164 0.690104 0.368164 0.688802 0.372070 0.679688 0.372070 0.677083 0.373047 0.675781 0.373047 0.670573 0.372070 0.669271 0.371094 0.669271 0.370117 0.670573 0.366211 0.670573 0.365234 0.671875 0.360352 0.673177 0.356445 0.667969 0.356445 0.666667 0.354492 0.662760 0.352539 0.651042 0.348633 0.645833 0.343750 0.645833 0.342773 0.647135
0 0.390625 0.608073 0.384766 0.604167 0.381836 0.604167 0.375977 0.600260 0.372070 0.606771 0.370117 0.602865 0.364258 0.602865 0.356445 0.609375 0.353516 0.614583 0.353516 0.617188 0.352539 0.618490 0.352539 0.627604 0.351562 0.628906 0.351562 0.644531 0.353516 0.649740 0.354492 0.660156 0.357422 0.667969 0.360352 0.671875 0.364258 0.670573 0.365234 0.669271 0.367188 0.669271 0.368164 0.667969 0.372070 0.667969 0.376953 0.664062 0.379883 0.664062 0.381836 0.661458 0.385742 0.658854 0.387695 0.658854 0.389648 0.656250 0.392578 0.654948 0.393555 0.652344 0.397461 0.648438 0.398438 0.645833 0.398438 0.640625 0.399414 0.639323 0.399414 0.625000 0.397461 0.621094 0.396484 0.614583
0 0.427734 0.614583 0.418945 0.614583 0.417969 0.615885 0.413086 0.617188 0.407227 0.621094 0.406250 0.622396 0.406250 0.626302 0.403320 0.631510 0.403320 0.635417 0.402344 0.636719 0.402344 0.652344 0.403320 0.653646 0.403320 0.662760 0.404297 0.664062 0.404297 0.667969 0.411133 0.678385 0.412109 0.678385 0.416016 0.683594 0.417969 0.684896 0.421875 0.683594 0.426758 0.677083 0.430664 0.674479 0.430664 0.673177 0.443359 0.657552 0.445312 0.652344 0.445312 0.648438 0.446289 0.647135 0.445312 0.645833 0.445312 0.639323 0.443359 0.635417 0.443359 0.632812 0.440430 0.625000 0.437500 0.621094
0 0.460938 0.647135 0.452148 0.647135 0.451172 0.648438 0.448242 0.648438 0.445312 0.656250 0.443359 0.658854 0.443359 0.660156 0.441406 0.662760 0.440430 0.662760 0.434570 0.670573 0.433594 0.673177 0.438477 0.687500 0.441406 0.691406 0.444336 0.699219 0.449219 0.705729 0.451172 0.707031 0.456055 0.707031 0.457031 0.705729 0.461914 0.705729 0.467773 0.701823 0.475586 0.690104 0.476562 0.683594 0.478516 0.679688 0.478516 0.673177 0.479492 0.671875 0.479492 0.669271 0.478516 0.667969 0.478516 0.664062 0.477539 0.661458 0.474609 0.657552 0.472656 0.656250 0.470703 0.656250 0.467773 0.652344 0.466797 0.649740 0.464844 0.648438 0.461914 0.648438
0 0.517578 0.658854 0.515625 0.660156 0.513672 0.660156 0.511719 0.662760 0.509766 0.662760 0.508789 0.664062 0.491211 0.664062 0.489258 0.665365 0.489258 0.667969 0.487305 0.673177 0.487305 0.703125 0.491211 0.709635 0.492188 0.709635 0.496094 0.714844 0.498047 0.716146 0.500000 0.716146 0.500977 0.717448 0.503906 0.717448 0.504883 0.718750 0.507812 0.718750 0.508789 0.720052 0.517578 0.720052 0.521484 0.717448 0.523438 0.714844 0.523438 0.713542 0.525391 0.712240 0.525391 0.710938 0.531250 0.700521 0.531250 0.683594 0.530273 0.682292 0.530273 0.678385 0.529297 0.677083 0.528320 0.670573 0.525391 0.665365 0.522461 0.664062
0 0.484375 0.595052 0.482422 0.596354 0.481445 0.598958 0.477539 0.604167 0.472656 0.618490 0.472656 0.628906 0.473633 0.630208 0.473633 0.632812 0.478516 0.641927 0.479492 0.647135 0.482422 0.651042 0.483398 0.654948 0.487305 0.658854 0.490234 0.658854 0.494141 0.661458 0.501953 0.661458 0.502930 0.662760 0.505859 0.662760 0.506836 0.661458 0.509766 0.661458 0.511719 0.660156 0.517578 0.649740 0.517578 0.628906 0.516602 0.627604 0.516602 0.615885 0.514648 0.610677 0.510742 0.605469 0.510742 0.604167 0.502930 0.593750 0.500977 0.592448 0.495117 0.591146 0.494141 0.592448 0.491211 0.592448 0.487305 0.595052
0 0.470703 0.570312 0.469727 0.570312 0.465820 0.566406 0.463867 0.566406 0.462891 0.565104 0.461914 0.565104 0.460938 0.566406 0.458984 0.566406 0.456055 0.569010 0.454102 0.569010 0.451172 0.571615 0.448242 0.571615 0.447266 0.572917 0.445312 0.572917 0.440430 0.579427 0.440430 0.580729 0.437500 0.585938 0.436523 0.589844 0.433594 0.593750 0.433594 0.595052 0.432617 0.596354 0.432617 0.598958 0.431641 0.600260 0.431641 0.602865 0.432617 0.604167 0.432617 0.606771 0.433594 0.608073 0.433594 0.609375 0.439453 0.618490 0.440430 0.618490 0.443359 0.621094 0.446289 0.621094 0.447266 0.622396 0.459961 0.622396 0.460938 0.621094 0.462891 0.621094 0.464844 0.618490 0.465820 0.618490 0.470703 0.611979 0.470703 0.610677 0.476562 0.600260 0.476562 0.583333 0.475586 0.582031 0.475586 0.578125 0.474609 0.576823 0.474609 0.575521
0 0.423828 0.557292 0.415039 0.557292 0.414062 0.558594 0.411133 0.558594 0.410156 0.559896 0.406250 0.559896 0.405273 0.561198 0.402344 0.561198 0.401367 0.562500 0.396484 0.563802 0.393555 0.567708 0.392578 0.571615 0.390625 0.574219 0.388672 0.579427 0.388672 0.582031 0.387695 0.583333 0.387695 0.595052 0.400391 0.611979 0.404297 0.614583 0.411133 0.614583 0.412109 0.613281 0.416016 0.613281 0.418945 0.610677 0.423828 0.609375 0.428711 0.605469 0.428711 0.602865 0.430664 0.598958 0.430664 0.595052 0.432617 0.592448 0.433594 0.589844 0.433594 0.587240 0.434570 0.585938 0.434570 0.572917 0.433594 0.571615 0.433594 0.569010 0.426758 0.559896 0.425781 0.559896
0 0.434570 0.506510 0.432617 0.507812 0.428711 0.513021 0.428711 0.516927 0.427734 0.518229 0.427734 0.520833 0.425781 0.526042 0.425781 0.531250 0.424805 0.532552 0.424805 0.541667 0.425781 0.542969 0.425781 0.548177 0.428711 0.552083 0.428711 0.553385 0.436523 0.562500 0.446289 0.569010 0.451172 0.569010 0.454102 0.566406 0.458984 0.565104 0.467773 0.558594 0.471680 0.553385 0.471680 0.550781 0.472656 0.549479 0.472656 0.544271 0.473633 0.542969 0.473633 0.537760 0.466797 0.527344 0.467773 0.526042 0.467773 0.523438 0.465820 0.520833 0.461914 0.518229 0.460938 0.513021 0.456055 0.511719 0.451172 0.506510 0.449219 0.506510 0.448242 0.505208 0.441406 0.505208 0.440430 0.506510
0 0.461914 0.236979 0.458008 0.236979 0.457031 0.238281 0.450195 0.238281 0.444336 0.242188 0.437500 0.251302 0.437500 0.252604 0.430664 0.260417 0.430664 0.264323 0.429688 0.265625 0.430664 0.269531 0.437500 0.278646 0.438477 0.278646 0.442383 0.283854 0.443359 0.283854 0.447266 0.289062 0.448242 0.289062 0.451172 0.292969 0.451172 0.294271 0.455078 0.298177 0.460938 0.298177 0.461914 0.296875 0.466797 0.296875 0.468750 0.295573 0.479492 0.281250 0.479492 0.278646 0.481445 0.274740 0.481445 0.259115 0.478516 0.251302 0.474609 0.246094 0.471680 0.244792 0.469727 0.242188
0 0.484375 0.151042 0.468750 0.152344 0.467773 0.153646 0.463867 0.153646 0.462891 0.154948 0.458008 0.156250 0.454102 0.160156 0.454102 0.161458 0.450195 0.167969 0.450195 0.171875 0.449219 0.173177 0.449219 0.187500 0.450195 0.188802 0.450195 0.201823 0.451172 0.203125 0.451172 0.208333 0.454102 0.210938 0.456055 0.210938 0.459961 0.216146 0.465820 0.217448 0.466797 0.218750 0.476562 0.218750 0.477539 0.217448 0.482422 0.216146 0.485352 0.208333 0.488281 0.208333 0.489258 0.209635 0.490234 0.204427 0.492188 0.201823 0.492188 0.197917 0.493164 0.196615 0.494141 0.188802 0.496094 0.183594 0.496094 0.169271 0.491211 0.157552
0 0.524414 0.136719 0.522461 0.139323 0.517578 0.141927 0.513672 0.149740 0.514648 0.165365 0.512695 0.169271 0.513672 0.177083 0.514648 0.178385 0.514648 0.184896 0.516602 0.188802 0.516602 0.191406 0.518555 0.196615 0.521484 0.201823 0.521484 0.204427 0.524414 0.207031 0.527344 0.207031 0.532227 0.209635 0.544922 0.209635 0.545898 0.208333 0.548828 0.208333 0.553711 0.205729 0.553711 0.204427 0.561523 0.194010 0.561523 0.190104 0.562500 0.188802 0.562500 0.186198 0.564453 0.180990 0.564453 0.177083 0.565430 0.175781 0.565430 0.169271 0.564453 0.167969 0.563477 0.161458 0.558594 0.152344 0.554688 0.140625 0.550781 0.138021 0.547852 0.138021 0.542969 0.135417 0.535156 0.135417 0.534180 0.134115
0 0.504883 0.210938 0.500977 0.214844 0.500000 0.214844 0.497070 0.218750 0.496094 0.218750 0.495117 0.221354 0.488281 0.230469 0.487305 0.235677 0.486328 0.236979 0.486328 0.252604 0.487305 0.253906 0.487305 0.256510 0.492188 0.263021 0.493164 0.263021 0.499023 0.269531 0.500977 0.269531 0.508789 0.276042 0.510742 0.276042 0.511719 0.277344 0.515625 0.277344 0.516602 0.278646 0.520508 0.276042 0.523438 0.272135 0.524414 0.272135 0.529297 0.265625 0.533203 0.264323 0.537109 0.259115 0.538086 0.256510 0.538086 0.242188 0.533203 0.227865 0.525391 0.217448 0.521484 0.214844 0.512695 0.213542 0.509766 0.210938
0 0.492188 0.281250 0.489258 0.281250 0.486328 0.283854 0.482422 0.285156 0.478516 0.289062 0.476562 0.289062 0.469727 0.299479 0.468750 0.309896 0.466797 0.313802 0.466797 0.329427 0.468750 0.332031 0.468750 0.333333 0.470703 0.335938 0.475586 0.337240 0.483398 0.342448 0.486328 0.346354 0.494141 0.345052 0.496094 0.342448 0.499023 0.342448 0.502930 0.339844 0.504883 0.337240 0.507812 0.335938 0.510742 0.332031 0.511719 0.332031 0.512695 0.329427 0.514648 0.328125 0.515625 0.325521 0.515625 0.319010 0.516602 0.317708 0.516602 0.309896 0.513672 0.302083 0.498047 0.285156
0 0.474609 0.339844 0.471680 0.339844 0.470703 0.338542 0.467773 0.338542 0.466797 0.337240 0.465820 0.338542 0.462891 0.338542 0.461914 0.339844 0.453125 0.341146 0.445312 0.346354 0.441406 0.351562 0.440430 0.354167 0.440430 0.359375 0.439453 0.360677 0.439453 0.369792 0.440430 0.371094 0.440430 0.373698 0.447266 0.382812 0.447266 0.384115 0.449219 0.386719 0.450195 0.386719 0.452148 0.389323 0.455078 0.390625 0.458984 0.394531 0.463867 0.394531 0.464844 0.393229 0.471680 0.391927 0.475586 0.389323 0.481445 0.381510 0.481445 0.378906 0.483398 0.373698 0.483398 0.368490 0.484375 0.367188 0.484375 0.351562 0.483398 0.348958 0.478516 0.342448
0 0.417969 0.395833 0.414062 0.406250 0.414062 0.421875 0.415039 0.423177 0.415039 0.425781 0.416016 0.428385 0.420898 0.434896 0.424805 0.445312 0.426758 0.446615 0.429688 0.446615 0.430664 0.447917 0.435547 0.447917 0.436523 0.446615 0.447266 0.446615 0.452148 0.442708 0.457031 0.441406 0.459961 0.438802 0.459961 0.428385 0.458984 0.427083 0.458984 0.420573 0.458008 0.419271 0.458008 0.412760 0.457031 0.411458 0.457031 0.408854 0.447266 0.390625 0.443359 0.388021 0.441406 0.388021 0.440430 0.386719 0.436523 0.386719 0.435547 0.385417 0.429688 0.385417 0.421875 0.390625
0 0.421875 0.455729 0.421875 0.457031 0.419922 0.459635 0.419922 0.462240 0.416992 0.470052 0.416992 0.479167 0.418945 0.484375 0.424805 0.492188 0.432617 0.497396 0.434570 0.497396 0.435547 0.498698 0.441406 0.498698 0.442383 0.497396 0.447266 0.497396 0.448242 0.496094 0.452148 0.496094 0.457031 0.492188 0.459961 0.484375 0.459961 0.481771 0.461914 0.477865 0.462891 0.471354 0.463867 0.470052 0.463867 0.458333 0.462891 0.457031 0.462891 0.453125 0.459961 0.450521 0.452148 0.450521 0.451172 0.449219 0.427734 0.449219 0.425781 0.450521
0 0.490234 0.460938 0.485352 0.460938 0.484375 0.462240 0.477539 0.462240 0.476562 0.463542 0.474609 0.463542 0.468750 0.467448 0.466797 0.470052 0.465820 0.470052 0.462891 0.477865 0.462891 0.480469 0.459961 0.486979 0.459961 0.496094 0.461914 0.500000 0.461914 0.502604 0.463867 0.505208 0.464844 0.509115 0.466797 0.511719 0.466797 0.513021 0.468750 0.515625 0.469727 0.519531 0.472656 0.523438 0.472656 0.524740 0.477539 0.528646 0.485352 0.526042 0.487305 0.523438 0.494141 0.519531 0.497070 0.515625 0.498047 0.511719 0.501953 0.505208 0.501953 0.502604 0.503906 0.498698 0.503906 0.493490 0.504883 0.492188 0.504883 0.480469 0.503906 0.479167 0.503906 0.476562 0.498047 0.467448 0.495117 0.466146 0.493164 0.463542 0.491211 0.463542
0 0.476562 0.394531 0.474609 0.395833 0.469727 0.402344 0.468750 0.402344 0.468750 0.403646 0.464844 0.408854 0.461914 0.416667 0.461914 0.419271 0.460938 0.420573 0.461914 0.427083 0.463867 0.429688 0.463867 0.438802 0.464844 0.440104 0.465820 0.446615 0.468750 0.451823 0.469727 0.451823 0.473633 0.455729 0.489258 0.455729 0.490234 0.457031 0.498047 0.457031 0.501953 0.453125 0.502930 0.450521 0.502930 0.447917 0.504883 0.444010 0.504883 0.428385 0.503906 0.427083 0.503906 0.421875 0.502930 0.420573 0.502930 0.412760 0.501953 0.411458 0.501953 0.407552 0.500977 0.406250 0.500977 0.403646 0.497070 0.398438 0.496094 0.398438 0.492188 0.394531 0.487305 0.394531 0.486328 0.393229 0.481445 0.393229 0.480469 0.394531
0 0.494141 0.351562 0.494141 0.355469 0.491211 0.363281 0.491211 0.368490 0.490234 0.369792 0.490234 0.376302 0.491211 0.377604 0.491211 0.381510 0.492188 0.382812 0.492188 0.385417 0.495117 0.390625 0.499023 0.393229 0.500977 0.393229 0.501953 0.394531 0.504883 0.394531 0.505859 0.395833 0.511719 0.395833 0.512695 0.397135 0.518555 0.397135 0.520508 0.398438 0.521484 0.397135 0.524414 0.397135 0.528320 0.394531 0.532227 0.389323 0.532227 0.386719 0.534180 0.382812 0.534180 0.380208 0.533203 0.378906 0.533203 0.363281 0.532227 0.361979 0.532227 0.358073 0.531250 0.356771 0.530273 0.350260 0.528320 0.347656 0.528320 0.346354 0.520508 0.341146 0.515625 0.341146 0.511719 0.343750 0.508789 0.343750 0.507812 0.345052 0.505859 0.345052 0.497070 0.351562
0 0.537109 0.393229 0.533203 0.393229 0.532227 0.394531 0.530273 0.394531 0.525391 0.399740 0.523438 0.399740 0.519531 0.402344 0.517578 0.404948 0.514648 0.406250 0.509766 0.412760 0.508789 0.412760 0.506836 0.416667 0.506836 0.432292 0.507812 0.433594 0.507812 0.441406 0.509766 0.446615 0.512695 0.450521 0.512695 0.451823 0.513672 0.451823 0.517578 0.455729 0.519531 0.455729 0.520508 0.457031 0.523438 0.457031 0.524414 0.458333 0.530273 0.458333 0.531250 0.457031 0.534180 0.457031 0.538086 0.454427 0.540039 0.451823 0.541016 0.451823 0.550781 0.438802 0.551758 0.436198 0.551758 0.415365 0.550781 0.414062 0.550781 0.410156 0.547852 0.402344 0.545898 0.399740 0.544922 0.399740 0.541992 0.395833 0.540039 0.394531 0.538086 0.394531
0 0.506836 0.519531 0.503906 0.519531 0.502930 0.518229 0.500000 0.518229 0.499023 0.519531 0.497070 0.519531 0.496094 0.520833 0.479492 0.531250 0.476562 0.535156 0.476562 0.536458 0.475586 0.537760 0.475586 0.541667 0.474609 0.542969 0.474609 0.553385 0.475586 0.554688 0.475586 0.557292 0.476562 0.558594 0.477539 0.562500 0.483398 0.571615 0.484375 0.571615 0.485352 0.572917 0.496094 0.572917 0.497070 0.574219 0.498047 0.574219 0.499023 0.572917 0.503906 0.572917 0.504883 0.571615 0.506836 0.571615 0.510742 0.567708 0.511719 0.567708 0.516602 0.561198 0.516602 0.559896 0.518555 0.555990 0.518555 0.552083 0.519531 0.550781 0.519531 0.541667 0.518555 0.540365 0.518555 0.537760 0.511719 0.528646 0.511719 0.527344 0.509766 0.524740 0.509766 0.523438
0 0.537109 0.561198 0.530273 0.561198 0.529297 0.559896 0.528320 0.561198 0.525391 0.561198 0.522461 0.563802 0.520508 0.563802 0.513672 0.571615 0.513672 0.572917 0.509766 0.579427 0.509766 0.583333 0.508789 0.585938 0.509766 0.587240 0.509766 0.595052 0.510742 0.596354 0.510742 0.601562 0.513672 0.605469 0.513672 0.606771 0.516602 0.610677 0.516602 0.611979 0.519531 0.615885 0.523438 0.618490 0.529297 0.618490 0.532227 0.615885 0.534180 0.615885 0.539062 0.611979 0.541016 0.611979 0.548828 0.606771 0.552734 0.601562 0.552734 0.598958 0.553711 0.597656 0.553711 0.592448 0.552734 0.591146 0.553711 0.584635 0.552734 0.583333 0.552734 0.579427 0.549805 0.575521 0.548828 0.572917 0.547852 0.572917 0.541016 0.563802
0 0.561523 0.588542 0.555664 0.596354 0.554688 0.598958 0.554688 0.601562 0.551758 0.609375 0.551758 0.611979 0.552734 0.613281 0.552734 0.617188 0.559570 0.634115 0.559570 0.636719 0.560547 0.639323 0.565430 0.645833 0.569336 0.648438 0.571289 0.648438 0.572266 0.649740 0.576172 0.649740 0.577148 0.648438 0.583008 0.648438 0.583984 0.647135 0.586914 0.647135 0.588867 0.645833 0.590820 0.641927 0.590820 0.635417 0.591797 0.634115 0.591797 0.628906 0.592773 0.627604 0.592773 0.623698 0.593750 0.622396 0.593750 0.619792 0.592773 0.618490 0.592773 0.615885 0.593750 0.614583 0.593750 0.610677 0.592773 0.609375 0.592773 0.605469 0.589844 0.600260 0.586914 0.591146 0.583008 0.585938 0.574219 0.585938 0.573242 0.584635 0.571289 0.584635 0.570312 0.585938 0.566406 0.585938 0.565430 0.587240 0.563477 0.587240
0 0.563477 0.648438 0.564453 0.651042 0.564453 0.653646 0.562500 0.656250 0.560547 0.662760 0.558594 0.665365 0.555664 0.666667 0.554688 0.669271 0.554688 0.671875 0.553711 0.673177 0.553711 0.677083 0.554688 0.678385 0.554688 0.680990 0.555664 0.682292 0.555664 0.684896 0.556641 0.687500 0.562500 0.695312 0.563477 0.695312 0.565430 0.697917 0.573242 0.703125 0.575195 0.703125 0.578125 0.705729 0.581055 0.705729 0.582031 0.707031 0.584961 0.707031 0.585938 0.705729 0.590820 0.704427 0.592773 0.703125 0.597656 0.696615 0.598633 0.696615 0.602539 0.686198 0.602539 0.674479 0.601562 0.671875 0.596680 0.665365 0.594727 0.660156 0.590820 0.654948 0.587891 0.654948 0.583984 0.651042 0.574219 0.651042 0.573242 0.652344 0.570312 0.652344 0.565430 0.648438
0 0.513672 0.476562 0.511719 0.480469 0.510742 0.486979 0.508789 0.489583 0.508789 0.493490 0.506836 0.498698 0.506836 0.502604 0.505859 0.503906 0.505859 0.506510 0.508789 0.511719 0.508789 0.514323 0.514648 0.522135 0.514648 0.523438 0.518555 0.528646 0.518555 0.529948 0.523438 0.535156 0.526367 0.535156 0.527344 0.536458 0.534180 0.536458 0.535156 0.535156 0.541016 0.535156 0.545898 0.529948 0.550781 0.527344 0.550781 0.526042 0.552734 0.523438 0.552734 0.520833 0.551758 0.519531 0.550781 0.497396 0.549805 0.496094 0.547852 0.485677 0.541992 0.477865 0.532227 0.471354 0.523438 0.471354 0.522461 0.472656 0.520508 0.472656 0.517578 0.475260
0 0.568359 0.514323 0.566406 0.514323 0.565430 0.515625 0.564453 0.515625 0.560547 0.520833 0.559570 0.520833 0.558594 0.522135 0.556641 0.522135 0.551758 0.528646 0.546875 0.531250 0.543945 0.535156 0.542969 0.535156 0.541992 0.536458 0.541992 0.537760 0.541016 0.539062 0.541016 0.541667 0.540039 0.542969 0.540039 0.557292 0.541016 0.558594 0.541016 0.559896 0.541992 0.559896 0.544922 0.563802 0.545898 0.563802 0.547852 0.566406 0.548828 0.566406 0.553711 0.572917 0.555664 0.572917 0.556641 0.574219 0.565430 0.574219 0.566406 0.572917 0.568359 0.572917 0.572266 0.567708 0.573242 0.567708 0.579102 0.561198 0.580078 0.561198 0.580078 0.559896 0.581055 0.558594 0.581055 0.555990 0.582031 0.554688 0.582031 0.552083 0.583008 0.550781 0.583008 0.537760 0.582031 0.536458 0.582031 0.531250 0.581055 0.529948 0.581055 0.528646 0.579102 0.526042 0.579102 0.524740 0.576172 0.519531 0.575195 0.519531 0.573242 0.516927 0.572266 0.516927 0.571289 0.515625 0.569336 0.515625
0 0.602539 0.558594 0.601562 0.559896 0.599609 0.559896 0.596680 0.563802 0.594727 0.569010 0.594727 0.571615 0.592773 0.575521 0.592773 0.580729 0.591797 0.582031 0.591797 0.596354 0.592773 0.597656 0.592773 0.601562 0.594727 0.605469 0.595703 0.611979 0.605469 0.625000 0.609375 0.627604 0.612305 0.627604 0.613281 0.626302 0.615234 0.626302 0.623047 0.621094 0.632812 0.609375 0.632812 0.606771 0.633789 0.605469 0.633789 0.598958 0.634766 0.597656 0.634766 0.584635 0.633789 0.583333 0.633789 0.580729 0.624023 0.566406 0.614258 0.559896 0.605469 0.559896 0.604492 0.558594
0 0.636719 0.522135 0.630859 0.526042 0.620117 0.539062 0.620117 0.540365 0.618164 0.542969 0.618164 0.546875 0.617188 0.548177 0.618164 0.553385 0.620117 0.558594 0.624023 0.563802 0.625000 0.563802 0.628906 0.569010 0.629883 0.571615 0.630859 0.571615 0.642578 0.585938 0.646484 0.587240 0.647461 0.588542 0.657227 0.588542 0.659180 0.587240 0.663086 0.582031 0.663086 0.580729 0.666016 0.576823 0.666016 0.574219 0.667969 0.570312 0.667969 0.567708 0.668945 0.566406 0.668945 0.549479 0.667969 0.548177 0.667969 0.545573 0.666016 0.540365 0.660156 0.532552 0.646484 0.523438 0.643555 0.523438 0.642578 0.522135
0 0.580078 0.493490 0.577148 0.498698 0.577148 0.507812 0.579102 0.513021 0.581055 0.515625 0.581055 0.518229 0.583008 0.523438 0.583008 0.527344 0.585938 0.535156 0.591797 0.544271 0.595703 0.544271 0.596680 0.545573 0.607422 0.545573 0.608398 0.544271 0.610352 0.544271 0.612305 0.541667 0.613281 0.541667 0.620117 0.532552 0.621094 0.528646 0.624023 0.524740 0.624023 0.514323 0.623047 0.513021 0.623047 0.507812 0.622070 0.506510 0.622070 0.502604 0.620117 0.497396 0.614258 0.490885 0.605469 0.490885 0.604492 0.492188 0.602539 0.492188 0.601562 0.493490 0.599609 0.493490 0.595703 0.496094 0.594727 0.496094 0.592773 0.490885 0.590820 0.489583 0.584961 0.489583 0.581055 0.493490
0 0.559570 0.432292 0.549805 0.446615 0.549805 0.447917 0.547852 0.450521 0.547852 0.451823 0.545898 0.454427 0.543945 0.459635 0.541016 0.463542 0.540039 0.466146 0.540039 0.472656 0.543945 0.477865 0.545898 0.479167 0.545898 0.480469 0.549805 0.485677 0.549805 0.488281 0.553711 0.493490 0.555664 0.493490 0.556641 0.494792 0.559570 0.494792 0.560547 0.496094 0.565430 0.496094 0.573242 0.490885 0.578125 0.484375 0.578125 0.483073 0.580078 0.480469 0.580078 0.477865 0.581055 0.476562 0.581055 0.472656 0.583984 0.464844 0.583984 0.459635 0.582031 0.455729 0.582031 0.453125 0.581055 0.451823 0.581055 0.449219 0.580078 0.446615 0.577148 0.442708 0.576172 0.442708 0.571289 0.437500 0.567383 0.434896 0.565430 0.434896 0.563477 0.432292
0 0.529297 0.269531 0.525391 0.274740 0.524414 0.274740 0.516602 0.285156 0.516602 0.286458 0.515625 0.287760 0.515625 0.290365 0.514648 0.291667 0.514648 0.299479 0.515625 0.300781 0.515625 0.303385 0.517578 0.307292 0.517578 0.311198 0.520508 0.316406 0.521484 0.316406 0.525391 0.320312 0.529297 0.320312 0.530273 0.321615 0.533203 0.321615 0.534180 0.322917 0.537109 0.322917 0.538086 0.324219 0.541992 0.324219 0.542969 0.325521 0.544922 0.325521 0.545898 0.324219 0.548828 0.324219 0.555664 0.313802 0.555664 0.312500 0.556641 0.311198 0.556641 0.308594 0.557617 0.307292 0.557617 0.303385 0.558594 0.302083 0.558594 0.292969 0.557617 0.291667 0.557617 0.289062 0.556641 0.287760 0.556641 0.285156 0.555664 0.283854 0.554688 0.277344 0.550781 0.272135 0.549805 0.272135 0.544922 0.268229 0.532227 0.268229 0.531250 0.269531
0 0.574219 0.334635 0.568359 0.330729 0.565430 0.326823 0.561523 0.324219 0.557617 0.324219 0.556641 0.322917 0.552734 0.325521 0.547852 0.326823 0.546875 0.328125 0.541992 0.328125 0.541016 0.326823 0.540039 0.328125 0.536133 0.329427 0.534180 0.334635 0.535156 0.337240 0.535156 0.377604 0.540039 0.382812 0.542969 0.382812 0.543945 0.384115 0.547852 0.384115 0.548828 0.385417 0.558594 0.385417 0.559570 0.384115 0.563477 0.384115 0.570312 0.377604 0.571289 0.377604 0.575195 0.371094 0.576172 0.365885 0.577148 0.364583 0.577148 0.348958 0.576172 0.347656 0.576172 0.343750 0.575195 0.342448 0.575195 0.338542 0.574219 0.337240
0 0.592773 0.378906 0.582031 0.377604 0.581055 0.378906 0.577148 0.378906 0.573242 0.382812 0.568359 0.385417 0.563477 0.393229 0.558594 0.406250 0.558594 0.411458 0.561523 0.416667 0.566406 0.432292 0.567383 0.432292 0.569336 0.434896 0.575195 0.438802 0.583984 0.438802 0.584961 0.437500 0.587891 0.437500 0.590820 0.434896 0.592773 0.434896 0.597656 0.428385 0.597656 0.427083 0.601562 0.420573 0.601562 0.417969 0.602539 0.416667 0.602539 0.414062 0.604492 0.410156 0.604492 0.406250 0.605469 0.404948 0.605469 0.397135 0.604492 0.395833 0.604492 0.393229 0.603516 0.390625 0.596680 0.381510
0 0.615234 0.428385 0.608398 0.428385 0.599609 0.434896 0.596680 0.434896 0.594727 0.436198 0.590820 0.446615 0.590820 0.454427 0.589844 0.455729 0.589844 0.459635 0.588867 0.460938 0.588867 0.475260 0.589844 0.476562 0.589844 0.479167 0.590820 0.480469 0.590820 0.483073 0.591797 0.485677 0.594727 0.489583 0.598633 0.492188 0.600586 0.490885 0.603516 0.490885 0.604492 0.489583 0.607422 0.489583 0.608398 0.488281 0.611328 0.488281 0.616211 0.484375 0.618164 0.484375 0.623047 0.480469 0.625000 0.480469 0.626953 0.479167 0.632812 0.470052 0.632812 0.467448 0.633789 0.466146 0.633789 0.458333 0.632812 0.457031 0.632812 0.454427 0.630859 0.449219 0.626953 0.442708 0.625977 0.438802 0.622070 0.433594 0.621094 0.433594 0.619141 0.430990
0 0.662109 0.463542 0.659180 0.463542 0.657227 0.466146 0.656250 0.464844 0.647461 0.464844 0.646484 0.463542 0.644531 0.464844 0.641602 0.464844 0.639648 0.467448 0.636719 0.468750 0.628906 0.480469 0.628906 0.483073 0.627930 0.484375 0.627930 0.500000 0.629883 0.505208 0.631836 0.507812 0.634766 0.507812 0.636719 0.509115 0.641602 0.515625 0.641602 0.516927 0.645508 0.520833 0.651367 0.520833 0.652344 0.519531 0.654297 0.519531 0.659180 0.513021 0.660156 0.513021 0.666992 0.502604 0.669922 0.501302 0.674805 0.493490 0.674805 0.490885 0.675781 0.489583 0.675781 0.485677 0.673828 0.481771 0.673828 0.479167 0.671875 0.476562 0.669922 0.471354 0.668945 0.471354
0 0.672852 0.500000 0.670898 0.502604 0.670898 0.505208 0.669922 0.506510 0.669922 0.513021 0.667969 0.514323 0.666016 0.519531 0.662109 0.519531 0.662109 0.529948 0.663086 0.532552 0.667969 0.539062 0.669922 0.544271 0.669922 0.546875 0.671875 0.549479 0.673828 0.549479 0.674805 0.550781 0.677734 0.550781 0.678711 0.552083 0.680664 0.552083 0.681641 0.553385 0.684570 0.553385 0.685547 0.554688 0.691406 0.554688 0.695312 0.552083 0.706055 0.539062 0.708984 0.531250 0.708984 0.526042 0.710938 0.520833 0.710938 0.516927 0.709961 0.514323 0.706055 0.510417 0.701172 0.509115 0.699219 0.506510 0.698242 0.506510 0.696289 0.503906 0.695312 0.503906 0.693359 0.501302 0.689453 0.498698 0.683594 0.498698 0.682617 0.497396 0.680664 0.497396 0.679688 0.498698
0 0.692383 0.444010 0.690430 0.444010 0.689453 0.442708 0.687500 0.442708 0.686523 0.441406 0.681641 0.441406 0.677734 0.446615 0.675781 0.446615 0.672852 0.449219 0.670898 0.449219 0.666992 0.454427 0.666992 0.457031 0.666016 0.458333 0.666016 0.462240 0.666992 0.463542 0.666992 0.467448 0.667969 0.468750 0.668945 0.468750 0.670898 0.471354 0.670898 0.472656 0.672852 0.475260 0.673828 0.479167 0.675781 0.481771 0.675781 0.483073 0.676758 0.484375 0.676758 0.493490 0.686523 0.493490 0.687500 0.492188 0.689453 0.492188 0.699219 0.480469 0.699219 0.477865 0.700195 0.476562 0.700195 0.472656 0.701172 0.471354 0.701172 0.453125
0 0.665039 0.404948 0.663086 0.404948 0.657227 0.401042 0.651367 0.401042 0.647461 0.404948 0.646484 0.408854 0.643555 0.414062 0.639648 0.416667 0.636719 0.420573 0.635742 0.420573 0.630859 0.425781 0.630859 0.429688 0.628906 0.430990 0.627930 0.434896 0.635742 0.447917 0.636719 0.451823 0.641602 0.458333 0.643555 0.458333 0.644531 0.459635 0.651367 0.459635 0.654297 0.457031 0.656250 0.457031 0.662109 0.453125 0.666992 0.451823 0.671875 0.446615 0.673828 0.446615 0.674805 0.445312 0.677734 0.445312 0.678711 0.442708 0.678711 0.433594 0.673828 0.421875 0.673828 0.417969 0.672852 0.416667 0.672852 0.414062
0 0.619141 0.321615 0.612305 0.321615 0.611328 0.322917 0.608398 0.322917 0.606445 0.324219 0.606445 0.325521 0.604492 0.328125 0.601562 0.329427 0.600586 0.332031 0.595703 0.337240 0.595703 0.342448 0.597656 0.342448 0.598633 0.343750 0.598633 0.347656 0.594727 0.355469 0.595703 0.367188 0.597656 0.369792 0.597656 0.372396 0.603516 0.381510 0.606445 0.381510 0.607422 0.382812 0.617188 0.382812 0.618164 0.381510 0.621094 0.381510 0.622070 0.380208 0.624023 0.380208 0.627930 0.377604 0.630859 0.377604 0.632812 0.375000 0.633789 0.375000 0.638672 0.361979 0.638672 0.359375 0.640625 0.355469 0.640625 0.352865 0.641602 0.351562 0.640625 0.348958 0.640625 0.345052 0.629883 0.330729 0.626953 0.329427 0.623047 0.324219
0 0.599609 0.269531 0.597656 0.269531 0.596680 0.268229 0.593750 0.268229 0.592773 0.266927 0.586914 0.266927 0.585938 0.268229 0.583984 0.268229 0.575195 0.281250 0.572266 0.289062 0.572266 0.291667 0.568359 0.302083 0.568359 0.311198 0.570312 0.316406 0.572266 0.319010 0.572266 0.320312 0.575195 0.324219 0.576172 0.324219 0.580078 0.328125 0.582031 0.328125 0.583008 0.329427 0.590820 0.329427 0.591797 0.328125 0.595703 0.328125 0.597656 0.326823 0.600586 0.322917 0.604492 0.320312 0.611328 0.312500 0.611328 0.300781 0.612305 0.299479 0.612305 0.287760 0.611328 0.286458 0.611328 0.282552 0.609375 0.277344 0.607422 0.274740 0.605469 0.274740 0.603516 0.272135
0 0.560547 0.214844 0.559570 0.216146 0.554688 0.217448 0.551758 0.220052 0.549805 0.220052 0.543945 0.223958 0.541992 0.226562 0.541992 0.229167 0.541016 0.230469 0.541016 0.236979 0.540039 0.238281 0.540039 0.259115 0.544922 0.265625 0.547852 0.266927 0.550781 0.270833 0.553711 0.272135 0.558594 0.277344 0.562500 0.279948 0.565430 0.279948 0.566406 0.281250 0.568359 0.281250 0.576172 0.276042 0.582031 0.266927 0.583984 0.261719 0.584961 0.255208 0.585938 0.253906 0.585938 0.240885 0.584961 0.239583 0.584961 0.235677 0.583984 0.234375 0.583984 0.231771 0.581055 0.226562 0.580078 0.226562 0.577148 0.222656 0.571289 0.218750 0.569336 0.218750 0.564453 0.214844
0 0.603516 0.148438 0.598633 0.148438 0.597656 0.149740 0.595703 0.149740 0.589844 0.153646 0.587891 0.156250 0.583984 0.157552 0.579102 0.164062 0.575195 0.173177 0.575195 0.180990 0.576172 0.182292 0.576172 0.190104 0.577148 0.191406 0.577148 0.195312 0.581055 0.201823 0.581055 0.203125 0.585938 0.209635 0.586914 0.214844 0.588867 0.214844 0.589844 0.216146 0.601562 0.216146 0.602539 0.214844 0.604492 0.214844 0.605469 0.213542 0.609375 0.212240 0.618164 0.201823 0.619141 0.201823 0.622070 0.196615 0.624023 0.195312 0.626953 0.187500 0.626953 0.178385 0.624023 0.170573 0.620117 0.165365 0.619141 0.161458 0.616211 0.157552 0.615234 0.157552 0.610352 0.152344 0.606445 0.149740 0.604492 0.149740
0 0.630859 0.118490 0.625000 0.122396 0.620117 0.128906 0.619141 0.128906 0.609375 0.143229 0.608398 0.148438 0.611328 0.152344 0.618164 0.157552 0.621094 0.161458 0.623047 0.167969 0.627930 0.174479 0.628906 0.177083 0.639648 0.183594 0.645508 0.183594 0.653320 0.175781 0.656250 0.174479 0.660156 0.165365 0.660156 0.162760 0.661133 0.161458 0.661133 0.145833 0.660156 0.144531 0.660156 0.139323 0.659180 0.138021 0.659180 0.130208 0.658203 0.128906 0.657227 0.123698 0.653320 0.121094 0.648438 0.119792 0.647461 0.118490
0 0.626953 0.208333 0.622070 0.209635 0.620117 0.212240 0.617188 0.213542 0.610352 0.222656 0.605469 0.225260 0.604492 0.227865 0.604492 0.251302 0.605469 0.252604 0.605469 0.255208 0.607422 0.257812 0.607422 0.261719 0.608398 0.264323 0.612305 0.269531 0.614258 0.270833 0.617188 0.270833 0.618164 0.272135 0.625000 0.272135 0.625977 0.270833 0.628906 0.270833 0.630859 0.269531 0.635742 0.263021 0.641602 0.259115 0.646484 0.257812 0.646484 0.248698 0.647461 0.247396 0.647461 0.236979 0.646484 0.235677 0.646484 0.231771 0.645508 0.230469 0.645508 0.227865 0.643555 0.225260 0.642578 0.221354 0.637695 0.214844 0.634766 0.213542 0.632812 0.210938 0.630859 0.210938
0 0.666016 0.257812 0.654297 0.257812 0.650391 0.260417 0.640625 0.261719 0.635742 0.265625 0.626953 0.277344 0.626953 0.281250 0.625977 0.282552 0.625977 0.299479 0.627930 0.302083 0.627930 0.309896 0.631836 0.315104 0.635742 0.316406 0.636719 0.317708 0.640625 0.317708 0.640625 0.313802 0.642578 0.311198 0.647461 0.313802 0.647461 0.317708 0.646484 0.319010 0.647461 0.320312 0.652344 0.320312 0.660156 0.315104 0.662109 0.315104 0.664062 0.312500 0.666992 0.311198 0.673828 0.302083 0.674805 0.299479 0.674805 0.295573 0.675781 0.294271 0.675781 0.287760 0.673828 0.283854 0.673828 0.272135 0.672852 0.270833 0.671875 0.265625
0 0.682617 0.337240 0.678711 0.334635 0.673828 0.333333 0.672852 0.332031 0.669922 0.332031 0.668945 0.333333 0.662109 0.333333 0.661133 0.334635 0.657227 0.334635 0.656250 0.335938 0.654297 0.335938 0.653320 0.337240 0.645508 0.339844 0.643555 0.343750 0.643555 0.347656 0.642578 0.348958 0.642578 0.356771 0.641602 0.358073 0.641602 0.360677 0.639648 0.365885 0.639648 0.369792 0.640625 0.371094 0.640625 0.378906 0.641602 0.381510 0.652344 0.390625 0.680664 0.393229 0.683594 0.389323 0.684570 0.389323 0.690430 0.381510 0.692383 0.376302 0.692383 0.369792 0.691406 0.368490 0.691406 0.364583 0.690430 0.363281 0.690430 0.359375 0.689453 0.358073 0.689453 0.354167 0.688477 0.352865 0.688477 0.345052
0 0.692383 0.385417 0.691406 0.386719 0.689453 0.386719 0.688477 0.388021 0.687500 0.388021 0.681641 0.394531 0.681641 0.395833 0.675781 0.404948 0.675781 0.406250 0.673828 0.410156 0.673828 0.415365 0.674805 0.416667 0.674805 0.420573 0.675781 0.421875 0.675781 0.424479 0.676758 0.425781 0.678711 0.432292 0.680664 0.434896 0.680664 0.436198 0.681641 0.436198 0.682617 0.437500 0.685547 0.437500 0.686523 0.438802 0.690430 0.438802 0.691406 0.440104 0.698242 0.440104 0.699219 0.441406 0.700195 0.441406 0.701172 0.440104 0.704102 0.440104 0.708008 0.434896 0.708008 0.433594 0.709961 0.430990 0.709961 0.429688 0.711914 0.425781 0.711914 0.421875 0.712891 0.420573 0.712891 0.406250 0.711914 0.404948 0.711914 0.401042 0.710938 0.399740 0.710938 0.397135 0.707031 0.390625 0.706055 0.390625 0.703125 0.388021 0.701172 0.388021 0.700195 0.386719 0.694336 0.386719 0.693359 0.385417
0 0.751953 0.412760 0.746094 0.411458 0.745117 0.412760 0.741211 0.412760 0.740234 0.414062 0.735352 0.414062 0.732422 0.411458 0.729492 0.411458 0.728516 0.410156 0.724609 0.410156 0.723633 0.411458 0.717773 0.411458 0.715820 0.412760 0.715820 0.416667 0.714844 0.417969 0.713867 0.427083 0.708008 0.437500 0.706055 0.442708 0.706055 0.445312 0.705078 0.446615 0.705078 0.453125 0.708008 0.458333 0.708008 0.459635 0.711914 0.464844 0.713867 0.464844 0.714844 0.466146 0.718750 0.466146 0.719727 0.467448 0.722656 0.467448 0.723633 0.468750 0.732422 0.468750 0.736328 0.466146 0.739258 0.466146 0.743164 0.462240 0.748047 0.459635 0.750977 0.455729 0.750977 0.451823 0.753906 0.444010 0.753906 0.415365
0 0.735352 0.475260 0.731445 0.481771 0.731445 0.484375 0.730469 0.485677 0.730469 0.490885 0.729492 0.492188 0.729492 0.497396 0.730469 0.498698 0.730469 0.505208 0.731445 0.506510 0.731445 0.510417 0.735352 0.515625 0.756836 0.529948 0.759766 0.529948 0.760742 0.531250 0.765625 0.531250 0.771484 0.527344 0.772461 0.523438 0.774414 0.520833 0.778320 0.511719 0.778320 0.505208 0.779297 0.503906 0.779297 0.494792 0.778320 0.493490 0.778320 0.489583 0.776367 0.485677 0.776367 0.483073 0.771484 0.476562 0.769531 0.476562 0.765625 0.472656 0.755859 0.466146 0.750000 0.466146 0.749023 0.467448 0.746094 0.467448 0.745117 0.468750 0.743164 0.468750 0.742188 0.471354
0 0.768555 0.453125 0.765625 0.460938 0.765625 0.470052 0.771484 0.473958 0.772461 0.476562 0.777344 0.481771 0.778320 0.484375 0.778320 0.488281 0.779297 0.489583 0.779297 0.493490 0.780273 0.494792 0.780273 0.498698 0.782227 0.501302 0.789062 0.501302 0.790039 0.502604 0.801758 0.502604 0.802734 0.501302 0.807617 0.501302 0.808594 0.500000 0.810547 0.500000 0.816406 0.493490 0.817383 0.486979 0.819336 0.483073 0.819336 0.473958 0.814453 0.466146 0.811523 0.458333 0.809570 0.457031 0.805664 0.451823 0.805664 0.450521 0.804688 0.450521 0.802734 0.447917 0.800781 0.446615 0.774414 0.446615
0 0.759766 0.416667 0.759766 0.423177 0.762695 0.429688 0.762695 0.433594 0.767578 0.438802 0.768555 0.438802 0.773438 0.442708 0.776367 0.442708 0.777344 0.444010 0.797852 0.444010 0.800781 0.441406 0.801758 0.437500 0.803711 0.434896 0.803711 0.432292 0.804688 0.430990 0.804688 0.429688 0.805664 0.428385 0.805664 0.425781 0.806641 0.424479 0.806641 0.414062 0.805664 0.412760 0.805664 0.410156 0.803711 0.406250 0.803711 0.403646 0.802734 0.402344 0.802734 0.401042 0.799805 0.395833 0.798828 0.395833 0.795898 0.393229 0.793945 0.393229 0.792969 0.391927 0.786133 0.391927 0.785156 0.393229 0.783203 0.393229 0.778320 0.397135 0.775391 0.397135 0.773438 0.399740 0.773438 0.401042 0.771484 0.403646 0.771484 0.404948 0.764648 0.414062 0.763672 0.414062 0.762695 0.415365 0.760742 0.415365
0 0.730469 0.365885 0.726562 0.376302 0.726562 0.380208 0.725586 0.381510 0.725586 0.385417 0.724609 0.386719 0.724609 0.393229 0.725586 0.394531 0.726562 0.399740 0.730469 0.404948 0.732422 0.406250 0.735352 0.406250 0.738281 0.408854 0.749023 0.408854 0.750000 0.410156 0.756836 0.410156 0.757812 0.408854 0.762695 0.408854 0.768555 0.404948 0.770508 0.402344 0.771484 0.398438 0.774414 0.394531 0.774414 0.391927 0.776367 0.389323 0.776367 0.386719 0.778320 0.382812 0.778320 0.367188 0.776367 0.364583 0.776367 0.363281 0.772461 0.359375 0.737305 0.359375 0.733398 0.361979
0 0.712891 0.333333 0.710938 0.333333 0.709961 0.334635 0.707031 0.334635 0.706055 0.335938 0.699219 0.335938 0.698242 0.337240 0.695312 0.338542 0.690430 0.345052 0.690430 0.347656 0.689453 0.348958 0.689453 0.351562 0.690430 0.352865 0.690430 0.356771 0.691406 0.358073 0.691406 0.361979 0.692383 0.363281 0.692383 0.367188 0.694336 0.371094 0.694336 0.375000 0.697266 0.376302 0.699219 0.378906 0.699219 0.380208 0.700195 0.380208 0.702148 0.382812 0.702148 0.384115 0.703125 0.384115 0.705078 0.386719 0.707031 0.386719 0.708008 0.388021 0.708984 0.388021 0.709961 0.386719 0.711914 0.386719 0.716797 0.382812 0.718750 0.382812 0.724609 0.375000 0.724609 0.373698 0.726562 0.369792 0.726562 0.367188 0.727539 0.365885 0.727539 0.350260 0.726562 0.348958 0.724609 0.342448 0.718750 0.335938 0.717773 0.335938 0.716797 0.334635 0.713867 0.334635
0 0.693359 0.270833 0.685547 0.276042 0.679688 0.282552 0.678711 0.285156 0.678711 0.287760 0.677734 0.289062 0.677734 0.296875 0.676758 0.298177 0.676758 0.302083 0.675781 0.303385 0.675781 0.315104 0.677734 0.320312 0.678711 0.320312 0.680664 0.322917 0.682617 0.322917 0.688477 0.326823 0.695312 0.333333 0.707031 0.333333 0.708984 0.332031 0.713867 0.325521 0.714844 0.325521 0.718750 0.320312 0.719727 0.317708 0.719727 0.302083 0.718750 0.300781 0.718750 0.292969 0.717773 0.291667 0.717773 0.287760 0.715820 0.282552 0.708984 0.273438 0.707031 0.272135 0.705078 0.272135 0.704102 0.270833 0.702148 0.270833 0.701172 0.269531 0.699219 0.270833
0 0.858398 0.406250 0.846680 0.406250 0.845703 0.407552 0.826172 0.407552 0.825195 0.408854 0.825195 0.411458 0.827148 0.414062 0.827148 0.415365 0.831055 0.419271 0.831055 0.421875 0.826172 0.434896 0.826172 0.438802 0.827148 0.440104 0.827148 0.445312 0.829102 0.449219 0.829102 0.454427 0.833984 0.459635 0.835938 0.460938 0.837891 0.460938 0.838867 0.462240 0.841797 0.462240 0.842773 0.460938 0.848633 0.460938 0.849609 0.459635 0.858398 0.458333 0.864258 0.454427 0.868164 0.449219 0.868164 0.437500 0.862305 0.421875 0.862305 0.419271 0.861328 0.417969 0.861328 0.415365 0.860352 0.414062 0.860352 0.411458
0 0.831055 0.345052 0.828125 0.350260 0.828125 0.354167 0.827148 0.355469 0.827148 0.365885 0.824219 0.373698 0.824219 0.378906 0.823242 0.380208 0.823242 0.382812 0.825195 0.384115 0.828125 0.389323 0.833008 0.391927 0.836914 0.397135 0.837891 0.397135 0.844727 0.403646 0.846680 0.403646 0.847656 0.404948 0.850586 0.404948 0.851562 0.403646 0.856445 0.403646 0.864258 0.393229 0.866211 0.388021 0.866211 0.385417 0.867188 0.384115 0.867188 0.378906 0.868164 0.377604 0.868164 0.363281 0.867188 0.360677 0.865234 0.358073 0.865234 0.356771 0.861328 0.352865 0.858398 0.352865 0.857422 0.351562 0.855469 0.351562 0.851562 0.348958 0.848633 0.345052 0.845703 0.345052 0.844727 0.343750 0.833008 0.343750
0 0.791992 0.320312 0.793945 0.322917 0.794922 0.322917 0.795898 0.325521 0.791016 0.332031 0.784180 0.333333 0.783203 0.330729 0.783203 0.335938 0.781250 0.338542 0.780273 0.345052 0.778320 0.348958 0.778320 0.354167 0.777344 0.355469 0.777344 0.359375 0.781250 0.369792 0.783203 0.372396 0.784180 0.376302 0.788086 0.381510 0.790039 0.381510 0.791016 0.382812 0.794922 0.382812 0.795898 0.384115 0.807617 0.384115 0.808594 0.382812 0.813477 0.382812 0.814453 0.381510 0.817383 0.381510 0.819336 0.380208 0.822266 0.376302 0.823242 0.371094 0.826172 0.363281 0.826172 0.343750 0.825195 0.341146 0.817383 0.330729 0.814453 0.329427 0.811523 0.325521 0.805664 0.324219 0.804688 0.322917 0.801758 0.322917 0.799805 0.320312 0.797852 0.320312 0.796875 0.319010 0.793945 0.319010
0 0.770508 0.300781 0.769531 0.300781 0.766602 0.296875 0.762695 0.295573 0.761719 0.296875 0.755859 0.296875 0.754883 0.298177 0.748047 0.299479 0.744141 0.302083 0.735352 0.302083 0.733398 0.304688 0.729492 0.307292 0.725586 0.313802 0.725586 0.333333 0.726562 0.334635 0.727539 0.339844 0.731445 0.345052 0.732422 0.345052 0.734375 0.348958 0.742188 0.354167 0.746094 0.354167 0.747070 0.352865 0.754883 0.352865 0.755859 0.351562 0.758789 0.351562 0.759766 0.350260 0.761719 0.350260 0.762695 0.348958 0.766602 0.347656 0.773438 0.330729 0.773438 0.328125 0.775391 0.324219 0.776367 0.316406 0.777344 0.315104
0 0.681641 0.209635 0.680664 0.210938 0.678711 0.210938 0.677734 0.212240 0.669922 0.214844 0.666992 0.217448 0.665039 0.217448 0.659180 0.221354 0.656250 0.225260 0.655273 0.229167 0.653320 0.231771 0.653320 0.235677 0.654297 0.235677 0.658203 0.242188 0.657227 0.243490 0.658203 0.253906 0.659180 0.255208 0.664062 0.255208 0.666016 0.256510 0.674805 0.268229 0.676758 0.277344 0.680664 0.276042 0.685547 0.270833 0.692383 0.266927 0.698242 0.259115 0.701172 0.251302 0.701172 0.248698 0.702148 0.247396 0.700195 0.239583 0.693359 0.226562 0.692383 0.220052 0.688477 0.216146 0.687500 0.212240 0.685547 0.210938 0.682617 0.210938
0 0.701172 0.148438 0.700195 0.148438 0.693359 0.141927 0.687500 0.140625 0.686523 0.141927 0.678711 0.141927 0.675781 0.144531 0.673828 0.144531 0.669922 0.147135 0.663086 0.153646 0.662109 0.162760 0.658203 0.173177 0.658203 0.180990 0.666016 0.201823 0.666992 0.201823 0.668945 0.204427 0.673828 0.204427 0.677734 0.207031 0.689453 0.207031 0.693359 0.203125 0.694336 0.203125 0.700195 0.195312 0.703125 0.186198 0.705078 0.183594 0.708984 0.173177 0.708984 0.161458 0.708008 0.160156 0.708008 0.157552
0 0.712891 0.171875 0.708984 0.174479 0.708008 0.177083 0.708008 0.179688 0.704102 0.186198 0.704102 0.188802 0.701172 0.196615 0.696289 0.203125 0.695312 0.205729 0.695312 0.212240 0.694336 0.213542 0.694336 0.220052 0.697266 0.227865 0.703125 0.236979 0.705078 0.238281 0.707031 0.238281 0.708008 0.239583 0.715820 0.239583 0.716797 0.238281 0.721680 0.236979 0.730469 0.225260 0.731445 0.222656 0.731445 0.220052 0.732422 0.218750 0.732422 0.214844 0.733398 0.213542 0.733398 0.201823 0.734375 0.200521 0.734375 0.192708 0.730469 0.187500 0.730469 0.186198 0.728516 0.184896 0.726562 0.182292 0.726562 0.180990 0.720703 0.174479 0.718750 0.174479 0.717773 0.173177 0.713867 0.173177
0 0.735352 0.199219 0.735352 0.208333 0.736328 0.209635 0.735352 0.210938 0.735352 0.220052 0.736328 0.222656 0.738281 0.225260 0.740234 0.225260 0.742188 0.227865 0.743164 0.227865 0.746094 0.231771 0.748047 0.231771 0.749023 0.233073 0.767578 0.233073 0.770508 0.235677 0.772461 0.235677 0.774414 0.233073 0.779297 0.231771 0.781250 0.229167 0.784180 0.227865 0.787109 0.221354 0.787109 0.205729 0.786133 0.204427 0.785156 0.195312 0.782227 0.190104 0.774414 0.184896 0.771484 0.184896 0.770508 0.183594 0.765625 0.183594 0.759766 0.179688 0.752930 0.179688 0.749023 0.183594 0.744141 0.184896 0.737305 0.194010
0 0.736328 0.236979 0.733398 0.240885 0.733398 0.242188 0.735352 0.244792 0.738281 0.244792 0.740234 0.247396 0.738281 0.251302 0.738281 0.255208 0.739258 0.256510 0.736328 0.261719 0.736328 0.264323 0.735352 0.265625 0.735352 0.277344 0.740234 0.282552 0.740234 0.289062 0.739258 0.290365 0.736328 0.289062 0.733398 0.292969 0.733398 0.294271 0.740234 0.294271 0.741211 0.295573 0.747070 0.295573 0.748047 0.296875 0.749023 0.295573 0.754883 0.295573 0.755859 0.294271 0.763672 0.294271 0.767578 0.291667 0.771484 0.286458 0.772461 0.281250 0.773438 0.279948 0.773438 0.274740 0.774414 0.273438 0.773438 0.255208 0.772461 0.253906 0.772461 0.248698 0.771484 0.247396 0.770508 0.238281 0.766602 0.234375 0.753906 0.234375 0.752930 0.235677 0.747070 0.234375 0.746094 0.235677 0.742188 0.235677 0.741211 0.236979
0 0.789062 0.248698 0.779297 0.248698 0.778320 0.250000 0.774414 0.250000 0.773438 0.251302 0.773438 0.255208 0.774414 0.256510 0.774414 0.265625 0.775391 0.266927 0.775391 0.270833 0.774414 0.272135 0.774414 0.278646 0.773438 0.279948 0.773438 0.283854 0.772461 0.285156 0.772461 0.286458 0.767578 0.292969 0.767578 0.294271 0.768555 0.295573 0.768555 0.296875 0.773438 0.303385 0.774414 0.307292 0.777344 0.311198 0.782227 0.311198 0.783203 0.309896 0.786133 0.309896 0.788086 0.307292 0.791016 0.305990 0.799805 0.294271 0.802734 0.292969 0.802734 0.291667 0.803711 0.290365 0.803711 0.287760 0.804688 0.286458 0.804688 0.277344 0.803711 0.276042 0.803711 0.272135 0.800781 0.266927 0.800781 0.264323 0.799805 0.263021 0.799805 0.261719 0.794922 0.255208 0.793945 0.255208 0.791016 0.250000 0.790039 0.250000
0 0.884766 0.296875 0.879883 0.289062 0.872070 0.282552 0.868164 0.277344 0.866211 0.277344 0.865234 0.276042 0.862305 0.276042 0.861328 0.277344 0.852539 0.277344 0.851562 0.278646 0.848633 0.278646 0.844727 0.281250 0.840820 0.281250 0.838867 0.282552 0.836914 0.285156 0.830078 0.289062 0.830078 0.292969 0.829102 0.294271 0.829102 0.298177 0.828125 0.299479 0.831055 0.304688 0.830078 0.319010 0.833008 0.324219 0.833008 0.326823 0.833984 0.328125 0.833984 0.333333 0.835938 0.335938 0.847656 0.337240 0.848633 0.338542 0.851562 0.338542 0.852539 0.339844 0.861328 0.339844 0.865234 0.334635 0.869141 0.333333 0.874023 0.326823 0.875000 0.326823 0.882812 0.315104 0.885742 0.308594 0.885742 0.300781 0.884766 0.299479
0 0.851562 0.212240 0.849609 0.210938 0.845703 0.210938 0.837891 0.205729 0.832031 0.205729 0.831055 0.207031 0.829102 0.207031 0.827148 0.204427 0.823242 0.204427 0.820312 0.207031 0.820312 0.210938 0.819336 0.212240 0.819336 0.214844 0.813477 0.221354 0.813477 0.226562 0.810547 0.234375 0.811523 0.236979 0.811523 0.244792 0.810547 0.246094 0.812500 0.250000 0.812500 0.255208 0.811523 0.256510 0.817383 0.260417 0.819336 0.260417 0.821289 0.263021 0.827148 0.263021 0.828125 0.261719 0.831055 0.261719 0.832031 0.260417 0.833984 0.260417 0.835938 0.259115 0.854492 0.235677 0.854492 0.231771 0.855469 0.230469 0.854492 0.229167 0.854492 0.223958 0.853516 0.222656 0.853516 0.214844
