0 0.083984 0.437500 0.082031 0.438802 0.078125 0.438802 0.077148 0.440104 0.072266 0.440104 0.071289 0.441406 0.064453 0.441406 0.063477 0.440104 0.062500 0.441406 0.059570 0.441406 0.057617 0.444010 0.055664 0.444010 0.043945 0.451823 0.040039 0.460938 0.040039 0.468750 0.039062 0.470052 0.040039 0.473958 0.044922 0.479167 0.048828 0.486979 0.059570 0.498698 0.062500 0.500000 0.068359 0.506510 0.075195 0.510417 0.078125 0.510417 0.083008 0.507812 0.095703 0.506510 0.101562 0.502604 0.111328 0.492188 0.108398 0.486979 0.107422 0.472656 0.105469 0.468750 0.105469 0.466146 0.101562 0.460938 0.100586 0.455729 0.098633 0.455729 0.089844 0.445312 0.088867 0.441406 0.086914 0.438802
0 0.112305 0.539062 0.112305 0.523438 0.111328 0.522135 0.111328 0.515625 0.110352 0.514323 0.110352 0.505208 0.109375 0.503906 0.109375 0.501302 0.107422 0.500000 0.093750 0.509115 0.083008 0.509115 0.080078 0.511719 0.075195 0.511719 0.074219 0.510417 0.072266 0.510417 0.068359 0.507812 0.065430 0.507812 0.064453 0.506510 0.063477 0.507812 0.063477 0.510417 0.062500 0.511719 0.067383 0.523438 0.068359 0.529948 0.069336 0.532552 0.074219 0.537760 0.079102 0.539062 0.092773 0.548177 0.095703 0.548177 0.101562 0.544271 0.110352 0.541667
0 0.146484 0.575521 0.137695 0.572917 0.129883 0.567708 0.128906 0.569010 0.128906 0.571615 0.123047 0.578125 0.117188 0.578125 0.116211 0.579427 0.114258 0.579427 0.113281 0.578125 0.099609 0.576823 0.098633 0.578125 0.094727 0.578125 0.090820 0.580729 0.087891 0.584635 0.087891 0.592448 0.086914 0.593750 0.086914 0.604167 0.087891 0.605469 0.086914 0.613281 0.087891 0.614583 0.087891 0.618490 0.089844 0.622396 0.095703 0.626302 0.103516 0.635417 0.107422 0.635417 0.108398 0.636719 0.116211 0.636719 0.117188 0.635417 0.122070 0.634115 0.133789 0.622396 0.137695 0.619792 0.146484 0.608073 0.149414 0.600260 0.149414 0.591146 0.146484 0.580729
0 0.089844 0.627604 0.087891 0.632812 0.088867 0.636719 0.083984 0.652344 0.083984 0.660156 0.085938 0.665365 0.085938 0.673177 0.088867 0.678385 0.092773 0.679688 0.096680 0.683594 0.104492 0.688802 0.107422 0.688802 0.108398 0.690104 0.115234 0.690104 0.119141 0.687500 0.122070 0.683594 0.125000 0.682292 0.129883 0.674479 0.133789 0.671875 0.136719 0.667969 0.137695 0.665365 0.137695 0.657552 0.138672 0.656250 0.138672 0.647135 0.137695 0.645833 0.128906 0.644531 0.127930 0.643229 0.125977 0.643229 0.124023 0.640625 0.120117 0.638021 0.118164 0.638021 0.117188 0.639323 0.108398 0.639323 0.107422 0.638021 0.103516 0.638021 0.098633 0.634115 0.096680 0.634115 0.094727 0.631510 0.093750 0.627604 0.091797 0.626302
0 0.157227 0.635417 0.155273 0.640625 0.150391 0.647135 0.149414 0.651042 0.144531 0.658854 0.144531 0.660156 0.138672 0.667969 0.138672 0.670573 0.133789 0.677083 0.130859 0.678385 0.129883 0.680990 0.129883 0.684896 0.134766 0.692708 0.134766 0.694010 0.139648 0.697917 0.142578 0.701823 0.167969 0.701823 0.168945 0.703125 0.170898 0.701823 0.173828 0.701823 0.184570 0.690104 0.185547 0.690104 0.189453 0.684896 0.191406 0.679688 0.189453 0.674479 0.190430 0.673177 0.190430 0.669271 0.192383 0.665365 0.192383 0.662760 0.187500 0.656250 0.187500 0.653646 0.181641 0.647135 0.178711 0.647135 0.173828 0.641927 0.166992 0.640625 0.161133 0.635417
0 0.153320 0.597656 0.153320 0.609375 0.154297 0.610677 0.154297 0.614583 0.155273 0.615885 0.155273 0.618490 0.163086 0.628906 0.163086 0.630208 0.166016 0.634115 0.167969 0.634115 0.168945 0.635417 0.181641 0.635417 0.182617 0.634115 0.187500 0.632812 0.190430 0.630208 0.192383 0.630208 0.195312 0.627604 0.197266 0.627604 0.200195 0.625000 0.202148 0.625000 0.205078 0.622396 0.205078 0.618490 0.206055 0.617188 0.200195 0.613281 0.196289 0.608073 0.195312 0.605469 0.195312 0.602865 0.194336 0.601562 0.194336 0.598958 0.193359 0.597656 0.193359 0.591146 0.185547 0.585938 0.183594 0.585938 0.182617 0.584635 0.179688 0.584635 0.178711 0.583333 0.173828 0.583333 0.169922 0.585938 0.164062 0.585938 0.163086 0.587240 0.160156 0.587240 0.155273 0.592448
0 0.236328 0.549479 0.233398 0.549479 0.232422 0.548177 0.231445 0.549479 0.226562 0.549479 0.225586 0.550781 0.213867 0.550781 0.212891 0.549479 0.207031 0.554688 0.205078 0.558594 0.205078 0.562500 0.204102 0.563802 0.203125 0.570312 0.198242 0.578125 0.195312 0.587240 0.195312 0.591146 0.194336 0.592448 0.195312 0.601562 0.201172 0.610677 0.203125 0.610677 0.210938 0.617188 0.217773 0.617188 0.218750 0.615885 0.230469 0.615885 0.231445 0.614583 0.235352 0.614583 0.239258 0.611979 0.250000 0.598958 0.250977 0.596354 0.250977 0.580729 0.250000 0.579427 0.250000 0.572917 0.247070 0.566406 0.241211 0.559896 0.240234 0.555990
0 0.154297 0.500000 0.145508 0.513021 0.143555 0.513021 0.141602 0.515625 0.138672 0.515625 0.133789 0.523438 0.132812 0.535156 0.130859 0.539062 0.130859 0.546875 0.129883 0.548177 0.130859 0.553385 0.160156 0.582031 0.165039 0.583333 0.168945 0.580729 0.176758 0.579427 0.185547 0.572917 0.191406 0.558594 0.191406 0.552083 0.194336 0.540365 0.194336 0.531250 0.192383 0.522135 0.188477 0.516927 0.187500 0.513021 0.177734 0.501302 0.171875 0.500000 0.170898 0.503906 0.172852 0.505208 0.173828 0.507812 0.168945 0.510417 0.164062 0.510417 0.163086 0.509115 0.157227 0.509115 0.156250 0.505208 0.158203 0.503906 0.158203 0.501302 0.155273 0.501302
0 0.156250 0.419271 0.152344 0.424479 0.152344 0.425781 0.148438 0.429688 0.143555 0.442708 0.141602 0.445312 0.140625 0.451823 0.137695 0.459635 0.137695 0.466146 0.138672 0.467448 0.138672 0.470052 0.141602 0.473958 0.146484 0.485677 0.149414 0.489583 0.153320 0.489583 0.154297 0.490885 0.175781 0.490885 0.176758 0.489583 0.181641 0.489583 0.182617 0.488281 0.186523 0.488281 0.188477 0.486979 0.193359 0.477865 0.193359 0.472656 0.194336 0.470052 0.197266 0.466146 0.197266 0.459635 0.193359 0.454427 0.188477 0.441406 0.185547 0.437500 0.179688 0.433594 0.178711 0.430990 0.178711 0.423177 0.177734 0.421875 0.173828 0.421875 0.172852 0.419271 0.170898 0.417969 0.166016 0.417969 0.165039 0.416667 0.161133 0.416667
0 0.207031 0.470052 0.199219 0.479167 0.193359 0.481771 0.190430 0.488281 0.189453 0.497396 0.187500 0.501302 0.187500 0.507812 0.191406 0.513021 0.192383 0.516927 0.202148 0.529948 0.206055 0.539062 0.208984 0.541667 0.212891 0.548177 0.224609 0.548177 0.229492 0.545573 0.240234 0.529948 0.241211 0.523438 0.245117 0.513021 0.250977 0.502604 0.250000 0.486979 0.248047 0.480469 0.245117 0.479167 0.242188 0.479167 0.231445 0.484375 0.226562 0.484375 0.214844 0.476562 0.208984 0.476562 0.208008 0.475260 0.210938 0.473958 0.211914 0.471354 0.210938 0.470052
0 0.256836 0.411458 0.254883 0.410156 0.250977 0.410156 0.250000 0.411458 0.242188 0.411458 0.241211 0.412760 0.227539 0.411458 0.226562 0.412760 0.219727 0.414062 0.216797 0.416667 0.206055 0.420573 0.204102 0.423177 0.200195 0.434896 0.200195 0.442708 0.201172 0.444010 0.201172 0.446615 0.204102 0.453125 0.220703 0.477865 0.225586 0.480469 0.232422 0.480469 0.233398 0.479167 0.235352 0.479167 0.253906 0.460938 0.263672 0.447917 0.267578 0.432292 0.266602 0.430990 0.266602 0.428385 0.257812 0.417969
0 0.286133 0.437500 0.280273 0.437500 0.279297 0.438802 0.275391 0.440104 0.270508 0.446615 0.263672 0.451823 0.251953 0.468750 0.250977 0.471354 0.250977 0.476562 0.251953 0.477865 0.251953 0.480469 0.258789 0.489583 0.261719 0.490885 0.263672 0.493490 0.265625 0.493490 0.271484 0.497396 0.280273 0.498698 0.281250 0.497396 0.285156 0.497396 0.286133 0.496094 0.288086 0.496094 0.292969 0.492188 0.294922 0.492188 0.300781 0.488281 0.304688 0.481771 0.304688 0.479167 0.305664 0.477865 0.305664 0.463542 0.304688 0.462240 0.304688 0.458333 0.301758 0.450521 0.294922 0.442708 0.289062 0.438802 0.287109 0.438802
0 0.205078 0.334635 0.203125 0.334635 0.200195 0.341146 0.198242 0.337240 0.196289 0.337240 0.193359 0.333333 0.190430 0.332031 0.170898 0.330729 0.166016 0.332031 0.158203 0.338542 0.133789 0.375000 0.132812 0.381510 0.134766 0.389323 0.144531 0.410156 0.148438 0.415365 0.153320 0.417969 0.158203 0.414062 0.186523 0.416667 0.197266 0.412760 0.213867 0.384115 0.216797 0.376302 0.216797 0.365885 0.213867 0.350260 0.208984 0.339844
0 0.162109 0.250000 0.157227 0.256510 0.152344 0.274740 0.152344 0.295573 0.155273 0.303385 0.159180 0.308594 0.173828 0.319010 0.174805 0.321615 0.180664 0.328125 0.202148 0.326823 0.206055 0.324219 0.208984 0.320312 0.208984 0.315104 0.209961 0.313802 0.209961 0.299479 0.210938 0.298177 0.210938 0.265625 0.205078 0.259115 0.194336 0.257812 0.193359 0.256510 0.187500 0.256510 0.181641 0.252604 0.179688 0.252604 0.177734 0.250000 0.172852 0.247396 0.165039 0.247396
0 0.187500 0.158854 0.179688 0.166667 0.166992 0.184896 0.155273 0.197917 0.153320 0.203125 0.153320 0.213542 0.156250 0.222656 0.156250 0.226562 0.159180 0.234375 0.165039 0.242188 0.169922 0.244792 0.174805 0.244792 0.182617 0.250000 0.202148 0.251302 0.203125 0.252604 0.210938 0.252604 0.217773 0.250000 0.223633 0.246094 0.225586 0.239583 0.228516 0.235677 0.225586 0.230469 0.227539 0.227865 0.230469 0.231771 0.232422 0.230469 0.231445 0.225260 0.227539 0.225260 0.222656 0.221354 0.222656 0.208333 0.221680 0.207031 0.222656 0.199219 0.220703 0.186198 0.213867 0.177083 0.208008 0.175781 0.198242 0.161458 0.196289 0.161458 0.194336 0.158854
0 0.234375 0.238281 0.229492 0.246094 0.226562 0.247396 0.222656 0.252604 0.221680 0.260417 0.217773 0.272135 0.217773 0.289062 0.224609 0.304688 0.234375 0.315104 0.241211 0.316406 0.242188 0.317708 0.250000 0.317708 0.250977 0.319010 0.260742 0.317708 0.270508 0.312500 0.274414 0.312500 0.277344 0.309896 0.279297 0.304688 0.281250 0.292969 0.278320 0.290365 0.269531 0.277344 0.268555 0.273438 0.268555 0.260417 0.269531 0.259115 0.270508 0.251302 0.267578 0.246094 0.261719 0.240885 0.261719 0.236979 0.255859 0.233073 0.241211 0.233073
0 0.287109 0.113281 0.285156 0.113281 0.284180 0.111979 0.278320 0.111979 0.276367 0.109375 0.274414 0.109375 0.273438 0.108073 0.264648 0.108073 0.254883 0.114583 0.243164 0.128906 0.241211 0.134115 0.241211 0.143229 0.243164 0.147135 0.244141 0.165365 0.254883 0.186198 0.256836 0.187500 0.268555 0.187500 0.269531 0.186198 0.277344 0.183594 0.284180 0.178385 0.286133 0.178385 0.289062 0.175781 0.291016 0.175781 0.297852 0.171875 0.301758 0.167969 0.304688 0.162760 0.304688 0.156250 0.302734 0.152344 0.301758 0.140625 0.298828 0.132812 0.298828 0.130208 0.295898 0.122396
0 0.326172 0.199219 0.322266 0.200521 0.304688 0.199219 0.300781 0.203125 0.294922 0.205729 0.286133 0.207031 0.281250 0.214844 0.278320 0.226562 0.277344 0.236979 0.275391 0.240885 0.274414 0.250000 0.271484 0.259115 0.270508 0.269531 0.272461 0.278646 0.280273 0.289062 0.286133 0.292969 0.291992 0.299479 0.298828 0.300781 0.308594 0.291667 0.314453 0.290365 0.325195 0.283854 0.330078 0.277344 0.333984 0.250000 0.341797 0.225260 0.340820 0.221354 0.337891 0.225260 0.335938 0.220052 0.337891 0.218750 0.337891 0.214844 0.333984 0.207031 0.331055 0.205729
0 0.319336 0.303385 0.318359 0.311198 0.317383 0.312500 0.317383 0.333333 0.318359 0.334635 0.318359 0.339844 0.320312 0.343750 0.320312 0.346354 0.323242 0.351562 0.323242 0.354167 0.325195 0.355469 0.328125 0.360677 0.334961 0.365885 0.340820 0.373698 0.345703 0.373698 0.349609 0.369792 0.359375 0.363281 0.359375 0.361979 0.366211 0.352865 0.367188 0.352865 0.372070 0.345052 0.375000 0.342448 0.376953 0.337240 0.375977 0.329427 0.375000 0.328125 0.373047 0.328125 0.372070 0.326823 0.367188 0.326823 0.364258 0.322917 0.361328 0.321615 0.344727 0.300781 0.343750 0.302083 0.333008 0.302083 0.330078 0.304688 0.324219 0.300781 0.321289 0.300781
0 0.396484 0.236979 0.394531 0.236979 0.392578 0.240885 0.398438 0.250000 0.398438 0.259115 0.394531 0.263021 0.391602 0.263021 0.388672 0.257812 0.387695 0.252604 0.379883 0.247396 0.376953 0.243490 0.361328 0.238281 0.354492 0.239583 0.349609 0.243490 0.344727 0.243490 0.340820 0.247396 0.339844 0.251302 0.334961 0.259115 0.333984 0.277344 0.339844 0.289062 0.354492 0.311198 0.362305 0.320312 0.369141 0.325521 0.375977 0.325521 0.381836 0.321615 0.400391 0.294271 0.399414 0.276042 0.400391 0.274740 0.401367 0.255208 0.400391 0.253906 0.400391 0.243490
0 0.421875 0.303385 0.417969 0.303385 0.416992 0.302083 0.411133 0.302083 0.410156 0.300781 0.401367 0.300781 0.395508 0.304688 0.387695 0.316406 0.386719 0.316406 0.380859 0.324219 0.378906 0.325521 0.378906 0.332031 0.379883 0.333333 0.379883 0.337240 0.381836 0.342448 0.388672 0.351562 0.389648 0.354167 0.393555 0.355469 0.394531 0.356771 0.400391 0.358073 0.403320 0.361979 0.406250 0.360677 0.406250 0.359375 0.408203 0.356771 0.410156 0.356771 0.411133 0.355469 0.417969 0.355469 0.421875 0.352865 0.430664 0.341146 0.430664 0.339844 0.434570 0.333333 0.434570 0.324219 0.430664 0.315104 0.430664 0.312500 0.426758 0.307292 0.425781 0.307292
0 0.422852 0.229167 0.420898 0.231771 0.417969 0.233073 0.412109 0.242188 0.412109 0.244792 0.410156 0.248698 0.410156 0.252604 0.409180 0.253906 0.410156 0.266927 0.412109 0.273438 0.412109 0.278646 0.415039 0.286458 0.415039 0.294271 0.416016 0.295573 0.416016 0.298177 0.420898 0.302083 0.423828 0.302083 0.427734 0.304688 0.431641 0.309896 0.433594 0.309896 0.434570 0.311198 0.442383 0.311198 0.443359 0.309896 0.446289 0.309896 0.448242 0.307292 0.452148 0.305990 0.454102 0.303385 0.458984 0.300781 0.463867 0.292969 0.465820 0.287760 0.466797 0.279948 0.467773 0.278646 0.467773 0.266927 0.464844 0.259115 0.463867 0.246094 0.462891 0.243490 0.458984 0.239583 0.455078 0.239583 0.447266 0.231771 0.442383 0.229167
0 0.345703 0.123698 0.344727 0.125000 0.338867 0.126302 0.328125 0.141927 0.312500 0.157552 0.311523 0.161458 0.311523 0.171875 0.310547 0.173177 0.314453 0.179688 0.318359 0.180990 0.321289 0.184896 0.323242 0.190104 0.325195 0.191406 0.330078 0.199219 0.333008 0.200521 0.337891 0.207031 0.340820 0.208333 0.344727 0.214844 0.352539 0.216146 0.363281 0.209635 0.370117 0.199219 0.374023 0.188802 0.377930 0.183594 0.378906 0.180990 0.378906 0.174479 0.377930 0.173177 0.377930 0.154948 0.375977 0.148438 0.370117 0.141927 0.365234 0.131510 0.361328 0.128906 0.355469 0.127604 0.353516 0.125000
0 0.426758 0.145833 0.419922 0.145833 0.418945 0.144531 0.413086 0.144531 0.412109 0.143229 0.410156 0.144531 0.399414 0.145833 0.397461 0.147135 0.394531 0.151042 0.392578 0.156250 0.390625 0.157552 0.389648 0.164062 0.387695 0.166667 0.384766 0.162760 0.382812 0.164062 0.382812 0.177083 0.385742 0.184896 0.386719 0.195312 0.389648 0.203125 0.389648 0.205729 0.397461 0.217448 0.401367 0.220052 0.403320 0.220052 0.408203 0.223958 0.413086 0.223958 0.414062 0.222656 0.416016 0.222656 0.430664 0.203125 0.430664 0.201823 0.440430 0.190104 0.441406 0.187500 0.441406 0.179688 0.437500 0.170573 0.436523 0.164062 0.429688 0.148438
0 0.467773 0.157552 0.470703 0.162760 0.469727 0.167969 0.466797 0.171875 0.462891 0.171875 0.459961 0.169271 0.455078 0.170573 0.454102 0.174479 0.443359 0.190104 0.442383 0.195312 0.444336 0.199219 0.445312 0.212240 0.448242 0.220052 0.451172 0.222656 0.454102 0.227865 0.458984 0.230469 0.459961 0.233073 0.463867 0.236979 0.466797 0.236979 0.470703 0.239583 0.485352 0.236979 0.490234 0.233073 0.496094 0.218750 0.499023 0.216146 0.501953 0.210938 0.501953 0.203125 0.500000 0.195312 0.500977 0.192708 0.500977 0.183594 0.497070 0.173177 0.486328 0.160156 0.480469 0.160156 0.477539 0.164062 0.471680 0.164062 0.470703 0.162760 0.472656 0.158854 0.471680 0.157552
0 0.516602 0.238281 0.510742 0.235677 0.501953 0.235677 0.500977 0.236979 0.492188 0.238281 0.482422 0.246094 0.476562 0.247396 0.478516 0.251302 0.476562 0.253906 0.474609 0.253906 0.471680 0.261719 0.472656 0.278646 0.474609 0.283854 0.475586 0.291667 0.478516 0.299479 0.478516 0.303385 0.480469 0.308594 0.485352 0.315104 0.491211 0.320312 0.500000 0.320312 0.500977 0.319010 0.504883 0.319010 0.511719 0.315104 0.517578 0.313802 0.523438 0.305990 0.528320 0.294271 0.529297 0.287760 0.533203 0.279948 0.533203 0.276042 0.529297 0.268229 0.526367 0.256510 0.526367 0.252604 0.524414 0.247396
0 0.515625 0.161458 0.514648 0.165365 0.516602 0.169271 0.519531 0.180990 0.519531 0.190104 0.517578 0.197917 0.517578 0.208333 0.518555 0.209635 0.521484 0.226562 0.526367 0.239583 0.538086 0.252604 0.545898 0.252604 0.562500 0.239583 0.568359 0.229167 0.572266 0.214844 0.572266 0.203125 0.574219 0.196615 0.574219 0.190104 0.571289 0.180990 0.569336 0.178385 0.569336 0.175781 0.560547 0.167969 0.552734 0.166667 0.544922 0.160156 0.519531 0.160156 0.518555 0.161458
0 0.601562 0.230469 0.590820 0.230469 0.589844 0.231771 0.584961 0.231771 0.583984 0.233073 0.577148 0.234375 0.571289 0.238281 0.569336 0.242188 0.569336 0.246094 0.565430 0.255208 0.565430 0.257812 0.563477 0.263021 0.562500 0.277344 0.565430 0.287760 0.589844 0.309896 0.594727 0.309896 0.595703 0.308594 0.606445 0.305990 0.612305 0.302083 0.620117 0.290365 0.619141 0.273438 0.615234 0.259115 0.614258 0.247396 0.612305 0.243490 0.612305 0.240885 0.608398 0.233073 0.606445 0.231771 0.602539 0.231771
0 0.611328 0.151042 0.609375 0.154948 0.609375 0.161458 0.610352 0.162760 0.608398 0.166667 0.608398 0.174479 0.606445 0.179688 0.606445 0.186198 0.608398 0.194010 0.607422 0.196615 0.608398 0.221354 0.609375 0.222656 0.609375 0.226562 0.613281 0.235677 0.615234 0.238281 0.621094 0.240885 0.624023 0.239583 0.630859 0.239583 0.639648 0.234375 0.641602 0.231771 0.643555 0.231771 0.645508 0.229167 0.647461 0.229167 0.657227 0.222656 0.662109 0.216146 0.663086 0.212240 0.663086 0.203125 0.662109 0.201823 0.661133 0.192708 0.656250 0.179688 0.647461 0.167969 0.644531 0.166667 0.642578 0.164062 0.637695 0.162760 0.630859 0.157552 0.622070 0.156250 0.616211 0.152344 0.612305 0.152344
0 0.661133 0.222656 0.660156 0.223958 0.657227 0.223958 0.631836 0.240885 0.628906 0.246094 0.628906 0.253906 0.627930 0.255208 0.627930 0.259115 0.626953 0.260417 0.626953 0.270833 0.627930 0.272135 0.627930 0.278646 0.630859 0.287760 0.637695 0.295573 0.643555 0.296875 0.644531 0.298177 0.646484 0.298177 0.647461 0.296875 0.658203 0.296875 0.659180 0.295573 0.661133 0.295573 0.667969 0.278646 0.667969 0.272135 0.668945 0.270833 0.669922 0.264323 0.674805 0.256510 0.674805 0.246094 0.673828 0.244792 0.673828 0.240885 0.671875 0.235677 0.669922 0.233073 0.668945 0.233073
0 0.706055 0.221354 0.688477 0.230469 0.683594 0.236979 0.680664 0.238281 0.678711 0.242188 0.680664 0.246094 0.680664 0.252604 0.679688 0.253906 0.680664 0.279948 0.683594 0.287760 0.683594 0.290365 0.688477 0.295573 0.691406 0.295573 0.699219 0.300781 0.702148 0.300781 0.703125 0.302083 0.714844 0.302083 0.715820 0.300781 0.717773 0.300781 0.723633 0.292969 0.723633 0.290365 0.725586 0.285156 0.731445 0.278646 0.731445 0.276042 0.733398 0.272135 0.733398 0.248698 0.734375 0.247396 0.733398 0.246094 0.733398 0.240885 0.727539 0.229167 0.716797 0.222656
0 0.726562 0.324219 0.720703 0.319010 0.716797 0.319010 0.715820 0.322917 0.713867 0.325521 0.704102 0.330729 0.695312 0.330729 0.694336 0.332031 0.692383 0.332031 0.689453 0.329427 0.689453 0.330729 0.683594 0.337240 0.681641 0.343750 0.681641 0.348958 0.682617 0.350260 0.682617 0.360677 0.678711 0.369792 0.678711 0.375000 0.677734 0.376302 0.677734 0.381510 0.679688 0.385417 0.688477 0.394531 0.692383 0.394531 0.693359 0.395833 0.701172 0.395833 0.704102 0.393229 0.707031 0.393229 0.711914 0.390625 0.716797 0.390625 0.722656 0.382812 0.724609 0.382812 0.730469 0.377604 0.732422 0.372396 0.731445 0.352865 0.732422 0.351562 0.732422 0.347656 0.734375 0.343750 0.734375 0.337240 0.732422 0.332031
0 0.744141 0.410156 0.737305 0.397135 0.728516 0.386719 0.723633 0.386719 0.718750 0.391927 0.715820 0.393229 0.709961 0.393229 0.700195 0.398438 0.693359 0.398438 0.692383 0.397135 0.688477 0.397135 0.685547 0.394531 0.680664 0.394531 0.677734 0.397135 0.674805 0.407552 0.675781 0.417969 0.677734 0.424479 0.688477 0.441406 0.696289 0.447917 0.702148 0.449219 0.711914 0.455729 0.724609 0.455729 0.725586 0.454427 0.733398 0.453125 0.735352 0.450521 0.738281 0.449219 0.746094 0.427083 0.746094 0.419271 0.744141 0.414062
0 0.763672 0.264323 0.761719 0.264323 0.750000 0.272135 0.745117 0.277344 0.741211 0.283854 0.742188 0.287760 0.740234 0.290365 0.737305 0.287760 0.735352 0.287760 0.735352 0.299479 0.740234 0.315104 0.740234 0.322917 0.739258 0.324219 0.740234 0.328125 0.740234 0.337240 0.739258 0.339844 0.748047 0.347656 0.754883 0.351562 0.768555 0.351562 0.778320 0.341146 0.783203 0.338542 0.788086 0.329427 0.789062 0.325521 0.789062 0.317708 0.790039 0.316406 0.790039 0.298177 0.789062 0.296875 0.788086 0.283854 0.777344 0.272135 0.772461 0.269531 0.766602 0.269531
0 0.736328 0.347656 0.735352 0.351562 0.735352 0.360677 0.734375 0.361979 0.734375 0.372396 0.732422 0.377604 0.732422 0.384115 0.736328 0.393229 0.742188 0.401042 0.742188 0.403646 0.746094 0.411458 0.746094 0.415365 0.748047 0.423177 0.751953 0.428385 0.759766 0.428385 0.765625 0.425781 0.768555 0.421875 0.780273 0.414062 0.792969 0.402344 0.793945 0.399740 0.793945 0.391927 0.792969 0.390625 0.792969 0.386719 0.791016 0.382812 0.791016 0.378906 0.789062 0.376302 0.788086 0.372396 0.777344 0.359375 0.774414 0.358073 0.770508 0.352865 0.769531 0.354167 0.756836 0.354167 0.755859 0.352865 0.751953 0.352865 0.749023 0.350260 0.747070 0.350260 0.743164 0.345052 0.738281 0.345052
0 0.767578 0.429688 0.766602 0.429688 0.765625 0.428385 0.762695 0.428385 0.759766 0.430990 0.751953 0.430990 0.750977 0.429688 0.749023 0.429688 0.748047 0.428385 0.747070 0.429688 0.747070 0.430990 0.745117 0.434896 0.745117 0.437500 0.744141 0.438802 0.744141 0.442708 0.741211 0.449219 0.741211 0.453125 0.740234 0.454427 0.740234 0.455729 0.741211 0.457031 0.741211 0.471354 0.742188 0.472656 0.746094 0.472656 0.747070 0.473958 0.748047 0.473958 0.749023 0.472656 0.754883 0.472656 0.755859 0.471354 0.756836 0.471354 0.757812 0.470052 0.760742 0.468750 0.762695 0.466146 0.763672 0.466146 0.767578 0.460938 0.767578 0.459635 0.769531 0.457031 0.769531 0.455729 0.770508 0.454427 0.770508 0.449219 0.771484 0.447917 0.771484 0.436198 0.770508 0.434896 0.770508 0.433594
0 0.614258 0.304688 0.602539 0.312500 0.600586 0.312500 0.592773 0.319010 0.593750 0.324219 0.590820 0.332031 0.587891 0.335938 0.585938 0.343750 0.585938 0.347656 0.583008 0.356771 0.583008 0.361979 0.587891 0.367188 0.587891 0.371094 0.590820 0.380208 0.602539 0.393229 0.604492 0.394531 0.609375 0.394531 0.610352 0.395833 0.617188 0.395833 0.623047 0.389323 0.630859 0.384115 0.641602 0.364583 0.641602 0.352865 0.637695 0.342448 0.634766 0.328125 0.622070 0.309896
0 0.649414 0.377604 0.647461 0.377604 0.646484 0.376302 0.634766 0.382812 0.628906 0.389323 0.625000 0.391927 0.623047 0.391927 0.618164 0.399740 0.616211 0.408854 0.612305 0.417969 0.612305 0.421875 0.610352 0.425781 0.610352 0.433594 0.611328 0.434896 0.611328 0.437500 0.618164 0.447917 0.626953 0.453125 0.638672 0.453125 0.645508 0.449219 0.652344 0.449219 0.654297 0.447917 0.657227 0.440104 0.660156 0.436198 0.662109 0.429688 0.662109 0.416667 0.661133 0.415365 0.661133 0.402344 0.660156 0.401042 0.660156 0.393229 0.658203 0.389323 0.658203 0.386719
0 0.544922 0.299479 0.540039 0.302083 0.532227 0.303385 0.532227 0.309896 0.529297 0.312500 0.525391 0.312500 0.524414 0.313802 0.524414 0.319010 0.522461 0.322917 0.522461 0.330729 0.514648 0.348958 0.513672 0.358073 0.512695 0.359375 0.513672 0.367188 0.516602 0.375000 0.522461 0.384115 0.527344 0.388021 0.537109 0.390625 0.538086 0.391927 0.543945 0.391927 0.545898 0.390625 0.551758 0.382812 0.561523 0.375000 0.566406 0.363281 0.568359 0.351562 0.571289 0.346354 0.571289 0.339844 0.569336 0.334635 0.561523 0.321615 0.560547 0.317708 0.550781 0.303385
0 0.564453 0.380208 0.558594 0.384115 0.556641 0.384115 0.550781 0.390625 0.548828 0.390625 0.546875 0.393229 0.547852 0.402344 0.542969 0.411458 0.542969 0.414062 0.541016 0.419271 0.541016 0.425781 0.540039 0.427083 0.540039 0.447917 0.541016 0.450521 0.544922 0.455729 0.549805 0.457031 0.552734 0.459635 0.556641 0.459635 0.557617 0.460938 0.566406 0.460938 0.567383 0.459635 0.570312 0.459635 0.571289 0.458333 0.576172 0.457031 0.582031 0.451823 0.587891 0.442708 0.587891 0.437500 0.588867 0.436198 0.589844 0.427083 0.590820 0.425781 0.590820 0.416667 0.589844 0.415365 0.589844 0.399740 0.588867 0.397135 0.583008 0.389323 0.579102 0.386719 0.576172 0.386719 0.571289 0.382812 0.565430 0.381510
0 0.461914 0.303385 0.459961 0.304688 0.458008 0.308594 0.444336 0.317708 0.438477 0.325521 0.436523 0.332031 0.436523 0.338542 0.435547 0.339844 0.436523 0.342448 0.436523 0.347656 0.440430 0.356771 0.440430 0.360677 0.443359 0.368490 0.446289 0.372396 0.455078 0.377604 0.459961 0.377604 0.460938 0.378906 0.466797 0.380208 0.468750 0.382812 0.470703 0.382812 0.471680 0.384115 0.475586 0.384115 0.479492 0.378906 0.484375 0.376302 0.488281 0.372396 0.494141 0.361979 0.497070 0.351562 0.497070 0.338542 0.496094 0.337240 0.496094 0.330729 0.489258 0.322917 0.485352 0.322917 0.482422 0.319010 0.481445 0.315104 0.479492 0.315104 0.478516 0.313802 0.473633 0.315104 0.468750 0.309896 0.466797 0.303385
0 0.232422 0.324219 0.227539 0.329427 0.223633 0.338542 0.223633 0.350260 0.224609 0.351562 0.226562 0.364583 0.227539 0.365885 0.226562 0.368490 0.226562 0.377604 0.229492 0.381510 0.236328 0.385417 0.243164 0.391927 0.250977 0.395833 0.258789 0.395833 0.263672 0.398438 0.270508 0.398438 0.277344 0.393229 0.277344 0.391927 0.283203 0.385417 0.285156 0.381510 0.285156 0.377604 0.286133 0.376302 0.286133 0.360677 0.285156 0.359375 0.285156 0.355469 0.282227 0.350260 0.279297 0.348958 0.274414 0.342448 0.270508 0.341146 0.267578 0.337240 0.260742 0.332031 0.257812 0.326823 0.252930 0.321615 0.246094 0.320312 0.242188 0.322917 0.235352 0.322917 0.234375 0.324219
0 0.316406 0.355469 0.306641 0.356771 0.306641 0.358073 0.302734 0.361979 0.306641 0.361979 0.308594 0.359375 0.311523 0.359375 0.313477 0.361979 0.312500 0.364583 0.308594 0.368490 0.305664 0.368490 0.302734 0.372396 0.296875 0.376302 0.293945 0.381510 0.288086 0.382812 0.286133 0.385417 0.286133 0.395833 0.287109 0.397135 0.286133 0.408854 0.287109 0.410156 0.287109 0.414062 0.293945 0.428385 0.305664 0.442708 0.312500 0.442708 0.321289 0.434896 0.342773 0.410156 0.344727 0.402344 0.342773 0.386719 0.336914 0.372396 0.330078 0.364583 0.328125 0.364583
0 0.359375 0.368490 0.355469 0.371094 0.351562 0.376302 0.350586 0.380208 0.348633 0.382812 0.346680 0.390625 0.346680 0.412760 0.348633 0.420573 0.354492 0.429688 0.361328 0.433594 0.373047 0.433594 0.378906 0.437500 0.382812 0.437500 0.396484 0.420573 0.402344 0.408854 0.402344 0.406250 0.406250 0.394531 0.406250 0.388021 0.403320 0.381510 0.396484 0.371094 0.390625 0.369792 0.384766 0.365885 0.375000 0.365885 0.375000 0.367188 0.377930 0.367188 0.381836 0.369792 0.381836 0.372396 0.379883 0.375000 0.371094 0.373698 0.368164 0.372396 0.366211 0.369792
0 0.458984 0.386719 0.456055 0.384115 0.451172 0.382812 0.442383 0.376302 0.438477 0.376302 0.437500 0.377604 0.429688 0.377604 0.416016 0.384115 0.409180 0.393229 0.409180 0.397135 0.406250 0.402344 0.406250 0.404948 0.405273 0.406250 0.405273 0.416667 0.406250 0.417969 0.406250 0.420573 0.405273 0.421875 0.405273 0.440104 0.411133 0.446615 0.413086 0.446615 0.416016 0.449219 0.417969 0.449219 0.424805 0.453125 0.436523 0.453125 0.437500 0.454427 0.443359 0.453125 0.457031 0.434896 0.460938 0.427083 0.461914 0.421875 0.463867 0.417969 0.463867 0.407552 0.462891 0.406250 0.461914 0.394531
0 0.461914 0.436198 0.455078 0.446615 0.452148 0.447917 0.446289 0.455729 0.445312 0.471354 0.447266 0.475260 0.449219 0.485677 0.451172 0.490885 0.456055 0.496094 0.471680 0.502604 0.477539 0.507812 0.483398 0.507812 0.490234 0.497396 0.494141 0.494792 0.499023 0.488281 0.500977 0.483073 0.500977 0.440104 0.500000 0.445312 0.498047 0.447917 0.496094 0.447917 0.495117 0.446615 0.490234 0.445312 0.486328 0.437500 0.484375 0.438802 0.468750 0.438802 0.464844 0.436198
0 0.509766 0.464844 0.504883 0.473958 0.503906 0.483073 0.496094 0.496094 0.496094 0.500000 0.497070 0.501302 0.497070 0.505208 0.496094 0.506510 0.500977 0.520833 0.503906 0.524740 0.513672 0.531250 0.520508 0.539062 0.528320 0.539062 0.532227 0.536458 0.536133 0.531250 0.550781 0.523438 0.556641 0.513021 0.556641 0.510417 0.557617 0.509115 0.557617 0.501302 0.556641 0.500000 0.556641 0.496094 0.554688 0.493490 0.551758 0.485677 0.550781 0.485677 0.545898 0.479167 0.540039 0.468750 0.535156 0.468750 0.533203 0.471354 0.531250 0.471354 0.528320 0.468750 0.525391 0.468750 0.519531 0.463542 0.512695 0.463542 0.511719 0.464844
0 0.356445 0.434896 0.353516 0.434896 0.349609 0.432292 0.336914 0.432292 0.333008 0.434896 0.323242 0.436198 0.319336 0.438802 0.312500 0.450521 0.307617 0.463542 0.307617 0.475260 0.308594 0.476562 0.308594 0.479167 0.314453 0.488281 0.320312 0.505208 0.324219 0.510417 0.326172 0.511719 0.332031 0.511719 0.333008 0.510417 0.339844 0.510417 0.340820 0.509115 0.346680 0.509115 0.347656 0.507812 0.349609 0.507812 0.354492 0.503906 0.358398 0.498698 0.360352 0.493490 0.360352 0.490885 0.365234 0.483073 0.367188 0.476562 0.367188 0.467448 0.366211 0.466146 0.368164 0.462240 0.368164 0.451823 0.365234 0.445312
0 0.390625 0.460938 0.388672 0.472656 0.384766 0.483073 0.384766 0.494792 0.390625 0.501302 0.390625 0.503906 0.391602 0.505208 0.391602 0.510417 0.394531 0.518229 0.395508 0.518229 0.398438 0.522135 0.402344 0.523438 0.403320 0.524740 0.412109 0.524740 0.413086 0.523438 0.416016 0.523438 0.427734 0.515625 0.430664 0.511719 0.437500 0.506510 0.439453 0.501302 0.439453 0.492188 0.438477 0.490885 0.438477 0.484375 0.437500 0.483073 0.437500 0.479167 0.426758 0.466146 0.419922 0.462240 0.414062 0.462240 0.408203 0.458333 0.397461 0.458333 0.396484 0.459635 0.391602 0.459635
0 0.442383 0.514323 0.434570 0.514323 0.433594 0.515625 0.430664 0.515625 0.416992 0.526042 0.406250 0.528646 0.405273 0.539062 0.406250 0.540365 0.406250 0.544271 0.407227 0.545573 0.407227 0.548177 0.409180 0.553385 0.409180 0.558594 0.413086 0.569010 0.419922 0.575521 0.423828 0.578125 0.428711 0.579427 0.429688 0.580729 0.437500 0.580729 0.438477 0.579427 0.446289 0.576823 0.449219 0.571615 0.449219 0.567708 0.450195 0.566406 0.450195 0.559896 0.451172 0.558594 0.451172 0.553385 0.453125 0.548177 0.453125 0.541667 0.450195 0.535156 0.450195 0.532552 0.448242 0.528646 0.448242 0.526042 0.445312 0.518229
0 0.469727 0.511719 0.465820 0.519531 0.460938 0.520833 0.458008 0.526042 0.458008 0.529948 0.457031 0.531250 0.457031 0.536458 0.458008 0.539062 0.457031 0.540365 0.457031 0.544271 0.455078 0.546875 0.452148 0.555990 0.452148 0.563802 0.451172 0.565104 0.450195 0.575521 0.455078 0.582031 0.465820 0.588542 0.468750 0.588542 0.469727 0.589844 0.480469 0.589844 0.481445 0.588542 0.487305 0.588542 0.488281 0.587240 0.490234 0.587240 0.495117 0.582031 0.497070 0.575521 0.500977 0.569010 0.504883 0.558594 0.504883 0.554688 0.505859 0.553385 0.505859 0.535156 0.504883 0.532552 0.500977 0.531250 0.495117 0.522135 0.490234 0.519531 0.484375 0.514323 0.479492 0.514323 0.478516 0.513021 0.473633 0.514323
0 0.545898 0.531250 0.540039 0.531250 0.539062 0.532552 0.537109 0.532552 0.533203 0.537760 0.529297 0.540365 0.526367 0.540365 0.525391 0.541667 0.521484 0.541667 0.520508 0.540365 0.514648 0.540365 0.512695 0.541667 0.510742 0.546875 0.510742 0.549479 0.508789 0.554688 0.508789 0.559896 0.507812 0.561198 0.508789 0.584635 0.509766 0.585938 0.509766 0.588542 0.511719 0.591146 0.519531 0.596354 0.529297 0.596354 0.537109 0.591146 0.544922 0.588542 0.548828 0.585938 0.551758 0.582031 0.556641 0.569010 0.556641 0.558594 0.550781 0.548177 0.547852 0.540365 0.547852 0.535156
0 0.251953 0.553385 0.251953 0.579427 0.252930 0.580729 0.252930 0.584635 0.254883 0.588542 0.261719 0.593750 0.265625 0.593750 0.266602 0.595052 0.269531 0.595052 0.273438 0.597656 0.278320 0.597656 0.283203 0.600260 0.288086 0.600260 0.292969 0.602865 0.301758 0.601562 0.303711 0.598958 0.307617 0.587240 0.309570 0.584635 0.312500 0.576823 0.312500 0.569010 0.310547 0.563802 0.305664 0.557292 0.303711 0.552083 0.296875 0.542969 0.291992 0.540365 0.286133 0.540365 0.283203 0.542969 0.272461 0.542969 0.271484 0.544271 0.268555 0.544271 0.264648 0.546875 0.260742 0.546875 0.258789 0.545573
0 0.310547 0.588542 0.307617 0.593750 0.307617 0.596354 0.303711 0.601562 0.302734 0.604167 0.302734 0.608073 0.303711 0.609375 0.303711 0.613281 0.304688 0.614583 0.304688 0.617188 0.308594 0.627604 0.310547 0.630208 0.313477 0.630208 0.314453 0.631510 0.319336 0.632812 0.325195 0.636719 0.336914 0.636719 0.337891 0.635417 0.341797 0.635417 0.353516 0.622396 0.353516 0.615885 0.352539 0.614583 0.352539 0.609375 0.351562 0.608073 0.351562 0.598958 0.352539 0.596354 0.350586 0.593750 0.348633 0.593750 0.344727 0.591146 0.336914 0.583333 0.328125 0.583333 0.327148 0.584635 0.321289 0.584635 0.320312 0.585938 0.318359 0.585938 0.314453 0.588542
0 0.347656 0.511719 0.340820 0.516927 0.333008 0.526042 0.330078 0.539062 0.331055 0.565104 0.333984 0.574219 0.336914 0.579427 0.347656 0.589844 0.353516 0.591146 0.357422 0.593750 0.364258 0.593750 0.372070 0.589844 0.377930 0.584635 0.387695 0.569010 0.387695 0.541667 0.385742 0.535156 0.385742 0.529948 0.383789 0.524740 0.381836 0.535156 0.379883 0.537760 0.377930 0.537760 0.367188 0.527344 0.367188 0.523438 0.365234 0.522135 0.358398 0.522135 0.352539 0.518229 0.353516 0.515625 0.357422 0.515625 0.360352 0.513021 0.356445 0.510417 0.355469 0.511719
0 0.411133 0.598958 0.407227 0.593750 0.403320 0.595052 0.402344 0.593750 0.400391 0.593750 0.395508 0.588542 0.387695 0.585938 0.382812 0.589844 0.380859 0.589844 0.379883 0.591146 0.377930 0.591146 0.376953 0.592448 0.375000 0.592448 0.374023 0.593750 0.372070 0.593750 0.365234 0.597656 0.362305 0.597656 0.361328 0.598958 0.356445 0.598958 0.353516 0.601562 0.353516 0.608073 0.354492 0.609375 0.354492 0.613281 0.355469 0.614583 0.356445 0.622396 0.358398 0.627604 0.364258 0.636719 0.370117 0.638021 0.376953 0.643229 0.393555 0.643229 0.401367 0.638021 0.411133 0.626302 0.411133 0.621094 0.412109 0.619792 0.412109 0.613281 0.411133 0.611979
0 0.421875 0.647135 0.420898 0.645833 0.419922 0.641927 0.417969 0.639323 0.416016 0.632812 0.412109 0.627604 0.411133 0.627604 0.401367 0.639323 0.400391 0.639323 0.398438 0.641927 0.397461 0.641927 0.396484 0.643229 0.393555 0.643229 0.392578 0.644531 0.378906 0.644531 0.376953 0.647135 0.376953 0.648438 0.377930 0.649740 0.377930 0.653646 0.378906 0.654948 0.378906 0.656250 0.386719 0.666667 0.387695 0.666667 0.390625 0.670573 0.393555 0.671875 0.395508 0.674479 0.401367 0.674479 0.402344 0.673177 0.405273 0.673177 0.406250 0.671875 0.409180 0.671875 0.410156 0.670573 0.413086 0.669271 0.416992 0.664062 0.417969 0.664062 0.419922 0.661458 0.419922 0.660156 0.421875 0.656250
0 0.301758 0.617188 0.299805 0.615885 0.296875 0.617188 0.300781 0.621094 0.298828 0.625000 0.290039 0.621094 0.287109 0.615885 0.283203 0.614583 0.275391 0.617188 0.279297 0.617188 0.284180 0.621094 0.282227 0.623698 0.278320 0.625000 0.268555 0.625000 0.265625 0.623698 0.263672 0.621094 0.264648 0.618490 0.263672 0.615885 0.261719 0.623698 0.259766 0.625000 0.254883 0.623698 0.250977 0.630208 0.250000 0.641927 0.249023 0.643229 0.249023 0.665365 0.250000 0.669271 0.264648 0.684896 0.269531 0.686198 0.272461 0.688802 0.287109 0.688802 0.292969 0.684896 0.296875 0.678385 0.302734 0.652344 0.303711 0.640625 0.305664 0.635417 0.305664 0.627604 0.302734 0.622396
0 0.198242 0.657552 0.198242 0.665365 0.200195 0.667969 0.204102 0.680990 0.212891 0.691406 0.218750 0.695312 0.226562 0.695312 0.227539 0.694010 0.232422 0.694010 0.233398 0.692708 0.235352 0.692708 0.245117 0.686198 0.250000 0.679688 0.250000 0.673177 0.248047 0.669271 0.248047 0.665365 0.247070 0.664062 0.247070 0.653646 0.240234 0.647135 0.223633 0.636719 0.220703 0.632812 0.217773 0.632812 0.216797 0.631510 0.212891 0.632812 0.205078 0.643229 0.202148 0.651042
0 0.304688 0.690104 0.296875 0.688802 0.293945 0.692708 0.291016 0.692708 0.288086 0.695312 0.274414 0.694010 0.272461 0.691406 0.266602 0.690104 0.266602 0.695312 0.263672 0.699219 0.261719 0.705729 0.259766 0.707031 0.254883 0.720052 0.254883 0.726562 0.256836 0.729167 0.259766 0.746094 0.261719 0.748698 0.262695 0.752604 0.267578 0.759115 0.269531 0.760417 0.275391 0.760417 0.283203 0.764323 0.284180 0.763021 0.288086 0.763021 0.296875 0.757812 0.307617 0.744792 0.310547 0.743490 0.313477 0.739583 0.313477 0.736979 0.314453 0.735677 0.314453 0.718750 0.315430 0.717448 0.314453 0.714844 0.314453 0.705729 0.309570 0.695312 0.307617 0.695312
0 0.320312 0.746094 0.313477 0.746094 0.310547 0.748698 0.308594 0.748698 0.304688 0.751302 0.304688 0.752604 0.296875 0.761719 0.294922 0.761719 0.291992 0.764323 0.288086 0.765625 0.286133 0.769531 0.286133 0.776042 0.284180 0.782552 0.284180 0.792969 0.287109 0.800781 0.291016 0.805990 0.291992 0.805990 0.292969 0.808594 0.300781 0.819010 0.303711 0.820312 0.309570 0.825521 0.313477 0.825521 0.318359 0.822917 0.330078 0.807292 0.336914 0.794271 0.337891 0.789062 0.339844 0.785156 0.339844 0.778646 0.340820 0.777344 0.339844 0.776042 0.339844 0.768229 0.335938 0.763021 0.335938 0.760417 0.333984 0.755208 0.332031 0.752604 0.328125 0.751302
0 0.364258 0.643229 0.356445 0.641927 0.353516 0.638021 0.351562 0.638021 0.351562 0.640625 0.350586 0.641927 0.347656 0.641927 0.343750 0.639323 0.330078 0.640625 0.329102 0.641927 0.327148 0.641927 0.323242 0.647135 0.323242 0.649740 0.317383 0.660156 0.316406 0.666667 0.315430 0.667969 0.315430 0.705729 0.316406 0.707031 0.317383 0.713542 0.321289 0.718750 0.328125 0.720052 0.329102 0.718750 0.335938 0.717448 0.344727 0.710938 0.351562 0.701823 0.355469 0.699219 0.357422 0.699219 0.360352 0.695312 0.363281 0.686198 0.363281 0.678385 0.364258 0.677083 0.364258 0.664062 0.365234 0.662760 0.365234 0.645833
0 0.389648 0.726562 0.386719 0.720052 0.381836 0.717448 0.376953 0.710938 0.375977 0.708333 0.374023 0.708333 0.373047 0.709635 0.368164 0.710938 0.365234 0.713542 0.360352 0.714844 0.357422 0.717448 0.344727 0.718750 0.339844 0.722656 0.336914 0.722656 0.334961 0.723958 0.332031 0.730469 0.332031 0.742188 0.334961 0.750000 0.348633 0.759115 0.350586 0.759115 0.351562 0.760417 0.355469 0.760417 0.356445 0.761719 0.374023 0.761719 0.379883 0.757812 0.379883 0.756510 0.384766 0.748698 0.385742 0.744792 0.387695 0.742188 0.388672 0.734375 0.389648 0.733073
0 0.458984 0.694010 0.456055 0.692708 0.454102 0.690104 0.451172 0.692708 0.441406 0.692708 0.440430 0.694010 0.433594 0.696615 0.425781 0.705729 0.420898 0.708333 0.418945 0.710938 0.416016 0.708333 0.415039 0.710938 0.415039 0.716146 0.411133 0.723958 0.411133 0.727865 0.410156 0.729167 0.410156 0.736979 0.415039 0.750000 0.418945 0.755208 0.422852 0.756510 0.425781 0.759115 0.428711 0.759115 0.429688 0.760417 0.439453 0.761719 0.445312 0.757812 0.451172 0.756510 0.462891 0.746094 0.462891 0.743490 0.463867 0.742188 0.462891 0.735677 0.463867 0.734375 0.463867 0.717448 0.464844 0.716146 0.464844 0.708333 0.463867 0.707031 0.462891 0.700521 0.458984 0.695312
0 0.487305 0.678385 0.483398 0.682292 0.482422 0.682292 0.477539 0.688802 0.476562 0.694010 0.472656 0.704427 0.472656 0.710938 0.471680 0.712240 0.471680 0.716146 0.472656 0.717448 0.473633 0.723958 0.476562 0.729167 0.478516 0.735677 0.484375 0.743490 0.492188 0.743490 0.493164 0.744792 0.498047 0.744792 0.499023 0.743490 0.501953 0.743490 0.505859 0.739583 0.508789 0.738281 0.512695 0.733073 0.513672 0.733073 0.517578 0.726562 0.517578 0.723958 0.518555 0.722656 0.518555 0.703125 0.517578 0.701823 0.516602 0.696615 0.512695 0.690104 0.512695 0.686198 0.510742 0.682292 0.504883 0.682292 0.503906 0.680990 0.500977 0.680990 0.500000 0.679688 0.497070 0.679688 0.496094 0.678385
0 0.536133 0.730469 0.532227 0.727865 0.526367 0.727865 0.525391 0.729167 0.522461 0.729167 0.521484 0.727865 0.517578 0.730469 0.515625 0.735677 0.513672 0.735677 0.512695 0.736979 0.515625 0.740885 0.508789 0.748698 0.504883 0.750000 0.503906 0.751302 0.501953 0.751302 0.500977 0.752604 0.499023 0.752604 0.498047 0.753906 0.497070 0.753906 0.495117 0.751302 0.493164 0.751302 0.492188 0.753906 0.492188 0.759115 0.491211 0.760417 0.491211 0.772135 0.493164 0.774740 0.493164 0.776042 0.499023 0.782552 0.502930 0.785156 0.505859 0.789062 0.520508 0.789062 0.527344 0.785156 0.532227 0.779948 0.536133 0.778646 0.539062 0.773438 0.539062 0.761719 0.540039 0.760417 0.540039 0.755208 0.541016 0.753906 0.541016 0.746094 0.540039 0.744792 0.540039 0.739583 0.537109 0.734375
0 0.556641 0.735677 0.554688 0.738281 0.553711 0.742188 0.548828 0.748698 0.546875 0.748698 0.544922 0.750000 0.544922 0.751302 0.542969 0.753906 0.542969 0.756510 0.541016 0.761719 0.541016 0.769531 0.542969 0.772135 0.544922 0.772135 0.548828 0.776042 0.553711 0.777344 0.556641 0.779948 0.558594 0.779948 0.559570 0.781250 0.561523 0.781250 0.562500 0.782552 0.564453 0.782552 0.568359 0.785156 0.574219 0.785156 0.575195 0.786458 0.577148 0.785156 0.579102 0.782552 0.579102 0.781250 0.583984 0.774740 0.584961 0.772135 0.584961 0.769531 0.586914 0.766927 0.586914 0.764323 0.587891 0.763021 0.587891 0.757812 0.588867 0.756510 0.588867 0.743490 0.587891 0.742188 0.587891 0.738281 0.586914 0.735677 0.583008 0.735677 0.579102 0.739583 0.569336 0.739583 0.568359 0.738281 0.566406 0.738281 0.562500 0.735677
0 0.539062 0.709635 0.539062 0.712240 0.538086 0.713542 0.538086 0.720052 0.540039 0.723958 0.541016 0.723958 0.543945 0.727865 0.547852 0.730469 0.552734 0.731771 0.555664 0.734375 0.560547 0.734375 0.561523 0.735677 0.563477 0.735677 0.567383 0.738281 0.574219 0.738281 0.575195 0.739583 0.583008 0.734375 0.584961 0.734375 0.588867 0.725260 0.588867 0.721354 0.589844 0.720052 0.589844 0.705729 0.588867 0.704427 0.587891 0.695312 0.583984 0.687500 0.577148 0.687500 0.576172 0.688802 0.572266 0.688802 0.568359 0.691406 0.564453 0.688802 0.562500 0.690104 0.559570 0.690104 0.555664 0.687500 0.554688 0.690104 0.551758 0.691406 0.545898 0.699219 0.544922 0.699219
0 0.478516 0.627604 0.477539 0.626302 0.475586 0.630208 0.475586 0.638021 0.473633 0.640625 0.472656 0.638021 0.466797 0.631510 0.458008 0.631510 0.457031 0.630208 0.449219 0.631510 0.448242 0.632812 0.444336 0.632812 0.443359 0.634115 0.439453 0.634115 0.434570 0.636719 0.426758 0.645833 0.425781 0.652344 0.421875 0.662760 0.422852 0.669271 0.436523 0.686198 0.438477 0.686198 0.441406 0.688802 0.450195 0.688802 0.456055 0.684896 0.458008 0.684896 0.460938 0.680990 0.466797 0.677083 0.469727 0.673177 0.469727 0.671875 0.472656 0.667969 0.473633 0.667969 0.476562 0.660156 0.477539 0.653646 0.480469 0.647135 0.480469 0.635417 0.479492 0.634115
0 0.520508 0.601562 0.517578 0.601562 0.516602 0.602865 0.516602 0.605469 0.513672 0.609375 0.503906 0.608073 0.500977 0.605469 0.495117 0.605469 0.494141 0.608073 0.491211 0.610677 0.492188 0.613281 0.492188 0.619792 0.490234 0.623698 0.490234 0.626302 0.488281 0.628906 0.488281 0.631510 0.487305 0.632812 0.487305 0.639323 0.486328 0.640625 0.486328 0.648438 0.487305 0.649740 0.487305 0.665365 0.490234 0.674479 0.500000 0.677083 0.500977 0.678385 0.514648 0.678385 0.525391 0.670573 0.529297 0.665365 0.530273 0.661458 0.532227 0.658854 0.533203 0.645833 0.531250 0.639323 0.531250 0.625000 0.529297 0.621094 0.529297 0.614583 0.528320 0.611979 0.527344 0.617188 0.525391 0.619792 0.521484 0.615885 0.519531 0.611979 0.521484 0.608073 0.521484 0.602865
0 0.547852 0.589844 0.546875 0.591146 0.544922 0.591146 0.543945 0.592448 0.541992 0.592448 0.541016 0.593750 0.539062 0.593750 0.535156 0.596354 0.535156 0.598958 0.534180 0.600260 0.535156 0.608073 0.534180 0.609375 0.533203 0.619792 0.534180 0.621094 0.534180 0.625000 0.535156 0.626302 0.535156 0.631510 0.536133 0.632812 0.536133 0.635417 0.537109 0.636719 0.537109 0.639323 0.539062 0.644531 0.539062 0.648438 0.542969 0.658854 0.543945 0.660156 0.555664 0.660156 0.564453 0.653646 0.570312 0.645833 0.571289 0.645833 0.575195 0.639323 0.577148 0.634115 0.577148 0.606771 0.576172 0.604167 0.571289 0.597656 0.571289 0.596354 0.570312 0.596354 0.567383 0.592448 0.555664 0.591146 0.554688 0.589844
0 0.556641 0.532552 0.556641 0.541667 0.559570 0.549479 0.562500 0.553385 0.562500 0.554688 0.567383 0.559896 0.568359 0.559896 0.571289 0.563802 0.575195 0.566406 0.580078 0.566406 0.581055 0.567708 0.596680 0.567708 0.598633 0.566406 0.606445 0.553385 0.609375 0.545573 0.609375 0.540365 0.610352 0.539062 0.610352 0.528646 0.607422 0.520833 0.601562 0.520833 0.600586 0.519531 0.597656 0.519531 0.596680 0.518229 0.590820 0.518229 0.589844 0.516927 0.583008 0.516927 0.582031 0.515625 0.571289 0.515625 0.558594 0.531250
0 0.581055 0.595052 0.581055 0.598958 0.580078 0.600260 0.580078 0.601562 0.581055 0.602865 0.581055 0.609375 0.582031 0.610677 0.582031 0.613281 0.583984 0.617188 0.583984 0.619792 0.584961 0.621094 0.584961 0.622396 0.587891 0.626302 0.588867 0.626302 0.589844 0.627604 0.591797 0.627604 0.592773 0.628906 0.601562 0.628906 0.602539 0.627604 0.609375 0.627604 0.610352 0.628906 0.613281 0.628906 0.614258 0.627604 0.616211 0.627604 0.619141 0.623698 0.619141 0.621094 0.622070 0.617188 0.622070 0.615885 0.625000 0.611979 0.625000 0.610677 0.628906 0.605469 0.628906 0.602865 0.629883 0.601562 0.629883 0.597656 0.628906 0.596354 0.628906 0.593750 0.623047 0.587240 0.621094 0.587240 0.620117 0.585938 0.618164 0.585938 0.617188 0.584635 0.611328 0.584635 0.610352 0.583333 0.603516 0.583333 0.602539 0.582031 0.592773 0.582031 0.591797 0.583333 0.588867 0.584635
0 0.602539 0.647135 0.597656 0.653646 0.594727 0.660156 0.594727 0.664062 0.592773 0.667969 0.592773 0.674479 0.593750 0.675781 0.594727 0.683594 0.597656 0.691406 0.597656 0.694010 0.603516 0.701823 0.606445 0.703125 0.608398 0.705729 0.610352 0.705729 0.614258 0.708333 0.618164 0.708333 0.619141 0.709635 0.628906 0.709635 0.638672 0.703125 0.645508 0.694010 0.645508 0.687500 0.644531 0.686198 0.644531 0.680990 0.643555 0.679688 0.643555 0.675781 0.642578 0.674479 0.641602 0.666667 0.638672 0.660156 0.633789 0.653646 0.629883 0.651042 0.626953 0.651042 0.623047 0.656250 0.621094 0.656250 0.617188 0.652344 0.617188 0.648438 0.615234 0.647135 0.613281 0.647135 0.612305 0.645833 0.604492 0.645833
0 0.657227 0.742188 0.656250 0.739583 0.645508 0.725260 0.645508 0.721354 0.645508 0.725260 0.644531 0.726562 0.640625 0.726562 0.636719 0.722656 0.628906 0.722656 0.627930 0.723958 0.625000 0.723958 0.624023 0.725260 0.617188 0.726562 0.615234 0.727865 0.611328 0.733073 0.610352 0.735677 0.610352 0.739583 0.609375 0.740885 0.609375 0.746094 0.610352 0.747396 0.610352 0.763021 0.611328 0.765625 0.617188 0.772135 0.619141 0.773438 0.621094 0.773438 0.625977 0.778646 0.630859 0.781250 0.631836 0.779948 0.633789 0.779948 0.634766 0.778646 0.636719 0.778646 0.638672 0.777344 0.642578 0.772135 0.642578 0.770833 0.645508 0.766927 0.646484 0.766927 0.647461 0.764323 0.657227 0.751302 0.658203 0.748698
0 0.602539 0.440104 0.594727 0.449219 0.593750 0.453125 0.590820 0.457031 0.588867 0.458333 0.583984 0.458333 0.581055 0.464844 0.581055 0.470052 0.582031 0.471354 0.583008 0.477865 0.584961 0.481771 0.584961 0.486979 0.585938 0.488281 0.585938 0.493490 0.587891 0.498698 0.587891 0.502604 0.591797 0.513021 0.596680 0.514323 0.597656 0.515625 0.601562 0.515625 0.602539 0.516927 0.616211 0.516927 0.627930 0.510417 0.637695 0.501302 0.639648 0.497396 0.639648 0.488281 0.640625 0.486979 0.639648 0.471354 0.636719 0.462240 0.634766 0.459635 0.621094 0.454427 0.616211 0.449219 0.612305 0.447917
0 0.677734 0.434896 0.670898 0.434896 0.665039 0.438802 0.663086 0.438802 0.662109 0.441406 0.659180 0.445312 0.658203 0.445312 0.652344 0.458333 0.652344 0.460938 0.649414 0.466146 0.649414 0.468750 0.647461 0.473958 0.647461 0.479167 0.646484 0.480469 0.646484 0.484375 0.647461 0.486979 0.645508 0.493490 0.645508 0.498698 0.646484 0.501302 0.649414 0.503906 0.653320 0.505208 0.656250 0.507812 0.659180 0.507812 0.660156 0.509115 0.672852 0.509115 0.673828 0.507812 0.676758 0.507812 0.684570 0.500000 0.692383 0.494792 0.695312 0.490885 0.695312 0.488281 0.696289 0.486979 0.696289 0.471354 0.698242 0.466146 0.698242 0.459635 0.696289 0.455729 0.693359 0.453125 0.682617 0.438802
0 0.623047 0.520833 0.623047 0.523438 0.618164 0.532552 0.618164 0.542969 0.626953 0.563802 0.636719 0.579427 0.638672 0.580729 0.644531 0.580729 0.645508 0.582031 0.649414 0.582031 0.650391 0.580729 0.662109 0.580729 0.670898 0.575521 0.674805 0.571615 0.681641 0.559896 0.682617 0.553385 0.678711 0.541667 0.677734 0.540365 0.673828 0.540365 0.672852 0.539062 0.671875 0.532552 0.670898 0.531250 0.670898 0.523438 0.662109 0.511719 0.655273 0.510417 0.654297 0.509115 0.639648 0.509115 0.638672 0.510417 0.634766 0.510417 0.631836 0.514323 0.627930 0.516927 0.625977 0.516927
0 0.703125 0.503906 0.701172 0.503906 0.700195 0.502604 0.698242 0.502604 0.697266 0.501302 0.693359 0.501302 0.692383 0.502604 0.690430 0.502604 0.689453 0.503906 0.686523 0.503906 0.683594 0.507812 0.682617 0.507812 0.671875 0.522135 0.671875 0.529948 0.673828 0.533854 0.676758 0.533854 0.678711 0.536458 0.678711 0.539062 0.679688 0.540365 0.679688 0.544271 0.682617 0.549479 0.683594 0.555990 0.685547 0.555990 0.686523 0.557292 0.691406 0.555990 0.693359 0.553385 0.696289 0.552083 0.698242 0.549479 0.699219 0.549479 0.701172 0.546875 0.704102 0.545573 0.706055 0.542969 0.706055 0.541667 0.708008 0.537760 0.708008 0.533854 0.708984 0.532552 0.708984 0.528646 0.709961 0.527344 0.709961 0.520833 0.708984 0.519531 0.708984 0.514323 0.708008 0.513021 0.708008 0.510417 0.707031 0.509115 0.707031 0.507812
0 0.689453 0.561198 0.688477 0.562500 0.688477 0.565104 0.692383 0.566406 0.695312 0.569010 0.693359 0.570312 0.691406 0.575521 0.688477 0.579427 0.687500 0.579427 0.688477 0.582031 0.688477 0.585938 0.691406 0.589844 0.691406 0.595052 0.688477 0.600260 0.688477 0.605469 0.689453 0.606771 0.693359 0.608073 0.695312 0.610677 0.699219 0.613281 0.702148 0.613281 0.703125 0.614583 0.710938 0.614583 0.711914 0.613281 0.722656 0.611979 0.727539 0.606771 0.728516 0.602865 0.732422 0.597656 0.732422 0.595052 0.734375 0.589844 0.734375 0.579427 0.732422 0.574219 0.724609 0.569010 0.718750 0.570312 0.716797 0.567708 0.711914 0.567708 0.708008 0.570312 0.706055 0.565104 0.703125 0.565104 0.704102 0.566406 0.704102 0.569010 0.703125 0.570312 0.698242 0.570312 0.697266 0.569010 0.697266 0.558594
0 0.677734 0.571615 0.674805 0.572917 0.672852 0.575521 0.663086 0.582031 0.652344 0.582031 0.651367 0.583333 0.639648 0.583333 0.638672 0.582031 0.633789 0.582031 0.632812 0.583333 0.632812 0.600260 0.634766 0.605469 0.643555 0.618490 0.650391 0.623698 0.654297 0.628906 0.655273 0.628906 0.656250 0.631510 0.658203 0.632812 0.663086 0.632812 0.665039 0.631510 0.666992 0.626302 0.669922 0.625000 0.672852 0.621094 0.673828 0.621094 0.676758 0.617188 0.676758 0.615885 0.686523 0.604167 0.686523 0.601562 0.688477 0.597656 0.688477 0.593750 0.689453 0.591146 0.686523 0.585938 0.686523 0.580729
0 0.688477 0.632812 0.688477 0.635417 0.685547 0.640625 0.677734 0.638021 0.675781 0.641927 0.672852 0.644531 0.671875 0.643229 0.668945 0.643229 0.667969 0.644531 0.663086 0.644531 0.662109 0.643229 0.662109 0.641927 0.665039 0.639323 0.669922 0.640625 0.671875 0.638021 0.669922 0.635417 0.666992 0.635417 0.666016 0.636719 0.654297 0.636719 0.648438 0.645833 0.648438 0.648438 0.647461 0.649740 0.647461 0.656250 0.645508 0.662760 0.647461 0.673177 0.651367 0.678385 0.651367 0.679688 0.660156 0.686198 0.662109 0.686198 0.669922 0.691406 0.671875 0.691406 0.675781 0.695312 0.682617 0.695312 0.683594 0.694010 0.685547 0.694010 0.692383 0.683594 0.693359 0.670573 0.694336 0.669271 0.694336 0.652344 0.691406 0.644531 0.689453 0.641927 0.689453 0.635417
0 0.701172 0.684896 0.697266 0.680990 0.696289 0.680990 0.687500 0.694010 0.686523 0.694010 0.683594 0.696615 0.675781 0.696615 0.670898 0.692708 0.666992 0.692708 0.661133 0.699219 0.660156 0.699219 0.660156 0.701823 0.659180 0.703125 0.659180 0.704427 0.660156 0.705729 0.666016 0.722656 0.667969 0.725260 0.667969 0.726562 0.668945 0.726562 0.669922 0.727865 0.674805 0.727865 0.675781 0.729167 0.682617 0.730469 0.683594 0.729167 0.686523 0.729167 0.687500 0.727865 0.689453 0.727865 0.690430 0.726562 0.693359 0.726562 0.695312 0.723958 0.696289 0.723958 0.698242 0.721354 0.699219 0.721354 0.701172 0.718750 0.702148 0.718750 0.704102 0.714844 0.704102 0.692708 0.703125 0.691406 0.703125 0.688802 0.701172 0.686198
0 0.739258 0.636719 0.737305 0.636719 0.736328 0.635417 0.733398 0.639323 0.727539 0.639323 0.724609 0.641927 0.722656 0.641927 0.721680 0.643229 0.719727 0.643229 0.717773 0.644531 0.714844 0.648438 0.709961 0.662760 0.707031 0.667969 0.707031 0.670573 0.705078 0.675781 0.703125 0.678385 0.703125 0.683594 0.704102 0.684896 0.704102 0.687500 0.705078 0.690104 0.708008 0.694010 0.709961 0.694010 0.710938 0.695312 0.719727 0.695312 0.723633 0.691406 0.729492 0.688802 0.734375 0.682292 0.735352 0.682292 0.743164 0.674479 0.743164 0.673177 0.746094 0.667969 0.746094 0.665365 0.749023 0.661458 0.749023 0.653646 0.746094 0.648438 0.746094 0.647135 0.744141 0.644531 0.744141 0.643229 0.742188 0.641927
0 0.763672 0.694010 0.758789 0.687500 0.754883 0.684896 0.752930 0.684896 0.750000 0.682292 0.748047 0.682292 0.744141 0.677083 0.743164 0.677083 0.738281 0.682292 0.732422 0.686198 0.728516 0.691406 0.724609 0.692708 0.718750 0.697917 0.712891 0.697917 0.710938 0.699219 0.710938 0.705729 0.712891 0.709635 0.712891 0.714844 0.719727 0.723958 0.721680 0.730469 0.724609 0.734375 0.731445 0.734375 0.732422 0.735677 0.744141 0.735677 0.753906 0.729167 0.756836 0.729167 0.761719 0.723958 0.763672 0.718750 0.764648 0.708333 0.765625 0.707031 0.765625 0.699219
0 0.787109 0.625000 0.783203 0.626302 0.781250 0.628906 0.773438 0.632812 0.770508 0.636719 0.769531 0.640625 0.762695 0.648438 0.762695 0.653646 0.757812 0.661458 0.757812 0.666667 0.758789 0.669271 0.766602 0.678385 0.766602 0.679688 0.775391 0.691406 0.776367 0.694010 0.780273 0.695312 0.781250 0.696615 0.788086 0.696615 0.790039 0.695312 0.790039 0.694010 0.793945 0.688802 0.794922 0.684896 0.797852 0.682292 0.797852 0.679688 0.800781 0.677083 0.802734 0.671875 0.802734 0.667969 0.803711 0.666667 0.803711 0.652344 0.802734 0.652344 0.799805 0.648438 0.798828 0.644531 0.795898 0.639323 0.794922 0.634115 0.789062 0.626302
0 0.738281 0.579427 0.737305 0.584635 0.736328 0.585938 0.735352 0.596354 0.733398 0.601562 0.733398 0.608073 0.734375 0.609375 0.734375 0.613281 0.743164 0.630208 0.765625 0.630208 0.766602 0.631510 0.768555 0.631510 0.769531 0.630208 0.774414 0.630208 0.778320 0.627604 0.782227 0.622396 0.783203 0.622396 0.784180 0.618490 0.786133 0.617188 0.786133 0.610677 0.782227 0.602865 0.780273 0.592448 0.777344 0.585938 0.777344 0.583333 0.775391 0.580729 0.773438 0.580729 0.763672 0.574219 0.753906 0.572917 0.752930 0.571615 0.750000 0.571615 0.749023 0.572917 0.743164 0.574219
0 0.763672 0.507812 0.761719 0.507812 0.760742 0.509115 0.756836 0.509115 0.755859 0.510417 0.752930 0.510417 0.751953 0.509115 0.750977 0.510417 0.746094 0.510417 0.745117 0.511719 0.743164 0.511719 0.739258 0.518229 0.733398 0.519531 0.734375 0.529948 0.732422 0.533854 0.732422 0.536458 0.731445 0.537760 0.729492 0.537760 0.723633 0.545573 0.723633 0.548177 0.724609 0.548177 0.726562 0.544271 0.729492 0.544271 0.731445 0.540365 0.732422 0.541667 0.732422 0.548177 0.730469 0.550781 0.727539 0.552083 0.727539 0.554688 0.730469 0.562500 0.731445 0.569010 0.733398 0.571615 0.743164 0.571615 0.744141 0.570312 0.747070 0.570312 0.750977 0.566406 0.755859 0.563802 0.757812 0.561198 0.759766 0.561198 0.762695 0.558594 0.768555 0.549479 0.768555 0.546875 0.770508 0.541667 0.770508 0.524740 0.767578 0.518229 0.766602 0.513021
0 0.739258 0.453125 0.735352 0.453125 0.731445 0.455729 0.725586 0.455729 0.724609 0.457031 0.711914 0.457031 0.710938 0.455729 0.704102 0.455729 0.701172 0.459635 0.701172 0.463542 0.700195 0.464844 0.700195 0.468750 0.699219 0.470052 0.699219 0.492188 0.700195 0.493490 0.700195 0.496094 0.701172 0.498698 0.702148 0.498698 0.704102 0.501302 0.706055 0.501302 0.708008 0.502604 0.709961 0.505208 0.711914 0.505208 0.715820 0.507812 0.718750 0.507812 0.719727 0.509115 0.725586 0.509115 0.727539 0.507812 0.730469 0.503906 0.734375 0.501302 0.738281 0.496094 0.738281 0.489583 0.739258 0.488281 0.739258 0.479167 0.740234 0.477865 0.740234 0.455729
0 0.838867 0.468750 0.834961 0.466146 0.832031 0.466146 0.829102 0.468750 0.826172 0.464844 0.825195 0.464844 0.824219 0.468750 0.818359 0.477865 0.814453 0.479167 0.808594 0.486979 0.806641 0.486979 0.801758 0.494792 0.801758 0.497396 0.799805 0.502604 0.799805 0.507812 0.796875 0.511719 0.796875 0.513021 0.803711 0.523438 0.804688 0.527344 0.808594 0.532552 0.810547 0.533854 0.811523 0.532552 0.819336 0.532552 0.826172 0.528646 0.830078 0.528646 0.831055 0.527344 0.833008 0.527344 0.836914 0.523438 0.839844 0.523438 0.843750 0.520833 0.846680 0.516927 0.847656 0.511719 0.848633 0.510417 0.848633 0.506510 0.849609 0.505208 0.849609 0.490885 0.842773 0.479167 0.840820 0.473958 0.840820 0.471354
0 0.773438 0.540365 0.771484 0.545573 0.770508 0.553385 0.769531 0.554688 0.769531 0.561198 0.771484 0.563802 0.772461 0.570312 0.775391 0.575521 0.779297 0.578125 0.783203 0.578125 0.784180 0.579427 0.787109 0.579427 0.788086 0.580729 0.803711 0.583333 0.804688 0.582031 0.808594 0.582031 0.809570 0.580729 0.811523 0.580729 0.817383 0.576823 0.820312 0.571615 0.820312 0.569010 0.821289 0.567708 0.821289 0.561198 0.822266 0.559896 0.822266 0.553385 0.821289 0.552083 0.821289 0.546875 0.819336 0.542969 0.818359 0.536458 0.816406 0.536458 0.815430 0.537760 0.809570 0.537760 0.808594 0.536458 0.806641 0.536458 0.801758 0.531250 0.794922 0.531250 0.793945 0.529948 0.792969 0.532552 0.793945 0.537760 0.791992 0.540365 0.788086 0.540365 0.787109 0.541667 0.784180 0.540365 0.783203 0.539062 0.783203 0.536458 0.785156 0.533854 0.784180 0.532552 0.782227 0.532552 0.782227 0.537760 0.780273 0.540365 0.778320 0.540365 0.775391 0.537760
0 0.799805 0.589844 0.799805 0.591146 0.795898 0.596354 0.796875 0.598958 0.796875 0.605469 0.795898 0.606771 0.796875 0.608073 0.796875 0.617188 0.793945 0.621094 0.796875 0.627604 0.798828 0.628906 0.801758 0.628906 0.805664 0.634115 0.809570 0.635417 0.815430 0.641927 0.819336 0.641927 0.820312 0.640625 0.830078 0.640625 0.832031 0.638021 0.834961 0.636719 0.838867 0.631510 0.839844 0.626302 0.840820 0.625000 0.840820 0.622396 0.841797 0.621094 0.841797 0.617188 0.843750 0.611979 0.843750 0.608073 0.845703 0.602865 0.845703 0.598958 0.846680 0.597656 0.846680 0.592448 0.844727 0.589844 0.842773 0.589844 0.833008 0.583333 0.830078 0.583333 0.826172 0.579427 0.818359 0.579427 0.810547 0.587240 0.804688 0.587240 0.803711 0.588542
0 0.902344 0.619792 0.901367 0.617188 0.893555 0.606771 0.893555 0.605469 0.888672 0.600260 0.887695 0.600260 0.887695 0.601562 0.884766 0.605469 0.875000 0.605469 0.874023 0.604167 0.869141 0.604167 0.868164 0.605469 0.865234 0.605469 0.864258 0.604167 0.860352 0.604167 0.857422 0.611979 0.857422 0.617188 0.856445 0.618490 0.854492 0.615885 0.853516 0.615885 0.853516 0.617188 0.855469 0.618490 0.855469 0.623698 0.852539 0.630208 0.852539 0.632812 0.853516 0.634115 0.853516 0.638021 0.854492 0.639323 0.854492 0.643229 0.855469 0.645833 0.856445 0.645833 0.860352 0.651042 0.864258 0.653646 0.870117 0.653646 0.875000 0.648438 0.882812 0.643229 0.885742 0.639323 0.888672 0.638021 0.891602 0.634115 0.894531 0.632812 0.902344 0.623698
0 0.879883 0.540365 0.875977 0.537760 0.874023 0.535156 0.864258 0.535156 0.863281 0.536458 0.857422 0.536458 0.854492 0.540365 0.851562 0.540365 0.849609 0.542969 0.842773 0.541667 0.840820 0.539062 0.840820 0.537760 0.836914 0.537760 0.836914 0.550781 0.834961 0.554688 0.834961 0.558594 0.833008 0.561198 0.833008 0.562500 0.830078 0.565104 0.829102 0.567708 0.829102 0.575521 0.833984 0.580729 0.841797 0.584635 0.848633 0.591146 0.851562 0.591146 0.853516 0.592448 0.854492 0.591146 0.860352 0.591146 0.861328 0.589844 0.864258 0.589844 0.866211 0.588542 0.871094 0.580729 0.871094 0.578125 0.875977 0.565104 0.875977 0.561198 0.876953 0.559896 0.877930 0.553385 0.879883 0.549479
0 0.891602 0.477865 0.889648 0.475260 0.887695 0.475260 0.883789 0.472656 0.881836 0.470052 0.877930 0.470052 0.876953 0.471354 0.874023 0.471354 0.868164 0.475260 0.859375 0.477865 0.855469 0.483073 0.853516 0.489583 0.851562 0.492188 0.851562 0.496094 0.850586 0.497396 0.850586 0.506510 0.849609 0.507812 0.849609 0.520833 0.851562 0.526042 0.856445 0.529948 0.860352 0.529948 0.864258 0.532552 0.868164 0.532552 0.869141 0.531250 0.871094 0.531250 0.874023 0.527344 0.875000 0.527344 0.880859 0.520833 0.881836 0.520833 0.883789 0.515625 0.887695 0.510417 0.887695 0.509115 0.889648 0.506510 0.891602 0.501302 0.891602 0.497396 0.892578 0.496094 0.892578 0.481771 0.891602 0.480469
0 0.918945 0.494792 0.896484 0.494792 0.893555 0.497396 0.893555 0.498698 0.892578 0.500000 0.892578 0.502604 0.890625 0.505208 0.889648 0.509115 0.883789 0.518229 0.883789 0.520833 0.882812 0.522135 0.882812 0.528646 0.883789 0.529948 0.883789 0.531250 0.888672 0.537760 0.888672 0.539062 0.895508 0.546875 0.895508 0.548177 0.896484 0.548177 0.897461 0.549479 0.900391 0.549479 0.901367 0.548177 0.902344 0.548177 0.903320 0.546875 0.905273 0.546875 0.906250 0.545573 0.910156 0.545573 0.911133 0.544271 0.914062 0.544271 0.916992 0.540365 0.918945 0.533854 0.920898 0.531250 0.921875 0.527344 0.923828 0.524740 0.924805 0.520833 0.926758 0.518229 0.926758 0.507812 0.925781 0.506510 0.923828 0.500000
0 0.832031 0.373698 0.829102 0.373698 0.826172 0.371094 0.824219 0.371094 0.824219 0.372396 0.822266 0.375000 0.819336 0.376302 0.817383 0.378906 0.813477 0.377604 0.815430 0.381510 0.814453 0.382812 0.811523 0.384115 0.806641 0.390625 0.803711 0.391927 0.801758 0.394531 0.800781 0.393229 0.798828 0.393229 0.796875 0.395833 0.794922 0.401042 0.794922 0.410156 0.795898 0.411458 0.795898 0.424479 0.798828 0.428385 0.803711 0.430990 0.805664 0.433594 0.805664 0.438802 0.809570 0.442708 0.813477 0.442708 0.814453 0.444010 0.824219 0.444010 0.825195 0.442708 0.828125 0.442708 0.833008 0.437500 0.833984 0.433594 0.835938 0.430990 0.838867 0.423177 0.838867 0.419271 0.839844 0.417969 0.839844 0.415365 0.842773 0.406250 0.842773 0.402344 0.843750 0.401042 0.844727 0.388021 0.836914 0.377604
0 0.856445 0.401042 0.853516 0.404948 0.851562 0.404948 0.850586 0.406250 0.845703 0.406250 0.842773 0.410156 0.840820 0.424479 0.837891 0.429688 0.835938 0.436198 0.833984 0.438802 0.833008 0.447917 0.833984 0.449219 0.833984 0.454427 0.837891 0.459635 0.840820 0.459635 0.844727 0.464844 0.850586 0.468750 0.864258 0.473958 0.865234 0.472656 0.878906 0.467448 0.888672 0.453125 0.890625 0.446615 0.890625 0.442708 0.891602 0.441406 0.891602 0.428385 0.886719 0.414062 0.883789 0.410156 0.881836 0.410156 0.876953 0.406250 0.874023 0.406250 0.869141 0.403646 0.865234 0.403646 0.861328 0.401042
0 0.918945 0.419271 0.914062 0.419271 0.913086 0.420573 0.911133 0.420573 0.907227 0.423177 0.902344 0.428385 0.901367 0.428385 0.900391 0.429688 0.900391 0.432292 0.896484 0.437500 0.895508 0.437500 0.894531 0.440104 0.894531 0.444010 0.892578 0.446615 0.892578 0.455729 0.891602 0.457031 0.892578 0.466146 0.894531 0.468750 0.897461 0.479167 0.900391 0.483073 0.906250 0.483073 0.907227 0.481771 0.912109 0.481771 0.919922 0.476562 0.922852 0.472656 0.925781 0.471354 0.936523 0.459635 0.936523 0.457031 0.937500 0.455729 0.937500 0.450521 0.935547 0.445312 0.933594 0.442708 0.932617 0.438802 0.930664 0.436198 0.930664 0.434896 0.928711 0.432292 0.926758 0.427083 0.923828 0.423177 0.922852 0.423177
0 0.943359 0.352865 0.938477 0.352865 0.936523 0.354167 0.934570 0.358073 0.932617 0.355469 0.925781 0.355469 0.923828 0.354167 0.918945 0.361979 0.915039 0.363281 0.913086 0.365885 0.906250 0.365885 0.906250 0.372396 0.909180 0.380208 0.910156 0.388021 0.911133 0.389323 0.911133 0.395833 0.910156 0.397135 0.910156 0.399740 0.913086 0.404948 0.914062 0.408854 0.921875 0.419271 0.926758 0.423177 0.928711 0.421875 0.931641 0.421875 0.937500 0.417969 0.939453 0.415365 0.948242 0.410156 0.950195 0.407552 0.958008 0.402344 0.962891 0.394531 0.962891 0.390625 0.963867 0.389323 0.963867 0.378906 0.961914 0.372396 0.958984 0.368490 0.958984 0.367188 0.958008 0.367188 0.954102 0.361979
0 0.876953 0.313802 0.871094 0.315104 0.869141 0.317708 0.865234 0.313802 0.864258 0.317708 0.861328 0.319010 0.856445 0.325521 0.855469 0.329427 0.853516 0.329427 0.853516 0.330729 0.857422 0.330729 0.859375 0.333333 0.863281 0.334635 0.866211 0.339844 0.864258 0.342448 0.860352 0.343750 0.856445 0.350260 0.851562 0.367188 0.852539 0.381510 0.855469 0.386719 0.856445 0.391927 0.859375 0.395833 0.866211 0.399740 0.870117 0.399740 0.873047 0.395833 0.876953 0.393229 0.883789 0.391927 0.890625 0.384115 0.893555 0.382812 0.897461 0.376302 0.898438 0.367188 0.902344 0.358073 0.902344 0.345052 0.898438 0.329427 0.890625 0.320312 0.881836 0.315104 0.877930 0.315104
0 0.850586 0.260417 0.842773 0.260417 0.841797 0.261719 0.834961 0.263021 0.834961 0.266927 0.833984 0.268229 0.824219 0.266927 0.822266 0.268229 0.821289 0.272135 0.817383 0.272135 0.817383 0.273438 0.813477 0.277344 0.812500 0.287760 0.816406 0.292969 0.811523 0.298177 0.809570 0.303385 0.813477 0.313802 0.812500 0.319010 0.809570 0.324219 0.828125 0.339844 0.834961 0.339844 0.849609 0.330729 0.853516 0.326823 0.861328 0.313802 0.862305 0.307292 0.869141 0.299479 0.871094 0.295573 0.868164 0.287760 0.865234 0.273438 0.861328 0.268229
