0 0.240234 0.329427 0.232422 0.322917 0.206055 0.315104 0.205078 0.309896 0.182617 0.319010 0.174805 0.324219 0.168945 0.332031 0.166992 0.339844 0.167969 0.384115 0.168945 0.390625 0.173828 0.402344 0.180664 0.411458 0.184570 0.414062 0.199219 0.415365 0.209961 0.411458 0.212891 0.407552 0.217773 0.406250 0.222656 0.399740 0.223633 0.395833 0.231445 0.391927 0.236328 0.377604 0.232422 0.375000 0.224609 0.364583 0.220703 0.350260 0.226562 0.347656 0.232422 0.350260 0.231445 0.341146 0.233398 0.337240 0.239258 0.333333
0 0.197266 0.444010 0.188477 0.453125 0.180664 0.466146 0.174805 0.486979 0.175781 0.497396 0.182617 0.503906 0.191406 0.515625 0.194336 0.527344 0.202148 0.537760 0.219727 0.539062 0.223633 0.535156 0.231445 0.533854 0.241211 0.523438 0.248047 0.513021 0.248047 0.506510 0.253906 0.485677 0.253906 0.475260 0.250000 0.466146 0.239258 0.455729 0.238281 0.457031 0.232422 0.457031 0.227539 0.451823 0.221680 0.449219 0.200195 0.449219
0 0.240234 0.555990 0.236328 0.555990 0.229492 0.546875 0.229492 0.544271 0.221680 0.541667 0.217773 0.542969 0.200195 0.542969 0.197266 0.545573 0.189453 0.546875 0.186523 0.549479 0.184570 0.555990 0.178711 0.565104 0.170898 0.582031 0.169922 0.585938 0.169922 0.601562 0.181641 0.618490 0.185547 0.619792 0.188477 0.623698 0.201172 0.623698 0.202148 0.622396 0.211914 0.621094 0.220703 0.626302 0.224609 0.623698 0.227539 0.618490 0.232422 0.615885 0.237305 0.609375 0.240234 0.602865 0.241211 0.591146 0.238281 0.584635 0.238281 0.579427 0.235352 0.574219 0.233398 0.565104 0.235352 0.561198 0.240234 0.563802 0.241211 0.561198
0 0.169922 0.615885 0.168945 0.618490 0.165039 0.622396 0.164062 0.631510 0.160156 0.638021 0.160156 0.640625 0.159180 0.641927 0.159180 0.651042 0.160156 0.653646 0.171875 0.669271 0.179688 0.683594 0.185547 0.691406 0.187500 0.692708 0.195312 0.691406 0.196289 0.690104 0.198242 0.690104 0.199219 0.691406 0.206055 0.691406 0.210938 0.688802 0.216797 0.680990 0.222656 0.665365 0.222656 0.647135 0.220703 0.640625 0.218750 0.638021 0.217773 0.632812 0.211914 0.628906 0.208984 0.625000 0.198242 0.625000 0.197266 0.626302 0.195312 0.626302 0.194336 0.625000 0.188477 0.625000 0.184570 0.621094 0.180664 0.619792 0.175781 0.614583
0 0.235352 0.695312 0.235352 0.699219 0.234375 0.700521 0.234375 0.709635 0.233398 0.710938 0.233398 0.718750 0.232422 0.720052 0.232422 0.730469 0.234375 0.733073 0.235352 0.736979 0.239258 0.736979 0.244141 0.742188 0.250000 0.742188 0.250977 0.743490 0.262695 0.743490 0.266602 0.746094 0.279297 0.747396 0.280273 0.746094 0.289062 0.746094 0.290039 0.744792 0.292969 0.744792 0.295898 0.742188 0.296875 0.738281 0.298828 0.735677 0.298828 0.729167 0.295898 0.720052 0.295898 0.708333 0.294922 0.707031 0.294922 0.703125 0.293945 0.701823 0.291016 0.701823 0.286133 0.696615 0.284180 0.696615 0.283203 0.695312 0.253906 0.695312 0.252930 0.694010 0.243164 0.694010 0.240234 0.690104 0.239258 0.690104
0 0.368164 0.721354 0.362305 0.716146 0.354492 0.713542 0.348633 0.709635 0.346680 0.712240 0.344727 0.712240 0.337891 0.717448 0.329102 0.718750 0.328125 0.720052 0.322266 0.721354 0.317383 0.726562 0.307617 0.733073 0.305664 0.733073 0.303711 0.735677 0.303711 0.739583 0.304688 0.740885 0.303711 0.747396 0.307617 0.753906 0.308594 0.757812 0.316406 0.768229 0.320312 0.770833 0.325195 0.770833 0.328125 0.773438 0.330078 0.773438 0.334961 0.778646 0.339844 0.778646 0.340820 0.777344 0.348633 0.774740 0.351562 0.770833 0.356445 0.768229 0.362305 0.761719 0.362305 0.760417 0.371094 0.747396 0.373047 0.742188 0.373047 0.736979
0 0.290039 0.657552 0.289062 0.667969 0.294922 0.674479 0.294922 0.677083 0.305664 0.700521 0.307617 0.701823 0.308594 0.705729 0.311523 0.708333 0.317383 0.717448 0.324219 0.718750 0.325195 0.717448 0.336914 0.716146 0.345703 0.709635 0.351562 0.700521 0.354492 0.692708 0.356445 0.690104 0.360352 0.688802 0.360352 0.678385 0.354492 0.669271 0.354492 0.665365 0.352539 0.662760 0.352539 0.658854 0.350586 0.653646 0.346680 0.651042 0.345703 0.645833 0.342773 0.647135 0.342773 0.649740 0.340820 0.651042 0.338867 0.647135 0.332031 0.649740 0.325195 0.644531 0.318359 0.644531 0.317383 0.645833 0.311523 0.645833 0.309570 0.644531 0.305664 0.647135 0.303711 0.651042 0.294922 0.653646 0.292969 0.656250
0 0.300781 0.592448 0.298828 0.592448 0.292969 0.588542 0.290039 0.588542 0.282227 0.583333 0.275391 0.583333 0.268555 0.587240 0.265625 0.587240 0.260742 0.591146 0.255859 0.592448 0.250000 0.598958 0.246094 0.601562 0.246094 0.602865 0.241211 0.608073 0.239258 0.613281 0.239258 0.617188 0.237305 0.621094 0.238281 0.627604 0.240234 0.631510 0.245117 0.634115 0.254883 0.645833 0.256836 0.645833 0.269531 0.653646 0.281250 0.653646 0.289062 0.648438 0.293945 0.648438 0.299805 0.641927 0.301758 0.634115 0.306641 0.626302 0.306641 0.622396 0.309570 0.617188 0.309570 0.606771 0.308594 0.604167 0.303711 0.598958
0 0.266602 0.507812 0.266602 0.509115 0.263672 0.511719 0.263672 0.514323 0.259766 0.523438 0.259766 0.529948 0.257812 0.537760 0.258789 0.549479 0.262695 0.554688 0.263672 0.558594 0.269531 0.569010 0.281250 0.582031 0.289062 0.585938 0.292969 0.585938 0.301758 0.591146 0.303711 0.589844 0.313477 0.575521 0.314453 0.563802 0.318359 0.554688 0.318359 0.549479 0.323242 0.529948 0.323242 0.526042 0.319336 0.516927 0.313477 0.510417 0.301758 0.502604 0.298828 0.502604 0.297852 0.501302 0.290039 0.501302 0.289062 0.502604 0.281250 0.503906 0.272461 0.510417
0 0.266602 0.364583 0.263672 0.365885 0.243164 0.386719 0.239258 0.398438 0.239258 0.423177 0.241211 0.434896 0.241211 0.450521 0.243164 0.455729 0.246094 0.459635 0.248047 0.459635 0.260742 0.468750 0.273438 0.470052 0.288086 0.457031 0.292969 0.450521 0.298828 0.446615 0.310547 0.432292 0.311523 0.429688 0.312500 0.403646 0.306641 0.395833 0.304688 0.388021 0.299805 0.380208 0.296875 0.372396 0.285156 0.367188 0.271484 0.367188
0 0.325195 0.415365 0.314453 0.425781 0.314453 0.428385 0.310547 0.436198 0.309570 0.442708 0.303711 0.458333 0.302734 0.468750 0.298828 0.477865 0.297852 0.486979 0.302734 0.494792 0.303711 0.500000 0.306641 0.503906 0.315430 0.510417 0.325195 0.511719 0.326172 0.513021 0.338867 0.513021 0.354492 0.505208 0.361328 0.496094 0.361328 0.493490 0.365234 0.486979 0.369141 0.471354 0.373047 0.466146 0.375000 0.455729 0.375000 0.447917 0.373047 0.444010 0.373047 0.438802 0.368164 0.437500 0.363281 0.428385 0.351562 0.420573 0.348633 0.420573 0.345703 0.417969
0 0.293945 0.257812 0.275391 0.260417 0.269531 0.266927 0.264648 0.268229 0.255859 0.278646 0.253906 0.278646 0.250000 0.282552 0.248047 0.289062 0.250977 0.298177 0.250977 0.307292 0.251953 0.308594 0.252930 0.326823 0.254883 0.334635 0.254883 0.342448 0.256836 0.351562 0.259766 0.358073 0.270508 0.363281 0.276367 0.363281 0.277344 0.361979 0.283203 0.361979 0.287109 0.359375 0.291992 0.359375 0.294922 0.358073 0.297852 0.354167 0.299805 0.354167 0.305664 0.346354 0.311523 0.343750 0.314453 0.339844 0.314453 0.337240 0.317383 0.333333 0.319336 0.325521 0.319336 0.313802 0.318359 0.309896 0.315430 0.305990 0.317383 0.289062 0.315430 0.286458 0.315430 0.283854 0.305664 0.263021
0 0.337891 0.322917 0.334961 0.328125 0.329102 0.332031 0.321289 0.343750 0.315430 0.346354 0.307617 0.355469 0.303711 0.358073 0.301758 0.361979 0.301758 0.371094 0.305664 0.380208 0.310547 0.386719 0.311523 0.391927 0.321289 0.403646 0.329102 0.410156 0.333984 0.412760 0.347656 0.414062 0.348633 0.415365 0.358398 0.414062 0.361328 0.410156 0.373047 0.401042 0.381836 0.388021 0.381836 0.385417 0.385742 0.377604 0.385742 0.371094 0.386719 0.369792 0.386719 0.365885 0.383789 0.359375 0.383789 0.351562 0.378906 0.342448 0.361328 0.329427 0.355469 0.326823 0.345703 0.326823 0.340820 0.322917
0 0.349609 0.213542 0.333984 0.220052 0.325195 0.230469 0.320312 0.242188 0.318359 0.253906 0.313477 0.261719 0.313477 0.274740 0.320312 0.287760 0.322266 0.302083 0.330078 0.313802 0.339844 0.320312 0.361328 0.326823 0.366211 0.320312 0.381836 0.285156 0.384766 0.268229 0.384766 0.260417 0.382812 0.252604 0.373047 0.236979 0.373047 0.226562 0.372070 0.223958 0.365234 0.217448 0.359375 0.216146 0.356445 0.213542
0 0.399414 0.169271 0.385742 0.179688 0.382812 0.183594 0.379883 0.191406 0.375000 0.216146 0.375977 0.217448 0.375977 0.238281 0.383789 0.251302 0.390625 0.253906 0.394531 0.259115 0.399414 0.260417 0.410156 0.269531 0.421875 0.273438 0.431641 0.272135 0.445312 0.257812 0.450195 0.242188 0.454102 0.236979 0.455078 0.209635 0.454102 0.203125 0.451172 0.196615 0.450195 0.188802 0.441406 0.178385 0.439453 0.178385 0.434570 0.170573 0.423828 0.164062 0.417969 0.164062 0.413086 0.166667 0.407227 0.166667
0 0.521484 0.190104 0.518555 0.190104 0.515625 0.195312 0.510742 0.195312 0.504883 0.191406 0.494141 0.191406 0.489258 0.194010 0.480469 0.201823 0.473633 0.205729 0.470703 0.209635 0.469727 0.217448 0.465820 0.223958 0.464844 0.243490 0.465820 0.244792 0.465820 0.265625 0.466797 0.268229 0.481445 0.286458 0.493164 0.294271 0.497070 0.294271 0.500977 0.291667 0.513672 0.290365 0.522461 0.281250 0.528320 0.279948 0.533203 0.270833 0.534180 0.259115 0.541016 0.239583 0.541016 0.222656 0.533203 0.207031
0 0.447266 0.261719 0.445312 0.261719 0.440430 0.266927 0.438477 0.266927 0.435547 0.272135 0.431641 0.273438 0.429688 0.277344 0.425781 0.277344 0.421875 0.274740 0.412109 0.277344 0.407227 0.274740 0.400391 0.276042 0.396484 0.281250 0.386719 0.303385 0.379883 0.311198 0.376953 0.324219 0.378906 0.332031 0.387695 0.343750 0.398438 0.348958 0.416016 0.367188 0.429688 0.371094 0.437500 0.369792 0.443359 0.358073 0.449219 0.350260 0.451172 0.342448 0.458008 0.330729 0.458984 0.317708 0.455078 0.279948 0.450195 0.281250 0.444336 0.274740 0.446289 0.268229 0.451172 0.268229
0 0.391602 0.377604 0.388672 0.385417 0.389648 0.393229 0.386719 0.404948 0.386719 0.424479 0.385742 0.425781 0.385742 0.434896 0.386719 0.438802 0.394531 0.447917 0.399414 0.450521 0.426758 0.451823 0.427734 0.453125 0.445312 0.451823 0.449219 0.449219 0.455078 0.440104 0.455078 0.430990 0.453125 0.425781 0.453125 0.414062 0.456055 0.402344 0.455078 0.399740 0.455078 0.391927 0.452148 0.390625 0.451172 0.388021 0.446289 0.384115 0.440430 0.381510 0.437500 0.375000 0.421875 0.373698 0.414062 0.369792 0.403320 0.368490
0 0.398438 0.454427 0.398438 0.455729 0.390625 0.464844 0.387695 0.479167 0.387695 0.485677 0.390625 0.493490 0.391602 0.506510 0.399414 0.522135 0.411133 0.539062 0.416992 0.542969 0.435547 0.541667 0.442383 0.539062 0.445312 0.536458 0.454102 0.523438 0.451172 0.486979 0.449219 0.477865 0.446289 0.473958 0.445312 0.466146 0.439453 0.459635 0.427734 0.454427 0.416016 0.454427 0.415039 0.453125 0.412109 0.453125 0.408203 0.455729 0.404297 0.453125
0 0.385742 0.501302 0.381836 0.501302 0.374023 0.505208 0.371094 0.503906 0.363281 0.503906 0.354492 0.510417 0.350586 0.515625 0.344727 0.519531 0.333984 0.531250 0.329102 0.539062 0.326172 0.548177 0.330078 0.570312 0.333008 0.578125 0.337891 0.582031 0.340820 0.582031 0.341797 0.583333 0.351562 0.583333 0.352539 0.584635 0.354492 0.583333 0.373047 0.583333 0.379883 0.579427 0.384766 0.571615 0.389648 0.570312 0.393555 0.566406 0.397461 0.555990 0.397461 0.546875 0.398438 0.545573 0.399414 0.536458 0.394531 0.527344 0.394531 0.519531 0.389648 0.506510
0 0.405273 0.592448 0.400391 0.591146 0.396484 0.585938 0.391602 0.585938 0.390625 0.584635 0.376953 0.585938 0.370117 0.591146 0.367188 0.591146 0.366211 0.592448 0.361328 0.592448 0.360352 0.591146 0.353516 0.591146 0.351562 0.592448 0.347656 0.598958 0.345703 0.605469 0.345703 0.631510 0.351562 0.645833 0.353516 0.647135 0.357422 0.653646 0.363281 0.658854 0.370117 0.662760 0.375977 0.662760 0.376953 0.661458 0.381836 0.661458 0.382812 0.660156 0.385742 0.660156 0.394531 0.656250 0.407227 0.644531 0.410156 0.635417 0.410156 0.617188 0.407227 0.608073 0.407227 0.598958
0 0.448242 0.541667 0.442383 0.540365 0.438477 0.542969 0.435547 0.542969 0.430664 0.545573 0.424805 0.545573 0.423828 0.546875 0.419922 0.546875 0.415039 0.542969 0.413086 0.544271 0.411133 0.550781 0.408203 0.555990 0.407227 0.565104 0.406250 0.566406 0.406250 0.572917 0.405273 0.574219 0.405273 0.584635 0.408203 0.591146 0.409180 0.600260 0.412109 0.606771 0.413086 0.611979 0.416016 0.615885 0.416992 0.619792 0.420898 0.623698 0.423828 0.625000 0.430664 0.625000 0.449219 0.613281 0.458984 0.604167 0.466797 0.595052 0.469727 0.589844 0.468750 0.574219 0.464844 0.563802 0.464844 0.559896 0.462891 0.554688 0.458984 0.549479
0 0.423828 0.654948 0.416016 0.647135 0.413086 0.647135 0.412109 0.645833 0.394531 0.662760 0.391602 0.662760 0.384766 0.666667 0.382812 0.665365 0.376953 0.665365 0.375000 0.667969 0.374023 0.677083 0.368164 0.691406 0.368164 0.699219 0.366211 0.705729 0.367188 0.713542 0.373047 0.718750 0.378906 0.720052 0.383789 0.723958 0.387695 0.723958 0.392578 0.726562 0.399414 0.726562 0.400391 0.727865 0.411133 0.726562 0.418945 0.717448 0.426758 0.713542 0.428711 0.710938 0.429688 0.707031 0.428711 0.699219 0.431641 0.687500 0.429688 0.682292 0.430664 0.673177
0 0.429688 0.730469 0.427734 0.727865 0.416992 0.727865 0.416016 0.726562 0.412109 0.730469 0.401367 0.730469 0.396484 0.727865 0.381836 0.727865 0.376953 0.736979 0.374023 0.744792 0.372070 0.755208 0.370117 0.760417 0.367188 0.764323 0.365234 0.772135 0.365234 0.783854 0.372070 0.796875 0.375977 0.800781 0.386719 0.805990 0.391602 0.811198 0.404297 0.811198 0.406250 0.809896 0.407227 0.807292 0.422852 0.789062 0.426758 0.782552 0.427734 0.778646 0.427734 0.763021 0.429688 0.757812 0.429688 0.743490 0.430664 0.742188
0 0.446289 0.751302 0.446289 0.755208 0.447266 0.756510 0.446289 0.757812 0.443359 0.757812 0.443359 0.779948 0.441406 0.786458 0.442383 0.799479 0.448242 0.809896 0.449219 0.813802 0.456055 0.820312 0.458984 0.829427 0.461914 0.833333 0.466797 0.837240 0.473633 0.839844 0.477539 0.839844 0.478516 0.841146 0.485352 0.839844 0.494141 0.829427 0.497070 0.820312 0.496094 0.813802 0.499023 0.809896 0.499023 0.803385 0.500000 0.802083 0.500000 0.777344 0.496094 0.768229 0.497070 0.756510 0.493164 0.751302 0.485352 0.747396 0.478516 0.747396 0.473633 0.750000 0.468750 0.750000 0.461914 0.753906 0.453125 0.752604 0.451172 0.755208
0 0.555664 0.752604 0.550781 0.751302 0.547852 0.756510 0.544922 0.757812 0.543945 0.756510 0.541016 0.756510 0.536133 0.752604 0.529297 0.751302 0.528320 0.752604 0.523438 0.752604 0.522461 0.753906 0.516602 0.755208 0.512695 0.760417 0.507812 0.760417 0.506836 0.761719 0.504883 0.761719 0.500977 0.757812 0.500977 0.760417 0.500000 0.761719 0.500000 0.772135 0.503906 0.778646 0.503906 0.783854 0.501953 0.787760 0.501953 0.792969 0.508789 0.807292 0.512695 0.812500 0.517578 0.815104 0.518555 0.813802 0.522461 0.813802 0.525391 0.811198 0.527344 0.811198 0.531250 0.808594 0.534180 0.808594 0.535156 0.807292 0.543945 0.807292 0.552734 0.799479 0.556641 0.790365 0.561523 0.782552 0.560547 0.773438 0.558594 0.768229 0.558594 0.761719 0.559570 0.760417 0.559570 0.757812
0 0.490234 0.677083 0.485352 0.677083 0.480469 0.682292 0.477539 0.682292 0.470703 0.687500 0.458984 0.687500 0.455078 0.690104 0.450195 0.690104 0.446289 0.687500 0.446289 0.688802 0.440430 0.695312 0.438477 0.700521 0.433594 0.708333 0.432617 0.717448 0.435547 0.726562 0.448242 0.744792 0.450195 0.744792 0.454102 0.748698 0.463867 0.748698 0.469727 0.744792 0.472656 0.744792 0.483398 0.736979 0.485352 0.736979 0.489258 0.731771 0.490234 0.725260 0.492188 0.721354 0.492188 0.718750 0.494141 0.713542 0.494141 0.701823 0.496094 0.697917 0.495117 0.684896
0 0.428711 0.627604 0.424805 0.639323 0.426758 0.658854 0.432617 0.670573 0.450195 0.687500 0.457031 0.687500 0.462891 0.684896 0.466797 0.686198 0.467773 0.684896 0.474609 0.683594 0.483398 0.675781 0.490234 0.665365 0.490234 0.662760 0.494141 0.653646 0.493164 0.647135 0.489258 0.641927 0.481445 0.636719 0.477539 0.631510 0.476562 0.628906 0.476562 0.623698 0.473633 0.615885 0.469727 0.615885 0.468750 0.614583 0.464844 0.614583 0.458984 0.611979 0.454102 0.611979 0.441406 0.621094 0.436523 0.622396 0.430664 0.627604
0 0.473633 0.600260 0.474609 0.606771 0.476562 0.611979 0.476562 0.618490 0.477539 0.619792 0.478516 0.627604 0.479492 0.630208 0.484375 0.635417 0.490234 0.636719 0.501953 0.644531 0.505859 0.644531 0.506836 0.645833 0.508789 0.645833 0.512695 0.648438 0.516602 0.648438 0.517578 0.649740 0.526367 0.648438 0.531250 0.644531 0.537109 0.636719 0.537109 0.634115 0.538086 0.632812 0.538086 0.626302 0.536133 0.621094 0.536133 0.605469 0.534180 0.604167 0.533203 0.601562 0.530273 0.604167 0.524414 0.602865 0.517578 0.597656 0.510742 0.595052 0.504883 0.589844 0.502930 0.589844 0.499023 0.587240 0.498047 0.584635 0.487305 0.584635 0.486328 0.585938 0.484375 0.585938 0.478516 0.589844
0 0.544922 0.636719 0.541992 0.636719 0.541016 0.635417 0.533203 0.645833 0.523438 0.652344 0.514648 0.652344 0.508789 0.649740 0.505859 0.653646 0.501953 0.654948 0.500000 0.658854 0.499023 0.667969 0.498047 0.669271 0.498047 0.683594 0.500000 0.688802 0.500000 0.694010 0.502930 0.700521 0.510742 0.710938 0.513672 0.713542 0.517578 0.714844 0.521484 0.718750 0.524414 0.720052 0.531250 0.720052 0.532227 0.721354 0.533203 0.720052 0.543945 0.720052 0.548828 0.712240 0.553711 0.709635 0.554688 0.707031 0.553711 0.671875 0.551758 0.664062 0.553711 0.653646
0 0.462891 0.488281 0.460938 0.490885 0.460938 0.496094 0.457031 0.500000 0.455078 0.505208 0.456055 0.528646 0.458008 0.533854 0.458008 0.539062 0.459961 0.546875 0.464844 0.553385 0.470703 0.558594 0.473633 0.559896 0.483398 0.559896 0.484375 0.558594 0.497070 0.558594 0.502930 0.555990 0.513672 0.541667 0.519531 0.524740 0.524414 0.516927 0.524414 0.506510 0.522461 0.501302 0.511719 0.489583 0.506836 0.489583 0.505859 0.488281 0.504883 0.489583 0.480469 0.489583 0.479492 0.490885 0.476562 0.490885 0.471680 0.485677
0 0.532227 0.444010 0.520508 0.429688 0.517578 0.429688 0.516602 0.428385 0.510742 0.428385 0.509766 0.427083 0.507812 0.428385 0.482422 0.428385 0.481445 0.429688 0.476562 0.429688 0.475586 0.430990 0.468750 0.432292 0.465820 0.434896 0.462891 0.434896 0.460938 0.438802 0.460938 0.444010 0.458008 0.449219 0.456055 0.455729 0.458984 0.464844 0.460938 0.467448 0.461914 0.472656 0.463867 0.476562 0.469727 0.483073 0.472656 0.484375 0.485352 0.484375 0.489258 0.486979 0.496094 0.486979 0.497070 0.485677 0.498047 0.486979 0.503906 0.486979 0.518555 0.480469 0.527344 0.464844 0.527344 0.462240 0.532227 0.450521
0 0.501953 0.298177 0.496094 0.302083 0.488281 0.312500 0.483398 0.324219 0.483398 0.334635 0.482422 0.335938 0.481445 0.347656 0.482422 0.352865 0.488281 0.365885 0.488281 0.380208 0.489258 0.384115 0.500000 0.399740 0.508789 0.402344 0.517578 0.402344 0.518555 0.401042 0.532227 0.398438 0.537109 0.391927 0.536133 0.386719 0.542969 0.377604 0.548828 0.359375 0.549805 0.334635 0.547852 0.325521 0.540039 0.309896 0.532227 0.302083 0.529297 0.302083 0.518555 0.295573 0.509766 0.295573
0 0.589844 0.272135 0.587891 0.273438 0.586914 0.278646 0.579102 0.282552 0.571289 0.282552 0.569336 0.286458 0.569336 0.290365 0.567383 0.292969 0.565430 0.290365 0.564453 0.283854 0.562500 0.289062 0.560547 0.290365 0.558594 0.299479 0.555664 0.302083 0.553711 0.307292 0.550781 0.324219 0.555664 0.345052 0.563477 0.356771 0.576172 0.363281 0.594727 0.368490 0.602539 0.364583 0.605469 0.364583 0.611328 0.360677 0.617188 0.354167 0.623047 0.345052 0.626953 0.325521 0.623047 0.316406 0.613281 0.302083 0.607422 0.289062 0.598633 0.278646
0 0.696289 0.263021 0.692383 0.257812 0.688477 0.256510 0.680664 0.250000 0.674805 0.240885 0.665039 0.235677 0.661133 0.235677 0.657227 0.239583 0.654297 0.239583 0.648438 0.243490 0.637695 0.255208 0.633789 0.261719 0.632812 0.266927 0.627930 0.272135 0.626953 0.285156 0.625977 0.286458 0.626953 0.291667 0.625977 0.300781 0.626953 0.304688 0.631836 0.312500 0.631836 0.315104 0.629883 0.316406 0.627930 0.312500 0.625977 0.312500 0.625000 0.313802 0.626953 0.319010 0.634766 0.328125 0.644531 0.332031 0.657227 0.332031 0.658203 0.330729 0.667969 0.330729 0.669922 0.332031 0.675781 0.329427 0.689453 0.309896 0.698242 0.289062 0.700195 0.273438
0 0.743164 0.272135 0.736328 0.277344 0.734375 0.276042 0.729492 0.277344 0.722656 0.287760 0.723633 0.292969 0.732422 0.291667 0.741211 0.286458 0.743164 0.289062 0.743164 0.294271 0.737305 0.300781 0.726562 0.303385 0.721680 0.320312 0.717773 0.324219 0.718750 0.333333 0.717773 0.341146 0.719727 0.345052 0.717773 0.350260 0.722656 0.352865 0.724609 0.356771 0.728516 0.359375 0.735352 0.360677 0.740234 0.364583 0.748047 0.380208 0.756836 0.381510 0.766602 0.375000 0.777344 0.361979 0.786133 0.339844 0.786133 0.325521 0.783203 0.309896 0.777344 0.298177 0.775391 0.290365 0.770508 0.283854 0.758789 0.277344
0 0.642578 0.346354 0.641602 0.350260 0.642578 0.355469 0.639648 0.359375 0.638672 0.393229 0.637695 0.394531 0.634766 0.391927 0.633789 0.393229 0.633789 0.399740 0.637695 0.406250 0.641602 0.417969 0.647461 0.424479 0.652344 0.427083 0.657227 0.427083 0.660156 0.424479 0.683594 0.423177 0.691406 0.419271 0.695312 0.414062 0.695312 0.410156 0.701172 0.394531 0.705078 0.373698 0.705078 0.356771 0.702148 0.352865 0.693359 0.347656 0.677734 0.342448 0.672852 0.343750 0.669922 0.338542 0.666016 0.337240 0.661133 0.338542 0.659180 0.335938 0.656250 0.339844 0.653320 0.339844 0.650391 0.345052
0 0.776367 0.395833 0.766602 0.382812 0.763672 0.381510 0.759766 0.384115 0.750000 0.384115 0.749023 0.382812 0.744141 0.382812 0.735352 0.377604 0.735352 0.381510 0.734375 0.382812 0.725586 0.384115 0.720703 0.386719 0.716797 0.386719 0.713867 0.384115 0.711914 0.384115 0.708008 0.389323 0.708008 0.393229 0.704102 0.399740 0.701172 0.412760 0.701172 0.425781 0.703125 0.430990 0.703125 0.440104 0.709961 0.450521 0.715820 0.454427 0.720703 0.454427 0.721680 0.453125 0.724609 0.454427 0.739258 0.454427 0.740234 0.453125 0.751953 0.451823 0.756836 0.447917 0.761719 0.437500 0.769531 0.425781 0.777344 0.404948
0 0.786133 0.351562 0.782227 0.354167 0.778320 0.364583 0.768555 0.377604 0.768555 0.380208 0.772461 0.384115 0.775391 0.376302 0.775391 0.372396 0.778320 0.368490 0.782227 0.369792 0.784180 0.368490 0.787109 0.360677 0.788086 0.361979 0.788086 0.371094 0.784180 0.373698 0.775391 0.385417 0.775391 0.389323 0.779297 0.399740 0.779297 0.419271 0.776367 0.424479 0.775391 0.434896 0.788086 0.446615 0.802734 0.451823 0.809570 0.451823 0.830078 0.424479 0.833984 0.415365 0.832031 0.404948 0.833008 0.388021 0.829102 0.373698 0.826172 0.368490 0.804688 0.351562 0.796875 0.350260
0 0.560547 0.361979 0.557617 0.364583 0.551758 0.364583 0.548828 0.368490 0.547852 0.373698 0.544922 0.377604 0.543945 0.386719 0.532227 0.403646 0.529297 0.414062 0.529297 0.419271 0.530273 0.420573 0.530273 0.425781 0.532227 0.429688 0.543945 0.445312 0.556641 0.453125 0.560547 0.457031 0.567383 0.458333 0.573242 0.451823 0.580078 0.450521 0.588867 0.445312 0.599609 0.432292 0.602539 0.421875 0.602539 0.404948 0.598633 0.386719 0.594727 0.378906 0.587891 0.373698 0.575195 0.369792 0.566406 0.363281
0 0.605469 0.428385 0.597656 0.438802 0.592773 0.442708 0.585938 0.453125 0.585938 0.475260 0.587891 0.481771 0.608398 0.507812 0.618164 0.507812 0.619141 0.506510 0.621094 0.507812 0.636719 0.507812 0.640625 0.502604 0.645508 0.498698 0.649414 0.492188 0.651367 0.485677 0.654297 0.481771 0.657227 0.473958 0.657227 0.470052 0.658203 0.468750 0.658203 0.451823 0.656250 0.446615 0.649414 0.436198 0.640625 0.432292 0.638672 0.429688 0.630859 0.430990 0.627930 0.428385 0.615234 0.428385 0.614258 0.427083 0.607422 0.427083
0 0.530273 0.470052 0.530273 0.472656 0.532227 0.476562 0.528320 0.484375 0.529297 0.493490 0.526367 0.502604 0.526367 0.515625 0.527344 0.516927 0.528320 0.529948 0.531250 0.536458 0.535156 0.540365 0.537109 0.540365 0.543945 0.545573 0.548828 0.546875 0.554688 0.550781 0.563477 0.552083 0.564453 0.550781 0.567383 0.550781 0.574219 0.545573 0.576172 0.545573 0.583984 0.537760 0.589844 0.528646 0.593750 0.513021 0.593750 0.505208 0.592773 0.503906 0.591797 0.493490 0.589844 0.489583 0.584961 0.486979 0.580078 0.480469 0.580078 0.477865 0.577148 0.471354 0.567383 0.467448 0.557617 0.467448 0.548828 0.462240 0.536133 0.467448 0.533203 0.470052
0 0.579102 0.549479 0.575195 0.549479 0.572266 0.552083 0.565430 0.553385 0.564453 0.554688 0.554688 0.553385 0.552734 0.557292 0.549805 0.557292 0.548828 0.555990 0.540039 0.563802 0.540039 0.569010 0.539062 0.570312 0.539062 0.584635 0.540039 0.585938 0.541016 0.601562 0.546875 0.615885 0.555664 0.630208 0.565430 0.639323 0.568359 0.639323 0.585938 0.625000 0.591797 0.615885 0.594727 0.614583 0.598633 0.609375 0.604492 0.595052 0.602539 0.582031 0.595703 0.567708 0.595703 0.561198 0.592773 0.555990 0.590820 0.555990 0.587891 0.553385 0.581055 0.552083
0 0.645508 0.510417 0.642578 0.514323 0.639648 0.513021 0.628906 0.513021 0.627930 0.511719 0.619141 0.514323 0.613281 0.531250 0.611328 0.540365 0.611328 0.558594 0.610352 0.559896 0.610352 0.565104 0.605469 0.569010 0.614258 0.580729 0.619141 0.583333 0.626953 0.592448 0.629883 0.593750 0.631836 0.592448 0.645508 0.591146 0.657227 0.584635 0.665039 0.576823 0.671875 0.575521 0.676758 0.570312 0.675781 0.554688 0.671875 0.542969 0.652344 0.519531 0.645508 0.518229 0.644531 0.516927 0.648438 0.513021
0 0.609375 0.589844 0.609375 0.596354 0.611328 0.598958 0.611328 0.609375 0.608398 0.614583 0.608398 0.622396 0.615234 0.634115 0.621094 0.652344 0.630859 0.664062 0.637695 0.667969 0.643555 0.667969 0.647461 0.665365 0.650391 0.665365 0.655273 0.661458 0.667969 0.647135 0.670898 0.639323 0.670898 0.630208 0.667969 0.621094 0.667969 0.610677 0.666016 0.605469 0.666016 0.600260 0.665039 0.596354 0.661133 0.589844 0.656250 0.588542 0.645508 0.593750 0.629883 0.595052 0.628906 0.596354 0.620117 0.596354 0.617188 0.592448 0.616211 0.588542 0.610352 0.588542
0 0.609375 0.630208 0.598633 0.625000 0.592773 0.625000 0.581055 0.632812 0.579102 0.632812 0.568359 0.641927 0.564453 0.641927 0.560547 0.638021 0.556641 0.638021 0.556641 0.645833 0.555664 0.649740 0.556641 0.653646 0.558594 0.656250 0.558594 0.660156 0.559570 0.661458 0.559570 0.678385 0.564453 0.688802 0.568359 0.694010 0.574219 0.697917 0.583984 0.697917 0.584961 0.696615 0.588867 0.696615 0.593750 0.694010 0.602539 0.692708 0.611328 0.687500 0.617188 0.679688 0.618164 0.670573 0.619141 0.669271 0.619141 0.661458 0.618164 0.660156 0.618164 0.656250 0.616211 0.648438 0.614258 0.644531 0.614258 0.638021
0 0.564453 0.695312 0.556641 0.704427 0.555664 0.708333 0.549805 0.716146 0.547852 0.720052 0.547852 0.727865 0.552734 0.740885 0.554688 0.743490 0.556641 0.750000 0.563477 0.759115 0.564453 0.759115 0.567383 0.764323 0.570312 0.766927 0.575195 0.766927 0.576172 0.765625 0.579102 0.765625 0.583008 0.763021 0.586914 0.757812 0.591797 0.753906 0.600586 0.742188 0.603516 0.733073 0.603516 0.727865 0.604492 0.726562 0.604492 0.716146 0.603516 0.714844 0.602539 0.709635 0.598633 0.704427 0.595703 0.703125 0.592773 0.697917 0.575195 0.700521 0.568359 0.695312
0 0.621094 0.657552 0.621094 0.661458 0.622070 0.662760 0.620117 0.666667 0.620117 0.671875 0.619141 0.673177 0.619141 0.675781 0.618164 0.677083 0.617188 0.682292 0.610352 0.690104 0.606445 0.691406 0.601562 0.695312 0.601562 0.700521 0.602539 0.703125 0.605469 0.707031 0.606445 0.710938 0.608398 0.713542 0.610352 0.713542 0.615234 0.717448 0.617188 0.717448 0.618164 0.718750 0.622070 0.718750 0.623047 0.720052 0.629883 0.720052 0.630859 0.718750 0.633789 0.718750 0.639648 0.714844 0.647461 0.712240 0.650391 0.708333 0.652344 0.701823 0.657227 0.694010 0.657227 0.691406 0.658203 0.690104 0.658203 0.679688 0.657227 0.678385 0.656250 0.671875 0.651367 0.666667 0.645508 0.667969 0.644531 0.669271 0.636719 0.669271 0.628906 0.664062 0.624023 0.657552
0 0.661133 0.662760 0.661133 0.666667 0.663086 0.673177 0.673828 0.686198 0.675781 0.692708 0.680664 0.696615 0.698242 0.695312 0.699219 0.694010 0.705078 0.692708 0.716797 0.682292 0.718750 0.682292 0.723633 0.678385 0.727539 0.671875 0.726562 0.649740 0.724609 0.643229 0.718750 0.635417 0.713867 0.631510 0.704102 0.631510 0.698242 0.634115 0.688477 0.635417 0.677734 0.622396 0.674805 0.623698 0.672852 0.626302 0.673828 0.630208 0.673828 0.638021 0.669922 0.645833 0.668945 0.651042
0 0.735352 0.567708 0.732422 0.566406 0.720703 0.553385 0.712891 0.549479 0.708008 0.549479 0.701172 0.554688 0.695312 0.562500 0.694336 0.567708 0.692383 0.570312 0.689453 0.565104 0.681641 0.566406 0.675781 0.576823 0.672852 0.579427 0.672852 0.582031 0.673828 0.583333 0.676758 0.578125 0.678711 0.578125 0.680664 0.575521 0.682617 0.578125 0.682617 0.584635 0.677734 0.591146 0.673828 0.588542 0.671875 0.592448 0.672852 0.604167 0.674805 0.606771 0.674805 0.609375 0.678711 0.618490 0.686523 0.628906 0.691406 0.628906 0.692383 0.627604 0.706055 0.628906 0.715820 0.625000 0.725586 0.617188 0.732422 0.608073 0.732422 0.605469 0.738281 0.589844 0.737305 0.574219
0 0.743164 0.605469 0.741211 0.609375 0.741211 0.611979 0.737305 0.614583 0.736328 0.619792 0.731445 0.626302 0.731445 0.631510 0.729492 0.636719 0.726562 0.640625 0.726562 0.643229 0.730469 0.651042 0.730469 0.653646 0.747070 0.677083 0.748047 0.677083 0.753906 0.684896 0.761719 0.684896 0.769531 0.679688 0.774414 0.674479 0.780273 0.671875 0.786133 0.662760 0.787109 0.652344 0.790039 0.647135 0.791016 0.634115 0.787109 0.622396 0.782227 0.615885 0.779297 0.608073 0.776367 0.605469 0.766602 0.605469 0.765625 0.606771 0.753906 0.608073 0.752930 0.609375 0.750000 0.609375
0 0.751953 0.471354 0.748047 0.471354 0.751953 0.472656 0.752930 0.476562 0.745117 0.485677 0.735352 0.489583 0.725586 0.489583 0.724609 0.490885 0.719727 0.488281 0.715820 0.492188 0.715820 0.494792 0.713867 0.497396 0.709961 0.497396 0.708984 0.496094 0.705078 0.497396 0.704102 0.500000 0.704102 0.511719 0.703125 0.513021 0.703125 0.527344 0.704102 0.531250 0.712891 0.546875 0.728516 0.555990 0.732422 0.554688 0.748047 0.542969 0.755859 0.541667 0.759766 0.539062 0.766602 0.531250 0.772461 0.529948 0.773438 0.527344 0.772461 0.522135 0.773438 0.511719 0.771484 0.506510 0.770508 0.498698 0.767578 0.494792 0.767578 0.492188 0.764648 0.486979 0.754883 0.473958 0.752930 0.473958
0 0.780273 0.519531 0.778320 0.519531 0.776367 0.522135 0.775391 0.528646 0.771484 0.533854 0.764648 0.536458 0.759766 0.541667 0.753906 0.544271 0.744141 0.552083 0.741211 0.555990 0.739258 0.561198 0.739258 0.567708 0.740234 0.569010 0.739258 0.571615 0.739258 0.582031 0.740234 0.583333 0.740234 0.588542 0.744141 0.600260 0.750000 0.606771 0.764648 0.605469 0.774414 0.601562 0.780273 0.597656 0.783203 0.597656 0.787109 0.593750 0.793945 0.593750 0.800781 0.589844 0.806641 0.583333 0.807617 0.579427 0.807617 0.559896 0.806641 0.558594 0.806641 0.552083 0.804688 0.546875 0.798828 0.537760 0.793945 0.537760 0.790039 0.535156 0.784180 0.523438
0 0.842773 0.565104 0.836914 0.558594 0.833984 0.557292 0.830078 0.559896 0.829102 0.562500 0.820312 0.562500 0.816406 0.559896 0.811523 0.559896 0.812500 0.572917 0.809570 0.582031 0.803711 0.589844 0.795898 0.595052 0.793945 0.598958 0.791992 0.596354 0.790039 0.596354 0.787109 0.608073 0.791016 0.622396 0.792969 0.625000 0.798828 0.627604 0.808594 0.627604 0.824219 0.634115 0.834961 0.634115 0.837891 0.632812 0.840820 0.628906 0.841797 0.625000 0.846680 0.618490 0.846680 0.615885 0.848633 0.613281 0.851562 0.602865 0.851562 0.591146 0.849609 0.585938 0.849609 0.582031 0.845703 0.570312
0 0.816406 0.449219 0.809570 0.454427 0.807617 0.454427 0.802734 0.458333 0.797852 0.459635 0.791992 0.463542 0.788086 0.472656 0.785156 0.476562 0.783203 0.476562 0.782227 0.479167 0.782227 0.498698 0.781250 0.500000 0.781250 0.503906 0.784180 0.515625 0.788086 0.522135 0.794922 0.526042 0.800781 0.526042 0.807617 0.529948 0.817383 0.529948 0.822266 0.532552 0.825195 0.531250 0.831055 0.523438 0.837891 0.518229 0.843750 0.507812 0.844727 0.500000 0.846680 0.494792 0.849609 0.492188 0.851562 0.488281 0.851562 0.483073 0.849609 0.479167 0.849609 0.468750 0.850586 0.464844 0.846680 0.458333 0.834961 0.451823 0.824219 0.450521 0.823242 0.449219
0 0.904297 0.493490 0.899414 0.489583 0.896484 0.489583 0.895508 0.488281 0.890625 0.488281 0.889648 0.486979 0.881836 0.486979 0.879883 0.488281 0.876953 0.485677 0.873047 0.485677 0.872070 0.484375 0.870117 0.485677 0.862305 0.485677 0.859375 0.488281 0.856445 0.488281 0.852539 0.490885 0.847656 0.497396 0.846680 0.501302 0.846680 0.505208 0.847656 0.506510 0.843750 0.511719 0.842773 0.515625 0.842773 0.519531 0.845703 0.526042 0.845703 0.529948 0.843750 0.533854 0.843750 0.539062 0.841797 0.542969 0.842773 0.546875 0.853516 0.561198 0.860352 0.565104 0.863281 0.563802 0.875977 0.563802 0.886719 0.558594 0.892578 0.550781 0.896484 0.549479 0.897461 0.545573 0.899414 0.544271 0.901367 0.540365 0.906250 0.537760 0.907227 0.535156 0.907227 0.510417 0.908203 0.509115 0.908203 0.500000
0 0.933594 0.424479 0.923828 0.411458 0.919922 0.408854 0.910156 0.408854 0.906250 0.412760 0.896484 0.414062 0.893555 0.416667 0.889648 0.423177 0.880859 0.432292 0.877930 0.433594 0.874023 0.438802 0.874023 0.446615 0.872070 0.450521 0.872070 0.454427 0.871094 0.455729 0.871094 0.460938 0.874023 0.464844 0.873047 0.468750 0.871094 0.471354 0.872070 0.472656 0.872070 0.477865 0.875977 0.481771 0.899414 0.484375 0.900391 0.483073 0.908203 0.481771 0.915039 0.475260 0.920898 0.471354 0.922852 0.471354 0.926758 0.466146 0.927734 0.455729 0.929688 0.451823 0.930664 0.444010 0.933594 0.440104 0.935547 0.433594
0 0.930664 0.324219 0.919922 0.319010 0.916992 0.319010 0.908203 0.324219 0.906250 0.324219 0.903320 0.321615 0.903320 0.322917 0.896484 0.330729 0.893555 0.332031 0.888672 0.330729 0.883789 0.335938 0.880859 0.343750 0.875977 0.351562 0.875000 0.360677 0.874023 0.361979 0.875000 0.363281 0.875000 0.372396 0.877930 0.376302 0.877930 0.388021 0.879883 0.389323 0.883789 0.395833 0.887695 0.395833 0.893555 0.402344 0.901367 0.403646 0.902344 0.404948 0.927734 0.403646 0.930664 0.402344 0.930664 0.401042 0.935547 0.395833 0.935547 0.390625 0.933594 0.384115 0.933594 0.376302 0.934570 0.375000 0.934570 0.364583 0.937500 0.358073 0.937500 0.343750 0.938477 0.341146 0.935547 0.330729
0 0.857422 0.274740 0.843750 0.272135 0.833984 0.283854 0.833984 0.290365 0.831055 0.300781 0.818359 0.315104 0.817383 0.317708 0.817383 0.322917 0.815430 0.329427 0.816406 0.337240 0.811523 0.341146 0.811523 0.346354 0.814453 0.350260 0.818359 0.351562 0.821289 0.356771 0.829102 0.364583 0.835938 0.364583 0.841797 0.358073 0.844727 0.356771 0.861328 0.355469 0.868164 0.351562 0.873047 0.351562 0.876953 0.347656 0.884766 0.330729 0.885742 0.325521 0.884766 0.311198 0.880859 0.307292 0.877930 0.300781 0.869141 0.289062 0.865234 0.281250
