0 0.079102 0.087467 0.079102 0.095300 0.084961 0.104439 0.084961 0.105744 0.092773 0.110966 0.101562 0.112272 0.103516 0.114883 0.104492 0.120104 0.110352 0.120104 0.116211 0.113577 0.123047 0.112272 0.126953 0.109661 0.134766 0.097911 0.137695 0.096606 0.141602 0.091384 0.141602 0.086162 0.134766 0.075718 0.134766 0.073107 0.132812 0.069191 0.131836 0.063969 0.127930 0.060052 0.125000 0.060052 0.120117 0.057441 0.116211 0.057441 0.115234 0.056136 0.094727 0.056136 0.093750 0.057441 0.090820 0.057441 0.085938 0.060052 0.085938 0.065274 0.083984 0.069191 0.083008 0.077023 0.080078 0.082245 0.080078 0.086162
0 0.137695 0.027415 0.137695 0.028721 0.133789 0.035248 0.132812 0.045692 0.130859 0.049608 0.130859 0.060052 0.132812 0.062663 0.135742 0.073107 0.148438 0.091384 0.152344 0.093995 0.165039 0.093995 0.166992 0.092689 0.169922 0.084856 0.169922 0.075718 0.175781 0.060052 0.175781 0.057441 0.178711 0.050914 0.178711 0.045692 0.172852 0.037859 0.171875 0.037859 0.166992 0.031332 0.165039 0.030026 0.163086 0.030026 0.159180 0.027415 0.155273 0.027415 0.154297 0.026110 0.149414 0.026110 0.148438 0.024804 0.143555 0.024804 0.142578 0.026110
0 0.056641 0.163185 0.051758 0.171018 0.051758 0.181462 0.052734 0.184073 0.050781 0.189295 0.048828 0.191906 0.041016 0.193211 0.033203 0.201044 0.032227 0.215405 0.041016 0.228460 0.053711 0.232376 0.057617 0.237598 0.059570 0.237598 0.060547 0.238903 0.072266 0.238903 0.075195 0.233681 0.084961 0.233681 0.086914 0.232376 0.086914 0.228460 0.083008 0.221932 0.083984 0.219321 0.083984 0.208877 0.083008 0.206266 0.079102 0.202350 0.078125 0.198433 0.076172 0.195822 0.075195 0.180157 0.074219 0.178851 0.075195 0.177546 0.076172 0.168407 0.072266 0.163185 0.065430 0.163185 0.064453 0.161880 0.058594 0.161880
0 0.041016 0.245431 0.038086 0.249347 0.037109 0.249347 0.028320 0.262402 0.028320 0.265013 0.026367 0.268930 0.025391 0.276762 0.024414 0.278068 0.024414 0.291123 0.025391 0.292428 0.025391 0.295039 0.034180 0.300261 0.037109 0.304178 0.041016 0.306789 0.042969 0.306789 0.046875 0.309399 0.049805 0.309399 0.050781 0.310705 0.057617 0.310705 0.058594 0.312010 0.062500 0.312010 0.073242 0.298956 0.076172 0.291123 0.076172 0.280679 0.074219 0.275457 0.074219 0.263708 0.071289 0.259791 0.067383 0.258486 0.061523 0.251958 0.059570 0.250653 0.056641 0.250653 0.052734 0.248042 0.047852 0.242820 0.043945 0.244125 0.042969 0.245431
0 0.082031 0.322454 0.081055 0.342037 0.085938 0.348564 0.086914 0.348564 0.093750 0.359008 0.097656 0.361619 0.099609 0.361619 0.100586 0.362924 0.104492 0.362924 0.108398 0.365535 0.119141 0.365535 0.122070 0.360313 0.123047 0.360313 0.125000 0.362924 0.125000 0.364230 0.126953 0.364230 0.126953 0.360313 0.127930 0.357702 0.125000 0.353786 0.125000 0.349869 0.128906 0.339426 0.128906 0.330287 0.123047 0.321149 0.116211 0.317232 0.111328 0.310705 0.110352 0.305483 0.107422 0.302872 0.099609 0.310705 0.097656 0.310705 0.096680 0.312010 0.088867 0.314621 0.086914 0.315927
0 0.110352 0.368146 0.103516 0.378590 0.103516 0.383812 0.101562 0.386423 0.098633 0.394256 0.098633 0.398172 0.099609 0.399478 0.099609 0.402089 0.102539 0.409922 0.109375 0.420366 0.111328 0.428198 0.113281 0.428198 0.114258 0.429504 0.122070 0.429504 0.127930 0.425587 0.130859 0.421671 0.134766 0.419060 0.140625 0.419060 0.142578 0.417755 0.144531 0.415144 0.144531 0.409922 0.140625 0.406005 0.135742 0.403394 0.130859 0.396867 0.129883 0.392950 0.128906 0.392950 0.125977 0.387728 0.125977 0.382507 0.127930 0.379896 0.130859 0.372063 0.128906 0.369452 0.117188 0.369452 0.116211 0.370757 0.113281 0.370757
0 0.146484 0.345953 0.139648 0.351175 0.136719 0.360313 0.129883 0.373368 0.129883 0.375979 0.126953 0.385117 0.127930 0.386423 0.128906 0.392950 0.135742 0.402089 0.146484 0.408616 0.154297 0.408616 0.155273 0.409922 0.159180 0.409922 0.161133 0.408616 0.164062 0.404700 0.164062 0.403394 0.168945 0.398172 0.169922 0.395561 0.169922 0.382507 0.172852 0.378590 0.173828 0.378590 0.175781 0.373368 0.171875 0.368146 0.171875 0.365535 0.166992 0.355091 0.164062 0.353786 0.163086 0.351175 0.166992 0.347258 0.168945 0.347258 0.172852 0.353786 0.176758 0.353786 0.177734 0.351175 0.176758 0.348564 0.174805 0.347258
0 0.161133 0.419060 0.159180 0.419060 0.158203 0.417755 0.151367 0.417755 0.150391 0.419060 0.143555 0.419060 0.142578 0.420366 0.137695 0.420366 0.136719 0.421671 0.133789 0.421671 0.129883 0.424282 0.126953 0.428198 0.125977 0.428198 0.122070 0.434726 0.123047 0.437337 0.123047 0.439948 0.125000 0.443864 0.125977 0.450392 0.127930 0.453003 0.127930 0.455614 0.130859 0.463446 0.137695 0.472585 0.137695 0.473890 0.138672 0.473890 0.140625 0.476501 0.142578 0.476501 0.143555 0.477807 0.156250 0.477807 0.160156 0.475196 0.163086 0.471279 0.163086 0.468668 0.164062 0.466057 0.166016 0.463446 0.166992 0.463446 0.166992 0.462141 0.169922 0.458225 0.171875 0.453003 0.171875 0.446475 0.170898 0.445170 0.170898 0.439948 0.169922 0.438642 0.169922 0.434726 0.167969 0.429504
0 0.052734 0.477807 0.052734 0.483029 0.053711 0.484334 0.053711 0.486945 0.059570 0.494778 0.060547 0.501305 0.062500 0.503916 0.064453 0.509138 0.077148 0.518277 0.079102 0.518277 0.083008 0.520888 0.084961 0.523499 0.088867 0.523499 0.093750 0.519582 0.099609 0.519582 0.101562 0.518277 0.100586 0.516971 0.097656 0.516971 0.095703 0.514360 0.095703 0.513055 0.101562 0.505222 0.105469 0.502611 0.108398 0.497389 0.108398 0.490862 0.107422 0.489556 0.107422 0.483029 0.106445 0.481723 0.106445 0.479112 0.104492 0.476501 0.102539 0.476501 0.086914 0.466057 0.081055 0.459530 0.074219 0.459530 0.073242 0.460836 0.071289 0.460836 0.069336 0.463446 0.065430 0.464752 0.058594 0.471279 0.055664 0.472585 0.055664 0.473890
0 0.177734 0.477807 0.175781 0.479112 0.167969 0.480418 0.166992 0.481723 0.165039 0.481723 0.163086 0.484334 0.159180 0.486945 0.157227 0.486945 0.150391 0.494778 0.148438 0.500000 0.148438 0.505222 0.147461 0.506527 0.147461 0.514360 0.148438 0.515666 0.148438 0.526110 0.147461 0.527415 0.147461 0.531332 0.149414 0.535248 0.152344 0.536554 0.155273 0.540470 0.165039 0.548303 0.181641 0.548303 0.183594 0.545692 0.183594 0.543081 0.186523 0.539164 0.187500 0.528721 0.190430 0.520888 0.191406 0.497389 0.190430 0.496084 0.188477 0.496084 0.184570 0.492167 0.185547 0.490862 0.185547 0.486945
0 0.164062 0.553525 0.159180 0.553525 0.158203 0.554830 0.155273 0.554830 0.154297 0.556136 0.149414 0.556136 0.147461 0.558747 0.143555 0.560052 0.142578 0.561358 0.140625 0.560052 0.137695 0.560052 0.135742 0.565274 0.135742 0.569191 0.134766 0.570496 0.134766 0.575718 0.137695 0.580940 0.137695 0.590078 0.138672 0.591384 0.138672 0.596606 0.139648 0.597911 0.138672 0.599217 0.139648 0.605744 0.140625 0.608355 0.146484 0.616188 0.150391 0.618799 0.154297 0.618799 0.155273 0.620104 0.159180 0.620104 0.160156 0.618799 0.167969 0.618799 0.168945 0.617493 0.170898 0.617493 0.173828 0.613577 0.173828 0.612272 0.171875 0.609661 0.171875 0.604439 0.170898 0.603133 0.170898 0.596606 0.169922 0.595300 0.169922 0.586162 0.170898 0.584856 0.170898 0.569191 0.169922 0.567885 0.169922 0.565274 0.167969 0.562663 0.166016 0.562663 0.164062 0.560052 0.164062 0.557441 0.165039 0.556136
0 0.208984 0.587467 0.207031 0.591384 0.204102 0.591384 0.196289 0.600522 0.193359 0.608355 0.192383 0.613577 0.188477 0.618799 0.188477 0.624021 0.191406 0.627937 0.191406 0.630548 0.192383 0.631854 0.193359 0.637076 0.199219 0.647520 0.203125 0.650131 0.205078 0.650131 0.209961 0.654047 0.211914 0.654047 0.216797 0.657963 0.221680 0.657963 0.224609 0.655352 0.224609 0.654047 0.232422 0.642298 0.233398 0.637076 0.234375 0.635770 0.234375 0.631854 0.236328 0.626632 0.238281 0.624021 0.239258 0.624021 0.239258 0.621410 0.237305 0.618799 0.237305 0.610966 0.236328 0.609661 0.237305 0.600522 0.233398 0.593995 0.233398 0.592689 0.227539 0.587467 0.222656 0.587467 0.221680 0.586162 0.217773 0.586162 0.216797 0.587467
0 0.236328 0.637076 0.227539 0.652742 0.227539 0.665796 0.228516 0.667102 0.228516 0.669713 0.230469 0.672324 0.232422 0.677546 0.232422 0.680157 0.236328 0.685379 0.240234 0.687990 0.242188 0.687990 0.243164 0.689295 0.248047 0.689295 0.249023 0.690601 0.260742 0.690601 0.261719 0.689295 0.263672 0.689295 0.267578 0.686684 0.274414 0.680157 0.276367 0.673629 0.278320 0.671018 0.278320 0.664491 0.276367 0.660574 0.276367 0.656658 0.275391 0.655352 0.275391 0.648825 0.271484 0.643603 0.270508 0.643603 0.266602 0.637076 0.265625 0.637076 0.263672 0.634465 0.258789 0.634465 0.257812 0.633159 0.253906 0.633159 0.252930 0.631854 0.247070 0.631854 0.246094 0.633159 0.243164 0.633159 0.242188 0.634465 0.240234 0.634465
0 0.287109 0.577023 0.282227 0.577023 0.282227 0.578329 0.277344 0.583551 0.269531 0.583551 0.267578 0.586162 0.266602 0.586162 0.262695 0.591384 0.261719 0.595300 0.258789 0.599217 0.258789 0.600522 0.255859 0.605744 0.255859 0.609661 0.254883 0.612272 0.256836 0.617493 0.258789 0.620104 0.258789 0.621410 0.262695 0.625326 0.266602 0.634465 0.269531 0.638381 0.270508 0.638381 0.272461 0.642298 0.274414 0.643603 0.283203 0.643603 0.284180 0.642298 0.287109 0.642298 0.291016 0.637076 0.292969 0.637076 0.295898 0.633159 0.298828 0.625326 0.302734 0.620104 0.303711 0.614883 0.304688 0.613577 0.304688 0.610966 0.305664 0.609661 0.305664 0.605744 0.304688 0.604439 0.304688 0.601828 0.302734 0.596606 0.302734 0.592689 0.300781 0.587467 0.296875 0.584856 0.293945 0.580940 0.291992 0.580940 0.290039 0.578329 0.288086 0.578329
0 0.321289 0.563969 0.319336 0.565274 0.315430 0.570496 0.314453 0.570496 0.312500 0.573107 0.311523 0.577023 0.306641 0.583551 0.304688 0.584856 0.303711 0.587467 0.303711 0.591384 0.305664 0.595300 0.306641 0.603133 0.307617 0.604439 0.307617 0.608355 0.308594 0.609661 0.309570 0.617493 0.311523 0.622715 0.315430 0.624021 0.317383 0.626632 0.321289 0.627937 0.322266 0.629243 0.331055 0.629243 0.334961 0.625326 0.340820 0.621410 0.341797 0.617493 0.352539 0.603133 0.353516 0.600522 0.353516 0.595300 0.351562 0.591384 0.350586 0.583551 0.345703 0.577023 0.345703 0.575718 0.344727 0.575718 0.342773 0.578329 0.340820 0.578329 0.338867 0.575718 0.338867 0.573107 0.325195 0.563969
0 0.395508 0.607050 0.391602 0.607050 0.389648 0.604439 0.389648 0.603133 0.385742 0.600522 0.383789 0.600522 0.381836 0.597911 0.379883 0.597911 0.375977 0.595300 0.372070 0.595300 0.371094 0.596606 0.366211 0.596606 0.364258 0.597911 0.364258 0.600522 0.365234 0.601828 0.364258 0.603133 0.361328 0.603133 0.357422 0.609661 0.354492 0.610966 0.351562 0.614883 0.351562 0.633159 0.352539 0.634465 0.352539 0.638381 0.353516 0.639687 0.353516 0.650131 0.351562 0.655352 0.353516 0.657963 0.359375 0.659269 0.363281 0.663185 0.376953 0.663185 0.378906 0.661880 0.380859 0.659269 0.380859 0.657963 0.387695 0.648825 0.388672 0.644909 0.391602 0.640992 0.391602 0.639687 0.395508 0.633159 0.395508 0.627937 0.396484 0.626632 0.396484 0.608355
0 0.380859 0.665796 0.374023 0.665796 0.369141 0.671018 0.361328 0.671018 0.361328 0.674935 0.357422 0.680157 0.356445 0.682768 0.356445 0.697128 0.357422 0.698433 0.357422 0.706266 0.358398 0.707572 0.358398 0.719321 0.359375 0.720627 0.359375 0.724543 0.364258 0.731070 0.366211 0.731070 0.367188 0.732376 0.373047 0.732376 0.374023 0.731070 0.381836 0.729765 0.382812 0.728460 0.386719 0.727154 0.390625 0.721932 0.390625 0.720627 0.392578 0.718016 0.392578 0.715405 0.395508 0.711488 0.396484 0.711488 0.399414 0.706266 0.399414 0.702350 0.400391 0.701044 0.400391 0.693211 0.401367 0.691906 0.400391 0.690601 0.400391 0.684073 0.399414 0.682768 0.394531 0.682768 0.390625 0.678851 0.388672 0.678851 0.383789 0.673629 0.380859 0.672324 0.378906 0.669713
0 0.369141 0.535248 0.369141 0.537859 0.367188 0.540470 0.365234 0.540470 0.362305 0.548303 0.360352 0.550914 0.360352 0.554830 0.358398 0.560052 0.358398 0.574413 0.360352 0.579634 0.364258 0.584856 0.366211 0.584856 0.368164 0.587467 0.370117 0.587467 0.375000 0.592689 0.380859 0.596606 0.387695 0.597911 0.394531 0.591384 0.395508 0.591384 0.399414 0.586162 0.399414 0.584856 0.404297 0.577023 0.404297 0.573107 0.407227 0.565274 0.404297 0.561358 0.403320 0.561358 0.394531 0.549608 0.390625 0.548303 0.388672 0.545692 0.384766 0.543081 0.378906 0.543081 0.377930 0.541775 0.371094 0.541775 0.369141 0.539164 0.369141 0.537859 0.371094 0.535248 0.372070 0.535248
0 0.284180 0.527415 0.279297 0.533943 0.279297 0.535248 0.275391 0.544386 0.275391 0.546997 0.274414 0.548303 0.274414 0.554830 0.275391 0.556136 0.276367 0.560052 0.280273 0.565274 0.281250 0.565274 0.283203 0.567885 0.285156 0.567885 0.287109 0.571802 0.290039 0.573107 0.291992 0.575718 0.292969 0.575718 0.293945 0.577023 0.295898 0.577023 0.300781 0.580940 0.305664 0.580940 0.308594 0.577023 0.309570 0.577023 0.311523 0.570496 0.316406 0.563969 0.317383 0.563969 0.319336 0.561358 0.319336 0.557441 0.318359 0.556136 0.318359 0.548303 0.317383 0.546997 0.317383 0.544386 0.316406 0.543081 0.316406 0.541775 0.312500 0.537859 0.305664 0.533943 0.297852 0.526110 0.295898 0.526110 0.294922 0.524804 0.289062 0.524804 0.288086 0.526110 0.286133 0.526110 0.285156 0.527415
0 0.260742 0.527415 0.257812 0.527415 0.256836 0.526110 0.253906 0.526110 0.252930 0.524804 0.250000 0.524804 0.249023 0.523499 0.243164 0.523499 0.242188 0.524804 0.240234 0.524804 0.236328 0.530026 0.234375 0.531332 0.232422 0.531332 0.231445 0.532637 0.226562 0.532637 0.218750 0.539164 0.219727 0.544386 0.220703 0.545692 0.221680 0.553525 0.223633 0.557441 0.223633 0.560052 0.225586 0.565274 0.232422 0.573107 0.235352 0.580940 0.235352 0.584856 0.237305 0.588773 0.241211 0.588773 0.247070 0.582245 0.250000 0.580940 0.251953 0.578329 0.255859 0.575718 0.264648 0.565274 0.266602 0.560052 0.270508 0.554830 0.268555 0.550914 0.265625 0.535248 0.264648 0.532637
0 0.240234 0.489556 0.233398 0.480418 0.231445 0.479112 0.225586 0.479112 0.223633 0.481723 0.221680 0.481723 0.218750 0.489556 0.210938 0.494778 0.205078 0.494778 0.199219 0.490862 0.197266 0.488251 0.196289 0.488251 0.193359 0.492167 0.192383 0.514360 0.197266 0.519582 0.205078 0.524804 0.208008 0.524804 0.208984 0.526110 0.211914 0.526110 0.212891 0.527415 0.218750 0.527415 0.219727 0.528721 0.222656 0.528721 0.223633 0.530026 0.229492 0.530026 0.230469 0.528721 0.233398 0.528721 0.239258 0.519582 0.239258 0.516971 0.241211 0.511749 0.241211 0.502611 0.240234 0.501305
0 0.231445 0.391645 0.225586 0.395561 0.219727 0.403394 0.218750 0.406005 0.217773 0.413838 0.216797 0.415144 0.217773 0.416449 0.217773 0.421671 0.219727 0.425587 0.219727 0.429504 0.221680 0.433420 0.222656 0.438642 0.225586 0.442559 0.226562 0.446475 0.228516 0.449086 0.230469 0.449086 0.238281 0.454308 0.248047 0.454308 0.254883 0.446475 0.258789 0.445170 0.260742 0.442559 0.264648 0.439948 0.263672 0.439948 0.261719 0.436031 0.264648 0.432115 0.265625 0.426893 0.266602 0.425587 0.266602 0.417755 0.265625 0.416449 0.264648 0.406005 0.262695 0.402089 0.262695 0.399478 0.258789 0.398172 0.257812 0.396867 0.254883 0.396867 0.253906 0.395561 0.250977 0.395561 0.250000 0.394256 0.248047 0.394256 0.244141 0.391645 0.239258 0.391645 0.238281 0.390339
0 0.204102 0.315927 0.203125 0.317232 0.198242 0.318538 0.194336 0.322454 0.189453 0.325065 0.183594 0.332898 0.183594 0.338120 0.182617 0.339426 0.182617 0.347258 0.184570 0.351175 0.184570 0.362924 0.187500 0.368146 0.190430 0.369452 0.192383 0.372063 0.200195 0.377285 0.202148 0.379896 0.204102 0.379896 0.208008 0.382507 0.215820 0.382507 0.217773 0.379896 0.220703 0.379896 0.222656 0.378590 0.225586 0.374674 0.225586 0.372063 0.227539 0.366841 0.227539 0.353786 0.226562 0.352480 0.226562 0.347258 0.224609 0.342037 0.224609 0.338120 0.222656 0.332898 0.218750 0.326371 0.218750 0.325065 0.217773 0.325065 0.214844 0.321149 0.214844 0.319843 0.213867 0.319843 0.211914 0.317232 0.209961 0.317232 0.208984 0.315927
0 0.228516 0.331593 0.228516 0.335509 0.227539 0.336815 0.228516 0.359008 0.229492 0.360313 0.229492 0.364230 0.232422 0.370757 0.232422 0.373368 0.233398 0.374674 0.233398 0.379896 0.235352 0.385117 0.241211 0.386423 0.245117 0.389034 0.248047 0.389034 0.251953 0.391645 0.256836 0.391645 0.257812 0.392950 0.264648 0.392950 0.265625 0.391645 0.269531 0.390339 0.272461 0.386423 0.275391 0.379896 0.274414 0.370757 0.276367 0.366841 0.276367 0.353786 0.272461 0.342037 0.272461 0.338120 0.273438 0.336815 0.271484 0.336815 0.270508 0.335509 0.263672 0.335509 0.262695 0.334204 0.260742 0.334204 0.259766 0.332898 0.255859 0.332898 0.254883 0.331593 0.247070 0.331593 0.241211 0.327676 0.233398 0.327676
0 0.114258 0.272846 0.113281 0.278068 0.112305 0.279373 0.112305 0.309399 0.116211 0.314621 0.121094 0.317232 0.125977 0.322454 0.127930 0.322454 0.131836 0.325065 0.133789 0.327676 0.135742 0.327676 0.136719 0.328982 0.138672 0.328982 0.140625 0.326371 0.144531 0.323760 0.153320 0.321149 0.158203 0.317232 0.158203 0.309399 0.159180 0.308094 0.159180 0.304178 0.162109 0.297650 0.162109 0.292428 0.163086 0.291123 0.163086 0.288512 0.162109 0.285901 0.158203 0.280679 0.157227 0.275457 0.155273 0.272846 0.150391 0.272846 0.149414 0.271540 0.146484 0.271540 0.145508 0.270235 0.139648 0.270235 0.138672 0.268930 0.119141 0.268930
0 0.096680 0.220627 0.093750 0.228460 0.093750 0.237598 0.094727 0.238903 0.094727 0.250653 0.093750 0.251958 0.094727 0.254569 0.096680 0.254569 0.098633 0.257180 0.099609 0.257180 0.106445 0.266319 0.110352 0.268930 0.113281 0.268930 0.114258 0.270235 0.119141 0.266319 0.137695 0.266319 0.140625 0.263708 0.142578 0.257180 0.141602 0.255875 0.141602 0.246736 0.140625 0.245431 0.139648 0.238903 0.136719 0.234987 0.133789 0.227154 0.129883 0.221932 0.129883 0.220627 0.125977 0.215405 0.125977 0.214099 0.121094 0.207572 0.119141 0.207572 0.118164 0.206266 0.111328 0.206266 0.110352 0.207572 0.108398 0.207572 0.104492 0.211488 0.103516 0.211488
0 0.145508 0.131854 0.138672 0.137076 0.134766 0.143603 0.132812 0.150131 0.128906 0.156658 0.125977 0.164491 0.126953 0.167102 0.126953 0.171018 0.132812 0.177546 0.133789 0.181462 0.135742 0.184073 0.138672 0.191906 0.141602 0.190601 0.148438 0.195822 0.151367 0.195822 0.152344 0.197128 0.161133 0.197128 0.162109 0.195822 0.169922 0.193211 0.176758 0.187990 0.179688 0.180157 0.179688 0.173629 0.181641 0.168407 0.181641 0.161880 0.173828 0.151436 0.173828 0.147520 0.161133 0.131854 0.157227 0.131854 0.156250 0.130548
0 0.169922 0.113577 0.167969 0.116188 0.166016 0.121410 0.166016 0.124021 0.165039 0.125326 0.165039 0.133159 0.174805 0.146214 0.175781 0.151436 0.183594 0.161880 0.186523 0.161880 0.187500 0.163185 0.190430 0.163185 0.191406 0.164491 0.200195 0.164491 0.206055 0.160574 0.210938 0.154047 0.211914 0.146214 0.212891 0.144909 0.212891 0.139687 0.213867 0.138381 0.213867 0.129243 0.214844 0.127937 0.214844 0.124021 0.215820 0.122715 0.212891 0.120104 0.212891 0.118799 0.208984 0.113577 0.208984 0.112272 0.203125 0.104439 0.197266 0.100522 0.193359 0.100522 0.181641 0.108355 0.179688 0.108355 0.178711 0.109661 0.176758 0.109661 0.175781 0.110966 0.173828 0.110966
0 0.232422 0.113577 0.230469 0.114883 0.228516 0.117493 0.228516 0.118799 0.219727 0.129243 0.215820 0.139687 0.215820 0.157963 0.216797 0.159269 0.216797 0.165796 0.218750 0.168407 0.222656 0.169713 0.224609 0.172324 0.224609 0.173629 0.227539 0.176240 0.227539 0.177546 0.229492 0.178851 0.232422 0.178851 0.240234 0.185379 0.245117 0.186684 0.246094 0.185379 0.248047 0.185379 0.250000 0.182768 0.250000 0.181462 0.253906 0.176240 0.256836 0.174935 0.257812 0.172324 0.257812 0.133159 0.256836 0.131854 0.255859 0.126632 0.253906 0.125326 0.250000 0.118799 0.246094 0.116188 0.241211 0.116188 0.240234 0.114883 0.233398 0.114883
0 0.198242 0.171018 0.194336 0.177546 0.193359 0.185379 0.192383 0.186684 0.192383 0.191906 0.189453 0.199739 0.189453 0.208877 0.188477 0.210183 0.189453 0.212794 0.189453 0.216710 0.192383 0.220627 0.195312 0.228460 0.195312 0.231070 0.197266 0.233681 0.198242 0.233681 0.201172 0.238903 0.206055 0.238903 0.211914 0.234987 0.232422 0.234987 0.235352 0.232376 0.234375 0.225849 0.237305 0.218016 0.239258 0.215405 0.239258 0.212794 0.240234 0.211488 0.240234 0.199739 0.233398 0.190601 0.232422 0.186684 0.223633 0.173629 0.214844 0.168407 0.206055 0.168407 0.202148 0.171018
0 0.277344 0.182768 0.271484 0.182768 0.270508 0.184073 0.264648 0.185379 0.260742 0.189295 0.258789 0.189295 0.253906 0.194517 0.250000 0.197128 0.248047 0.197128 0.242188 0.206266 0.241211 0.216710 0.243164 0.220627 0.243164 0.223238 0.245117 0.228460 0.249023 0.233681 0.249023 0.236292 0.251953 0.240209 0.252930 0.240209 0.259766 0.248042 0.261719 0.248042 0.262695 0.249347 0.265625 0.249347 0.267578 0.250653 0.268555 0.249347 0.271484 0.249347 0.275391 0.245431 0.278320 0.248042 0.283203 0.248042 0.283203 0.245431 0.277344 0.245431 0.276367 0.242820 0.279297 0.240209 0.281250 0.240209 0.283203 0.237598 0.285156 0.241514 0.287109 0.241514 0.287109 0.238903 0.290039 0.232376 0.290039 0.227154 0.291992 0.220627 0.291016 0.211488 0.286133 0.198433
0 0.243164 0.023499 0.238281 0.023499 0.231445 0.027415 0.227539 0.027415 0.217773 0.033943 0.210938 0.043081 0.207031 0.053525 0.207031 0.057441 0.208008 0.058747 0.208008 0.061358 0.208984 0.062663 0.208984 0.065274 0.211914 0.074413 0.214844 0.078329 0.214844 0.079634 0.224609 0.092689 0.226562 0.093995 0.236328 0.093995 0.237305 0.092689 0.241211 0.092689 0.242188 0.091384 0.244141 0.091384 0.247070 0.084856 0.253906 0.075718 0.254883 0.075718 0.260742 0.067885 0.261719 0.065274 0.261719 0.056136 0.259766 0.052219 0.259766 0.048303 0.258789 0.046997 0.258789 0.044386 0.255859 0.035248 0.250000 0.027415 0.245117 0.026110
0 0.263672 0.067885 0.261719 0.069191 0.257812 0.074413 0.256836 0.074413 0.250977 0.082245 0.250977 0.083551 0.248047 0.088773 0.248047 0.091384 0.247070 0.092689 0.246094 0.097911 0.244141 0.100522 0.243164 0.100522 0.243164 0.108355 0.246094 0.112272 0.246094 0.113577 0.247070 0.113577 0.250000 0.117493 0.250977 0.117493 0.259766 0.130548 0.263672 0.133159 0.274414 0.133159 0.275391 0.131854 0.277344 0.131854 0.282227 0.127937 0.284180 0.127937 0.290039 0.124021 0.291016 0.118799 0.291992 0.117493 0.292969 0.105744 0.291016 0.101828 0.290039 0.096606 0.287109 0.092689 0.287109 0.088773 0.284180 0.080940 0.284180 0.078329 0.280273 0.071802 0.279297 0.071802 0.275391 0.067885
0 0.276367 0.134465 0.275391 0.137076 0.275391 0.154047 0.276367 0.155352 0.276367 0.168407 0.277344 0.169713 0.277344 0.173629 0.278320 0.174935 0.278320 0.180157 0.281250 0.187990 0.287109 0.195822 0.290039 0.195822 0.291016 0.197128 0.299805 0.197128 0.301758 0.195822 0.305664 0.190601 0.313477 0.185379 0.318359 0.185379 0.319336 0.184073 0.322266 0.176240 0.322266 0.169713 0.321289 0.168407 0.321289 0.165796 0.319336 0.164491 0.317383 0.156658 0.314453 0.152742 0.314453 0.150131 0.313477 0.148825 0.313477 0.143603 0.312500 0.142298 0.308594 0.140992 0.294922 0.131854 0.280273 0.131854
0 0.310547 0.189295 0.308594 0.190601 0.297852 0.206266 0.297852 0.210183 0.296875 0.211488 0.296875 0.218016 0.297852 0.219321 0.297852 0.238903 0.298828 0.241514 0.304688 0.249347 0.308594 0.251958 0.312500 0.251958 0.313477 0.250653 0.328125 0.250653 0.329102 0.249347 0.333008 0.248042 0.335938 0.244125 0.340820 0.241514 0.344727 0.234987 0.344727 0.229765 0.338867 0.215405 0.337891 0.210183 0.334961 0.206266 0.334961 0.204961 0.330078 0.197128 0.328125 0.191906 0.324219 0.187990 0.314453 0.187990 0.313477 0.189295
0 0.286133 0.002611 0.285156 0.003916 0.283203 0.003916 0.281250 0.006527 0.280273 0.010444 0.278320 0.013055 0.271484 0.030026 0.271484 0.045692 0.270508 0.046997 0.270508 0.054830 0.275391 0.062663 0.283203 0.067885 0.284180 0.070496 0.287109 0.071802 0.290039 0.075718 0.293945 0.078329 0.299805 0.078329 0.309570 0.071802 0.315430 0.065274 0.317383 0.065274 0.314453 0.057441 0.315430 0.044386 0.316406 0.043081 0.317383 0.036554 0.323242 0.028721 0.324219 0.023499 0.321289 0.018277 0.319336 0.018277 0.315430 0.015666 0.312500 0.011749 0.301758 0.003916 0.288086 0.003916
0 0.322266 0.067885 0.318359 0.069191 0.316406 0.071802 0.313477 0.073107 0.307617 0.080940 0.307617 0.082245 0.303711 0.088773 0.301758 0.093995 0.301758 0.096606 0.297852 0.105744 0.297852 0.114883 0.300781 0.122715 0.305664 0.127937 0.311523 0.131854 0.313477 0.134465 0.317383 0.135770 0.318359 0.137076 0.321289 0.134465 0.321289 0.131854 0.324219 0.126632 0.324219 0.124021 0.326172 0.118799 0.330078 0.113577 0.330078 0.112272 0.335938 0.105744 0.338867 0.104439 0.340820 0.101828 0.342773 0.101828 0.346680 0.095300 0.346680 0.088773 0.344727 0.083551 0.342773 0.080940 0.342773 0.079634 0.339844 0.075718 0.335938 0.073107 0.330078 0.071802 0.329102 0.070496 0.323242 0.069191
0 0.338867 0.105744 0.333008 0.110966 0.329102 0.116188 0.325195 0.125326 0.325195 0.127937 0.321289 0.135770 0.321289 0.139687 0.326172 0.152742 0.331055 0.160574 0.335938 0.173629 0.341797 0.181462 0.342773 0.181462 0.343750 0.184073 0.345703 0.185379 0.350586 0.185379 0.351562 0.186684 0.357422 0.186684 0.358398 0.185379 0.364258 0.184073 0.370117 0.180157 0.373047 0.173629 0.373047 0.151436 0.374023 0.150131 0.374023 0.144909 0.373047 0.143603 0.373047 0.137076 0.372070 0.135770 0.372070 0.133159 0.366211 0.121410 0.357422 0.109661 0.353516 0.107050 0.346680 0.105744 0.345703 0.104439
0 0.359375 0.187990 0.352539 0.194517 0.352539 0.195822 0.349609 0.199739 0.347656 0.204961 0.347656 0.207572 0.346680 0.208877 0.346680 0.229765 0.356445 0.240209 0.358398 0.240209 0.360352 0.241514 0.364258 0.246736 0.371094 0.250653 0.373047 0.253264 0.377930 0.254569 0.379883 0.253264 0.381836 0.250653 0.381836 0.249347 0.389648 0.240209 0.390625 0.237598 0.390625 0.233681 0.391602 0.232376 0.391602 0.211488 0.389648 0.206266 0.386719 0.204961 0.379883 0.195822 0.376953 0.194517 0.371094 0.187990 0.369141 0.186684 0.362305 0.186684 0.361328 0.187990
0 0.411133 0.212794 0.410156 0.214099 0.408203 0.214099 0.404297 0.216710 0.400391 0.221932 0.396484 0.232376 0.396484 0.234987 0.393555 0.241514 0.393555 0.248042 0.394531 0.249347 0.394531 0.253264 0.395508 0.254569 0.395508 0.259791 0.396484 0.261097 0.396484 0.263708 0.400391 0.274151 0.403320 0.279373 0.405273 0.280679 0.410156 0.280679 0.411133 0.281984 0.415039 0.281984 0.416016 0.283290 0.422852 0.283290 0.425781 0.279373 0.426758 0.279373 0.428711 0.276762 0.428711 0.275457 0.435547 0.266319 0.436523 0.261097 0.437500 0.259791 0.437500 0.249347 0.435547 0.245431 0.435547 0.242820 0.434570 0.241514 0.432617 0.231070 0.429688 0.225849 0.428711 0.220627 0.422852 0.212794
0 0.458984 0.189295 0.457031 0.189295 0.452148 0.193211 0.444336 0.195822 0.440430 0.199739 0.434570 0.202350 0.431641 0.210183 0.431641 0.212794 0.432617 0.214099 0.432617 0.221932 0.433594 0.224543 0.439453 0.231070 0.441406 0.236292 0.445312 0.240209 0.445312 0.241514 0.449219 0.246736 0.449219 0.248042 0.454102 0.255875 0.457031 0.255875 0.458008 0.254569 0.459961 0.254569 0.463867 0.251958 0.467773 0.251958 0.468750 0.250653 0.471680 0.250653 0.474609 0.246736 0.478516 0.236292 0.478516 0.233681 0.479492 0.232376 0.479492 0.220627 0.476562 0.214099 0.475586 0.208877 0.467773 0.198433 0.464844 0.197128 0.460938 0.191906 0.460938 0.190601
0 0.386719 0.091384 0.377930 0.100522 0.375977 0.105744 0.375000 0.114883 0.373047 0.118799 0.373047 0.124021 0.377930 0.130548 0.377930 0.133159 0.382812 0.139687 0.382812 0.140992 0.394531 0.152742 0.396484 0.154047 0.403320 0.154047 0.404297 0.152742 0.406250 0.152742 0.408203 0.151436 0.409180 0.147520 0.416992 0.138381 0.420898 0.127937 0.420898 0.124021 0.421875 0.122715 0.420898 0.121410 0.420898 0.118799 0.414062 0.109661 0.414062 0.108355 0.409180 0.101828 0.409180 0.100522 0.403320 0.092689 0.394531 0.092689 0.393555 0.091384
0 0.389648 0.018277 0.386719 0.018277 0.384766 0.016971 0.379883 0.020888 0.376953 0.026110 0.375977 0.026110 0.370117 0.033943 0.369141 0.033943 0.364258 0.044386 0.361328 0.048303 0.360352 0.048303 0.357422 0.053525 0.357422 0.056136 0.356445 0.057441 0.356445 0.083551 0.357422 0.084856 0.357422 0.091384 0.361328 0.093995 0.368164 0.104439 0.373047 0.104439 0.375977 0.101828 0.375977 0.100522 0.378906 0.096606 0.381836 0.095300 0.385742 0.088773 0.389648 0.086162 0.399414 0.084856 0.402344 0.080940 0.404297 0.075718 0.404297 0.073107 0.406250 0.069191 0.406250 0.066580 0.407227 0.065274 0.407227 0.061358 0.406250 0.060052 0.406250 0.044386 0.405273 0.043081 0.404297 0.036554 0.396484 0.024804
0 0.424805 0.002611 0.416016 0.003916 0.410156 0.007833 0.410156 0.009138 0.408203 0.010444 0.404297 0.016971 0.405273 0.037859 0.406250 0.039164 0.406250 0.041775 0.407227 0.043081 0.407227 0.048303 0.408203 0.049608 0.408203 0.061358 0.410156 0.065274 0.411133 0.070496 0.413086 0.071802 0.414062 0.074413 0.415039 0.074413 0.419922 0.079634 0.421875 0.079634 0.422852 0.080940 0.427734 0.075718 0.435547 0.074413 0.441406 0.070496 0.443359 0.067885 0.444336 0.063969 0.447266 0.060052 0.447266 0.057441 0.450195 0.053525 0.449219 0.050914 0.450195 0.048303 0.450195 0.040470 0.447266 0.035248 0.447266 0.031332 0.446289 0.030026 0.446289 0.027415 0.443359 0.018277 0.441406 0.015666 0.441406 0.014360 0.435547 0.007833 0.431641 0.006527 0.428711 0.003916 0.425781 0.003916
0 0.462891 0.063969 0.457031 0.063969 0.455078 0.066580 0.452148 0.067885 0.450195 0.070496 0.449219 0.070496 0.448242 0.071802 0.443359 0.074413 0.441406 0.077023 0.436523 0.079634 0.433594 0.083551 0.432617 0.083551 0.429688 0.087467 0.426758 0.088773 0.423828 0.092689 0.423828 0.101828 0.424805 0.103133 0.424805 0.107050 0.427734 0.113577 0.428711 0.113577 0.429688 0.114883 0.432617 0.114883 0.434570 0.117493 0.435547 0.117493 0.438477 0.120104 0.447266 0.120104 0.448242 0.118799 0.450195 0.118799 0.451172 0.117493 0.454102 0.116188 0.458008 0.112272 0.459961 0.112272 0.460938 0.110966 0.465820 0.109661 0.467773 0.107050 0.467773 0.101828 0.466797 0.100522 0.466797 0.075718 0.465820 0.074413 0.465820 0.070496 0.463867 0.067885
0 0.494141 0.138381 0.487305 0.138381 0.475586 0.146214 0.473633 0.146214 0.470703 0.148825 0.468750 0.148825 0.461914 0.152742 0.458984 0.157963 0.456055 0.165796 0.456055 0.168407 0.454102 0.172324 0.454102 0.177546 0.453125 0.180157 0.454102 0.181462 0.454102 0.185379 0.455078 0.187990 0.458984 0.187990 0.465820 0.191906 0.468750 0.195822 0.472656 0.198433 0.478516 0.206266 0.484375 0.207572 0.485352 0.208877 0.486328 0.207572 0.488281 0.207572 0.493164 0.199739 0.498047 0.187990 0.500000 0.177546 0.501953 0.173629 0.503906 0.163185 0.506836 0.155352 0.505859 0.150131 0.501953 0.144909 0.496094 0.140992
0 0.184570 0.254569 0.184570 0.255875 0.180664 0.261097 0.178711 0.266319 0.178711 0.268930 0.177734 0.270235 0.177734 0.289817 0.176758 0.291123 0.176758 0.295039 0.177734 0.296345 0.177734 0.298956 0.184570 0.306789 0.186523 0.308094 0.188477 0.308094 0.191406 0.310705 0.194336 0.310705 0.198242 0.313316 0.209961 0.313316 0.211914 0.312010 0.211914 0.310705 0.214844 0.306789 0.214844 0.305483 0.218750 0.301567 0.220703 0.296345 0.220703 0.276762 0.221680 0.275457 0.221680 0.268930 0.220703 0.266319 0.219727 0.266319 0.217773 0.263708 0.215820 0.263708 0.214844 0.262402 0.211914 0.262402 0.210938 0.261097 0.208008 0.261097 0.207031 0.259791 0.205078 0.259791 0.202148 0.257180 0.200195 0.257180 0.199219 0.255875 0.197266 0.255875 0.193359 0.253264 0.186523 0.253264
0 0.227539 0.265013 0.223633 0.270235 0.223633 0.274151 0.222656 0.275457 0.222656 0.281984 0.221680 0.283290 0.221680 0.287206 0.222656 0.288512 0.222656 0.305483 0.223633 0.306789 0.223633 0.314621 0.225586 0.317232 0.225586 0.318538 0.229492 0.322454 0.233398 0.323760 0.234375 0.325065 0.245117 0.325065 0.246094 0.323760 0.250977 0.323760 0.251953 0.322454 0.257812 0.322454 0.258789 0.325065 0.259766 0.325065 0.259766 0.323760 0.261719 0.321149 0.263672 0.321149 0.264648 0.319843 0.263672 0.319843 0.260742 0.315927 0.264648 0.312010 0.265625 0.298956 0.264648 0.297650 0.263672 0.289817 0.262695 0.288512 0.261719 0.272846 0.259766 0.270235 0.259766 0.268930 0.250977 0.262402 0.247070 0.262402 0.246094 0.261097 0.231445 0.262402
0 0.264648 0.275457 0.263672 0.278068 0.263672 0.283290 0.266602 0.289817 0.266602 0.292428 0.268555 0.297650 0.268555 0.301567 0.270508 0.308094 0.270508 0.313316 0.274414 0.319843 0.274414 0.322454 0.277344 0.325065 0.284180 0.325065 0.285156 0.323760 0.299805 0.325065 0.301758 0.322454 0.304688 0.322454 0.305664 0.321149 0.310547 0.319843 0.311523 0.317232 0.311523 0.313316 0.310547 0.312010 0.305664 0.313316 0.303711 0.310705 0.307617 0.306789 0.307617 0.302872 0.308594 0.301567 0.308594 0.291123 0.309570 0.289817 0.309570 0.284595 0.307617 0.278068 0.307617 0.267624 0.304688 0.262402 0.300781 0.261097 0.298828 0.258486 0.296875 0.258486 0.295898 0.257180 0.283203 0.257180 0.280273 0.259791 0.278320 0.259791 0.270508 0.270235
0 0.309570 0.323760 0.303711 0.331593 0.301758 0.336815 0.301758 0.339426 0.300781 0.340731 0.300781 0.352480 0.302734 0.356397 0.302734 0.370757 0.303711 0.373368 0.305664 0.373368 0.306641 0.374674 0.310547 0.375979 0.313477 0.379896 0.315430 0.379896 0.320312 0.385117 0.334961 0.385117 0.335938 0.383812 0.337891 0.383812 0.343750 0.379896 0.345703 0.377285 0.345703 0.374674 0.347656 0.369452 0.347656 0.352480 0.345703 0.347258 0.345703 0.340731 0.344727 0.339426 0.344727 0.335509 0.339844 0.328982 0.329102 0.321149 0.321289 0.321149 0.320312 0.319843 0.316406 0.319843 0.315430 0.321149 0.313477 0.321149
0 0.340820 0.272846 0.340820 0.275457 0.338867 0.280679 0.339844 0.293734 0.342773 0.298956 0.342773 0.300261 0.345703 0.304178 0.345703 0.305483 0.356445 0.318538 0.360352 0.318538 0.365234 0.313316 0.367188 0.313316 0.368164 0.312010 0.370117 0.312010 0.374023 0.309399 0.376953 0.309399 0.377930 0.308094 0.389648 0.309399 0.390625 0.304178 0.391602 0.302872 0.391602 0.298956 0.390625 0.297650 0.390625 0.293734 0.389648 0.292428 0.388672 0.284595 0.386719 0.279373 0.379883 0.268930 0.372070 0.263708 0.368164 0.258486 0.364258 0.258486 0.361328 0.261097 0.356445 0.261097 0.355469 0.262402 0.349609 0.263708 0.343750 0.267624
0 0.374023 0.310705 0.373047 0.312010 0.365234 0.314621 0.357422 0.323760 0.356445 0.327676 0.353516 0.331593 0.353516 0.334204 0.351562 0.339426 0.351562 0.345953 0.352539 0.347258 0.352539 0.352480 0.354492 0.356397 0.354492 0.359008 0.360352 0.372063 0.361328 0.378590 0.368164 0.382507 0.372070 0.382507 0.373047 0.383812 0.376953 0.383812 0.377930 0.385117 0.384766 0.385117 0.389648 0.381201 0.394531 0.374674 0.396484 0.368146 0.403320 0.360313 0.403320 0.352480 0.399414 0.343342 0.399414 0.339426 0.398438 0.338120 0.398438 0.328982 0.395508 0.321149 0.394531 0.313316 0.391602 0.310705 0.389648 0.312010 0.387695 0.312010 0.386719 0.310705
0 0.416016 0.301567 0.414062 0.304178 0.413086 0.304178 0.405273 0.314621 0.403320 0.319843 0.402344 0.326371 0.400391 0.330287 0.400391 0.342037 0.404297 0.351175 0.404297 0.353786 0.406250 0.359008 0.407227 0.359008 0.411133 0.364230 0.415039 0.366841 0.423828 0.368146 0.424805 0.366841 0.427734 0.366841 0.428711 0.365535 0.430664 0.365535 0.434570 0.362924 0.439453 0.356397 0.439453 0.355091 0.444336 0.348564 0.446289 0.343342 0.446289 0.340731 0.447266 0.339426 0.447266 0.332898 0.444336 0.327676 0.442383 0.321149 0.439453 0.317232 0.436523 0.309399 0.432617 0.304178 0.430664 0.302872 0.428711 0.302872 0.427734 0.301567
0 0.458008 0.272846 0.457031 0.274151 0.455078 0.274151 0.451172 0.276762 0.441406 0.288512 0.439453 0.289817 0.436523 0.297650 0.436523 0.306789 0.438477 0.312010 0.442383 0.317232 0.445312 0.325065 0.448242 0.328982 0.450195 0.328982 0.456055 0.332898 0.458984 0.336815 0.458984 0.338120 0.462891 0.338120 0.463867 0.336815 0.468750 0.335509 0.474609 0.331593 0.481445 0.323760 0.482422 0.321149 0.482422 0.318538 0.483398 0.317232 0.483398 0.312010 0.484375 0.310705 0.484375 0.298956 0.483398 0.296345 0.482422 0.296345 0.478516 0.291123 0.477539 0.291123 0.474609 0.287206 0.473633 0.287206 0.465820 0.276762 0.464844 0.276762 0.460938 0.272846
0 0.456055 0.351175 0.456055 0.352480 0.452148 0.359008 0.452148 0.364230 0.451172 0.365535 0.451172 0.369452 0.452148 0.370757 0.452148 0.381201 0.451172 0.382507 0.452148 0.385117 0.452148 0.389034 0.461914 0.400783 0.464844 0.402089 0.469727 0.407311 0.481445 0.407311 0.487305 0.403394 0.488281 0.400783 0.488281 0.398172 0.489258 0.396867 0.490234 0.385117 0.491211 0.383812 0.491211 0.381201 0.492188 0.379896 0.492188 0.377285 0.494141 0.372063 0.494141 0.362924 0.491211 0.357702 0.491211 0.356397 0.489258 0.353786 0.487305 0.352480 0.485352 0.352480 0.476562 0.345953 0.464844 0.345953 0.463867 0.347258 0.461914 0.347258
0 0.424805 0.374674 0.420898 0.377285 0.412109 0.389034 0.411133 0.391645 0.411133 0.394256 0.410156 0.395561 0.410156 0.403394 0.411133 0.404700 0.411133 0.407311 0.412109 0.408616 0.412109 0.411227 0.414062 0.416449 0.414062 0.424282 0.416016 0.426893 0.417969 0.428198 0.419922 0.428198 0.427734 0.434726 0.429688 0.434726 0.430664 0.436031 0.437500 0.436031 0.441406 0.433420 0.443359 0.430809 0.444336 0.430809 0.452148 0.420366 0.453125 0.420366 0.455078 0.417755 0.456055 0.415144 0.456055 0.409922 0.454102 0.406005 0.454102 0.402089 0.453125 0.400783 0.453125 0.394256 0.446289 0.385117 0.443359 0.383812 0.438477 0.378590 0.434570 0.375979 0.432617 0.375979 0.431641 0.374674
0 0.458984 0.415144 0.453125 0.422977 0.451172 0.424282 0.446289 0.437337 0.446289 0.445170 0.451172 0.456919 0.452148 0.462141 0.458008 0.468668 0.462891 0.468668 0.465820 0.471279 0.468750 0.471279 0.469727 0.472585 0.481445 0.472585 0.485352 0.469974 0.487305 0.467363 0.488281 0.467363 0.493164 0.460836 0.495117 0.455614 0.495117 0.439948 0.490234 0.426893 0.490234 0.424282 0.489258 0.422977 0.489258 0.419060 0.487305 0.416449 0.485352 0.416449 0.484375 0.415144 0.475586 0.415144 0.474609 0.413838 0.460938 0.413838
0 0.409180 0.408616 0.404297 0.403394 0.403320 0.403394 0.400391 0.399478 0.396484 0.398172 0.395508 0.396867 0.386719 0.398172 0.385742 0.399478 0.383789 0.399478 0.382812 0.400783 0.379883 0.400783 0.378906 0.402089 0.376953 0.402089 0.373047 0.404700 0.369141 0.411227 0.369141 0.415144 0.368164 0.416449 0.368164 0.420366 0.367188 0.421671 0.367188 0.425587 0.366211 0.426893 0.366211 0.432115 0.365234 0.433420 0.365234 0.442559 0.369141 0.453003 0.370117 0.454308 0.382812 0.454308 0.383789 0.455614 0.397461 0.455614 0.398438 0.454308 0.405273 0.454308 0.407227 0.451697 0.409180 0.446475 0.409180 0.443864 0.411133 0.438642 0.411133 0.433420 0.412109 0.432115 0.412109 0.419060 0.411133 0.417755 0.411133 0.415144 0.410156 0.413838
0 0.344727 0.385117 0.343750 0.386423 0.340820 0.386423 0.339844 0.387728 0.337891 0.387728 0.335938 0.389034 0.331055 0.396867 0.329102 0.402089 0.329102 0.404700 0.328125 0.406005 0.328125 0.413838 0.327148 0.415144 0.327148 0.429504 0.328125 0.432115 0.333008 0.438642 0.333984 0.438642 0.342773 0.449086 0.344727 0.450392 0.353516 0.450392 0.354492 0.449086 0.357422 0.449086 0.359375 0.447781 0.359375 0.446475 0.362305 0.442559 0.362305 0.439948 0.364258 0.434726 0.364258 0.428198 0.365234 0.426893 0.365234 0.421671 0.366211 0.420366 0.366211 0.412533 0.367188 0.411227 0.367188 0.407311 0.369141 0.402089 0.366211 0.394256 0.364258 0.392950 0.361328 0.392950 0.356445 0.387728 0.354492 0.386423 0.352539 0.386423 0.351562 0.385117
0 0.298828 0.374674 0.293945 0.374674 0.290039 0.378590 0.281250 0.383812 0.279297 0.386423 0.277344 0.386423 0.270508 0.394256 0.270508 0.396867 0.269531 0.398172 0.269531 0.406005 0.270508 0.407311 0.271484 0.413838 0.273438 0.417755 0.273438 0.420366 0.277344 0.430809 0.282227 0.437337 0.286133 0.438642 0.287109 0.439948 0.289062 0.439948 0.290039 0.441253 0.295898 0.441253 0.298828 0.438642 0.300781 0.438642 0.307617 0.432115 0.310547 0.430809 0.312500 0.428198 0.318359 0.425587 0.323242 0.419060 0.323242 0.416449 0.326172 0.407311 0.326172 0.399478 0.325195 0.398172 0.325195 0.395561 0.323242 0.392950 0.306641 0.381201 0.302734 0.375979 0.299805 0.375979
0 0.331055 0.446475 0.328125 0.446475 0.325195 0.450392 0.321289 0.450392 0.320312 0.451697 0.314453 0.451697 0.309570 0.458225 0.305664 0.460836 0.305664 0.463446 0.303711 0.468668 0.303711 0.472585 0.299805 0.477807 0.314453 0.502611 0.315430 0.502611 0.319336 0.507833 0.321289 0.509138 0.324219 0.509138 0.325195 0.510444 0.332031 0.509138 0.333008 0.507833 0.334961 0.507833 0.340820 0.503916 0.344727 0.498695 0.345703 0.498695 0.347656 0.494778 0.347656 0.476501 0.348633 0.475196 0.348633 0.463446 0.344727 0.456919 0.344727 0.455614 0.340820 0.450392 0.337891 0.450392 0.336914 0.449086 0.334961 0.449086
0 0.351562 0.462141 0.349609 0.467363 0.349609 0.473890 0.348633 0.475196 0.348633 0.486945 0.349609 0.488251 0.349609 0.492167 0.351562 0.494778 0.351562 0.496084 0.357422 0.503916 0.358398 0.503916 0.365234 0.514360 0.367188 0.514360 0.368164 0.515666 0.380859 0.515666 0.381836 0.514360 0.387695 0.514360 0.395508 0.509138 0.395508 0.507833 0.399414 0.502611 0.400391 0.497389 0.401367 0.496084 0.401367 0.493473 0.402344 0.492167 0.402344 0.481723 0.401367 0.480418 0.401367 0.475196 0.400391 0.473890 0.400391 0.471279 0.396484 0.469974 0.395508 0.467363 0.387695 0.458225 0.385742 0.456919 0.368164 0.456919 0.367188 0.458225 0.364258 0.458225 0.363281 0.459530 0.355469 0.459530
0 0.433594 0.514360 0.428711 0.520888 0.427734 0.523499 0.427734 0.541775 0.428711 0.543081 0.428711 0.545692 0.430664 0.548303 0.430664 0.550914 0.433594 0.554830 0.433594 0.556136 0.434570 0.557441 0.437500 0.557441 0.438477 0.558747 0.443359 0.558747 0.444336 0.560052 0.452148 0.560052 0.453125 0.561358 0.455078 0.561358 0.460938 0.565274 0.462891 0.565274 0.464844 0.563969 0.467773 0.557441 0.467773 0.554830 0.471680 0.545692 0.471680 0.541775 0.472656 0.540470 0.472656 0.528721 0.471680 0.527415 0.471680 0.523499 0.469727 0.518277 0.469727 0.514360 0.461914 0.507833 0.459961 0.507833 0.458984 0.506527 0.456055 0.506527 0.455078 0.505222 0.449219 0.505222 0.448242 0.506527 0.445312 0.506527 0.444336 0.507833 0.442383 0.507833 0.439453 0.511749 0.437500 0.511749
0 0.468750 0.565274 0.468750 0.566580 0.469727 0.567885 0.469727 0.575718 0.470703 0.577023 0.470703 0.582245 0.471680 0.583551 0.473633 0.590078 0.478516 0.596606 0.486328 0.596606 0.487305 0.595300 0.490234 0.595300 0.493164 0.592689 0.499023 0.592689 0.500000 0.591384 0.504883 0.590078 0.505859 0.588773 0.510742 0.586162 0.510742 0.584856 0.512695 0.582245 0.512695 0.569191 0.511719 0.567885 0.511719 0.563969 0.510742 0.562663 0.510742 0.560052 0.509766 0.558747 0.509766 0.556136 0.508789 0.554830 0.508789 0.553525 0.506836 0.553525 0.505859 0.552219 0.500977 0.552219 0.500000 0.550914 0.498047 0.550914 0.497070 0.549608 0.484375 0.549608 0.481445 0.552219 0.479492 0.552219 0.478516 0.553525 0.473633 0.554830 0.472656 0.558747 0.469727 0.562663 0.469727 0.563969
0 0.427734 0.565274 0.426758 0.569191 0.423828 0.574413 0.423828 0.579634 0.422852 0.580940 0.422852 0.584856 0.421875 0.586162 0.421875 0.590078 0.420898 0.591384 0.420898 0.603133 0.422852 0.605744 0.426758 0.607050 0.432617 0.614883 0.433594 0.614883 0.434570 0.617493 0.436523 0.618799 0.441406 0.626632 0.449219 0.626632 0.450195 0.625326 0.454102 0.624021 0.459961 0.616188 0.459961 0.614883 0.464844 0.607050 0.464844 0.603133 0.465820 0.601828 0.465820 0.595300 0.466797 0.593995 0.466797 0.582245 0.465820 0.580940 0.462891 0.586162 0.460938 0.584856 0.459961 0.580940 0.462891 0.577023 0.458008 0.573107 0.457031 0.574413 0.454102 0.574413 0.452148 0.571802 0.452148 0.569191 0.454102 0.567885 0.455078 0.565274 0.451172 0.567885 0.449219 0.567885 0.447266 0.565274 0.446289 0.565274 0.444336 0.567885 0.441406 0.567885 0.438477 0.563969 0.436523 0.563969 0.435547 0.562663 0.432617 0.565274
0 0.423828 0.618799 0.423828 0.622715 0.422852 0.624021 0.422852 0.633159 0.421875 0.634465 0.421875 0.638381 0.420898 0.639687 0.420898 0.663185 0.422852 0.668407 0.429688 0.678851 0.431641 0.678851 0.432617 0.680157 0.446289 0.681462 0.447266 0.680157 0.454102 0.680157 0.456055 0.677546 0.458984 0.676240 0.462891 0.671018 0.462891 0.668407 0.464844 0.664491 0.464844 0.650131 0.463867 0.648825 0.462891 0.640992 0.458984 0.633159 0.458984 0.627937 0.458008 0.625326 0.455078 0.625326 0.451172 0.627937 0.443359 0.629243 0.442383 0.627937 0.440430 0.627937 0.435547 0.621410 0.435547 0.620104 0.431641 0.616188 0.428711 0.616188 0.427734 0.617493
0 0.440430 0.689295 0.436523 0.685379 0.433594 0.685379 0.431641 0.690601 0.422852 0.689295 0.421875 0.690601 0.411133 0.690601 0.407227 0.693211 0.403320 0.699739 0.402344 0.702350 0.402344 0.706266 0.401367 0.707572 0.401367 0.715405 0.402344 0.716710 0.402344 0.719321 0.404297 0.724543 0.404297 0.728460 0.407227 0.732376 0.410156 0.733681 0.412109 0.736292 0.414062 0.736292 0.415039 0.737598 0.419922 0.737598 0.425781 0.741514 0.427734 0.741514 0.429688 0.738903 0.433594 0.736292 0.435547 0.736292 0.437500 0.734987 0.440430 0.731070 0.444336 0.720627 0.444336 0.718016 0.445312 0.716710 0.445312 0.701044 0.442383 0.693211 0.440430 0.690601
0 0.482422 0.673629 0.475586 0.673629 0.474609 0.672324 0.473633 0.673629 0.469727 0.673629 0.468750 0.674935 0.466797 0.674935 0.465820 0.676240 0.464844 0.676240 0.462891 0.678851 0.461914 0.678851 0.461914 0.680157 0.458984 0.684073 0.458984 0.685379 0.458008 0.686684 0.457031 0.686684 0.455078 0.689295 0.455078 0.690601 0.448242 0.699739 0.448242 0.702350 0.446289 0.706266 0.446289 0.707572 0.447266 0.708877 0.447266 0.711488 0.448242 0.712794 0.449219 0.716710 0.457031 0.728460 0.463867 0.728460 0.464844 0.729765 0.471680 0.729765 0.472656 0.728460 0.475586 0.728460 0.476562 0.727154 0.481445 0.725849 0.486328 0.719321 0.486328 0.718016 0.488281 0.715405 0.488281 0.714099 0.490234 0.710183 0.490234 0.704961 0.491211 0.703655 0.491211 0.697128 0.490234 0.695822 0.490234 0.689295 0.489258 0.687990 0.487305 0.681462 0.483398 0.676240 0.483398 0.674935
0 0.454102 0.732376 0.453125 0.734987 0.453125 0.738903 0.451172 0.741514 0.449219 0.746736 0.443359 0.753264 0.443359 0.765013 0.444336 0.766319 0.444336 0.768930 0.449219 0.776762 0.450195 0.780679 0.458984 0.791123 0.460938 0.791123 0.465820 0.795039 0.467773 0.795039 0.471680 0.797650 0.474609 0.797650 0.478516 0.795039 0.480469 0.792428 0.483398 0.791123 0.485352 0.788512 0.486328 0.783290 0.487305 0.781984 0.487305 0.774151 0.488281 0.772846 0.488281 0.762402 0.489258 0.761097 0.489258 0.758486 0.488281 0.757180 0.488281 0.753264 0.487305 0.751958 0.487305 0.748042 0.486328 0.746736 0.485352 0.738903 0.482422 0.733681 0.482422 0.732376 0.467773 0.732376 0.466797 0.731070 0.457031 0.731070 0.456055 0.732376
0 0.494141 0.788512 0.494141 0.793734 0.493164 0.796345 0.494141 0.797650 0.494141 0.805483 0.495117 0.806789 0.495117 0.812010 0.498047 0.815927 0.498047 0.817232 0.499023 0.817232 0.502930 0.821149 0.505859 0.821149 0.506836 0.822454 0.513672 0.822454 0.514648 0.823760 0.517578 0.823760 0.518555 0.822454 0.522461 0.822454 0.527344 0.818538 0.529297 0.818538 0.538086 0.809399 0.538086 0.789817 0.536133 0.785901 0.536133 0.783290 0.532227 0.776762 0.530273 0.776762 0.529297 0.775457 0.525391 0.775457 0.521484 0.770235 0.519531 0.770235 0.518555 0.768930 0.503906 0.768930 0.502930 0.771540 0.502930 0.775457 0.500977 0.778068 0.497070 0.780679 0.497070 0.784595 0.496094 0.787206
0 0.498047 0.707572 0.496094 0.710183 0.495117 0.710183 0.495117 0.711488 0.494141 0.712794 0.494141 0.715405 0.487305 0.723238 0.487305 0.725849 0.486328 0.727154 0.486328 0.729765 0.487305 0.731070 0.487305 0.736292 0.488281 0.737598 0.489258 0.744125 0.491211 0.748042 0.491211 0.750653 0.495117 0.755875 0.495117 0.757180 0.499023 0.762402 0.500000 0.762402 0.500977 0.763708 0.502930 0.763708 0.503906 0.765013 0.506836 0.765013 0.507812 0.766319 0.516602 0.766319 0.517578 0.765013 0.519531 0.765013 0.522461 0.761097 0.522461 0.759791 0.524414 0.755875 0.524414 0.748042 0.525391 0.746736 0.525391 0.740209 0.526367 0.738903 0.526367 0.734987 0.527344 0.733681 0.527344 0.724543 0.520508 0.712794 0.519531 0.712794 0.518555 0.714099 0.515625 0.714099 0.514648 0.712794 0.509766 0.711488 0.504883 0.707572
0 0.509766 0.655352 0.506836 0.659269 0.504883 0.659269 0.503906 0.660574 0.500977 0.661880 0.496094 0.667102 0.496094 0.668407 0.495117 0.669713 0.495117 0.674935 0.494141 0.676240 0.494141 0.680157 0.493164 0.681462 0.493164 0.685379 0.494141 0.686684 0.495117 0.690601 0.500000 0.697128 0.500000 0.698433 0.508789 0.708877 0.510742 0.708877 0.511719 0.710183 0.516602 0.710183 0.517578 0.708877 0.521484 0.708877 0.524414 0.704961 0.525391 0.704961 0.526367 0.703655 0.526367 0.702350 0.529297 0.695822 0.529297 0.693211 0.530273 0.691906 0.531250 0.685379 0.533203 0.681462 0.533203 0.677546 0.534180 0.676240 0.534180 0.672324 0.535156 0.671018 0.534180 0.669713 0.534180 0.667102 0.533203 0.665796 0.533203 0.664491 0.530273 0.660574 0.529297 0.660574 0.524414 0.656658 0.521484 0.656658 0.520508 0.655352
0 0.504883 0.621410 0.498047 0.621410 0.492188 0.616188 0.487305 0.616188 0.486328 0.617493 0.485352 0.617493 0.481445 0.622715 0.480469 0.622715 0.473633 0.627937 0.470703 0.627937 0.469727 0.629243 0.469727 0.630548 0.467773 0.634465 0.467773 0.637076 0.466797 0.638381 0.466797 0.644909 0.468750 0.648825 0.468750 0.652742 0.469727 0.654047 0.469727 0.656658 0.470703 0.657963 0.470703 0.659269 0.472656 0.661880 0.472656 0.663185 0.476562 0.668407 0.485352 0.668407 0.486328 0.667102 0.488281 0.667102 0.489258 0.665796 0.492188 0.665796 0.506836 0.655352 0.506836 0.654047 0.510742 0.648825 0.510742 0.647520 0.511719 0.646214 0.511719 0.640992 0.510742 0.639687 0.510742 0.637076 0.509766 0.635770
0 0.536133 0.597911 0.533203 0.597911 0.531250 0.601828 0.527344 0.603133 0.525391 0.605744 0.524414 0.605744 0.523438 0.608355 0.524414 0.610966 0.523438 0.621410 0.520508 0.626632 0.518555 0.624021 0.518555 0.614883 0.519531 0.613577 0.517578 0.610966 0.513672 0.617493 0.513672 0.620104 0.512695 0.621410 0.512695 0.625326 0.516602 0.627937 0.518555 0.630548 0.518555 0.634465 0.520508 0.637076 0.520508 0.639687 0.522461 0.643603 0.522461 0.646214 0.523438 0.647520 0.524414 0.652742 0.528320 0.657963 0.530273 0.659269 0.535156 0.659269 0.539062 0.656658 0.545898 0.648825 0.548828 0.640992 0.549805 0.630548 0.550781 0.629243 0.551758 0.618799 0.552734 0.617493 0.551758 0.616188 0.551758 0.610966 0.550781 0.609661 0.550781 0.607050 0.548828 0.604439 0.544922 0.601828 0.540039 0.601828
0 0.568359 0.595300 0.567383 0.596606 0.566406 0.596606 0.560547 0.604439 0.560547 0.605744 0.556641 0.614883 0.556641 0.617493 0.554688 0.621410 0.554688 0.624021 0.552734 0.627937 0.552734 0.634465 0.555664 0.639687 0.555664 0.640992 0.557617 0.643603 0.558594 0.643603 0.562500 0.647520 0.564453 0.647520 0.565430 0.648825 0.569336 0.648825 0.570312 0.650131 0.577148 0.650131 0.578125 0.648825 0.582031 0.648825 0.583008 0.647520 0.585938 0.646214 0.591797 0.638381 0.591797 0.637076 0.593750 0.634465 0.594727 0.634465 0.594727 0.633159 0.596680 0.629243 0.596680 0.621410 0.595703 0.620104 0.595703 0.614883 0.594727 0.613577 0.594727 0.610966 0.591797 0.605744 0.586914 0.603133 0.584961 0.600522 0.579102 0.600522 0.575195 0.596606 0.570312 0.596606 0.569336 0.595300
0 0.540039 0.554830 0.537109 0.558747 0.536133 0.558747 0.531250 0.565274 0.531250 0.566580 0.529297 0.570496 0.529297 0.573107 0.528320 0.574413 0.528320 0.583551 0.529297 0.584856 0.529297 0.587467 0.530273 0.588773 0.530273 0.590078 0.532227 0.592689 0.534180 0.592689 0.537109 0.595300 0.539062 0.595300 0.540039 0.596606 0.541992 0.596606 0.542969 0.597911 0.545898 0.597911 0.546875 0.599217 0.548828 0.599217 0.549805 0.600522 0.551758 0.600522 0.552734 0.601828 0.559570 0.601828 0.567383 0.592689 0.567383 0.591384 0.568359 0.590078 0.568359 0.586162 0.569336 0.584856 0.569336 0.582245 0.570312 0.580940 0.570312 0.575718 0.568359 0.571802 0.568359 0.567885 0.567383 0.566580 0.567383 0.560052 0.563477 0.560052 0.561523 0.557441 0.561523 0.556136 0.560547 0.556136 0.557617 0.553525 0.552734 0.552219 0.551758 0.550914 0.548828 0.550914 0.547852 0.552219 0.545898 0.552219 0.542969 0.554830
0 0.579102 0.579634 0.579102 0.582245 0.577148 0.586162 0.577148 0.590078 0.576172 0.591384 0.577148 0.593995 0.577148 0.596606 0.579102 0.597911 0.583984 0.597911 0.584961 0.599217 0.586914 0.599217 0.588867 0.600522 0.591797 0.604439 0.597656 0.608355 0.600586 0.612272 0.603516 0.613577 0.606445 0.617493 0.608398 0.618799 0.612305 0.618799 0.614258 0.617493 0.614258 0.616188 0.616211 0.613577 0.620117 0.603133 0.620117 0.599217 0.621094 0.597911 0.621094 0.591384 0.623047 0.588773 0.623047 0.579634 0.622070 0.578329 0.622070 0.575718 0.620117 0.573107 0.620117 0.571802 0.614258 0.563969 0.609375 0.562663 0.608398 0.563969 0.606445 0.563969 0.602539 0.566580 0.600586 0.569191 0.597656 0.569191 0.596680 0.570496 0.594727 0.570496 0.587891 0.575718 0.585938 0.575718 0.583984 0.578329 0.580078 0.578329
0 0.633789 0.609661 0.631836 0.608355 0.629883 0.608355 0.628906 0.607050 0.622070 0.607050 0.618164 0.610966 0.618164 0.612272 0.614258 0.618799 0.613281 0.618799 0.611328 0.621410 0.606445 0.621410 0.598633 0.629243 0.596680 0.634465 0.598633 0.639687 0.598633 0.644909 0.600586 0.650131 0.602539 0.652742 0.602539 0.654047 0.605469 0.657963 0.606445 0.657963 0.611328 0.663185 0.623047 0.663185 0.624023 0.664491 0.626953 0.664491 0.628906 0.663185 0.635742 0.654047 0.635742 0.652742 0.638672 0.648825 0.640625 0.643603 0.640625 0.638381 0.643555 0.634465 0.644531 0.631854 0.644531 0.627937 0.643555 0.625326 0.639648 0.620104 0.637695 0.614883
0 0.645508 0.588773 0.641602 0.593995 0.641602 0.608355 0.639648 0.612272 0.644531 0.620104 0.645508 0.624021 0.650391 0.630548 0.651367 0.630548 0.655273 0.634465 0.665039 0.634465 0.666016 0.635770 0.669922 0.635770 0.670898 0.634465 0.673828 0.633159 0.673828 0.631854 0.674805 0.630548 0.675781 0.630548 0.679688 0.626632 0.682617 0.625326 0.687500 0.618799 0.687500 0.617493 0.689453 0.613577 0.687500 0.605744 0.686523 0.605744 0.685547 0.604439 0.683594 0.604439 0.682617 0.603133 0.680664 0.603133 0.673828 0.593995 0.673828 0.592689 0.672852 0.591384 0.671875 0.591384 0.666992 0.586162 0.665039 0.586162 0.664062 0.584856 0.658203 0.584856 0.657227 0.586162 0.655273 0.586162 0.654297 0.587467
0 0.688477 0.693211 0.680664 0.706266 0.680664 0.707572 0.676758 0.712794 0.675781 0.712794 0.675781 0.715405 0.674805 0.716710 0.674805 0.727154 0.675781 0.728460 0.675781 0.731070 0.674805 0.732376 0.675781 0.734987 0.677734 0.737598 0.679688 0.737598 0.680664 0.738903 0.685547 0.738903 0.686523 0.740209 0.689453 0.740209 0.690430 0.741514 0.692383 0.741514 0.693359 0.742820 0.696289 0.742820 0.697266 0.744125 0.700195 0.744125 0.701172 0.742820 0.703125 0.742820 0.707031 0.740209 0.710938 0.740209 0.713867 0.736292 0.714844 0.733681 0.714844 0.728460 0.718750 0.721932 0.718750 0.712794 0.715820 0.706266 0.715820 0.701044 0.714844 0.702350 0.715820 0.703655 0.715820 0.706266 0.711914 0.712794 0.710938 0.711488 0.708008 0.711488 0.700195 0.701044 0.699219 0.697128 0.697266 0.694517 0.691406 0.694517 0.690430 0.693211
0 0.534180 0.704961 0.534180 0.710183 0.535156 0.711488 0.536133 0.718016 0.540039 0.723238 0.541016 0.727154 0.541992 0.727154 0.542969 0.728460 0.552734 0.728460 0.553711 0.727154 0.571289 0.727154 0.572266 0.725849 0.575195 0.724543 0.576172 0.723238 0.576172 0.721932 0.579102 0.718016 0.579102 0.711488 0.577148 0.707572 0.577148 0.704961 0.576172 0.703655 0.575195 0.697128 0.573242 0.694517 0.572266 0.694517 0.571289 0.693211 0.569336 0.693211 0.567383 0.690601 0.566406 0.690601 0.565430 0.689295 0.563477 0.689295 0.560547 0.685379 0.558594 0.685379 0.557617 0.684073 0.551758 0.684073 0.550781 0.685379 0.547852 0.686684 0.545898 0.689295 0.542969 0.690601 0.541016 0.693211 0.540039 0.693211 0.538086 0.699739 0.536133 0.702350 0.535156 0.702350 0.535156 0.703655
0 0.614258 0.689295 0.611328 0.693211 0.599609 0.693211 0.598633 0.694517 0.593750 0.690601 0.589844 0.690601 0.586914 0.695822 0.586914 0.698433 0.584961 0.703655 0.584961 0.714099 0.585938 0.715405 0.585938 0.718016 0.586914 0.719321 0.587891 0.725849 0.590820 0.731070 0.591797 0.734987 0.594727 0.740209 0.598633 0.742820 0.601562 0.742820 0.602539 0.744125 0.621094 0.744125 0.622070 0.742820 0.625977 0.742820 0.627930 0.741514 0.627930 0.740209 0.630859 0.734987 0.630859 0.732376 0.631836 0.731070 0.632812 0.724543 0.629883 0.716710 0.627930 0.714099 0.626953 0.710183 0.625000 0.707572 0.621094 0.697128
0 0.606445 0.766319 0.605469 0.766319 0.604492 0.767624 0.601562 0.767624 0.600586 0.766319 0.597656 0.766319 0.596680 0.765013 0.593750 0.765013 0.592773 0.763708 0.590820 0.763708 0.587891 0.766319 0.583008 0.767624 0.582031 0.768930 0.573242 0.774151 0.572266 0.775457 0.571289 0.779373 0.567383 0.784595 0.567383 0.792428 0.568359 0.793734 0.568359 0.795039 0.569336 0.796345 0.570312 0.796345 0.575195 0.802872 0.576172 0.806789 0.581055 0.813316 0.583008 0.813316 0.583984 0.814621 0.585938 0.814621 0.586914 0.815927 0.587891 0.815927 0.588867 0.814621 0.595703 0.810705 0.597656 0.808094 0.598633 0.808094 0.600586 0.805483 0.601562 0.805483 0.607422 0.796345 0.612305 0.793734 0.615234 0.789817 0.614258 0.788512 0.614258 0.784595 0.612305 0.781984 0.612305 0.780679 0.611328 0.779373 0.609375 0.772846 0.607422 0.770235
0 0.640625 0.731070 0.640625 0.736292 0.641602 0.737598 0.638672 0.744125 0.642578 0.749347 0.639648 0.753264 0.639648 0.757180 0.638672 0.758486 0.636719 0.757180 0.636719 0.751958 0.635742 0.750653 0.636719 0.742820 0.634766 0.740209 0.633789 0.740209 0.630859 0.744125 0.630859 0.746736 0.629883 0.748042 0.630859 0.754569 0.632812 0.758486 0.631836 0.765013 0.633789 0.770235 0.638672 0.776762 0.646484 0.781984 0.651367 0.787206 0.653320 0.787206 0.654297 0.788512 0.662109 0.788512 0.666016 0.785901 0.666992 0.783290 0.671875 0.776762 0.673828 0.776762 0.679688 0.767624 0.680664 0.765013 0.680664 0.746736 0.672852 0.737598 0.668945 0.737598 0.667969 0.736292 0.664062 0.736292 0.663086 0.737598 0.655273 0.737598 0.654297 0.736292 0.652344 0.736292 0.649414 0.740209 0.645508 0.737598 0.643555 0.733681
0 0.672852 0.779373 0.670898 0.780679 0.668945 0.783290 0.667969 0.787206 0.664062 0.791123 0.666016 0.792428 0.667969 0.792428 0.668945 0.793734 0.668945 0.796345 0.665039 0.805483 0.665039 0.808094 0.666992 0.812010 0.666016 0.813316 0.666016 0.815927 0.666992 0.818538 0.669922 0.822454 0.671875 0.827676 0.669922 0.831593 0.667969 0.831593 0.666992 0.830287 0.665039 0.830287 0.664062 0.831593 0.669922 0.840731 0.672852 0.839426 0.676758 0.843342 0.681641 0.843342 0.682617 0.842037 0.684570 0.842037 0.688477 0.839426 0.690430 0.836815 0.690430 0.834204 0.691406 0.832898 0.691406 0.830287 0.690430 0.828982 0.690430 0.817232 0.689453 0.815927 0.689453 0.792428 0.688477 0.791123 0.688477 0.787206 0.685547 0.784595 0.683594 0.784595 0.681641 0.781984 0.679688 0.781984 0.677734 0.779373
0 0.711914 0.741514 0.710938 0.742820 0.707031 0.742820 0.703125 0.745431 0.694336 0.745431 0.690430 0.749347 0.685547 0.751958 0.683594 0.754569 0.683594 0.757180 0.682617 0.758486 0.682617 0.766319 0.681641 0.767624 0.681641 0.770235 0.683594 0.771540 0.687500 0.779373 0.687500 0.783290 0.690430 0.789817 0.690430 0.792428 0.691406 0.793734 0.691406 0.796345 0.692383 0.798956 0.694336 0.801567 0.696289 0.801567 0.697266 0.802872 0.700195 0.802872 0.704102 0.805483 0.709961 0.805483 0.721680 0.797650 0.722656 0.796345 0.722656 0.792428 0.723633 0.791123 0.723633 0.788512 0.725586 0.784595 0.725586 0.780679 0.726562 0.779373 0.726562 0.767624 0.725586 0.766319 0.725586 0.759791 0.723633 0.754569 0.718750 0.748042 0.714844 0.745431
0 0.763672 0.740209 0.760742 0.740209 0.755859 0.744125 0.752930 0.744125 0.751953 0.745431 0.747070 0.748042 0.744141 0.751958 0.742188 0.751958 0.741211 0.753264 0.738281 0.754569 0.736328 0.758486 0.736328 0.761097 0.735352 0.762402 0.735352 0.766319 0.732422 0.770235 0.731445 0.770235 0.731445 0.774151 0.736328 0.780679 0.737305 0.780679 0.748047 0.795039 0.749023 0.795039 0.750000 0.796345 0.753906 0.796345 0.754883 0.797650 0.755859 0.796345 0.758789 0.796345 0.759766 0.795039 0.761719 0.795039 0.762695 0.793734 0.763672 0.793734 0.766602 0.789817 0.766602 0.788512 0.768555 0.784595 0.768555 0.779373 0.770508 0.775457 0.771484 0.768930 0.774414 0.763708 0.774414 0.761097 0.775391 0.759791 0.775391 0.753264 0.770508 0.746736 0.769531 0.746736 0.765625 0.741514 0.764648 0.741514
0 0.771484 0.661880 0.769531 0.665796 0.769531 0.668407 0.768555 0.671018 0.765625 0.674935 0.763672 0.674935 0.761719 0.677546 0.758789 0.678851 0.757812 0.681462 0.757812 0.687990 0.756836 0.689295 0.756836 0.693211 0.757812 0.694517 0.757812 0.698433 0.759766 0.702350 0.759766 0.706266 0.761719 0.710183 0.761719 0.715405 0.760742 0.716710 0.762695 0.721932 0.766602 0.727154 0.768555 0.728460 0.768555 0.731070 0.770508 0.736292 0.774414 0.736292 0.775391 0.733681 0.775391 0.731070 0.779297 0.725849 0.782227 0.724543 0.789062 0.715405 0.791016 0.710183 0.793945 0.706266 0.793945 0.703655 0.794922 0.702350 0.794922 0.699739 0.796875 0.694517 0.796875 0.690601 0.794922 0.686684 0.794922 0.684073 0.793945 0.681462 0.790039 0.676240 0.789062 0.676240 0.786133 0.672324 0.784180 0.672324 0.780273 0.669713 0.777344 0.665796 0.776367 0.665796 0.774414 0.661880
0 0.514648 0.503916 0.514648 0.510444 0.515625 0.511749 0.515625 0.519582 0.518555 0.523499 0.518555 0.524804 0.520508 0.527415 0.520508 0.528721 0.524414 0.533943 0.525391 0.533943 0.526367 0.535248 0.535156 0.535248 0.536133 0.533943 0.541016 0.533943 0.541992 0.532637 0.544922 0.532637 0.545898 0.531332 0.547852 0.531332 0.548828 0.530026 0.549805 0.530026 0.554688 0.523499 0.555664 0.523499 0.558594 0.519582 0.559570 0.519582 0.560547 0.518277 0.560547 0.513055 0.555664 0.506527 0.554688 0.502611 0.552734 0.500000 0.542969 0.500000 0.541992 0.498695 0.540039 0.498695 0.535156 0.492167 0.534180 0.492167 0.533203 0.490862 0.531250 0.490862 0.530273 0.492167 0.528320 0.492167 0.527344 0.493473 0.524414 0.494778 0.522461 0.497389 0.519531 0.498695
0 0.564453 0.442559 0.554688 0.442559 0.548828 0.446475 0.546875 0.446475 0.544922 0.445170 0.541992 0.449086 0.541016 0.451697 0.541016 0.458225 0.540039 0.460836 0.537109 0.464752 0.535156 0.469974 0.535156 0.472585 0.533203 0.476501 0.533203 0.486945 0.534180 0.489556 0.538086 0.494778 0.540039 0.496084 0.540039 0.497389 0.541992 0.498695 0.564453 0.498695 0.565430 0.497389 0.568359 0.497389 0.568359 0.496084 0.571289 0.492167 0.572266 0.488251 0.576172 0.483029 0.576172 0.480418 0.578125 0.476501 0.578125 0.467363 0.576172 0.462141 0.576172 0.458225 0.574219 0.453003 0.571289 0.449086 0.570312 0.449086
0 0.630859 0.439948 0.625977 0.439948 0.618164 0.447781 0.616211 0.447781 0.615234 0.449086 0.608398 0.449086 0.607422 0.450392 0.604492 0.450392 0.605469 0.456919 0.603516 0.459530 0.603516 0.462141 0.602539 0.463446 0.602539 0.469974 0.600586 0.475196 0.600586 0.485640 0.599609 0.486945 0.601562 0.489556 0.602539 0.493473 0.605469 0.493473 0.606445 0.490862 0.611328 0.490862 0.612305 0.485640 0.610352 0.483029 0.609375 0.475196 0.610352 0.473890 0.614258 0.473890 0.616211 0.476501 0.616211 0.481723 0.617188 0.483029 0.618164 0.489556 0.615234 0.500000 0.613281 0.501305 0.612305 0.503916 0.617188 0.503916 0.618164 0.502611 0.631836 0.502611 0.635742 0.498695 0.635742 0.492167 0.638672 0.483029 0.638672 0.479112 0.642578 0.469974 0.643555 0.458225 0.642578 0.455614 0.639648 0.453003 0.638672 0.447781
0 0.648438 0.513055 0.646484 0.510444 0.641602 0.511749 0.638672 0.509138 0.629883 0.513055 0.625000 0.513055 0.624023 0.511749 0.617188 0.513055 0.618164 0.518277 0.614258 0.523499 0.614258 0.530026 0.618164 0.535248 0.620117 0.528721 0.623047 0.524804 0.624023 0.526110 0.627930 0.524804 0.625000 0.519582 0.626953 0.516971 0.630859 0.515666 0.633789 0.519582 0.631836 0.523499 0.632812 0.535248 0.636719 0.536554 0.638672 0.532637 0.640625 0.536554 0.643555 0.536554 0.645508 0.528721 0.646484 0.530026 0.646484 0.539164 0.641602 0.541775 0.637695 0.540470 0.632812 0.546997 0.628906 0.546997 0.625000 0.549608 0.618164 0.549608 0.615234 0.553525 0.610352 0.554830 0.611328 0.556136 0.619141 0.556136 0.624023 0.560052 0.631836 0.561358 0.638672 0.558747 0.646484 0.552219 0.653320 0.541775 0.653320 0.531332
0 0.649414 0.554830 0.652344 0.558747 0.653320 0.561358 0.657227 0.563969 0.660156 0.563969 0.664062 0.561358 0.666992 0.561358 0.672852 0.557441 0.675781 0.557441 0.676758 0.556136 0.680664 0.556136 0.688477 0.550914 0.696289 0.540470 0.696289 0.535248 0.695312 0.532637 0.692383 0.530026 0.691406 0.531332 0.688477 0.531332 0.685547 0.527415 0.682617 0.526110 0.679688 0.522193 0.673828 0.518277 0.668945 0.511749 0.666992 0.510444 0.663086 0.510444 0.662109 0.509138 0.660156 0.509138 0.659180 0.510444 0.657227 0.510444 0.652344 0.516971 0.652344 0.524804 0.653320 0.526110 0.653320 0.530026 0.654297 0.531332 0.654297 0.543081 0.653320 0.545692 0.650391 0.549608 0.649414 0.549608
0 0.681641 0.560052 0.681641 0.561358 0.682617 0.561358 0.683594 0.562663 0.683594 0.569191 0.677734 0.579634 0.677734 0.582245 0.678711 0.583551 0.678711 0.592689 0.683594 0.599217 0.684570 0.599217 0.686523 0.601828 0.687500 0.601828 0.690430 0.604439 0.692383 0.604439 0.693359 0.605744 0.708008 0.605744 0.708984 0.604439 0.710938 0.604439 0.712891 0.600522 0.712891 0.597911 0.719727 0.587467 0.719727 0.584856 0.721680 0.580940 0.721680 0.574413 0.720703 0.573107 0.720703 0.569191 0.719727 0.567885 0.719727 0.565274 0.712891 0.556136 0.711914 0.556136 0.705078 0.550914 0.698242 0.550914 0.697266 0.552219 0.692383 0.552219 0.688477 0.556136 0.687500 0.556136 0.684570 0.560052
0 0.696289 0.496084 0.694336 0.498695 0.694336 0.500000 0.693359 0.501305 0.693359 0.507833 0.694336 0.509138 0.695312 0.513055 0.700195 0.519582 0.700195 0.520888 0.713867 0.539164 0.716797 0.540470 0.718750 0.543081 0.718750 0.544386 0.719727 0.545692 0.724609 0.545692 0.724609 0.544386 0.725586 0.543081 0.725586 0.541775 0.730469 0.530026 0.730469 0.503916 0.729492 0.502611 0.728516 0.498695 0.725586 0.494778 0.724609 0.494778 0.723633 0.493473 0.722656 0.494778 0.701172 0.494778 0.700195 0.496084
0 0.730469 0.535248 0.725586 0.548303 0.725586 0.550914 0.726562 0.552219 0.726562 0.566580 0.724609 0.570496 0.724609 0.573107 0.727539 0.578329 0.728516 0.582245 0.730469 0.582245 0.731445 0.583551 0.738281 0.583551 0.739258 0.584856 0.745117 0.584856 0.746094 0.583551 0.750000 0.583551 0.750977 0.582245 0.752930 0.582245 0.754883 0.580940 0.756836 0.578329 0.758789 0.578329 0.760742 0.577023 0.765625 0.570496 0.766602 0.570496 0.768555 0.565274 0.768555 0.539164 0.766602 0.533943 0.764648 0.535248 0.761719 0.535248 0.760742 0.533943 0.743164 0.533943 0.742188 0.532637 0.732422 0.532637
0 0.647461 0.451697 0.647461 0.453003 0.644531 0.455614 0.645508 0.458225 0.645508 0.463446 0.641602 0.473890 0.640625 0.484334 0.644531 0.486945 0.648438 0.492167 0.648438 0.494778 0.645508 0.498695 0.643555 0.496084 0.641602 0.496084 0.640625 0.497389 0.642578 0.500000 0.643555 0.500000 0.644531 0.502611 0.646484 0.502611 0.647461 0.503916 0.655273 0.503916 0.656250 0.505222 0.658203 0.505222 0.662109 0.507833 0.670898 0.507833 0.671875 0.506527 0.674805 0.506527 0.678711 0.503916 0.684570 0.496084 0.685547 0.493473 0.680664 0.486945 0.677734 0.479112 0.674805 0.475196 0.671875 0.466057 0.666992 0.458225 0.665039 0.451697 0.662109 0.447781 0.658203 0.447781 0.657227 0.449086 0.654297 0.449086 0.653320 0.450392 0.649414 0.450392
0 0.680664 0.428198 0.677734 0.432115 0.676758 0.443864 0.674805 0.449086 0.674805 0.456919 0.673828 0.458225 0.673828 0.466057 0.674805 0.467363 0.674805 0.471279 0.675781 0.473890 0.681641 0.480418 0.684570 0.480418 0.692383 0.485640 0.699219 0.485640 0.700195 0.484334 0.702148 0.484334 0.704102 0.483029 0.710938 0.473890 0.710938 0.472585 0.718750 0.458225 0.718750 0.454308 0.716797 0.449086 0.714844 0.446475 0.712891 0.441253 0.709961 0.437337 0.709961 0.436031 0.703125 0.426893 0.694336 0.426893 0.692383 0.425587 0.691406 0.426893 0.688477 0.426893 0.685547 0.429504
0 0.494141 0.409922 0.494141 0.412533 0.492188 0.416449 0.492188 0.424282 0.495117 0.430809 0.495117 0.434726 0.496094 0.436031 0.496094 0.441253 0.497070 0.442559 0.497070 0.447781 0.498047 0.449086 0.498047 0.451697 0.500977 0.455614 0.506836 0.459530 0.508789 0.459530 0.509766 0.460836 0.518555 0.460836 0.520508 0.458225 0.523438 0.456919 0.527344 0.451697 0.528320 0.451697 0.536133 0.439948 0.537109 0.437337 0.537109 0.434726 0.539062 0.430809 0.539062 0.426893 0.540039 0.425587 0.540039 0.419060 0.537109 0.415144 0.535156 0.413838 0.533203 0.413838 0.532227 0.412533 0.529297 0.412533 0.528320 0.411227 0.526367 0.411227 0.522461 0.408616 0.511719 0.408616 0.510742 0.407311 0.503906 0.407311 0.502930 0.406005 0.500977 0.406005 0.500000 0.407311 0.498047 0.407311
0 0.493164 0.351175 0.492188 0.352480 0.495117 0.359008 0.495117 0.362924 0.496094 0.364230 0.496094 0.375979 0.499023 0.383812 0.500000 0.390339 0.500977 0.392950 0.508789 0.403394 0.510742 0.403394 0.511719 0.404700 0.523438 0.404700 0.527344 0.400783 0.528320 0.400783 0.533203 0.394256 0.534180 0.391645 0.534180 0.387728 0.535156 0.386423 0.535156 0.378590 0.536133 0.377285 0.536133 0.361619 0.528320 0.351175 0.527344 0.351175 0.523438 0.345953 0.519531 0.343342 0.517578 0.343342 0.516602 0.342037 0.512695 0.342037 0.508789 0.344648 0.501953 0.345953 0.498047 0.349869
0 0.529297 0.296345 0.527344 0.298956 0.527344 0.302872 0.532227 0.302872 0.533203 0.305483 0.529297 0.310705 0.526367 0.310705 0.525391 0.309399 0.525391 0.305483 0.524414 0.321149 0.525391 0.322454 0.525391 0.326371 0.526367 0.327676 0.527344 0.334204 0.529297 0.336815 0.530273 0.340731 0.537109 0.351175 0.539062 0.351175 0.540039 0.352480 0.550781 0.352480 0.558594 0.347258 0.560547 0.342037 0.560547 0.338120 0.563477 0.331593 0.563477 0.322454 0.564453 0.321149 0.564453 0.317232 0.565430 0.315927 0.565430 0.310705 0.564453 0.309399 0.564453 0.306789 0.563477 0.305483 0.562500 0.300261 0.560547 0.297650 0.556641 0.296345 0.555664 0.295039 0.531250 0.295039
0 0.565430 0.345953 0.561523 0.345953 0.557617 0.351175 0.555664 0.352480 0.553711 0.352480 0.552734 0.353786 0.550781 0.353786 0.549805 0.355091 0.546875 0.355091 0.545898 0.356397 0.541016 0.356397 0.538086 0.362924 0.538086 0.369452 0.537109 0.370757 0.537109 0.379896 0.538086 0.381201 0.538086 0.385117 0.540039 0.390339 0.541992 0.392950 0.541992 0.396867 0.544922 0.400783 0.547852 0.402089 0.549805 0.404700 0.552734 0.404700 0.553711 0.406005 0.561523 0.406005 0.562500 0.404700 0.565430 0.404700 0.566406 0.403394 0.569336 0.403394 0.570312 0.402089 0.572266 0.402089 0.579102 0.392950 0.580078 0.390339 0.580078 0.385117 0.579102 0.383812 0.578125 0.374674 0.576172 0.369452 0.576172 0.365535 0.574219 0.360313 0.574219 0.356397 0.572266 0.353786 0.572266 0.352480 0.571289 0.352480 0.567383 0.347258
0 0.572266 0.304178 0.568359 0.313316 0.568359 0.317232 0.567383 0.318538 0.567383 0.323760 0.566406 0.325065 0.566406 0.327676 0.567383 0.328982 0.567383 0.331593 0.569336 0.334204 0.569336 0.336815 0.570312 0.338120 0.570312 0.342037 0.573242 0.345953 0.574219 0.349869 0.580078 0.356397 0.582031 0.356397 0.583008 0.357702 0.585938 0.357702 0.586914 0.359008 0.589844 0.359008 0.590820 0.360313 0.594727 0.360313 0.595703 0.359008 0.603516 0.356397 0.606445 0.352480 0.607422 0.347258 0.611328 0.338120 0.611328 0.334204 0.612305 0.332898 0.613281 0.323760 0.615234 0.318538 0.614258 0.313316 0.609375 0.306789 0.605469 0.304178 0.602539 0.300261 0.599609 0.300261 0.598633 0.298956 0.590820 0.298956 0.589844 0.300261 0.583008 0.300261 0.582031 0.301567 0.577148 0.301567 0.576172 0.302872
0 0.611328 0.345953 0.610352 0.347258 0.610352 0.351175 0.603516 0.360313 0.601562 0.361619 0.601562 0.365535 0.600586 0.366841 0.600586 0.368146 0.602539 0.370757 0.602539 0.374674 0.603516 0.377285 0.609375 0.387728 0.609375 0.396867 0.608398 0.398172 0.613281 0.404700 0.615234 0.404700 0.616211 0.406005 0.625000 0.406005 0.625977 0.404700 0.629883 0.404700 0.632812 0.400783 0.635742 0.399478 0.638672 0.395561 0.641602 0.387728 0.641602 0.383812 0.642578 0.382507 0.642578 0.372063 0.641602 0.370757 0.641602 0.366841 0.639648 0.361619 0.634766 0.353786 0.634766 0.351175 0.631836 0.348564 0.627930 0.348564 0.626953 0.347258 0.620117 0.347258 0.619141 0.345953 0.614258 0.347258 0.613281 0.345953
0 0.508789 0.033943 0.506836 0.035248 0.502930 0.040470 0.502930 0.041775 0.494141 0.053525 0.494141 0.058747 0.496094 0.062663 0.496094 0.067885 0.497070 0.069191 0.497070 0.071802 0.499023 0.075718 0.499023 0.078329 0.500000 0.080940 0.507812 0.091384 0.511719 0.093995 0.514648 0.097911 0.516602 0.099217 0.518555 0.099217 0.519531 0.100522 0.521484 0.100522 0.522461 0.099217 0.524414 0.099217 0.526367 0.097911 0.530273 0.092689 0.531250 0.092689 0.533203 0.088773 0.533203 0.086162 0.534180 0.084856 0.534180 0.080940 0.535156 0.079634 0.535156 0.073107 0.536133 0.071802 0.536133 0.048303 0.535156 0.048303 0.533203 0.045692 0.532227 0.041775 0.526367 0.037859 0.524414 0.037859 0.522461 0.035248 0.520508 0.035248 0.519531 0.033943
0 0.548828 0.031332 0.544922 0.033943 0.544922 0.035248 0.541016 0.040470 0.540039 0.045692 0.538086 0.049608 0.538086 0.079634 0.539062 0.080940 0.539062 0.084856 0.542969 0.095300 0.541992 0.099217 0.540039 0.101828 0.539062 0.107050 0.540039 0.108355 0.541992 0.108355 0.549805 0.103133 0.554688 0.103133 0.555664 0.104439 0.559570 0.104439 0.564453 0.108355 0.567383 0.108355 0.568359 0.105744 0.571289 0.104439 0.573242 0.100522 0.577148 0.096606 0.580078 0.090078 0.580078 0.086162 0.583984 0.074413 0.583984 0.062663 0.579102 0.049608 0.577148 0.046997 0.576172 0.040470 0.572266 0.033943 0.570312 0.033943 0.569336 0.032637 0.563477 0.032637 0.562500 0.031332
0 0.554688 0.105744 0.550781 0.105744 0.543945 0.110966 0.536133 0.113577 0.532227 0.116188 0.528320 0.121410 0.528320 0.122715 0.530273 0.122715 0.533203 0.126632 0.533203 0.129243 0.532227 0.130548 0.532227 0.144909 0.533203 0.146214 0.533203 0.150131 0.534180 0.151436 0.535156 0.159269 0.538086 0.164491 0.538086 0.171018 0.539062 0.173629 0.541016 0.173629 0.544922 0.176240 0.547852 0.172324 0.550781 0.172324 0.551758 0.173629 0.558594 0.173629 0.561523 0.171018 0.561523 0.168407 0.567383 0.152742 0.568359 0.146214 0.572266 0.137076 0.572266 0.134465 0.574219 0.129243 0.574219 0.124021 0.575195 0.122715 0.574219 0.120104 0.570312 0.116188 0.560547 0.109661 0.558594 0.109661
0 0.541016 0.184073 0.540039 0.190601 0.543945 0.195822 0.544922 0.195822 0.549805 0.202350 0.550781 0.202350 0.557617 0.210183 0.558594 0.212794 0.558594 0.220627 0.562500 0.223238 0.566406 0.228460 0.567383 0.231070 0.571289 0.233681 0.577148 0.233681 0.578125 0.232376 0.581055 0.232376 0.583008 0.229765 0.583984 0.229765 0.584961 0.227154 0.584961 0.221932 0.585938 0.220627 0.585938 0.193211 0.583008 0.185379 0.578125 0.178851 0.575195 0.177546 0.572266 0.173629 0.566406 0.173629 0.564453 0.176240 0.562500 0.176240 0.559570 0.178851 0.556641 0.178851 0.555664 0.180157 0.548828 0.180157 0.547852 0.181462 0.543945 0.181462 0.541992 0.184073
0 0.527344 0.186684 0.517578 0.193211 0.508789 0.206266 0.509766 0.206266 0.512695 0.210183 0.511719 0.212794 0.511719 0.224543 0.513672 0.227154 0.515625 0.233681 0.520508 0.238903 0.523438 0.240209 0.526367 0.244125 0.526367 0.246736 0.528320 0.248042 0.530273 0.248042 0.531250 0.249347 0.535156 0.249347 0.536133 0.250653 0.541992 0.250653 0.543945 0.249347 0.548828 0.242820 0.549805 0.238903 0.552734 0.234987 0.552734 0.232376 0.555664 0.225849 0.555664 0.221932 0.557617 0.216710 0.557617 0.211488 0.553711 0.206266 0.547852 0.202350 0.541016 0.193211 0.540039 0.193211 0.538086 0.190601 0.535156 0.189295 0.533203 0.186684
0 0.590820 0.233681 0.588867 0.233681 0.587891 0.234987 0.578125 0.234987 0.577148 0.236292 0.569336 0.236292 0.568359 0.237598 0.555664 0.236292 0.553711 0.238903 0.552734 0.238903 0.550781 0.244125 0.550781 0.261097 0.551758 0.262402 0.551758 0.265013 0.553711 0.267624 0.550781 0.271540 0.550781 0.278068 0.552734 0.281984 0.552734 0.284595 0.549805 0.288512 0.550781 0.289817 0.557617 0.289817 0.560547 0.292428 0.570312 0.292428 0.572266 0.293734 0.577148 0.288512 0.577148 0.284595 0.579102 0.281984 0.583008 0.281984 0.588867 0.274151 0.590820 0.268930 0.591797 0.262402 0.592773 0.261097 0.592773 0.257180 0.593750 0.255875 0.592773 0.237598
0 0.621094 0.232376 0.621094 0.233681 0.623047 0.236292 0.623047 0.237598 0.622070 0.238903 0.622070 0.244125 0.621094 0.245431 0.621094 0.248042 0.618164 0.251958 0.618164 0.254569 0.621094 0.258486 0.621094 0.259791 0.622070 0.261097 0.622070 0.271540 0.623047 0.272846 0.623047 0.278068 0.625977 0.281984 0.626953 0.285901 0.627930 0.287206 0.630859 0.288512 0.632812 0.291123 0.639648 0.291123 0.640625 0.289817 0.642578 0.289817 0.643555 0.288512 0.646484 0.288512 0.649414 0.284595 0.650391 0.284595 0.650391 0.272846 0.649414 0.271540 0.649414 0.254569 0.648438 0.253264 0.648438 0.238903 0.647461 0.237598 0.647461 0.236292 0.641602 0.231070 0.628906 0.231070 0.627930 0.232376
0 0.675781 0.284595 0.666992 0.284595 0.666016 0.285901 0.653320 0.285901 0.652344 0.287206 0.650391 0.287206 0.646484 0.292428 0.644531 0.292428 0.643555 0.293734 0.642578 0.293734 0.640625 0.296345 0.640625 0.298956 0.639648 0.300261 0.639648 0.314621 0.640625 0.315927 0.640625 0.317232 0.641602 0.318538 0.642578 0.318538 0.645508 0.323760 0.646484 0.323760 0.650391 0.328982 0.651367 0.328982 0.653320 0.332898 0.657227 0.332898 0.660156 0.335509 0.663086 0.335509 0.664062 0.334204 0.666016 0.334204 0.666992 0.332898 0.668945 0.332898 0.669922 0.331593 0.671875 0.331593 0.672852 0.330287 0.674805 0.330287 0.675781 0.328982 0.676758 0.328982 0.677734 0.327676 0.677734 0.326371 0.680664 0.319843 0.680664 0.317232 0.681641 0.315927 0.681641 0.312010 0.682617 0.310705 0.682617 0.298956 0.681641 0.297650 0.681641 0.295039 0.678711 0.289817 0.677734 0.285901 0.676758 0.285901
0 0.685547 0.281984 0.681641 0.287206 0.681641 0.289817 0.684570 0.295039 0.684570 0.302872 0.685547 0.304178 0.684570 0.306789 0.684570 0.321149 0.686523 0.326371 0.688477 0.328982 0.691406 0.328982 0.692383 0.330287 0.697266 0.330287 0.698242 0.331593 0.706055 0.332898 0.707031 0.334204 0.717773 0.334204 0.719727 0.332898 0.725586 0.322454 0.730469 0.309399 0.730469 0.306789 0.732422 0.304178 0.732422 0.301567 0.733398 0.300261 0.733398 0.292428 0.732422 0.291123 0.732422 0.285901 0.731445 0.283290 0.728516 0.280679 0.725586 0.280679 0.724609 0.279373 0.721680 0.279373 0.720703 0.278068 0.716797 0.278068 0.715820 0.276762 0.707031 0.276762 0.706055 0.275457 0.699219 0.275457 0.696289 0.278068 0.694336 0.278068 0.693359 0.279373 0.688477 0.279373 0.686523 0.281984
0 0.652344 0.231070 0.652344 0.232376 0.650391 0.234987 0.650391 0.251958 0.651367 0.253264 0.651367 0.258486 0.652344 0.259791 0.652344 0.268930 0.654297 0.274151 0.654297 0.279373 0.656250 0.280679 0.664062 0.280679 0.665039 0.281984 0.670898 0.281984 0.671875 0.280679 0.674805 0.280679 0.679688 0.276762 0.684570 0.275457 0.686523 0.272846 0.688477 0.272846 0.692383 0.270235 0.694336 0.267624 0.695312 0.265013 0.695312 0.253264 0.696289 0.251958 0.696289 0.242820 0.695312 0.241514 0.695312 0.237598 0.693359 0.234987 0.693359 0.233681 0.688477 0.228460 0.686523 0.227154 0.683594 0.227154 0.682617 0.225849 0.678711 0.225849 0.677734 0.224543 0.672852 0.224543 0.671875 0.223238 0.668945 0.223238 0.667969 0.221932 0.663086 0.221932 0.656250 0.229765
0 0.682617 0.157963 0.680664 0.159269 0.678711 0.159269 0.677734 0.160574 0.675781 0.160574 0.674805 0.161880 0.668945 0.161880 0.666992 0.164491 0.666016 0.164491 0.655273 0.178851 0.656250 0.185379 0.658203 0.187990 0.661133 0.195822 0.661133 0.198433 0.663086 0.202350 0.663086 0.206266 0.664062 0.207572 0.664062 0.210183 0.666016 0.215405 0.668945 0.219321 0.670898 0.220627 0.674805 0.220627 0.675781 0.221932 0.677734 0.221932 0.678711 0.220627 0.681641 0.220627 0.685547 0.218016 0.689453 0.212794 0.690430 0.212794 0.691406 0.210183 0.694336 0.206266 0.697266 0.204961 0.699219 0.202350 0.699219 0.197128 0.698242 0.195822 0.698242 0.184073 0.697266 0.182768 0.697266 0.178851 0.696289 0.177546 0.696289 0.171018 0.694336 0.165796 0.693359 0.165796 0.690430 0.161880 0.686523 0.159269 0.683594 0.159269
0 0.651367 0.082245 0.649414 0.083551 0.649414 0.084856 0.642578 0.095300 0.640625 0.100522 0.640625 0.103133 0.638672 0.107050 0.636719 0.118799 0.634766 0.121410 0.634766 0.125326 0.642578 0.137076 0.641602 0.139687 0.641602 0.143603 0.644531 0.146214 0.644531 0.147520 0.648438 0.154047 0.650391 0.155352 0.666016 0.155352 0.671875 0.151436 0.676758 0.143603 0.677734 0.140992 0.677734 0.137076 0.679688 0.131854 0.679688 0.127937 0.680664 0.126632 0.680664 0.118799 0.675781 0.113577 0.675781 0.112272 0.672852 0.108355 0.672852 0.107050 0.669922 0.103133 0.669922 0.101828 0.666016 0.096606 0.663086 0.095300 0.656250 0.086162 0.656250 0.084856 0.654297 0.082245
0 0.719727 0.088773 0.715820 0.086162 0.712891 0.086162 0.711914 0.084856 0.703125 0.084856 0.702148 0.086162 0.696289 0.086162 0.695312 0.087467 0.692383 0.087467 0.687500 0.091384 0.687500 0.093995 0.688477 0.095300 0.687500 0.097911 0.687500 0.101828 0.685547 0.104439 0.683594 0.109661 0.683594 0.131854 0.686523 0.137076 0.686523 0.138381 0.688477 0.140992 0.692383 0.143603 0.697266 0.143603 0.698242 0.144909 0.706055 0.144909 0.707031 0.143603 0.708984 0.143603 0.712891 0.140992 0.717773 0.135770 0.718750 0.131854 0.720703 0.129243 0.723633 0.121410 0.723633 0.118799 0.724609 0.117493 0.724609 0.113577 0.725586 0.112272 0.725586 0.100522 0.724609 0.099217 0.724609 0.096606 0.723633 0.093995
0 0.744141 0.142298 0.741211 0.140992 0.739258 0.138381 0.733398 0.134465 0.731445 0.134465 0.730469 0.133159 0.726562 0.133159 0.723633 0.135770 0.721680 0.135770 0.717773 0.138381 0.715820 0.140992 0.710938 0.143603 0.708984 0.146214 0.708008 0.151436 0.707031 0.152742 0.707031 0.157963 0.708008 0.159269 0.708008 0.161880 0.709961 0.164491 0.709961 0.168407 0.711914 0.172324 0.711914 0.176240 0.713867 0.180157 0.712891 0.181462 0.712891 0.191906 0.714844 0.194517 0.717773 0.194517 0.719727 0.191906 0.721680 0.193211 0.724609 0.193211 0.728516 0.195822 0.729492 0.194517 0.733398 0.194517 0.735352 0.191906 0.743164 0.186684 0.744141 0.184073 0.749023 0.178851 0.749023 0.177546 0.751953 0.172324 0.753906 0.161880 0.752930 0.160574 0.752930 0.157963 0.750977 0.152742
0 0.715820 0.199739 0.714844 0.203655 0.712891 0.206266 0.712891 0.212794 0.711914 0.214099 0.711914 0.221932 0.714844 0.225849 0.716797 0.231070 0.718750 0.233681 0.719727 0.233681 0.721680 0.236292 0.725586 0.238903 0.729492 0.238903 0.730469 0.237598 0.734375 0.237598 0.738281 0.234987 0.742188 0.234987 0.744141 0.237598 0.744141 0.238903 0.743164 0.240209 0.743164 0.244125 0.741211 0.246736 0.744141 0.246736 0.746094 0.244125 0.747070 0.244125 0.750000 0.238903 0.751953 0.237598 0.752930 0.233681 0.755859 0.229765 0.756836 0.225849 0.759766 0.220627 0.760742 0.211488 0.758789 0.206266 0.756836 0.203655 0.752930 0.201044 0.750977 0.201044 0.750000 0.199739 0.745117 0.199739 0.744141 0.198433 0.730469 0.198433 0.729492 0.199739 0.727539 0.199739 0.726562 0.198433 0.718750 0.198433 0.717773 0.199739
0 0.740234 0.309399 0.740234 0.312010 0.744141 0.314621 0.746094 0.312010 0.746094 0.309399 0.748047 0.306789 0.750000 0.312010 0.750000 0.315927 0.747070 0.321149 0.748047 0.322454 0.748047 0.326371 0.744141 0.332898 0.742188 0.338120 0.742188 0.340731 0.739258 0.347258 0.743164 0.357702 0.751953 0.357702 0.752930 0.356397 0.760742 0.356397 0.761719 0.355091 0.771484 0.355091 0.772461 0.356397 0.780273 0.356397 0.784180 0.348564 0.784180 0.330287 0.783203 0.327676 0.774414 0.315927 0.773438 0.315927 0.770508 0.312010 0.768555 0.312010 0.763672 0.306789 0.759766 0.306789 0.758789 0.308094 0.756836 0.308094 0.755859 0.306789 0.751953 0.306789 0.750977 0.305483 0.746094 0.305483
0 0.695312 0.339426 0.693359 0.342037 0.693359 0.343342 0.687500 0.349869 0.687500 0.351175 0.684570 0.355091 0.684570 0.356397 0.683594 0.357702 0.683594 0.366841 0.684570 0.368146 0.684570 0.381201 0.685547 0.382507 0.685547 0.387728 0.686523 0.389034 0.688477 0.395561 0.689453 0.395561 0.692383 0.399478 0.693359 0.399478 0.694336 0.400783 0.700195 0.400783 0.701172 0.399478 0.704102 0.399478 0.705078 0.398172 0.708008 0.398172 0.708984 0.396867 0.709961 0.396867 0.712891 0.392950 0.712891 0.391645 0.713867 0.390339 0.713867 0.387728 0.716797 0.383812 0.716797 0.382507 0.718750 0.378590 0.718750 0.374674 0.719727 0.373368 0.719727 0.365535 0.718750 0.364230 0.718750 0.357702 0.717773 0.356397 0.718750 0.355091 0.718750 0.352480 0.716797 0.349869 0.715820 0.349869 0.710938 0.345953 0.706055 0.344648 0.705078 0.343342 0.704102 0.343342 0.701172 0.340731 0.699219 0.340731 0.698242 0.339426
0 0.727539 0.386423 0.726562 0.387728 0.722656 0.387728 0.721680 0.389034 0.719727 0.389034 0.718750 0.390339 0.717773 0.390339 0.711914 0.398172 0.708984 0.399478 0.708984 0.400783 0.708008 0.402089 0.708008 0.406005 0.707031 0.407311 0.707031 0.424282 0.708008 0.425587 0.708008 0.428198 0.711914 0.434726 0.712891 0.438642 0.713867 0.438642 0.716797 0.442559 0.719727 0.442559 0.723633 0.446475 0.727539 0.446475 0.729492 0.443864 0.730469 0.443864 0.733398 0.441253 0.735352 0.441253 0.737305 0.438642 0.740234 0.437337 0.742188 0.434726 0.743164 0.434726 0.745117 0.432115 0.746094 0.432115 0.749023 0.426893 0.749023 0.421671 0.748047 0.420366 0.748047 0.417755 0.747070 0.416449 0.747070 0.415144 0.744141 0.411227 0.744141 0.409922 0.741211 0.406005 0.741211 0.404700 0.737305 0.399478 0.737305 0.398172 0.729492 0.387728 0.728516 0.387728
0 0.765625 0.368146 0.767578 0.368146 0.769531 0.369452 0.770508 0.372063 0.768555 0.374674 0.765625 0.375979 0.760742 0.382507 0.759766 0.382507 0.759766 0.383812 0.753906 0.391645 0.752930 0.394256 0.752930 0.398172 0.751953 0.399478 0.752930 0.400783 0.752930 0.415144 0.753906 0.417755 0.759766 0.426893 0.763672 0.426893 0.766602 0.424282 0.780273 0.424282 0.781250 0.422977 0.783203 0.422977 0.784180 0.421671 0.787109 0.421671 0.791016 0.419060 0.793945 0.415144 0.793945 0.403394 0.792969 0.402089 0.792969 0.390339 0.791016 0.386423 0.791016 0.382507 0.785156 0.374674 0.775391 0.368146
0 0.770508 0.445170 0.765625 0.445170 0.764648 0.443864 0.758789 0.443864 0.757812 0.442559 0.753906 0.442559 0.750977 0.445170 0.749023 0.445170 0.747070 0.447781 0.742188 0.449086 0.739258 0.453003 0.739258 0.454308 0.738281 0.455614 0.738281 0.458225 0.737305 0.459530 0.737305 0.471279 0.736328 0.472585 0.736328 0.479112 0.735352 0.480418 0.735352 0.488251 0.739258 0.493473 0.743164 0.493473 0.744141 0.494778 0.748047 0.494778 0.749023 0.496084 0.755859 0.496084 0.756836 0.494778 0.758789 0.494778 0.759766 0.493473 0.762695 0.492167 0.764648 0.489556 0.765625 0.489556 0.765625 0.488251 0.767578 0.484334 0.768555 0.477807 0.769531 0.476501 0.769531 0.471279 0.770508 0.469974 0.770508 0.464752 0.771484 0.463446 0.771484 0.459530 0.772461 0.458225 0.772461 0.454308 0.773438 0.453003 0.773438 0.450392
0 0.790039 0.481723 0.780273 0.481723 0.779297 0.483029 0.777344 0.483029 0.776367 0.484334 0.771484 0.485640 0.770508 0.486945 0.767578 0.488251 0.764648 0.493473 0.764648 0.505222 0.768555 0.511749 0.768555 0.520888 0.767578 0.522193 0.767578 0.531332 0.768555 0.532637 0.768555 0.533943 0.771484 0.536554 0.774414 0.536554 0.775391 0.537859 0.780273 0.537859 0.781250 0.536554 0.786133 0.535248 0.788086 0.532637 0.789062 0.532637 0.790039 0.531332 0.791992 0.531332 0.793945 0.528721 0.794922 0.528721 0.798828 0.523499 0.798828 0.522193 0.799805 0.520888 0.799805 0.516971 0.798828 0.515666 0.798828 0.507833 0.797852 0.506527 0.797852 0.501305 0.796875 0.500000 0.796875 0.497389 0.795898 0.496084 0.795898 0.490862 0.794922 0.489556 0.794922 0.485640
0 0.831055 0.485640 0.830078 0.485640 0.827148 0.483029 0.819336 0.483029 0.818359 0.484334 0.812500 0.484334 0.810547 0.486945 0.809570 0.486945 0.808594 0.488251 0.807617 0.488251 0.806641 0.489556 0.801758 0.492167 0.799805 0.494778 0.799805 0.497389 0.798828 0.498695 0.798828 0.503916 0.799805 0.505222 0.799805 0.514360 0.800781 0.515666 0.800781 0.519582 0.802734 0.523499 0.802734 0.527415 0.805664 0.531332 0.812500 0.531332 0.813477 0.530026 0.814453 0.530026 0.815430 0.528721 0.820312 0.526110 0.822266 0.523499 0.823242 0.523499 0.826172 0.519582 0.827148 0.519582 0.833008 0.511749 0.833984 0.511749 0.837891 0.506527 0.837891 0.500000 0.836914 0.498695 0.836914 0.496084 0.835938 0.494778 0.835938 0.492167
0 0.810547 0.399478 0.810547 0.400783 0.809570 0.402089 0.809570 0.409922 0.808594 0.411227 0.808594 0.413838 0.806641 0.417755 0.806641 0.438642 0.808594 0.441253 0.808594 0.446475 0.809570 0.447781 0.809570 0.450392 0.812500 0.453003 0.817383 0.453003 0.818359 0.454308 0.820312 0.454308 0.821289 0.455614 0.833008 0.450392 0.841797 0.438642 0.841797 0.437337 0.842773 0.436031 0.842773 0.429504 0.843750 0.428198 0.843750 0.422977 0.845703 0.419060 0.845703 0.409922 0.842773 0.406005 0.839844 0.406005 0.838867 0.404700 0.837891 0.404700 0.833008 0.400783 0.831055 0.400783 0.830078 0.399478
0 0.879883 0.331593 0.881836 0.334204 0.881836 0.342037 0.875977 0.349869 0.875977 0.352480 0.872070 0.361619 0.872070 0.365535 0.871094 0.366841 0.871094 0.369452 0.870117 0.370757 0.870117 0.375979 0.869141 0.377285 0.872070 0.381201 0.872070 0.383812 0.876953 0.389034 0.880859 0.391645 0.883789 0.391645 0.887695 0.395561 0.891602 0.396867 0.897461 0.403394 0.900391 0.403394 0.902344 0.400783 0.904297 0.392950 0.908203 0.390339 0.911133 0.386423 0.912109 0.381201 0.916016 0.374674 0.916016 0.372063 0.916992 0.370757 0.916992 0.365535 0.915039 0.361619 0.915039 0.356397 0.916016 0.355091 0.916016 0.351175 0.917969 0.347258 0.917969 0.342037 0.916016 0.339426 0.910156 0.338120 0.907227 0.335509 0.903320 0.335509 0.902344 0.334204 0.891602 0.334204 0.888672 0.330287 0.885742 0.330287 0.884766 0.331593
0 0.847656 0.281984 0.843750 0.281984 0.842773 0.280679 0.839844 0.280679 0.838867 0.279373 0.833984 0.279373 0.832031 0.281984 0.831055 0.281984 0.828125 0.284595 0.828125 0.285901 0.829102 0.287206 0.829102 0.312010 0.828125 0.313316 0.828125 0.315927 0.826172 0.319843 0.826172 0.323760 0.825195 0.325065 0.825195 0.335509 0.826172 0.336815 0.826172 0.338120 0.828125 0.338120 0.829102 0.339426 0.831055 0.339426 0.832031 0.338120 0.838867 0.338120 0.839844 0.336815 0.842773 0.336815 0.843750 0.335509 0.845703 0.335509 0.846680 0.334204 0.849609 0.334204 0.850586 0.332898 0.853516 0.331593 0.853516 0.330287 0.854492 0.328982 0.854492 0.325065 0.855469 0.323760 0.855469 0.317232 0.854492 0.315927 0.854492 0.312010 0.853516 0.310705 0.853516 0.306789 0.852539 0.305483 0.852539 0.302872 0.850586 0.298956 0.850586 0.296345 0.849609 0.295039 0.849609 0.292428 0.848633 0.291123 0.848633 0.283290
0 0.925781 0.530026 0.923828 0.532637 0.923828 0.535248 0.922852 0.536554 0.922852 0.539164 0.921875 0.540470 0.921875 0.541775 0.920898 0.543081 0.919922 0.543081 0.915039 0.550914 0.914062 0.557441 0.912109 0.561358 0.913086 0.562663 0.913086 0.565274 0.914062 0.566580 0.914062 0.570496 0.915039 0.571802 0.915039 0.574413 0.916016 0.575718 0.918945 0.584856 0.919922 0.584856 0.924805 0.588773 0.929688 0.590078 0.930664 0.591384 0.933594 0.591384 0.934570 0.592689 0.938477 0.592689 0.941406 0.588773 0.942383 0.588773 0.943359 0.587467 0.943359 0.586162 0.946289 0.582245 0.946289 0.580940 0.948242 0.577023 0.948242 0.574413 0.949219 0.573107 0.949219 0.567885 0.950195 0.566580 0.950195 0.560052 0.949219 0.558747 0.949219 0.554830 0.948242 0.553525 0.948242 0.550914 0.947266 0.549608 0.946289 0.545692 0.943359 0.541775 0.941406 0.535248 0.939453 0.532637 0.938477 0.532637 0.937500 0.531332 0.932617 0.531332 0.931641 0.530026
0 0.838867 0.548303 0.836914 0.550914 0.836914 0.553525 0.835938 0.554830 0.834961 0.554830 0.833008 0.558747 0.833008 0.578329 0.833984 0.579634 0.834961 0.586162 0.836914 0.588773 0.836914 0.590078 0.840820 0.595300 0.850586 0.595300 0.851562 0.593995 0.855469 0.593995 0.856445 0.592689 0.861328 0.592689 0.862305 0.591384 0.864258 0.591384 0.866211 0.588773 0.867188 0.588773 0.870117 0.583551 0.870117 0.582245 0.872070 0.578329 0.872070 0.575718 0.873047 0.574413 0.873047 0.570496 0.872070 0.569191 0.872070 0.567885 0.868164 0.562663 0.863281 0.560052 0.860352 0.556136 0.858398 0.556136 0.857422 0.554830 0.855469 0.554830 0.854492 0.553525 0.852539 0.553525 0.851562 0.552219 0.847656 0.552219 0.845703 0.549608 0.845703 0.545692 0.842773 0.545692 0.841797 0.546997
0 0.942383 0.597911 0.939453 0.603133 0.935547 0.605744 0.933594 0.605744 0.927734 0.612272 0.925781 0.612272 0.923828 0.613577 0.920898 0.617493 0.917969 0.625326 0.916016 0.627937 0.915039 0.627937 0.915039 0.631854 0.916992 0.634465 0.915039 0.637076 0.912109 0.637076 0.911133 0.639687 0.912109 0.640992 0.912109 0.643603 0.913086 0.644909 0.913086 0.647520 0.914062 0.650131 0.916016 0.651436 0.917969 0.651436 0.923828 0.655352 0.925781 0.657963 0.926758 0.657963 0.930664 0.664491 0.942383 0.656658 0.944336 0.656658 0.948242 0.654047 0.952148 0.650131 0.952148 0.647520 0.953125 0.646214 0.953125 0.640992 0.954102 0.639687 0.952148 0.637076 0.951172 0.637076 0.948242 0.631854 0.948242 0.612272 0.943359 0.603133 0.943359 0.599217
0 0.918945 0.672324 0.916992 0.672324 0.916016 0.671018 0.916016 0.674935 0.913086 0.678851 0.903320 0.678851 0.902344 0.680157 0.900391 0.680157 0.892578 0.693211 0.892578 0.703655 0.889648 0.711488 0.889648 0.718016 0.890625 0.719321 0.890625 0.721932 0.897461 0.728460 0.894531 0.732376 0.894531 0.733681 0.899414 0.737598 0.902344 0.737598 0.903320 0.738903 0.905273 0.738903 0.907227 0.737598 0.909180 0.732376 0.911133 0.732376 0.912109 0.731070 0.914062 0.731070 0.917969 0.728460 0.923828 0.721932 0.923828 0.719321 0.925781 0.714099 0.925781 0.708877 0.926758 0.707572 0.926758 0.684073 0.921875 0.678851 0.920898 0.674935
0 0.806641 0.597911 0.805664 0.597911 0.801758 0.603133 0.800781 0.603133 0.798828 0.605744 0.796875 0.605744 0.795898 0.607050 0.795898 0.608355 0.791016 0.616188 0.791016 0.617493 0.788086 0.624021 0.788086 0.626632 0.784180 0.635770 0.784180 0.644909 0.786133 0.647520 0.789062 0.648825 0.791016 0.651436 0.792969 0.651436 0.794922 0.654047 0.795898 0.654047 0.798828 0.656658 0.799805 0.656658 0.800781 0.655352 0.802734 0.655352 0.802734 0.654047 0.805664 0.650131 0.806641 0.650131 0.809570 0.646214 0.810547 0.646214 0.816406 0.639687 0.818359 0.639687 0.823242 0.633159 0.823242 0.630548 0.824219 0.629243 0.824219 0.620104 0.823242 0.618799 0.822266 0.612272 0.813477 0.601828 0.812500 0.601828 0.811523 0.600522 0.809570 0.600522
0 0.844727 0.647520 0.839844 0.647520 0.839844 0.650131 0.836914 0.654047 0.831055 0.657963 0.828125 0.657963 0.827148 0.659269 0.823242 0.659269 0.821289 0.660574 0.821289 0.661880 0.815430 0.669713 0.815430 0.672324 0.813477 0.677546 0.813477 0.682768 0.812500 0.684073 0.812500 0.686684 0.814453 0.690601 0.817383 0.690601 0.822266 0.698433 0.823242 0.698433 0.827148 0.703655 0.830078 0.704961 0.833984 0.710183 0.834961 0.708877 0.836914 0.708877 0.846680 0.695822 0.848633 0.690601 0.858398 0.676240 0.858398 0.669713 0.857422 0.667102 0.854492 0.663185 0.853516 0.660574 0.852539 0.660574 0.847656 0.655352
0 0.876953 0.725849 0.869141 0.725849 0.867188 0.728460 0.866211 0.728460 0.865234 0.729765 0.863281 0.729765 0.862305 0.731070 0.859375 0.732376 0.857422 0.734987 0.856445 0.734987 0.851562 0.741514 0.850586 0.741514 0.847656 0.745431 0.847656 0.746736 0.844727 0.751958 0.844727 0.757180 0.843750 0.758486 0.843750 0.762402 0.842773 0.763708 0.842773 0.765013 0.844727 0.767624 0.844727 0.768930 0.849609 0.770235 0.851562 0.772846 0.852539 0.772846 0.857422 0.776762 0.862305 0.778068 0.864258 0.780679 0.865234 0.780679 0.866211 0.779373 0.872070 0.779373 0.873047 0.778068 0.875977 0.778068 0.876953 0.776762 0.877930 0.776762 0.880859 0.772846 0.880859 0.770235 0.883789 0.763708 0.883789 0.757180 0.884766 0.755875 0.884766 0.751958 0.885742 0.750653 0.885742 0.744125 0.884766 0.742820 0.884766 0.738903 0.883789 0.737598 0.882812 0.733681 0.879883 0.729765 0.878906 0.729765
0 0.801758 0.727154 0.799805 0.733681 0.796875 0.737598 0.795898 0.737598 0.792969 0.741514 0.792969 0.742820 0.791992 0.744125 0.791992 0.750653 0.792969 0.751958 0.792969 0.755875 0.793945 0.757180 0.793945 0.761097 0.794922 0.762402 0.794922 0.767624 0.795898 0.768930 0.795898 0.774151 0.796875 0.775457 0.796875 0.779373 0.800781 0.784595 0.805664 0.785901 0.806641 0.787206 0.807617 0.787206 0.810547 0.791123 0.814453 0.791123 0.814453 0.788512 0.815430 0.787206 0.815430 0.783290 0.825195 0.770235 0.825195 0.767624 0.826172 0.766319 0.826172 0.761097 0.827148 0.759791 0.827148 0.754569 0.826172 0.753264 0.826172 0.737598 0.823242 0.732376 0.822266 0.732376 0.819336 0.729765 0.816406 0.729765 0.815430 0.731070 0.808594 0.731070 0.804688 0.727154
