0 0.085938 0.492188 0.085938 0.493490 0.083008 0.497396 0.083008 0.500000 0.081055 0.503906 0.081055 0.507812 0.079102 0.513021 0.079102 0.518229 0.080078 0.520833 0.082031 0.522135 0.085938 0.528646 0.089844 0.531250 0.096680 0.540365 0.099609 0.541667 0.101562 0.544271 0.101562 0.545573 0.104492 0.548177 0.110352 0.548177 0.111328 0.549479 0.114258 0.549479 0.115234 0.550781 0.119141 0.552083 0.129883 0.544271 0.132812 0.537760 0.132812 0.532552 0.133789 0.531250 0.133789 0.527344 0.134766 0.526042 0.134766 0.522135 0.133789 0.519531 0.131836 0.519531 0.130859 0.518229 0.126953 0.516927 0.123047 0.511719 0.123047 0.509115 0.122070 0.507812 0.119141 0.507812 0.109375 0.494792 0.109375 0.493490 0.106445 0.489583 0.090820 0.486979
0 0.072266 0.565104 0.051758 0.592448 0.050781 0.595052 0.050781 0.598958 0.051758 0.600260 0.051758 0.608073 0.053711 0.613281 0.060547 0.623698 0.067383 0.628906 0.074219 0.628906 0.075195 0.627604 0.083984 0.627604 0.084961 0.628906 0.091797 0.628906 0.092773 0.630208 0.096680 0.630208 0.097656 0.628906 0.099609 0.628906 0.101562 0.623698 0.108398 0.615885 0.108398 0.613281 0.107422 0.611979 0.107422 0.604167 0.108398 0.601562 0.103516 0.588542 0.101562 0.585938 0.101562 0.583333 0.099609 0.579427 0.099609 0.570312 0.097656 0.566406 0.094727 0.566406 0.093750 0.565104 0.090820 0.565104 0.085938 0.562500 0.076172 0.562500
0 0.057617 0.645833 0.055664 0.651042 0.055664 0.657552 0.056641 0.658854 0.057617 0.664062 0.059570 0.666667 0.061523 0.671875 0.061523 0.674479 0.064453 0.678385 0.069336 0.680990 0.073242 0.686198 0.074219 0.686198 0.080078 0.692708 0.085938 0.692708 0.086914 0.694010 0.088867 0.692708 0.094727 0.692708 0.095703 0.691406 0.097656 0.691406 0.100586 0.688802 0.104492 0.687500 0.108398 0.682292 0.109375 0.682292 0.109375 0.680990 0.112305 0.677083 0.114258 0.670573 0.116211 0.667969 0.116211 0.661458 0.115234 0.660156 0.111328 0.660156 0.109375 0.654948 0.108398 0.654948 0.102539 0.647135 0.098633 0.636719 0.096680 0.634115 0.094727 0.634115 0.093750 0.632812 0.088867 0.632812 0.087891 0.631510 0.084961 0.631510 0.083984 0.630208 0.075195 0.630208 0.074219 0.631510 0.071289 0.631510 0.066406 0.635417 0.066406 0.636719 0.063477 0.640625 0.061523 0.640625
0 0.089844 0.699219 0.089844 0.700521 0.085938 0.705729 0.085938 0.708333 0.083984 0.709635 0.083008 0.713542 0.079102 0.717448 0.075195 0.725260 0.075195 0.727865 0.074219 0.729167 0.074219 0.738281 0.078125 0.744792 0.079102 0.748698 0.086914 0.757812 0.087891 0.757812 0.096680 0.770833 0.098633 0.772135 0.107422 0.772135 0.108398 0.770833 0.110352 0.770833 0.114258 0.768229 0.121094 0.759115 0.123047 0.753906 0.123047 0.751302 0.129883 0.743490 0.131836 0.736979 0.131836 0.731771 0.132812 0.730469 0.130859 0.725260 0.130859 0.721354 0.126953 0.716146 0.125977 0.712240 0.124023 0.710938 0.122070 0.710938 0.121094 0.713542 0.118164 0.716146 0.109375 0.707031 0.097656 0.707031 0.096680 0.708333 0.090820 0.708333 0.088867 0.705729 0.088867 0.703125 0.090820 0.701823 0.091797 0.699219
0 0.146484 0.457031 0.139648 0.466146 0.138672 0.466146 0.132812 0.475260 0.132812 0.477865 0.130859 0.480469 0.128906 0.485677 0.128906 0.488281 0.126953 0.490885 0.126953 0.496094 0.125977 0.497396 0.125977 0.506510 0.126953 0.507812 0.126953 0.511719 0.131836 0.511719 0.134766 0.515625 0.134766 0.516927 0.136719 0.518229 0.141602 0.518229 0.142578 0.519531 0.147461 0.519531 0.148438 0.520833 0.162109 0.520833 0.163086 0.522135 0.174805 0.522135 0.175781 0.520833 0.177734 0.520833 0.183594 0.514323 0.184570 0.514323 0.187500 0.500000 0.183594 0.492188 0.177734 0.484375 0.176758 0.481771 0.176758 0.471354 0.175781 0.470052 0.172852 0.470052 0.168945 0.466146 0.165039 0.466146 0.159180 0.459635 0.155273 0.457031 0.153320 0.457031 0.150391 0.454427
0 0.157227 0.523438 0.151367 0.531250 0.148438 0.532552 0.146484 0.536458 0.141602 0.540365 0.137695 0.554688 0.137695 0.562500 0.138672 0.563802 0.137695 0.565104 0.136719 0.576823 0.139648 0.584635 0.149414 0.597656 0.158203 0.604167 0.162109 0.604167 0.191406 0.580729 0.193359 0.575521 0.192383 0.559896 0.194336 0.555990 0.194336 0.549479 0.193359 0.548177 0.192383 0.541667 0.189453 0.539062 0.188477 0.536458 0.182617 0.533854 0.174805 0.526042 0.170898 0.526042 0.169922 0.524740 0.166016 0.524740 0.165039 0.523438
0 0.180664 0.593750 0.161133 0.606771 0.157227 0.611979 0.151367 0.626302 0.151367 0.630208 0.150391 0.631510 0.150391 0.639323 0.151367 0.640625 0.151367 0.647135 0.154297 0.652344 0.158203 0.653646 0.161133 0.656250 0.165039 0.656250 0.166016 0.657552 0.170898 0.658854 0.175781 0.662760 0.178711 0.662760 0.179688 0.664062 0.189453 0.666667 0.190430 0.665365 0.193359 0.665365 0.204102 0.653646 0.204102 0.651042 0.206055 0.645833 0.209961 0.640625 0.212891 0.634115 0.212891 0.622396 0.208984 0.609375 0.196289 0.595052 0.191406 0.595052 0.190430 0.593750
0 0.152344 0.654948 0.148438 0.657552 0.148438 0.660156 0.150391 0.662760 0.149414 0.665365 0.144531 0.665365 0.141602 0.662760 0.128906 0.678385 0.128906 0.680990 0.127930 0.682292 0.127930 0.694010 0.125977 0.699219 0.125977 0.707031 0.132812 0.718750 0.137695 0.721354 0.156250 0.722656 0.157227 0.723958 0.164062 0.723958 0.165039 0.725260 0.166016 0.723958 0.169922 0.723958 0.175781 0.718750 0.179688 0.705729 0.185547 0.699219 0.186523 0.696615 0.186523 0.684896 0.177734 0.674479 0.171875 0.662760 0.167969 0.661458 0.166016 0.658854 0.164062 0.658854 0.163086 0.657552 0.159180 0.657552 0.158203 0.656250
0 0.188477 0.717448 0.184570 0.714844 0.177734 0.718750 0.174805 0.722656 0.170898 0.725260 0.167969 0.725260 0.166992 0.726562 0.161133 0.726562 0.160156 0.725260 0.149414 0.725260 0.146484 0.729167 0.142578 0.740885 0.142578 0.765625 0.146484 0.776042 0.146484 0.778646 0.150391 0.783854 0.154297 0.786458 0.169922 0.787760 0.170898 0.786458 0.175781 0.786458 0.176758 0.785156 0.185547 0.785156 0.186523 0.783854 0.190430 0.783854 0.193359 0.781250 0.195312 0.776042 0.195312 0.769531 0.194336 0.768229 0.194336 0.759115 0.193359 0.757812 0.193359 0.755208 0.196289 0.747396 0.196289 0.736979 0.194336 0.731771 0.194336 0.726562
0 0.226562 0.717448 0.223633 0.720052 0.218750 0.721354 0.216797 0.723958 0.213867 0.725260 0.203125 0.740885 0.196289 0.756510 0.196289 0.769531 0.198242 0.776042 0.201172 0.779948 0.204102 0.786458 0.208984 0.791667 0.210938 0.791667 0.213867 0.794271 0.216797 0.794271 0.219727 0.796875 0.225586 0.798177 0.226562 0.799479 0.235352 0.799479 0.239258 0.794271 0.240234 0.794271 0.250000 0.776042 0.250000 0.770833 0.250977 0.769531 0.250977 0.764323 0.251953 0.763021 0.251953 0.757812 0.252930 0.756510 0.251953 0.753906 0.251953 0.742188 0.248047 0.734375 0.246094 0.725260 0.245117 0.725260 0.242188 0.721354 0.234375 0.717448
0 0.190430 0.670573 0.189453 0.678385 0.188477 0.679688 0.188477 0.684896 0.189453 0.686198 0.188477 0.697917 0.189453 0.699219 0.189453 0.701823 0.191406 0.707031 0.198242 0.716146 0.202148 0.717448 0.203125 0.718750 0.205078 0.718750 0.206055 0.720052 0.217773 0.718750 0.231445 0.710938 0.235352 0.707031 0.236328 0.701823 0.237305 0.700521 0.237305 0.697917 0.239258 0.692708 0.241211 0.690104 0.241211 0.684896 0.242188 0.683594 0.242188 0.671875 0.236328 0.665365 0.228516 0.660156 0.221680 0.660156 0.220703 0.658854 0.217773 0.658854 0.216797 0.657552 0.204102 0.657552 0.203125 0.658854 0.201172 0.658854
0 0.291992 0.723958 0.287109 0.723958 0.284180 0.726562 0.281250 0.726562 0.280273 0.727865 0.278320 0.727865 0.277344 0.729167 0.275391 0.729167 0.274414 0.730469 0.270508 0.731771 0.260742 0.746094 0.260742 0.747396 0.255859 0.755208 0.254883 0.760417 0.253906 0.761719 0.253906 0.765625 0.259766 0.781250 0.263672 0.785156 0.268555 0.786458 0.271484 0.789062 0.273438 0.789062 0.279297 0.792969 0.282227 0.792969 0.283203 0.791667 0.288086 0.790365 0.295898 0.785156 0.299805 0.781250 0.301758 0.781250 0.309570 0.769531 0.310547 0.766927 0.310547 0.763021 0.311523 0.761719 0.310547 0.750000 0.306641 0.744792 0.305664 0.744792 0.301758 0.738281 0.299805 0.736979 0.299805 0.735677
0 0.276367 0.658854 0.271484 0.658854 0.269531 0.661458 0.267578 0.661458 0.263672 0.667969 0.259766 0.669271 0.250000 0.677083 0.244141 0.684896 0.243164 0.690104 0.241211 0.692708 0.240234 0.695312 0.240234 0.699219 0.239258 0.700521 0.240234 0.701823 0.240234 0.705729 0.242188 0.708333 0.242188 0.709635 0.244141 0.710938 0.250000 0.720052 0.253906 0.721354 0.254883 0.722656 0.256836 0.722656 0.259766 0.725260 0.267578 0.727865 0.268555 0.729167 0.279297 0.726562 0.285156 0.722656 0.287109 0.720052 0.289062 0.714844 0.289062 0.708333 0.290039 0.707031 0.290039 0.704427 0.292969 0.696615 0.294922 0.694010 0.294922 0.691406 0.295898 0.690104 0.295898 0.677083 0.293945 0.673177 0.291992 0.673177 0.289062 0.669271 0.283203 0.665365
0 0.237305 0.602865 0.229492 0.608073 0.224609 0.614583 0.223633 0.614583 0.223633 0.615885 0.218750 0.622396 0.217773 0.627604 0.216797 0.628906 0.216797 0.638021 0.217773 0.640625 0.233398 0.661458 0.234375 0.661458 0.237305 0.665365 0.243164 0.669271 0.250000 0.669271 0.257812 0.664062 0.264648 0.654948 0.265625 0.654948 0.272461 0.644531 0.272461 0.641927 0.273438 0.640625 0.273438 0.635417 0.274414 0.634115 0.274414 0.627604 0.271484 0.623698 0.267578 0.622396 0.264648 0.618490 0.257812 0.614583 0.250977 0.602865
0 0.216797 0.531250 0.212891 0.533854 0.208984 0.539062 0.204102 0.542969 0.204102 0.544271 0.201172 0.548177 0.198242 0.555990 0.198242 0.566406 0.197266 0.567708 0.197266 0.572917 0.196289 0.574219 0.196289 0.582031 0.197266 0.583333 0.198242 0.591146 0.200195 0.595052 0.210938 0.608073 0.217773 0.608073 0.223633 0.604167 0.230469 0.602865 0.235352 0.598958 0.237305 0.598958 0.244141 0.595052 0.247070 0.592448 0.249023 0.588542 0.249023 0.579427 0.250000 0.578125 0.250000 0.570312 0.249023 0.569010 0.249023 0.566406 0.247070 0.563802 0.241211 0.548177 0.237305 0.542969 0.237305 0.541667 0.236328 0.540365 0.231445 0.540365 0.225586 0.535156 0.219727 0.533854
0 0.225586 0.437500 0.208984 0.434896 0.208008 0.436198 0.205078 0.436198 0.198242 0.440104 0.189453 0.441406 0.187500 0.442708 0.183594 0.447917 0.180664 0.455729 0.180664 0.463542 0.179688 0.464844 0.179688 0.468750 0.177734 0.475260 0.177734 0.481771 0.178711 0.484375 0.184570 0.490885 0.186523 0.490885 0.190430 0.493490 0.191406 0.496094 0.194336 0.497396 0.199219 0.502604 0.206055 0.506510 0.220703 0.503906 0.224609 0.501302 0.227539 0.501302 0.232422 0.497396 0.236328 0.488281 0.236328 0.483073 0.235352 0.481771 0.236328 0.479167 0.236328 0.470052 0.235352 0.468750 0.234375 0.454427 0.232422 0.450521 0.232422 0.447917
0 0.159180 0.372396 0.158203 0.376302 0.152344 0.386719 0.152344 0.403646 0.154297 0.410156 0.158203 0.417969 0.158203 0.420573 0.161133 0.429688 0.165039 0.436198 0.166992 0.436198 0.167969 0.437500 0.172852 0.437500 0.173828 0.438802 0.177734 0.438802 0.178711 0.440104 0.184570 0.440104 0.189453 0.437500 0.195312 0.437500 0.199219 0.434896 0.203125 0.427083 0.204102 0.423177 0.203125 0.421875 0.203125 0.417969 0.200195 0.412760 0.200195 0.410156 0.196289 0.397135 0.196289 0.384115 0.197266 0.382812 0.194336 0.378906 0.193359 0.375000 0.184570 0.367188 0.178711 0.367188 0.177734 0.365885 0.165039 0.365885
0 0.208008 0.365885 0.200195 0.377604 0.197266 0.388021 0.197266 0.394531 0.200195 0.404948 0.200195 0.408854 0.204102 0.419271 0.206055 0.421875 0.208984 0.430990 0.211914 0.433594 0.223633 0.434896 0.226562 0.437500 0.231445 0.437500 0.236328 0.440104 0.244141 0.438802 0.255859 0.429688 0.254883 0.408854 0.253906 0.407552 0.253906 0.404948 0.250977 0.401042 0.250977 0.397135 0.247070 0.384115 0.248047 0.377604 0.246094 0.375000 0.245117 0.369792 0.238281 0.364583 0.234375 0.364583 0.233398 0.363281 0.230469 0.363281 0.225586 0.360677 0.217773 0.360677
0 0.172852 0.289062 0.169922 0.291667 0.166992 0.299479 0.166992 0.302083 0.165039 0.304688 0.162109 0.312500 0.162109 0.315104 0.157227 0.326823 0.157227 0.330729 0.155273 0.337240 0.155273 0.342448 0.159180 0.351562 0.161133 0.352865 0.167969 0.363281 0.169922 0.363281 0.170898 0.364583 0.180664 0.364583 0.181641 0.365885 0.185547 0.365885 0.189453 0.368490 0.192383 0.372396 0.201172 0.368490 0.205078 0.361979 0.208008 0.360677 0.208008 0.356771 0.209961 0.354167 0.209961 0.351562 0.210938 0.350260 0.211914 0.333333 0.210938 0.332031 0.210938 0.322917 0.208984 0.319010 0.208008 0.308594 0.200195 0.296875 0.200195 0.294271 0.198242 0.291667 0.195312 0.291667 0.192383 0.294271 0.191406 0.292969 0.181641 0.292969 0.178711 0.290365
0 0.219727 0.182292 0.218750 0.183594 0.215820 0.183594 0.213867 0.187500 0.207031 0.195312 0.207031 0.200521 0.205078 0.203125 0.204102 0.208333 0.199219 0.216146 0.200195 0.217448 0.200195 0.229167 0.199219 0.230469 0.201172 0.234375 0.202148 0.244792 0.207031 0.248698 0.212891 0.257812 0.220703 0.263021 0.225586 0.264323 0.233398 0.270833 0.236328 0.269531 0.241211 0.264323 0.242188 0.261719 0.250000 0.252604 0.255859 0.240885 0.261719 0.233073 0.263672 0.226562 0.263672 0.203125 0.259766 0.197917 0.254883 0.196615 0.243164 0.186198 0.240234 0.184896 0.234375 0.184896 0.233398 0.183594
0 0.264648 0.268229 0.248047 0.268229 0.247070 0.266927 0.240234 0.268229 0.236328 0.273438 0.233398 0.273438 0.229492 0.277344 0.223633 0.279948 0.218750 0.289062 0.218750 0.300781 0.217773 0.302083 0.217773 0.324219 0.218750 0.325521 0.218750 0.329427 0.225586 0.339844 0.235352 0.347656 0.246094 0.348958 0.254883 0.343750 0.268555 0.338542 0.271484 0.335938 0.274414 0.330729 0.275391 0.326823 0.275391 0.316406 0.276367 0.315104 0.270508 0.299479 0.271484 0.296875 0.271484 0.287760 0.272461 0.283854 0.267578 0.276042 0.264648 0.273438
0 0.284180 0.178385 0.278320 0.182292 0.268555 0.192708 0.265625 0.199219 0.265625 0.201823 0.266602 0.203125 0.266602 0.229167 0.267578 0.230469 0.267578 0.233073 0.269531 0.238281 0.275391 0.247396 0.280273 0.252604 0.285156 0.253906 0.291016 0.259115 0.297852 0.257812 0.302734 0.252604 0.306641 0.256510 0.309570 0.256510 0.310547 0.255208 0.310547 0.252604 0.313477 0.248698 0.318359 0.246094 0.319336 0.243490 0.321289 0.243490 0.324219 0.236979 0.324219 0.210938 0.323242 0.209635 0.323242 0.207031 0.318359 0.200521 0.314453 0.197917 0.305664 0.187500 0.300781 0.183594 0.298828 0.179688 0.294922 0.175781 0.290039 0.175781 0.289062 0.177083
0 0.340820 0.263021 0.336914 0.263021 0.331055 0.265625 0.316406 0.265625 0.312500 0.261719 0.297852 0.261719 0.283203 0.268229 0.280273 0.272135 0.274414 0.287760 0.274414 0.298177 0.277344 0.311198 0.288086 0.324219 0.291992 0.330729 0.292969 0.334635 0.294922 0.335938 0.303711 0.337240 0.304688 0.338542 0.315430 0.338542 0.322266 0.334635 0.327148 0.328125 0.337891 0.320312 0.339844 0.315104 0.339844 0.307292 0.337891 0.303385 0.339844 0.299479 0.339844 0.290365 0.338867 0.289062 0.339844 0.287760 0.339844 0.281250 0.340820 0.279948
0 0.294922 0.343750 0.287109 0.342448 0.286133 0.341146 0.285156 0.342448 0.275391 0.342448 0.274414 0.343750 0.272461 0.343750 0.270508 0.346354 0.265625 0.348958 0.256836 0.360677 0.256836 0.363281 0.255859 0.364583 0.255859 0.377604 0.256836 0.378906 0.256836 0.382812 0.257812 0.384115 0.259766 0.393229 0.262695 0.397135 0.264648 0.402344 0.269531 0.406250 0.277344 0.419271 0.284180 0.419271 0.288086 0.416667 0.291992 0.411458 0.298828 0.407552 0.301758 0.407552 0.304688 0.402344 0.305664 0.390625 0.306641 0.389323 0.306641 0.381510 0.307617 0.380208 0.307617 0.359375 0.304688 0.352865 0.297852 0.347656
0 0.348633 0.161458 0.345703 0.166667 0.345703 0.182292 0.346680 0.183594 0.346680 0.190104 0.349609 0.201823 0.349609 0.207031 0.352539 0.216146 0.352539 0.220052 0.356445 0.226562 0.368164 0.234375 0.373047 0.234375 0.374023 0.233073 0.381836 0.231771 0.382812 0.230469 0.394531 0.229167 0.399414 0.223958 0.402344 0.212240 0.404297 0.191406 0.403320 0.190104 0.402344 0.179688 0.396484 0.167969 0.392578 0.162760 0.375977 0.152344 0.369141 0.152344
0 0.369141 0.242188 0.362305 0.246094 0.358398 0.246094 0.352539 0.250000 0.347656 0.255208 0.344727 0.260417 0.341797 0.270833 0.341797 0.285156 0.340820 0.287760 0.341797 0.289062 0.341797 0.294271 0.344727 0.303385 0.350586 0.315104 0.359375 0.325521 0.364258 0.328125 0.375000 0.328125 0.384766 0.321615 0.392578 0.312500 0.395508 0.304688 0.395508 0.294271 0.394531 0.292969 0.394531 0.281250 0.391602 0.278646 0.390625 0.272135 0.387695 0.266927 0.387695 0.263021 0.383789 0.259115 0.375977 0.243490
0 0.339844 0.330729 0.338867 0.332031 0.336914 0.332031 0.332031 0.337240 0.322266 0.343750 0.315430 0.351562 0.313477 0.358073 0.313477 0.376302 0.315430 0.380208 0.315430 0.382812 0.320312 0.389323 0.320312 0.390625 0.321289 0.390625 0.326172 0.397135 0.342773 0.408854 0.352539 0.408854 0.360352 0.403646 0.364258 0.397135 0.365234 0.386719 0.366211 0.385417 0.366211 0.376302 0.367188 0.375000 0.367188 0.358073 0.368164 0.355469 0.367188 0.354167 0.367188 0.350260 0.358398 0.339844 0.355469 0.338542 0.350586 0.333333
0 0.297852 0.410156 0.286133 0.420573 0.280273 0.430990 0.280273 0.433594 0.279297 0.434896 0.279297 0.446615 0.280273 0.447917 0.280273 0.454427 0.284180 0.466146 0.284180 0.473958 0.288086 0.479167 0.291992 0.480469 0.295898 0.485677 0.301758 0.489583 0.313477 0.489583 0.314453 0.488281 0.318359 0.488281 0.331055 0.480469 0.333008 0.476562 0.333008 0.471354 0.334961 0.464844 0.334961 0.457031 0.333984 0.455729 0.333984 0.446615 0.333008 0.445312 0.333008 0.440104 0.332031 0.438802 0.332031 0.433594 0.331055 0.432292 0.330078 0.423177 0.323242 0.416667 0.312500 0.410156 0.306641 0.410156 0.305664 0.408854 0.304688 0.410156
0 0.278320 0.459635 0.277344 0.460938 0.271484 0.462240 0.264648 0.466146 0.259766 0.466146 0.254883 0.468750 0.252930 0.473958 0.250000 0.477865 0.249023 0.483073 0.246094 0.489583 0.246094 0.493490 0.245117 0.494792 0.245117 0.513021 0.246094 0.514323 0.246094 0.516927 0.248047 0.522135 0.254883 0.531250 0.260742 0.535156 0.263672 0.535156 0.264648 0.536458 0.271484 0.536458 0.272461 0.535156 0.276367 0.535156 0.277344 0.533854 0.280273 0.533854 0.283203 0.531250 0.289062 0.529948 0.300781 0.511719 0.300781 0.510417 0.303711 0.506510 0.303711 0.503906 0.304688 0.502604 0.304688 0.496094 0.300781 0.490885 0.294922 0.486979 0.292969 0.484375 0.288086 0.481771 0.282227 0.475260 0.282227 0.464844
0 0.283203 0.539062 0.279297 0.539062 0.278320 0.540365 0.271484 0.541667 0.268555 0.545573 0.259766 0.553385 0.252930 0.567708 0.252930 0.593750 0.253906 0.595052 0.253906 0.601562 0.254883 0.604167 0.260742 0.613281 0.266602 0.617188 0.270508 0.617188 0.278320 0.621094 0.282227 0.614583 0.286133 0.613281 0.295898 0.606771 0.298828 0.602865 0.301758 0.601562 0.306641 0.595052 0.306641 0.592448 0.307617 0.591146 0.307617 0.582031 0.304688 0.572917 0.301758 0.569010 0.300781 0.562500 0.294922 0.555990 0.291016 0.545573 0.288086 0.541667
0 0.283203 0.615885 0.278320 0.622396 0.277344 0.625000 0.277344 0.638021 0.276367 0.639323 0.276367 0.649740 0.279297 0.657552 0.285156 0.664062 0.289062 0.666667 0.291016 0.666667 0.291992 0.667969 0.294922 0.667969 0.295898 0.669271 0.300781 0.669271 0.301758 0.670573 0.310547 0.670573 0.320312 0.656250 0.320312 0.654948 0.323242 0.651042 0.325195 0.645833 0.326172 0.639323 0.325195 0.638021 0.325195 0.627604 0.324219 0.626302 0.324219 0.621094 0.321289 0.617188 0.313477 0.613281 0.310547 0.609375 0.300781 0.609375 0.299805 0.610677 0.295898 0.610677 0.294922 0.609375 0.293945 0.610677 0.289062 0.611979
0 0.339844 0.660156 0.335938 0.660156 0.329102 0.664062 0.327148 0.666667 0.325195 0.666667 0.321289 0.669271 0.318359 0.669271 0.317383 0.670573 0.317383 0.673177 0.314453 0.678385 0.314453 0.680990 0.313477 0.682292 0.313477 0.690104 0.312500 0.691406 0.312500 0.708333 0.311523 0.709635 0.312500 0.712240 0.312500 0.717448 0.318359 0.723958 0.318359 0.726562 0.323242 0.733073 0.328125 0.735677 0.332031 0.735677 0.333008 0.736979 0.345703 0.735677 0.346680 0.734375 0.349609 0.734375 0.356445 0.729167 0.358398 0.729167 0.362305 0.725260 0.363281 0.722656 0.363281 0.718750 0.364258 0.717448 0.364258 0.709635 0.361328 0.704427 0.361328 0.684896 0.356445 0.674479 0.351562 0.673177 0.349609 0.670573 0.346680 0.669271
0 0.352539 0.738281 0.350586 0.736979 0.347656 0.736979 0.346680 0.738281 0.335938 0.738281 0.334961 0.739583 0.331055 0.739583 0.330078 0.740885 0.325195 0.740885 0.323242 0.743490 0.316406 0.748698 0.315430 0.753906 0.314453 0.755208 0.314453 0.757812 0.313477 0.759115 0.313477 0.770833 0.314453 0.772135 0.314453 0.774740 0.316406 0.779948 0.316406 0.783854 0.319336 0.791667 0.319336 0.794271 0.321289 0.799479 0.324219 0.803385 0.326172 0.803385 0.329102 0.805990 0.339844 0.805990 0.340820 0.804688 0.344727 0.804688 0.345703 0.803385 0.347656 0.803385 0.351562 0.799479 0.353516 0.794271 0.353516 0.791667 0.355469 0.789062 0.357422 0.782552 0.359375 0.779948 0.363281 0.769531 0.363281 0.765625 0.359375 0.759115 0.358398 0.753906 0.357422 0.752604 0.357422 0.750000 0.355469 0.747396 0.354492 0.742188
0 0.411133 0.733073 0.409180 0.731771 0.405273 0.731771 0.404297 0.733073 0.400391 0.733073 0.396484 0.735677 0.391602 0.735677 0.390625 0.736979 0.387695 0.736979 0.386719 0.738281 0.383789 0.738281 0.382812 0.739583 0.376953 0.739583 0.375977 0.738281 0.374023 0.738281 0.372070 0.736979 0.370117 0.740885 0.370117 0.743490 0.369141 0.744792 0.369141 0.748698 0.368164 0.750000 0.369141 0.761719 0.372070 0.769531 0.376953 0.776042 0.381836 0.778646 0.386719 0.785156 0.391602 0.785156 0.392578 0.783854 0.394531 0.783854 0.395508 0.782552 0.398438 0.782552 0.399414 0.781250 0.401367 0.781250 0.402344 0.779948 0.404297 0.779948 0.406250 0.778646 0.409180 0.774740 0.410156 0.774740 0.416016 0.766927 0.416992 0.764323 0.416992 0.752604 0.417969 0.751302 0.417969 0.746094 0.416016 0.740885 0.414062 0.738281 0.414062 0.736979
0 0.419922 0.704427 0.411133 0.692708 0.411133 0.691406 0.408203 0.694010 0.402344 0.694010 0.401367 0.695312 0.397461 0.695312 0.396484 0.696615 0.393555 0.696615 0.392578 0.697917 0.389648 0.697917 0.388672 0.699219 0.383789 0.699219 0.378906 0.703125 0.376953 0.703125 0.369141 0.708333 0.367188 0.710938 0.367188 0.713542 0.365234 0.718750 0.365234 0.722656 0.366211 0.725260 0.369141 0.729167 0.370117 0.729167 0.375977 0.738281 0.384766 0.738281 0.385742 0.736979 0.388672 0.736979 0.391602 0.734375 0.396484 0.734375 0.400391 0.731771 0.403320 0.731771 0.404297 0.730469 0.406250 0.730469 0.412109 0.726562 0.415039 0.718750 0.419922 0.710938
0 0.457031 0.688802 0.455078 0.688802 0.447266 0.695312 0.443359 0.695312 0.442383 0.696615 0.439453 0.696615 0.438477 0.697917 0.432617 0.697917 0.431641 0.699219 0.429688 0.699219 0.426758 0.703125 0.422852 0.705729 0.422852 0.709635 0.414062 0.726562 0.415039 0.729167 0.415039 0.736979 0.420898 0.748698 0.422852 0.750000 0.428711 0.757812 0.431641 0.759115 0.436523 0.764323 0.439453 0.764323 0.442383 0.761719 0.453125 0.757812 0.456055 0.753906 0.457031 0.753906 0.462891 0.744792 0.465820 0.736979 0.465820 0.734375 0.467773 0.730469 0.468750 0.723958 0.460938 0.708333 0.460938 0.700521 0.459961 0.699219 0.458984 0.692708
0 0.372070 0.613281 0.365234 0.613281 0.362305 0.615885 0.360352 0.615885 0.355469 0.621094 0.351562 0.622396 0.350586 0.623698 0.337891 0.623698 0.336914 0.625000 0.336914 0.627604 0.334961 0.632812 0.334961 0.638021 0.335938 0.639323 0.336914 0.647135 0.339844 0.651042 0.340820 0.654948 0.348633 0.667969 0.352539 0.670573 0.370117 0.670573 0.371094 0.669271 0.375977 0.667969 0.382812 0.662760 0.384766 0.662760 0.388672 0.660156 0.389648 0.657552 0.389648 0.653646 0.386719 0.645833 0.386719 0.643229 0.377930 0.619792 0.374023 0.614583
0 0.354492 0.561198 0.351562 0.561198 0.350586 0.559896 0.342773 0.559896 0.339844 0.562500 0.325195 0.562500 0.324219 0.563802 0.320312 0.563802 0.319336 0.565104 0.318359 0.570312 0.317383 0.571615 0.317383 0.575521 0.316406 0.576823 0.316406 0.587240 0.315430 0.588542 0.315430 0.591146 0.316406 0.592448 0.316406 0.597656 0.318359 0.602865 0.323242 0.609375 0.325195 0.615885 0.328125 0.619792 0.330078 0.621094 0.333008 0.621094 0.333984 0.622396 0.334961 0.621094 0.337891 0.621094 0.338867 0.622396 0.350586 0.622396 0.351562 0.621094 0.353516 0.621094 0.356445 0.617188 0.365234 0.611979 0.367188 0.609375 0.367188 0.601562 0.366211 0.600260 0.366211 0.595052 0.365234 0.593750 0.363281 0.583333 0.361328 0.579427 0.360352 0.574219 0.358398 0.571615 0.356445 0.566406 0.356445 0.563802
0 0.308594 0.503906 0.298828 0.518229 0.295898 0.526042 0.294922 0.533854 0.293945 0.535156 0.293945 0.544271 0.294922 0.545573 0.294922 0.549479 0.295898 0.552083 0.297852 0.554688 0.301758 0.555990 0.302734 0.557292 0.304688 0.557292 0.305664 0.558594 0.309570 0.558594 0.310547 0.559896 0.316406 0.559896 0.317383 0.561198 0.320312 0.561198 0.321289 0.559896 0.322266 0.561198 0.336914 0.561198 0.337891 0.559896 0.341797 0.558594 0.347656 0.549479 0.349609 0.544271 0.349609 0.540365 0.350586 0.539062 0.350586 0.528646 0.349609 0.527344 0.349609 0.523438 0.345703 0.516927 0.344727 0.513021 0.337891 0.505208 0.332031 0.501302 0.320312 0.501302 0.319336 0.502604 0.311523 0.502604 0.310547 0.503906
0 0.379883 0.513021 0.375000 0.513021 0.372070 0.516927 0.368164 0.516927 0.364258 0.519531 0.356445 0.531250 0.356445 0.533854 0.354492 0.536458 0.354492 0.539062 0.352539 0.542969 0.352539 0.549479 0.356445 0.559896 0.357422 0.566406 0.361328 0.574219 0.365234 0.584635 0.365234 0.587240 0.369141 0.591146 0.372070 0.591146 0.373047 0.589844 0.381836 0.589844 0.382812 0.588542 0.385742 0.588542 0.389648 0.585938 0.404297 0.567708 0.406250 0.562500 0.406250 0.557292 0.407227 0.555990 0.407227 0.541667 0.404297 0.532552 0.392578 0.519531 0.386719 0.518229
0 0.403320 0.450521 0.403320 0.453125 0.402344 0.454427 0.399414 0.454427 0.395508 0.460938 0.391602 0.463542 0.390625 0.466146 0.381836 0.477865 0.379883 0.479167 0.379883 0.492188 0.381836 0.497396 0.382812 0.506510 0.386719 0.514323 0.396484 0.520833 0.409180 0.522135 0.410156 0.523438 0.417969 0.523438 0.418945 0.524740 0.419922 0.523438 0.422852 0.523438 0.428711 0.516927 0.434570 0.503906 0.434570 0.501302 0.435547 0.500000 0.435547 0.493490 0.436523 0.492188 0.435547 0.489583 0.435547 0.484375 0.427734 0.463542 0.417969 0.450521
0 0.367188 0.401042 0.355469 0.411458 0.352539 0.411458 0.351562 0.412760 0.345703 0.412760 0.341797 0.415365 0.340820 0.417969 0.340820 0.421875 0.339844 0.423177 0.338867 0.436198 0.339844 0.437500 0.339844 0.447917 0.346680 0.466146 0.353516 0.475260 0.358398 0.479167 0.361328 0.479167 0.366211 0.481771 0.372070 0.481771 0.376953 0.476562 0.391602 0.437500 0.391602 0.430990 0.389648 0.427083 0.388672 0.421875 0.381836 0.411458 0.381836 0.408854 0.379883 0.406250 0.378906 0.406250 0.375977 0.402344 0.374023 0.402344 0.373047 0.401042
0 0.395508 0.322917 0.378906 0.332031 0.372070 0.342448 0.371094 0.348958 0.370117 0.350260 0.370117 0.352865 0.371094 0.354167 0.370117 0.369792 0.374023 0.382812 0.383789 0.394531 0.393555 0.399740 0.400391 0.406250 0.408203 0.407552 0.411133 0.404948 0.413086 0.404948 0.419922 0.393229 0.428711 0.365885 0.428711 0.361979 0.429688 0.360677 0.429688 0.351562 0.420898 0.335938 0.417969 0.333333 0.400391 0.322917
0 0.432617 0.364583 0.430664 0.365885 0.426758 0.376302 0.426758 0.380208 0.422852 0.391927 0.419922 0.395833 0.415039 0.406250 0.415039 0.414062 0.416016 0.415365 0.416016 0.417969 0.422852 0.427083 0.422852 0.428385 0.430664 0.437500 0.431641 0.440104 0.438477 0.445312 0.440430 0.445312 0.449219 0.438802 0.455078 0.437500 0.457031 0.434896 0.462891 0.430990 0.469727 0.428385 0.472656 0.421875 0.472656 0.417969 0.464844 0.394531 0.462891 0.391927 0.459961 0.382812 0.458008 0.380208 0.457031 0.375000 0.454102 0.371094 0.449219 0.369792 0.447266 0.367188 0.442383 0.364583
0 0.471680 0.432292 0.466797 0.432292 0.465820 0.433594 0.462891 0.433594 0.459961 0.436198 0.458008 0.436198 0.456055 0.438802 0.454102 0.438802 0.448242 0.442708 0.444336 0.446615 0.442383 0.446615 0.438477 0.451823 0.436523 0.457031 0.436523 0.466146 0.434570 0.470052 0.434570 0.476562 0.435547 0.477865 0.436523 0.484375 0.438477 0.486979 0.441406 0.494792 0.444336 0.498698 0.451172 0.503906 0.454102 0.503906 0.455078 0.505208 0.461914 0.505208 0.462891 0.503906 0.466797 0.503906 0.470703 0.501302 0.475586 0.496094 0.477539 0.490885 0.484375 0.479167 0.484375 0.476562 0.485352 0.475260 0.485352 0.467448 0.484375 0.466146 0.484375 0.454427 0.483398 0.453125 0.483398 0.450521 0.478516 0.440104
0 0.439453 0.510417 0.436523 0.513021 0.434570 0.518229 0.430664 0.520833 0.425781 0.527344 0.424805 0.527344 0.416992 0.539062 0.416016 0.541667 0.416992 0.566406 0.417969 0.569010 0.423828 0.575521 0.431641 0.578125 0.436523 0.582031 0.438477 0.582031 0.446289 0.587240 0.455078 0.587240 0.460938 0.580729 0.466797 0.567708 0.466797 0.563802 0.467773 0.562500 0.468750 0.554688 0.469727 0.553385 0.469727 0.535156 0.466797 0.528646 0.465820 0.523438 0.458984 0.514323 0.454102 0.511719 0.450195 0.511719 0.449219 0.510417
0 0.390625 0.588542 0.390625 0.591146 0.389648 0.592448 0.389648 0.600260 0.391602 0.605469 0.394531 0.609375 0.394531 0.611979 0.396484 0.614583 0.396484 0.617188 0.399414 0.626302 0.401367 0.628906 0.405273 0.631510 0.407227 0.631510 0.408203 0.632812 0.413086 0.632812 0.414062 0.634115 0.430664 0.634115 0.438477 0.628906 0.443359 0.622396 0.443359 0.614583 0.442383 0.613281 0.441406 0.605469 0.440430 0.604167 0.439453 0.585938 0.435547 0.582031 0.424805 0.578125 0.420898 0.575521 0.418945 0.572917 0.415039 0.571615 0.414062 0.570312 0.407227 0.570312 0.407227 0.571615 0.401367 0.579427 0.396484 0.580729
0 0.416992 0.636719 0.415039 0.639323 0.411133 0.648438 0.411133 0.656250 0.410156 0.657552 0.410156 0.667969 0.411133 0.669271 0.411133 0.671875 0.412109 0.673177 0.413086 0.678385 0.430664 0.695312 0.436523 0.694010 0.437500 0.692708 0.445312 0.692708 0.446289 0.691406 0.448242 0.691406 0.452148 0.688802 0.455078 0.684896 0.460938 0.669271 0.460938 0.654948 0.454102 0.639323 0.451172 0.635417 0.445312 0.635417 0.444336 0.636719 0.441406 0.636719 0.440430 0.635417 0.432617 0.635417 0.431641 0.636719 0.423828 0.636719 0.422852 0.635417 0.418945 0.635417
0 0.492188 0.730469 0.484375 0.730469 0.482422 0.735677 0.478516 0.735677 0.476562 0.738281 0.472656 0.739583 0.471680 0.740885 0.466797 0.739583 0.464844 0.746094 0.460938 0.751302 0.460938 0.752604 0.458008 0.755208 0.457031 0.757812 0.458008 0.769531 0.460938 0.774740 0.462891 0.781250 0.464844 0.783854 0.464844 0.786458 0.466797 0.791667 0.470703 0.796875 0.478516 0.802083 0.486328 0.802083 0.487305 0.800781 0.493164 0.799479 0.495117 0.796875 0.500000 0.794271 0.503906 0.789062 0.504883 0.789062 0.508789 0.781250 0.508789 0.757812 0.507812 0.756510 0.506836 0.750000 0.503906 0.742188 0.498047 0.735677 0.495117 0.734375 0.494141 0.731771
0 0.525391 0.787760 0.521484 0.785156 0.516602 0.783854 0.515625 0.782552 0.509766 0.782552 0.508789 0.785156 0.500000 0.796875 0.498047 0.796875 0.491211 0.802083 0.488281 0.802083 0.487305 0.803385 0.485352 0.803385 0.485352 0.811198 0.486328 0.812500 0.486328 0.816406 0.488281 0.821615 0.491211 0.825521 0.491211 0.826823 0.495117 0.833333 0.500977 0.837240 0.508789 0.837240 0.516602 0.832031 0.518555 0.832031 0.521484 0.828125 0.522461 0.828125 0.527344 0.822917 0.529297 0.821615 0.531250 0.821615 0.533203 0.819010 0.533203 0.815104 0.534180 0.813802 0.533203 0.812500 0.533203 0.803385 0.532227 0.802083 0.532227 0.799479 0.530273 0.794271
0 0.552734 0.783854 0.549805 0.787760 0.547852 0.787760 0.544922 0.791667 0.543945 0.796875 0.542969 0.798177 0.542969 0.800781 0.541992 0.802083 0.541992 0.819010 0.542969 0.820312 0.543945 0.825521 0.546875 0.829427 0.547852 0.829427 0.561523 0.847656 0.562500 0.847656 0.564453 0.850260 0.572266 0.850260 0.581055 0.845052 0.584961 0.839844 0.591797 0.821615 0.591797 0.812500 0.589844 0.807292 0.587891 0.804688 0.585938 0.794271 0.580078 0.786458 0.576172 0.783854 0.574219 0.785156 0.570312 0.785156 0.569336 0.783854 0.561523 0.783854 0.560547 0.782552 0.555664 0.782552 0.554688 0.783854
0 0.533203 0.718750 0.531250 0.720052 0.531250 0.722656 0.529297 0.726562 0.525391 0.727865 0.519531 0.734375 0.516602 0.735677 0.513672 0.739583 0.509766 0.752604 0.510742 0.755208 0.510742 0.763021 0.511719 0.764323 0.511719 0.773438 0.512695 0.774740 0.512695 0.778646 0.514648 0.779948 0.520508 0.781250 0.521484 0.782552 0.529297 0.783854 0.537109 0.787760 0.543945 0.787760 0.552734 0.781250 0.557617 0.770833 0.557617 0.768229 0.558594 0.766927 0.558594 0.747396 0.555664 0.742188 0.555664 0.736979 0.552734 0.733073 0.551758 0.729167 0.545898 0.729167 0.544922 0.727865 0.542969 0.729167 0.538086 0.729167 0.534180 0.725260 0.537109 0.722656 0.542969 0.722656 0.543945 0.721354 0.540039 0.718750
0 0.501953 0.661458 0.500977 0.662760 0.497070 0.662760 0.487305 0.667969 0.484375 0.671875 0.484375 0.673177 0.481445 0.675781 0.480469 0.678385 0.480469 0.680990 0.481445 0.682292 0.480469 0.691406 0.481445 0.692708 0.481445 0.701823 0.482422 0.703125 0.482422 0.710938 0.483398 0.712240 0.483398 0.716146 0.486328 0.720052 0.490234 0.722656 0.493164 0.727865 0.497070 0.730469 0.501953 0.736979 0.507812 0.736979 0.508789 0.735677 0.512695 0.735677 0.518555 0.731771 0.528320 0.720052 0.531250 0.712240 0.531250 0.705729 0.534180 0.700521 0.534180 0.694010 0.529297 0.686198 0.529297 0.684896 0.524414 0.678385 0.517578 0.673177 0.517578 0.669271 0.516602 0.667969 0.514648 0.667969 0.513672 0.666667 0.509766 0.666667 0.505859 0.661458
0 0.461914 0.585938 0.461914 0.587240 0.463867 0.588542 0.463867 0.591146 0.462891 0.592448 0.458984 0.592448 0.457031 0.593750 0.454102 0.597656 0.454102 0.598958 0.450195 0.601562 0.449219 0.604167 0.449219 0.622396 0.454102 0.632812 0.454102 0.636719 0.458984 0.645833 0.459961 0.649740 0.461914 0.652344 0.463867 0.652344 0.464844 0.653646 0.486328 0.653646 0.488281 0.652344 0.498047 0.639323 0.500000 0.638021 0.501953 0.632812 0.501953 0.627604 0.502930 0.626302 0.502930 0.615885 0.500977 0.611979 0.500000 0.606771 0.493164 0.602865 0.478516 0.600260 0.472656 0.596354 0.470703 0.592448 0.464844 0.585938
0 0.521484 0.591146 0.519531 0.593750 0.515625 0.595052 0.514648 0.596354 0.515625 0.597656 0.515625 0.601562 0.511719 0.606771 0.507812 0.617188 0.507812 0.621094 0.504883 0.627604 0.504883 0.632812 0.512695 0.653646 0.514648 0.656250 0.514648 0.657552 0.518555 0.661458 0.525391 0.665365 0.540039 0.665365 0.541016 0.664062 0.542969 0.664062 0.549805 0.658854 0.549805 0.657552 0.552734 0.653646 0.553711 0.648438 0.554688 0.647135 0.553711 0.645833 0.552734 0.626302 0.550781 0.621094 0.550781 0.617188 0.548828 0.611979 0.548828 0.608073 0.545898 0.602865 0.541016 0.598958 0.537109 0.593750 0.535156 0.593750 0.534180 0.592448 0.530273 0.592448 0.529297 0.591146
0 0.484375 0.527344 0.478516 0.533854 0.480469 0.537760 0.477539 0.541667 0.471680 0.553385 0.469727 0.567708 0.467773 0.571615 0.467773 0.580729 0.471680 0.591146 0.476562 0.596354 0.481445 0.598958 0.485352 0.598958 0.486328 0.600260 0.495117 0.601562 0.496094 0.602865 0.500000 0.602865 0.500977 0.604167 0.504883 0.601562 0.510742 0.593750 0.517578 0.589844 0.521484 0.584635 0.522461 0.582031 0.522461 0.576823 0.523438 0.575521 0.522461 0.572917 0.522461 0.565104 0.521484 0.563802 0.521484 0.559896 0.515625 0.548177 0.500977 0.532552 0.494141 0.532552 0.493164 0.531250 0.488281 0.529948 0.486328 0.527344
0 0.611328 0.727865 0.609375 0.727865 0.608398 0.726562 0.599609 0.726562 0.597656 0.736979 0.594727 0.740885 0.592773 0.742188 0.589844 0.742188 0.588867 0.743490 0.585938 0.743490 0.583008 0.746094 0.572266 0.746094 0.572266 0.748698 0.571289 0.750000 0.572266 0.766927 0.573242 0.768229 0.573242 0.773438 0.577148 0.779948 0.579102 0.779948 0.585938 0.785156 0.591797 0.785156 0.592773 0.786458 0.603516 0.786458 0.610352 0.777344 0.610352 0.776042 0.613281 0.772135 0.614258 0.772135 0.614258 0.770833 0.619141 0.761719 0.619141 0.755208 0.620117 0.753906 0.620117 0.742188 0.617188 0.736979 0.617188 0.735677
0 0.622070 0.763021 0.619141 0.765625 0.618164 0.769531 0.611328 0.778646 0.611328 0.779948 0.605469 0.789062 0.606445 0.790365 0.607422 0.799479 0.608398 0.800781 0.611328 0.809896 0.615234 0.816406 0.616211 0.816406 0.617188 0.817708 0.620117 0.817708 0.621094 0.819010 0.628906 0.819010 0.629883 0.817708 0.631836 0.817708 0.632812 0.816406 0.635742 0.815104 0.640625 0.808594 0.641602 0.808594 0.646484 0.800781 0.646484 0.798177 0.647461 0.796875 0.647461 0.792969 0.648438 0.791667 0.648438 0.781250 0.647461 0.779948 0.647461 0.776042 0.646484 0.774740 0.646484 0.769531 0.645508 0.768229 0.645508 0.766927 0.635742 0.766927 0.634766 0.765625 0.632812 0.765625 0.631836 0.764323 0.628906 0.764323 0.627930 0.763021
0 0.583008 0.615885 0.582031 0.617188 0.578125 0.617188 0.577148 0.618490 0.570312 0.618490 0.569336 0.619792 0.564453 0.621094 0.561523 0.625000 0.560547 0.625000 0.560547 0.626302 0.555664 0.634115 0.555664 0.648438 0.549805 0.664062 0.550781 0.665365 0.550781 0.667969 0.553711 0.677083 0.558594 0.683594 0.560547 0.684896 0.588867 0.687500 0.592773 0.684896 0.597656 0.670573 0.599609 0.667969 0.599609 0.656250 0.598633 0.654948 0.598633 0.651042 0.597656 0.649740 0.597656 0.640625 0.595703 0.636719 0.595703 0.634115 0.592773 0.627604 0.584961 0.617188
0 0.546875 0.679688 0.546875 0.682292 0.550781 0.684896 0.550781 0.688802 0.549805 0.691406 0.545898 0.696615 0.545898 0.701823 0.547852 0.707031 0.547852 0.710938 0.548828 0.712240 0.549805 0.718750 0.551758 0.721354 0.553711 0.727865 0.560547 0.736979 0.562500 0.738281 0.565430 0.738281 0.572266 0.742188 0.585938 0.742188 0.586914 0.740885 0.591797 0.740885 0.595703 0.736979 0.595703 0.710938 0.594727 0.709635 0.594727 0.699219 0.593750 0.697917 0.593750 0.694010 0.591797 0.690104 0.589844 0.688802 0.581055 0.688802 0.580078 0.687500 0.568359 0.687500 0.567383 0.686198 0.559570 0.686198 0.556641 0.683594 0.554688 0.683594 0.551758 0.678385 0.547852 0.678385
0 0.633789 0.688802 0.629883 0.697917 0.624023 0.705729 0.615234 0.710938 0.615234 0.716146 0.616211 0.717448 0.616211 0.721354 0.618164 0.725260 0.618164 0.727865 0.621094 0.734375 0.621094 0.738281 0.622070 0.739583 0.622070 0.750000 0.624023 0.755208 0.626953 0.756510 0.630859 0.760417 0.632812 0.760417 0.639648 0.764323 0.642578 0.764323 0.644531 0.763021 0.652344 0.752604 0.653320 0.752604 0.656250 0.748698 0.657227 0.744792 0.663086 0.736979 0.663086 0.725260 0.664062 0.723958 0.664062 0.717448 0.663086 0.716146 0.663086 0.712240 0.662109 0.710938 0.662109 0.705729 0.656250 0.696615 0.645508 0.688802
0 0.609375 0.635417 0.602539 0.644531 0.601562 0.647135 0.602539 0.653646 0.601562 0.654948 0.600586 0.666667 0.597656 0.673177 0.597656 0.675781 0.595703 0.680990 0.593750 0.683594 0.593750 0.688802 0.595703 0.692708 0.595703 0.695312 0.599609 0.697917 0.601562 0.700521 0.605469 0.703125 0.610352 0.704427 0.611328 0.705729 0.619141 0.705729 0.620117 0.704427 0.622070 0.704427 0.626953 0.697917 0.626953 0.696615 0.633789 0.683594 0.633789 0.680990 0.634766 0.679688 0.634766 0.677083 0.635742 0.675781 0.635742 0.673177 0.636719 0.671875 0.636719 0.669271 0.630859 0.654948 0.624023 0.647135 0.624023 0.644531 0.623047 0.641927 0.622070 0.641927 0.619141 0.638021 0.615234 0.635417
0 0.675781 0.717448 0.672852 0.722656 0.670898 0.729167 0.666992 0.733073 0.666016 0.736979 0.659180 0.746094 0.658203 0.752604 0.659180 0.753906 0.659180 0.759115 0.663086 0.764323 0.666992 0.766927 0.678711 0.781250 0.681641 0.782552 0.685547 0.779948 0.689453 0.774740 0.690430 0.774740 0.694336 0.769531 0.695312 0.769531 0.704102 0.757812 0.704102 0.756510 0.708008 0.751302 0.708008 0.742188 0.707031 0.740885 0.707031 0.736979 0.705078 0.734375 0.705078 0.733073 0.697266 0.721354 0.686523 0.720052 0.682617 0.717448
0 0.727539 0.688802 0.725586 0.691406 0.724609 0.691406 0.724609 0.692708 0.716797 0.707031 0.714844 0.713542 0.710938 0.718750 0.708984 0.718750 0.705078 0.721354 0.704102 0.722656 0.704102 0.726562 0.705078 0.729167 0.717773 0.744792 0.725586 0.750000 0.735352 0.750000 0.737305 0.748698 0.746094 0.736979 0.746094 0.734375 0.748047 0.730469 0.748047 0.727865 0.750000 0.723958 0.750000 0.720052 0.750977 0.718750 0.750977 0.704427 0.745117 0.696615 0.742188 0.695312 0.740234 0.692708 0.738281 0.691406 0.736328 0.691406 0.735352 0.690104 0.733398 0.690104 0.732422 0.688802
0 0.684570 0.656250 0.681641 0.660156 0.680664 0.664062 0.676758 0.669271 0.676758 0.670573 0.672852 0.674479 0.670898 0.679688 0.667969 0.683594 0.666992 0.686198 0.666992 0.697917 0.673828 0.709635 0.680664 0.714844 0.682617 0.714844 0.685547 0.717448 0.688477 0.717448 0.689453 0.718750 0.698242 0.718750 0.699219 0.720052 0.706055 0.718750 0.708008 0.717448 0.715820 0.707031 0.718750 0.699219 0.721680 0.695312 0.721680 0.690104 0.723633 0.684896 0.723633 0.678385 0.721680 0.674479 0.719727 0.673177 0.716797 0.673177 0.712891 0.670573 0.709961 0.666667 0.709961 0.665365 0.706055 0.661458 0.703125 0.661458 0.702148 0.660156 0.699219 0.660156 0.698242 0.658854 0.695312 0.658854 0.694336 0.657552 0.690430 0.657552 0.689453 0.656250
0 0.666016 0.613281 0.658203 0.613281 0.657227 0.614583 0.652344 0.614583 0.651367 0.615885 0.649414 0.615885 0.648438 0.621094 0.646484 0.625000 0.646484 0.627604 0.642578 0.634115 0.642578 0.635417 0.637695 0.640625 0.633789 0.640625 0.632812 0.641927 0.633789 0.649740 0.635742 0.652344 0.635742 0.653646 0.640625 0.658854 0.640625 0.660156 0.643555 0.664062 0.643555 0.665365 0.654297 0.679688 0.656250 0.679688 0.657227 0.680990 0.659180 0.680990 0.662109 0.678385 0.665039 0.678385 0.666016 0.677083 0.669922 0.675781 0.677734 0.664062 0.679688 0.658854 0.679688 0.656250 0.680664 0.654948 0.680664 0.639323 0.679688 0.638021 0.679688 0.634115 0.677734 0.630208 0.677734 0.627604 0.675781 0.622396 0.672852 0.618490 0.671875 0.618490 0.669922 0.615885 0.667969 0.615885
0 0.614258 0.565104 0.610352 0.570312 0.607422 0.571615 0.604492 0.575521 0.604492 0.579427 0.602539 0.584635 0.602539 0.588542 0.600586 0.592448 0.600586 0.595052 0.598633 0.600260 0.598633 0.605469 0.600586 0.610677 0.605469 0.617188 0.610352 0.627604 0.613281 0.628906 0.615234 0.631510 0.621094 0.635417 0.623047 0.635417 0.626953 0.638021 0.637695 0.638021 0.642578 0.632812 0.644531 0.627604 0.644531 0.625000 0.646484 0.621094 0.646484 0.617188 0.647461 0.615885 0.649414 0.605469 0.652344 0.598958 0.652344 0.592448 0.647461 0.583333 0.642578 0.579427 0.636719 0.571615 0.635742 0.571615 0.630859 0.566406 0.624023 0.566406 0.623047 0.565104 0.621094 0.566406 0.616211 0.566406
0 0.585938 0.555990 0.583984 0.555990 0.583008 0.554688 0.580078 0.554688 0.579102 0.553385 0.576172 0.553385 0.573242 0.557292 0.571289 0.565104 0.564453 0.575521 0.562500 0.575521 0.561523 0.576823 0.558594 0.576823 0.555664 0.579427 0.553711 0.579427 0.552734 0.582031 0.552734 0.592448 0.555664 0.598958 0.555664 0.601562 0.556641 0.604167 0.561523 0.610677 0.567383 0.614583 0.583008 0.614583 0.586914 0.611979 0.588867 0.609375 0.591797 0.608073 0.595703 0.601562 0.597656 0.596354 0.598633 0.589844 0.600586 0.585938 0.600586 0.579427 0.598633 0.574219 0.596680 0.571615 0.593750 0.562500
0 0.536133 0.507812 0.533203 0.511719 0.529297 0.524740 0.522461 0.533854 0.522461 0.539062 0.521484 0.540365 0.521484 0.544271 0.520508 0.545573 0.520508 0.549479 0.522461 0.553385 0.522461 0.555990 0.528320 0.563802 0.528320 0.565104 0.529297 0.565104 0.531250 0.567708 0.533203 0.567708 0.536133 0.570312 0.538086 0.570312 0.541016 0.572917 0.542969 0.572917 0.546875 0.575521 0.558594 0.575521 0.559570 0.574219 0.562500 0.574219 0.566406 0.571615 0.571289 0.562500 0.571289 0.558594 0.573242 0.554688 0.573242 0.550781 0.572266 0.549479 0.572266 0.542969 0.570312 0.537760 0.570312 0.532552 0.569336 0.531250 0.569336 0.526042 0.568359 0.524740 0.567383 0.515625 0.566406 0.514323 0.562500 0.514323 0.561523 0.513021 0.559570 0.513021 0.552734 0.507812 0.547852 0.507812 0.546875 0.506510 0.539062 0.506510 0.538086 0.507812
0 0.506836 0.460938 0.495117 0.468750 0.486328 0.479167 0.485352 0.484375 0.484375 0.485677 0.484375 0.490885 0.481445 0.498698 0.481445 0.503906 0.480469 0.505208 0.480469 0.507812 0.489258 0.518229 0.492188 0.519531 0.503906 0.532552 0.507812 0.533854 0.508789 0.535156 0.511719 0.535156 0.514648 0.532552 0.517578 0.532552 0.519531 0.529948 0.524414 0.527344 0.527344 0.523438 0.528320 0.518229 0.529297 0.516927 0.529297 0.514323 0.530273 0.513021 0.531250 0.503906 0.532227 0.502604 0.532227 0.483073 0.529297 0.477865 0.528320 0.472656 0.527344 0.471354 0.519531 0.466146 0.517578 0.466146 0.513672 0.462240 0.511719 0.462240 0.510742 0.460938
0 0.452148 0.139323 0.449219 0.139323 0.448242 0.138021 0.436523 0.138021 0.427734 0.141927 0.418945 0.161458 0.418945 0.164062 0.415039 0.173177 0.412109 0.186198 0.410156 0.190104 0.409180 0.200521 0.416992 0.210938 0.416992 0.212240 0.430664 0.226562 0.441406 0.226562 0.448242 0.221354 0.450195 0.221354 0.456055 0.217448 0.460938 0.212240 0.462891 0.205729 0.468750 0.196615 0.469727 0.192708 0.470703 0.173177 0.469727 0.171875 0.468750 0.162760 0.459961 0.147135
0 0.422852 0.229167 0.421875 0.230469 0.416992 0.231771 0.409180 0.240885 0.406250 0.248698 0.400391 0.259115 0.400391 0.266927 0.402344 0.270833 0.403320 0.279948 0.407227 0.289062 0.407227 0.294271 0.408203 0.295573 0.409180 0.303385 0.412109 0.307292 0.417969 0.311198 0.420898 0.311198 0.421875 0.312500 0.432617 0.312500 0.437500 0.309896 0.444336 0.300781 0.444336 0.299479 0.452148 0.287760 0.454102 0.282552 0.458984 0.276042 0.459961 0.269531 0.460938 0.268229 0.454102 0.242188 0.446289 0.239583 0.439453 0.233073 0.431641 0.229167
0 0.498047 0.178385 0.490234 0.186198 0.483398 0.196615 0.483398 0.203125 0.481445 0.209635 0.481445 0.218750 0.482422 0.220052 0.481445 0.222656 0.481445 0.230469 0.484375 0.236979 0.487305 0.238281 0.489258 0.240885 0.491211 0.240885 0.497070 0.246094 0.500977 0.246094 0.511719 0.252604 0.522461 0.253906 0.527344 0.251302 0.539062 0.238281 0.542969 0.229167 0.544922 0.210938 0.541992 0.199219 0.535156 0.186198 0.521484 0.175781 0.510742 0.174479 0.509766 0.175781 0.505859 0.175781 0.504883 0.177083
0 0.481445 0.240885 0.476562 0.244792 0.472656 0.246094 0.466797 0.252604 0.466797 0.256510 0.463867 0.261719 0.462891 0.274740 0.458008 0.286458 0.458008 0.289062 0.458984 0.290365 0.458984 0.296875 0.461914 0.304688 0.464844 0.308594 0.468750 0.311198 0.475586 0.312500 0.476562 0.313802 0.479492 0.313802 0.484375 0.316406 0.491211 0.316406 0.504883 0.308594 0.513672 0.298177 0.517578 0.289062 0.520508 0.273438 0.518555 0.268229 0.513672 0.264323 0.509766 0.259115 0.504883 0.256510 0.502930 0.253906 0.485352 0.240885
0 0.465820 0.321615 0.457031 0.334635 0.453125 0.342448 0.451172 0.348958 0.454102 0.363281 0.459961 0.376302 0.461914 0.378906 0.465820 0.380208 0.467773 0.382812 0.473633 0.384115 0.474609 0.385417 0.477539 0.385417 0.478516 0.386719 0.491211 0.386719 0.496094 0.384115 0.499023 0.380208 0.502930 0.377604 0.505859 0.373698 0.507812 0.368490 0.507812 0.365885 0.509766 0.361979 0.509766 0.356771 0.510742 0.355469 0.510742 0.330729 0.509766 0.328125 0.504883 0.324219 0.491211 0.322917 0.490234 0.321615 0.483398 0.321615 0.482422 0.320312 0.476562 0.320312 0.475586 0.319010 0.470703 0.319010
0 0.489258 0.407552 0.489258 0.410156 0.488281 0.411458 0.488281 0.419271 0.489258 0.420573 0.489258 0.423177 0.491211 0.425781 0.496094 0.437500 0.501953 0.445312 0.501953 0.446615 0.505859 0.451823 0.509766 0.454427 0.511719 0.454427 0.512695 0.455729 0.534180 0.455729 0.540039 0.451823 0.542969 0.451823 0.549805 0.446615 0.550781 0.444010 0.549805 0.437500 0.548828 0.436198 0.548828 0.432292 0.543945 0.417969 0.543945 0.415365 0.541016 0.407552 0.539062 0.404948 0.539062 0.402344 0.537109 0.397135 0.534180 0.393229 0.534180 0.391927 0.531250 0.389323 0.528320 0.389323 0.527344 0.388021 0.518555 0.388021 0.517578 0.389323 0.515625 0.388021 0.505859 0.388021 0.504883 0.389323 0.500000 0.390625 0.497070 0.394531 0.496094 0.394531 0.492188 0.403646
0 0.575195 0.429688 0.563477 0.429688 0.562500 0.430990 0.556641 0.432292 0.552734 0.437500 0.552734 0.445312 0.549805 0.449219 0.543945 0.454427 0.537109 0.457031 0.534180 0.460938 0.534180 0.467448 0.535156 0.468750 0.535156 0.473958 0.536133 0.476562 0.543945 0.485677 0.543945 0.486979 0.550781 0.497396 0.558594 0.502604 0.568359 0.503906 0.571289 0.501302 0.576172 0.500000 0.578125 0.497396 0.583008 0.496094 0.589844 0.488281 0.593750 0.480469 0.593750 0.477865 0.594727 0.476562 0.593750 0.468750 0.588867 0.455729 0.581055 0.442708 0.578125 0.433594
0 0.594727 0.484375 0.591797 0.486979 0.590820 0.490885 0.588867 0.493490 0.583984 0.497396 0.582031 0.497396 0.578125 0.500000 0.575195 0.503906 0.569336 0.507812 0.568359 0.513021 0.569336 0.514323 0.571289 0.528646 0.574219 0.536458 0.574219 0.539062 0.579102 0.544271 0.580078 0.544271 0.585938 0.552083 0.592773 0.555990 0.595703 0.555990 0.596680 0.557292 0.610352 0.557292 0.611328 0.555990 0.615234 0.554688 0.617188 0.549479 0.617188 0.500000 0.615234 0.496094 0.614258 0.496094 0.609375 0.490885 0.605469 0.489583 0.602539 0.486979
0 0.622070 0.497396 0.622070 0.498698 0.620117 0.501302 0.620117 0.505208 0.619141 0.506510 0.619141 0.550781 0.621094 0.554688 0.624023 0.555990 0.628906 0.561198 0.630859 0.561198 0.631836 0.562500 0.641602 0.563802 0.642578 0.565104 0.649414 0.565104 0.660156 0.558594 0.669922 0.548177 0.669922 0.542969 0.666992 0.537760 0.663086 0.526042 0.661133 0.523438 0.661133 0.520833 0.658203 0.515625 0.656250 0.507812 0.654297 0.505208 0.650391 0.502604 0.647461 0.502604 0.646484 0.501302 0.639648 0.501302 0.638672 0.500000 0.635742 0.500000 0.634766 0.501302 0.632812 0.501302 0.631836 0.500000 0.627930 0.500000 0.626953 0.501302 0.624023 0.497396
0 0.677734 0.540365 0.673828 0.542969 0.671875 0.549479 0.666992 0.555990 0.666016 0.555990 0.658203 0.563802 0.653320 0.565104 0.650391 0.569010 0.650391 0.580729 0.651367 0.583333 0.652344 0.583333 0.670898 0.604167 0.671875 0.604167 0.675781 0.608073 0.680664 0.608073 0.681641 0.606771 0.687500 0.605469 0.689453 0.602865 0.690430 0.602865 0.697266 0.592448 0.699219 0.587240 0.699219 0.584635 0.700195 0.583333 0.700195 0.567708 0.699219 0.566406 0.699219 0.562500 0.698242 0.561198 0.697266 0.555990 0.691406 0.546875 0.688477 0.545573 0.684570 0.541667 0.682617 0.541667 0.681641 0.540365
0 0.708008 0.587240 0.707031 0.588542 0.704102 0.588542 0.702148 0.591146 0.698242 0.593750 0.696289 0.596354 0.696289 0.597656 0.689453 0.606771 0.688477 0.606771 0.686523 0.609375 0.684570 0.610677 0.680664 0.610677 0.679688 0.611979 0.679688 0.623698 0.684570 0.635417 0.685547 0.643229 0.687500 0.648438 0.692383 0.654948 0.694336 0.654948 0.695312 0.656250 0.699219 0.656250 0.700195 0.657552 0.708984 0.657552 0.719727 0.651042 0.723633 0.645833 0.724609 0.645833 0.724609 0.644531 0.726562 0.641927 0.729492 0.634115 0.729492 0.630208 0.730469 0.628906 0.730469 0.615885 0.726562 0.609375 0.724609 0.604167 0.717773 0.593750
0 0.735352 0.619792 0.732422 0.623698 0.731445 0.638021 0.719727 0.654948 0.719727 0.664062 0.722656 0.667969 0.725586 0.675781 0.727539 0.677083 0.731445 0.682292 0.735352 0.684896 0.737305 0.684896 0.738281 0.686198 0.742188 0.686198 0.743164 0.687500 0.748047 0.687500 0.750977 0.684896 0.755859 0.684896 0.761719 0.680990 0.763672 0.678385 0.765625 0.678385 0.767578 0.674479 0.767578 0.665365 0.766602 0.664062 0.766602 0.658854 0.765625 0.657552 0.765625 0.648438 0.761719 0.640625 0.760742 0.632812 0.758789 0.630208 0.753906 0.628906 0.748047 0.625000 0.745117 0.625000 0.743164 0.622396 0.739258 0.619792
0 0.771484 0.653646 0.768555 0.653646 0.767578 0.654948 0.767578 0.660156 0.768555 0.661458 0.768555 0.675781 0.765625 0.679688 0.763672 0.679688 0.761719 0.682292 0.755859 0.686198 0.750977 0.686198 0.749023 0.687500 0.746094 0.694010 0.746094 0.695312 0.751953 0.704427 0.751953 0.707031 0.752930 0.708333 0.752930 0.714844 0.754883 0.717448 0.767578 0.717448 0.773438 0.713542 0.776367 0.708333 0.776367 0.707031 0.781250 0.700521 0.782227 0.697917 0.782227 0.695312 0.783203 0.694010 0.783203 0.691406 0.785156 0.686198 0.785156 0.680990 0.782227 0.674479 0.782227 0.671875 0.781250 0.670573 0.781250 0.667969 0.780273 0.665365 0.777344 0.661458 0.777344 0.660156 0.773438 0.654948
0 0.827148 0.622396 0.824219 0.622396 0.819336 0.626302 0.816406 0.626302 0.815430 0.627604 0.811523 0.627604 0.809570 0.628906 0.809570 0.630208 0.803711 0.636719 0.796875 0.640625 0.794922 0.643229 0.791992 0.643229 0.790039 0.644531 0.787109 0.652344 0.787109 0.654948 0.790039 0.660156 0.790039 0.661458 0.791992 0.664062 0.794922 0.665365 0.800781 0.673177 0.801758 0.673177 0.803711 0.675781 0.804688 0.675781 0.806641 0.678385 0.810547 0.680990 0.815430 0.680990 0.817383 0.682292 0.818359 0.680990 0.823242 0.680990 0.824219 0.679688 0.826172 0.679688 0.830078 0.677083 0.832031 0.671875 0.833984 0.669271 0.833984 0.666667 0.835938 0.664062 0.835938 0.661458 0.836914 0.660156 0.836914 0.656250 0.837891 0.654948 0.837891 0.649740 0.838867 0.648438 0.838867 0.638021 0.836914 0.632812 0.832031 0.626302 0.831055 0.626302
0 0.750000 0.595052 0.750000 0.617188 0.753906 0.623698 0.756836 0.625000 0.762695 0.632812 0.763672 0.641927 0.767578 0.647135 0.774414 0.647135 0.775391 0.645833 0.779297 0.645833 0.783203 0.643229 0.787109 0.643229 0.788086 0.641927 0.795898 0.639323 0.798828 0.636719 0.802734 0.635417 0.807617 0.627604 0.807617 0.610677 0.802734 0.597656 0.797852 0.589844 0.796875 0.589844 0.790039 0.582031 0.787109 0.582031 0.786133 0.580729 0.780273 0.580729 0.779297 0.579427 0.777344 0.579427 0.776367 0.580729 0.772461 0.580729 0.771484 0.579427 0.761719 0.579427 0.760742 0.580729 0.758789 0.580729 0.752930 0.592448
0 0.728516 0.526042 0.727539 0.527344 0.719727 0.529948 0.717773 0.532552 0.717773 0.537760 0.711914 0.546875 0.707031 0.550781 0.707031 0.552083 0.704102 0.555990 0.703125 0.559896 0.706055 0.565104 0.707031 0.569010 0.710938 0.574219 0.711914 0.578125 0.728516 0.600260 0.732422 0.601562 0.733398 0.600260 0.739258 0.598958 0.751953 0.589844 0.751953 0.588542 0.755859 0.582031 0.755859 0.571615 0.756836 0.570312 0.756836 0.567708 0.758789 0.565104 0.758789 0.561198 0.755859 0.552083 0.753906 0.549479 0.751953 0.544271 0.745117 0.535156 0.744141 0.532552 0.735352 0.526042
0 0.693359 0.476562 0.691406 0.477865 0.678711 0.494792 0.675781 0.496094 0.669922 0.502604 0.667969 0.507812 0.669922 0.513021 0.669922 0.522135 0.673828 0.528646 0.678711 0.531250 0.686523 0.539062 0.692383 0.542969 0.694336 0.542969 0.695312 0.544271 0.700195 0.544271 0.701172 0.545573 0.710938 0.544271 0.712891 0.541667 0.712891 0.537760 0.715820 0.529948 0.715820 0.522135 0.716797 0.520833 0.716797 0.510417 0.717773 0.509115 0.717773 0.493490 0.716797 0.492188 0.716797 0.489583 0.714844 0.486979 0.707031 0.483073 0.700195 0.476562
0 0.652344 0.434896 0.649414 0.437500 0.646484 0.446615 0.631836 0.464844 0.631836 0.473958 0.630859 0.475260 0.631836 0.476562 0.632812 0.486979 0.636719 0.492188 0.642578 0.496094 0.644531 0.496094 0.651367 0.501302 0.658203 0.503906 0.659180 0.502604 0.663086 0.502604 0.664062 0.501302 0.669922 0.500000 0.675781 0.493490 0.678711 0.492188 0.686523 0.481771 0.691406 0.471354 0.691406 0.466146 0.692383 0.464844 0.692383 0.455729 0.687500 0.451823 0.684570 0.451823 0.679688 0.447917 0.677734 0.447917 0.670898 0.442708 0.668945 0.442708 0.663086 0.438802 0.657227 0.437500
0 0.607422 0.398438 0.605469 0.399740 0.597656 0.410156 0.595703 0.415365 0.587891 0.424479 0.587891 0.427083 0.586914 0.428385 0.586914 0.444010 0.591797 0.451823 0.591797 0.454427 0.594727 0.458333 0.595703 0.458333 0.600586 0.466146 0.606445 0.470052 0.615234 0.472656 0.616211 0.471354 0.618164 0.471354 0.621094 0.467448 0.625977 0.464844 0.627930 0.462240 0.634766 0.458333 0.635742 0.455729 0.644531 0.445312 0.644531 0.436198 0.645508 0.434896 0.645508 0.429688 0.643555 0.423177 0.638672 0.417969 0.633789 0.415365 0.631836 0.412760 0.628906 0.411458 0.624023 0.406250 0.621094 0.404948 0.615234 0.399740 0.613281 0.399740 0.612305 0.398438
0 0.568359 0.367188 0.564453 0.371094 0.556641 0.376302 0.553711 0.380208 0.549805 0.382812 0.545898 0.388021 0.543945 0.393229 0.543945 0.408854 0.544922 0.410156 0.545898 0.415365 0.549805 0.419271 0.551758 0.419271 0.552734 0.420573 0.554688 0.420573 0.558594 0.423177 0.561523 0.423177 0.562500 0.424479 0.569336 0.425781 0.570312 0.427083 0.576172 0.427083 0.577148 0.428385 0.580078 0.428385 0.583984 0.425781 0.587891 0.420573 0.591797 0.417969 0.595703 0.410156 0.595703 0.386719 0.594727 0.385417 0.593750 0.380208 0.590820 0.375000 0.586914 0.372396 0.583008 0.372396 0.579102 0.368490 0.576172 0.368490 0.575195 0.367188
0 0.554688 0.309896 0.549805 0.307292 0.545898 0.307292 0.544922 0.305990 0.531250 0.307292 0.530273 0.308594 0.527344 0.308594 0.522461 0.311198 0.517578 0.317708 0.512695 0.330729 0.513672 0.332031 0.513672 0.348958 0.512695 0.350260 0.512695 0.355469 0.517578 0.368490 0.524414 0.376302 0.526367 0.377604 0.541016 0.377604 0.541992 0.376302 0.549805 0.376302 0.550781 0.375000 0.554688 0.375000 0.565430 0.367188 0.568359 0.359375 0.568359 0.352865 0.569336 0.351562 0.570312 0.339844 0.569336 0.338542 0.569336 0.334635 0.564453 0.328125 0.562500 0.322917 0.562500 0.320312 0.560547 0.316406
0 0.580078 0.231771 0.574219 0.231771 0.573242 0.230469 0.558594 0.230469 0.557617 0.231771 0.547852 0.231771 0.543945 0.235677 0.543945 0.236979 0.539062 0.243490 0.534180 0.255208 0.532227 0.257812 0.530273 0.263021 0.530273 0.268229 0.529297 0.269531 0.529297 0.278646 0.534180 0.291667 0.538086 0.296875 0.541992 0.299479 0.545898 0.299479 0.546875 0.300781 0.550781 0.300781 0.551758 0.302083 0.556641 0.302083 0.557617 0.300781 0.564453 0.299479 0.571289 0.295573 0.574219 0.295573 0.581055 0.289062 0.582031 0.283854 0.583984 0.279948 0.583984 0.277344 0.587891 0.266927 0.588867 0.251302 0.585938 0.240885
0 0.576172 0.147135 0.569336 0.152344 0.564453 0.158854 0.563477 0.158854 0.563477 0.161458 0.560547 0.170573 0.559570 0.179688 0.561523 0.182292 0.562500 0.188802 0.565430 0.194010 0.565430 0.201823 0.563477 0.205729 0.564453 0.208333 0.568359 0.212240 0.570312 0.221354 0.573242 0.223958 0.575195 0.223958 0.580078 0.227865 0.584961 0.227865 0.585938 0.229167 0.595703 0.229167 0.608398 0.213542 0.613281 0.204427 0.614258 0.197917 0.615234 0.196615 0.615234 0.182292 0.611328 0.169271 0.606445 0.161458 0.604492 0.156250 0.601562 0.154948 0.599609 0.152344 0.596680 0.152344 0.595703 0.151042 0.591797 0.151042 0.590820 0.149740 0.587891 0.149740 0.583008 0.147135
0 0.629883 0.217448 0.623047 0.217448 0.622070 0.218750 0.609375 0.221354 0.606445 0.226562 0.603516 0.226562 0.598633 0.231771 0.600586 0.235677 0.597656 0.240885 0.595703 0.252604 0.592773 0.255208 0.590820 0.272135 0.589844 0.273438 0.590820 0.274740 0.590820 0.277344 0.593750 0.281250 0.609375 0.285156 0.623047 0.292969 0.624023 0.291667 0.629883 0.291667 0.630859 0.290365 0.636719 0.289062 0.640625 0.286458 0.647461 0.277344 0.652344 0.264323 0.652344 0.240885 0.651367 0.238281 0.648438 0.235677 0.637695 0.220052 0.634766 0.220052
0 0.581055 0.302083 0.578125 0.311198 0.577148 0.320312 0.573242 0.325521 0.572266 0.333333 0.571289 0.334635 0.572266 0.337240 0.572266 0.341146 0.574219 0.345052 0.574219 0.350260 0.581055 0.359375 0.581055 0.360677 0.583008 0.363281 0.586914 0.364583 0.589844 0.367188 0.603516 0.367188 0.604492 0.365885 0.615234 0.364583 0.616211 0.363281 0.619141 0.363281 0.623047 0.359375 0.626953 0.348958 0.626953 0.345052 0.627930 0.343750 0.627930 0.325521 0.626953 0.324219 0.626953 0.319010 0.625000 0.315104 0.616211 0.303385 0.606445 0.296875 0.591797 0.296875 0.585938 0.300781
0 0.632812 0.325521 0.632812 0.329427 0.630859 0.332031 0.630859 0.338542 0.629883 0.339844 0.628906 0.348958 0.625000 0.359375 0.623047 0.361979 0.624023 0.363281 0.624023 0.371094 0.625000 0.372396 0.625977 0.378906 0.627930 0.382812 0.632812 0.385417 0.639648 0.386719 0.640625 0.388021 0.655273 0.388021 0.660156 0.385417 0.666992 0.385417 0.667969 0.384115 0.669922 0.384115 0.677734 0.375000 0.677734 0.372396 0.681641 0.365885 0.681641 0.363281 0.683594 0.359375 0.683594 0.350260 0.678711 0.339844 0.677734 0.339844 0.669922 0.330729 0.666992 0.329427 0.656250 0.319010 0.650391 0.315104 0.647461 0.316406 0.642578 0.324219 0.640625 0.324219 0.639648 0.322917 0.635742 0.322917
0 0.693359 0.375000 0.686523 0.375000 0.685547 0.376302 0.678711 0.377604 0.673828 0.384115 0.669922 0.386719 0.662109 0.388021 0.656250 0.391927 0.656250 0.415365 0.655273 0.416667 0.656250 0.421875 0.660156 0.427083 0.661133 0.427083 0.666992 0.436198 0.672852 0.441406 0.681641 0.446615 0.688477 0.446615 0.700195 0.438802 0.711914 0.424479 0.713867 0.420573 0.713867 0.416667 0.715820 0.411458 0.715820 0.401042 0.712891 0.391927 0.708008 0.385417 0.705078 0.384115 0.701172 0.380208 0.697266 0.378906
0 0.728516 0.412760 0.722656 0.412760 0.721680 0.414062 0.719727 0.414062 0.716797 0.417969 0.716797 0.420573 0.714844 0.425781 0.699219 0.445312 0.697266 0.445312 0.696289 0.446615 0.696289 0.453125 0.695312 0.454427 0.696289 0.457031 0.697266 0.457031 0.699219 0.459635 0.699219 0.462240 0.701172 0.467448 0.701172 0.471354 0.703125 0.476562 0.707031 0.480469 0.716797 0.486979 0.725586 0.486979 0.726562 0.485677 0.730469 0.485677 0.731445 0.484375 0.733398 0.484375 0.736328 0.480469 0.737305 0.480469 0.740234 0.476562 0.741211 0.472656 0.746094 0.464844 0.748047 0.459635 0.749023 0.453125 0.750000 0.451823 0.750000 0.444010 0.748047 0.438802 0.748047 0.434896 0.746094 0.432292 0.746094 0.430990 0.741211 0.423177 0.737305 0.420573 0.732422 0.414062 0.729492 0.414062
0 0.750977 0.459635 0.748047 0.463542 0.746094 0.471354 0.742188 0.476562 0.742188 0.477865 0.736328 0.485677 0.730469 0.490885 0.730469 0.492188 0.727539 0.496094 0.727539 0.501302 0.728516 0.502604 0.728516 0.505208 0.732422 0.510417 0.733398 0.514323 0.741211 0.524740 0.745117 0.527344 0.747070 0.527344 0.748047 0.528646 0.751953 0.528646 0.754883 0.531250 0.768555 0.531250 0.769531 0.529948 0.771484 0.529948 0.775391 0.523438 0.777344 0.516927 0.784180 0.503906 0.787109 0.496094 0.787109 0.488281 0.784180 0.480469 0.781250 0.476562 0.775391 0.471354 0.766602 0.466146 0.763672 0.462240 0.763672 0.460938 0.760742 0.460938 0.759766 0.459635
0 0.800781 0.510417 0.798828 0.509115 0.794922 0.509115 0.793945 0.507812 0.792969 0.509115 0.787109 0.509115 0.786133 0.510417 0.783203 0.510417 0.779297 0.516927 0.776367 0.524740 0.774414 0.526042 0.774414 0.527344 0.769531 0.533854 0.769531 0.536458 0.768555 0.537760 0.768555 0.545573 0.766602 0.550781 0.766602 0.562500 0.769531 0.566406 0.779297 0.572917 0.789062 0.572917 0.790039 0.571615 0.794922 0.570312 0.802734 0.562500 0.804688 0.557292 0.809570 0.549479 0.809570 0.532552 0.808594 0.531250 0.808594 0.528646 0.807617 0.527344 0.807617 0.524740 0.806641 0.523438 0.806641 0.519531 0.805664 0.516927 0.804688 0.516927
0 0.812500 0.549479 0.808594 0.553385 0.808594 0.554688 0.804688 0.559896 0.804688 0.561198 0.802734 0.563802 0.802734 0.565104 0.798828 0.570312 0.797852 0.570312 0.797852 0.572917 0.796875 0.574219 0.796875 0.578125 0.800781 0.587240 0.800781 0.591146 0.801758 0.592448 0.802734 0.596354 0.805664 0.600260 0.806641 0.604167 0.810547 0.608073 0.815430 0.608073 0.816406 0.609375 0.818359 0.609375 0.819336 0.608073 0.821289 0.608073 0.822266 0.606771 0.824219 0.606771 0.825195 0.605469 0.828125 0.604167 0.835938 0.593750 0.835938 0.592448 0.836914 0.591146 0.836914 0.588542 0.837891 0.587240 0.837891 0.584635 0.838867 0.583333 0.838867 0.562500 0.836914 0.559896 0.832031 0.557292 0.827148 0.552083 0.825195 0.552083 0.824219 0.550781 0.821289 0.550781 0.820312 0.549479
0 0.839844 0.609375 0.838867 0.610677 0.838867 0.611979 0.837891 0.613281 0.836914 0.613281 0.831055 0.621094 0.836914 0.630208 0.836914 0.631510 0.838867 0.635417 0.838867 0.639323 0.839844 0.640625 0.839844 0.647135 0.838867 0.648438 0.838867 0.653646 0.837891 0.654948 0.837891 0.662760 0.838867 0.664062 0.838867 0.665365 0.839844 0.665365 0.842773 0.669271 0.844727 0.669271 0.845703 0.670573 0.848633 0.670573 0.849609 0.671875 0.850586 0.670573 0.853516 0.670573 0.857422 0.666667 0.858398 0.666667 0.864258 0.658854 0.864258 0.657552 0.866211 0.653646 0.866211 0.649740 0.867188 0.648438 0.867188 0.635417 0.866211 0.634115 0.866211 0.625000 0.865234 0.623698 0.865234 0.622396 0.862305 0.621094 0.858398 0.615885 0.857422 0.615885 0.852539 0.610677 0.842773 0.610677 0.841797 0.609375
0 0.879883 0.591146 0.875977 0.596354 0.872070 0.606771 0.873047 0.618490 0.874023 0.619792 0.875000 0.625000 0.881836 0.634115 0.885742 0.635417 0.887695 0.638021 0.891602 0.640625 0.893555 0.640625 0.894531 0.641927 0.901367 0.641927 0.902344 0.640625 0.904297 0.640625 0.908203 0.638021 0.910156 0.635417 0.914062 0.632812 0.916016 0.630208 0.917969 0.625000 0.919922 0.623698 0.923828 0.618490 0.924805 0.615885 0.924805 0.602865 0.923828 0.601562 0.922852 0.595052 0.920898 0.591146 0.917969 0.591146 0.916992 0.589844 0.898438 0.589844 0.897461 0.588542 0.894531 0.588542 0.892578 0.585938 0.888672 0.585938 0.888672 0.589844 0.887695 0.591146
0 0.875977 0.558594 0.872070 0.555990 0.870117 0.555990 0.867188 0.553385 0.863281 0.553385 0.862305 0.552083 0.857422 0.552083 0.856445 0.550781 0.854492 0.550781 0.853516 0.552083 0.851562 0.552083 0.849609 0.553385 0.844727 0.559896 0.844727 0.562500 0.841797 0.569010 0.841797 0.571615 0.840820 0.572917 0.840820 0.578125 0.839844 0.579427 0.839844 0.585938 0.835938 0.596354 0.835938 0.600260 0.840820 0.605469 0.842773 0.605469 0.843750 0.606771 0.862305 0.606771 0.863281 0.605469 0.866211 0.605469 0.867188 0.604167 0.869141 0.604167 0.874023 0.597656 0.874023 0.596354 0.876953 0.592448 0.876953 0.591146 0.879883 0.585938 0.879883 0.578125 0.878906 0.576823 0.878906 0.563802
0 0.854492 0.492188 0.845703 0.492188 0.844727 0.490885 0.836914 0.490885 0.835938 0.492188 0.833984 0.492188 0.830078 0.497396 0.829102 0.497396 0.826172 0.503906 0.816406 0.510417 0.814453 0.510417 0.809570 0.516927 0.811523 0.522135 0.811523 0.528646 0.812500 0.531250 0.823242 0.548177 0.829102 0.552083 0.831055 0.552083 0.835938 0.555990 0.841797 0.555990 0.847656 0.549479 0.848633 0.549479 0.862305 0.532552 0.865234 0.526042 0.865234 0.522135 0.866211 0.520833 0.866211 0.513021 0.862305 0.506510 0.862305 0.505208 0.859375 0.501302 0.856445 0.493490
0 0.797852 0.449219 0.797852 0.451823 0.799805 0.454427 0.799805 0.455729 0.798828 0.457031 0.798828 0.459635 0.797852 0.460938 0.797852 0.463542 0.794922 0.472656 0.791016 0.477865 0.789062 0.477865 0.787109 0.475260 0.786133 0.475260 0.789062 0.484375 0.789062 0.489583 0.790039 0.490885 0.790039 0.498698 0.791016 0.500000 0.791016 0.502604 0.794922 0.503906 0.795898 0.505208 0.798828 0.505208 0.801758 0.507812 0.815430 0.507812 0.826172 0.501302 0.828125 0.496094 0.834961 0.486979 0.837891 0.480469 0.838867 0.473958 0.840820 0.470052 0.840820 0.459635 0.836914 0.458333 0.835938 0.457031 0.833008 0.457031 0.832031 0.455729 0.823242 0.454427 0.819336 0.451823 0.813477 0.451823 0.812500 0.450521 0.806641 0.450521 0.805664 0.449219
0 0.805664 0.377604 0.801758 0.373698 0.800781 0.375000 0.797852 0.375000 0.794922 0.372396 0.783203 0.369792 0.782227 0.371094 0.779297 0.371094 0.778320 0.372396 0.772461 0.373698 0.759766 0.386719 0.751953 0.389323 0.750000 0.391927 0.747070 0.399740 0.747070 0.403646 0.746094 0.406250 0.744141 0.407552 0.744141 0.416667 0.746094 0.420573 0.746094 0.423177 0.750977 0.429688 0.752930 0.429688 0.756836 0.432292 0.759766 0.432292 0.760742 0.433594 0.787109 0.434896 0.802734 0.415365 0.804688 0.410156 0.804688 0.404948 0.805664 0.403646
0 0.763672 0.312500 0.758789 0.312500 0.757812 0.311198 0.750977 0.312500 0.740234 0.324219 0.734375 0.328125 0.731445 0.335938 0.731445 0.339844 0.727539 0.346354 0.728516 0.348958 0.730469 0.348958 0.731445 0.347656 0.733398 0.351562 0.733398 0.359375 0.732422 0.360677 0.734375 0.364583 0.734375 0.367188 0.732422 0.371094 0.732422 0.376302 0.734375 0.378906 0.750977 0.386719 0.755859 0.386719 0.763672 0.381510 0.770508 0.373698 0.775391 0.371094 0.778320 0.367188 0.782227 0.364583 0.788086 0.356771 0.788086 0.343750 0.784180 0.332031 0.773438 0.319010 0.769531 0.317708 0.769531 0.319010 0.766602 0.321615 0.765625 0.319010 0.767578 0.315104
0 0.728516 0.257812 0.726562 0.257812 0.725586 0.256510 0.719727 0.257812 0.713867 0.261719 0.711914 0.264323 0.709961 0.264323 0.707031 0.266927 0.704102 0.266927 0.694336 0.273438 0.691406 0.278646 0.691406 0.286458 0.689453 0.289062 0.689453 0.292969 0.688477 0.294271 0.688477 0.299479 0.689453 0.300781 0.689453 0.308594 0.695312 0.317708 0.694336 0.325521 0.696289 0.328125 0.699219 0.328125 0.700195 0.329427 0.707031 0.329427 0.708008 0.330729 0.717773 0.330729 0.718750 0.329427 0.723633 0.329427 0.726562 0.326823 0.729492 0.326823 0.741211 0.320312 0.750977 0.305990 0.750977 0.298177 0.744141 0.287760 0.735352 0.265625
0 0.670898 0.200521 0.670898 0.205729 0.676758 0.207031 0.678711 0.209635 0.672852 0.220052 0.670898 0.229167 0.668945 0.231771 0.667969 0.229167 0.665039 0.226562 0.663086 0.230469 0.664062 0.234375 0.664062 0.248698 0.665039 0.250000 0.666016 0.261719 0.667969 0.263021 0.670898 0.268229 0.680664 0.274740 0.685547 0.274740 0.686523 0.273438 0.689453 0.273438 0.694336 0.269531 0.699219 0.268229 0.706055 0.263021 0.708984 0.263021 0.718750 0.256510 0.720703 0.253906 0.721680 0.246094 0.722656 0.244792 0.722656 0.239583 0.723633 0.238281 0.723633 0.229167 0.715820 0.210938 0.706055 0.204427 0.699219 0.203125 0.698242 0.201823 0.688477 0.204427 0.685547 0.200521 0.680664 0.200521 0.679688 0.199219
0 0.824219 0.373698 0.814453 0.373698 0.809570 0.377604 0.807617 0.377604 0.807617 0.382812 0.806641 0.384115 0.806641 0.403646 0.805664 0.404948 0.805664 0.408854 0.801758 0.419271 0.794922 0.427083 0.794922 0.433594 0.795898 0.434896 0.795898 0.437500 0.797852 0.437500 0.800781 0.440104 0.804688 0.440104 0.805664 0.441406 0.814453 0.441406 0.815430 0.440104 0.817383 0.440104 0.819336 0.437500 0.824219 0.434896 0.828125 0.429688 0.828125 0.428385 0.831055 0.424479 0.832031 0.420573 0.833984 0.417969 0.833984 0.415365 0.835938 0.410156 0.835938 0.394531 0.830078 0.378906
0 0.875977 0.346354 0.874023 0.346354 0.873047 0.345052 0.869141 0.345052 0.868164 0.343750 0.863281 0.343750 0.859375 0.341146 0.854492 0.346354 0.851562 0.347656 0.848633 0.351562 0.845703 0.351562 0.844727 0.352865 0.840820 0.352865 0.839844 0.354167 0.837891 0.354167 0.833008 0.360677 0.833008 0.361979 0.829102 0.365885 0.829102 0.368490 0.828125 0.369792 0.829102 0.375000 0.835938 0.386719 0.839844 0.398438 0.843750 0.403646 0.849609 0.407552 0.865234 0.407552 0.870117 0.403646 0.872070 0.403646 0.875000 0.399740 0.878906 0.389323 0.878906 0.382812 0.879883 0.381510 0.879883 0.371094 0.880859 0.369792 0.880859 0.361979 0.879883 0.360677 0.877930 0.350260
0 0.849609 0.410156 0.844727 0.412760 0.839844 0.419271 0.839844 0.420573 0.833984 0.428385 0.833008 0.428385 0.833008 0.432292 0.833984 0.433594 0.830078 0.437500 0.830078 0.441406 0.829102 0.444010 0.832031 0.446615 0.835938 0.447917 0.836914 0.449219 0.836914 0.451823 0.842773 0.458333 0.842773 0.467448 0.845703 0.472656 0.846680 0.472656 0.853516 0.481771 0.855469 0.483073 0.862305 0.483073 0.875977 0.475260 0.880859 0.468750 0.886719 0.453125 0.886719 0.437500 0.883789 0.429688 0.876953 0.417969 0.873047 0.415365 0.867188 0.414062 0.864258 0.411458
0 0.899414 0.372396 0.895508 0.375000 0.893555 0.378906 0.892578 0.378906 0.882812 0.389323 0.875977 0.410156 0.875977 0.412760 0.876953 0.414062 0.879883 0.414062 0.883789 0.423177 0.883789 0.425781 0.887695 0.429688 0.888672 0.433594 0.889648 0.434896 0.892578 0.434896 0.897461 0.437500 0.912109 0.437500 0.925781 0.428385 0.930664 0.421875 0.934570 0.421875 0.934570 0.417969 0.936523 0.414062 0.936523 0.411458 0.939453 0.403646 0.938477 0.398438 0.932617 0.394531 0.926758 0.388021 0.925781 0.388021 0.919922 0.380208 0.915039 0.376302 0.913086 0.372396 0.911133 0.371094 0.904297 0.371094 0.903320 0.372396
0 0.944336 0.434896 0.942383 0.433594 0.940430 0.433594 0.935547 0.429688 0.927734 0.429688 0.924805 0.432292 0.922852 0.432292 0.915039 0.437500 0.910156 0.442708 0.910156 0.445312 0.909180 0.446615 0.909180 0.451823 0.910156 0.453125 0.910156 0.479167 0.911133 0.480469 0.912109 0.489583 0.914062 0.493490 0.916016 0.493490 0.916992 0.494792 0.924805 0.494792 0.925781 0.493490 0.930664 0.492188 0.936523 0.488281 0.941406 0.481771 0.945312 0.471354 0.948242 0.467448 0.950195 0.462240 0.950195 0.458333 0.949219 0.457031 0.949219 0.446615 0.948242 0.445312 0.948242 0.442708 0.946289 0.437500
0 0.884766 0.466146 0.877930 0.476562 0.861328 0.486979 0.862305 0.488281 0.862305 0.497396 0.865234 0.502604 0.865234 0.506510 0.868164 0.514323 0.868164 0.520833 0.870117 0.526042 0.873047 0.529948 0.876953 0.532552 0.881836 0.533854 0.882812 0.535156 0.893555 0.535156 0.894531 0.533854 0.896484 0.533854 0.898438 0.531250 0.905273 0.526042 0.912109 0.513021 0.912109 0.494792 0.909180 0.486979 0.909180 0.481771 0.904297 0.473958 0.897461 0.470052 0.894531 0.470052 0.891602 0.467448
0 0.954102 0.479167 0.949219 0.479167 0.948242 0.477865 0.946289 0.477865 0.944336 0.479167 0.942383 0.481771 0.942383 0.483073 0.935547 0.490885 0.929688 0.494792 0.924805 0.496094 0.922852 0.497396 0.921875 0.500000 0.921875 0.518229 0.923828 0.520833 0.923828 0.523438 0.924805 0.524740 0.924805 0.528646 0.935547 0.545573 0.941406 0.545573 0.942383 0.544271 0.947266 0.542969 0.950195 0.540365 0.952148 0.540365 0.959961 0.531250 0.959961 0.529948 0.962891 0.526042 0.966797 0.515625 0.966797 0.513021 0.967773 0.511719 0.967773 0.505208 0.966797 0.503906 0.966797 0.500000 0.964844 0.494792 0.960938 0.488281 0.960938 0.486979
0 0.883789 0.540365 0.882812 0.545573 0.881836 0.546875 0.881836 0.550781 0.879883 0.555990 0.880859 0.567708 0.883789 0.574219 0.889648 0.578125 0.895508 0.585938 0.899414 0.588542 0.908203 0.588542 0.909180 0.587240 0.914062 0.587240 0.915039 0.588542 0.923828 0.588542 0.924805 0.587240 0.926758 0.587240 0.932617 0.580729 0.933594 0.575521 0.934570 0.574219 0.934570 0.553385 0.933594 0.552083 0.933594 0.548177 0.931641 0.542969 0.924805 0.532552 0.921875 0.531250 0.917969 0.527344 0.913086 0.527344 0.911133 0.526042 0.910156 0.527344 0.904297 0.528646 0.896484 0.536458 0.894531 0.536458 0.893555 0.537760 0.886719 0.537760
0 0.965820 0.542969 0.952148 0.542969 0.951172 0.544271 0.946289 0.545573 0.943359 0.549479 0.941406 0.550781 0.941406 0.552083 0.936523 0.558594 0.936523 0.570312 0.935547 0.571615 0.935547 0.575521 0.932617 0.583333 0.928711 0.588542 0.928711 0.591146 0.930664 0.593750 0.935547 0.595052 0.947266 0.602865 0.955078 0.602865 0.956055 0.601562 0.958008 0.601562 0.958984 0.597656 0.962891 0.591146 0.962891 0.588542 0.966797 0.578125 0.968750 0.575521 0.968750 0.572917 0.972656 0.562500 0.972656 0.555990 0.969727 0.548177
