0 0.149414 0.584635 0.141602 0.591146 0.138672 0.597656 0.138672 0.600260 0.136719 0.605469 0.136719 0.609375 0.135742 0.610677 0.135742 0.613281 0.133789 0.617188 0.133789 0.621094 0.132812 0.622396 0.132812 0.641927 0.136719 0.645833 0.139648 0.652344 0.142578 0.653646 0.148438 0.660156 0.154297 0.660156 0.155273 0.658854 0.158203 0.658854 0.163086 0.654948 0.166992 0.653646 0.170898 0.648438 0.170898 0.647135 0.172852 0.644531 0.173828 0.644531 0.179688 0.628906 0.179688 0.626302 0.181641 0.621094 0.180664 0.619792 0.179688 0.614583 0.175781 0.608073 0.173828 0.608073 0.170898 0.604167 0.168945 0.604167 0.165039 0.597656 0.164062 0.597656 0.160156 0.592448 0.159180 0.592448 0.158203 0.589844 0.157227 0.589844 0.154297 0.585938 0.152344 0.584635
0 0.254883 0.557292 0.251953 0.559896 0.250000 0.553385 0.247070 0.549479 0.243164 0.549479 0.241211 0.546875 0.241211 0.544271 0.240234 0.542969 0.234375 0.542969 0.233398 0.541667 0.233398 0.537760 0.231445 0.531250 0.226562 0.533854 0.223633 0.537760 0.216797 0.537760 0.209961 0.545573 0.209961 0.548177 0.205078 0.557292 0.205078 0.561198 0.203125 0.566406 0.203125 0.580729 0.202148 0.582031 0.202148 0.588542 0.201172 0.591146 0.203125 0.595052 0.207031 0.595052 0.208008 0.596354 0.216797 0.596354 0.217773 0.597656 0.225586 0.597656 0.226562 0.598958 0.229492 0.598958 0.230469 0.597656 0.233398 0.597656 0.234375 0.598958 0.245117 0.598958 0.249023 0.595052 0.250977 0.585938 0.256836 0.570312 0.256836 0.563802
0 0.212891 0.445312 0.209961 0.445312 0.205078 0.447917 0.197266 0.447917 0.196289 0.449219 0.191406 0.449219 0.190430 0.450521 0.188477 0.450521 0.184570 0.453125 0.178711 0.460938 0.175781 0.468750 0.172852 0.473958 0.172852 0.481771 0.179688 0.493490 0.181641 0.498698 0.181641 0.502604 0.184570 0.509115 0.186523 0.510417 0.189453 0.510417 0.190430 0.511719 0.195312 0.511719 0.201172 0.515625 0.204102 0.515625 0.208984 0.518229 0.210938 0.516927 0.216797 0.516927 0.221680 0.511719 0.219727 0.509115 0.219727 0.506510 0.224609 0.503906 0.229492 0.497396 0.230469 0.490885 0.227539 0.484375 0.226562 0.475260 0.220703 0.464844 0.220703 0.460938 0.217773 0.453125 0.212891 0.446615
0 0.250000 0.406250 0.243164 0.406250 0.242188 0.407552 0.239258 0.407552 0.237305 0.410156 0.231445 0.412760 0.228516 0.416667 0.225586 0.425781 0.223633 0.428385 0.223633 0.430990 0.216797 0.442708 0.216797 0.446615 0.220703 0.454427 0.222656 0.463542 0.229492 0.476562 0.231445 0.486979 0.233398 0.486979 0.234375 0.488281 0.241211 0.486979 0.242188 0.485677 0.247070 0.485677 0.251953 0.483073 0.258789 0.472656 0.262695 0.459635 0.264648 0.457031 0.266602 0.450521 0.269531 0.446615 0.269531 0.444010 0.270508 0.442708 0.268555 0.433594 0.265625 0.429688 0.264648 0.425781 0.262695 0.423177 0.263672 0.421875 0.263672 0.415365 0.261719 0.412760 0.259766 0.412760 0.255859 0.408854 0.253906 0.408854
0 0.247070 0.490885 0.243164 0.494792 0.242188 0.494792 0.242188 0.496094 0.233398 0.506510 0.233398 0.515625 0.234375 0.516927 0.233398 0.519531 0.233398 0.527344 0.235352 0.532552 0.239258 0.537760 0.240234 0.537760 0.247070 0.545573 0.252930 0.549479 0.254883 0.549479 0.255859 0.550781 0.261719 0.550781 0.265625 0.546875 0.268555 0.545573 0.275391 0.536458 0.277344 0.531250 0.281250 0.527344 0.285156 0.518229 0.286133 0.502604 0.284180 0.498698 0.270508 0.489583 0.250977 0.489583 0.250000 0.490885
0 0.262695 0.554688 0.260742 0.558594 0.260742 0.565104 0.259766 0.566406 0.259766 0.582031 0.258789 0.583333 0.258789 0.597656 0.257812 0.598958 0.257812 0.610677 0.260742 0.614583 0.262695 0.614583 0.266602 0.618490 0.268555 0.618490 0.269531 0.619792 0.273438 0.619792 0.274414 0.621094 0.279297 0.621094 0.280273 0.622396 0.284180 0.622396 0.289062 0.617188 0.289062 0.615885 0.294922 0.606771 0.296875 0.601562 0.296875 0.598958 0.297852 0.597656 0.297852 0.592448 0.298828 0.591146 0.298828 0.583333 0.299805 0.582031 0.299805 0.579427 0.295898 0.574219 0.295898 0.572917 0.294922 0.572917 0.287109 0.562500 0.281250 0.558594 0.279297 0.558594 0.278320 0.557292 0.270508 0.557292 0.267578 0.554688
0 0.248047 0.604167 0.241211 0.604167 0.240234 0.605469 0.228516 0.606771 0.221680 0.611979 0.221680 0.613281 0.218750 0.617188 0.217773 0.619792 0.217773 0.623698 0.216797 0.625000 0.216797 0.636719 0.217773 0.638021 0.218750 0.647135 0.221680 0.651042 0.224609 0.658854 0.228516 0.662760 0.236328 0.667969 0.238281 0.670573 0.239258 0.674479 0.243164 0.673177 0.244141 0.671875 0.245117 0.667969 0.265625 0.639323 0.266602 0.635417 0.268555 0.632812 0.267578 0.626302 0.257812 0.614583 0.254883 0.613281 0.251953 0.609375 0.250977 0.609375 0.248047 0.605469
0 0.283203 0.626302 0.282227 0.627604 0.280273 0.627604 0.276367 0.630208 0.273438 0.634115 0.273438 0.635417 0.271484 0.638021 0.270508 0.644531 0.271484 0.645833 0.271484 0.652344 0.272461 0.653646 0.272461 0.656250 0.273438 0.657552 0.273438 0.661458 0.274414 0.662760 0.274414 0.666667 0.275391 0.667969 0.275391 0.674479 0.276367 0.675781 0.276367 0.680990 0.277344 0.682292 0.277344 0.684896 0.280273 0.688802 0.282227 0.688802 0.283203 0.690104 0.288086 0.690104 0.289062 0.688802 0.292969 0.688802 0.295898 0.686198 0.297852 0.686198 0.302734 0.680990 0.308594 0.677083 0.310547 0.677083 0.312500 0.674479 0.312500 0.667969 0.311523 0.666667 0.311523 0.658854 0.310547 0.657552 0.310547 0.651042 0.309570 0.649740 0.309570 0.647135 0.308594 0.644531 0.301758 0.635417 0.297852 0.632812 0.294922 0.627604 0.292969 0.627604 0.291992 0.626302
0 0.260742 0.683594 0.252930 0.683594 0.251953 0.684896 0.249023 0.684896 0.248047 0.686198 0.242188 0.686198 0.241211 0.687500 0.238281 0.687500 0.237305 0.688802 0.236328 0.688802 0.233398 0.692708 0.233398 0.694010 0.232422 0.695312 0.232422 0.716146 0.233398 0.717448 0.233398 0.721354 0.235352 0.723958 0.235352 0.725260 0.238281 0.730469 0.241211 0.731771 0.244141 0.735677 0.245117 0.735677 0.248047 0.738281 0.251953 0.738281 0.256836 0.731771 0.257812 0.731771 0.263672 0.723958 0.264648 0.723958 0.266602 0.721354 0.266602 0.714844 0.267578 0.713542 0.267578 0.704427 0.270508 0.697917 0.270508 0.695312 0.269531 0.694010 0.269531 0.692708 0.268555 0.692708 0.264648 0.688802 0.263672 0.688802
0 0.212891 0.635417 0.210938 0.638021 0.210938 0.640625 0.209961 0.641927 0.209961 0.644531 0.208984 0.645833 0.208984 0.647135 0.205078 0.652344 0.204102 0.652344 0.204102 0.664062 0.205078 0.665365 0.209961 0.667969 0.211914 0.670573 0.212891 0.670573 0.216797 0.675781 0.217773 0.675781 0.219727 0.678385 0.224609 0.680990 0.226562 0.683594 0.227539 0.683594 0.228516 0.684896 0.230469 0.684896 0.231445 0.686198 0.232422 0.686198 0.233398 0.684896 0.236328 0.683594 0.238281 0.680990 0.239258 0.680990 0.241211 0.678385 0.241211 0.677083 0.245117 0.670573 0.245117 0.665365 0.237305 0.665365 0.236328 0.666667 0.235352 0.665365 0.233398 0.665365 0.232422 0.664062 0.231445 0.664062 0.229492 0.661458 0.228516 0.661458 0.220703 0.651042 0.220703 0.648438 0.217773 0.644531 0.217773 0.643229 0.216797 0.641927 0.216797 0.636719 0.215820 0.635417
0 0.296875 0.696615 0.290039 0.696615 0.289062 0.697917 0.285156 0.697917 0.284180 0.699219 0.281250 0.699219 0.280273 0.697917 0.273438 0.697917 0.271484 0.699219 0.268555 0.704427 0.268555 0.733073 0.269531 0.734375 0.269531 0.736979 0.276367 0.746094 0.280273 0.748698 0.282227 0.748698 0.283203 0.750000 0.286133 0.747396 0.292969 0.746094 0.293945 0.744792 0.295898 0.744792 0.296875 0.743490 0.298828 0.743490 0.299805 0.742188 0.301758 0.742188 0.305664 0.739583 0.308594 0.739583 0.309570 0.738281 0.311523 0.738281 0.314453 0.734375 0.314453 0.721354 0.312500 0.717448 0.312500 0.714844 0.310547 0.712240 0.310547 0.710938 0.309570 0.710938 0.304688 0.704427 0.303711 0.704427 0.298828 0.697917
0 0.365234 0.735677 0.365234 0.739583 0.369141 0.747396 0.369141 0.750000 0.371094 0.753906 0.371094 0.756510 0.372070 0.757812 0.373047 0.764323 0.375977 0.768229 0.376953 0.768229 0.379883 0.770833 0.381836 0.770833 0.382812 0.769531 0.386719 0.769531 0.387695 0.768229 0.396484 0.768229 0.397461 0.766927 0.398438 0.766927 0.401367 0.763021 0.402344 0.763021 0.411133 0.752604 0.411133 0.751302 0.410156 0.750000 0.410156 0.746094 0.409180 0.744792 0.408203 0.740885 0.404297 0.735677 0.404297 0.734375 0.402344 0.731771 0.400391 0.731771 0.399414 0.730469 0.398438 0.731771 0.394531 0.731771 0.393555 0.733073 0.387695 0.733073 0.386719 0.731771 0.381836 0.729167 0.379883 0.726562 0.379883 0.725260 0.378906 0.723958 0.378906 0.721354 0.376953 0.718750 0.375977 0.718750 0.375000 0.720052 0.375000 0.721354 0.374023 0.722656 0.374023 0.725260
0 0.426758 0.746094 0.421875 0.746094 0.420898 0.747396 0.418945 0.747396 0.417969 0.748698 0.416016 0.748698 0.415039 0.750000 0.413086 0.750000 0.412109 0.751302 0.412109 0.752604 0.407227 0.759115 0.406250 0.759115 0.404297 0.761719 0.403320 0.761719 0.398438 0.768229 0.397461 0.768229 0.396484 0.769531 0.396484 0.777344 0.399414 0.781250 0.399414 0.782552 0.408203 0.794271 0.409180 0.794271 0.410156 0.795573 0.413086 0.795573 0.416016 0.791667 0.417969 0.791667 0.418945 0.790365 0.422852 0.790365 0.422852 0.789062 0.423828 0.787760 0.423828 0.781250 0.424805 0.779948 0.424805 0.761719 0.425781 0.760417 0.425781 0.757812 0.426758 0.756510 0.426758 0.753906 0.427734 0.752604 0.427734 0.748698 0.426758 0.747396
0 0.427734 0.759115 0.426758 0.764323 0.428711 0.766927 0.428711 0.768229 0.426758 0.772135 0.426758 0.777344 0.425781 0.778646 0.425781 0.782552 0.424805 0.783854 0.424805 0.795573 0.425781 0.796875 0.425781 0.799479 0.430664 0.805990 0.434570 0.805990 0.442383 0.812500 0.444336 0.812500 0.447266 0.815104 0.453125 0.816406 0.456055 0.819010 0.458984 0.819010 0.466797 0.813802 0.468750 0.807292 0.470703 0.804688 0.472656 0.799479 0.472656 0.794271 0.469727 0.786458 0.469727 0.783854 0.467773 0.782552 0.465820 0.769531 0.463867 0.764323 0.461914 0.761719 0.459961 0.755208 0.457031 0.752604 0.446289 0.752604 0.445312 0.753906 0.442383 0.753906 0.432617 0.763021 0.431641 0.763021 0.429688 0.760417 0.429688 0.759115
0 0.379883 0.682292 0.379883 0.684896 0.376953 0.692708 0.376953 0.701823 0.375977 0.704427 0.377930 0.709635 0.377930 0.714844 0.378906 0.716146 0.378906 0.720052 0.380859 0.723958 0.380859 0.726562 0.382812 0.729167 0.386719 0.730469 0.387695 0.731771 0.393555 0.731771 0.394531 0.730469 0.397461 0.730469 0.398438 0.729167 0.404297 0.729167 0.407227 0.726562 0.411133 0.726562 0.414062 0.723958 0.416016 0.723958 0.418945 0.721354 0.420898 0.721354 0.424805 0.718750 0.426758 0.716146 0.426758 0.710938 0.425781 0.709635 0.425781 0.707031 0.421875 0.700521 0.419922 0.690104 0.416992 0.684896 0.415039 0.683594 0.411133 0.683594 0.410156 0.682292 0.404297 0.682292 0.403320 0.680990 0.397461 0.680990 0.396484 0.682292 0.393555 0.682292 0.391602 0.683594 0.389648 0.680990 0.389648 0.678385 0.388672 0.677083 0.383789 0.678385
0 0.295898 0.528646 0.296875 0.529948 0.296875 0.533854 0.297852 0.535156 0.297852 0.540365 0.299805 0.542969 0.301758 0.544271 0.303711 0.544271 0.306641 0.546875 0.307617 0.545573 0.310547 0.545573 0.311523 0.548177 0.316406 0.554688 0.317383 0.554688 0.331055 0.571615 0.334961 0.571615 0.335938 0.572917 0.337891 0.571615 0.340820 0.571615 0.344727 0.566406 0.346680 0.561198 0.346680 0.558594 0.347656 0.557292 0.347656 0.553385 0.350586 0.548177 0.350586 0.541667 0.349609 0.539062 0.341797 0.528646 0.338867 0.527344 0.336914 0.524740 0.333008 0.522135 0.330078 0.522135 0.329102 0.520833 0.327148 0.520833 0.326172 0.522135 0.323242 0.522135 0.322266 0.523438 0.319336 0.523438 0.318359 0.524740 0.314453 0.524740 0.313477 0.526042 0.310547 0.526042 0.309570 0.527344 0.296875 0.527344
0 0.327148 0.574219 0.322266 0.580729 0.321289 0.583333 0.321289 0.585938 0.319336 0.591146 0.319336 0.595052 0.316406 0.600260 0.316406 0.605469 0.317383 0.608073 0.330078 0.625000 0.335938 0.628906 0.337891 0.628906 0.338867 0.630208 0.348633 0.630208 0.356445 0.625000 0.363281 0.615885 0.363281 0.613281 0.364258 0.611979 0.364258 0.597656 0.362305 0.595052 0.362305 0.593750 0.361328 0.593750 0.353516 0.584635 0.352539 0.584635 0.351562 0.582031 0.349609 0.579427 0.348633 0.579427 0.343750 0.572917 0.339844 0.572917 0.338867 0.574219 0.334961 0.574219 0.333984 0.572917 0.329102 0.572917
0 0.384766 0.608073 0.382812 0.608073 0.380859 0.609375 0.375977 0.614583 0.373047 0.614583 0.369141 0.619792 0.368164 0.619792 0.359375 0.632812 0.360352 0.649740 0.361328 0.651042 0.362305 0.657552 0.368164 0.666667 0.372070 0.669271 0.376953 0.669271 0.396484 0.656250 0.401367 0.654948 0.405273 0.652344 0.408203 0.647135 0.408203 0.632812 0.406250 0.628906 0.406250 0.626302 0.401367 0.619792 0.399414 0.619792 0.395508 0.615885 0.392578 0.615885 0.387695 0.609375 0.385742 0.609375
0 0.422852 0.569010 0.419922 0.571615 0.417969 0.571615 0.414062 0.574219 0.411133 0.578125 0.411133 0.579427 0.404297 0.587240 0.401367 0.595052 0.401367 0.606771 0.402344 0.608073 0.402344 0.610677 0.404297 0.613281 0.406250 0.618490 0.407227 0.626302 0.410156 0.630208 0.414062 0.632812 0.416992 0.632812 0.417969 0.634115 0.422852 0.635417 0.423828 0.636719 0.434570 0.636719 0.438477 0.634115 0.440430 0.628906 0.443359 0.625000 0.445312 0.619792 0.445312 0.617188 0.448242 0.609375 0.451172 0.604167 0.451172 0.597656 0.450195 0.596354 0.450195 0.593750 0.448242 0.588542 0.444336 0.582031 0.441406 0.580729 0.435547 0.574219 0.427734 0.569010
0 0.392578 0.515625 0.388672 0.520833 0.383789 0.523438 0.380859 0.527344 0.379883 0.527344 0.373047 0.536458 0.372070 0.539062 0.373047 0.540365 0.373047 0.545573 0.374023 0.546875 0.374023 0.554688 0.376953 0.562500 0.382812 0.570312 0.389648 0.574219 0.392578 0.578125 0.396484 0.580729 0.409180 0.572917 0.421875 0.557292 0.422852 0.554688 0.422852 0.537760 0.421875 0.536458 0.421875 0.532552 0.414062 0.523438 0.410156 0.520833 0.408203 0.520833 0.407227 0.519531 0.400391 0.519531 0.399414 0.518229 0.397461 0.518229 0.396484 0.516927 0.393555 0.516927
0 0.348633 0.462240 0.341797 0.466146 0.335938 0.477865 0.336914 0.486979 0.337891 0.488281 0.338867 0.518229 0.340820 0.524740 0.344727 0.528646 0.349609 0.528646 0.350586 0.529948 0.362305 0.528646 0.363281 0.527344 0.365234 0.527344 0.365234 0.526042 0.368164 0.523438 0.380859 0.505208 0.384766 0.497396 0.384766 0.493490 0.385742 0.492188 0.380859 0.486979 0.380859 0.481771 0.379883 0.479167 0.377930 0.484375 0.375000 0.481771 0.375000 0.477865 0.376953 0.476562 0.375977 0.472656 0.375977 0.476562 0.375000 0.477865 0.373047 0.477865 0.371094 0.475260 0.371094 0.471354 0.369141 0.470052 0.364258 0.462240
0 0.292969 0.437500 0.290039 0.444010 0.289062 0.455729 0.290039 0.457031 0.290039 0.463542 0.291016 0.464844 0.291016 0.467448 0.291992 0.468750 0.291992 0.472656 0.292969 0.473958 0.293945 0.479167 0.295898 0.481771 0.298828 0.481771 0.299805 0.483073 0.304688 0.483073 0.305664 0.484375 0.308594 0.484375 0.309570 0.485677 0.313477 0.485677 0.314453 0.486979 0.318359 0.486979 0.319336 0.488281 0.322266 0.488281 0.324219 0.486979 0.324219 0.485677 0.328125 0.480469 0.328125 0.479167 0.331055 0.476562 0.331055 0.475260 0.333984 0.471354 0.335938 0.466146 0.335938 0.462240 0.336914 0.460938 0.336914 0.447917 0.335938 0.446615 0.335938 0.441406 0.334961 0.440104 0.334961 0.437500 0.333008 0.434896 0.331055 0.434896 0.330078 0.433594 0.328125 0.433594 0.324219 0.430990 0.321289 0.430990 0.320312 0.429688 0.314453 0.429688 0.313477 0.430990 0.312500 0.429688 0.309570 0.429688 0.302734 0.434896 0.297852 0.434896 0.296875 0.436198
0 0.359375 0.367188 0.356445 0.364583 0.347656 0.364583 0.346680 0.365885 0.343750 0.365885 0.340820 0.368490 0.337891 0.368490 0.335938 0.371094 0.333008 0.371094 0.327148 0.378906 0.326172 0.378906 0.317383 0.390625 0.316406 0.393229 0.315430 0.403646 0.312500 0.411458 0.310547 0.414062 0.310547 0.420573 0.311523 0.423177 0.315430 0.427083 0.321289 0.428385 0.322266 0.429688 0.326172 0.429688 0.329102 0.432292 0.333008 0.432292 0.333984 0.433594 0.345703 0.434896 0.349609 0.437500 0.354492 0.437500 0.358398 0.434896 0.361328 0.430990 0.361328 0.428385 0.363281 0.424479 0.363281 0.420573 0.366211 0.416667 0.366211 0.414062 0.369141 0.408854 0.369141 0.403646 0.370117 0.402344 0.369141 0.401042 0.369141 0.397135 0.372070 0.393229 0.368164 0.388021 0.366211 0.378906 0.360352 0.372396
0 0.260742 0.342448 0.258789 0.343750 0.258789 0.345052 0.253906 0.351562 0.253906 0.352865 0.250000 0.358073 0.249023 0.361979 0.247070 0.364583 0.247070 0.369792 0.246094 0.371094 0.246094 0.397135 0.250000 0.403646 0.251953 0.403646 0.254883 0.406250 0.257812 0.406250 0.266602 0.412760 0.268555 0.412760 0.269531 0.411458 0.271484 0.411458 0.281250 0.401042 0.282227 0.401042 0.288086 0.394531 0.289062 0.394531 0.296875 0.384115 0.296875 0.375000 0.295898 0.373698 0.295898 0.371094 0.294922 0.369792 0.293945 0.364583 0.285156 0.354167 0.279297 0.350260 0.273438 0.350260 0.272461 0.348958 0.270508 0.348958 0.264648 0.342448
0 0.357422 0.304688 0.351562 0.311198 0.347656 0.321615 0.345703 0.324219 0.345703 0.337240 0.346680 0.338542 0.346680 0.341146 0.350586 0.347656 0.351562 0.351562 0.354492 0.355469 0.355469 0.360677 0.356445 0.360677 0.360352 0.365885 0.364258 0.367188 0.367188 0.371094 0.372070 0.373698 0.375977 0.377604 0.377930 0.376302 0.382812 0.376302 0.383789 0.375000 0.386719 0.375000 0.391602 0.372396 0.393555 0.367188 0.393555 0.361979 0.403320 0.335938 0.402344 0.326823 0.401367 0.325521 0.397461 0.308594 0.395508 0.305990 0.392578 0.305990 0.387695 0.303385 0.363281 0.303385 0.362305 0.304688
0 0.419922 0.398438 0.418945 0.397135 0.416016 0.402344 0.413086 0.394531 0.408203 0.391927 0.405273 0.388021 0.401367 0.386719 0.400391 0.385417 0.398438 0.385417 0.397461 0.386719 0.393555 0.386719 0.388672 0.390625 0.383789 0.397135 0.381836 0.402344 0.376953 0.408854 0.375000 0.410156 0.375000 0.411458 0.372070 0.415365 0.372070 0.417969 0.371094 0.419271 0.371094 0.424479 0.372070 0.425781 0.374023 0.436198 0.375977 0.440104 0.375977 0.442708 0.377930 0.447917 0.379883 0.449219 0.385742 0.449219 0.386719 0.447917 0.396484 0.449219 0.397461 0.447917 0.401367 0.447917 0.402344 0.446615 0.404297 0.446615 0.414062 0.434896 0.415039 0.434896 0.416016 0.432292 0.416016 0.427083 0.416992 0.425781 0.416992 0.410156 0.419922 0.403646
0 0.435547 0.388021 0.430664 0.393229 0.426758 0.403646 0.425781 0.410156 0.418945 0.427083 0.418945 0.432292 0.417969 0.433594 0.422852 0.447917 0.424805 0.450521 0.426758 0.451823 0.430664 0.451823 0.431641 0.453125 0.437500 0.453125 0.438477 0.454427 0.447266 0.454427 0.461914 0.445312 0.463867 0.441406 0.466797 0.440104 0.467773 0.434896 0.469727 0.430990 0.469727 0.427083 0.470703 0.425781 0.470703 0.423177 0.469727 0.421875 0.469727 0.416667 0.466797 0.407552 0.466797 0.403646 0.462891 0.398438 0.462891 0.391927 0.459961 0.389323 0.453125 0.389323 0.452148 0.388021
0 0.400391 0.463542 0.395508 0.471354 0.393555 0.476562 0.393555 0.479167 0.392578 0.480469 0.392578 0.505208 0.393555 0.506510 0.393555 0.510417 0.394531 0.513021 0.400391 0.518229 0.408203 0.518229 0.409180 0.519531 0.415039 0.519531 0.416016 0.520833 0.417969 0.519531 0.419922 0.519531 0.420898 0.520833 0.431641 0.520833 0.432617 0.519531 0.436523 0.518229 0.440430 0.511719 0.440430 0.489583 0.439453 0.488281 0.439453 0.483073 0.438477 0.481771 0.438477 0.473958 0.437500 0.471354 0.431641 0.467448 0.426758 0.462240 0.424805 0.462240 0.420898 0.459635 0.414062 0.459635 0.412109 0.457031 0.407227 0.460938 0.405273 0.460938 0.404297 0.462240
0 0.448242 0.462240 0.446289 0.464844 0.446289 0.467448 0.444336 0.471354 0.444336 0.490885 0.445312 0.492188 0.446289 0.497396 0.451172 0.505208 0.452148 0.507812 0.452148 0.511719 0.454102 0.514323 0.458984 0.514323 0.459961 0.515625 0.462891 0.515625 0.463867 0.516927 0.467773 0.516927 0.473633 0.520833 0.476562 0.520833 0.477539 0.519531 0.479492 0.519531 0.491211 0.506510 0.492188 0.503906 0.492188 0.497396 0.491211 0.496094 0.491211 0.492188 0.490234 0.490885 0.489258 0.483073 0.488281 0.481771 0.487305 0.464844 0.486328 0.463542 0.485352 0.458333 0.481445 0.457031 0.480469 0.455729 0.478516 0.455729 0.477539 0.454427 0.475586 0.454427 0.474609 0.453125 0.467773 0.453125 0.466797 0.454427 0.462891 0.454427 0.459961 0.457031 0.458008 0.457031 0.457031 0.458333 0.455078 0.458333 0.454102 0.459635 0.452148 0.459635
0 0.452148 0.515625 0.448242 0.515625 0.447266 0.516927 0.445312 0.516927 0.443359 0.519531 0.437500 0.519531 0.436523 0.520833 0.434570 0.520833 0.432617 0.522135 0.429688 0.529948 0.426758 0.533854 0.426758 0.537760 0.425781 0.539062 0.425781 0.559896 0.426758 0.562500 0.430664 0.567708 0.434570 0.570312 0.445312 0.570312 0.448242 0.567708 0.452148 0.567708 0.453125 0.566406 0.456055 0.566406 0.457031 0.565104 0.459961 0.565104 0.460938 0.563802 0.462891 0.563802 0.463867 0.562500 0.468750 0.561198 0.470703 0.559896 0.470703 0.558594 0.473633 0.554688 0.474609 0.552083 0.474609 0.548177 0.470703 0.544271 0.470703 0.542969 0.468750 0.540365 0.465820 0.532552 0.458984 0.524740 0.458008 0.524740
0 0.485352 0.554688 0.485352 0.557292 0.486328 0.558594 0.485352 0.559896 0.482422 0.559896 0.476562 0.563802 0.466797 0.578125 0.465820 0.580729 0.465820 0.585938 0.468750 0.592448 0.468750 0.596354 0.465820 0.600260 0.464844 0.608073 0.465820 0.610677 0.474609 0.621094 0.477539 0.621094 0.478516 0.622396 0.480469 0.621094 0.487305 0.621094 0.488281 0.622396 0.501953 0.622396 0.502930 0.623698 0.506836 0.623698 0.511719 0.618490 0.511719 0.615885 0.512695 0.614583 0.512695 0.604167 0.514648 0.597656 0.513672 0.589844 0.512695 0.588542 0.512695 0.584635 0.515625 0.582031 0.515625 0.578125 0.502930 0.562500 0.500977 0.561198 0.497070 0.561198 0.496094 0.559896 0.492188 0.559896 0.489258 0.557292 0.487305 0.557292 0.486328 0.554688
0 0.499023 0.497396 0.496094 0.500000 0.496094 0.501302 0.493164 0.505208 0.493164 0.506510 0.483398 0.519531 0.482422 0.523438 0.480469 0.526042 0.480469 0.528646 0.478516 0.533854 0.478516 0.537760 0.480469 0.542969 0.485352 0.549479 0.486328 0.552083 0.488281 0.553385 0.490234 0.553385 0.491211 0.554688 0.495117 0.554688 0.496094 0.555990 0.500977 0.557292 0.503906 0.559896 0.508789 0.559896 0.511719 0.555990 0.512695 0.555990 0.526367 0.537760 0.526367 0.536458 0.528320 0.533854 0.529297 0.531250 0.529297 0.516927 0.528320 0.514323 0.525391 0.510417 0.524414 0.510417 0.522461 0.507812 0.522461 0.506510 0.521484 0.506510 0.519531 0.503906 0.510742 0.501302 0.505859 0.497396
0 0.524414 0.580729 0.520508 0.584635 0.520508 0.587240 0.519531 0.588542 0.519531 0.592448 0.518555 0.593750 0.518555 0.595052 0.517578 0.596354 0.517578 0.598958 0.515625 0.602865 0.515625 0.606771 0.514648 0.608073 0.514648 0.615885 0.515625 0.617188 0.515625 0.621094 0.518555 0.627604 0.519531 0.634115 0.523438 0.638021 0.525391 0.638021 0.526367 0.639323 0.530273 0.639323 0.535156 0.635417 0.539062 0.635417 0.540039 0.634115 0.541992 0.634115 0.543945 0.631510 0.544922 0.631510 0.550781 0.623698 0.551758 0.623698 0.555664 0.618490 0.556641 0.618490 0.556641 0.617188 0.557617 0.615885 0.557617 0.610677 0.556641 0.609375 0.556641 0.606771 0.555664 0.605469 0.554688 0.601562 0.551758 0.597656 0.550781 0.593750 0.548828 0.591146 0.547852 0.591146 0.546875 0.589844 0.546875 0.588542 0.545898 0.588542 0.541016 0.583333 0.537109 0.583333 0.536133 0.582031 0.534180 0.582031 0.533203 0.580729
0 0.544922 0.529948 0.541016 0.533854 0.540039 0.537760 0.536133 0.544271 0.536133 0.561198 0.537109 0.562500 0.538086 0.570312 0.541016 0.576823 0.544922 0.582031 0.545898 0.582031 0.551758 0.588542 0.555664 0.591146 0.560547 0.592448 0.563477 0.595052 0.568359 0.596354 0.574219 0.589844 0.580078 0.585938 0.584961 0.579427 0.588867 0.569010 0.591797 0.565104 0.591797 0.562500 0.592773 0.561198 0.591797 0.553385 0.587891 0.546875 0.584961 0.545573 0.583008 0.542969 0.579102 0.540365 0.573242 0.539062 0.559570 0.529948 0.558594 0.531250 0.554688 0.531250 0.551758 0.528646 0.549805 0.529948
0 0.545898 0.458333 0.538086 0.467448 0.535156 0.473958 0.535156 0.481771 0.536133 0.483073 0.536133 0.486979 0.539062 0.493490 0.541016 0.503906 0.543945 0.511719 0.548828 0.518229 0.550781 0.519531 0.553711 0.519531 0.554688 0.520833 0.559570 0.520833 0.560547 0.522135 0.564453 0.522135 0.565430 0.523438 0.568359 0.523438 0.569336 0.524740 0.575195 0.523438 0.577148 0.520833 0.582031 0.518229 0.583984 0.515625 0.584961 0.510417 0.585938 0.509115 0.585938 0.497396 0.584961 0.496094 0.584961 0.490885 0.583984 0.489583 0.583984 0.485677 0.583008 0.484375 0.582031 0.473958 0.579102 0.464844 0.576172 0.460938 0.573242 0.460938 0.568359 0.457031 0.566406 0.457031 0.562500 0.454427 0.552734 0.454427
0 0.493164 0.391927 0.485352 0.397135 0.482422 0.401042 0.478516 0.411458 0.478516 0.427083 0.479492 0.428385 0.479492 0.430990 0.482422 0.438802 0.489258 0.447917 0.489258 0.449219 0.492188 0.451823 0.494141 0.455729 0.499023 0.457031 0.505859 0.463542 0.512695 0.463542 0.513672 0.462240 0.515625 0.462240 0.522461 0.455729 0.532227 0.450521 0.536133 0.445312 0.536133 0.437500 0.535156 0.436198 0.535156 0.433594 0.531250 0.425781 0.531250 0.420573 0.526367 0.410156 0.518555 0.401042 0.517578 0.395833 0.514648 0.391927 0.512695 0.391927 0.511719 0.390625 0.508789 0.390625 0.507812 0.391927
0 0.541016 0.365885 0.535156 0.371094 0.530273 0.381510 0.530273 0.385417 0.529297 0.386719 0.529297 0.395833 0.528320 0.397135 0.528320 0.403646 0.530273 0.407552 0.531250 0.414062 0.532227 0.416667 0.541992 0.429688 0.542969 0.429688 0.548828 0.436198 0.560547 0.437500 0.563477 0.434896 0.565430 0.434896 0.572266 0.428385 0.575195 0.427083 0.579102 0.421875 0.581055 0.416667 0.581055 0.406250 0.578125 0.401042 0.576172 0.393229 0.574219 0.390625 0.573242 0.386719 0.570312 0.382812 0.569336 0.378906 0.560547 0.365885 0.558594 0.365885 0.557617 0.364583 0.553711 0.364583 0.552734 0.363281
0 0.445312 0.299479 0.442383 0.303385 0.440430 0.308594 0.430664 0.322917 0.428711 0.329427 0.425781 0.333333 0.424805 0.341146 0.432617 0.363281 0.439453 0.373698 0.445312 0.375000 0.446289 0.376302 0.453125 0.376302 0.454102 0.375000 0.458008 0.375000 0.459961 0.372396 0.462891 0.371094 0.465820 0.367188 0.469727 0.364583 0.474609 0.358073 0.477539 0.350260 0.478516 0.343750 0.477539 0.342448 0.477539 0.339844 0.467773 0.325521 0.464844 0.317708 0.461914 0.313802 0.460938 0.309896 0.455078 0.302083 0.451172 0.299479
0 0.397461 0.250000 0.390625 0.257812 0.390625 0.260417 0.389648 0.261719 0.389648 0.264323 0.390625 0.265625 0.390625 0.270833 0.389648 0.272135 0.389648 0.289062 0.394531 0.299479 0.402344 0.308594 0.406250 0.309896 0.407227 0.311198 0.409180 0.311198 0.410156 0.312500 0.413086 0.312500 0.418945 0.316406 0.427734 0.316406 0.434570 0.311198 0.437500 0.304688 0.437500 0.299479 0.438477 0.298177 0.438477 0.295573 0.441406 0.291667 0.441406 0.286458 0.442383 0.285156 0.442383 0.279948 0.441406 0.278646 0.441406 0.272135 0.440430 0.269531 0.428711 0.257812 0.424805 0.256510 0.422852 0.253906 0.418945 0.252604 0.414062 0.248698 0.412109 0.248698 0.408203 0.246094 0.404297 0.246094
0 0.431641 0.186198 0.415039 0.203125 0.409180 0.218750 0.409180 0.222656 0.408203 0.223958 0.408203 0.238281 0.415039 0.243490 0.420898 0.250000 0.423828 0.250000 0.424805 0.251302 0.432617 0.251302 0.433594 0.252604 0.444336 0.252604 0.445312 0.253906 0.451172 0.253906 0.452148 0.255208 0.454102 0.255208 0.460938 0.246094 0.460938 0.244792 0.464844 0.240885 0.464844 0.222656 0.463867 0.220052 0.467773 0.216146 0.468750 0.210938 0.466797 0.208333 0.466797 0.205729 0.463867 0.203125 0.462891 0.199219 0.461914 0.199219 0.458984 0.195312 0.458984 0.194010 0.451172 0.190104 0.443359 0.190104 0.435547 0.184896
0 0.489258 0.240885 0.464844 0.246094 0.460938 0.248698 0.458008 0.252604 0.456055 0.259115 0.454102 0.261719 0.454102 0.264323 0.453125 0.265625 0.453125 0.273438 0.452148 0.274740 0.452148 0.287760 0.454102 0.292969 0.454102 0.296875 0.455078 0.299479 0.458984 0.304688 0.459961 0.304688 0.467773 0.316406 0.472656 0.316406 0.476562 0.313802 0.481445 0.313802 0.482422 0.312500 0.492188 0.312500 0.503906 0.303385 0.506836 0.299479 0.508789 0.294271 0.508789 0.286458 0.509766 0.285156 0.508789 0.272135 0.505859 0.264323 0.496094 0.251302 0.495117 0.247396
0 0.530273 0.250000 0.524414 0.253906 0.516602 0.264323 0.515625 0.269531 0.512695 0.273438 0.512695 0.276042 0.511719 0.277344 0.511719 0.290365 0.510742 0.291667 0.510742 0.296875 0.509766 0.299479 0.511719 0.300781 0.512695 0.304688 0.515625 0.308594 0.516602 0.312500 0.524414 0.321615 0.529297 0.321615 0.530273 0.322917 0.534180 0.322917 0.535156 0.324219 0.541016 0.324219 0.541992 0.322917 0.545898 0.321615 0.557617 0.309896 0.562500 0.299479 0.562500 0.290365 0.557617 0.282552 0.557617 0.281250 0.554688 0.278646 0.551758 0.270833 0.546875 0.268229 0.535156 0.251302 0.533203 0.250000
0 0.570312 0.186198 0.558594 0.186198 0.554688 0.188802 0.550781 0.196615 0.546875 0.199219 0.543945 0.203125 0.541016 0.203125 0.537109 0.210938 0.536133 0.221354 0.532227 0.231771 0.531250 0.236979 0.536133 0.250000 0.539062 0.255208 0.548828 0.266927 0.558594 0.265625 0.559570 0.264323 0.561523 0.265625 0.566406 0.265625 0.568359 0.264323 0.572266 0.259115 0.577148 0.255208 0.586914 0.242188 0.587891 0.242188 0.589844 0.238281 0.589844 0.221354 0.578125 0.192708 0.576172 0.190104
0 0.609375 0.247396 0.605469 0.246094 0.602539 0.243490 0.599609 0.243490 0.598633 0.242188 0.595703 0.242188 0.594727 0.240885 0.589844 0.240885 0.572266 0.263021 0.566406 0.279948 0.566406 0.291667 0.568359 0.294271 0.571289 0.302083 0.574219 0.305990 0.576172 0.307292 0.587891 0.307292 0.588867 0.308594 0.596680 0.308594 0.597656 0.307292 0.599609 0.307292 0.607422 0.295573 0.607422 0.294271 0.611328 0.287760 0.614258 0.279948 0.614258 0.260417
0 0.543945 0.067708 0.539062 0.070312 0.531250 0.078125 0.528320 0.079427 0.524414 0.085938 0.527344 0.089844 0.526367 0.093750 0.524414 0.096354 0.522461 0.096354 0.521484 0.095052 0.521484 0.091146 0.521484 0.095052 0.523438 0.097656 0.523438 0.102865 0.525391 0.106771 0.525391 0.109375 0.527344 0.114583 0.527344 0.119792 0.528320 0.121094 0.529297 0.127604 0.536133 0.135417 0.540039 0.143229 0.546875 0.144531 0.547852 0.143229 0.552734 0.143229 0.555664 0.140625 0.558594 0.140625 0.559570 0.141927 0.562500 0.138021 0.565430 0.130208 0.566406 0.117188 0.567383 0.115885 0.567383 0.106771 0.568359 0.105469 0.568359 0.092448 0.570312 0.085938 0.570312 0.080729 0.564453 0.074219 0.560547 0.071615 0.557617 0.071615 0.552734 0.069010 0.548828 0.069010 0.547852 0.067708
0 0.580078 0.117188 0.578125 0.119792 0.575195 0.121094 0.571289 0.127604 0.568359 0.136719 0.567383 0.148438 0.569336 0.152344 0.569336 0.154948 0.572266 0.160156 0.576172 0.161458 0.577148 0.162760 0.577148 0.165365 0.584961 0.174479 0.585938 0.178385 0.583984 0.180990 0.577148 0.180990 0.573242 0.183594 0.579102 0.187500 0.581055 0.187500 0.582031 0.186198 0.587891 0.186198 0.589844 0.183594 0.596680 0.184896 0.599609 0.187500 0.601562 0.184896 0.603516 0.184896 0.615234 0.167969 0.615234 0.165365 0.618164 0.158854 0.619141 0.151042 0.620117 0.149740 0.620117 0.136719 0.619141 0.135417 0.619141 0.130208 0.617188 0.125000 0.615234 0.122396 0.613281 0.122396 0.612305 0.121094 0.607422 0.121094 0.606445 0.119792 0.594727 0.119792 0.593750 0.118490 0.587891 0.118490 0.586914 0.117188
0 0.643555 0.178385 0.636719 0.177083 0.633789 0.174479 0.625977 0.174479 0.620117 0.178385 0.610352 0.190104 0.610352 0.194010 0.609375 0.195312 0.610352 0.197917 0.610352 0.200521 0.609375 0.201823 0.609375 0.229167 0.610352 0.230469 0.610352 0.238281 0.611328 0.239583 0.611328 0.246094 0.618164 0.251302 0.624023 0.250000 0.627930 0.247396 0.630859 0.247396 0.633789 0.243490 0.637695 0.242188 0.641602 0.238281 0.644531 0.236979 0.653320 0.226562 0.653320 0.221354 0.651367 0.218750 0.650391 0.210938 0.649414 0.209635 0.649414 0.203125 0.648438 0.201823 0.648438 0.196615 0.647461 0.195312 0.647461 0.183594
0 0.696289 0.126302 0.688477 0.127604 0.681641 0.134115 0.673828 0.136719 0.670898 0.140625 0.665039 0.143229 0.665039 0.149740 0.666992 0.152344 0.665039 0.157552 0.665039 0.169271 0.668945 0.177083 0.669922 0.184896 0.668945 0.186198 0.659180 0.184896 0.658203 0.186198 0.658203 0.195312 0.661133 0.200521 0.665039 0.204427 0.665039 0.205729 0.668945 0.208333 0.675781 0.208333 0.676758 0.207031 0.683594 0.205729 0.690430 0.200521 0.706055 0.194010 0.713867 0.188802 0.712891 0.165365 0.708984 0.156250 0.708984 0.151042 0.706055 0.143229 0.706055 0.138021 0.703125 0.131510 0.698242 0.128906
0 0.757812 0.210938 0.752930 0.207031 0.748047 0.205729 0.747070 0.204427 0.747070 0.201823 0.746094 0.204427 0.744141 0.204427 0.743164 0.205729 0.735352 0.205729 0.734375 0.207031 0.730469 0.207031 0.728516 0.210938 0.726562 0.212240 0.724609 0.212240 0.723633 0.213542 0.714844 0.213542 0.712891 0.214844 0.709961 0.220052 0.709961 0.222656 0.708984 0.223958 0.708984 0.230469 0.708008 0.231771 0.708984 0.233073 0.708984 0.239583 0.709961 0.240885 0.709961 0.243490 0.710938 0.246094 0.715820 0.251302 0.724609 0.251302 0.728516 0.248698 0.734375 0.248698 0.735352 0.247396 0.743164 0.247396 0.744141 0.246094 0.748047 0.246094 0.749023 0.244792 0.750977 0.244792 0.754883 0.242188 0.754883 0.239583 0.755859 0.238281 0.755859 0.227865 0.756836 0.226562 0.756836 0.222656 0.757812 0.221354 0.757812 0.217448 0.758789 0.216146 0.758789 0.213542
0 0.797852 0.214844 0.793945 0.212240 0.791992 0.212240 0.791016 0.210938 0.786133 0.210938 0.785156 0.212240 0.778320 0.212240 0.777344 0.213542 0.767578 0.213542 0.766602 0.214844 0.761719 0.214844 0.758789 0.220052 0.758789 0.223958 0.757812 0.225260 0.757812 0.229167 0.756836 0.230469 0.755859 0.248698 0.757812 0.253906 0.757812 0.260417 0.753906 0.263021 0.754883 0.264323 0.754883 0.266927 0.755859 0.268229 0.757812 0.268229 0.759766 0.270833 0.759766 0.272135 0.761719 0.273438 0.765625 0.273438 0.768555 0.270833 0.777344 0.270833 0.778320 0.269531 0.786133 0.266927 0.788086 0.265625 0.792969 0.259115 0.793945 0.259115 0.799805 0.251302 0.799805 0.248698 0.800781 0.247396 0.800781 0.230469 0.801758 0.229167 0.801758 0.226562 0.800781 0.225260 0.800781 0.221354
0 0.703125 0.251302 0.698242 0.256510 0.698242 0.259115 0.697266 0.260417 0.697266 0.263021 0.695312 0.268229 0.695312 0.272135 0.691406 0.282552 0.690430 0.292969 0.688477 0.295573 0.688477 0.302083 0.690430 0.305990 0.694336 0.307292 0.696289 0.309896 0.696289 0.313802 0.697266 0.316406 0.705078 0.317708 0.706055 0.319010 0.709961 0.319010 0.710938 0.320312 0.722656 0.321615 0.726562 0.316406 0.729492 0.308594 0.729492 0.302083 0.730469 0.300781 0.730469 0.294271 0.731445 0.292969 0.731445 0.285156 0.732422 0.283854 0.732422 0.266927 0.730469 0.261719 0.727539 0.257812 0.723633 0.255208 0.713867 0.253906 0.709961 0.251302
0 0.637695 0.257812 0.635742 0.259115 0.628906 0.268229 0.628906 0.269531 0.625000 0.274740 0.625000 0.276042 0.621094 0.282552 0.621094 0.285156 0.620117 0.286458 0.620117 0.299479 0.622070 0.303385 0.622070 0.307292 0.625000 0.311198 0.626953 0.312500 0.629883 0.312500 0.633789 0.316406 0.637695 0.316406 0.641602 0.319010 0.657227 0.319010 0.659180 0.316406 0.662109 0.315104 0.665039 0.311198 0.665039 0.309896 0.670898 0.300781 0.670898 0.299479 0.679688 0.289062 0.679688 0.281250 0.678711 0.279948 0.677734 0.273438 0.672852 0.261719 0.668945 0.259115 0.647461 0.259115 0.646484 0.257812
0 0.566406 0.346354 0.566406 0.348958 0.565430 0.350260 0.565430 0.363281 0.566406 0.365885 0.569336 0.369792 0.570312 0.373698 0.573242 0.377604 0.573242 0.378906 0.579102 0.386719 0.579102 0.388021 0.585938 0.394531 0.594727 0.394531 0.595703 0.393229 0.603516 0.390625 0.611328 0.384115 0.614258 0.384115 0.618164 0.381510 0.623047 0.376302 0.623047 0.373698 0.625000 0.368490 0.625000 0.365885 0.622070 0.356771 0.623047 0.354167 0.623047 0.350260 0.621094 0.346354 0.619141 0.345052 0.611328 0.333333 0.607422 0.330729 0.605469 0.330729 0.604492 0.329427 0.598633 0.329427 0.597656 0.328125 0.586914 0.328125 0.585938 0.329427 0.580078 0.330729 0.576172 0.333333 0.572266 0.338542 0.571289 0.338542 0.571289 0.339844
0 0.497070 0.313802 0.493164 0.316406 0.489258 0.321615 0.485352 0.332031 0.485352 0.339844 0.484375 0.341146 0.484375 0.351562 0.485352 0.352865 0.486328 0.360677 0.493164 0.368490 0.498047 0.371094 0.501953 0.375000 0.513672 0.375000 0.514648 0.373698 0.516602 0.373698 0.520508 0.371094 0.522461 0.368490 0.523438 0.368490 0.530273 0.359375 0.534180 0.348958 0.534180 0.333333 0.532227 0.330729 0.523438 0.325521 0.521484 0.322917 0.516602 0.320312 0.513672 0.316406 0.509766 0.313802 0.507812 0.313802 0.506836 0.312500 0.501953 0.312500 0.500977 0.313802
0 0.598633 0.395833 0.593750 0.402344 0.591797 0.407552 0.591797 0.410156 0.590820 0.411458 0.590820 0.415365 0.589844 0.416667 0.589844 0.433594 0.590820 0.434896 0.590820 0.440104 0.592773 0.442708 0.593750 0.442708 0.595703 0.445312 0.599609 0.447917 0.602539 0.447917 0.603516 0.449219 0.608398 0.449219 0.609375 0.450521 0.612305 0.450521 0.616211 0.453125 0.622070 0.453125 0.635742 0.433594 0.636719 0.430990 0.636719 0.428385 0.637695 0.427083 0.637695 0.421875 0.638672 0.420573 0.638672 0.411458 0.637695 0.410156 0.637695 0.406250 0.636719 0.403646 0.631836 0.397135 0.629883 0.395833 0.626953 0.395833 0.625977 0.394531 0.618164 0.394531 0.617188 0.393229 0.604492 0.393229 0.603516 0.394531 0.600586 0.394531
0 0.689453 0.338542 0.682617 0.334635 0.675781 0.334635 0.674805 0.335938 0.667969 0.337240 0.663086 0.345052 0.662109 0.350260 0.658203 0.355469 0.657227 0.355469 0.652344 0.363281 0.649414 0.364583 0.645508 0.369792 0.644531 0.369792 0.643555 0.376302 0.642578 0.377604 0.643555 0.390625 0.648438 0.403646 0.650391 0.412760 0.654297 0.416667 0.660156 0.417969 0.661133 0.419271 0.667969 0.419271 0.670898 0.416667 0.677734 0.414062 0.686523 0.406250 0.698242 0.388021 0.698242 0.365885 0.697266 0.364583 0.696289 0.356771
0 0.704102 0.416667 0.702148 0.414062 0.701172 0.414062 0.698242 0.411458 0.695312 0.411458 0.694336 0.410156 0.690430 0.410156 0.689453 0.408854 0.687500 0.408854 0.686523 0.410156 0.684570 0.410156 0.682617 0.412760 0.681641 0.412760 0.674805 0.417969 0.669922 0.419271 0.666992 0.421875 0.661133 0.421875 0.660156 0.423177 0.659180 0.429688 0.660156 0.430990 0.660156 0.440104 0.662109 0.444010 0.662109 0.449219 0.663086 0.450521 0.663086 0.451823 0.664062 0.451823 0.666992 0.454427 0.668945 0.454427 0.669922 0.455729 0.675781 0.455729 0.676758 0.454427 0.689453 0.454427 0.690430 0.453125 0.691406 0.453125 0.700195 0.440104 0.700195 0.438802 0.703125 0.433594 0.703125 0.429688 0.704102 0.428385
0 0.690430 0.335938 0.691406 0.338542 0.691406 0.342448 0.693359 0.347656 0.696289 0.351562 0.696289 0.354167 0.698242 0.359375 0.698242 0.364583 0.699219 0.365885 0.699219 0.376302 0.700195 0.377604 0.700195 0.388021 0.694336 0.397135 0.694336 0.398438 0.695312 0.399740 0.708984 0.399740 0.709961 0.398438 0.714844 0.398438 0.715820 0.397135 0.719727 0.397135 0.720703 0.395833 0.728516 0.395833 0.730469 0.394531 0.734375 0.388021 0.735352 0.381510 0.738281 0.375000 0.738281 0.369792 0.734375 0.364583 0.726562 0.346354 0.724609 0.343750 0.722656 0.343750 0.718750 0.339844 0.715820 0.338542 0.713867 0.335938 0.709961 0.334635 0.708984 0.333333 0.705078 0.333333 0.704102 0.332031 0.702148 0.332031 0.701172 0.333333 0.696289 0.333333 0.695312 0.334635
0 0.740234 0.375000 0.737305 0.380208 0.734375 0.390625 0.730469 0.395833 0.728516 0.397135 0.723633 0.397135 0.722656 0.398438 0.718750 0.398438 0.715820 0.402344 0.713867 0.407552 0.713867 0.411458 0.712891 0.412760 0.712891 0.419271 0.714844 0.421875 0.722656 0.427083 0.724609 0.427083 0.731445 0.432292 0.734375 0.432292 0.735352 0.433594 0.739258 0.433594 0.740234 0.434896 0.747070 0.434896 0.750977 0.430990 0.751953 0.430990 0.757812 0.423177 0.757812 0.421875 0.759766 0.419271 0.759766 0.406250 0.760742 0.404948 0.760742 0.399740 0.761719 0.397135 0.760742 0.395833 0.760742 0.393229 0.759766 0.390625 0.747070 0.375000
0 0.735352 0.298177 0.733398 0.303385 0.731445 0.305990 0.726562 0.321615 0.722656 0.326823 0.718750 0.335938 0.721680 0.339844 0.724609 0.341146 0.729492 0.347656 0.731445 0.352865 0.737305 0.360677 0.748047 0.367188 0.749023 0.365885 0.750977 0.365885 0.752930 0.363281 0.752930 0.361979 0.760742 0.351562 0.764648 0.341146 0.764648 0.338542 0.767578 0.332031 0.767578 0.329427 0.768555 0.328125 0.767578 0.315104 0.762695 0.305990 0.762695 0.304688 0.755859 0.299479 0.752930 0.299479 0.751953 0.298177
0 0.803711 0.325521 0.801758 0.324219 0.793945 0.324219 0.792969 0.325521 0.791016 0.325521 0.787109 0.328125 0.777344 0.328125 0.776367 0.329427 0.773438 0.329427 0.769531 0.333333 0.768555 0.338542 0.763672 0.347656 0.762695 0.352865 0.761719 0.354167 0.761719 0.360677 0.762695 0.361979 0.762695 0.365885 0.763672 0.367188 0.764648 0.377604 0.765625 0.378906 0.765625 0.381510 0.769531 0.388021 0.771484 0.388021 0.772461 0.389323 0.786133 0.389323 0.787109 0.388021 0.789062 0.388021 0.790039 0.386719 0.791992 0.386719 0.794922 0.384115 0.798828 0.382812 0.799805 0.380208 0.803711 0.375000 0.804688 0.371094 0.806641 0.368490 0.806641 0.365885 0.808594 0.361979 0.808594 0.358073 0.809570 0.356771 0.809570 0.347656 0.808594 0.346354 0.808594 0.342448 0.807617 0.341146 0.807617 0.338542 0.806641 0.337240 0.806641 0.334635 0.804688 0.330729
0 0.792969 0.266927 0.792969 0.268229 0.791016 0.270833 0.791016 0.273438 0.790039 0.274740 0.790039 0.278646 0.791016 0.279948 0.791016 0.283854 0.791992 0.285156 0.791016 0.294271 0.791992 0.295573 0.791992 0.299479 0.792969 0.300781 0.792969 0.304688 0.793945 0.305990 0.793945 0.311198 0.795898 0.316406 0.799805 0.320312 0.802734 0.320312 0.805664 0.322917 0.808594 0.322917 0.809570 0.324219 0.814453 0.324219 0.815430 0.322917 0.823242 0.322917 0.824219 0.324219 0.826172 0.324219 0.828125 0.322917 0.832031 0.316406 0.832031 0.303385 0.830078 0.298177 0.830078 0.292969 0.829102 0.291667 0.829102 0.289062 0.826172 0.281250 0.826172 0.277344 0.823242 0.269531 0.821289 0.266927 0.819336 0.266927 0.818359 0.265625 0.814453 0.265625 0.813477 0.264323 0.808594 0.264323 0.807617 0.263021 0.804688 0.263021 0.803711 0.264323 0.799805 0.264323 0.798828 0.263021
0 0.814453 0.332031 0.812500 0.333333 0.811523 0.337240 0.809570 0.339844 0.810547 0.342448 0.810547 0.346354 0.811523 0.347656 0.811523 0.355469 0.810547 0.356771 0.810547 0.361979 0.809570 0.363281 0.809570 0.372396 0.807617 0.378906 0.805664 0.381510 0.806641 0.385417 0.810547 0.388021 0.811523 0.390625 0.816406 0.394531 0.822266 0.395833 0.823242 0.397135 0.832031 0.397135 0.833008 0.395833 0.836914 0.395833 0.842773 0.391927 0.857422 0.373698 0.857422 0.365885 0.860352 0.358073 0.860352 0.345052 0.851562 0.334635 0.846680 0.332031 0.843750 0.332031 0.842773 0.330729 0.830078 0.330729 0.829102 0.329427 0.827148 0.329427 0.826172 0.330729 0.819336 0.330729 0.818359 0.332031
0 0.847656 0.398438 0.843750 0.403646 0.843750 0.406250 0.841797 0.407552 0.841797 0.410156 0.840820 0.411458 0.840820 0.414062 0.842773 0.417969 0.842773 0.425781 0.843750 0.427083 0.843750 0.436198 0.844727 0.437500 0.844727 0.447917 0.843750 0.449219 0.845703 0.451823 0.845703 0.454427 0.847656 0.457031 0.851562 0.459635 0.853516 0.459635 0.854492 0.460938 0.866211 0.460938 0.867188 0.459635 0.869141 0.459635 0.870117 0.458333 0.872070 0.458333 0.875977 0.455729 0.881836 0.446615 0.882812 0.441406 0.883789 0.440104 0.883789 0.419271 0.882812 0.417969 0.881836 0.412760 0.878906 0.408854 0.875000 0.406250 0.869141 0.399740 0.867188 0.399740 0.863281 0.397135 0.857422 0.397135 0.856445 0.395833 0.852539 0.395833 0.851562 0.397135
0 0.800781 0.394531 0.796875 0.394531 0.795898 0.395833 0.793945 0.395833 0.787109 0.399740 0.785156 0.399740 0.784180 0.398438 0.774414 0.398438 0.772461 0.401042 0.770508 0.401042 0.766602 0.403646 0.763672 0.411458 0.763672 0.416667 0.762695 0.419271 0.764648 0.423177 0.763672 0.430990 0.764648 0.432292 0.764648 0.434896 0.767578 0.444010 0.770508 0.444010 0.774414 0.449219 0.779297 0.451823 0.781250 0.454427 0.785156 0.457031 0.789062 0.457031 0.790039 0.458333 0.802734 0.455729 0.804688 0.453125 0.809570 0.450521 0.814453 0.445312 0.817383 0.437500 0.817383 0.423177 0.811523 0.410156
0 0.704102 0.449219 0.702148 0.454427 0.699219 0.458333 0.697266 0.463542 0.696289 0.470052 0.695312 0.471354 0.696289 0.472656 0.696289 0.476562 0.697266 0.477865 0.698242 0.484375 0.701172 0.488281 0.703125 0.488281 0.707031 0.490885 0.708984 0.493490 0.710938 0.493490 0.717773 0.498698 0.719727 0.498698 0.720703 0.500000 0.726562 0.500000 0.727539 0.501302 0.733398 0.501302 0.735352 0.498698 0.735352 0.492188 0.736328 0.490885 0.736328 0.488281 0.739258 0.480469 0.739258 0.458333 0.738281 0.455729 0.735352 0.451823 0.734375 0.451823 0.733398 0.454427 0.733398 0.457031 0.732422 0.458333 0.728516 0.458333 0.727539 0.457031 0.725586 0.457031 0.723633 0.455729 0.721680 0.453125 0.715820 0.449219 0.711914 0.449219 0.710938 0.447917 0.706055 0.447917
0 0.765625 0.454427 0.762695 0.459635 0.762695 0.466146 0.760742 0.471354 0.760742 0.475260 0.757812 0.481771 0.757812 0.497396 0.758789 0.498698 0.757812 0.507812 0.759766 0.510417 0.763672 0.513021 0.766602 0.513021 0.767578 0.514323 0.769531 0.514323 0.770508 0.515625 0.773438 0.515625 0.774414 0.516927 0.783203 0.516927 0.785156 0.519531 0.787109 0.519531 0.788086 0.520833 0.791016 0.520833 0.793945 0.516927 0.795898 0.510417 0.797852 0.507812 0.797852 0.494792 0.796875 0.493490 0.796875 0.488281 0.795898 0.486979 0.795898 0.483073 0.794922 0.481771 0.794922 0.473958 0.793945 0.472656 0.793945 0.467448 0.792969 0.464844 0.788086 0.459635 0.785156 0.459635 0.784180 0.458333 0.780273 0.458333 0.779297 0.457031 0.774414 0.457031 0.772461 0.454427
0 0.661133 0.471354 0.661133 0.472656 0.658203 0.476562 0.657227 0.485677 0.658203 0.486979 0.659180 0.481771 0.661133 0.479167 0.663086 0.479167 0.664062 0.480469 0.664062 0.488281 0.663086 0.489583 0.663086 0.492188 0.660156 0.494792 0.660156 0.501302 0.658203 0.503906 0.657227 0.509115 0.658203 0.510417 0.658203 0.513021 0.659180 0.513021 0.662109 0.516927 0.664062 0.524740 0.666992 0.528646 0.677734 0.528646 0.682617 0.531250 0.686523 0.531250 0.687500 0.529948 0.695312 0.528646 0.703125 0.520833 0.704102 0.518229 0.704102 0.507812 0.703125 0.506510 0.701172 0.496094 0.699219 0.492188 0.699219 0.489583 0.697266 0.485677 0.696289 0.479167 0.693359 0.472656 0.686523 0.468750 0.685547 0.466146 0.683594 0.466146 0.682617 0.464844 0.677734 0.464844 0.669922 0.470052 0.663086 0.470052
0 0.712891 0.502604 0.711914 0.503906 0.707031 0.506510 0.707031 0.507812 0.706055 0.509115 0.706055 0.518229 0.704102 0.520833 0.704102 0.522135 0.703125 0.523438 0.702148 0.523438 0.699219 0.527344 0.699219 0.539062 0.700195 0.540365 0.700195 0.541667 0.712891 0.558594 0.713867 0.562500 0.714844 0.562500 0.715820 0.563802 0.721680 0.563802 0.722656 0.562500 0.725586 0.561198 0.736328 0.545573 0.736328 0.544271 0.739258 0.539062 0.739258 0.536458 0.741211 0.532552 0.741211 0.529948 0.742188 0.528646 0.742188 0.523438 0.740234 0.519531 0.740234 0.516927 0.736328 0.511719 0.733398 0.510417 0.731445 0.507812 0.727539 0.507812 0.726562 0.506510 0.723633 0.506510 0.722656 0.505208 0.720703 0.505208 0.719727 0.503906 0.713867 0.503906
0 0.601562 0.459635 0.599609 0.462240 0.595703 0.463542 0.589844 0.470052 0.589844 0.479167 0.588867 0.480469 0.587891 0.486979 0.589844 0.492188 0.589844 0.510417 0.591797 0.515625 0.593750 0.518229 0.604492 0.524740 0.609375 0.529948 0.615234 0.529948 0.638672 0.514323 0.641602 0.509115 0.641602 0.505208 0.642578 0.503906 0.642578 0.496094 0.641602 0.494792 0.641602 0.489583 0.636719 0.479167 0.629883 0.470052 0.628906 0.470052 0.626953 0.467448 0.625000 0.467448 0.623047 0.464844 0.621094 0.464844 0.616211 0.459635 0.613281 0.459635 0.612305 0.458333 0.610352 0.458333 0.609375 0.459635
0 0.648438 0.540365 0.647461 0.541667 0.645508 0.541667 0.638672 0.552083 0.635742 0.553385 0.628906 0.563802 0.625977 0.565104 0.623047 0.569010 0.624023 0.571615 0.624023 0.579427 0.625977 0.583333 0.626953 0.588542 0.634766 0.598958 0.640625 0.602865 0.642578 0.602865 0.643555 0.604167 0.647461 0.604167 0.651367 0.606771 0.656250 0.606771 0.660156 0.601562 0.663086 0.593750 0.666016 0.589844 0.667969 0.583333 0.670898 0.579427 0.672852 0.572917 0.675781 0.567708 0.675781 0.561198 0.672852 0.555990 0.672852 0.554688 0.667969 0.548177 0.660156 0.542969 0.658203 0.542969 0.654297 0.540365
0 0.687500 0.541667 0.685547 0.542969 0.685547 0.545573 0.689453 0.549479 0.686523 0.552083 0.685547 0.554688 0.685547 0.558594 0.680664 0.563802 0.675781 0.576823 0.669922 0.584635 0.667969 0.589844 0.667969 0.592448 0.669922 0.597656 0.678711 0.611979 0.684570 0.615885 0.687500 0.615885 0.688477 0.617188 0.693359 0.617188 0.694336 0.615885 0.696289 0.615885 0.703125 0.606771 0.707031 0.604167 0.709961 0.600260 0.709961 0.598958 0.712891 0.596354 0.713867 0.592448 0.716797 0.587240 0.716797 0.580729 0.715820 0.579427 0.715820 0.572917 0.714844 0.571615 0.713867 0.565104 0.711914 0.562500 0.710938 0.558594 0.708008 0.554688 0.705078 0.553385 0.702148 0.549479 0.697266 0.546875 0.694336 0.542969 0.692383 0.541667
0 0.595703 0.571615 0.594727 0.572917 0.591797 0.572917 0.588867 0.576823 0.587891 0.576823 0.586914 0.579427 0.581055 0.587240 0.580078 0.587240 0.576172 0.591146 0.576172 0.595052 0.577148 0.597656 0.580078 0.601562 0.580078 0.602865 0.583984 0.608073 0.587891 0.618490 0.592773 0.626302 0.592773 0.627604 0.594727 0.630208 0.596680 0.630208 0.597656 0.631510 0.601562 0.631510 0.605469 0.628906 0.609375 0.628906 0.611328 0.627604 0.621094 0.615885 0.621094 0.613281 0.623047 0.608073 0.623047 0.602865 0.624023 0.601562 0.624023 0.589844 0.623047 0.588542 0.623047 0.585938 0.622070 0.583333 0.617188 0.576823 0.613281 0.574219 0.609375 0.574219 0.608398 0.572917 0.603516 0.572917 0.602539 0.571615
0 0.629883 0.596354 0.628906 0.597656 0.627930 0.597656 0.625977 0.600260 0.625977 0.606771 0.625000 0.608073 0.624023 0.611979 0.622070 0.614583 0.621094 0.618490 0.618164 0.622396 0.620117 0.626302 0.620117 0.631510 0.623047 0.635417 0.624023 0.635417 0.625000 0.636719 0.627930 0.636719 0.628906 0.638021 0.638672 0.638021 0.639648 0.636719 0.641602 0.636719 0.642578 0.635417 0.643555 0.635417 0.648438 0.630208 0.648438 0.628906 0.649414 0.627604 0.649414 0.615885 0.654297 0.611979 0.653320 0.610677 0.650391 0.609375 0.648438 0.606771 0.646484 0.606771 0.645508 0.605469 0.642578 0.605469 0.641602 0.604167 0.637695 0.604167 0.635742 0.601562 0.632812 0.600260
0 0.750977 0.592448 0.750000 0.596354 0.751953 0.598958 0.753906 0.598958 0.754883 0.600260 0.751953 0.602865 0.744141 0.602865 0.740234 0.598958 0.738281 0.600260 0.735352 0.600260 0.731445 0.606771 0.730469 0.610677 0.728516 0.613281 0.725586 0.621094 0.725586 0.627604 0.723633 0.630208 0.721680 0.630208 0.720703 0.631510 0.720703 0.635417 0.724609 0.640625 0.724609 0.641927 0.729492 0.645833 0.732422 0.652344 0.735352 0.654948 0.739258 0.654948 0.740234 0.653646 0.743164 0.653646 0.749023 0.649740 0.751953 0.649740 0.752930 0.648438 0.758789 0.647135 0.760742 0.645833 0.766602 0.638021 0.766602 0.635417 0.767578 0.634115 0.767578 0.626302 0.769531 0.621094 0.769531 0.615885 0.768555 0.614583 0.768555 0.611979 0.762695 0.602865 0.759766 0.602865 0.757812 0.601562 0.755859 0.598958 0.755859 0.596354
0 0.776367 0.532552 0.761719 0.532552 0.760742 0.533854 0.758789 0.533854 0.755859 0.539062 0.751953 0.540365 0.750000 0.545573 0.750000 0.576823 0.750977 0.578125 0.750977 0.580729 0.753906 0.584635 0.753906 0.585938 0.756836 0.589844 0.756836 0.591146 0.760742 0.596354 0.761719 0.596354 0.766602 0.601562 0.770508 0.600260 0.771484 0.598958 0.773438 0.598958 0.774414 0.597656 0.776367 0.597656 0.777344 0.596354 0.779297 0.596354 0.783203 0.592448 0.784180 0.592448 0.789062 0.585938 0.790039 0.585938 0.791016 0.582031 0.792969 0.579427 0.792969 0.576823 0.794922 0.571615 0.794922 0.565104 0.795898 0.563802 0.795898 0.559896 0.791016 0.550781 0.791016 0.548177 0.789062 0.545573 0.789062 0.544271 0.782227 0.535156 0.780273 0.533854 0.777344 0.533854
0 0.849609 0.518229 0.843750 0.518229 0.842773 0.516927 0.839844 0.516927 0.835938 0.519531 0.833008 0.523438 0.828125 0.526042 0.823242 0.539062 0.820312 0.542969 0.820312 0.548177 0.818359 0.553385 0.818359 0.559896 0.815430 0.563802 0.813477 0.563802 0.814453 0.565104 0.816406 0.565104 0.820312 0.571615 0.823242 0.572917 0.825195 0.575521 0.827148 0.575521 0.831055 0.578125 0.833984 0.578125 0.834961 0.579427 0.844727 0.579427 0.848633 0.576823 0.852539 0.570312 0.852539 0.567708 0.853516 0.566406 0.853516 0.562500 0.855469 0.558594 0.855469 0.554688 0.856445 0.553385 0.857422 0.541667 0.858398 0.540365 0.858398 0.537760 0.860352 0.532552 0.860352 0.527344 0.857422 0.523438
0 0.865234 0.463542 0.863281 0.463542 0.862305 0.464844 0.859375 0.466146 0.856445 0.470052 0.856445 0.471354 0.854492 0.473958 0.854492 0.475260 0.851562 0.479167 0.851562 0.480469 0.848633 0.485677 0.848633 0.486979 0.842773 0.494792 0.842773 0.496094 0.841797 0.497396 0.841797 0.500000 0.840820 0.501302 0.840820 0.509115 0.842773 0.511719 0.843750 0.511719 0.845703 0.514323 0.846680 0.514323 0.851562 0.518229 0.853516 0.518229 0.860352 0.523438 0.866211 0.523438 0.867188 0.522135 0.869141 0.522135 0.872070 0.518229 0.873047 0.518229 0.873047 0.516927 0.875000 0.514323 0.875000 0.513021 0.881836 0.503906 0.882812 0.503906 0.883789 0.502604 0.883789 0.500000 0.884766 0.498698 0.884766 0.485677 0.883789 0.484375 0.883789 0.481771 0.882812 0.480469 0.882812 0.479167 0.880859 0.476562 0.880859 0.473958 0.879883 0.472656 0.879883 0.471354 0.878906 0.471354 0.877930 0.470052 0.875977 0.470052 0.875000 0.468750 0.873047 0.468750 0.872070 0.467448 0.870117 0.467448
0 0.865234 0.531250 0.859375 0.540365 0.858398 0.554688 0.857422 0.555990 0.858398 0.582031 0.859375 0.583333 0.859375 0.587240 0.860352 0.589844 0.865234 0.595052 0.875000 0.596354 0.879883 0.600260 0.882812 0.600260 0.883789 0.601562 0.892578 0.600260 0.898438 0.595052 0.904297 0.593750 0.907227 0.589844 0.907227 0.587240 0.909180 0.582031 0.909180 0.576823 0.910156 0.575521 0.910156 0.558594 0.909180 0.557292 0.909180 0.553385 0.907227 0.546875 0.904297 0.542969 0.902344 0.542969 0.901367 0.541667 0.894531 0.541667 0.886719 0.535156 0.882812 0.535156 0.875000 0.529948 0.868164 0.529948 0.867188 0.531250
0 0.825195 0.579427 0.818359 0.583333 0.813477 0.591146 0.815430 0.596354 0.813477 0.600260 0.813477 0.602865 0.811523 0.605469 0.811523 0.608073 0.812500 0.609375 0.812500 0.614583 0.811523 0.615885 0.812500 0.618490 0.812500 0.623698 0.815430 0.627604 0.816406 0.631510 0.820312 0.636719 0.822266 0.643229 0.824219 0.645833 0.832031 0.651042 0.836914 0.651042 0.845703 0.645833 0.850586 0.640625 0.853516 0.639323 0.865234 0.625000 0.866211 0.617188 0.865234 0.615885 0.865234 0.613281 0.864258 0.611979 0.864258 0.606771 0.862305 0.602865 0.861328 0.597656 0.855469 0.589844 0.845703 0.582031 0.838867 0.582031 0.837891 0.583333 0.836914 0.582031 0.829102 0.582031
0 0.820312 0.645833 0.816406 0.641927 0.814453 0.635417 0.806641 0.626302 0.799805 0.626302 0.798828 0.625000 0.797852 0.626302 0.795898 0.626302 0.795898 0.627604 0.797852 0.627604 0.802734 0.631510 0.798828 0.635417 0.792969 0.635417 0.790039 0.638021 0.787109 0.638021 0.786133 0.639323 0.779297 0.638021 0.775391 0.631510 0.771484 0.632812 0.765625 0.644531 0.765625 0.649740 0.767578 0.656250 0.767578 0.669271 0.768555 0.670573 0.768555 0.673177 0.771484 0.679688 0.774414 0.682292 0.788086 0.683594 0.795898 0.687500 0.801758 0.687500 0.804688 0.684896 0.809570 0.683594 0.815430 0.677083 0.820312 0.666667 0.820312 0.658854 0.821289 0.657552 0.821289 0.648438
0 0.776367 0.684896 0.775391 0.686198 0.774414 0.686198 0.772461 0.688802 0.772461 0.690104 0.773438 0.691406 0.773438 0.700521 0.769531 0.709635 0.769531 0.721354 0.771484 0.725260 0.771484 0.727865 0.772461 0.729167 0.772461 0.731771 0.775391 0.735677 0.777344 0.735677 0.778320 0.736979 0.786133 0.736979 0.787109 0.735677 0.789062 0.735677 0.790039 0.734375 0.794922 0.731771 0.799805 0.725260 0.799805 0.723958 0.800781 0.722656 0.800781 0.708333 0.799805 0.707031 0.799805 0.704427 0.797852 0.700521 0.797852 0.695312 0.792969 0.688802 0.791992 0.688802 0.790039 0.686198 0.788086 0.686198 0.787109 0.684896
0 0.805664 0.735677 0.798828 0.735677 0.797852 0.736979 0.792969 0.738281 0.789062 0.740885 0.787109 0.743490 0.787109 0.744792 0.785156 0.746094 0.778320 0.755208 0.775391 0.755208 0.774414 0.756510 0.774414 0.759115 0.771484 0.766927 0.773438 0.769531 0.773438 0.772135 0.777344 0.778646 0.777344 0.779948 0.782227 0.786458 0.782227 0.787760 0.787109 0.792969 0.792969 0.792969 0.793945 0.791667 0.803711 0.791667 0.804688 0.790365 0.807617 0.790365 0.810547 0.787760 0.812500 0.787760 0.818359 0.783854 0.822266 0.778646 0.823242 0.778646 0.823242 0.773438 0.816406 0.763021 0.816406 0.761719 0.814453 0.759115 0.814453 0.757812 0.812500 0.755208 0.810547 0.750000 0.807617 0.746094 0.807617 0.739583
0 0.746094 0.662760 0.744141 0.664062 0.739258 0.670573 0.738281 0.673177 0.738281 0.680990 0.739258 0.682292 0.739258 0.687500 0.737305 0.691406 0.737305 0.694010 0.735352 0.696615 0.732422 0.704427 0.725586 0.712240 0.724609 0.716146 0.734375 0.729167 0.736328 0.729167 0.737305 0.730469 0.741211 0.730469 0.742188 0.731771 0.751953 0.731771 0.755859 0.729167 0.758789 0.729167 0.763672 0.722656 0.764648 0.718750 0.767578 0.713542 0.767578 0.709635 0.772461 0.700521 0.772461 0.694010 0.768555 0.684896 0.764648 0.679688 0.763672 0.675781 0.758789 0.669271 0.757812 0.669271 0.753906 0.665365 0.750977 0.665365 0.748047 0.662760
0 0.759766 0.733073 0.739258 0.733073 0.738281 0.731771 0.729492 0.733073 0.727539 0.734375 0.722656 0.740885 0.720703 0.746094 0.720703 0.748698 0.719727 0.750000 0.719727 0.757812 0.720703 0.759115 0.720703 0.764323 0.723633 0.768229 0.724609 0.772135 0.727539 0.777344 0.733398 0.781250 0.738281 0.781250 0.740234 0.783854 0.739258 0.785156 0.739258 0.789062 0.740234 0.789062 0.742188 0.786458 0.746094 0.783854 0.748047 0.783854 0.752930 0.778646 0.754883 0.778646 0.761719 0.770833 0.761719 0.768229 0.762695 0.766927 0.761719 0.765625 0.761719 0.763021 0.765625 0.753906 0.765625 0.750000 0.766602 0.748698 0.766602 0.742188 0.765625 0.739583
0 0.732422 0.654948 0.724609 0.649740 0.722656 0.649740 0.718750 0.652344 0.703125 0.652344 0.702148 0.653646 0.695312 0.653646 0.692383 0.656250 0.689453 0.665365 0.685547 0.670573 0.685547 0.677083 0.687500 0.682292 0.693359 0.690104 0.694336 0.692708 0.694336 0.695312 0.701172 0.703125 0.715820 0.703125 0.716797 0.701823 0.721680 0.700521 0.727539 0.696615 0.729492 0.694010 0.730469 0.694010 0.730469 0.692708 0.732422 0.690104 0.732422 0.684896 0.733398 0.683594 0.733398 0.679688 0.735352 0.674479 0.735352 0.661458 0.734375 0.660156 0.734375 0.657552
0 0.688477 0.686198 0.676758 0.686198 0.674805 0.688802 0.675781 0.695312 0.671875 0.699219 0.671875 0.701823 0.670898 0.703125 0.669922 0.708333 0.662109 0.717448 0.657227 0.718750 0.654297 0.722656 0.653320 0.722656 0.648438 0.730469 0.653320 0.734375 0.654297 0.736979 0.656250 0.738281 0.661133 0.744792 0.666992 0.746094 0.671875 0.751302 0.675781 0.751302 0.676758 0.752604 0.677734 0.751302 0.679688 0.751302 0.681641 0.746094 0.686523 0.744792 0.689453 0.739583 0.690430 0.740885 0.695312 0.740885 0.696289 0.739583 0.696289 0.730469 0.697266 0.729167 0.697266 0.723958 0.698242 0.722656 0.698242 0.717448 0.697266 0.716146 0.697266 0.712240 0.696289 0.710938 0.697266 0.708333 0.697266 0.704427 0.695312 0.704427 0.694336 0.703125 0.694336 0.700521
0 0.712891 0.708333 0.707031 0.708333 0.700195 0.717448 0.700195 0.718750 0.699219 0.720052 0.699219 0.723958 0.698242 0.725260 0.698242 0.729167 0.697266 0.730469 0.697266 0.739583 0.695312 0.742188 0.692383 0.742188 0.691406 0.743490 0.689453 0.743490 0.687500 0.746094 0.684570 0.747396 0.682617 0.751302 0.684570 0.753906 0.684570 0.755208 0.685547 0.755208 0.690430 0.761719 0.691406 0.761719 0.693359 0.764323 0.694336 0.764323 0.699219 0.768229 0.701172 0.768229 0.702148 0.769531 0.705078 0.769531 0.712891 0.759115 0.714844 0.752604 0.718750 0.748698 0.718750 0.747396 0.719727 0.746094 0.720703 0.742188 0.722656 0.739583 0.722656 0.738281 0.727539 0.731771 0.727539 0.725260 0.726562 0.723958 0.726562 0.722656 0.724609 0.720052 0.723633 0.720052 0.719727 0.714844 0.719727 0.713542 0.718750 0.713542 0.715820 0.709635 0.713867 0.709635
0 0.613281 0.726562 0.613281 0.730469 0.610352 0.734375 0.609375 0.742188 0.607422 0.744792 0.607422 0.747396 0.606445 0.748698 0.607422 0.757812 0.615234 0.769531 0.618164 0.779948 0.624023 0.786458 0.625977 0.786458 0.626953 0.787760 0.631836 0.787760 0.632812 0.786458 0.637695 0.786458 0.639648 0.785156 0.645508 0.776042 0.645508 0.774740 0.650391 0.766927 0.650391 0.765625 0.654297 0.759115 0.655273 0.755208 0.657227 0.752604 0.657227 0.750000 0.658203 0.748698 0.657227 0.743490 0.650391 0.735677 0.646484 0.733073 0.644531 0.733073 0.641602 0.730469 0.636719 0.730469 0.630859 0.726562 0.628906 0.727865 0.625977 0.727865 0.623047 0.723958 0.618164 0.723958 0.617188 0.725260
0 0.573242 0.695312 0.573242 0.696615 0.570312 0.700521 0.570312 0.701823 0.569336 0.703125 0.569336 0.709635 0.570312 0.710938 0.570312 0.712240 0.574219 0.716146 0.577148 0.717448 0.582031 0.722656 0.584961 0.723958 0.592773 0.731771 0.593750 0.731771 0.596680 0.734375 0.599609 0.734375 0.602539 0.731771 0.604492 0.731771 0.612305 0.721354 0.613281 0.721354 0.615234 0.717448 0.615234 0.703125 0.614258 0.701823 0.614258 0.700521 0.613281 0.701823 0.613281 0.703125 0.611328 0.705729 0.610352 0.705729 0.608398 0.703125 0.606445 0.703125 0.604492 0.700521 0.603516 0.700521 0.600586 0.696615 0.598633 0.696615 0.595703 0.692708 0.594727 0.692708 0.589844 0.687500 0.587891 0.687500 0.586914 0.686198 0.585938 0.687500 0.581055 0.687500 0.577148 0.691406 0.576172 0.691406
0 0.541016 0.658854 0.539062 0.662760 0.539062 0.666667 0.538086 0.667969 0.538086 0.670573 0.535156 0.674479 0.533203 0.679688 0.528320 0.686198 0.528320 0.690104 0.530273 0.695312 0.534180 0.701823 0.535156 0.705729 0.540039 0.712240 0.540039 0.713542 0.541016 0.713542 0.543945 0.717448 0.545898 0.718750 0.551758 0.718750 0.554688 0.716146 0.557617 0.716146 0.559570 0.714844 0.563477 0.709635 0.565430 0.704427 0.573242 0.694010 0.573242 0.692708 0.577148 0.688802 0.577148 0.682292 0.576172 0.680990 0.576172 0.678385 0.568359 0.667969 0.568359 0.666667 0.564453 0.664062 0.554688 0.664062 0.553711 0.662760 0.547852 0.662760 0.544922 0.658854
0 0.522461 0.708333 0.518555 0.708333 0.517578 0.709635 0.509766 0.709635 0.506836 0.712240 0.504883 0.712240 0.502930 0.713542 0.499023 0.720052 0.499023 0.722656 0.497070 0.726562 0.497070 0.729167 0.496094 0.731771 0.492188 0.735677 0.492188 0.743490 0.496094 0.748698 0.500000 0.759115 0.504883 0.765625 0.504883 0.766927 0.509766 0.772135 0.512695 0.772135 0.520508 0.766927 0.522461 0.766927 0.523438 0.765625 0.525391 0.765625 0.526367 0.764323 0.529297 0.764323 0.531250 0.763021 0.537109 0.755208 0.540039 0.747396 0.540039 0.743490 0.541016 0.742188 0.539062 0.738281 0.539062 0.735677 0.532227 0.725260 0.530273 0.718750 0.527344 0.714844 0.527344 0.713542
0 0.569336 0.730469 0.564453 0.736979 0.562500 0.742188 0.562500 0.744792 0.561523 0.746094 0.561523 0.752604 0.560547 0.753906 0.560547 0.759115 0.558594 0.763021 0.558594 0.766927 0.561523 0.770833 0.563477 0.776042 0.570312 0.785156 0.571289 0.785156 0.576172 0.790365 0.579102 0.791667 0.583008 0.796875 0.589844 0.796875 0.590820 0.795573 0.598633 0.792969 0.602539 0.789062 0.603516 0.789062 0.603516 0.787760 0.606445 0.782552 0.606445 0.773438 0.603516 0.765625 0.603516 0.763021 0.601562 0.760417 0.599609 0.755208 0.599609 0.751302 0.598633 0.750000 0.597656 0.742188 0.595703 0.736979 0.583984 0.729167 0.572266 0.729167 0.571289 0.730469
0 0.833008 0.658854 0.836914 0.662760 0.836914 0.665365 0.835938 0.666667 0.834961 0.675781 0.833008 0.679688 0.831055 0.677083 0.830078 0.671875 0.829102 0.671875 0.828125 0.700521 0.832031 0.705729 0.834961 0.707031 0.837891 0.710938 0.844727 0.714844 0.847656 0.714844 0.848633 0.713542 0.865234 0.713542 0.875977 0.707031 0.883789 0.695312 0.884766 0.686198 0.885742 0.684896 0.885742 0.678385 0.884766 0.677083 0.884766 0.673177 0.882812 0.669271 0.882812 0.666667 0.879883 0.661458 0.875977 0.658854 0.869141 0.657552 0.868164 0.656250 0.866211 0.657552 0.860352 0.657552 0.857422 0.654948 0.850586 0.656250 0.846680 0.652344 0.843750 0.652344 0.838867 0.656250 0.836914 0.656250
0 0.820312 0.730469 0.820312 0.736979 0.821289 0.738281 0.821289 0.743490 0.822266 0.744792 0.822266 0.751302 0.824219 0.753906 0.824219 0.755208 0.826172 0.757812 0.828125 0.757812 0.833984 0.761719 0.835938 0.761719 0.836914 0.763021 0.839844 0.763021 0.840820 0.764323 0.856445 0.764323 0.857422 0.763021 0.860352 0.763021 0.865234 0.756510 0.865234 0.751302 0.868164 0.746094 0.868164 0.740885 0.869141 0.739583 0.869141 0.727865 0.865234 0.717448 0.846680 0.717448 0.845703 0.718750 0.837891 0.718750 0.836914 0.720052 0.832031 0.721354 0.826172 0.727865 0.824219 0.729167 0.821289 0.729167
0 0.900391 0.677083 0.898438 0.677083 0.897461 0.678385 0.892578 0.678385 0.891602 0.679688 0.890625 0.679688 0.887695 0.683594 0.887695 0.684896 0.886719 0.686198 0.886719 0.690104 0.885742 0.691406 0.885742 0.694010 0.884766 0.695312 0.884766 0.697917 0.883789 0.699219 0.883789 0.701823 0.882812 0.703125 0.882812 0.705729 0.881836 0.707031 0.881836 0.720052 0.882812 0.721354 0.882812 0.725260 0.885742 0.729167 0.886719 0.729167 0.889648 0.731771 0.892578 0.731771 0.893555 0.733073 0.895508 0.733073 0.896484 0.734375 0.897461 0.734375 0.898438 0.733073 0.903320 0.733073 0.904297 0.731771 0.907227 0.730469 0.908203 0.729167 0.908203 0.727865 0.910156 0.725260 0.910156 0.720052 0.911133 0.718750 0.911133 0.696615 0.912109 0.695312 0.912109 0.690104 0.913086 0.688802 0.913086 0.687500 0.912109 0.686198 0.912109 0.682292 0.911133 0.682292 0.908203 0.679688 0.906250 0.679688 0.905273 0.678385 0.901367 0.678385
0 0.897461 0.614583 0.893555 0.623698 0.893555 0.634115 0.892578 0.635417 0.892578 0.638021 0.891602 0.640625 0.889648 0.643229 0.888672 0.643229 0.887695 0.645833 0.887695 0.651042 0.886719 0.652344 0.887695 0.654948 0.887695 0.664062 0.889648 0.666667 0.890625 0.666667 0.892578 0.669271 0.896484 0.671875 0.899414 0.671875 0.900391 0.673177 0.903320 0.673177 0.904297 0.674479 0.907227 0.674479 0.908203 0.675781 0.909180 0.674479 0.912109 0.674479 0.913086 0.675781 0.920898 0.675781 0.921875 0.674479 0.923828 0.674479 0.928711 0.661458 0.928711 0.639323 0.927734 0.638021 0.927734 0.622396 0.923828 0.617188 0.919922 0.614583 0.917969 0.614583 0.916992 0.613281 0.911133 0.613281 0.910156 0.611979 0.903320 0.611979 0.902344 0.613281 0.899414 0.613281
