0 0.387695 0.151042 0.382812 0.162760 0.382812 0.165365 0.379883 0.169271 0.378906 0.207031 0.381836 0.218750 0.392578 0.231771 0.394531 0.231771 0.402344 0.236979 0.422852 0.236979 0.424805 0.235677 0.434570 0.218750 0.441406 0.197917 0.441406 0.194010 0.442383 0.192708 0.442383 0.173177 0.439453 0.161458 0.435547 0.157552 0.430664 0.157552 0.424805 0.154948 0.418945 0.154948 0.417969 0.153646 0.408203 0.152344 0.407227 0.151042 0.397461 0.149740 0.396484 0.148438 0.392578 0.148438
0 0.495117 0.199219 0.491211 0.196615 0.485352 0.196615 0.480469 0.199219 0.476562 0.199219 0.475586 0.200521 0.471680 0.200521 0.466797 0.203125 0.461914 0.203125 0.460938 0.204427 0.454102 0.205729 0.450195 0.209635 0.450195 0.212240 0.448242 0.217448 0.448242 0.239583 0.447266 0.240885 0.447266 0.250000 0.453125 0.265625 0.462891 0.277344 0.465820 0.277344 0.466797 0.278646 0.473633 0.278646 0.474609 0.277344 0.477539 0.277344 0.484375 0.269531 0.487305 0.268229 0.493164 0.261719 0.499023 0.259115 0.500977 0.256510 0.502930 0.246094 0.505859 0.238281 0.505859 0.223958 0.504883 0.222656 0.504883 0.218750 0.502930 0.216146 0.500000 0.205729
0 0.325195 0.229167 0.321289 0.247396 0.319336 0.251302 0.318359 0.263021 0.326172 0.277344 0.329102 0.278646 0.341797 0.290365 0.344727 0.290365 0.350586 0.294271 0.357422 0.295573 0.358398 0.296875 0.361328 0.296875 0.370117 0.291667 0.372070 0.291667 0.379883 0.286458 0.381836 0.283854 0.385742 0.274740 0.386719 0.252604 0.382812 0.240885 0.376953 0.231771 0.375977 0.227865 0.372070 0.221354 0.367188 0.218750 0.361328 0.218750 0.360352 0.217448 0.356445 0.217448 0.351562 0.214844 0.338867 0.214844 0.333008 0.218750
0 0.404297 0.247396 0.396484 0.253906 0.391602 0.260417 0.388672 0.269531 0.388672 0.278646 0.390625 0.281250 0.391602 0.286458 0.395508 0.294271 0.395508 0.296875 0.397461 0.299479 0.398438 0.304688 0.401367 0.309896 0.403320 0.316406 0.407227 0.321615 0.412109 0.321615 0.413086 0.322917 0.426758 0.322917 0.434570 0.317708 0.436523 0.315104 0.440430 0.312500 0.442383 0.312500 0.447266 0.304688 0.449219 0.299479 0.449219 0.282552 0.446289 0.276042 0.446289 0.273438 0.444336 0.268229 0.439453 0.260417 0.437500 0.253906 0.434570 0.250000 0.430664 0.247396 0.424805 0.247396 0.423828 0.246094 0.408203 0.246094 0.407227 0.247396
0 0.500000 0.260417 0.493164 0.265625 0.489258 0.270833 0.488281 0.274740 0.483398 0.281250 0.477539 0.286458 0.473633 0.296875 0.472656 0.305990 0.473633 0.307292 0.473633 0.312500 0.474609 0.313802 0.475586 0.320312 0.479492 0.328125 0.485352 0.335938 0.499023 0.342448 0.507812 0.342448 0.509766 0.339844 0.513672 0.338542 0.516602 0.335938 0.518555 0.335938 0.530273 0.326823 0.536133 0.315104 0.539062 0.303385 0.538086 0.302083 0.538086 0.298177 0.536133 0.294271 0.512695 0.264323 0.506836 0.260417
0 0.455078 0.315104 0.453125 0.315104 0.452148 0.313802 0.447266 0.313802 0.446289 0.315104 0.444336 0.315104 0.440430 0.319010 0.434570 0.322917 0.432617 0.322917 0.427734 0.328125 0.423828 0.329427 0.421875 0.332031 0.418945 0.333333 0.415039 0.337240 0.411133 0.343750 0.411133 0.350260 0.414062 0.360677 0.414062 0.368490 0.418945 0.382812 0.422852 0.388021 0.431641 0.394531 0.442383 0.394531 0.443359 0.393229 0.449219 0.391927 0.455078 0.386719 0.459961 0.384115 0.468750 0.375000 0.468750 0.371094 0.469727 0.369792 0.469727 0.356771 0.470703 0.355469 0.470703 0.342448 0.469727 0.341146 0.468750 0.334635 0.464844 0.328125 0.463867 0.324219
0 0.380859 0.289062 0.371094 0.292969 0.355469 0.303385 0.350586 0.308594 0.344727 0.312500 0.342773 0.315104 0.342773 0.317708 0.340820 0.322917 0.340820 0.326823 0.339844 0.328125 0.339844 0.346354 0.344727 0.354167 0.347656 0.355469 0.352539 0.361979 0.354492 0.361979 0.360352 0.365885 0.363281 0.365885 0.370117 0.372396 0.377930 0.372396 0.386719 0.363281 0.389648 0.361979 0.391602 0.356771 0.396484 0.350260 0.396484 0.347656 0.399414 0.339844 0.399414 0.326823 0.397461 0.321615 0.397461 0.316406 0.394531 0.311198 0.393555 0.307292 0.384766 0.291667
0 0.292969 0.265625 0.277344 0.282552 0.277344 0.286458 0.276367 0.287760 0.278320 0.292969 0.277344 0.296875 0.277344 0.307292 0.280273 0.315104 0.280273 0.319010 0.290039 0.332031 0.292969 0.333333 0.296875 0.338542 0.301758 0.342448 0.312500 0.342448 0.314453 0.343750 0.315430 0.342448 0.321289 0.342448 0.327148 0.339844 0.333984 0.333333 0.339844 0.324219 0.340820 0.305990 0.335938 0.291667 0.322266 0.274740 0.315430 0.260417 0.302734 0.260417 0.294922 0.265625
0 0.507812 0.348958 0.501953 0.352865 0.497070 0.359375 0.495117 0.364583 0.493164 0.390625 0.494141 0.391927 0.494141 0.398438 0.496094 0.404948 0.496094 0.411458 0.497070 0.412760 0.497070 0.415365 0.499023 0.416667 0.503906 0.424479 0.513672 0.429688 0.516602 0.429688 0.517578 0.430990 0.528320 0.430990 0.529297 0.429688 0.531250 0.429688 0.539062 0.424479 0.542969 0.419271 0.547852 0.407552 0.547852 0.403646 0.548828 0.402344 0.548828 0.380208 0.547852 0.378906 0.547852 0.371094 0.543945 0.364583 0.541016 0.363281 0.533203 0.354167 0.525391 0.348958 0.521484 0.348958 0.520508 0.347656
0 0.553711 0.326823 0.549805 0.332031 0.543945 0.348958 0.544922 0.356771 0.546875 0.361979 0.549805 0.365885 0.550781 0.371094 0.559570 0.382812 0.564453 0.385417 0.575195 0.394531 0.578125 0.394531 0.579102 0.395833 0.595703 0.395833 0.597656 0.394531 0.605469 0.381510 0.609375 0.371094 0.609375 0.365885 0.610352 0.364583 0.610352 0.346354 0.607422 0.337240 0.603516 0.330729 0.596680 0.324219 0.584961 0.317708 0.582031 0.313802 0.576172 0.313802 0.564453 0.319010
0 0.474609 0.386719 0.469727 0.386719 0.467773 0.389323 0.462891 0.391927 0.455078 0.391927 0.454102 0.393229 0.452148 0.393229 0.448242 0.398438 0.441406 0.416667 0.441406 0.423177 0.444336 0.430990 0.444336 0.433594 0.446289 0.438802 0.446289 0.442708 0.448242 0.446615 0.448242 0.449219 0.451172 0.458333 0.451172 0.462240 0.452148 0.464844 0.456055 0.468750 0.477539 0.468750 0.478516 0.467448 0.481445 0.467448 0.490234 0.457031 0.494141 0.445312 0.494141 0.441406 0.496094 0.436198 0.496094 0.430990 0.497070 0.428385 0.496094 0.427083 0.495117 0.416667 0.492188 0.410156 0.490234 0.401042 0.485352 0.393229
0 0.268555 0.304688 0.262695 0.303385 0.261719 0.304688 0.257812 0.304688 0.256836 0.305990 0.251953 0.305990 0.247070 0.308594 0.237305 0.309896 0.230469 0.313802 0.227539 0.313802 0.224609 0.316406 0.220703 0.326823 0.221680 0.342448 0.222656 0.343750 0.223633 0.351562 0.225586 0.354167 0.225586 0.356771 0.228516 0.364583 0.235352 0.373698 0.237305 0.375000 0.247070 0.375000 0.250977 0.372396 0.253906 0.372396 0.254883 0.371094 0.264648 0.368490 0.269531 0.364583 0.272461 0.364583 0.274414 0.361979 0.275391 0.355469 0.276367 0.354167 0.276367 0.350260 0.277344 0.348958 0.277344 0.343750 0.279297 0.338542 0.280273 0.324219 0.273438 0.311198
0 0.306641 0.346354 0.300781 0.346354 0.295898 0.350260 0.292969 0.350260 0.286133 0.354167 0.276367 0.365885 0.269531 0.377604 0.269531 0.394531 0.270508 0.395833 0.270508 0.402344 0.271484 0.403646 0.272461 0.414062 0.276367 0.424479 0.278320 0.427083 0.288086 0.433594 0.291016 0.433594 0.291992 0.434896 0.301758 0.434896 0.302734 0.433594 0.305664 0.433594 0.317383 0.424479 0.319336 0.420573 0.319336 0.416667 0.321289 0.410156 0.321289 0.404948 0.322266 0.403646 0.322266 0.397135 0.323242 0.395833 0.323242 0.380208 0.324219 0.378906 0.324219 0.373698 0.325195 0.371094 0.323242 0.364583 0.313477 0.350260
0 0.336914 0.381510 0.329102 0.395833 0.328125 0.399740 0.324219 0.404948 0.321289 0.412760 0.321289 0.419271 0.326172 0.432292 0.329102 0.436198 0.339844 0.442708 0.341797 0.445312 0.343750 0.445312 0.347656 0.449219 0.359375 0.455729 0.365234 0.455729 0.379883 0.446615 0.384766 0.440104 0.385742 0.433594 0.387695 0.429688 0.387695 0.417969 0.386719 0.416667 0.386719 0.410156 0.384766 0.404948 0.384766 0.397135 0.383789 0.395833 0.383789 0.399740 0.380859 0.403646 0.378906 0.401042 0.377930 0.394531 0.374023 0.389323 0.369141 0.385417 0.365234 0.385417 0.359375 0.382812 0.358398 0.381510 0.359375 0.380208 0.366211 0.377604 0.365234 0.376302 0.343750 0.376302
0 0.411133 0.415365 0.399414 0.423177 0.395508 0.428385 0.393555 0.433594 0.391602 0.434896 0.380859 0.449219 0.379883 0.449219 0.379883 0.467448 0.380859 0.468750 0.380859 0.471354 0.385742 0.480469 0.388672 0.484375 0.391602 0.484375 0.396484 0.489583 0.405273 0.489583 0.406250 0.490885 0.419922 0.493490 0.421875 0.492188 0.424805 0.486979 0.433594 0.476562 0.438477 0.467448 0.441406 0.459635 0.441406 0.442708 0.437500 0.429688 0.432617 0.423177 0.425781 0.417969
0 0.508789 0.440104 0.506836 0.441406 0.499023 0.451823 0.499023 0.453125 0.490234 0.463542 0.489258 0.466146 0.489258 0.477865 0.490234 0.479167 0.490234 0.483073 0.493164 0.492188 0.493164 0.496094 0.499023 0.505208 0.509766 0.511719 0.512695 0.511719 0.516602 0.514323 0.520508 0.514323 0.526367 0.520833 0.530273 0.520833 0.534180 0.518229 0.537109 0.514323 0.541992 0.502604 0.541992 0.497396 0.542969 0.496094 0.542969 0.481771 0.541992 0.480469 0.541992 0.455729 0.537109 0.449219 0.534180 0.446615 0.532227 0.446615 0.528320 0.442708 0.526367 0.442708 0.525391 0.441406 0.519531 0.441406 0.518555 0.440104
0 0.560547 0.398438 0.561523 0.402344 0.560547 0.403646 0.555664 0.404948 0.555664 0.406250 0.551758 0.411458 0.549805 0.417969 0.543945 0.425781 0.543945 0.428385 0.542969 0.429688 0.542969 0.436198 0.541992 0.437500 0.541992 0.444010 0.546875 0.459635 0.551758 0.467448 0.556641 0.471354 0.564453 0.472656 0.565430 0.473958 0.568359 0.473958 0.576172 0.477865 0.582031 0.471354 0.584961 0.466146 0.585938 0.462240 0.593750 0.449219 0.595703 0.442708 0.600586 0.433594 0.600586 0.425781 0.596680 0.415365 0.591797 0.407552 0.589844 0.407552 0.585938 0.404948 0.583008 0.404948 0.573242 0.398438
0 0.621094 0.345052 0.617188 0.347656 0.614258 0.351562 0.613281 0.363281 0.611328 0.367188 0.611328 0.371094 0.609375 0.375000 0.609375 0.377604 0.606445 0.384115 0.606445 0.386719 0.604492 0.391927 0.606445 0.398438 0.606445 0.402344 0.612305 0.410156 0.612305 0.411458 0.620117 0.420573 0.628906 0.425781 0.639648 0.425781 0.644531 0.423177 0.650391 0.417969 0.655273 0.411458 0.656250 0.407552 0.659180 0.403646 0.662109 0.394531 0.663086 0.373698 0.662109 0.371094 0.649414 0.354167 0.641602 0.346354 0.638672 0.346354 0.637695 0.345052 0.629883 0.345052 0.628906 0.343750 0.626953 0.343750 0.625977 0.345052
0 0.697266 0.407552 0.693359 0.407552 0.692383 0.406250 0.675781 0.407552 0.674805 0.408854 0.671875 0.408854 0.670898 0.410156 0.666016 0.411458 0.662109 0.415365 0.657227 0.416667 0.655273 0.419271 0.655273 0.421875 0.651367 0.428385 0.651367 0.430990 0.648438 0.437500 0.648438 0.441406 0.647461 0.442708 0.647461 0.451823 0.648438 0.453125 0.648438 0.457031 0.649414 0.458333 0.650391 0.464844 0.657227 0.475260 0.660156 0.477865 0.662109 0.477865 0.671875 0.483073 0.673828 0.483073 0.674805 0.481771 0.680664 0.481771 0.692383 0.475260 0.694336 0.472656 0.701172 0.468750 0.705078 0.464844 0.708984 0.450521 0.708984 0.427083 0.705078 0.416667
0 0.606445 0.432292 0.598633 0.444010 0.590820 0.460938 0.590820 0.463542 0.586914 0.472656 0.586914 0.483073 0.589844 0.488281 0.589844 0.490885 0.591797 0.494792 0.601562 0.502604 0.603516 0.502604 0.606445 0.505208 0.608398 0.505208 0.611328 0.507812 0.620117 0.509115 0.621094 0.507812 0.623047 0.507812 0.625977 0.503906 0.629883 0.501302 0.640625 0.486979 0.641602 0.486979 0.644531 0.481771 0.646484 0.480469 0.649414 0.473958 0.649414 0.464844 0.647461 0.460938 0.647461 0.457031 0.644531 0.449219 0.633789 0.436198 0.626953 0.432292 0.622070 0.432292 0.621094 0.430990
0 0.249023 0.381510 0.243164 0.385417 0.235352 0.386719 0.229492 0.391927 0.227539 0.391927 0.223633 0.397135 0.219727 0.407552 0.218750 0.416667 0.216797 0.420573 0.214844 0.429688 0.218750 0.436198 0.220703 0.444010 0.229492 0.459635 0.234375 0.463542 0.237305 0.463542 0.240234 0.466146 0.246094 0.466146 0.247070 0.467448 0.257812 0.470052 0.263672 0.466146 0.271484 0.454427 0.273438 0.447917 0.273438 0.436198 0.272461 0.434896 0.272461 0.430990 0.273438 0.429688 0.269531 0.420573 0.269531 0.416667 0.266602 0.410156 0.266602 0.407552 0.262695 0.399740 0.259766 0.386719 0.253906 0.381510
0 0.340820 0.446615 0.338867 0.447917 0.322266 0.468750 0.321289 0.476562 0.322266 0.477865 0.322266 0.485677 0.323242 0.486979 0.323242 0.490885 0.324219 0.493490 0.335938 0.507812 0.341797 0.509115 0.342773 0.510417 0.360352 0.509115 0.369141 0.497396 0.370117 0.497396 0.370117 0.496094 0.373047 0.492188 0.373047 0.489583 0.374023 0.488281 0.374023 0.483073 0.375000 0.481771 0.375000 0.477865 0.375977 0.476562 0.375977 0.468750 0.375000 0.467448 0.375000 0.464844 0.374023 0.462240 0.369141 0.457031 0.367188 0.458333 0.361328 0.458333 0.360352 0.457031 0.352539 0.454427 0.350586 0.451823 0.344727 0.447917
0 0.380859 0.489583 0.374023 0.498698 0.370117 0.511719 0.370117 0.523438 0.371094 0.524740 0.373047 0.546875 0.375977 0.553385 0.380859 0.554688 0.390625 0.562500 0.394531 0.562500 0.399414 0.565104 0.413086 0.565104 0.417969 0.562500 0.420898 0.557292 0.420898 0.531250 0.419922 0.529948 0.419922 0.526042 0.417969 0.519531 0.418945 0.507812 0.416992 0.502604 0.411133 0.493490 0.409180 0.493490 0.408203 0.492188 0.391602 0.492188 0.389648 0.486979 0.387695 0.485677
0 0.449219 0.470052 0.435547 0.484375 0.427734 0.490885 0.423828 0.496094 0.422852 0.496094 0.419922 0.506510 0.419922 0.523438 0.420898 0.524740 0.420898 0.528646 0.427734 0.536458 0.433594 0.537760 0.434570 0.539062 0.437500 0.539062 0.438477 0.540365 0.441406 0.540365 0.442383 0.541667 0.459961 0.541667 0.461914 0.540365 0.469727 0.528646 0.470703 0.528646 0.470703 0.527344 0.479492 0.513021 0.480469 0.510417 0.480469 0.505208 0.481445 0.503906 0.481445 0.496094 0.478516 0.485677 0.473633 0.479167 0.469727 0.476562 0.467773 0.476562 0.461914 0.471354 0.458984 0.471354 0.458008 0.470052
0 0.520508 0.516927 0.511719 0.515625 0.510742 0.514323 0.506836 0.514323 0.505859 0.513021 0.495117 0.513021 0.494141 0.514323 0.490234 0.514323 0.489258 0.515625 0.484375 0.516927 0.483398 0.520833 0.473633 0.532552 0.473633 0.537760 0.471680 0.542969 0.471680 0.549479 0.470703 0.550781 0.471680 0.565104 0.472656 0.566406 0.473633 0.572917 0.479492 0.584635 0.483398 0.588542 0.488281 0.591146 0.491211 0.591146 0.492188 0.592448 0.500977 0.592448 0.501953 0.591146 0.506836 0.589844 0.516602 0.580729 0.524414 0.575521 0.526367 0.569010 0.528320 0.546875 0.527344 0.545573 0.527344 0.536458 0.524414 0.527344 0.524414 0.523438
0 0.572266 0.502604 0.563477 0.510417 0.560547 0.516927 0.562500 0.520833 0.569336 0.519531 0.571289 0.526042 0.569336 0.539062 0.562500 0.558594 0.562500 0.563802 0.569336 0.574219 0.579102 0.580729 0.583008 0.580729 0.586914 0.583333 0.593750 0.583333 0.594727 0.584635 0.603516 0.580729 0.607422 0.572917 0.607422 0.570312 0.612305 0.558594 0.615234 0.545573 0.619141 0.536458 0.619141 0.526042 0.615234 0.518229 0.607422 0.509115 0.600586 0.507812 0.599609 0.506510 0.594727 0.507812 0.590820 0.502604 0.583984 0.502604 0.583008 0.501302 0.575195 0.501302
0 0.661133 0.480469 0.653320 0.488281 0.647461 0.489583 0.635742 0.501302 0.634766 0.506510 0.632812 0.510417 0.632812 0.513021 0.628906 0.519531 0.628906 0.523438 0.625977 0.528646 0.626953 0.529948 0.626953 0.532552 0.634766 0.544271 0.635742 0.544271 0.642578 0.553385 0.653320 0.561198 0.658203 0.561198 0.659180 0.559896 0.676758 0.561198 0.682617 0.554688 0.683594 0.550781 0.688477 0.544271 0.691406 0.536458 0.691406 0.526042 0.688477 0.516927 0.673828 0.489583 0.669922 0.484375 0.667969 0.484375 0.666016 0.481771
0 0.694336 0.476562 0.692383 0.480469 0.689453 0.481771 0.690430 0.486979 0.687500 0.490885 0.686523 0.502604 0.685547 0.503906 0.685547 0.507812 0.687500 0.510417 0.692383 0.524740 0.693359 0.540365 0.694336 0.542969 0.697266 0.546875 0.707031 0.548177 0.708008 0.549479 0.720703 0.549479 0.726562 0.545573 0.728516 0.545573 0.742188 0.523438 0.742188 0.520833 0.745117 0.513021 0.745117 0.509115 0.737305 0.497396 0.734375 0.496094 0.729492 0.489583 0.722656 0.485677 0.717773 0.480469 0.715820 0.480469 0.708984 0.472656
0 0.713867 0.558594 0.711914 0.562500 0.711914 0.566406 0.713867 0.570312 0.712891 0.571615 0.711914 0.585938 0.714844 0.591146 0.714844 0.605469 0.712891 0.608073 0.710938 0.608073 0.708984 0.604167 0.708984 0.600260 0.708008 0.600260 0.708008 0.605469 0.709961 0.610677 0.718750 0.618490 0.733398 0.627604 0.742188 0.627604 0.743164 0.626302 0.746094 0.626302 0.754883 0.622396 0.759766 0.615885 0.762695 0.608073 0.762695 0.591146 0.761719 0.589844 0.761719 0.584635 0.760742 0.583333 0.760742 0.576823 0.759766 0.575521 0.759766 0.569010 0.758789 0.566406 0.753906 0.563802 0.750977 0.559896 0.749023 0.559896 0.743164 0.554688 0.736328 0.550781 0.730469 0.550781 0.729492 0.552083 0.719727 0.553385
0 0.625000 0.553385 0.620117 0.558594 0.618164 0.558594 0.614258 0.563802 0.613281 0.563802 0.613281 0.565104 0.610352 0.569010 0.608398 0.574219 0.608398 0.576823 0.606445 0.579427 0.606445 0.583333 0.605469 0.584635 0.605469 0.597656 0.610352 0.609375 0.618164 0.618490 0.629883 0.626302 0.632812 0.630208 0.635742 0.631510 0.637695 0.634115 0.642578 0.634115 0.651367 0.628906 0.657227 0.621094 0.661133 0.611979 0.661133 0.608073 0.662109 0.606771 0.662109 0.593750 0.661133 0.592448 0.661133 0.587240 0.659180 0.582031 0.659180 0.578125 0.657227 0.571615 0.651367 0.563802 0.633789 0.553385
0 0.560547 0.583333 0.556641 0.579427 0.541016 0.580729 0.537109 0.583333 0.534180 0.583333 0.529297 0.587240 0.522461 0.587240 0.521484 0.585938 0.518555 0.589844 0.516602 0.589844 0.512695 0.593750 0.511719 0.592448 0.509766 0.592448 0.506836 0.595052 0.504883 0.595052 0.502930 0.600260 0.504883 0.604167 0.505859 0.610677 0.508789 0.617188 0.508789 0.619792 0.509766 0.621094 0.509766 0.630208 0.511719 0.635417 0.520508 0.643229 0.530273 0.644531 0.531250 0.643229 0.534180 0.643229 0.535156 0.641927 0.537109 0.641927 0.541016 0.639323 0.543945 0.639323 0.550781 0.635417 0.560547 0.632812 0.562500 0.628906 0.563477 0.621094 0.564453 0.619792 0.564453 0.606771 0.563477 0.605469 0.563477 0.600260 0.561523 0.593750 0.561523 0.587240 0.560547 0.585938
0 0.567383 0.589844 0.564453 0.600260 0.565430 0.601562 0.566406 0.614583 0.565430 0.615885 0.564453 0.627604 0.561523 0.638021 0.562500 0.649740 0.566406 0.660156 0.572266 0.664062 0.573242 0.662760 0.577148 0.662760 0.578125 0.664062 0.583008 0.664062 0.583984 0.665365 0.591797 0.665365 0.592773 0.664062 0.596680 0.664062 0.605469 0.657552 0.607422 0.657552 0.613281 0.653646 0.616211 0.648438 0.616211 0.640625 0.617188 0.639323 0.617188 0.631510 0.618164 0.630208 0.618164 0.623698 0.616211 0.618490 0.610352 0.613281 0.605469 0.606771 0.600586 0.597656 0.594727 0.593750 0.590820 0.593750 0.579102 0.587240 0.571289 0.587240
0 0.670898 0.591146 0.665039 0.596354 0.664062 0.606771 0.662109 0.610677 0.662109 0.613281 0.656250 0.626302 0.651367 0.632812 0.650391 0.632812 0.650391 0.641927 0.651367 0.641927 0.654297 0.645833 0.655273 0.649740 0.658203 0.653646 0.658203 0.654948 0.663086 0.660156 0.667969 0.660156 0.668945 0.661458 0.693359 0.661458 0.699219 0.656250 0.702148 0.654948 0.706055 0.648438 0.706055 0.645833 0.707031 0.644531 0.707031 0.638021 0.708008 0.636719 0.708008 0.630208 0.707031 0.628906 0.707031 0.621094 0.706055 0.619792 0.706055 0.617188 0.702148 0.608073 0.692383 0.596354 0.685547 0.593750 0.684570 0.592448 0.680664 0.592448 0.679688 0.591146
0 0.713867 0.621094 0.713867 0.625000 0.709961 0.630208 0.709961 0.635417 0.708984 0.636719 0.708984 0.641927 0.708008 0.643229 0.708008 0.648438 0.707031 0.651042 0.700195 0.661458 0.697266 0.661458 0.691406 0.665365 0.690430 0.674479 0.692383 0.679688 0.697266 0.686198 0.707031 0.695312 0.709961 0.695312 0.710938 0.696615 0.727539 0.696615 0.736328 0.691406 0.741211 0.684896 0.744141 0.683594 0.745117 0.680990 0.745117 0.677083 0.746094 0.675781 0.746094 0.667969 0.747070 0.666667 0.746094 0.652344 0.745117 0.651042 0.744141 0.644531 0.739258 0.632812 0.734375 0.628906 0.729492 0.627604 0.722656 0.622396
0 0.630859 0.636719 0.626953 0.639323 0.622070 0.645833 0.621094 0.645833 0.615234 0.654948 0.609375 0.658854 0.606445 0.662760 0.605469 0.662760 0.602539 0.667969 0.601562 0.667969 0.599609 0.673177 0.599609 0.679688 0.603516 0.686198 0.604492 0.690104 0.608398 0.695312 0.614258 0.697917 0.617188 0.701823 0.623047 0.705729 0.628906 0.707031 0.632812 0.709635 0.636719 0.709635 0.637695 0.710938 0.642578 0.705729 0.645508 0.704427 0.658203 0.688802 0.660156 0.679688 0.663086 0.671875 0.663086 0.666667 0.661133 0.661458 0.655273 0.653646 0.651367 0.645833 0.638672 0.638021 0.636719 0.638021 0.635742 0.636719
0 0.150391 0.386719 0.148438 0.388021 0.138672 0.401042 0.137695 0.401042 0.136719 0.404948 0.133789 0.408854 0.130859 0.417969 0.130859 0.423177 0.132812 0.429688 0.145508 0.449219 0.148438 0.455729 0.156250 0.466146 0.159180 0.466146 0.160156 0.467448 0.162109 0.466146 0.178711 0.466146 0.186523 0.460938 0.186523 0.459635 0.190430 0.454427 0.190430 0.450521 0.191406 0.449219 0.190430 0.447917 0.190430 0.424479 0.189453 0.423177 0.188477 0.414062 0.185547 0.408854 0.184570 0.408854 0.175781 0.397135 0.168945 0.390625 0.166016 0.389323 0.163086 0.385417 0.153320 0.385417 0.152344 0.386719
0 0.098633 0.447917 0.098633 0.460938 0.099609 0.462240 0.100586 0.470052 0.103516 0.480469 0.105469 0.483073 0.106445 0.486979 0.120117 0.502604 0.141602 0.502604 0.142578 0.501302 0.144531 0.501302 0.144531 0.494792 0.143555 0.493490 0.144531 0.490885 0.152344 0.490885 0.158203 0.486979 0.158203 0.484375 0.159180 0.483073 0.159180 0.479167 0.158203 0.477865 0.159180 0.470052 0.158203 0.467448 0.154297 0.466146 0.147461 0.455729 0.145508 0.450521 0.131836 0.433594 0.117188 0.433594 0.116211 0.434896 0.113281 0.434896 0.106445 0.438802
0 0.220703 0.459635 0.217773 0.460938 0.211914 0.460938 0.210938 0.459635 0.201172 0.459635 0.200195 0.460938 0.197266 0.460938 0.195312 0.464844 0.192383 0.464844 0.189453 0.470052 0.185547 0.471354 0.179688 0.480469 0.177734 0.480469 0.172852 0.486979 0.170898 0.492188 0.172852 0.522135 0.178711 0.537760 0.178711 0.540365 0.184570 0.546875 0.192383 0.546875 0.198242 0.544271 0.204102 0.539062 0.207031 0.539062 0.208984 0.536458 0.230469 0.522135 0.232422 0.518229 0.232422 0.501302 0.234375 0.497396 0.234375 0.493490 0.230469 0.481771 0.223633 0.473958 0.220703 0.473958 0.216797 0.470052 0.216797 0.467448 0.220703 0.463542
0 0.166016 0.503906 0.160156 0.503906 0.146484 0.510417 0.139648 0.515625 0.129883 0.528646 0.124023 0.544271 0.120117 0.550781 0.120117 0.554688 0.124023 0.562500 0.124023 0.569010 0.128906 0.580729 0.133789 0.585938 0.137695 0.587240 0.139648 0.589844 0.141602 0.589844 0.153320 0.597656 0.156250 0.597656 0.159180 0.595052 0.164062 0.593750 0.174805 0.587240 0.175781 0.584635 0.184570 0.574219 0.183594 0.569010 0.180664 0.565104 0.180664 0.558594 0.179688 0.557292 0.179688 0.552083 0.176758 0.541667 0.176758 0.537760 0.170898 0.522135 0.169922 0.507812 0.168945 0.505208
0 0.291016 0.498698 0.282227 0.488281 0.280273 0.488281 0.266602 0.480469 0.262695 0.485677 0.256836 0.485677 0.255859 0.486979 0.248047 0.481771 0.247070 0.484375 0.244141 0.486979 0.242188 0.492188 0.239258 0.496094 0.239258 0.498698 0.238281 0.500000 0.237305 0.511719 0.236328 0.513021 0.236328 0.520833 0.237305 0.522135 0.238281 0.531250 0.243164 0.541667 0.248047 0.544271 0.283203 0.544271 0.287109 0.541667 0.287109 0.540365 0.292969 0.532552 0.294922 0.526042 0.295898 0.515625 0.293945 0.511719 0.292969 0.502604
0 0.189453 0.589844 0.183594 0.589844 0.182617 0.591146 0.176758 0.591146 0.175781 0.592448 0.170898 0.592448 0.169922 0.593750 0.167969 0.593750 0.160156 0.601562 0.157227 0.601562 0.154297 0.605469 0.151367 0.613281 0.151367 0.619792 0.155273 0.631510 0.161133 0.639323 0.161133 0.640625 0.169922 0.653646 0.169922 0.654948 0.176758 0.662760 0.186523 0.662760 0.196289 0.657552 0.202148 0.652344 0.209961 0.641927 0.211914 0.641927 0.211914 0.640625 0.214844 0.636719 0.213867 0.627604 0.209961 0.618490 0.209961 0.615885 0.201172 0.602865 0.198242 0.601562 0.196289 0.597656
0 0.223633 0.532552 0.216797 0.539062 0.213867 0.540365 0.200195 0.555990 0.200195 0.558594 0.198242 0.563802 0.198242 0.571615 0.201172 0.579427 0.217773 0.606771 0.217773 0.608073 0.222656 0.614583 0.228516 0.618490 0.232422 0.618490 0.241211 0.608073 0.246094 0.605469 0.250000 0.601562 0.251953 0.596354 0.253906 0.595052 0.254883 0.592448 0.254883 0.585938 0.256836 0.583333 0.256836 0.580729 0.257812 0.579427 0.257812 0.572917 0.258789 0.571615 0.258789 0.569010 0.257812 0.567708 0.257812 0.563802 0.250000 0.553385 0.250000 0.552083 0.236328 0.535156 0.232422 0.535156 0.227539 0.532552
0 0.309570 0.519531 0.302734 0.529948 0.299805 0.532552 0.295898 0.533854 0.285156 0.546875 0.285156 0.549479 0.283203 0.553385 0.283203 0.565104 0.287109 0.578125 0.290039 0.582031 0.290039 0.583333 0.296875 0.589844 0.299805 0.589844 0.300781 0.591146 0.312500 0.591146 0.313477 0.592448 0.319336 0.592448 0.322266 0.588542 0.330078 0.582031 0.333984 0.576823 0.336914 0.570312 0.336914 0.563802 0.339844 0.561198 0.341797 0.555990 0.341797 0.553385 0.338867 0.549479 0.338867 0.542969 0.335938 0.536458 0.334961 0.529948 0.333008 0.526042 0.323242 0.519531
0 0.273438 0.598958 0.264648 0.609375 0.260742 0.618490 0.259766 0.628906 0.258789 0.630208 0.258789 0.643229 0.261719 0.652344 0.263672 0.654948 0.269531 0.658854 0.271484 0.658854 0.274414 0.661458 0.276367 0.661458 0.279297 0.664062 0.281250 0.664062 0.291016 0.669271 0.302734 0.669271 0.310547 0.662760 0.312500 0.657552 0.315430 0.653646 0.318359 0.644531 0.321289 0.641927 0.323242 0.625000 0.322266 0.623698 0.322266 0.617188 0.320312 0.611979 0.316406 0.609375 0.314453 0.605469 0.313477 0.605469 0.305664 0.595052 0.301758 0.595052 0.300781 0.593750 0.295898 0.593750 0.293945 0.592448 0.292969 0.593750 0.283203 0.593750
0 0.361328 0.576823 0.356445 0.576823 0.350586 0.582031 0.345703 0.582031 0.341797 0.579427 0.340820 0.580729 0.337891 0.580729 0.332031 0.589844 0.328125 0.600260 0.325195 0.604167 0.325195 0.608073 0.324219 0.609375 0.324219 0.614583 0.326172 0.621094 0.326172 0.626302 0.329102 0.635417 0.336914 0.645833 0.345703 0.651042 0.348633 0.654948 0.352539 0.657552 0.356445 0.657552 0.361328 0.653646 0.363281 0.653646 0.370117 0.648438 0.375977 0.636719 0.375977 0.625000 0.375000 0.623698 0.375000 0.617188 0.374023 0.615885 0.374023 0.600260 0.371094 0.592448 0.367188 0.585938 0.366211 0.582031
0 0.423828 0.574219 0.420898 0.574219 0.412109 0.570312 0.406250 0.570312 0.405273 0.569010 0.402344 0.569010 0.395508 0.574219 0.393555 0.574219 0.391602 0.578125 0.391602 0.580729 0.388672 0.584635 0.385742 0.584635 0.384766 0.585938 0.382812 0.595052 0.377930 0.605469 0.376953 0.617188 0.379883 0.627604 0.381836 0.630208 0.385742 0.641927 0.390625 0.648438 0.397461 0.653646 0.406250 0.653646 0.414062 0.648438 0.421875 0.640625 0.432617 0.632812 0.438477 0.625000 0.439453 0.593750 0.438477 0.591146 0.436523 0.591146 0.431641 0.596354 0.430664 0.595052 0.430664 0.589844 0.428711 0.587240 0.428711 0.582031 0.429688 0.580729 0.426758 0.579427 0.423828 0.584635 0.419922 0.580729 0.420898 0.578125 0.425781 0.575521
0 0.442383 0.636719 0.437500 0.635417 0.435547 0.632812 0.433594 0.636719 0.430664 0.636719 0.426758 0.641927 0.422852 0.643229 0.411133 0.652344 0.406250 0.654948 0.396484 0.654948 0.391602 0.662760 0.389648 0.673177 0.389648 0.684896 0.393555 0.696615 0.399414 0.703125 0.413086 0.710938 0.420898 0.712240 0.423828 0.714844 0.426758 0.714844 0.429688 0.712240 0.442383 0.694010 0.450195 0.673177 0.450195 0.664062 0.446289 0.657552 0.446289 0.652344 0.446289 0.654948 0.444336 0.657552 0.442383 0.657552 0.438477 0.654948 0.431641 0.653646 0.423828 0.647135 0.425781 0.644531 0.427734 0.644531 0.434570 0.639323 0.438477 0.643229 0.439453 0.647135 0.443359 0.647135 0.443359 0.638021
0 0.369141 0.721354 0.369141 0.725260 0.367188 0.730469 0.367188 0.743490 0.368164 0.744792 0.368164 0.747396 0.371094 0.751302 0.374023 0.759115 0.376953 0.763021 0.377930 0.763021 0.381836 0.768229 0.385742 0.769531 0.386719 0.770833 0.388672 0.770833 0.389648 0.772135 0.399414 0.772135 0.400391 0.773438 0.405273 0.773438 0.407227 0.772135 0.419922 0.753906 0.421875 0.748698 0.421875 0.746094 0.423828 0.742188 0.423828 0.729167 0.424805 0.726562 0.422852 0.721354 0.418945 0.716146 0.416992 0.717448 0.413086 0.716146 0.412109 0.714844 0.409180 0.714844 0.408203 0.716146 0.405273 0.712240 0.401367 0.712240 0.400391 0.713542 0.398438 0.713542 0.397461 0.712240 0.382812 0.710938 0.375000 0.717448 0.372070 0.721354
0 0.420898 0.757812 0.415039 0.764323 0.415039 0.765625 0.411133 0.770833 0.408203 0.778646 0.408203 0.789062 0.411133 0.798177 0.414062 0.802083 0.414062 0.803385 0.419922 0.811198 0.421875 0.812500 0.423828 0.812500 0.429688 0.816406 0.434570 0.816406 0.438477 0.819010 0.445312 0.819010 0.447266 0.817708 0.449219 0.815104 0.450195 0.815104 0.458984 0.803385 0.460938 0.796875 0.462891 0.794271 0.464844 0.789062 0.464844 0.785156 0.465820 0.783854 0.465820 0.770833 0.464844 0.768229 0.462891 0.765625 0.459961 0.765625 0.458984 0.766927 0.454102 0.766927 0.450195 0.764323 0.447266 0.764323 0.444336 0.761719 0.440430 0.761719 0.439453 0.760417 0.433594 0.760417 0.432617 0.759115 0.427734 0.759115 0.424805 0.756510
0 0.505859 0.632812 0.497070 0.636719 0.497070 0.639323 0.501953 0.641927 0.493164 0.652344 0.490234 0.653646 0.489258 0.652344 0.489258 0.648438 0.486328 0.647135 0.485352 0.648438 0.485352 0.657552 0.486328 0.658854 0.486328 0.666667 0.488281 0.673177 0.488281 0.687500 0.489258 0.688802 0.489258 0.694010 0.491211 0.701823 0.493164 0.703125 0.496094 0.708333 0.500000 0.710938 0.504883 0.710938 0.513672 0.714844 0.514648 0.713542 0.518555 0.713542 0.524414 0.710938 0.530273 0.704427 0.531250 0.700521 0.534180 0.696615 0.537109 0.695312 0.539062 0.686198 0.543945 0.675781 0.543945 0.669271 0.540039 0.664062 0.537109 0.654948 0.531250 0.647135 0.519531 0.644531 0.512695 0.639323 0.508789 0.632812
0 0.465820 0.730469 0.464844 0.733073 0.464844 0.738281 0.463867 0.739583 0.463867 0.742188 0.464844 0.743490 0.464844 0.748698 0.467773 0.755208 0.471680 0.760417 0.475586 0.761719 0.476562 0.763021 0.478516 0.763021 0.479492 0.764323 0.481445 0.764323 0.482422 0.765625 0.486328 0.765625 0.487305 0.766927 0.490234 0.766927 0.494141 0.769531 0.497070 0.769531 0.498047 0.770833 0.502930 0.770833 0.503906 0.772135 0.508789 0.770833 0.515625 0.761719 0.516602 0.756510 0.517578 0.755208 0.517578 0.752604 0.518555 0.751302 0.518555 0.748698 0.519531 0.747396 0.519531 0.740885 0.521484 0.736979 0.521484 0.727865 0.516602 0.720052 0.512695 0.718750 0.511719 0.717448 0.504883 0.716146 0.503906 0.714844 0.500000 0.714844 0.499023 0.713542 0.497070 0.713542 0.496094 0.714844 0.491211 0.714844 0.490234 0.713542 0.481445 0.713542 0.470703 0.726562 0.467773 0.727865
0 0.555664 0.673177 0.545898 0.682292 0.535156 0.705729 0.535156 0.717448 0.536133 0.721354 0.540039 0.727865 0.542969 0.735677 0.553711 0.751302 0.556641 0.753906 0.562500 0.755208 0.563477 0.756510 0.573242 0.756510 0.574219 0.755208 0.578125 0.755208 0.594727 0.744792 0.600586 0.736979 0.593750 0.714844 0.590820 0.710938 0.580078 0.682292 0.569336 0.670573 0.562500 0.670573 0.561523 0.671875
0 0.507812 0.772135 0.505859 0.774740 0.503906 0.774740 0.500977 0.777344 0.498047 0.782552 0.494141 0.782552 0.496094 0.787760 0.494141 0.791667 0.491211 0.790365 0.490234 0.785156 0.489258 0.787760 0.489258 0.792969 0.491211 0.796875 0.491211 0.800781 0.487305 0.804688 0.487305 0.809896 0.488281 0.811198 0.488281 0.816406 0.490234 0.825521 0.493164 0.833333 0.500000 0.842448 0.502930 0.843750 0.508789 0.850260 0.523438 0.858073 0.531250 0.859375 0.535156 0.855469 0.541016 0.842448 0.543945 0.838542 0.547852 0.826823 0.547852 0.821615 0.543945 0.813802 0.543945 0.811198 0.538086 0.795573 0.538086 0.791667 0.535156 0.782552 0.529297 0.773438 0.526367 0.773438 0.525391 0.772135 0.515625 0.772135 0.514648 0.770833
0 0.603516 0.738281 0.599609 0.740885 0.596680 0.746094 0.587891 0.752604 0.585938 0.756510 0.580078 0.756510 0.579102 0.757812 0.577148 0.757812 0.574219 0.760417 0.570312 0.766927 0.572266 0.779948 0.574219 0.782552 0.576172 0.789062 0.579102 0.792969 0.582031 0.802083 0.589844 0.813802 0.591797 0.813802 0.592773 0.815104 0.599609 0.813802 0.608398 0.805990 0.617188 0.800781 0.622070 0.795573 0.626953 0.792969 0.629883 0.789062 0.630859 0.779948 0.631836 0.778646 0.630859 0.774740 0.628906 0.773438 0.625977 0.768229 0.626953 0.766927 0.626953 0.761719 0.625977 0.760417 0.624023 0.750000 0.619141 0.746094 0.615234 0.750000 0.610352 0.750000 0.609375 0.748698 0.607422 0.748698 0.604492 0.746094 0.604492 0.740885
0 0.598633 0.821615 0.591797 0.819010 0.586914 0.815104 0.576172 0.815104 0.575195 0.816406 0.573242 0.816406 0.568359 0.821615 0.560547 0.826823 0.554688 0.828125 0.552734 0.825521 0.543945 0.841146 0.541016 0.851562 0.544922 0.858073 0.548828 0.860677 0.556641 0.869792 0.567383 0.876302 0.571289 0.876302 0.572266 0.877604 0.579102 0.877604 0.583984 0.871094 0.589844 0.867188 0.594727 0.860677 0.594727 0.859375 0.599609 0.851562 0.602539 0.843750 0.602539 0.835938 0.603516 0.834635 0.603516 0.830729
0 0.680664 0.710938 0.676758 0.709635 0.666992 0.717448 0.661133 0.718750 0.660156 0.720052 0.656250 0.720052 0.654297 0.717448 0.654297 0.713542 0.658203 0.709635 0.658203 0.707031 0.657227 0.708333 0.650391 0.708333 0.648438 0.709635 0.647461 0.712240 0.640625 0.714844 0.637695 0.717448 0.636719 0.722656 0.631836 0.729167 0.628906 0.738281 0.626953 0.740885 0.628906 0.747396 0.637695 0.761719 0.638672 0.765625 0.643555 0.772135 0.646484 0.773438 0.653320 0.781250 0.659180 0.782552 0.660156 0.781250 0.664062 0.781250 0.667969 0.778646 0.676758 0.776042 0.678711 0.773438 0.680664 0.773438 0.690430 0.766927 0.693359 0.763021 0.694336 0.759115 0.694336 0.744792 0.690430 0.734375 0.690430 0.730469 0.688477 0.723958
0 0.642578 0.779948 0.640625 0.782552 0.635742 0.783854 0.626953 0.795573 0.622070 0.798177 0.617188 0.803385 0.615234 0.803385 0.608398 0.812500 0.607422 0.812500 0.605469 0.816406 0.605469 0.820312 0.609375 0.829427 0.616211 0.837240 0.617188 0.837240 0.622070 0.843750 0.628906 0.847656 0.632812 0.847656 0.637695 0.851562 0.640625 0.851562 0.642578 0.850260 0.645508 0.846354 0.650391 0.843750 0.653320 0.839844 0.654297 0.839844 0.660156 0.832031 0.661133 0.826823 0.662109 0.825521 0.662109 0.821615 0.663086 0.820312 0.663086 0.802083 0.662109 0.800781 0.661133 0.794271 0.656250 0.786458 0.650391 0.782552 0.647461 0.782552 0.646484 0.781250 0.643555 0.781250
0 0.720703 0.769531 0.709961 0.769531 0.708984 0.770833 0.702148 0.770833 0.701172 0.772135 0.696289 0.769531 0.692383 0.769531 0.691406 0.770833 0.685547 0.772135 0.672852 0.783854 0.667969 0.791667 0.666992 0.800781 0.669922 0.808594 0.676758 0.817708 0.676758 0.819010 0.681641 0.824219 0.699219 0.834635 0.702148 0.834635 0.718750 0.824219 0.725586 0.815104 0.727539 0.805990 0.728516 0.804688 0.728516 0.800781 0.729492 0.799479 0.729492 0.789062 0.727539 0.782552 0.727539 0.777344 0.724609 0.772135
0 0.790039 0.759115 0.786133 0.755208 0.781250 0.755208 0.770508 0.746094 0.752930 0.743490 0.750977 0.744792 0.750977 0.746094 0.746094 0.752604 0.746094 0.755208 0.748047 0.756510 0.747070 0.757812 0.744141 0.757812 0.739258 0.764323 0.739258 0.766927 0.735352 0.769531 0.730469 0.778646 0.730469 0.787760 0.731445 0.789062 0.731445 0.791667 0.734375 0.796875 0.735352 0.796875 0.744141 0.807292 0.749023 0.809896 0.754883 0.809896 0.760742 0.805990 0.770508 0.795573 0.774414 0.792969 0.780273 0.785156 0.787109 0.782552 0.787109 0.772135 0.790039 0.765625
0 0.607422 0.842448 0.604492 0.845052 0.601562 0.852865 0.598633 0.856771 0.598633 0.859375 0.592773 0.868490 0.592773 0.877604 0.598633 0.893229 0.600586 0.902344 0.605469 0.910156 0.606445 0.914062 0.610352 0.919271 0.634766 0.942708 0.642578 0.942708 0.651367 0.929688 0.660156 0.912760 0.661133 0.908854 0.661133 0.897135 0.654297 0.876302 0.654297 0.873698 0.648438 0.863281 0.640625 0.856771 0.631836 0.851562 0.628906 0.851562 0.616211 0.842448
0 0.673828 0.820312 0.669922 0.824219 0.669922 0.825521 0.665039 0.832031 0.662109 0.833333 0.662109 0.834635 0.654297 0.845052 0.653320 0.850260 0.649414 0.855469 0.649414 0.856771 0.654297 0.863281 0.655273 0.871094 0.660156 0.882812 0.667969 0.890625 0.675781 0.895833 0.683594 0.903646 0.687500 0.903646 0.705078 0.893229 0.712891 0.884115 0.713867 0.861979 0.711914 0.856771 0.701172 0.843750 0.698242 0.842448 0.692383 0.834635 0.689453 0.833333 0.685547 0.829427 0.683594 0.829427 0.676758 0.821615 0.674805 0.821615
0 0.710938 0.833333 0.711914 0.851562 0.716797 0.861979 0.722656 0.868490 0.735352 0.875000 0.745117 0.875000 0.746094 0.873698 0.751953 0.873698 0.752930 0.872396 0.762695 0.869792 0.766602 0.863281 0.772461 0.845052 0.772461 0.837240 0.771484 0.835938 0.771484 0.829427 0.770508 0.828125 0.770508 0.819010 0.768555 0.812500 0.766602 0.811198 0.744141 0.812500 0.740234 0.808594 0.735352 0.808594 0.733398 0.811198 0.729492 0.812500 0.723633 0.821615 0.723633 0.822917 0.716797 0.830729 0.712891 0.830729
