0 0.333008 0.109375 0.330078 0.111979 0.310547 0.143229 0.307617 0.156250 0.303711 0.158854 0.302734 0.161458 0.306641 0.180990 0.306641 0.188802 0.311523 0.200521 0.325195 0.220052 0.330078 0.218750 0.335938 0.223958 0.355469 0.227865 0.364258 0.214844 0.368164 0.204427 0.368164 0.200521 0.371094 0.196615 0.374023 0.187500 0.378906 0.182292 0.386719 0.178385 0.389648 0.173177 0.385742 0.136719 0.376953 0.125000 0.375977 0.119792 0.373047 0.115885 0.368164 0.113281 0.350586 0.108073
0 0.250000 0.194010 0.246094 0.191406 0.241211 0.191406 0.240234 0.192708 0.231445 0.192708 0.230469 0.194010 0.216797 0.194010 0.215820 0.195312 0.204102 0.194010 0.199219 0.195312 0.192383 0.199219 0.184570 0.212240 0.181641 0.221354 0.181641 0.239583 0.183594 0.247396 0.189453 0.253906 0.200195 0.274740 0.209961 0.286458 0.212891 0.287760 0.216797 0.282552 0.219727 0.281250 0.228516 0.281250 0.237305 0.278646 0.261719 0.252604 0.263672 0.247396 0.262695 0.242188 0.259766 0.240885 0.256836 0.234375 0.256836 0.223958 0.258789 0.216146 0.253906 0.199219
0 0.438477 0.110677 0.424805 0.115885 0.412109 0.132812 0.410156 0.139323 0.409180 0.154948 0.416016 0.180990 0.424805 0.194010 0.424805 0.196615 0.431641 0.212240 0.435547 0.217448 0.442383 0.218750 0.451172 0.225260 0.454102 0.225260 0.456055 0.222656 0.456055 0.220052 0.446289 0.218750 0.445312 0.216146 0.447266 0.213542 0.453125 0.213542 0.458984 0.208333 0.461914 0.208333 0.472656 0.197917 0.475586 0.191406 0.475586 0.182292 0.477539 0.171875 0.482422 0.165365 0.482422 0.154948 0.477539 0.147135 0.475586 0.138021 0.464844 0.119792 0.461914 0.118490 0.458008 0.113281 0.448242 0.110677
0 0.415039 0.183594 0.410156 0.179688 0.406250 0.179688 0.405273 0.178385 0.394531 0.178385 0.390625 0.180990 0.372070 0.205729 0.368164 0.213542 0.357422 0.229167 0.356445 0.231771 0.356445 0.244792 0.358398 0.252604 0.362305 0.260417 0.365234 0.263021 0.366211 0.268229 0.369141 0.272135 0.374023 0.272135 0.378906 0.274740 0.386719 0.274740 0.390625 0.277344 0.396484 0.277344 0.400391 0.272135 0.411133 0.269531 0.413086 0.264323 0.420898 0.252604 0.421875 0.248698 0.428711 0.240885 0.429688 0.233073 0.423828 0.213542 0.423828 0.208333 0.420898 0.197917 0.420898 0.194010
0 0.339844 0.229167 0.327148 0.229167 0.326172 0.227865 0.325195 0.229167 0.321289 0.229167 0.313477 0.235677 0.300781 0.235677 0.293945 0.239583 0.286133 0.251302 0.286133 0.256510 0.284180 0.260417 0.284180 0.268229 0.287109 0.276042 0.292969 0.283854 0.300781 0.302083 0.312500 0.317708 0.325195 0.316406 0.340820 0.299479 0.343750 0.290365 0.352539 0.279948 0.357422 0.278646 0.359375 0.274740 0.359375 0.263021 0.354492 0.246094 0.345703 0.233073
0 0.216797 0.307292 0.211914 0.309896 0.210938 0.312500 0.206055 0.316406 0.202148 0.317708 0.189453 0.334635 0.187500 0.339844 0.184570 0.342448 0.182617 0.347656 0.182617 0.354167 0.181641 0.355469 0.181641 0.372396 0.184570 0.372396 0.190430 0.381510 0.201172 0.389323 0.212891 0.393229 0.224609 0.402344 0.233398 0.403646 0.244141 0.394531 0.255859 0.378906 0.255859 0.375000 0.253906 0.372396 0.250977 0.339844 0.248047 0.330729 0.249023 0.322917 0.248047 0.320312 0.243164 0.320312 0.234375 0.313802 0.231445 0.313802 0.225586 0.308594 0.218750 0.308594
0 0.317383 0.334635 0.305664 0.333333 0.304688 0.334635 0.295898 0.335938 0.282227 0.345052 0.272461 0.355469 0.266602 0.358073 0.263672 0.361979 0.262695 0.365885 0.263672 0.394531 0.264648 0.395833 0.264648 0.404948 0.266602 0.411458 0.266602 0.417969 0.268555 0.424479 0.281250 0.442708 0.288086 0.442708 0.294922 0.434896 0.303711 0.429688 0.317383 0.415365 0.326172 0.408854 0.334961 0.395833 0.334961 0.376302 0.333984 0.371094 0.327148 0.356771 0.327148 0.354167 0.324219 0.350260 0.324219 0.345052 0.322266 0.339844
0 0.212891 0.406250 0.202148 0.415365 0.193359 0.432292 0.187500 0.466146 0.189453 0.488281 0.198242 0.500000 0.208984 0.507812 0.223633 0.513021 0.239258 0.506510 0.248047 0.506510 0.252930 0.502604 0.252930 0.500000 0.257812 0.492188 0.263672 0.490885 0.264648 0.488281 0.263672 0.477865 0.261719 0.480469 0.260742 0.488281 0.258789 0.489583 0.256836 0.486979 0.257812 0.480469 0.253906 0.476562 0.253906 0.468750 0.255859 0.464844 0.255859 0.446615 0.253906 0.438802 0.253906 0.430990 0.250977 0.428385 0.250000 0.423177 0.251953 0.420573 0.254883 0.427083 0.258789 0.424479 0.255859 0.420573 0.255859 0.414062 0.243164 0.410156 0.233398 0.410156 0.220703 0.403646
0 0.180664 0.502604 0.170898 0.507812 0.169922 0.511719 0.163086 0.520833 0.157227 0.533854 0.157227 0.537760 0.155273 0.545573 0.152344 0.549479 0.151367 0.557292 0.158203 0.570312 0.159180 0.579427 0.162109 0.587240 0.168945 0.597656 0.181641 0.605469 0.193359 0.608073 0.200195 0.605469 0.206055 0.600260 0.209961 0.582031 0.214844 0.571615 0.218750 0.566406 0.225586 0.546875 0.225586 0.539062 0.216797 0.522135 0.208008 0.511719 0.201172 0.507812 0.197266 0.507812 0.194336 0.505208 0.187500 0.505208
0 0.251953 0.544271 0.230469 0.559896 0.221680 0.567708 0.215820 0.575521 0.211914 0.584635 0.209961 0.593750 0.209961 0.611979 0.217773 0.627604 0.224609 0.635417 0.234375 0.640625 0.243164 0.648438 0.255859 0.652344 0.266602 0.644531 0.274414 0.643229 0.282227 0.639323 0.288086 0.634115 0.297852 0.622396 0.296875 0.614583 0.298828 0.610677 0.296875 0.595052 0.294922 0.592448 0.295898 0.585938 0.293945 0.583333 0.291016 0.583333 0.287109 0.574219 0.282227 0.571615 0.266602 0.553385
0 0.294922 0.476562 0.286133 0.480469 0.273438 0.494792 0.267578 0.511719 0.257812 0.527344 0.257812 0.533854 0.259766 0.540365 0.264648 0.549479 0.271484 0.554688 0.281250 0.566406 0.289062 0.570312 0.297852 0.578125 0.305664 0.578125 0.307617 0.575521 0.317383 0.570312 0.328125 0.558594 0.335938 0.542969 0.336914 0.520833 0.339844 0.516927 0.336914 0.515625 0.335938 0.507812 0.333008 0.498698 0.319336 0.481771 0.303711 0.476562
0 0.357422 0.545573 0.351562 0.546875 0.344727 0.552083 0.340820 0.552083 0.331055 0.558594 0.322266 0.569010 0.315430 0.572917 0.306641 0.580729 0.308594 0.588542 0.308594 0.600260 0.311523 0.609375 0.312500 0.621094 0.322266 0.632812 0.324219 0.632812 0.330078 0.639323 0.339844 0.639323 0.345703 0.636719 0.354492 0.636719 0.368164 0.631510 0.375000 0.623698 0.376953 0.614583 0.379883 0.617188 0.381836 0.615885 0.378906 0.614583 0.378906 0.604167 0.381836 0.600260 0.381836 0.596354 0.379883 0.592448 0.379883 0.585938 0.375977 0.579427 0.375000 0.574219 0.366211 0.565104 0.364258 0.561198 0.362305 0.550781
0 0.392578 0.716146 0.384766 0.725260 0.383789 0.731771 0.379883 0.739583 0.379883 0.743490 0.377930 0.747396 0.375977 0.765625 0.376953 0.796875 0.379883 0.802083 0.387695 0.809896 0.393555 0.813802 0.396484 0.813802 0.405273 0.825521 0.415039 0.832031 0.426758 0.835938 0.429688 0.832031 0.430664 0.825521 0.436523 0.808594 0.436523 0.803385 0.438477 0.798177 0.439453 0.786458 0.443359 0.768229 0.446289 0.740885 0.445312 0.738281 0.441406 0.736979 0.439453 0.730469 0.430664 0.718750 0.422852 0.716146 0.416016 0.720052 0.411133 0.725260 0.404297 0.725260 0.396484 0.714844
0 0.461914 0.772135 0.449219 0.779948 0.447266 0.782552 0.445312 0.790365 0.442383 0.794271 0.440430 0.813802 0.437500 0.824219 0.437500 0.832031 0.438477 0.834635 0.442383 0.835938 0.445312 0.842448 0.450195 0.846354 0.461914 0.860677 0.463867 0.861979 0.473633 0.861979 0.474609 0.863281 0.479492 0.863281 0.481445 0.865885 0.486328 0.865885 0.494141 0.856771 0.498047 0.854167 0.507812 0.839844 0.507812 0.837240 0.512695 0.825521 0.512695 0.813802 0.513672 0.812500 0.514648 0.798177 0.510742 0.790365 0.500977 0.783854 0.493164 0.782552 0.492188 0.781250 0.482422 0.781250 0.475586 0.776042 0.469727 0.774740 0.466797 0.772135
0 0.424805 0.610677 0.422852 0.615885 0.419922 0.615885 0.415039 0.618490 0.410156 0.618490 0.399414 0.623698 0.395508 0.623698 0.382812 0.641927 0.380859 0.647135 0.380859 0.652344 0.378906 0.660156 0.378906 0.671875 0.379883 0.675781 0.385742 0.683594 0.392578 0.686198 0.402344 0.694010 0.411133 0.696615 0.415039 0.700521 0.418945 0.700521 0.427734 0.704427 0.437500 0.699219 0.440430 0.695312 0.447266 0.674479 0.448242 0.656250 0.446289 0.652344 0.444336 0.643229 0.445312 0.636719 0.438477 0.626302 0.438477 0.621094 0.436523 0.619792 0.435547 0.615885 0.433594 0.615885 0.430664 0.611979
0 0.500977 0.621094 0.492188 0.621094 0.485352 0.623698 0.470703 0.639323 0.467773 0.639323 0.460938 0.653646 0.458008 0.664062 0.459961 0.684896 0.465820 0.708333 0.469727 0.716146 0.477539 0.723958 0.484375 0.726562 0.490234 0.726562 0.494141 0.723958 0.501953 0.722656 0.516602 0.716146 0.527344 0.705729 0.532227 0.692708 0.532227 0.688802 0.521484 0.661458 0.516602 0.653646 0.513672 0.643229 0.508789 0.634115 0.506836 0.627604
0 0.446289 0.540365 0.435547 0.554688 0.427734 0.572917 0.427734 0.578125 0.426758 0.579427 0.427734 0.592448 0.430664 0.598958 0.449219 0.622396 0.459961 0.623698 0.469727 0.627604 0.475586 0.625000 0.486328 0.614583 0.488281 0.614583 0.496094 0.604167 0.499023 0.597656 0.501953 0.585938 0.501953 0.557292 0.499023 0.553385 0.493164 0.552083 0.488281 0.548177 0.478516 0.544271 0.475586 0.540365 0.469727 0.537760 0.459961 0.539062 0.458984 0.540365 0.457031 0.539062
0 0.411133 0.492188 0.396484 0.490885 0.387695 0.497396 0.380859 0.507812 0.373047 0.513021 0.374023 0.516927 0.370117 0.526042 0.370117 0.531250 0.368164 0.539062 0.366211 0.541667 0.366211 0.544271 0.364258 0.548177 0.364258 0.554688 0.366211 0.562500 0.377930 0.571615 0.383789 0.578125 0.387695 0.579427 0.391602 0.585938 0.401367 0.584635 0.418945 0.567708 0.423828 0.565104 0.437500 0.546875 0.440430 0.539062 0.439453 0.531250 0.434570 0.515625 0.422852 0.500000 0.418945 0.498698 0.414062 0.493490
0 0.373047 0.401042 0.365234 0.399740 0.361328 0.402344 0.356445 0.402344 0.350586 0.404948 0.339844 0.404948 0.332031 0.408854 0.328125 0.414062 0.327148 0.445312 0.323242 0.454427 0.326172 0.476562 0.330078 0.481771 0.332031 0.481771 0.344727 0.498698 0.360352 0.500000 0.365234 0.496094 0.374023 0.493490 0.382812 0.480469 0.382812 0.477865 0.385742 0.473958 0.386719 0.470052 0.396484 0.455729 0.397461 0.442708 0.399414 0.441406 0.399414 0.429688 0.396484 0.437500 0.392578 0.437500 0.390625 0.434896 0.389648 0.428385 0.386719 0.421875 0.382812 0.416667 0.378906 0.407552
0 0.373047 0.276042 0.367188 0.276042 0.364258 0.278646 0.355469 0.281250 0.348633 0.286458 0.344727 0.291667 0.342773 0.299479 0.337891 0.305990 0.333008 0.308594 0.325195 0.324219 0.327148 0.330729 0.326172 0.342448 0.329102 0.350260 0.329102 0.354167 0.338867 0.377604 0.344727 0.382812 0.350586 0.382812 0.361328 0.390625 0.379883 0.389323 0.383789 0.386719 0.384766 0.384115 0.387695 0.384115 0.392578 0.377604 0.392578 0.375000 0.395508 0.369792 0.396484 0.365885 0.395508 0.355469 0.402344 0.339844 0.400391 0.330729 0.401367 0.319010 0.396484 0.303385 0.388672 0.294271 0.380859 0.281250 0.376953 0.279948
0 0.520508 0.192708 0.507812 0.191406 0.499023 0.195312 0.489258 0.195312 0.481445 0.197917 0.477539 0.203125 0.473633 0.212240 0.466797 0.220052 0.460938 0.234375 0.458984 0.244792 0.459961 0.272135 0.461914 0.274740 0.465820 0.274740 0.477539 0.282552 0.489258 0.299479 0.499023 0.300781 0.506836 0.298177 0.516602 0.300781 0.518555 0.290365 0.520508 0.287760 0.522461 0.279948 0.522461 0.274740 0.524414 0.270833 0.529297 0.266927 0.529297 0.260417 0.531250 0.253906 0.538086 0.239583 0.538086 0.226562 0.534180 0.212240 0.530273 0.203125
0 0.446289 0.276042 0.431641 0.285156 0.415039 0.304688 0.409180 0.321615 0.409180 0.337240 0.414062 0.352865 0.422852 0.364583 0.430664 0.371094 0.435547 0.378906 0.452148 0.381510 0.458984 0.375000 0.463867 0.367188 0.470703 0.361979 0.486328 0.345052 0.493164 0.341146 0.495117 0.335938 0.495117 0.329427 0.487305 0.303385 0.481445 0.291667 0.477539 0.289062 0.474609 0.289062 0.469727 0.283854 0.459961 0.282552
0 0.416016 0.407552 0.413086 0.414062 0.413086 0.425781 0.411133 0.432292 0.411133 0.442708 0.410156 0.444010 0.413086 0.464844 0.417969 0.473958 0.426758 0.477865 0.432617 0.483073 0.444336 0.483073 0.458984 0.477865 0.461914 0.481771 0.462891 0.480469 0.461914 0.476562 0.463867 0.473958 0.470703 0.470052 0.479492 0.457031 0.480469 0.453125 0.484375 0.446615 0.483398 0.430990 0.475586 0.415365 0.468750 0.406250 0.458008 0.398438 0.451172 0.395833 0.438477 0.395833 0.427734 0.399740 0.419922 0.406250
0 0.565430 0.158854 0.559570 0.162760 0.546875 0.179688 0.539062 0.199219 0.540039 0.207031 0.541992 0.210938 0.541992 0.216146 0.544922 0.218750 0.548828 0.227865 0.549805 0.244792 0.557617 0.253906 0.560547 0.255208 0.563477 0.252604 0.575195 0.252604 0.579102 0.255208 0.588867 0.266927 0.596680 0.268229 0.599609 0.265625 0.600586 0.260417 0.606445 0.251302 0.613281 0.244792 0.616211 0.236979 0.618164 0.225260 0.618164 0.200521 0.623047 0.194010 0.624023 0.188802 0.611328 0.179688 0.601562 0.167969 0.583984 0.157552
0 0.573242 0.255208 0.566406 0.256510 0.563477 0.264323 0.556641 0.269531 0.546875 0.282552 0.534180 0.303385 0.532227 0.309896 0.531250 0.322917 0.534180 0.337240 0.538086 0.345052 0.540039 0.352865 0.552734 0.365885 0.575195 0.364583 0.582031 0.361979 0.587891 0.355469 0.594727 0.352865 0.602539 0.339844 0.602539 0.322917 0.601562 0.321615 0.601562 0.308594 0.598633 0.282552 0.596680 0.277344 0.593750 0.274740 0.578125 0.273438 0.574219 0.268229 0.574219 0.263021 0.576172 0.261719 0.577148 0.264323 0.581055 0.264323 0.581055 0.261719
0 0.493164 0.371094 0.481445 0.380208 0.477539 0.386719 0.477539 0.389323 0.472656 0.401042 0.472656 0.408854 0.480469 0.416667 0.481445 0.420573 0.492188 0.440104 0.496094 0.450521 0.501953 0.457031 0.506836 0.458333 0.510742 0.462240 0.522461 0.462240 0.528320 0.459635 0.538086 0.450521 0.543945 0.437500 0.546875 0.425781 0.548828 0.423177 0.549805 0.407552 0.548828 0.406250 0.548828 0.398438 0.545898 0.390625 0.534180 0.372396 0.528320 0.367188 0.506836 0.365885
0 0.482422 0.458333 0.469727 0.476562 0.466797 0.488281 0.459961 0.497396 0.460938 0.511719 0.463867 0.522135 0.473633 0.535156 0.487305 0.541667 0.491211 0.541667 0.500000 0.545573 0.507812 0.545573 0.515625 0.541667 0.529297 0.526042 0.531250 0.519531 0.535156 0.513021 0.538086 0.498698 0.538086 0.486979 0.536133 0.477865 0.532227 0.470052 0.528320 0.467448 0.512695 0.468750 0.504883 0.466146 0.500000 0.462240 0.497070 0.462240 0.491211 0.458333
0 0.534180 0.821615 0.523438 0.834635 0.518555 0.846354 0.518555 0.850260 0.514648 0.856771 0.512695 0.864583 0.513672 0.884115 0.516602 0.897135 0.519531 0.903646 0.524414 0.910156 0.539062 0.920573 0.541016 0.924479 0.548828 0.929688 0.549805 0.928385 0.554688 0.928385 0.560547 0.924479 0.569336 0.923177 0.576172 0.914062 0.575195 0.899740 0.576172 0.898438 0.576172 0.888021 0.578125 0.880208 0.578125 0.865885 0.576172 0.856771 0.575195 0.839844 0.572266 0.833333 0.567383 0.832031 0.560547 0.822917 0.552734 0.820312
0 0.614258 0.841146 0.623047 0.841146 0.624023 0.846354 0.628906 0.851562 0.622070 0.856771 0.614258 0.854167 0.605469 0.855469 0.601562 0.850260 0.597656 0.850260 0.591797 0.855469 0.587891 0.855469 0.585938 0.861979 0.583008 0.865885 0.580078 0.878906 0.579102 0.910156 0.582031 0.916667 0.597656 0.930990 0.608398 0.946615 0.614258 0.950521 0.626953 0.966146 0.629883 0.964844 0.635742 0.955729 0.645508 0.933594 0.650391 0.912760 0.650391 0.884115 0.649414 0.876302 0.643555 0.869792 0.638672 0.860677 0.637695 0.855469 0.634766 0.854167 0.624023 0.841146
0 0.673828 0.880208 0.679688 0.899740 0.684570 0.908854 0.684570 0.917969 0.686523 0.924479 0.700195 0.937500 0.714844 0.941406 0.717773 0.944010 0.722656 0.944010 0.721680 0.941406 0.718750 0.940104 0.719727 0.938802 0.733398 0.940104 0.738281 0.938802 0.743164 0.934896 0.756836 0.907552 0.757812 0.882812 0.755859 0.873698 0.749023 0.859375 0.740234 0.851562 0.738281 0.851562 0.736328 0.854167 0.727539 0.854167 0.726562 0.852865 0.712891 0.852865 0.704102 0.850260 0.702148 0.852865 0.701172 0.863281 0.693359 0.875000 0.685547 0.875000 0.681641 0.882812 0.676758 0.882812
0 0.782227 0.842448 0.778320 0.846354 0.782227 0.848958 0.787109 0.847656 0.791992 0.850260 0.790039 0.852865 0.783203 0.854167 0.776367 0.859375 0.766602 0.871094 0.763672 0.871094 0.762695 0.889323 0.766602 0.907552 0.765625 0.914062 0.771484 0.927083 0.774414 0.937500 0.787109 0.950521 0.793945 0.951823 0.802734 0.946615 0.813477 0.944010 0.813477 0.938802 0.820312 0.925781 0.826172 0.923177 0.829102 0.916667 0.831055 0.908854 0.830078 0.897135 0.825195 0.877604 0.824219 0.865885 0.818359 0.855469 0.804688 0.850260 0.798828 0.845052 0.786133 0.845052
0 0.628906 0.779948 0.626953 0.787760 0.625000 0.790365 0.624023 0.817708 0.625000 0.824219 0.627930 0.829427 0.627930 0.834635 0.630859 0.841146 0.639648 0.851562 0.659180 0.865885 0.687500 0.872396 0.692383 0.872396 0.697266 0.867188 0.700195 0.860677 0.700195 0.852865 0.696289 0.841146 0.696289 0.833333 0.695312 0.832031 0.695312 0.816406 0.696289 0.815104 0.695312 0.792969 0.693359 0.785156 0.682617 0.770833 0.673828 0.761719 0.664062 0.765625 0.655273 0.765625 0.654297 0.766927 0.650391 0.764323 0.646484 0.764323 0.641602 0.769531 0.638672 0.776042 0.631836 0.779948
0 0.559570 0.697917 0.545898 0.697917 0.542969 0.699219 0.538086 0.705729 0.530273 0.710938 0.525391 0.717448 0.521484 0.717448 0.514648 0.721354 0.513672 0.726562 0.509766 0.725260 0.505859 0.730469 0.504883 0.734375 0.505859 0.763021 0.512695 0.787760 0.516602 0.794271 0.520508 0.795573 0.532227 0.805990 0.537109 0.808594 0.541016 0.808594 0.543945 0.811198 0.556641 0.809896 0.561523 0.804688 0.564453 0.796875 0.577148 0.742188 0.577148 0.734375 0.573242 0.716146
0 0.586914 0.667969 0.578125 0.679688 0.575195 0.688802 0.575195 0.696615 0.574219 0.697917 0.575195 0.700521 0.575195 0.716146 0.579102 0.736979 0.588867 0.747396 0.625000 0.774740 0.630859 0.776042 0.634766 0.773438 0.642578 0.757812 0.642578 0.752604 0.646484 0.743490 0.648438 0.733073 0.649414 0.710938 0.646484 0.690104 0.641602 0.683594 0.633789 0.677083 0.629883 0.675781 0.625977 0.671875 0.621094 0.670573 0.614258 0.664062 0.611328 0.665365 0.610352 0.664062 0.604492 0.665365 0.594727 0.664062
0 0.520508 0.593750 0.516602 0.598958 0.512695 0.610677 0.512695 0.628906 0.516602 0.644531 0.527344 0.657552 0.533203 0.667969 0.538086 0.670573 0.561523 0.671875 0.567383 0.669271 0.570312 0.665365 0.579102 0.660156 0.581055 0.657552 0.584961 0.656250 0.591797 0.649740 0.592773 0.640625 0.590820 0.635417 0.590820 0.627604 0.589844 0.626302 0.587891 0.606771 0.584961 0.602865 0.583008 0.596354 0.576172 0.588542 0.568359 0.584635 0.546875 0.584635 0.537109 0.588542 0.531250 0.588542 0.528320 0.591146
0 0.710938 0.699219 0.707031 0.704427 0.710938 0.709635 0.708984 0.712240 0.705078 0.713542 0.700195 0.718750 0.696289 0.718750 0.693359 0.716146 0.692383 0.710938 0.689453 0.717448 0.682617 0.721354 0.681641 0.726562 0.677734 0.731771 0.677734 0.736979 0.682617 0.740885 0.680664 0.752604 0.685547 0.756510 0.688477 0.765625 0.694336 0.773438 0.702148 0.794271 0.706055 0.799479 0.713867 0.804688 0.726562 0.808594 0.739258 0.799479 0.750000 0.785156 0.752930 0.776042 0.755859 0.772135 0.756836 0.747396 0.753906 0.734375 0.754883 0.725260 0.751953 0.718750 0.743164 0.717448 0.739258 0.707031 0.737305 0.708333 0.736328 0.712240 0.729492 0.710938 0.728516 0.709635 0.730469 0.707031 0.736328 0.705729 0.732422 0.704427 0.729492 0.700521
0 0.775391 0.752604 0.773438 0.756510 0.771484 0.756510 0.766602 0.761719 0.762695 0.769531 0.760742 0.769531 0.758789 0.772135 0.757812 0.781250 0.753906 0.787760 0.753906 0.790365 0.756836 0.790365 0.758789 0.787760 0.760742 0.790365 0.760742 0.809896 0.762695 0.819010 0.768555 0.825521 0.789062 0.833333 0.803711 0.841146 0.818359 0.843750 0.826172 0.838542 0.832031 0.829427 0.832031 0.822917 0.833984 0.815104 0.833984 0.787760 0.829102 0.766927 0.820312 0.757812 0.817383 0.756510 0.814453 0.757812 0.810547 0.753906 0.803711 0.751302 0.793945 0.756510 0.791016 0.756510 0.782227 0.765625 0.777344 0.765625 0.775391 0.760417 0.776367 0.752604
0 0.845703 0.768229 0.842773 0.773438 0.842773 0.777344 0.838867 0.783854 0.840820 0.795573 0.832031 0.848958 0.833984 0.859375 0.840820 0.868490 0.863281 0.882812 0.880859 0.884115 0.892578 0.878906 0.899414 0.880208 0.903320 0.876302 0.913086 0.845052 0.915039 0.832031 0.912109 0.813802 0.908203 0.808594 0.905273 0.798177 0.900391 0.790365 0.892578 0.783854 0.889648 0.777344 0.886719 0.777344 0.879883 0.772135 0.875977 0.772135 0.865234 0.766927
0 0.610352 0.580729 0.607422 0.584635 0.602539 0.596354 0.602539 0.617188 0.606445 0.626302 0.608398 0.635417 0.612305 0.641927 0.612305 0.644531 0.616211 0.649740 0.621094 0.662760 0.625000 0.667969 0.638672 0.677083 0.645508 0.677083 0.651367 0.674479 0.664062 0.664062 0.670898 0.653646 0.672852 0.647135 0.674805 0.625000 0.672852 0.623698 0.669922 0.626302 0.666016 0.617188 0.667969 0.613281 0.670898 0.611979 0.670898 0.605469 0.668945 0.604167 0.667969 0.609375 0.666016 0.611979 0.660156 0.593750 0.657227 0.589844 0.655273 0.583333 0.651367 0.580729 0.633789 0.576823 0.631836 0.574219 0.621094 0.574219 0.615234 0.579427
0 0.717773 0.578125 0.714844 0.578125 0.705078 0.584635 0.701172 0.585938 0.696289 0.584635 0.692383 0.587240 0.687500 0.596354 0.684570 0.614583 0.680664 0.626302 0.680664 0.632812 0.678711 0.638021 0.678711 0.647135 0.677734 0.648438 0.680664 0.664062 0.687500 0.673177 0.697266 0.679688 0.717773 0.680990 0.726562 0.675781 0.731445 0.670573 0.737305 0.669271 0.741211 0.664062 0.743164 0.654948 0.749023 0.639323 0.749023 0.614583 0.746094 0.606771 0.746094 0.600260 0.741211 0.593750 0.734375 0.589844 0.729492 0.584635 0.722656 0.582031
0 0.794922 0.674479 0.793945 0.677083 0.793945 0.696615 0.791992 0.704427 0.794922 0.714844 0.799805 0.721354 0.811523 0.733073 0.817383 0.736979 0.828125 0.736979 0.829102 0.735677 0.838867 0.736979 0.839844 0.735677 0.846680 0.735677 0.852539 0.731771 0.858398 0.731771 0.865234 0.726562 0.867188 0.709635 0.869141 0.704427 0.869141 0.683594 0.868164 0.680990 0.849609 0.657552 0.836914 0.647135 0.833008 0.641927 0.828125 0.640625 0.821289 0.644531 0.814453 0.654948 0.810547 0.656250 0.804688 0.661458
0 0.893555 0.674479 0.890625 0.677083 0.888672 0.686198 0.884766 0.686198 0.881836 0.688802 0.885742 0.696615 0.884766 0.707031 0.887695 0.710938 0.887695 0.718750 0.882812 0.731771 0.887695 0.743490 0.888672 0.751302 0.892578 0.756510 0.899414 0.759115 0.905273 0.764323 0.913086 0.768229 0.926758 0.768229 0.928711 0.765625 0.950195 0.752604 0.962891 0.735677 0.963867 0.729167 0.966797 0.722656 0.965820 0.709635 0.958984 0.696615 0.949219 0.688802 0.939453 0.684896 0.935547 0.680990 0.919922 0.671875 0.909180 0.675781 0.902344 0.673177 0.902344 0.675781 0.899414 0.680990 0.896484 0.677083 0.896484 0.674479
0 0.950195 0.565104 0.947266 0.563802 0.936523 0.563802 0.932617 0.567708 0.924805 0.570312 0.916992 0.578125 0.906250 0.592448 0.900391 0.596354 0.900391 0.606771 0.901367 0.608073 0.900391 0.628906 0.902344 0.632812 0.903320 0.640625 0.908203 0.647135 0.908203 0.652344 0.905273 0.653646 0.905273 0.657552 0.909180 0.662760 0.914062 0.665365 0.922852 0.666667 0.934570 0.653646 0.939453 0.652344 0.950195 0.643229 0.969727 0.621094 0.972656 0.600260 0.968750 0.585938 0.958984 0.572917
0 0.778320 0.541667 0.769531 0.561198 0.760742 0.574219 0.756836 0.591146 0.753906 0.596354 0.753906 0.601562 0.757812 0.609375 0.759766 0.609375 0.763672 0.615885 0.764648 0.628906 0.774414 0.639323 0.791992 0.648438 0.801758 0.648438 0.806641 0.644531 0.820312 0.641927 0.831055 0.634115 0.840820 0.619792 0.842773 0.609375 0.842773 0.598958 0.833984 0.580729 0.821289 0.562500 0.812500 0.544271 0.808594 0.541667 0.792969 0.537760 0.787109 0.537760
0 0.564453 0.488281 0.560547 0.492188 0.554688 0.502604 0.553711 0.522135 0.550781 0.537760 0.550781 0.554688 0.557617 0.565104 0.573242 0.578125 0.576172 0.582031 0.584961 0.584635 0.590820 0.584635 0.595703 0.579427 0.601562 0.576823 0.611328 0.563802 0.624023 0.553385 0.626953 0.548177 0.626953 0.541667 0.622070 0.523438 0.619141 0.518229 0.614258 0.514323 0.595703 0.490885 0.587891 0.484375
0 0.634766 0.480469 0.628906 0.485677 0.625000 0.492188 0.621094 0.503906 0.621094 0.515625 0.625000 0.524740 0.633789 0.565104 0.636719 0.569010 0.644531 0.574219 0.654297 0.578125 0.666016 0.579427 0.666992 0.580729 0.675781 0.580729 0.686523 0.570312 0.687500 0.558594 0.693359 0.549479 0.697266 0.532552 0.696289 0.531250 0.696289 0.520833 0.694336 0.513021 0.689453 0.502604 0.688477 0.490885 0.683594 0.485677 0.659180 0.477865 0.642578 0.476562
0 0.772461 0.471354 0.767578 0.467448 0.731445 0.468750 0.727539 0.470052 0.722656 0.475260 0.711914 0.477865 0.703125 0.490885 0.698242 0.502604 0.698242 0.506510 0.702148 0.511719 0.703125 0.532552 0.708008 0.550781 0.715820 0.555990 0.721680 0.554688 0.728516 0.559896 0.732422 0.559896 0.740234 0.566406 0.752930 0.565104 0.762695 0.552083 0.765625 0.550781 0.772461 0.533854 0.774414 0.522135 0.780273 0.501302 0.779297 0.488281
0 0.850586 0.485677 0.848633 0.485677 0.848633 0.486979 0.851562 0.489583 0.851562 0.492188 0.848633 0.496094 0.837891 0.494792 0.829102 0.498698 0.825195 0.503906 0.819336 0.516927 0.819336 0.524740 0.812500 0.537760 0.821289 0.558594 0.827148 0.569010 0.836914 0.582031 0.841797 0.582031 0.854492 0.571615 0.860352 0.570312 0.872070 0.561198 0.876953 0.559896 0.886719 0.550781 0.889648 0.549479 0.894531 0.549479 0.895508 0.550781 0.896484 0.549479 0.896484 0.544271 0.891602 0.528646 0.875000 0.500000 0.863281 0.494792 0.861328 0.492188
0 0.985352 0.470052 0.981445 0.467448 0.977539 0.467448 0.962891 0.455729 0.947266 0.449219 0.930664 0.450521 0.927734 0.453125 0.917969 0.454427 0.908203 0.460938 0.906250 0.464844 0.907227 0.468750 0.916016 0.471354 0.917969 0.476562 0.916992 0.480469 0.914062 0.484375 0.909180 0.486979 0.906250 0.492188 0.911133 0.506510 0.909180 0.516927 0.904297 0.524740 0.901367 0.522135 0.899414 0.522135 0.899414 0.524740 0.904297 0.535156 0.914062 0.548177 0.918945 0.550781 0.923828 0.550781 0.932617 0.555990 0.942383 0.554688 0.954102 0.542969 0.957031 0.536458 0.983398 0.502604 0.990234 0.483073 0.989258 0.475260
0 0.617188 0.390625 0.614258 0.388021 0.606445 0.385417 0.598633 0.385417 0.593750 0.388021 0.583984 0.389323 0.579102 0.391927 0.573242 0.391927 0.569336 0.394531 0.563477 0.395833 0.553711 0.412760 0.552734 0.417969 0.553711 0.420573 0.554688 0.442708 0.556641 0.447917 0.556641 0.458333 0.555664 0.459635 0.556641 0.464844 0.564453 0.466146 0.565430 0.467448 0.578125 0.467448 0.583008 0.470052 0.599609 0.470052 0.603516 0.467448 0.613281 0.467448 0.615234 0.466146 0.617188 0.462240 0.619141 0.451823 0.624023 0.444010 0.625977 0.437500 0.625977 0.412760 0.621094 0.397135
0 0.685547 0.385417 0.679688 0.384115 0.678711 0.385417 0.667969 0.386719 0.658203 0.391927 0.644531 0.403646 0.638672 0.404948 0.635742 0.408854 0.633789 0.416667 0.633789 0.424479 0.632812 0.425781 0.632812 0.445312 0.634766 0.447917 0.638672 0.460938 0.644531 0.468750 0.646484 0.470052 0.658203 0.470052 0.669922 0.475260 0.670898 0.473958 0.693359 0.472656 0.695312 0.470052 0.699219 0.468750 0.702148 0.464844 0.706055 0.449219 0.706055 0.440104 0.707031 0.438802 0.706055 0.423177 0.702148 0.411458 0.695312 0.402344 0.690430 0.390625
0 0.771484 0.389323 0.769531 0.393229 0.769531 0.398438 0.767578 0.403646 0.763672 0.407552 0.763672 0.412760 0.762695 0.414062 0.759766 0.414062 0.756836 0.417969 0.753906 0.427083 0.752930 0.444010 0.756836 0.450521 0.758789 0.458333 0.763672 0.460938 0.767578 0.460938 0.779297 0.473958 0.794922 0.473958 0.798828 0.470052 0.804688 0.468750 0.810547 0.463542 0.816406 0.460938 0.818359 0.458333 0.820312 0.451823 0.819336 0.438802 0.820312 0.437500 0.821289 0.425781 0.818359 0.416667 0.811523 0.407552 0.806641 0.404948 0.801758 0.399740 0.794922 0.398438 0.783203 0.391927 0.772461 0.390625
0 0.900391 0.372396 0.895508 0.367188 0.885742 0.368490 0.871094 0.375000 0.865234 0.375000 0.859375 0.378906 0.851562 0.380208 0.848633 0.382812 0.839844 0.385417 0.832031 0.393229 0.834961 0.398438 0.831055 0.406250 0.830078 0.411458 0.826172 0.415365 0.822266 0.415365 0.823242 0.423177 0.822266 0.446615 0.826172 0.455729 0.833984 0.462240 0.845703 0.466146 0.864258 0.467448 0.883789 0.455729 0.888672 0.450521 0.892578 0.450521 0.896484 0.447917 0.903320 0.420573 0.902344 0.378906
0 0.633789 0.272135 0.625000 0.278646 0.620117 0.295573 0.610352 0.309896 0.607422 0.325521 0.608398 0.342448 0.611328 0.348958 0.618164 0.358073 0.625000 0.361979 0.644531 0.365885 0.650391 0.371094 0.652344 0.369792 0.662109 0.369792 0.679688 0.352865 0.686523 0.343750 0.690430 0.326823 0.691406 0.303385 0.685547 0.296875 0.683594 0.296875 0.658203 0.279948 0.653320 0.278646 0.644531 0.272135
0 0.778320 0.361979 0.771484 0.338542 0.761719 0.324219 0.742188 0.325521 0.726562 0.329427 0.714844 0.329427 0.701172 0.334635 0.693359 0.345052 0.689453 0.346354 0.690430 0.350260 0.687500 0.360677 0.686523 0.376302 0.687500 0.381510 0.694336 0.388021 0.697266 0.393229 0.702148 0.395833 0.705078 0.402344 0.708984 0.403646 0.712891 0.408854 0.712891 0.411458 0.717773 0.411458 0.720703 0.408854 0.721680 0.410156 0.734375 0.408854 0.740234 0.411458 0.754883 0.412760 0.760742 0.406250 0.766602 0.390625 0.774414 0.380208
0 0.653320 0.191406 0.645508 0.197917 0.636719 0.209635 0.632812 0.218750 0.628906 0.221354 0.625000 0.226562 0.624023 0.236979 0.622070 0.243490 0.624023 0.257812 0.632812 0.270833 0.636719 0.270833 0.637695 0.269531 0.644531 0.270833 0.654297 0.277344 0.660156 0.278646 0.664062 0.282552 0.674805 0.286458 0.685547 0.273438 0.685547 0.270833 0.689453 0.260417 0.690430 0.250000 0.693359 0.242188 0.694336 0.214844 0.692383 0.208333 0.690430 0.205729 0.686523 0.204427 0.675781 0.196615 0.661133 0.190104
0 0.741211 0.226562 0.732422 0.229167 0.720703 0.227865 0.710938 0.230469 0.705078 0.234375 0.694336 0.247396 0.693359 0.251302 0.694336 0.292969 0.695312 0.298177 0.700195 0.305990 0.700195 0.308594 0.705078 0.315104 0.714844 0.320312 0.736328 0.320312 0.740234 0.319010 0.745117 0.312500 0.748047 0.304688 0.753906 0.295573 0.762695 0.285156 0.765625 0.287760 0.764648 0.292969 0.768555 0.292969 0.767578 0.291667 0.767578 0.282552 0.768555 0.281250 0.767578 0.263021 0.760742 0.248698 0.746094 0.230469
0 0.750977 0.302083 0.747070 0.312500 0.743164 0.319010 0.743164 0.321615 0.744141 0.322917 0.759766 0.322917 0.760742 0.321615 0.762695 0.321615 0.764648 0.324219 0.765625 0.328125 0.772461 0.337240 0.772461 0.339844 0.776367 0.350260 0.776367 0.352865 0.778320 0.358073 0.781250 0.360677 0.781250 0.367188 0.779297 0.369792 0.779297 0.372396 0.784180 0.372396 0.785156 0.371094 0.790039 0.369792 0.802734 0.359375 0.803711 0.356771 0.803711 0.348958 0.804688 0.347656 0.804688 0.330729 0.798828 0.319010 0.791992 0.309896 0.785156 0.304688 0.781250 0.299479 0.777344 0.296875 0.774414 0.296875 0.771484 0.294271 0.766602 0.295573 0.765625 0.296875 0.760742 0.296875 0.755859 0.300781
0 0.865234 0.268229 0.841797 0.274740 0.837891 0.279948 0.836914 0.286458 0.833984 0.289062 0.835938 0.291667 0.835938 0.302083 0.833008 0.305990 0.832031 0.316406 0.835938 0.326823 0.835938 0.333333 0.834961 0.334635 0.837891 0.342448 0.845703 0.342448 0.848633 0.338542 0.850586 0.339844 0.852539 0.345052 0.851562 0.348958 0.852539 0.359375 0.855469 0.363281 0.860352 0.363281 0.861328 0.361979 0.865234 0.361979 0.868164 0.359375 0.873047 0.359375 0.880859 0.354167 0.897461 0.334635 0.900391 0.329427 0.902344 0.321615 0.902344 0.311198 0.901367 0.308594 0.892578 0.300781 0.882812 0.286458 0.874023 0.278646
