0 0.086914 0.369792 0.084961 0.378906 0.079102 0.390625 0.074219 0.408854 0.074219 0.423177 0.082031 0.437500 0.084961 0.449219 0.087891 0.453125 0.095703 0.458333 0.107422 0.463542 0.123047 0.463542 0.130859 0.459635 0.137695 0.450521 0.137695 0.441406 0.136719 0.440104 0.137695 0.438802 0.137695 0.419271 0.129883 0.399740 0.125000 0.391927 0.120117 0.373698 0.117188 0.371094 0.105469 0.371094 0.098633 0.367188 0.092773 0.367188 0.091797 0.365885
0 0.175781 0.312500 0.162109 0.309896 0.149414 0.313802 0.133789 0.313802 0.130859 0.317708 0.129883 0.328125 0.124023 0.335938 0.120117 0.346354 0.121094 0.347656 0.120117 0.361979 0.121094 0.363281 0.121094 0.372396 0.123047 0.380208 0.127930 0.391927 0.134766 0.402344 0.143555 0.402344 0.144531 0.401042 0.172852 0.402344 0.180664 0.398438 0.179688 0.391927 0.181641 0.390625 0.182617 0.385417 0.187500 0.375000 0.187500 0.343750 0.183594 0.335938 0.183594 0.329427 0.180664 0.326823 0.179688 0.320312
0 0.181641 0.492188 0.168945 0.479167 0.159180 0.475260 0.153320 0.470052 0.140625 0.470052 0.123047 0.479167 0.120117 0.488281 0.115234 0.496094 0.113281 0.502604 0.109375 0.507812 0.106445 0.518229 0.109375 0.527344 0.114258 0.533854 0.118164 0.544271 0.126953 0.557292 0.140625 0.554688 0.143555 0.552083 0.155273 0.549479 0.157227 0.546875 0.165039 0.542969 0.171875 0.542969 0.175781 0.539062 0.177734 0.539062 0.183594 0.532552 0.182617 0.527344 0.185547 0.518229 0.185547 0.505208
0 0.227539 0.398438 0.206055 0.397135 0.205078 0.395833 0.197266 0.397135 0.183594 0.411458 0.163086 0.428385 0.157227 0.442708 0.158203 0.450521 0.172852 0.470052 0.180664 0.477865 0.182617 0.477865 0.194336 0.486979 0.208984 0.485677 0.211914 0.483073 0.224609 0.481771 0.228516 0.479167 0.229492 0.475260 0.234375 0.467448 0.240234 0.445312 0.241211 0.429688 0.238281 0.417969 0.235352 0.416667 0.232422 0.412760 0.232422 0.403646 0.231445 0.402344 0.228516 0.403646
0 0.246094 0.315104 0.234375 0.321615 0.225586 0.329427 0.219727 0.337240 0.218750 0.345052 0.220703 0.352865 0.220703 0.360677 0.221680 0.361979 0.222656 0.372396 0.225586 0.378906 0.225586 0.381510 0.227539 0.386719 0.230469 0.389323 0.231445 0.395833 0.234375 0.399740 0.241211 0.403646 0.247070 0.404948 0.252930 0.411458 0.259766 0.411458 0.272461 0.403646 0.277344 0.395833 0.280273 0.394531 0.282227 0.388021 0.288086 0.376302 0.287109 0.375000 0.287109 0.371094 0.284180 0.367188 0.282227 0.360677 0.277344 0.352865 0.277344 0.350260 0.273438 0.343750 0.270508 0.334635 0.263672 0.324219 0.262695 0.320312 0.260742 0.317708 0.255859 0.315104
0 0.199219 0.540365 0.196289 0.540365 0.195312 0.539062 0.185547 0.540365 0.182617 0.542969 0.179688 0.542969 0.167969 0.548177 0.165039 0.552083 0.163086 0.552083 0.161133 0.554688 0.162109 0.555990 0.162109 0.559896 0.158203 0.567708 0.154297 0.579427 0.154297 0.600260 0.155273 0.601562 0.156250 0.610677 0.165039 0.628906 0.173828 0.628906 0.174805 0.627604 0.179688 0.627604 0.184570 0.625000 0.188477 0.625000 0.193359 0.622396 0.206055 0.619792 0.216797 0.608073 0.216797 0.604167 0.217773 0.602865 0.217773 0.583333 0.216797 0.582031 0.216797 0.576823 0.204102 0.546875
0 0.216797 0.490885 0.207031 0.505208 0.204102 0.511719 0.201172 0.524740 0.201172 0.539062 0.214844 0.565104 0.215820 0.569010 0.218750 0.571615 0.223633 0.571615 0.241211 0.579427 0.254883 0.578125 0.262695 0.571615 0.266602 0.570312 0.271484 0.563802 0.272461 0.557292 0.275391 0.550781 0.278320 0.548177 0.278320 0.542969 0.279297 0.541667 0.279297 0.531250 0.276367 0.527344 0.276367 0.520833 0.273438 0.514323 0.265625 0.506510 0.261719 0.498698 0.255859 0.490885 0.250977 0.486979 0.232422 0.485677
0 0.302734 0.408854 0.265625 0.411458 0.256836 0.416667 0.249023 0.428385 0.243164 0.451823 0.243164 0.458333 0.242188 0.459635 0.243164 0.460938 0.243164 0.466146 0.247070 0.475260 0.255859 0.486979 0.262695 0.492188 0.267578 0.498698 0.270508 0.500000 0.282227 0.500000 0.287109 0.497396 0.299805 0.496094 0.302734 0.494792 0.310547 0.486979 0.314453 0.479167 0.316406 0.472656 0.316406 0.457031 0.312500 0.446615 0.311523 0.436198 0.308594 0.432292 0.305664 0.419271 0.305664 0.414062
0 0.345703 0.347656 0.325195 0.347656 0.318359 0.355469 0.317383 0.359375 0.314453 0.361979 0.311523 0.367188 0.311523 0.369792 0.307617 0.375000 0.305664 0.384115 0.305664 0.404948 0.308594 0.415365 0.308594 0.424479 0.311523 0.432292 0.327148 0.440104 0.333008 0.440104 0.340820 0.436198 0.341797 0.433594 0.350586 0.423177 0.353516 0.411458 0.353516 0.407552 0.356445 0.399740 0.367188 0.386719 0.368164 0.381510 0.371094 0.378906 0.371094 0.373698 0.364258 0.359375 0.359375 0.359375 0.355469 0.356771 0.348633 0.348958
0 0.344727 0.274740 0.343750 0.283854 0.339844 0.295573 0.338867 0.308594 0.341797 0.313802 0.343750 0.325521 0.348633 0.334635 0.350586 0.346354 0.353516 0.350260 0.370117 0.358073 0.393555 0.358073 0.402344 0.346354 0.405273 0.345052 0.411133 0.337240 0.412109 0.333333 0.415039 0.329427 0.415039 0.312500 0.414062 0.311198 0.413086 0.299479 0.410156 0.290365 0.404297 0.281250 0.392578 0.276042 0.355469 0.274740 0.354492 0.273438 0.349609 0.273438 0.348633 0.274740 0.345703 0.273438
0 0.461914 0.158854 0.457031 0.160156 0.450195 0.165365 0.435547 0.186198 0.432617 0.187500 0.421875 0.200521 0.417969 0.210938 0.425781 0.236979 0.426758 0.252604 0.429688 0.260417 0.435547 0.263021 0.456055 0.279948 0.465820 0.282552 0.474609 0.282552 0.485352 0.278646 0.494141 0.266927 0.500000 0.255208 0.503906 0.251302 0.504883 0.240885 0.502930 0.234375 0.502930 0.208333 0.498047 0.186198 0.491211 0.171875 0.476562 0.161458
0 0.531250 0.121094 0.527344 0.123698 0.524414 0.123698 0.520508 0.127604 0.511719 0.151042 0.501953 0.170573 0.500000 0.177083 0.500000 0.188802 0.501953 0.194010 0.501953 0.197917 0.505859 0.207031 0.516602 0.216146 0.536133 0.223958 0.541016 0.221354 0.548828 0.220052 0.553711 0.216146 0.557617 0.209635 0.562500 0.207031 0.569336 0.195312 0.571289 0.179688 0.565430 0.158854 0.552734 0.128906 0.543945 0.123698 0.536133 0.121094
0 0.454102 0.282552 0.434570 0.295573 0.428711 0.303385 0.424805 0.311198 0.419922 0.330729 0.420898 0.332031 0.420898 0.338542 0.424805 0.352865 0.431641 0.356771 0.441406 0.358073 0.444336 0.360677 0.461914 0.365885 0.466797 0.361979 0.473633 0.351562 0.477539 0.351562 0.480469 0.354167 0.486328 0.354167 0.491211 0.346354 0.493164 0.337240 0.494141 0.324219 0.493164 0.322917 0.493164 0.315104 0.491211 0.307292 0.488281 0.302083 0.479492 0.298177 0.471680 0.287760 0.462891 0.286458 0.459961 0.283854
0 0.391602 0.361979 0.386719 0.365885 0.356445 0.402344 0.354492 0.408854 0.354492 0.414062 0.357422 0.424479 0.358398 0.434896 0.366211 0.446615 0.368164 0.447917 0.375977 0.447917 0.387695 0.454427 0.398438 0.454427 0.417969 0.445312 0.423828 0.437500 0.435547 0.403646 0.437500 0.395833 0.437500 0.389323 0.426758 0.371094 0.422852 0.371094 0.411133 0.365885 0.400391 0.365885 0.396484 0.361979
0 0.375977 0.458333 0.365234 0.453125 0.363281 0.454427 0.354492 0.454427 0.349609 0.457031 0.333008 0.460938 0.325195 0.470052 0.325195 0.472656 0.318359 0.484375 0.317383 0.492188 0.315430 0.497396 0.315430 0.518229 0.318359 0.529948 0.328125 0.544271 0.339844 0.548177 0.348633 0.544271 0.350586 0.541667 0.363281 0.533854 0.365234 0.533854 0.367188 0.531250 0.375977 0.526042 0.378906 0.522135 0.381836 0.506510 0.381836 0.501302 0.386719 0.492188 0.386719 0.483073 0.384766 0.472656
0 0.315430 0.532552 0.308594 0.533854 0.300781 0.541667 0.297852 0.542969 0.289062 0.542969 0.285156 0.546875 0.281250 0.559896 0.281250 0.592448 0.280273 0.593750 0.281250 0.615885 0.287109 0.626302 0.297852 0.634115 0.301758 0.635417 0.306641 0.632812 0.315430 0.631510 0.328125 0.625000 0.330078 0.622396 0.333008 0.622396 0.337891 0.615885 0.340820 0.604167 0.341797 0.574219 0.340820 0.571615 0.337891 0.574219 0.335938 0.571615 0.333984 0.559896 0.329102 0.554688 0.326172 0.548177 0.321289 0.544271 0.317383 0.533854
0 0.277344 0.593750 0.268555 0.588542 0.250977 0.588542 0.250000 0.587240 0.243164 0.588542 0.235352 0.595052 0.234375 0.600260 0.218750 0.622396 0.215820 0.630208 0.212891 0.634115 0.212891 0.648438 0.216797 0.664062 0.226562 0.675781 0.230469 0.684896 0.234375 0.684896 0.237305 0.680990 0.244141 0.678385 0.246094 0.679688 0.263672 0.679688 0.270508 0.675781 0.279297 0.662760 0.281250 0.656250 0.281250 0.647135 0.283203 0.644531 0.286133 0.648438 0.288086 0.643229 0.288086 0.639323 0.286133 0.630208 0.281250 0.621094 0.279297 0.614583 0.279297 0.609375 0.278320 0.608073 0.279297 0.596354
0 0.214844 0.703125 0.210938 0.709635 0.210938 0.714844 0.208984 0.718750 0.205078 0.735677 0.204102 0.759115 0.207031 0.768229 0.211914 0.773438 0.213867 0.772135 0.221680 0.772135 0.224609 0.776042 0.228516 0.777344 0.232422 0.781250 0.238281 0.782552 0.250977 0.790365 0.256836 0.789062 0.265625 0.779948 0.270508 0.777344 0.268555 0.772135 0.271484 0.766927 0.272461 0.750000 0.275391 0.746094 0.275391 0.736979 0.272461 0.729167 0.271484 0.722656 0.268555 0.718750 0.267578 0.714844 0.263672 0.710938 0.250977 0.709635 0.245117 0.704427 0.243164 0.704427 0.240234 0.700521 0.233398 0.696615 0.227539 0.696615 0.219727 0.701823
0 0.305664 0.709635 0.304688 0.710938 0.305664 0.714844 0.294922 0.723958 0.290039 0.734375 0.286133 0.748698 0.286133 0.753906 0.283203 0.766927 0.283203 0.774740 0.281250 0.782552 0.285156 0.787760 0.289062 0.796875 0.297852 0.807292 0.303711 0.807292 0.311523 0.803385 0.317383 0.803385 0.318359 0.802083 0.319336 0.803385 0.330078 0.802083 0.333984 0.804688 0.337891 0.804688 0.343750 0.792969 0.343750 0.786458 0.347656 0.774740 0.344727 0.764323 0.344727 0.751302 0.335938 0.736979 0.335938 0.734375 0.333008 0.729167 0.324219 0.723958 0.320312 0.718750 0.316406 0.716146 0.312500 0.709635 0.310547 0.708333
0 0.331055 0.634115 0.330078 0.635417 0.327148 0.635417 0.322266 0.639323 0.316406 0.645833 0.311523 0.653646 0.307617 0.665365 0.306641 0.674479 0.305664 0.675781 0.305664 0.680990 0.306641 0.682292 0.306641 0.697917 0.307617 0.700521 0.319336 0.714844 0.319336 0.716146 0.330078 0.725260 0.336914 0.725260 0.337891 0.726562 0.338867 0.725260 0.345703 0.725260 0.354492 0.721354 0.356445 0.718750 0.359375 0.717448 0.366211 0.705729 0.363281 0.694010 0.362305 0.669271 0.360352 0.667969 0.359375 0.664062 0.360352 0.658854 0.350586 0.641927 0.350586 0.638021 0.349609 0.636719 0.342773 0.635417 0.341797 0.634115
0 0.416016 0.753906 0.411133 0.756510 0.407227 0.752604 0.406250 0.756510 0.403320 0.757812 0.400391 0.755208 0.385742 0.755208 0.380859 0.752604 0.375000 0.756510 0.369141 0.763021 0.364258 0.782552 0.364258 0.787760 0.361328 0.790365 0.360352 0.795573 0.362305 0.798177 0.363281 0.791667 0.364258 0.790365 0.366211 0.792969 0.365234 0.795573 0.365234 0.802083 0.366211 0.803385 0.365234 0.805990 0.365234 0.819010 0.368164 0.825521 0.374023 0.833333 0.391602 0.843750 0.394531 0.843750 0.403320 0.838542 0.411133 0.828125 0.416016 0.824219 0.423828 0.812500 0.427734 0.809896 0.433594 0.794271 0.434570 0.783854 0.432617 0.779948 0.432617 0.776042 0.426758 0.768229 0.423828 0.766927 0.424805 0.763021
0 0.454102 0.794271 0.454102 0.800781 0.452148 0.803385 0.452148 0.808594 0.451172 0.809896 0.446289 0.809896 0.442383 0.807292 0.437500 0.807292 0.435547 0.809896 0.430664 0.811198 0.427734 0.813802 0.424805 0.819010 0.422852 0.819010 0.413086 0.829427 0.398438 0.850260 0.399414 0.855469 0.412109 0.872396 0.416016 0.873698 0.424805 0.882812 0.433594 0.882812 0.435547 0.884115 0.442383 0.881510 0.446289 0.877604 0.449219 0.877604 0.454102 0.875000 0.461914 0.864583 0.469727 0.846354 0.467773 0.822917 0.463867 0.816406 0.459961 0.803385 0.454102 0.796875
0 0.435547 0.621094 0.433594 0.621094 0.430664 0.617188 0.418945 0.615885 0.407227 0.626302 0.399414 0.627604 0.391602 0.632812 0.380859 0.634115 0.376953 0.641927 0.366211 0.683594 0.367188 0.694010 0.375977 0.704427 0.389648 0.712240 0.406250 0.713542 0.416016 0.707031 0.430664 0.690104 0.438477 0.674479 0.438477 0.667969 0.436523 0.661458 0.437500 0.645833 0.430664 0.641927 0.434570 0.640625 0.435547 0.638021 0.430664 0.636719 0.423828 0.625000 0.417969 0.623698 0.416016 0.621094 0.417969 0.618490 0.428711 0.617188 0.430664 0.622396 0.435547 0.623698
0 0.364258 0.542969 0.357422 0.548177 0.352539 0.554688 0.345703 0.574219 0.345703 0.584635 0.355469 0.601562 0.375000 0.627604 0.382812 0.631510 0.391602 0.630208 0.411133 0.617188 0.418945 0.605469 0.421875 0.595052 0.421875 0.578125 0.418945 0.562500 0.411133 0.553385 0.407227 0.552083 0.399414 0.542969 0.391602 0.539062 0.375977 0.539062
0 0.438477 0.450521 0.429688 0.449219 0.428711 0.447917 0.425781 0.449219 0.414062 0.449219 0.412109 0.450521 0.405273 0.459635 0.398438 0.476562 0.389648 0.492188 0.382812 0.511719 0.383789 0.518229 0.388672 0.526042 0.394531 0.528646 0.400391 0.537760 0.406250 0.540365 0.408203 0.542969 0.420898 0.542969 0.423828 0.544271 0.435547 0.537760 0.443359 0.529948 0.448242 0.527344 0.452148 0.522135 0.452148 0.483073 0.450195 0.476562 0.452148 0.470052 0.450195 0.464844 0.447266 0.470052 0.445312 0.467448 0.446289 0.459635 0.442383 0.457031
0 0.481445 0.355469 0.475586 0.354167 0.461914 0.368490 0.442383 0.393229 0.434570 0.412760 0.435547 0.429688 0.440430 0.436198 0.445312 0.447917 0.451172 0.455729 0.458008 0.458333 0.468750 0.457031 0.469727 0.455729 0.478516 0.454427 0.483398 0.451823 0.486328 0.447917 0.495117 0.445312 0.500000 0.438802 0.501953 0.432292 0.508789 0.419271 0.510742 0.407552 0.509766 0.406250 0.509766 0.399740 0.505859 0.388021 0.502930 0.384115 0.498047 0.372396 0.494141 0.369792 0.489258 0.369792 0.485352 0.364583 0.484375 0.359375
0 0.548828 0.225260 0.542969 0.227865 0.537109 0.227865 0.533203 0.230469 0.524414 0.231771 0.520508 0.236979 0.511719 0.253906 0.508789 0.256510 0.504883 0.266927 0.504883 0.286458 0.506836 0.294271 0.515625 0.307292 0.530273 0.321615 0.539062 0.321615 0.540039 0.320312 0.543945 0.321615 0.544922 0.320312 0.552734 0.320312 0.556641 0.317708 0.559570 0.317708 0.562500 0.315104 0.564453 0.315104 0.570312 0.307292 0.574219 0.304688 0.578125 0.298177 0.578125 0.286458 0.579102 0.285156 0.578125 0.279948 0.575195 0.276042 0.568359 0.260417 0.555664 0.236979 0.553711 0.230469
0 0.625977 0.186198 0.615234 0.184896 0.614258 0.183594 0.612305 0.184896 0.607422 0.183594 0.606445 0.184896 0.582031 0.186198 0.576172 0.190104 0.572266 0.195312 0.566406 0.212240 0.566406 0.218750 0.565430 0.220052 0.566406 0.233073 0.565430 0.234375 0.565430 0.239583 0.567383 0.250000 0.574219 0.257812 0.576172 0.261719 0.576172 0.266927 0.577148 0.268229 0.582031 0.269531 0.586914 0.273438 0.611328 0.272135 0.614258 0.270833 0.625000 0.256510 0.628906 0.248698 0.630859 0.236979 0.635742 0.226562 0.636719 0.222656 0.635742 0.214844 0.637695 0.210938 0.637695 0.204427
0 0.682617 0.199219 0.662109 0.197917 0.658203 0.200521 0.649414 0.209635 0.638672 0.230469 0.638672 0.244792 0.634766 0.256510 0.635742 0.277344 0.642578 0.298177 0.649414 0.304688 0.657227 0.307292 0.661133 0.305990 0.667969 0.300781 0.676758 0.290365 0.686523 0.285156 0.695312 0.272135 0.697266 0.265625 0.700195 0.263021 0.703125 0.252604 0.699219 0.236979 0.697266 0.212240 0.692383 0.204427 0.686523 0.203125
0 0.589844 0.283854 0.582031 0.289062 0.578125 0.302083 0.572266 0.312500 0.571289 0.324219 0.570312 0.325521 0.571289 0.326823 0.570312 0.343750 0.576172 0.351562 0.578125 0.358073 0.581055 0.361979 0.582031 0.367188 0.587891 0.375000 0.595703 0.378906 0.610352 0.378906 0.615234 0.376302 0.625000 0.367188 0.630859 0.355469 0.635742 0.348958 0.636719 0.346354 0.636719 0.335938 0.631836 0.321615 0.628906 0.317708 0.621094 0.299479 0.618164 0.295573 0.617188 0.291667 0.611328 0.283854 0.608398 0.283854 0.607422 0.282552 0.605469 0.283854 0.601562 0.283854 0.600586 0.282552
0 0.528320 0.328125 0.517578 0.338542 0.506836 0.352865 0.503906 0.360677 0.505859 0.367188 0.505859 0.372396 0.510742 0.386719 0.511719 0.393229 0.513672 0.395833 0.515625 0.402344 0.525391 0.411458 0.532227 0.414062 0.543945 0.414062 0.547852 0.417969 0.551758 0.415365 0.556641 0.407552 0.566406 0.399740 0.576172 0.385417 0.578125 0.380208 0.577148 0.359375 0.574219 0.352865 0.568359 0.346354 0.555664 0.341146 0.547852 0.335938 0.544922 0.335938 0.533203 0.329427
0 0.696289 0.282552 0.691406 0.287760 0.688477 0.289062 0.669922 0.315104 0.665039 0.325521 0.665039 0.338542 0.666992 0.343750 0.666992 0.348958 0.670898 0.360677 0.681641 0.367188 0.688477 0.377604 0.697266 0.378906 0.698242 0.377604 0.708984 0.376302 0.709961 0.377604 0.716797 0.378906 0.720703 0.376302 0.729492 0.361979 0.729492 0.356771 0.734375 0.341146 0.732422 0.321615 0.730469 0.315104 0.730469 0.308594 0.729492 0.304688 0.724609 0.296875 0.721680 0.296875 0.716797 0.292969 0.714844 0.292969 0.700195 0.282552
0 0.634766 0.351562 0.628906 0.364583 0.625000 0.369792 0.623047 0.377604 0.616211 0.386719 0.616211 0.390625 0.615234 0.391927 0.618164 0.403646 0.618164 0.407552 0.622070 0.412760 0.625000 0.423177 0.627930 0.427083 0.636719 0.430990 0.648438 0.440104 0.656250 0.440104 0.659180 0.438802 0.664062 0.433594 0.670898 0.429688 0.673828 0.425781 0.680664 0.424479 0.684570 0.419271 0.686523 0.414062 0.687500 0.401042 0.688477 0.399740 0.688477 0.384115 0.687500 0.380208 0.682617 0.372396 0.675781 0.365885 0.667969 0.363281 0.650391 0.352865 0.640625 0.351562 0.639648 0.350260
0 0.602539 0.398438 0.590820 0.397135 0.589844 0.398438 0.583008 0.399740 0.573242 0.406250 0.567383 0.412760 0.563477 0.414062 0.559570 0.425781 0.557617 0.428385 0.555664 0.441406 0.553711 0.446615 0.553711 0.457031 0.561523 0.475260 0.572266 0.488281 0.582031 0.492188 0.594727 0.489583 0.603516 0.484375 0.610352 0.477865 0.614258 0.476562 0.617188 0.470052 0.617188 0.466146 0.622070 0.454427 0.624023 0.446615 0.624023 0.432292 0.623047 0.430990 0.623047 0.427083 0.617188 0.411458 0.610352 0.403646
0 0.531250 0.433594 0.516602 0.433594 0.515625 0.434896 0.512695 0.434896 0.500977 0.444010 0.495117 0.453125 0.491211 0.454427 0.487305 0.460938 0.487305 0.467448 0.485352 0.473958 0.485352 0.480469 0.482422 0.488281 0.482422 0.494792 0.486328 0.506510 0.491211 0.515625 0.501953 0.528646 0.508789 0.529948 0.512695 0.532552 0.518555 0.531250 0.528320 0.519531 0.541992 0.506510 0.547852 0.497396 0.549805 0.492188 0.550781 0.485677 0.552734 0.481771 0.552734 0.468750 0.550781 0.463542 0.549805 0.454427 0.539062 0.438802
0 0.469727 0.537760 0.465820 0.537760 0.463867 0.542969 0.470703 0.546875 0.474609 0.546875 0.475586 0.549479 0.474609 0.550781 0.465820 0.550781 0.461914 0.548177 0.457031 0.550781 0.450195 0.550781 0.446289 0.553385 0.445312 0.558594 0.436523 0.572917 0.431641 0.589844 0.432617 0.608073 0.435547 0.613281 0.440430 0.618490 0.442383 0.618490 0.461914 0.636719 0.468750 0.636719 0.474609 0.632812 0.490234 0.609375 0.493164 0.601562 0.494141 0.593750 0.496094 0.591146 0.494141 0.566406 0.490234 0.555990 0.481445 0.544271 0.474609 0.539062 0.470703 0.539062
0 0.468750 0.649740 0.461914 0.653646 0.448242 0.665365 0.443359 0.683594 0.443359 0.688802 0.441406 0.695312 0.441406 0.703125 0.446289 0.716146 0.449219 0.721354 0.454102 0.726562 0.463867 0.731771 0.476562 0.733073 0.477539 0.731771 0.481445 0.731771 0.490234 0.727865 0.498047 0.721354 0.500977 0.716146 0.503906 0.707031 0.503906 0.687500 0.502930 0.686198 0.502930 0.682292 0.500977 0.674479 0.491211 0.664062 0.489258 0.656250 0.475586 0.649740
0 0.507812 0.588542 0.502930 0.591146 0.501953 0.595052 0.490234 0.614583 0.487305 0.623698 0.487305 0.628906 0.486328 0.630208 0.485352 0.638021 0.492188 0.658854 0.495117 0.664062 0.503906 0.674479 0.505859 0.674479 0.509766 0.678385 0.514648 0.680990 0.527344 0.680990 0.534180 0.677083 0.536133 0.674479 0.541016 0.658854 0.541992 0.649740 0.546875 0.632812 0.546875 0.619792 0.545898 0.618490 0.544922 0.609375 0.539062 0.597656 0.534180 0.592448 0.531250 0.592448 0.529297 0.589844 0.527344 0.589844 0.524414 0.587240 0.511719 0.587240 0.510742 0.588542
0 0.558594 0.506510 0.551758 0.505208 0.550781 0.506510 0.543945 0.507812 0.537109 0.515625 0.529297 0.520833 0.516602 0.535156 0.512695 0.535156 0.509766 0.537760 0.507812 0.544271 0.507812 0.559896 0.508789 0.562500 0.511719 0.563802 0.514648 0.567708 0.515625 0.571615 0.524414 0.582031 0.530273 0.585938 0.535156 0.587240 0.537109 0.589844 0.545898 0.589844 0.552734 0.585938 0.568359 0.570312 0.570312 0.558594 0.575195 0.548177 0.575195 0.529948 0.569336 0.515625 0.566406 0.511719 0.564453 0.511719
0 0.470703 0.742188 0.467773 0.746094 0.462891 0.761719 0.462891 0.776042 0.464844 0.783854 0.464844 0.792969 0.466797 0.798177 0.471680 0.803385 0.477539 0.812500 0.483398 0.817708 0.486328 0.819010 0.493164 0.819010 0.502930 0.824219 0.506836 0.824219 0.508789 0.822917 0.518555 0.808594 0.523438 0.798177 0.524414 0.786458 0.521484 0.776042 0.519531 0.772135 0.508789 0.759115 0.507812 0.755208 0.501953 0.747396 0.500000 0.739583 0.494141 0.736979 0.485352 0.736979 0.484375 0.738281 0.480469 0.738281 0.477539 0.740885 0.472656 0.740885
0 0.490234 0.860677 0.489258 0.863281 0.490234 0.881510 0.494141 0.893229 0.497070 0.897135 0.498047 0.902344 0.500977 0.906250 0.501953 0.912760 0.504883 0.915365 0.506836 0.914062 0.514648 0.914062 0.528320 0.923177 0.537109 0.923177 0.541992 0.919271 0.543945 0.919271 0.549805 0.912760 0.553711 0.906250 0.555664 0.898438 0.558594 0.891927 0.558594 0.882812 0.555664 0.873698 0.551758 0.872396 0.548828 0.868490 0.541016 0.864583 0.533203 0.856771 0.531250 0.856771 0.519531 0.847656 0.508789 0.848958 0.505859 0.852865 0.501953 0.855469 0.497070 0.864583 0.493164 0.864583
0 0.561523 0.792969 0.556641 0.798177 0.555664 0.803385 0.556641 0.807292 0.556641 0.812500 0.555664 0.813802 0.556641 0.819010 0.556641 0.841146 0.559570 0.852865 0.570312 0.867188 0.572266 0.875000 0.582031 0.888021 0.587891 0.890625 0.599609 0.885417 0.606445 0.875000 0.614258 0.855469 0.616211 0.847656 0.622070 0.839844 0.623047 0.834635 0.619141 0.819010 0.611328 0.808594 0.610352 0.799479 0.593750 0.798177 0.581055 0.792969 0.569336 0.791667 0.568359 0.790365
0 0.629883 0.791667 0.625977 0.794271 0.625977 0.798177 0.622070 0.804688 0.622070 0.809896 0.620117 0.813802 0.622070 0.821615 0.622070 0.826823 0.624023 0.832031 0.624023 0.838542 0.623047 0.839844 0.624023 0.842448 0.633789 0.856771 0.638672 0.861979 0.641602 0.863281 0.648438 0.871094 0.654297 0.872396 0.660156 0.868490 0.662109 0.868490 0.666992 0.861979 0.667969 0.858073 0.673828 0.848958 0.681641 0.833333 0.682617 0.829427 0.690430 0.816406 0.690430 0.809896 0.685547 0.804688 0.682617 0.798177 0.673828 0.790365 0.664062 0.790365 0.661133 0.789062 0.659180 0.786458 0.646484 0.786458 0.645508 0.787760 0.636719 0.789062 0.633789 0.791667
0 0.513672 0.694010 0.509766 0.700521 0.509766 0.703125 0.506836 0.709635 0.506836 0.716146 0.504883 0.722656 0.503906 0.739583 0.502930 0.740885 0.504883 0.747396 0.508789 0.751302 0.517578 0.764323 0.527344 0.772135 0.536133 0.774740 0.537109 0.776042 0.540039 0.776042 0.541016 0.777344 0.548828 0.776042 0.554688 0.772135 0.558594 0.766927 0.559570 0.763021 0.559570 0.748698 0.560547 0.747396 0.560547 0.738281 0.561523 0.736979 0.561523 0.730469 0.562500 0.729167 0.562500 0.714844 0.563477 0.713542 0.563477 0.708333 0.559570 0.708333 0.551758 0.699219 0.536133 0.692708 0.533203 0.690104 0.527344 0.690104 0.518555 0.694010
0 0.571289 0.718750 0.569336 0.722656 0.569336 0.725260 0.566406 0.729167 0.565430 0.739583 0.564453 0.740885 0.563477 0.751302 0.562500 0.752604 0.563477 0.766927 0.566406 0.774740 0.572266 0.783854 0.580078 0.791667 0.585938 0.791667 0.586914 0.792969 0.594727 0.794271 0.595703 0.795573 0.599609 0.795573 0.600586 0.794271 0.615234 0.794271 0.617188 0.792969 0.621094 0.786458 0.623047 0.785156 0.625000 0.777344 0.625000 0.750000 0.624023 0.748698 0.624023 0.739583 0.622070 0.733073 0.622070 0.725260 0.618164 0.720052 0.607422 0.714844 0.590820 0.714844 0.585938 0.717448 0.580078 0.717448 0.576172 0.720052
0 0.704102 0.834635 0.705078 0.846354 0.713867 0.875000 0.729492 0.895833 0.735352 0.899740 0.742188 0.901042 0.749023 0.897135 0.761719 0.893229 0.771484 0.884115 0.775391 0.876302 0.775391 0.860677 0.774414 0.856771 0.771484 0.851562 0.770508 0.846354 0.768555 0.843750 0.766602 0.837240 0.763672 0.834635 0.750977 0.843750 0.742188 0.855469 0.735352 0.854167 0.733398 0.851562 0.729492 0.850260 0.724609 0.845052 0.718750 0.843750 0.713867 0.838542 0.712891 0.834635
0 0.731445 0.753906 0.724609 0.760417 0.718750 0.761719 0.710938 0.769531 0.708984 0.776042 0.704102 0.783854 0.704102 0.792969 0.705078 0.794271 0.706055 0.803385 0.711914 0.815104 0.711914 0.819010 0.718750 0.838542 0.722656 0.843750 0.724609 0.843750 0.728516 0.847656 0.730469 0.847656 0.737305 0.852865 0.742188 0.852865 0.744141 0.851562 0.750000 0.842448 0.755859 0.838542 0.764648 0.826823 0.767578 0.820312 0.767578 0.816406 0.769531 0.811198 0.769531 0.802083 0.771484 0.796875 0.771484 0.787760 0.770508 0.783854 0.764648 0.774740 0.750000 0.759115 0.743164 0.756510 0.740234 0.753906
0 0.802734 0.735677 0.794922 0.750000 0.791016 0.755208 0.786133 0.757812 0.781250 0.763021 0.780273 0.766927 0.775391 0.772135 0.773438 0.777344 0.773438 0.796875 0.777344 0.808594 0.791016 0.826823 0.791992 0.834635 0.801758 0.842448 0.812500 0.843750 0.813477 0.842448 0.818359 0.842448 0.823242 0.835938 0.826172 0.834635 0.826172 0.830729 0.835938 0.813802 0.836914 0.803385 0.839844 0.799479 0.841797 0.789062 0.839844 0.779948 0.834961 0.773438 0.826172 0.755208 0.819336 0.746094 0.816406 0.744792 0.813477 0.740885
0 0.802734 0.669271 0.801758 0.674479 0.802734 0.674479 0.803711 0.670573 0.809570 0.669271 0.813477 0.673177 0.812500 0.675781 0.805664 0.682292 0.805664 0.703125 0.806641 0.704427 0.805664 0.712240 0.807617 0.720052 0.805664 0.723958 0.805664 0.730469 0.811523 0.736979 0.817383 0.739583 0.826172 0.748698 0.829102 0.748698 0.838867 0.753906 0.843750 0.753906 0.844727 0.755208 0.851562 0.748698 0.858398 0.744792 0.860352 0.738281 0.860352 0.730469 0.864258 0.721354 0.861328 0.692708 0.857422 0.687500 0.852539 0.688802 0.841797 0.677083 0.833008 0.675781 0.830078 0.673177 0.825195 0.674479 0.823242 0.671875 0.823242 0.669271 0.817383 0.664062 0.816406 0.665365 0.812500 0.665365 0.810547 0.662760 0.808594 0.666667
0 0.784180 0.666667 0.771484 0.667969 0.763672 0.671875 0.755859 0.680990 0.751953 0.683594 0.747070 0.683594 0.742188 0.688802 0.739258 0.690104 0.732422 0.700521 0.732422 0.708333 0.731445 0.709635 0.733398 0.716146 0.737305 0.720052 0.736328 0.731771 0.745117 0.746094 0.746094 0.751302 0.750000 0.756510 0.753906 0.759115 0.759766 0.759115 0.760742 0.757812 0.777344 0.759115 0.780273 0.757812 0.787109 0.751302 0.791992 0.748698 0.796875 0.740885 0.798828 0.734375 0.802734 0.729167 0.804688 0.721354 0.803711 0.716146 0.804688 0.713542 0.804688 0.700521 0.802734 0.695312 0.802734 0.690104 0.794922 0.678385 0.792969 0.678385 0.787109 0.671875 0.787109 0.669271
0 0.716797 0.700521 0.711914 0.703125 0.708984 0.697917 0.705078 0.696615 0.691406 0.696615 0.690430 0.695312 0.680664 0.695312 0.677734 0.694010 0.673828 0.697917 0.668945 0.697917 0.666016 0.701823 0.665039 0.708333 0.662109 0.714844 0.662109 0.718750 0.658203 0.727865 0.659180 0.748698 0.664062 0.765625 0.671875 0.776042 0.679688 0.783854 0.683594 0.786458 0.689453 0.783854 0.708984 0.764323 0.712891 0.763021 0.719727 0.757812 0.724609 0.756510 0.728516 0.750000 0.731445 0.738281 0.728516 0.721354 0.724609 0.710938
0 0.643555 0.635417 0.640625 0.635417 0.637695 0.638021 0.635742 0.636719 0.626953 0.636719 0.625977 0.638021 0.618164 0.639323 0.613281 0.647135 0.613281 0.649740 0.606445 0.664062 0.605469 0.669271 0.602539 0.673177 0.598633 0.687500 0.601562 0.695312 0.605469 0.697917 0.616211 0.712240 0.623047 0.718750 0.625977 0.723958 0.631836 0.729167 0.633789 0.733073 0.637695 0.735677 0.641602 0.734375 0.643555 0.731771 0.645508 0.731771 0.648438 0.729167 0.650391 0.729167 0.657227 0.721354 0.658203 0.716146 0.663086 0.705729 0.664062 0.695312 0.666992 0.688802 0.666992 0.678385 0.661133 0.664062 0.660156 0.658854 0.647461 0.640625 0.647461 0.638021
0 0.575195 0.572917 0.567383 0.579427 0.559570 0.592448 0.555664 0.608073 0.552734 0.614583 0.550781 0.627604 0.551758 0.631510 0.559570 0.643229 0.570312 0.654948 0.586914 0.670573 0.591797 0.670573 0.607422 0.653646 0.609375 0.643229 0.614258 0.634115 0.615234 0.623698 0.618164 0.619792 0.619141 0.606771 0.615234 0.596354 0.607422 0.589844 0.607422 0.584635 0.603516 0.585938 0.606445 0.589844 0.603516 0.596354 0.602539 0.593750 0.597656 0.591146 0.595703 0.583333 0.586914 0.584635 0.582031 0.582031 0.576172 0.582031 0.575195 0.580729 0.576172 0.578125 0.578125 0.578125 0.580078 0.575521 0.583984 0.575521 0.583984 0.574219
0 0.686523 0.558594 0.675781 0.559896 0.664062 0.569010 0.647461 0.574219 0.648438 0.580729 0.647461 0.582031 0.647461 0.595052 0.646484 0.596354 0.646484 0.621094 0.648438 0.625000 0.648438 0.630208 0.652344 0.640625 0.652344 0.643229 0.656250 0.649740 0.659180 0.651042 0.662109 0.654948 0.673828 0.657552 0.674805 0.656250 0.681641 0.656250 0.684570 0.653646 0.686523 0.653646 0.697266 0.644531 0.709961 0.625000 0.710938 0.621094 0.710938 0.608073 0.709961 0.606771 0.709961 0.595052 0.708008 0.585938 0.704102 0.578125 0.696289 0.570312 0.691406 0.562500
0 0.714844 0.595052 0.714844 0.604167 0.713867 0.605469 0.714844 0.610677 0.713867 0.626302 0.710938 0.632812 0.711914 0.636719 0.718750 0.644531 0.719727 0.648438 0.729492 0.660156 0.740234 0.666667 0.762695 0.667969 0.771484 0.662760 0.778320 0.653646 0.779297 0.640625 0.778320 0.639323 0.778320 0.628906 0.777344 0.627604 0.777344 0.614583 0.779297 0.610677 0.779297 0.600260 0.775391 0.593750 0.768555 0.589844 0.763672 0.583333 0.751953 0.575521 0.741211 0.575521 0.742188 0.579427 0.740234 0.582031 0.736328 0.582031 0.732422 0.585938 0.725586 0.587240
0 0.864258 0.587240 0.861328 0.588542 0.859375 0.587240 0.853516 0.587240 0.852539 0.588542 0.846680 0.588542 0.845703 0.587240 0.844727 0.588542 0.841797 0.588542 0.832031 0.597656 0.827148 0.600260 0.823242 0.605469 0.821289 0.610677 0.821289 0.619792 0.822266 0.621094 0.821289 0.628906 0.822266 0.630208 0.822266 0.635417 0.818359 0.644531 0.818359 0.648438 0.833984 0.666667 0.839844 0.670573 0.854492 0.671875 0.868164 0.666667 0.874023 0.660156 0.878906 0.657552 0.880859 0.645833 0.882812 0.643229 0.887695 0.640625 0.889648 0.636719 0.886719 0.615885 0.882812 0.608073 0.882812 0.605469 0.878906 0.600260 0.877930 0.595052
0 0.862305 0.511719 0.855469 0.509115 0.833984 0.510417 0.831055 0.515625 0.826172 0.516927 0.816406 0.523438 0.812500 0.523438 0.806641 0.526042 0.798828 0.523438 0.795898 0.527344 0.795898 0.532552 0.792969 0.542969 0.795898 0.548177 0.795898 0.562500 0.797852 0.570312 0.801758 0.572917 0.808594 0.582031 0.809570 0.585938 0.812500 0.589844 0.815430 0.589844 0.823242 0.593750 0.832031 0.592448 0.848633 0.579427 0.862305 0.580729 0.864258 0.574219 0.872070 0.562500 0.872070 0.553385 0.870117 0.542969 0.866211 0.532552 0.866211 0.527344 0.868164 0.522135
0 0.632812 0.470052 0.624023 0.476562 0.614258 0.489583 0.611328 0.500000 0.611328 0.513021 0.612305 0.514323 0.614258 0.532552 0.625000 0.544271 0.627930 0.545573 0.634766 0.553385 0.648438 0.563802 0.651367 0.567708 0.659180 0.569010 0.669922 0.562500 0.682617 0.545573 0.686523 0.532552 0.686523 0.514323 0.685547 0.509115 0.680664 0.496094 0.670898 0.484375 0.663086 0.479167 0.657227 0.470052 0.654297 0.468750 0.650391 0.470052 0.642578 0.470052 0.641602 0.468750
0 0.748047 0.481771 0.744141 0.481771 0.743164 0.480469 0.742188 0.481771 0.736328 0.481771 0.731445 0.485677 0.724609 0.486979 0.719727 0.490885 0.712891 0.501302 0.708008 0.505208 0.703125 0.506510 0.700195 0.510417 0.700195 0.518229 0.698242 0.520833 0.698242 0.526042 0.697266 0.527344 0.698242 0.536458 0.713867 0.559896 0.730469 0.570312 0.740234 0.570312 0.744141 0.567708 0.755859 0.565104 0.758789 0.562500 0.759766 0.558594 0.763672 0.553385 0.768555 0.542969 0.774414 0.526042 0.773438 0.509115 0.766602 0.496094 0.763672 0.492188 0.759766 0.490885
0 0.713867 0.399740 0.702148 0.399740 0.692383 0.406250 0.689453 0.410156 0.686523 0.420573 0.680664 0.429688 0.677734 0.430990 0.672852 0.442708 0.675781 0.458333 0.675781 0.467448 0.679688 0.480469 0.684570 0.484375 0.688477 0.483073 0.694336 0.490885 0.696289 0.497396 0.701172 0.501302 0.708008 0.501302 0.714844 0.496094 0.722656 0.485677 0.724609 0.480469 0.738281 0.459635 0.745117 0.445312 0.745117 0.432292 0.741211 0.420573 0.736328 0.415365 0.727539 0.411458 0.718750 0.402344
0 0.774414 0.430990 0.771484 0.438802 0.759766 0.454427 0.758789 0.459635 0.761719 0.464844 0.757812 0.480469 0.760742 0.485677 0.764648 0.486979 0.767578 0.496094 0.772461 0.503906 0.780273 0.507812 0.791016 0.519531 0.795898 0.519531 0.796875 0.518229 0.799805 0.519531 0.819336 0.519531 0.827148 0.514323 0.832031 0.507812 0.832031 0.502604 0.837891 0.492188 0.838867 0.486979 0.838867 0.477865 0.831055 0.464844 0.830078 0.454427 0.827148 0.447917 0.820312 0.438802 0.814453 0.434896 0.791992 0.434896 0.791016 0.433594
0 0.787109 0.343750 0.783203 0.342448 0.751953 0.343750 0.750977 0.345052 0.737305 0.346354 0.735352 0.348958 0.734375 0.356771 0.730469 0.369792 0.730469 0.395833 0.735352 0.408854 0.750977 0.428385 0.758789 0.429688 0.768555 0.425781 0.786133 0.423177 0.804688 0.415365 0.809570 0.410156 0.809570 0.386719 0.803711 0.376302 0.802734 0.371094 0.797852 0.360677 0.792969 0.355469 0.790039 0.347656
